# unix_time, cycles_done, cur_path, paths_total, pending_total, pending_favs, map_size, unique_crashes, unique_hangs, max_depth, execs_per_sec
1571312292, 0, 0, 1, 1, 1, 3.59%, 0, 0, 1, 444.44
1571312297, 0, 0, 20, 20, 1, 3.82%, 0, 0, 2, 369.07
1571312303, 0, 0, 78, 78, 1, 4.07%, 0, 1, 2, 68.55
1571312308, 0, 0, 107, 107, 1, 4.31%, 24, 2, 2, 70.32
1571312313, 0, 0, 169, 169, 1, 4.64%, 31, 2, 2, 34.38
1571312319, 0, 0, 189, 189, 1, 4.69%, 31, 2, 2, 414.28
1571312334, 0, 0, 235, 235, 1, 4.77%, 31, 2, 2, 512.54
1571312339, 0, 0, 273, 273, 1, 4.81%, 31, 2, 2, 465.31
1571312344, 0, 0, 274, 274, 1, 4.82%, 31, 2, 2, 462.59
1571312349, 0, 0, 288, 288, 1, 4.85%, 31, 2, 2, 458.71
1571314452, 0, 0, 305, 305, 1, 4.89%, 32, 2, 2, 408.52
1571314457, 0, 0, 317, 317, 1, 4.91%, 35, 2, 2, 394.89
1571314462, 0, 0, 322, 322, 1, 4.93%, 40, 4, 2, 294.45
1571314467, 0, 0, 341, 341, 1, 4.95%, 40, 4, 2, 367.59
1571314472, 0, 0, 342, 342, 1, 4.95%, 40, 4, 2, 393.65
1571314487, 0, 0, 348, 348, 1, 4.96%, 40, 4, 2, 394.94
1571314492, 0, 0, 359, 359, 1, 4.96%, 40, 4, 2, 399.98
1571314503, 0, 0, 362, 362, 1, 4.97%, 40, 4, 2, 399.55
1571316569, 0, 0, 363, 363, 1, 4.98%, 40, 4, 2, 442.53
1571316574, 0, 0, 366, 366, 1, 4.98%, 40, 4, 2, 394.83
1571316579, 0, 0, 370, 370, 1, 4.99%, 43, 4, 2, 496.70
1571316584, 0, 0, 382, 382, 1, 5.00%, 43, 4, 2, 456.95
1571316600, 0, 0, 383, 383, 1, 5.00%, 43, 4, 2, 452.11
1571316605, 0, 0, 390, 390, 1, 5.03%, 43, 4, 2, 451.74
1571316615, 0, 0, 391, 391, 1, 5.03%, 43, 4, 2, 453.60
1571318500, 0, 0, 394, 394, 1, 5.05%, 43, 4, 2, 451.44
1571318505, 0, 0, 395, 395, 1, 5.06%, 43, 4, 2, 453.31
1571318742, 0, 0, 405, 405, 1, 5.08%, 49, 4, 2, 442.08
1571318747, 0, 0, 411, 411, 1, 5.09%, 50, 6, 2, 420.86
1571318752, 0, 0, 417, 417, 1, 5.09%, 50, 6, 2, 48.23
1571318757, 0, 0, 422, 422, 1, 5.11%, 50, 6, 2, 484.21
1571318762, 0, 0, 423, 423, 1, 5.11%, 50, 6, 2, 464.09
1571318768, 0, 0, 429, 429, 1, 5.13%, 50, 6, 2, 470.64
1571318773, 0, 0, 430, 430, 1, 5.13%, 50, 6, 2, 458.58
1571318778, 0, 0, 432, 432, 1, 5.14%, 50, 6, 2, 451.09
1571318783, 0, 0, 433, 433, 1, 5.14%, 52, 6, 2, 474.39
1571318788, 0, 0, 435, 435, 1, 5.14%, 59, 6, 2, 471.37
1571318793, 0, 0, 435, 435, 1, 5.14%, 65, 6, 2, 538.91
1571318798, 0, 0, 441, 441, 1, 5.40%, 67, 6, 2, 294.40
1571318803, 0, 0, 443, 443, 1, 5.42%, 67, 6, 2, 409.37
1571318808, 0, 0, 445, 445, 1, 5.42%, 67, 6, 2, 398.48
1571318813, 0, 0, 451, 451, 1, 5.42%, 67, 6, 2, 399.38
1571318927, 0, 0, 456, 456, 1, 5.42%, 67, 6, 2, 446.72
1571318932, 0, 0, 457, 457, 1, 5.42%, 67, 6, 2, 428.91
1571318947, 0, 0, 462, 462, 1, 5.43%, 67, 6, 2, 470.52
1571318952, 0, 0, 464, 464, 1, 5.44%, 67, 6, 2, 450.11
1571318968, 0, 0, 468, 468, 1, 5.44%, 67, 6, 2, 432.75
1571319004, 0, 0, 470, 470, 1, 5.44%, 67, 6, 2, 480.37
1571319014, 0, 0, 472, 472, 1, 5.44%, 67, 8, 2, 292.40
1571319019, 0, 0, 472, 472, 1, 5.44%, 75, 8, 2, 557.36
1571319024, 0, 0, 473, 473, 1, 5.44%, 75, 8, 2, 505.06
1571319029, 0, 0, 477, 477, 1, 5.44%, 75, 8, 2, 475.81
1571319045, 0, 0, 478, 478, 1, 5.44%, 75, 8, 2, 459.61
1571319112, 0, 0, 480, 480, 1, 5.44%, 75, 8, 2, 459.10
1571319117, 0, 0, 482, 482, 1, 5.45%, 75, 8, 2, 325.32
1571319122, 0, 0, 483, 483, 1, 5.45%, 75, 8, 2, 428.18
1571319127, 0, 0, 484, 484, 1, 5.45%, 75, 8, 2, 449.94
1571319163, 0, 0, 485, 485, 1, 5.46%, 75, 8, 2, 456.69
1571319209, 0, 0, 486, 486, 1, 5.46%, 75, 8, 2, 456.51
1571319214, 0, 0, 488, 488, 1, 5.46%, 75, 8, 2, 483.84
1571319219, 0, 0, 489, 489, 1, 5.47%, 75, 8, 2, 461.08
1571319224, 0, 0, 491, 491, 1, 5.47%, 75, 8, 2, 457.43
1571319235, 0, 0, 494, 494, 1, 5.48%, 75, 8, 2, 403.96
1571319240, 0, 0, 496, 496, 1, 5.48%, 76, 9, 2, 468.50
1571319250, 0, 0, 500, 500, 1, 5.48%, 76, 9, 2, 450.02
1571319255, 0, 0, 502, 502, 1, 5.50%, 76, 9, 2, 473.28
1571319260, 0, 0, 504, 504, 1, 5.50%, 76, 9, 2, 467.84
1571319265, 0, 0, 506, 506, 1, 5.50%, 77, 9, 2, 445.12
1571319270, 0, 0, 506, 506, 1, 5.50%, 81, 9, 2, 529.40
1571319276, 0, 0, 513, 513, 1, 5.65%, 81, 9, 2, 464.18
1571319281, 0, 0, 516, 516, 1, 5.65%, 81, 9, 2, 455.25
1571319317, 0, 0, 521, 521, 1, 5.65%, 81, 9, 2, 465.60
1571319322, 0, 0, 524, 524, 1, 5.65%, 81, 9, 2, 458.84
1571319342, 0, 0, 530, 530, 1, 6.81%, 81, 9, 2, 64.75
1571319347, 0, 0, 534, 534, 1, 6.81%, 81, 9, 2, 388.86
1571319352, 0, 0, 537, 537, 1, 6.81%, 83, 9, 2, 455.84
1571319358, 0, 0, 539, 539, 1, 6.81%, 83, 9, 2, 469.87
1571319368, 0, 0, 547, 547, 1, 6.83%, 84, 9, 2, 481.30
1571319373, 0, 0, 547, 547, 1, 6.83%, 85, 9, 2, 439.57
1571319378, 0, 0, 550, 550, 1, 6.84%, 88, 9, 2, 464.66
1571319383, 0, 0, 552, 552, 1, 6.84%, 88, 9, 2, 427.69
1571319388, 0, 0, 561, 561, 1, 6.84%, 88, 9, 2, 443.76
1571319393, 0, 0, 564, 564, 1, 6.84%, 88, 9, 2, 448.57
1571319465, 0, 0, 566, 566, 1, 6.84%, 88, 9, 2, 449.77
1571319470, 0, 0, 570, 570, 1, 6.84%, 88, 9, 2, 455.34
1571319476, 0, 0, 573, 573, 1, 6.84%, 88, 9, 2, 455.58
1571319517, 0, 0, 575, 575, 1, 6.85%, 88, 9, 2, 57.45
1571319522, 0, 0, 593, 593, 1, 6.89%, 90, 9, 2, 474.10
1571319527, 0, 0, 597, 597, 1, 6.89%, 91, 9, 2, 464.79
1571319532, 0, 0, 605, 605, 1, 6.91%, 92, 10, 2, 49.35
1571319537, 0, 0, 608, 608, 1, 6.97%, 98, 10, 2, 477.96
1571319542, 0, 0, 610, 610, 1, 6.97%, 101, 10, 2, 48.37
1571319547, 0, 0, 611, 611, 1, 6.97%, 102, 10, 2, 468.93
1571319552, 0, 0, 618, 618, 1, 7.02%, 107, 10, 2, 461.77
1571319604, 0, 0, 618, 618, 1, 7.02%, 108, 10, 2, 39.30
1571319610, 0, 0, 620, 620, 1, 7.02%, 108, 11, 2, 467.52
1571319620, 0, 0, 622, 622, 1, 7.02%, 108, 11, 2, 349.86
1571319630, 0, 0, 630, 630, 1, 7.04%, 108, 11, 2, 446.37
1571319650, 0, 0, 650, 650, 1, 7.04%, 112, 11, 2, 454.71
1571319656, 0, 0, 669, 669, 1, 7.05%, 119, 12, 2, 441.05
1571319661, 0, 0, 680, 680, 1, 7.05%, 124, 12, 2, 444.55
1571319666, 0, 0, 688, 688, 1, 7.06%, 126, 12, 2, 442.26
1571319671, 0, 0, 698, 698, 1, 7.06%, 128, 12, 2, 445.90
1571319676, 0, 0, 702, 702, 1, 7.06%, 130, 12, 2, 444.33
1571319681, 0, 0, 703, 703, 1, 7.06%, 132, 13, 2, 401.14
1571319686, 0, 0, 704, 704, 1, 7.06%, 132, 13, 2, 428.82
1571319691, 0, 0, 707, 707, 1, 7.07%, 133, 13, 2, 437.27
1571319697, 0, 0, 709, 709, 1, 7.07%, 133, 14, 2, 455.13
1571319702, 0, 0, 711, 711, 1, 7.07%, 133, 15, 2, 440.64
1571319707, 0, 0, 714, 714, 1, 7.07%, 134, 15, 2, 436.21
1571319712, 0, 0, 715, 715, 1, 7.07%, 134, 15, 2, 429.05
1571319717, 0, 0, 717, 717, 1, 7.07%, 134, 16, 2, 354.09
1571319722, 0, 0, 719, 719, 1, 7.07%, 136, 16, 2, 422.60
1571319727, 0, 0, 719, 719, 1, 7.07%, 139, 16, 2, 433.78
1571319732, 0, 4, 720, 719, 225, 7.07%, 139, 16, 2, 476.92
1571319737, 0, 4, 721, 720, 225, 7.08%, 139, 16, 3, 691.59
1571319742, 0, 4, 722, 721, 225, 7.08%, 139, 16, 3, 695.46
1571319758, 0, 4, 724, 723, 225, 7.08%, 139, 16, 3, 695.36
1571320162, 0, 4, 725, 724, 225, 7.08%, 139, 16, 3, 555.63
1571320167, 0, 4, 726, 725, 225, 7.08%, 139, 16, 3, 663.04
1571320587, 0, 4, 727, 726, 225, 7.09%, 139, 16, 3, 683.99
1571320602, 0, 4, 728, 727, 225, 7.10%, 139, 16, 3, 700.17
1571321063, 0, 4, 731, 730, 225, 7.10%, 139, 16, 3, 644.95
1571321068, 0, 4, 732, 731, 225, 7.10%, 139, 16, 3, 379.31
1571321073, 0, 4, 736, 735, 225, 7.10%, 139, 16, 3, 633.24
1571321079, 0, 4, 739, 738, 225, 7.11%, 139, 16, 3, 686.92
1571321160, 0, 4, 741, 740, 225, 7.11%, 139, 16, 3, 695.58
1571321344, 0, 4, 742, 741, 225, 7.11%, 139, 16, 3, 49.58
1571321349, 0, 7, 744, 742, 236, 7.12%, 139, 16, 3, 690.73
1571323874, 0, 7, 745, 743, 236, 7.12%, 139, 16, 3, 651.89
1571323981, 0, 7, 747, 745, 236, 7.14%, 139, 16, 3, 693.74
1571324115, 0, 7, 748, 746, 236, 7.14%, 139, 16, 3, 640.35
1571324151, 0, 7, 753, 751, 236, 7.18%, 139, 16, 3, 272.81
1571324156, 0, 7, 755, 753, 236, 7.19%, 139, 16, 3, 603.18
1571324223, 0, 7, 756, 754, 236, 7.19%, 139, 16, 3, 539.16
1571324279, 0, 7, 763, 761, 236, 7.21%, 139, 16, 3, 668.49
1571324284, 0, 7, 764, 762, 236, 7.21%, 139, 16, 3, 663.61
1571324289, 0, 7, 770, 768, 236, 7.22%, 139, 16, 3, 662.20
1571324294, 0, 7, 771, 769, 236, 7.22%, 139, 16, 3, 666.51
1571324300, 0, 7, 773, 771, 236, 7.22%, 139, 16, 3, 665.33
1571324305, 0, 7, 774, 772, 236, 7.22%, 139, 16, 3, 670.71
1571324310, 0, 7, 778, 776, 236, 7.22%, 139, 16, 3, 678.82
1571324315, 0, 9, 782, 779, 247, 7.22%, 139, 16, 3, 680.67
1571324320, 0, 16, 782, 776, 244, 7.22%, 139, 16, 3, 623.04
1571324331, 0, 16, 782, 776, 244, 7.22%, 140, 16, 3, 438.45
1571326257, 0, 16, 782, 776, 244, 7.22%, 141, 16, 3, 395.67
1571330943, 0, 16, 783, 777, 244, 7.22%, 141, 16, 3, 67.87
1571330954, 0, 16, 783, 777, 244, 7.22%, 142, 16, 3, 467.95
1571331117, 0, 16, 784, 778, 244, 7.22%, 142, 16, 3, 432.82
1571331241, 0, 16, 786, 780, 244, 7.22%, 142, 16, 3, 449.82
1571331246, 0, 16, 789, 783, 244, 7.22%, 143, 16, 3, 438.13
1571331257, 0, 16, 789, 783, 244, 7.22%, 144, 16, 3, 444.29
1571331272, 0, 16, 791, 785, 244, 7.22%, 145, 16, 3, 439.33
1571331277, 0, 16, 793, 787, 244, 7.22%, 145, 16, 3, 449.07
1571331287, 0, 16, 794, 788, 244, 7.22%, 145, 16, 3, 452.06
1571331297, 0, 16, 794, 788, 244, 7.22%, 146, 16, 3, 445.65
1571331302, 0, 16, 796, 790, 244, 7.22%, 147, 16, 3, 444.63
1571331308, 0, 16, 796, 790, 244, 7.22%, 148, 16, 3, 449.19
1571331313, 0, 16, 797, 791, 244, 7.22%, 148, 17, 3, 459.09
1571331318, 0, 20, 797, 789, 242, 7.22%, 148, 17, 3, 488.32
1571331328, 0, 20, 799, 791, 242, 7.23%, 152, 18, 3, 536.05
1571331333, 0, 20, 800, 792, 242, 7.23%, 152, 18, 3, 551.10
1571332334, 0, 20, 801, 793, 242, 7.23%, 152, 18, 3, 588.85
1571332947, 0, 20, 802, 794, 242, 7.23%, 152, 18, 3, 548.28
1571333086, 0, 20, 803, 795, 242, 7.23%, 152, 18, 3, 213.05
1571333297, 0, 20, 804, 796, 242, 7.23%, 152, 18, 3, 550.73
1571333308, 0, 20, 805, 797, 242, 7.23%, 152, 18, 3, 73.33
1571333318, 0, 20, 806, 798, 242, 7.23%, 152, 18, 3, 584.52
1571333421, 0, 20, 808, 800, 242, 7.23%, 152, 18, 3, 560.12
1571333426, 0, 20, 810, 802, 242, 7.23%, 152, 18, 3, 577.07
1571333436, 0, 20, 810, 802, 242, 7.23%, 153, 18, 3, 583.02
1571333446, 0, 20, 811, 803, 242, 7.23%, 153, 18, 3, 545.02
1571333492, 0, 20, 812, 804, 242, 7.23%, 153, 18, 3, 567.36
1571333507, 0, 20, 814, 806, 242, 7.23%, 154, 18, 3, 523.41
1571333512, 0, 20, 817, 809, 242, 7.23%, 157, 18, 3, 510.20
1571333517, 0, 20, 821, 813, 242, 7.23%, 158, 19, 3, 515.02
1571333523, 0, 20, 825, 817, 242, 7.24%, 161, 20, 3, 485.80
1571333528, 0, 20, 829, 821, 242, 7.24%, 162, 20, 3, 505.36
1571333533, 0, 20, 829, 821, 242, 7.24%, 163, 21, 3, 591.86
1571333538, 0, 20, 831, 823, 242, 7.24%, 164, 21, 3, 536.42
1571333543, 0, 20, 832, 824, 242, 7.24%, 167, 21, 3, 546.99
1571333548, 0, 20, 838, 830, 242, 7.24%, 169, 21, 3, 527.73
1571333553, 0, 20, 839, 831, 242, 7.24%, 170, 21, 3, 485.19
1571333559, 0, 20, 839, 831, 242, 7.24%, 170, 22, 3, 523.85
1571333564, 0, 20, 839, 831, 242, 7.24%, 171, 22, 3, 518.46
1571333569, 0, 20, 840, 832, 242, 7.24%, 171, 22, 3, 507.95
1571333574, 0, 20, 842, 834, 242, 7.24%, 172, 23, 3, 541.17
1571333579, 0, 32, 842, 832, 244, 7.24%, 172, 23, 3, 537.10
1571333584, 0, 34, 842, 831, 243, 7.24%, 172, 23, 3, 477.92
1571333589, 0, 57, 842, 829, 241, 7.24%, 172, 23, 3, 465.05
1571333594, 0, 65, 842, 828, 240, 7.24%, 172, 23, 3, 462.01
1571333599, 0, 102, 842, 826, 238, 7.24%, 172, 23, 3, 470.18
1571333605, 0, 117, 842, 824, 236, 7.24%, 172, 23, 3, 518.18
1571333610, 0, 120, 842, 823, 235, 7.24%, 172, 23, 3, 478.60
1571333615, 0, 121, 842, 822, 234, 7.24%, 172, 23, 3, 463.79
1571333620, 0, 123, 842, 820, 232, 7.24%, 172, 23, 3, 462.59
1571333625, 0, 130, 842, 819, 231, 7.24%, 172, 23, 3, 463.40
1571333630, 0, 139, 842, 817, 229, 7.24%, 172, 23, 3, 554.72
1571333635, 0, 165, 842, 815, 227, 7.24%, 172, 23, 3, 493.54
1571333640, 0, 192, 842, 813, 225, 7.24%, 172, 23, 3, 555.33
1571333645, 0, 195, 842, 811, 223, 7.24%, 172, 23, 3, 62.20
1571333671, 0, 201, 842, 809, 222, 7.24%, 172, 23, 3, 545.61
1571335238, 0, 201, 843, 810, 222, 7.24%, 172, 23, 3, 550.82
1571335305, 0, 201, 844, 811, 222, 7.24%, 172, 23, 3, 539.16
1571335356, 0, 201, 847, 814, 222, 7.24%, 172, 23, 3, 218.14
1571335443, 0, 201, 848, 815, 222, 7.24%, 172, 23, 3, 565.20
1571335494, 0, 201, 849, 816, 222, 7.24%, 172, 23, 3, 529.50
1571335723, 0, 201, 849, 816, 222, 7.24%, 173, 23, 3, 574.30
1571335820, 0, 201, 849, 816, 222, 7.24%, 174, 23, 3, 574.03
1571335825, 0, 201, 850, 817, 222, 7.24%, 174, 23, 3, 566.60
1571335830, 0, 201, 852, 819, 222, 7.24%, 174, 23, 3, 564.63
1571335892, 0, 201, 853, 820, 222, 7.24%, 174, 23, 3, 546.09
1571335907, 0, 203, 853, 819, 222, 7.24%, 174, 23, 3, 511.86
1571335912, 0, 252, 853, 817, 220, 7.24%, 174, 23, 3, 537.16
1571335917, 0, 263, 853, 815, 218, 7.24%, 174, 23, 3, 534.36
1571341966, 0, 263, 854, 816, 218, 7.24%, 174, 23, 3, 440.42
1571342566, 0, 263, 854, 816, 218, 7.24%, 175, 23, 3, 492.37
1571342735, 0, 263, 854, 816, 218, 7.24%, 176, 23, 3, 481.71
1571342756, 0, 263, 854, 816, 218, 7.24%, 177, 23, 3, 556.44
1571342874, 0, 273, 854, 815, 215, 7.24%, 177, 23, 3, 457.42
1571342879, 0, 282, 854, 812, 212, 7.24%, 177, 23, 3, 557.00
1571342884, 0, 284, 854, 811, 211, 7.24%, 177, 23, 3, 49.45
1571342894, 0, 284, 855, 812, 211, 7.24%, 177, 23, 3, 425.54
1571342920, 0, 284, 857, 814, 211, 7.24%, 177, 23, 3, 449.41
1571344854, 0, 284, 858, 815, 211, 7.24%, 177, 23, 3, 452.44
1571344859, 0, 284, 859, 816, 211, 7.24%, 177, 23, 3, 451.83
1571349435, 0, 284, 860, 817, 211, 7.24%, 177, 23, 3, 483.37
1571349507, 0, 284, 860, 817, 211, 7.24%, 178, 23, 3, 468.53
1571349662, 0, 284, 860, 817, 211, 7.24%, 179, 23, 3, 483.22
1571349672, 0, 284, 861, 818, 211, 7.24%, 179, 23, 3, 396.57
1571349682, 0, 284, 861, 818, 211, 7.24%, 180, 23, 3, 56.45
1571349692, 0, 284, 862, 819, 211, 7.24%, 180, 23, 3, 463.21
1571349770, 0, 284, 864, 821, 211, 7.24%, 180, 23, 3, 466.63
1571349785, 0, 285, 864, 820, 210, 7.24%, 180, 23, 3, 457.09
1571349790, 0, 301, 864, 818, 208, 7.24%, 180, 23, 3, 523.83
1571349795, 0, 304, 864, 817, 207, 7.24%, 180, 23, 3, 474.98
1571349800, 0, 311, 864, 816, 206, 7.24%, 180, 23, 3, 50.73
1571349811, 0, 311, 874, 826, 206, 7.24%, 180, 23, 3, 476.15
1571349816, 0, 311, 875, 827, 206, 7.24%, 180, 23, 3, 449.79
1571351741, 0, 311, 875, 827, 206, 7.24%, 181, 23, 3, 420.94
1571351746, 0, 311, 877, 829, 206, 7.24%, 181, 23, 3, 473.71
1571351751, 0, 311, 878, 830, 206, 7.24%, 181, 23, 3, 451.98
1571353678, 0, 311, 879, 831, 206, 7.24%, 181, 23, 3, 487.93
1571353683, 0, 311, 881, 833, 206, 7.24%, 181, 23, 3, 454.57
1571355890, 0, 311, 886, 838, 206, 7.24%, 181, 23, 3, 549.94
1571355900, 0, 311, 888, 840, 206, 7.24%, 181, 23, 3, 375.14
1571356116, 0, 311, 889, 841, 206, 7.24%, 181, 23, 3, 441.92
1571356121, 0, 311, 890, 842, 206, 7.24%, 181, 23, 3, 450.21
1571356250, 0, 311, 891, 843, 206, 7.24%, 181, 23, 3, 495.78
1571356327, 0, 311, 892, 844, 206, 7.24%, 181, 23, 3, 450.80
1571356465, 0, 311, 893, 845, 206, 7.24%, 181, 23, 3, 429.85
1571356470, 0, 311, 893, 845, 206, 7.24%, 182, 23, 3, 443.33
1571356593, 0, 311, 894, 846, 206, 7.24%, 182, 23, 3, 470.98
1571356608, 0, 311, 895, 847, 206, 7.24%, 183, 23, 3, 53.10
1571356614, 0, 311, 897, 849, 206, 7.24%, 183, 23, 3, 66.67
1571356619, 0, 311, 898, 850, 206, 7.24%, 183, 23, 3, 437.13
1571356624, 0, 311, 899, 851, 206, 7.24%, 184, 23, 3, 465.98
1571356727, 0, 315, 899, 850, 208, 7.24%, 184, 23, 3, 448.08
1571356732, 0, 322, 899, 849, 207, 7.24%, 185, 23, 3, 458.01
1571356737, 0, 323, 899, 848, 206, 7.24%, 185, 23, 3, 460.40
1571356742, 0, 353, 899, 845, 203, 7.24%, 185, 23, 3, 531.53
1571356753, 0, 353, 902, 848, 203, 7.24%, 185, 23, 3, 454.07
1571356758, 0, 353, 905, 851, 203, 7.24%, 185, 23, 3, 492.13
1571356778, 0, 353, 906, 852, 203, 7.24%, 185, 23, 3, 452.27
1571356788, 0, 353, 907, 853, 203, 7.25%, 185, 23, 3, 461.78
1571357865, 0, 353, 908, 854, 203, 7.25%, 185, 23, 3, 498.80
1571357890, 0, 353, 909, 855, 203, 7.25%, 185, 23, 3, 467.41
1571358976, 0, 353, 910, 856, 203, 7.25%, 185, 23, 3, 468.14
1571358997, 0, 353, 911, 857, 203, 7.25%, 185, 23, 3, 466.44
1571360265, 0, 353, 912, 858, 203, 7.25%, 185, 23, 3, 374.45
1571360386, 0, 353, 913, 859, 203, 7.25%, 185, 23, 3, 423.05
1571360589, 0, 353, 914, 860, 203, 7.25%, 185, 23, 3, 496.02
1571360695, 0, 353, 915, 861, 203, 7.25%, 185, 23, 3, 489.52
1571360750, 0, 353, 916, 862, 203, 7.25%, 185, 23, 3, 69.00
1571360776, 0, 353, 917, 863, 203, 7.25%, 185, 23, 3, 493.08
1571360913, 0, 353, 917, 863, 203, 7.25%, 186, 23, 3, 475.99
1571360923, 0, 353, 918, 864, 203, 7.25%, 186, 23, 3, 466.15
1571361019, 0, 353, 919, 865, 203, 7.25%, 186, 23, 3, 467.69
1571361024, 0, 353, 920, 866, 203, 7.25%, 186, 23, 3, 461.87
1571361039, 0, 353, 922, 868, 203, 7.25%, 186, 23, 3, 455.82
1571361049, 0, 363, 922, 866, 204, 7.25%, 186, 23, 3, 524.75
1571364922, 0, 363, 923, 867, 204, 7.25%, 186, 23, 3, 452.92
1571367109, 0, 363, 927, 871, 204, 7.26%, 186, 23, 3, 481.93
1571367685, 0, 363, 928, 872, 204, 7.26%, 186, 23, 3, 461.07
1571367998, 0, 363, 929, 873, 204, 7.26%, 187, 23, 3, 452.36
1571368003, 0, 369, 929, 871, 205, 7.26%, 187, 23, 3, 515.63
1571368008, 0, 370, 929, 870, 204, 7.26%, 187, 23, 3, 482.37
1571368019, 0, 370, 929, 870, 204, 7.26%, 188, 24, 3, 57.62
1571368024, 0, 370, 929, 870, 204, 7.26%, 189, 24, 3, 451.02
1571374061, 0, 370, 929, 870, 204, 7.26%, 189, 25, 3, 55.27
1571374994, 0, 370, 930, 871, 204, 7.26%, 189, 25, 3, 440.65
1571375000, 0, 384, 930, 869, 203, 7.26%, 189, 25, 3, 530.41
1571379473, 0, 384, 931, 870, 203, 7.26%, 189, 25, 3, 507.09
1571379884, 0, 384, 932, 871, 203, 7.26%, 189, 25, 3, 534.68
1571379915, 0, 384, 932, 871, 203, 7.26%, 190, 25, 3, 574.39
1571380018, 0, 384, 933, 872, 203, 7.26%, 190, 25, 3, 541.70
1571380033, 0, 391, 933, 870, 202, 7.26%, 190, 25, 3, 519.38
1571380038, 0, 413, 933, 868, 200, 7.26%, 190, 25, 3, 494.36
1571380043, 0, 416, 933, 865, 197, 7.26%, 190, 25, 3, 646.35
1571380048, 0, 419, 933, 864, 196, 7.26%, 190, 25, 3, 528.75
1571380053, 0, 419, 934, 865, 196, 7.27%, 190, 25, 3, 426.91
1571380059, 0, 419, 934, 865, 196, 7.27%, 191, 25, 3, 419.30
1571380084, 0, 419, 935, 866, 196, 7.27%, 191, 25, 3, 445.75
1571387299, 0, 420, 935, 865, 197, 7.27%, 191, 25, 3, 49.30
1571394306, 0, 420, 937, 867, 197, 7.27%, 191, 25, 3, 404.71
1571395241, 0, 422, 937, 866, 198, 7.27%, 191, 25, 3, 388.29
1571395246, 0, 423, 937, 865, 197, 7.27%, 191, 25, 3, 437.63
1571395251, 0, 424, 937, 864, 196, 7.27%, 191, 25, 3, 412.23
1571395261, 0, 424, 937, 864, 196, 7.27%, 192, 25, 3, 303.16
