# unix_time, cycles_done, cur_path, paths_total, pending_total, pending_favs, map_size, unique_crashes, unique_hangs, max_depth, execs_per_sec
1571312324, 0, 0, 1, 1, 1, 3.59%, 0, 0, 1, 444.44
1571312329, 0, 0, 20, 20, 1, 3.82%, 0, 0, 2, 347.83
1571312335, 0, 0, 78, 78, 1, 4.07%, 0, 1, 2, 56.15
1571312341, 0, 0, 107, 107, 1, 4.32%, 24, 2, 2, 70.05
1571312346, 0, 0, 169, 169, 1, 4.64%, 31, 2, 2, 33.99
1571312351, 0, 0, 189, 189, 1, 4.69%, 31, 2, 2, 405.95
1571312367, 0, 0, 227, 227, 1, 4.77%, 31, 2, 2, 148.10
1571312372, 0, 0, 273, 273, 1, 4.81%, 31, 2, 2, 390.49
1571312377, 0, 0, 274, 274, 1, 4.82%, 31, 2, 2, 445.69
1571312382, 0, 0, 288, 288, 1, 4.85%, 31, 2, 2, 450.60
1571314475, 0, 0, 295, 295, 1, 4.86%, 31, 2, 2, 64.85
1571314480, 0, 0, 311, 311, 1, 4.90%, 32, 2, 2, 413.38
1571314485, 0, 0, 318, 318, 1, 4.92%, 38, 3, 2, 383.08
1571314490, 0, 0, 330, 330, 1, 4.95%, 40, 4, 2, 350.78
1571314495, 0, 0, 342, 342, 1, 4.95%, 40, 4, 2, 393.54
1571314511, 0, 0, 345, 345, 1, 4.96%, 40, 4, 2, 403.59
1571314516, 0, 0, 359, 359, 1, 4.96%, 40, 4, 2, 400.22
1571314526, 0, 0, 362, 362, 1, 4.97%, 40, 4, 2, 400.19
1571316582, 0, 0, 364, 364, 1, 4.98%, 40, 4, 2, 465.11
1571316587, 0, 0, 368, 368, 1, 4.99%, 41, 4, 2, 450.24
1571316592, 0, 0, 375, 375, 1, 5.00%, 43, 4, 2, 446.18
1571316597, 0, 0, 382, 382, 1, 5.00%, 43, 4, 2, 447.71
1571316612, 0, 0, 386, 386, 1, 5.03%, 43, 4, 2, 449.97
1571316618, 0, 0, 390, 390, 1, 5.03%, 43, 4, 2, 453.91
1571316623, 0, 0, 391, 391, 1, 5.03%, 43, 4, 2, 450.85
1571318499, 0, 0, 394, 394, 1, 5.05%, 43, 4, 2, 454.46
1571318504, 0, 0, 395, 395, 1, 5.06%, 43, 4, 2, 455.66
1571318736, 0, 0, 403, 403, 1, 5.07%, 49, 4, 2, 435.47
1571318742, 0, 0, 408, 408, 1, 5.08%, 50, 6, 2, 45.26
1571318747, 0, 0, 417, 417, 1, 5.09%, 50, 6, 2, 49.04
1571318753, 0, 0, 420, 420, 1, 5.10%, 50, 6, 2, 447.32
1571318758, 0, 0, 423, 423, 1, 5.11%, 50, 6, 2, 468.59
1571318763, 0, 0, 427, 427, 1, 5.13%, 50, 6, 2, 482.47
1571318768, 0, 0, 430, 430, 1, 5.14%, 50, 6, 2, 463.53
1571318773, 0, 0, 431, 431, 1, 5.14%, 50, 6, 2, 52.27
1571318778, 0, 0, 433, 433, 1, 5.14%, 50, 6, 2, 482.26
1571318783, 0, 0, 435, 435, 1, 5.14%, 59, 6, 2, 497.57
1571318788, 0, 0, 435, 435, 1, 5.14%, 64, 6, 2, 532.51
1571318793, 0, 0, 441, 441, 1, 5.40%, 67, 6, 2, 516.12
1571318803, 0, 0, 444, 444, 1, 5.42%, 67, 6, 2, 466.21
1571318809, 0, 0, 451, 451, 1, 5.42%, 67, 6, 2, 463.62
1571318922, 0, 0, 456, 456, 1, 5.42%, 67, 6, 2, 439.69
1571318927, 0, 0, 457, 457, 1, 5.42%, 67, 6, 2, 423.08
1571318942, 0, 0, 462, 462, 1, 5.44%, 67, 6, 2, 472.85
1571318947, 0, 0, 464, 464, 1, 5.44%, 67, 6, 2, 449.41
1571318963, 0, 0, 468, 468, 1, 5.44%, 67, 6, 2, 434.27
1571318999, 0, 0, 470, 470, 1, 5.44%, 67, 6, 2, 477.45
1571319009, 0, 0, 472, 472, 1, 5.44%, 71, 8, 2, 417.31
1571319014, 0, 0, 472, 472, 1, 5.44%, 75, 8, 2, 546.26
1571319019, 0, 0, 473, 473, 1, 5.44%, 75, 8, 2, 497.07
1571319024, 0, 0, 477, 477, 1, 5.44%, 75, 8, 2, 450.69
1571319040, 0, 0, 478, 478, 1, 5.44%, 75, 8, 2, 462.25
1571319106, 0, 0, 480, 480, 1, 5.44%, 75, 8, 2, 482.87
1571319112, 0, 0, 483, 483, 1, 5.45%, 75, 8, 2, 460.56
1571319122, 0, 0, 484, 484, 1, 5.45%, 75, 8, 2, 458.46
1571319157, 0, 0, 485, 485, 1, 5.46%, 75, 8, 2, 468.14
1571319204, 0, 0, 486, 486, 1, 5.46%, 75, 8, 2, 486.13
1571319209, 0, 0, 489, 489, 1, 5.47%, 75, 8, 2, 474.90
1571319214, 0, 0, 490, 490, 1, 5.47%, 75, 8, 2, 462.90
1571319219, 0, 0, 491, 491, 1, 5.47%, 75, 8, 2, 473.49
1571319230, 0, 0, 494, 494, 1, 5.48%, 76, 9, 2, 41.74
1571319235, 0, 0, 496, 496, 1, 5.48%, 76, 9, 2, 412.95
1571319240, 0, 0, 499, 499, 1, 5.48%, 76, 9, 2, 448.89
1571319245, 0, 0, 501, 501, 1, 5.50%, 76, 9, 2, 42.88
1571319250, 0, 0, 504, 504, 1, 5.50%, 76, 9, 2, 464.15
1571319255, 0, 0, 505, 505, 1, 5.50%, 76, 9, 2, 400.00
1571319260, 0, 0, 506, 506, 1, 5.50%, 78, 9, 2, 445.51
1571319266, 0, 0, 508, 508, 1, 5.65%, 81, 9, 2, 461.67
1571319271, 0, 0, 516, 516, 1, 5.65%, 81, 9, 2, 449.27
1571319307, 0, 0, 517, 517, 1, 5.65%, 81, 9, 2, 462.21
1571319312, 0, 0, 522, 522, 1, 5.66%, 81, 9, 2, 463.88
1571319317, 0, 0, 524, 524, 1, 5.66%, 81, 9, 2, 459.09
1571319332, 0, 0, 526, 526, 1, 5.66%, 81, 9, 2, 454.33
1571319337, 0, 0, 530, 530, 1, 6.81%, 81, 9, 2, 57.42
1571319342, 0, 0, 537, 537, 1, 6.81%, 83, 9, 2, 482.53
1571319348, 0, 0, 538, 538, 1, 6.81%, 83, 9, 2, 483.53
1571319353, 0, 0, 539, 539, 1, 6.81%, 83, 9, 2, 472.57
1571319358, 0, 0, 547, 547, 1, 6.83%, 84, 9, 2, 480.09
1571319368, 0, 0, 547, 547, 1, 6.83%, 88, 9, 2, 67.45
1571319373, 0, 0, 550, 550, 1, 6.84%, 88, 9, 2, 377.48
1571319378, 0, 0, 552, 552, 1, 6.84%, 88, 9, 2, 411.26
1571319383, 0, 0, 564, 564, 1, 6.84%, 88, 9, 2, 442.36
1571319460, 0, 0, 570, 570, 1, 6.84%, 88, 9, 2, 462.35
1571319465, 0, 0, 573, 573, 1, 6.85%, 88, 9, 2, 461.97
1571319506, 0, 0, 575, 575, 1, 6.85%, 88, 9, 2, 58.39
1571319512, 0, 0, 595, 595, 1, 6.89%, 90, 9, 2, 479.69
1571319517, 0, 0, 599, 599, 1, 6.89%, 91, 9, 2, 467.01
1571319522, 0, 0, 607, 607, 1, 6.91%, 92, 10, 2, 49.65
1571319527, 0, 0, 610, 610, 1, 6.97%, 98, 10, 2, 455.71
1571319532, 0, 0, 612, 612, 1, 6.97%, 101, 10, 2, 48.89
1571319537, 0, 0, 613, 613, 1, 6.97%, 102, 10, 2, 399.59
1571319542, 0, 0, 620, 620, 1, 7.02%, 107, 10, 2, 441.71
1571319594, 0, 0, 620, 620, 1, 7.02%, 108, 10, 2, 443.88
1571319599, 0, 0, 622, 622, 1, 7.02%, 108, 11, 2, 415.42
1571319609, 0, 0, 624, 624, 1, 7.02%, 108, 11, 2, 346.12
1571319620, 0, 0, 632, 632, 1, 7.04%, 108, 11, 2, 444.99
1571319640, 0, 0, 660, 660, 1, 7.05%, 114, 11, 2, 459.70
1571319645, 0, 0, 671, 671, 1, 7.06%, 118, 12, 2, 449.32
1571319650, 0, 0, 675, 675, 1, 7.06%, 120, 14, 2, 462.05
1571319656, 0, 0, 681, 681, 1, 7.06%, 123, 14, 2, 435.26
1571319661, 0, 0, 685, 685, 1, 7.06%, 125, 14, 2, 62.60
1571319666, 0, 0, 690, 690, 1, 7.06%, 126, 14, 2, 462.84
1571319672, 0, 0, 695, 695, 1, 7.06%, 127, 15, 2, 74.10
1571319677, 0, 0, 699, 699, 1, 7.06%, 128, 15, 2, 435.99
1571319682, 0, 0, 704, 704, 1, 7.06%, 129, 16, 2, 456.86
1571319687, 0, 0, 708, 708, 1, 7.07%, 130, 16, 2, 433.99
1571319692, 0, 0, 710, 710, 1, 7.07%, 131, 16, 2, 432.43
1571319697, 0, 0, 712, 712, 1, 7.07%, 131, 16, 2, 447.69
1571319702, 0, 0, 714, 714, 1, 7.07%, 132, 16, 2, 437.10
1571319708, 0, 0, 716, 716, 1, 7.07%, 133, 16, 2, 444.83
1571319713, 0, 0, 717, 717, 1, 7.07%, 135, 16, 2, 444.11
1571319718, 0, 0, 719, 719, 1, 7.07%, 137, 16, 2, 441.00
1571319723, 0, 4, 722, 721, 224, 7.08%, 137, 16, 3, 519.83
1571319733, 0, 4, 723, 722, 224, 7.08%, 137, 16, 3, 686.10
1571319743, 0, 4, 725, 724, 224, 7.08%, 137, 16, 3, 701.04
1571320149, 0, 4, 727, 726, 224, 7.09%, 137, 16, 3, 684.90
1571320154, 0, 4, 728, 727, 224, 7.09%, 137, 16, 3, 693.93
1571320571, 0, 4, 729, 728, 224, 7.09%, 137, 16, 3, 690.33
1571320586, 0, 4, 730, 729, 224, 7.10%, 137, 16, 3, 703.16
1571321043, 0, 4, 733, 732, 224, 7.10%, 137, 16, 3, 119.85
1571321048, 0, 4, 734, 733, 224, 7.10%, 137, 16, 3, 554.97
1571321053, 0, 4, 738, 737, 224, 7.11%, 137, 16, 3, 675.02
1571321058, 0, 4, 741, 740, 224, 7.11%, 137, 16, 3, 698.97
1571321141, 0, 4, 743, 742, 224, 7.12%, 137, 16, 3, 700.90
1571321320, 0, 4, 744, 743, 224, 7.12%, 137, 16, 3, 60.73
1571321325, 0, 7, 744, 742, 237, 7.12%, 137, 16, 3, 704.56
1571321330, 0, 12, 744, 739, 234, 7.12%, 137, 16, 3, 708.63
1571321335, 0, 16, 744, 738, 233, 7.12%, 137, 16, 3, 352.79
1571321340, 0, 16, 744, 738, 233, 7.12%, 138, 16, 3, 418.13
1571323253, 0, 16, 744, 738, 233, 7.12%, 139, 16, 3, 348.82
1571327916, 0, 16, 745, 739, 233, 7.12%, 139, 16, 3, 49.26
1571327921, 0, 16, 745, 739, 233, 7.12%, 140, 16, 3, 491.68
1571328091, 0, 16, 746, 740, 233, 7.12%, 140, 16, 3, 473.63
1571328214, 0, 16, 748, 742, 233, 7.12%, 140, 16, 3, 451.38
1571328219, 0, 16, 749, 743, 233, 7.12%, 140, 16, 3, 455.17
1571328224, 0, 16, 750, 744, 233, 7.12%, 141, 16, 3, 437.75
1571328229, 0, 16, 753, 747, 233, 7.12%, 143, 17, 3, 465.38
1571328234, 0, 16, 754, 748, 233, 7.12%, 143, 17, 3, 449.94
1571328239, 0, 16, 755, 749, 233, 7.12%, 143, 17, 3, 451.74
1571328244, 0, 16, 756, 750, 233, 7.12%, 144, 17, 3, 452.76
1571328255, 0, 16, 757, 751, 233, 7.12%, 145, 18, 3, 55.60
1571328260, 0, 16, 760, 754, 233, 7.12%, 145, 18, 3, 447.84
1571328265, 0, 16, 760, 754, 233, 7.12%, 146, 18, 3, 449.68
1571328276, 0, 16, 761, 755, 233, 7.12%, 147, 18, 3, 435.50
1571328286, 0, 16, 762, 756, 233, 7.12%, 147, 18, 3, 442.79
1571328291, 0, 18, 762, 754, 235, 7.12%, 147, 18, 3, 459.09
1571328296, 0, 20, 762, 753, 234, 7.12%, 147, 18, 3, 430.00
1571328301, 0, 20, 764, 755, 234, 7.13%, 149, 19, 3, 597.26
1571328306, 0, 20, 765, 756, 234, 7.13%, 151, 19, 3, 545.08
1571329302, 0, 20, 766, 757, 234, 7.13%, 151, 19, 3, 514.93
1571329889, 0, 20, 767, 758, 234, 7.13%, 151, 19, 3, 586.55
1571329905, 0, 20, 768, 759, 234, 7.13%, 151, 19, 3, 577.36
1571330048, 0, 20, 769, 760, 234, 7.13%, 151, 19, 3, 415.99
1571330272, 0, 20, 770, 761, 234, 7.13%, 151, 19, 3, 61.37
1571330277, 0, 20, 771, 762, 234, 7.13%, 151, 19, 3, 580.52
1571330385, 0, 20, 773, 764, 234, 7.13%, 151, 19, 3, 409.45
1571330390, 0, 20, 774, 765, 234, 7.13%, 151, 19, 3, 557.29
1571330395, 0, 20, 775, 766, 234, 7.13%, 151, 19, 3, 365.15
1571330406, 0, 20, 775, 766, 234, 7.13%, 152, 19, 3, 359.92
1571330411, 0, 20, 776, 767, 234, 7.13%, 152, 19, 3, 518.73
1571330452, 0, 20, 777, 768, 234, 7.13%, 152, 19, 3, 512.45
1571330472, 0, 20, 778, 769, 234, 7.13%, 153, 19, 3, 546.17
1571330477, 0, 20, 783, 774, 234, 7.13%, 153, 20, 3, 496.35
1571330482, 0, 20, 787, 778, 234, 7.13%, 155, 21, 3, 536.52
1571330487, 0, 20, 788, 779, 234, 7.13%, 157, 21, 3, 529.92
1571330493, 0, 20, 793, 784, 234, 7.13%, 157, 22, 3, 482.39
1571330498, 0, 20, 795, 786, 234, 7.13%, 157, 23, 3, 518.50
1571330503, 0, 20, 796, 787, 234, 7.13%, 159, 24, 3, 554.82
1571330508, 0, 20, 798, 789, 234, 7.13%, 160, 24, 3, 524.90
1571330513, 0, 20, 799, 790, 234, 7.13%, 162, 24, 3, 507.86
1571330519, 0, 20, 803, 794, 234, 7.13%, 162, 25, 3, 37.48
1571330524, 0, 20, 804, 795, 234, 7.13%, 162, 26, 3, 542.43
1571330529, 0, 20, 806, 797, 234, 7.13%, 164, 26, 3, 527.26
1571330534, 0, 20, 811, 802, 234, 7.13%, 165, 26, 3, 536.96
1571330539, 0, 20, 816, 807, 234, 7.13%, 165, 26, 3, 506.61
1571330545, 0, 30, 818, 807, 232, 7.14%, 166, 26, 3, 552.46
1571330550, 0, 32, 818, 806, 231, 7.14%, 166, 26, 3, 482.71
1571330555, 0, 38, 818, 804, 229, 7.14%, 166, 26, 3, 468.34
1571330560, 0, 57, 818, 803, 228, 7.14%, 166, 26, 3, 463.93
1571330565, 0, 81, 818, 801, 226, 7.14%, 166, 26, 3, 541.29
1571330570, 0, 102, 818, 799, 224, 7.14%, 166, 26, 3, 512.45
1571330575, 0, 113, 818, 797, 222, 7.14%, 166, 26, 3, 549.97
1571330580, 0, 118, 818, 795, 220, 7.14%, 166, 26, 3, 518.55
1571330585, 0, 120, 818, 794, 219, 7.14%, 166, 26, 3, 473.52
1571330590, 0, 121, 818, 793, 218, 7.14%, 166, 26, 3, 465.00
1571330595, 0, 123, 818, 791, 216, 7.14%, 166, 26, 3, 463.29
1571330601, 0, 130, 818, 790, 215, 7.14%, 166, 26, 3, 462.74
1571330606, 0, 138, 818, 788, 213, 7.14%, 166, 26, 3, 473.73
1571330611, 0, 147, 818, 786, 211, 7.14%, 166, 26, 3, 525.74
1571330616, 0, 166, 818, 784, 209, 7.14%, 166, 26, 3, 507.11
1571330621, 0, 189, 818, 782, 207, 7.14%, 166, 26, 3, 530.29
1571330626, 0, 193, 818, 780, 205, 7.14%, 166, 26, 3, 552.64
1571330631, 0, 200, 818, 779, 204, 7.14%, 166, 26, 3, 466.77
1571332187, 0, 200, 819, 780, 204, 7.14%, 166, 26, 3, 550.95
1571332253, 0, 200, 820, 781, 204, 7.14%, 166, 26, 3, 533.24
1571332304, 0, 200, 822, 783, 204, 7.14%, 166, 26, 3, 206.58
1571332391, 0, 200, 823, 784, 204, 7.14%, 166, 26, 3, 563.77
1571332437, 0, 200, 824, 785, 204, 7.14%, 166, 26, 3, 292.20
1571332671, 0, 200, 824, 785, 204, 7.14%, 167, 26, 3, 568.82
1571332758, 0, 200, 825, 786, 204, 7.14%, 167, 26, 3, 570.21
1571332763, 0, 200, 826, 787, 204, 7.14%, 168, 26, 3, 577.96
1571332768, 0, 200, 827, 788, 204, 7.14%, 168, 26, 3, 49.90
1571332774, 0, 200, 829, 790, 204, 7.14%, 168, 26, 3, 486.22
1571332830, 0, 200, 830, 791, 204, 7.14%, 168, 26, 3, 549.68
1571332845, 0, 201, 830, 790, 205, 7.14%, 168, 26, 3, 547.52
1571332850, 0, 208, 830, 787, 202, 7.14%, 168, 26, 3, 585.14
1571332855, 0, 255, 830, 784, 199, 7.14%, 168, 26, 3, 592.37
1571332860, 0, 255, 831, 785, 199, 7.14%, 168, 26, 3, 403.08
1571336570, 0, 255, 831, 785, 199, 7.14%, 169, 26, 3, 451.48
1571336718, 0, 255, 832, 786, 199, 7.14%, 169, 26, 3, 457.66
1571337272, 0, 255, 833, 787, 199, 7.14%, 169, 26, 3, 434.33
1571337303, 0, 255, 836, 790, 199, 7.14%, 169, 26, 3, 453.97
1571337308, 0, 255, 837, 791, 199, 7.14%, 170, 26, 3, 447.67
1571337313, 0, 255, 839, 793, 199, 7.14%, 170, 26, 3, 463.99
1571337319, 0, 255, 839, 793, 199, 7.14%, 171, 26, 3, 449.18
1571337324, 0, 255, 840, 794, 199, 7.14%, 172, 26, 3, 437.51
1571337329, 0, 255, 841, 795, 199, 7.14%, 172, 26, 3, 434.10
1571337349, 0, 255, 841, 795, 199, 7.14%, 173, 26, 3, 461.95
1571337354, 0, 255, 842, 796, 199, 7.14%, 173, 26, 3, 449.22
1571337359, 0, 255, 843, 797, 199, 7.15%, 173, 26, 3, 448.15
1571337369, 0, 255, 844, 798, 199, 7.15%, 173, 26, 3, 452.93
1571337374, 0, 263, 844, 797, 203, 7.15%, 173, 26, 3, 454.38
1571343385, 0, 263, 845, 798, 203, 7.15%, 173, 26, 3, 445.24
1571343976, 0, 263, 845, 798, 203, 7.15%, 174, 26, 3, 436.74
1571344135, 0, 263, 845, 798, 203, 7.15%, 175, 26, 3, 463.14
1571344155, 0, 263, 845, 798, 203, 7.15%, 176, 26, 3, 49.50
1571344263, 0, 263, 846, 799, 203, 7.15%, 176, 26, 3, 455.00
1571344268, 0, 264, 846, 798, 203, 7.15%, 176, 26, 3, 490.61
1571344273, 0, 264, 848, 800, 203, 7.15%, 176, 26, 3, 461.85
1571344278, 0, 264, 851, 803, 203, 7.15%, 176, 26, 3, 495.03
1571346106, 0, 264, 852, 804, 203, 7.15%, 176, 26, 3, 465.64
1571346112, 0, 264, 853, 805, 203, 7.15%, 176, 26, 3, 466.13
1571350047, 0, 264, 855, 807, 203, 7.15%, 176, 26, 3, 491.53
1571350470, 0, 264, 856, 808, 203, 7.15%, 176, 26, 3, 470.93
1571350490, 0, 264, 857, 809, 203, 7.15%, 176, 26, 3, 532.56
1571350495, 0, 264, 858, 810, 203, 7.16%, 176, 26, 3, 481.38
1571350536, 0, 264, 859, 811, 203, 7.16%, 176, 26, 3, 480.97
1571350582, 0, 264, 860, 812, 203, 7.16%, 176, 26, 3, 512.81
1571350726, 0, 264, 860, 812, 203, 7.16%, 177, 26, 3, 422.36
1571350742, 0, 264, 861, 813, 203, 7.16%, 177, 26, 3, 500.91
1571350829, 0, 264, 862, 814, 203, 7.16%, 177, 26, 3, 463.92
1571350854, 0, 271, 863, 814, 203, 7.16%, 177, 26, 3, 464.71
1571350860, 0, 273, 863, 813, 202, 7.16%, 177, 26, 3, 462.15
1571350865, 0, 282, 863, 810, 199, 7.16%, 177, 26, 3, 556.92
1571350870, 0, 284, 863, 809, 198, 7.16%, 177, 26, 3, 33.89
1571350901, 0, 284, 864, 810, 198, 7.16%, 177, 26, 3, 445.16
1571350906, 0, 284, 865, 811, 198, 7.16%, 177, 26, 3, 450.95
1571352825, 0, 284, 866, 812, 198, 7.16%, 177, 26, 3, 450.50
1571357394, 0, 284, 867, 813, 198, 7.16%, 177, 26, 3, 462.57
1571357466, 0, 284, 867, 813, 198, 7.16%, 178, 26, 3, 403.23
1571357635, 0, 284, 867, 813, 198, 7.16%, 179, 26, 3, 487.48
1571357645, 0, 284, 868, 814, 198, 7.16%, 179, 26, 3, 453.78
1571357656, 0, 284, 868, 814, 198, 7.16%, 180, 26, 3, 360.00
1571357666, 0, 284, 869, 815, 198, 7.16%, 180, 26, 3, 456.88
1571357743, 0, 284, 871, 817, 198, 7.16%, 180, 26, 3, 461.74
1571357769, 0, 288, 871, 815, 195, 7.16%, 180, 26, 3, 479.12
1571357774, 0, 298, 871, 813, 193, 7.16%, 180, 26, 3, 497.31
1571357779, 0, 300, 871, 812, 191, 7.16%, 180, 26, 3, 504.11
1571357784, 0, 304, 871, 810, 190, 7.16%, 180, 26, 3, 472.27
1571357789, 0, 308, 871, 809, 189, 7.16%, 180, 26, 3, 466.18
1571357794, 0, 311, 871, 808, 188, 7.16%, 180, 26, 3, 86.91
1571357804, 0, 311, 881, 818, 188, 7.16%, 180, 26, 3, 370.90
1571357809, 0, 311, 882, 819, 188, 7.16%, 180, 26, 3, 431.39
1571359718, 0, 311, 882, 819, 188, 7.16%, 181, 26, 3, 442.62
1571359729, 0, 311, 885, 822, 188, 7.16%, 181, 26, 3, 451.70
1571361647, 0, 311, 886, 823, 188, 7.16%, 181, 26, 3, 478.39
1571361652, 0, 311, 888, 825, 188, 7.16%, 181, 26, 3, 455.97
1571363846, 0, 311, 893, 830, 188, 7.16%, 181, 26, 3, 491.25
1571363856, 0, 311, 897, 834, 188, 7.16%, 181, 26, 3, 469.89
1571364082, 0, 311, 899, 836, 188, 7.16%, 181, 26, 3, 442.53
1571364210, 0, 311, 900, 837, 188, 7.16%, 181, 26, 3, 496.54
1571364287, 0, 311, 901, 838, 188, 7.16%, 181, 26, 3, 449.93
1571364431, 0, 311, 902, 839, 188, 7.16%, 182, 26, 3, 467.57
1571364565, 0, 311, 903, 840, 188, 7.16%, 182, 26, 3, 472.48
1571364580, 0, 311, 904, 841, 188, 7.17%, 183, 26, 3, 471.17
1571364585, 0, 311, 907, 844, 188, 7.17%, 183, 26, 3, 474.22
1571364596, 0, 311, 908, 845, 188, 7.17%, 184, 26, 3, 465.27
1571364704, 0, 315, 909, 845, 190, 7.17%, 184, 26, 3, 450.54
1571364745, 0, 315, 910, 846, 190, 7.17%, 184, 26, 3, 450.60
1571370738, 0, 315, 911, 847, 190, 7.17%, 184, 26, 3, 473.98
1571371349, 0, 315, 912, 848, 190, 7.17%, 184, 26, 3, 435.55
1571371477, 0, 315, 912, 848, 190, 7.17%, 185, 26, 3, 411.22
1571371621, 0, 323, 912, 846, 190, 7.17%, 185, 26, 3, 461.53
1571371626, 0, 329, 912, 845, 189, 7.17%, 185, 26, 3, 507.75
1571371631, 0, 353, 912, 843, 187, 7.17%, 185, 26, 3, 500.90
1571371636, 0, 361, 912, 842, 187, 7.17%, 185, 26, 3, 471.55
1571371641, 0, 363, 912, 840, 186, 7.17%, 185, 26, 3, 504.81
1571371651, 0, 363, 912, 840, 186, 7.17%, 186, 26, 3, 500.00
1571375491, 0, 363, 913, 841, 186, 7.17%, 186, 26, 3, 420.61
1571377661, 0, 363, 917, 845, 186, 7.18%, 186, 26, 3, 439.48
1571378236, 0, 363, 918, 846, 186, 7.18%, 186, 26, 3, 455.91
1571378544, 0, 363, 918, 846, 186, 7.18%, 187, 26, 3, 456.33
1571378550, 0, 367, 919, 846, 186, 7.18%, 187, 26, 3, 512.44
1571378555, 0, 370, 919, 845, 185, 7.18%, 187, 26, 3, 463.88
1571378565, 0, 370, 919, 845, 185, 7.18%, 189, 26, 3, 433.38
1571384602, 0, 370, 919, 845, 185, 7.18%, 189, 27, 3, 378.33
1571385519, 0, 376, 919, 844, 184, 7.18%, 189, 27, 3, 398.95
1571385535, 0, 376, 923, 848, 184, 7.18%, 189, 27, 3, 429.09
1571385540, 0, 376, 926, 851, 184, 7.18%, 189, 27, 3, 401.53
1571385566, 0, 376, 928, 853, 184, 7.18%, 189, 27, 3, 404.54
1571387691, 0, 376, 929, 854, 184, 7.18%, 189, 27, 3, 418.78
1571387696, 0, 376, 930, 855, 184, 7.18%, 189, 27, 3, 429.01
1571392360, 0, 376, 931, 856, 184, 7.18%, 189, 27, 3, 412.38
1571392370, 0, 376, 932, 857, 184, 7.18%, 189, 27, 3, 376.49
1571392854, 0, 376, 933, 858, 184, 7.18%, 189, 27, 3, 415.43
1571392941, 0, 376, 935, 860, 184, 7.18%, 189, 27, 3, 425.51
1571392966, 0, 376, 936, 861, 184, 7.18%, 189, 27, 3, 416.48
1571393058, 0, 376, 937, 862, 184, 7.18%, 189, 27, 3, 411.71
1571393083, 0, 376, 937, 862, 184, 7.18%, 190, 27, 3, 420.28
1571393226, 0, 376, 939, 864, 184, 7.18%, 190, 27, 3, 395.04
1571393231, 0, 376, 941, 866, 184, 7.18%, 190, 27, 3, 390.54
1571393236, 0, 376, 942, 867, 184, 7.18%, 190, 27, 3, 391.99
1571393247, 0, 376, 942, 867, 184, 7.18%, 191, 27, 3, 390.33
1571393252, 0, 376, 943, 868, 184, 7.18%, 191, 27, 3, 393.81
1571393257, 0, 376, 944, 869, 184, 7.18%, 191, 27, 3, 387.70
1571393262, 0, 376, 945, 870, 184, 7.18%, 191, 27, 3, 386.61
1571393273, 0, 376, 946, 871, 184, 7.18%, 191, 27, 3, 396.23
1571393298, 0, 376, 947, 872, 184, 7.18%, 192, 27, 3, 394.12
1571393304, 0, 376, 947, 872, 184, 7.18%, 192, 28, 3, 403.31
1571393309, 0, 382, 947, 871, 185, 7.18%, 192, 28, 3, 441.38
1571393314, 0, 390, 947, 869, 183, 7.18%, 192, 28, 3, 436.39
1571393319, 0, 391, 947, 868, 182, 7.18%, 192, 28, 3, 408.05
1571393324, 0, 398, 947, 867, 181, 7.18%, 192, 28, 3, 430.16
1571393329, 0, 398, 948, 868, 181, 7.18%, 192, 28, 3, 408.38
1571393334, 0, 398, 951, 871, 181, 7.18%, 192, 28, 3, 401.01
1571393339, 0, 398, 952, 872, 181, 7.18%, 192, 28, 3, 412.14
1571393360, 0, 398, 953, 873, 181, 7.18%, 192, 28, 3, 414.23
1571394032, 0, 398, 955, 875, 181, 7.18%, 192, 28, 3, 415.10
1571394726, 0, 398, 956, 876, 181, 7.18%, 192, 28, 3, 421.95
1571395499, 0, 398, 957, 877, 181, 7.18%, 192, 28, 3, 49.39
1571395535, 0, 398, 958, 878, 181, 7.18%, 192, 28, 3, 417.27
1571395550, 0, 398, 959, 879, 181, 7.18%, 192, 28, 3, 433.24
1571395561, 0, 398, 960, 880, 181, 7.18%, 192, 28, 3, 386.25
1571395761, 0, 398, 961, 881, 181, 7.18%, 192, 28, 3, 412.29
1571396013, 0, 398, 962, 882, 181, 7.18%, 192, 28, 3, 436.72
1571396094, 0, 398, 962, 882, 181, 7.18%, 193, 28, 3, 450.25
1571396114, 0, 398, 962, 882, 181, 7.18%, 194, 28, 3, 427.02
1571396222, 0, 398, 962, 882, 181, 7.18%, 195, 28, 3, 427.17
1571396238, 0, 398, 963, 883, 181, 7.18%, 195, 28, 3, 429.45
1571396355, 0, 398, 964, 884, 181, 7.18%, 195, 28, 3, 412.91
1571396360, 0, 404, 964, 883, 185, 7.18%, 195, 28, 3, 415.26
1571396365, 0, 410, 964, 881, 183, 7.18%, 195, 28, 3, 418.23
1571396385, 0, 410, 965, 882, 183, 7.18%, 195, 28, 3, 389.30
