# unix_time, cycles_done, cur_path, paths_total, pending_total, pending_favs, map_size, unique_crashes, unique_hangs, max_depth, execs_per_sec
1571216756, 0, 0, 1, 1, 1, 3.59%, 0, 0, 1, 444.44
1571216761, 0, 0, 20, 20, 1, 3.82%, 0, 0, 2, 360.33
1571216767, 0, 0, 78, 78, 1, 4.07%, 0, 1, 2, 42.79
1571216773, 0, 0, 107, 107, 1, 4.31%, 24, 2, 2, 70.87
1571216778, 0, 0, 166, 166, 1, 4.64%, 31, 2, 2, 184.32
1571216783, 0, 0, 189, 189, 1, 4.69%, 31, 2, 2, 376.88
1571216799, 0, 0, 204, 204, 1, 4.73%, 31, 2, 2, 458.76
1571216804, 0, 0, 255, 255, 1, 4.80%, 31, 2, 2, 431.25
1571216809, 0, 0, 274, 274, 1, 4.82%, 31, 2, 2, 419.66
1571216814, 0, 0, 287, 287, 1, 4.85%, 31, 2, 2, 361.76
1571216819, 0, 0, 288, 288, 1, 4.85%, 31, 2, 2, 391.22
1571219055, 0, 0, 305, 305, 1, 4.89%, 32, 2, 2, 397.82
1571219060, 0, 0, 316, 316, 1, 4.91%, 34, 2, 2, 380.26
1571219065, 0, 0, 318, 318, 1, 4.92%, 39, 4, 2, 55.81
1571219070, 0, 0, 338, 338, 1, 4.95%, 40, 4, 2, 386.68
1571219075, 0, 0, 342, 342, 1, 4.95%, 40, 4, 2, 385.74
1571219091, 0, 0, 345, 345, 1, 4.96%, 40, 4, 2, 385.19
1571219096, 0, 0, 359, 359, 1, 4.96%, 40, 4, 2, 380.50
1571219106, 0, 0, 362, 362, 1, 4.97%, 40, 4, 2, 377.48
