# unix_time, cycles_done, cur_path, paths_total, pending_total, pending_favs, map_size, unique_crashes, unique_hangs, max_depth, execs_per_sec
1571130155, 0, 0, 1, 1, 1, 3.59%, 0, 0, 1, 421.05
1571130160, 0, 0, 20, 20, 1, 3.82%, 0, 0, 2, 462.69
1571130166, 0, 0, 77, 77, 1, 4.07%, 0, 0, 2, 472.01
1571130171, 0, 0, 105, 105, 1, 4.31%, 14, 1, 2, 37.37
1571130176, 0, 0, 138, 138, 1, 4.58%, 31, 2, 2, 460.07
1571130181, 0, 0, 187, 187, 1, 4.69%, 31, 2, 2, 416.43
1571130186, 0, 0, 189, 189, 1, 4.69%, 31, 2, 2, 415.24
1571130197, 0, 0, 196, 196, 1, 4.71%, 31, 2, 2, 387.26
1571130202, 0, 0, 237, 237, 1, 4.77%, 31, 2, 2, 230.86
1571130207, 0, 0, 273, 273, 1, 4.81%, 31, 2, 2, 358.13
1571130212, 0, 0, 274, 274, 1, 4.82%, 31, 2, 2, 385.54
1571130217, 0, 0, 288, 288, 1, 4.85%, 31, 2, 2, 383.12
1571132431, 0, 0, 295, 295, 1, 4.86%, 31, 2, 2, 49.47
1571132436, 0, 0, 311, 311, 1, 4.90%, 32, 2, 2, 388.40
1571132442, 0, 0, 318, 318, 1, 4.92%, 37, 3, 2, 14.33
1571132447, 0, 0, 327, 327, 1, 4.94%, 40, 4, 2, 309.32
1571132452, 0, 0, 342, 342, 1, 4.95%, 40, 4, 2, 368.80
1571132468, 0, 0, 345, 345, 1, 4.96%, 40, 4, 2, 384.27
1571132473, 0, 0, 350, 350, 1, 4.96%, 40, 4, 2, 387.09
1571132478, 0, 0, 359, 359, 1, 4.96%, 40, 4, 2, 385.77
1571132488, 0, 0, 362, 362, 1, 4.97%, 40, 4, 2, 386.83
1571134704, 0, 0, 364, 364, 1, 4.98%, 40, 4, 2, 323.51
1571134709, 0, 0, 368, 368, 1, 4.99%, 41, 4, 2, 404.11
1571134714, 0, 0, 375, 375, 1, 5.00%, 43, 4, 2, 373.33
1571134720, 0, 0, 382, 382, 1, 5.00%, 43, 4, 2, 382.16
1571134740, 0, 0, 386, 386, 1, 5.03%, 43, 4, 2, 381.68
1571134745, 0, 0, 390, 390, 1, 5.03%, 43, 4, 2, 384.36
1571134756, 0, 0, 391, 391, 1, 5.03%, 43, 4, 2, 387.18
1571136970, 0, 0, 393, 393, 1, 5.04%, 43, 4, 2, 377.41
1571136975, 0, 0, 394, 394, 1, 5.05%, 43, 4, 2, 380.86
1571136980, 0, 0, 395, 395, 1, 5.06%, 43, 4, 2, 382.42
1571137257, 0, 0, 403, 403, 1, 5.07%, 49, 4, 2, 373.95
1571137262, 0, 0, 408, 408, 1, 5.08%, 50, 6, 2, 49.92
1571137267, 0, 0, 415, 415, 1, 5.09%, 50, 6, 2, 399.61
1571137272, 0, 0, 417, 417, 1, 5.09%, 50, 6, 2, 50.75
1571137277, 0, 0, 423, 423, 1, 5.11%, 50, 6, 2, 420.00
1571137287, 0, 0, 429, 429, 1, 5.13%, 50, 6, 2, 401.34
1571137293, 0, 0, 430, 430, 1, 5.13%, 50, 6, 2, 390.59
1571137298, 0, 0, 431, 431, 1, 5.14%, 50, 6, 2, 49.31
1571137303, 0, 0, 433, 433, 1, 5.14%, 50, 6, 2, 377.74
1571137308, 0, 0, 434, 434, 1, 5.14%, 57, 6, 2, 420.38
1571137313, 0, 0, 435, 435, 1, 5.14%, 59, 6, 2, 68.85
1571137318, 0, 0, 435, 435, 1, 5.14%, 65, 6, 2, 72.39
1571137323, 0, 0, 441, 441, 1, 5.40%, 67, 6, 2, 405.48
1571137328, 0, 0, 443, 443, 1, 5.42%, 67, 6, 2, 385.12
1571137333, 0, 0, 444, 444, 1, 5.42%, 67, 6, 2, 346.74
1571137338, 0, 0, 451, 451, 1, 5.42%, 67, 6, 2, 399.40
1571137473, 0, 0, 456, 456, 1, 5.42%, 67, 6, 2, 381.82
1571137478, 0, 0, 457, 457, 1, 5.42%, 67, 6, 2, 363.96
1571137498, 0, 0, 464, 464, 1, 5.44%, 67, 6, 2, 369.48
1571137519, 0, 0, 467, 467, 1, 5.44%, 67, 6, 2, 371.18
1571137524, 0, 0, 468, 468, 1, 5.44%, 67, 6, 2, 385.80
1571137575, 0, 0, 470, 470, 1, 5.44%, 67, 6, 2, 413.02
1571137586, 0, 0, 470, 470, 1, 5.44%, 67, 7, 2, 37.51
1571137591, 0, 0, 472, 472, 1, 5.44%, 73, 8, 2, 437.46
1571137596, 0, 0, 472, 472, 1, 5.44%, 75, 8, 2, 455.13
1571137601, 0, 0, 473, 473, 1, 5.44%, 75, 8, 2, 437.43
1571137606, 0, 0, 477, 477, 1, 5.44%, 75, 8, 2, 400.36
1571137627, 0, 0, 478, 478, 1, 5.44%, 75, 8, 2, 388.75
1571137704, 0, 0, 480, 480, 1, 5.44%, 75, 8, 2, 402.77
1571137709, 0, 0, 482, 482, 1, 5.45%, 75, 8, 2, 284.88
1571137714, 0, 0, 483, 483, 1, 5.45%, 75, 8, 2, 368.43
1571137724, 0, 0, 484, 484, 1, 5.45%, 75, 8, 2, 388.96
1571137766, 0, 0, 485, 485, 1, 5.46%, 75, 8, 2, 399.01
1571137817, 0, 0, 486, 486, 1, 5.46%, 75, 8, 2, 391.13
1571137822, 0, 0, 488, 488, 1, 5.46%, 75, 8, 2, 416.69
1571137827, 0, 0, 489, 489, 1, 5.47%, 75, 8, 2, 392.62
1571137832, 0, 0, 491, 491, 1, 5.47%, 75, 8, 2, 388.97
1571137847, 0, 0, 494, 494, 1, 5.48%, 75, 8, 2, 371.69
1571137853, 0, 0, 496, 496, 1, 5.48%, 76, 9, 2, 259.70
1571137863, 0, 0, 500, 500, 1, 5.48%, 76, 9, 2, 378.39
1571137868, 0, 0, 501, 501, 1, 5.49%, 76, 9, 2, 41.14
1571137873, 0, 0, 504, 504, 1, 5.50%, 76, 9, 2, 400.27
1571137883, 0, 0, 506, 506, 1, 5.50%, 77, 9, 2, 398.85
1571137888, 0, 0, 506, 506, 1, 5.50%, 81, 9, 2, 467.66
1571137893, 0, 0, 508, 508, 1, 5.65%, 81, 9, 2, 392.99
1571137898, 0, 0, 516, 516, 1, 5.65%, 81, 9, 2, 390.07
1571137939, 0, 0, 517, 517, 1, 5.65%, 81, 9, 2, 392.24
1571137944, 0, 0, 522, 522, 1, 5.65%, 81, 9, 2, 397.10
1571137949, 0, 0, 524, 524, 1, 5.65%, 81, 9, 2, 389.37
1571137980, 0, 0, 530, 530, 1, 6.81%, 81, 9, 2, 67.10
1571137991, 0, 0, 537, 537, 1, 6.81%, 83, 9, 2, 408.79
1571138001, 0, 0, 539, 539, 1, 6.81%, 83, 9, 2, 400.74
1571138006, 0, 0, 540, 540, 1, 6.81%, 84, 9, 2, 406.87
1571138011, 0, 0, 547, 547, 1, 6.83%, 84, 9, 2, 408.10
1571138016, 0, 0, 547, 547, 1, 6.83%, 86, 9, 2, 375.44
1571138021, 0, 0, 549, 549, 1, 6.84%, 88, 9, 2, 400.74
1571138026, 0, 0, 551, 551, 1, 6.84%, 88, 9, 2, 391.01
1571138032, 0, 0, 552, 552, 1, 6.84%, 88, 9, 2, 364.27
1571138037, 0, 0, 563, 563, 1, 6.84%, 88, 9, 2, 380.13
1571138042, 0, 0, 564, 564, 1, 6.84%, 88, 9, 2, 386.42
1571138124, 0, 0, 566, 566, 1, 6.84%, 88, 9, 2, 382.57
1571138129, 0, 0, 570, 570, 1, 6.84%, 88, 9, 2, 395.37
1571138134, 0, 0, 573, 573, 1, 6.84%, 88, 9, 2, 392.19
1571138201, 0, 0, 576, 576, 1, 6.85%, 88, 9, 2, 53.70
1571138206, 0, 0, 593, 593, 1, 6.89%, 90, 9, 2, 408.33
1571138211, 0, 0, 597, 597, 1, 6.89%, 91, 9, 2, 393.15
1571138217, 0, 0, 605, 605, 1, 6.91%, 92, 10, 2, 49.89
1571138222, 0, 0, 608, 608, 1, 6.97%, 98, 10, 2, 398.16
1571138227, 0, 0, 610, 610, 1, 6.97%, 101, 10, 2, 49.45
1571138232, 0, 0, 611, 611, 1, 6.97%, 102, 10, 2, 399.99
1571138237, 0, 0, 614, 614, 1, 7.00%, 107, 10, 2, 395.02
1571138242, 0, 0, 618, 618, 1, 7.02%, 107, 10, 2, 394.40
1571138299, 0, 0, 618, 618, 1, 7.02%, 108, 11, 2, 36.54
1571138305, 0, 0, 620, 620, 1, 7.02%, 108, 11, 2, 397.88
1571138310, 0, 0, 622, 622, 1, 7.02%, 108, 11, 2, 404.99
1571138325, 0, 0, 630, 630, 1, 7.04%, 108, 11, 2, 387.35
1571138356, 0, 0, 634, 634, 1, 7.04%, 112, 11, 2, 385.53
1571138361, 0, 0, 664, 664, 1, 7.04%, 118, 12, 2, 64.57
1571138366, 0, 0, 673, 673, 1, 7.05%, 120, 12, 2, 380.95
1571138371, 0, 0, 681, 681, 1, 7.05%, 122, 12, 2, 361.30
1571138376, 0, 0, 684, 684, 1, 7.05%, 126, 12, 2, 375.34
1571138382, 0, 0, 692, 692, 1, 7.05%, 130, 12, 2, 362.55
1571138387, 0, 0, 697, 697, 1, 7.05%, 130, 12, 2, 378.16
1571138392, 0, 0, 699, 699, 1, 7.05%, 131, 12, 2, 380.56
1571138397, 0, 0, 703, 703, 1, 7.05%, 131, 12, 2, 383.81
1571138402, 0, 0, 708, 708, 1, 7.05%, 132, 12, 2, 387.28
1571138407, 0, 0, 710, 710, 1, 7.05%, 133, 13, 2, 391.25
1571138412, 0, 0, 716, 716, 1, 7.06%, 133, 14, 2, 384.81
1571138417, 0, 0, 718, 718, 1, 7.06%, 135, 15, 2, 371.63
1571138422, 0, 0, 722, 722, 1, 7.06%, 135, 15, 2, 371.06
1571138427, 0, 0, 726, 726, 1, 7.07%, 135, 15, 2, 378.42
1571138432, 0, 0, 728, 728, 1, 7.08%, 136, 15, 2, 389.74
1571138437, 0, 0, 729, 729, 1, 7.08%, 136, 15, 2, 392.96
1571138442, 0, 0, 729, 729, 1, 7.08%, 137, 16, 2, 390.79
1571138447, 0, 0, 732, 732, 1, 7.08%, 137, 16, 2, 377.08
1571138453, 0, 2, 734, 733, 244, 7.08%, 138, 16, 3, 615.00
1571138463, 0, 2, 735, 734, 244, 7.09%, 138, 16, 3, 611.99
1571138478, 0, 2, 736, 735, 244, 7.09%, 138, 16, 3, 607.24
1571138941, 0, 2, 738, 737, 244, 7.09%, 138, 16, 3, 549.07
1571138947, 0, 2, 739, 738, 244, 7.09%, 138, 16, 3, 599.50
1571139425, 0, 2, 740, 739, 244, 7.10%, 138, 16, 3, 609.42
1571139446, 0, 2, 741, 740, 244, 7.10%, 138, 16, 3, 610.66
1571139975, 0, 2, 747, 746, 244, 7.12%, 138, 16, 3, 49.36
1571139980, 0, 2, 751, 750, 244, 7.12%, 138, 16, 3, 572.59
1571139986, 0, 2, 753, 752, 244, 7.12%, 138, 16, 3, 588.50
1571139991, 0, 2, 754, 753, 244, 7.12%, 138, 16, 3, 604.21
1571140078, 0, 2, 756, 755, 244, 7.13%, 138, 16, 3, 613.31
1571140299, 0, 2, 757, 756, 244, 7.13%, 138, 16, 3, 52.34
1571140304, 0, 4, 757, 755, 256, 7.13%, 138, 16, 3, 611.91
1571142145, 0, 7, 758, 755, 255, 7.13%, 138, 16, 3, 494.08
1571145028, 0, 7, 759, 756, 255, 7.13%, 138, 16, 3, 527.87
1571145157, 0, 7, 761, 758, 255, 7.15%, 138, 16, 3, 606.51
1571145312, 0, 7, 762, 759, 255, 7.15%, 138, 16, 3, 569.95
1571145358, 0, 7, 769, 766, 255, 7.20%, 138, 16, 3, 426.37
1571145440, 0, 7, 770, 767, 255, 7.20%, 138, 16, 3, 565.00
1571145507, 0, 7, 773, 770, 255, 7.21%, 138, 16, 3, 600.74
1571145513, 0, 7, 776, 773, 255, 7.21%, 138, 16, 3, 589.68
1571145518, 0, 7, 779, 776, 255, 7.21%, 139, 16, 3, 587.92
1571145523, 0, 7, 782, 779, 255, 7.21%, 139, 16, 3, 592.73
1571145528, 0, 7, 784, 781, 255, 7.22%, 139, 16, 3, 578.95
1571145533, 0, 7, 786, 783, 255, 7.22%, 139, 16, 3, 577.74
1571145538, 0, 7, 788, 785, 255, 7.22%, 139, 16, 3, 579.85
1571145543, 0, 7, 790, 787, 255, 7.23%, 139, 16, 3, 576.44
1571145548, 0, 9, 792, 788, 262, 7.23%, 139, 16, 3, 586.76
1571145553, 0, 9, 792, 788, 262, 7.23%, 140, 16, 3, 612.17
1571146036, 0, 9, 793, 789, 262, 7.23%, 140, 16, 3, 617.27
1571146518, 0, 9, 793, 789, 262, 7.23%, 141, 16, 3, 619.21
1571147067, 0, 9, 795, 791, 262, 7.23%, 141, 16, 3, 49.51
1571147385, 0, 9, 796, 792, 262, 7.23%, 141, 16, 3, 54.05
1571147390, 0, 9, 798, 794, 262, 7.23%, 141, 16, 3, 608.88
1571147529, 0, 11, 798, 793, 265, 7.23%, 142, 16, 3, 585.48
1571149042, 0, 11, 799, 794, 265, 7.23%, 142, 16, 3, 602.43
1571149446, 0, 11, 800, 795, 265, 7.23%, 143, 16, 3, 558.62
1571149503, 0, 12, 800, 794, 265, 7.23%, 143, 16, 3, 591.40
1571151021, 0, 12, 800, 794, 265, 7.23%, 144, 16, 3, 60.65
1571151488, 0, 12, 802, 796, 265, 7.24%, 144, 16, 3, 577.70
1571151493, 0, 16, 802, 795, 261, 7.24%, 144, 16, 3, 464.22
1571151503, 0, 16, 802, 795, 261, 7.24%, 145, 16, 3, 396.55
1571153756, 0, 16, 802, 795, 261, 7.24%, 146, 16, 3, 393.83
1571159288, 0, 16, 803, 796, 261, 7.24%, 146, 16, 3, 50.31
1571159293, 0, 16, 803, 796, 261, 7.24%, 147, 16, 3, 421.97
1571159667, 0, 16, 803, 796, 261, 7.24%, 148, 16, 3, 378.38
1571159672, 0, 18, 803, 795, 260, 7.24%, 148, 16, 3, 45.31
1571159677, 0, 18, 804, 796, 260, 7.24%, 148, 16, 3, 359.36
1571159682, 0, 18, 804, 796, 260, 7.24%, 149, 16, 3, 360.65
1571167805, 0, 18, 805, 797, 260, 7.24%, 149, 16, 3, 390.28
1571167810, 0, 20, 805, 796, 260, 7.24%, 149, 16, 3, 512.35
1571167815, 0, 20, 807, 798, 260, 7.24%, 152, 17, 3, 512.33
1571167820, 0, 20, 808, 799, 260, 7.24%, 153, 17, 3, 475.55
1571168976, 0, 20, 809, 800, 260, 7.24%, 153, 17, 3, 492.71
1571169651, 0, 20, 810, 801, 260, 7.24%, 153, 17, 3, 501.14
1571169676, 0, 20, 811, 802, 260, 7.24%, 153, 17, 3, 451.06
1571170082, 0, 20, 812, 803, 260, 7.24%, 153, 17, 3, 497.38
1571170103, 0, 20, 813, 804, 260, 7.24%, 153, 17, 3, 516.31
1571170225, 0, 20, 816, 807, 260, 7.24%, 153, 17, 3, 497.39
1571170230, 0, 20, 817, 808, 260, 7.25%, 153, 17, 3, 49.70
1571170241, 0, 20, 817, 808, 260, 7.25%, 154, 17, 3, 49.47
1571170251, 0, 20, 818, 809, 260, 7.25%, 154, 17, 3, 461.80
1571170302, 0, 20, 819, 810, 260, 7.25%, 154, 17, 3, 488.66
1571170323, 0, 20, 822, 813, 260, 7.25%, 155, 17, 3, 489.18
1571170328, 0, 20, 826, 817, 260, 7.25%, 157, 17, 3, 458.27
1571170333, 0, 20, 829, 820, 260, 7.25%, 159, 17, 3, 447.66
1571170338, 0, 20, 833, 824, 260, 7.25%, 164, 17, 3, 466.44
1571170343, 0, 20, 834, 825, 260, 7.25%, 165, 18, 3, 386.24
1571170348, 0, 20, 838, 829, 260, 7.25%, 166, 18, 3, 443.75
1571170353, 0, 20, 842, 833, 260, 7.25%, 167, 18, 3, 447.45
1571170359, 0, 20, 844, 835, 260, 7.25%, 169, 18, 3, 454.70
1571170364, 0, 20, 848, 839, 260, 7.26%, 170, 18, 3, 452.84
1571170369, 0, 20, 851, 842, 260, 7.26%, 171, 18, 3, 460.01
1571170374, 0, 20, 852, 843, 260, 7.26%, 173, 19, 3, 471.50
1571170379, 0, 20, 852, 843, 260, 7.26%, 174, 19, 3, 455.87
1571170384, 0, 20, 854, 845, 260, 7.26%, 175, 19, 3, 467.21
1571170389, 0, 20, 855, 846, 260, 7.26%, 176, 19, 3, 451.48
1571170394, 0, 20, 857, 848, 260, 7.26%, 176, 19, 3, 447.08
1571170399, 0, 25, 857, 847, 263, 7.26%, 176, 19, 3, 597.19
1571172393, 0, 25, 857, 847, 263, 7.26%, 177, 19, 3, 530.07
1571172459, 0, 30, 857, 846, 261, 7.26%, 177, 19, 3, 504.95
1571172505, 0, 30, 858, 847, 261, 7.26%, 177, 19, 3, 382.70
1571176989, 0, 30, 859, 848, 261, 7.27%, 177, 19, 3, 61.14
1571180618, 0, 32, 859, 847, 261, 7.27%, 177, 19, 3, 389.43
1571180628, 0, 32, 859, 847, 261, 7.27%, 178, 19, 3, 361.95
1571188826, 0, 34, 860, 847, 261, 7.28%, 179, 19, 3, 388.89
1571188836, 0, 34, 861, 848, 261, 7.28%, 179, 19, 3, 401.57
1571196654, 0, 34, 862, 849, 261, 7.28%, 179, 19, 3, 410.00
1571197044, 0, 57, 862, 848, 260, 7.28%, 180, 19, 3, 386.34
1571197055, 0, 57, 863, 849, 260, 7.28%, 180, 19, 3, 298.51
1571205245, 0, 57, 864, 850, 260, 7.28%, 180, 19, 3, 387.91
1571205250, 0, 59, 864, 849, 260, 7.28%, 180, 19, 3, 388.28
1571205265, 0, 59, 865, 850, 260, 7.28%, 180, 19, 3, 410.09
1571213299, 0, 59, 866, 851, 260, 7.28%, 180, 19, 3, 49.46
1571213304, 0, 59, 867, 852, 260, 7.28%, 180, 19, 3, 387.76
1571213458, 0, 77, 867, 851, 259, 7.28%, 180, 19, 3, 388.42
1571213468, 0, 77, 874, 858, 259, 7.28%, 180, 19, 3, 377.86
1571213473, 0, 77, 884, 868, 259, 7.28%, 180, 19, 3, 377.02
1571215731, 0, 77, 886, 870, 259, 7.28%, 180, 19, 3, 396.93
1571215736, 0, 77, 887, 871, 259, 7.28%, 180, 19, 3, 387.71
