# unix_time, cycles_done, cur_path, paths_total, pending_total, pending_favs, map_size, unique_crashes, unique_hangs, max_depth, execs_per_sec
1571216764, 0, 0, 1, 1, 1, 3.59%, 0, 0, 1, 421.05
1571216769, 0, 0, 20, 20, 1, 3.82%, 0, 0, 2, 307.41
1571216775, 0, 0, 78, 78, 1, 4.07%, 0, 1, 2, 60.26
1571216781, 0, 0, 107, 107, 1, 4.31%, 24, 2, 2, 78.43
1571216787, 0, 0, 166, 166, 1, 4.64%, 31, 2, 2, 415.07
1571216792, 0, 0, 189, 189, 1, 4.69%, 31, 2, 2, 429.03
1571216807, 0, 0, 204, 204, 1, 4.73%, 31, 2, 2, 403.92
1571216812, 0, 0, 242, 242, 1, 4.77%, 31, 2, 2, 421.43
1571216817, 0, 0, 274, 274, 1, 4.82%, 31, 2, 2, 399.26
1571216827, 0, 0, 288, 288, 1, 4.85%, 31, 2, 2, 375.67
1571219052, 0, 0, 305, 305, 1, 4.89%, 32, 2, 2, 393.85
1571219057, 0, 0, 317, 317, 1, 4.91%, 34, 2, 2, 327.74
1571219062, 0, 0, 318, 318, 1, 4.92%, 39, 4, 2, 55.85
1571219068, 0, 0, 339, 339, 1, 4.95%, 40, 4, 2, 389.81
1571219073, 0, 0, 342, 342, 1, 4.95%, 40, 4, 2, 386.34
1571219088, 0, 0, 345, 345, 1, 4.96%, 40, 4, 2, 384.77
1571219093, 0, 0, 359, 359, 1, 4.96%, 40, 4, 2, 377.72
1571219104, 0, 0, 362, 362, 1, 4.97%, 40, 4, 2, 379.34
