# unix_time, cycles_done, cur_path, paths_total, pending_total, pending_favs, map_size, unique_crashes, unique_hangs, max_depth, execs_per_sec
1573548127, 0, 0, 1, 1, 1, 3.59%, 0, 0, 1, 421.05
1573548132, 0, 0, 14, 14, 1, 3.80%, 0, 0, 2, 45.61
1573548137, 0, 0, 73, 73, 1, 4.06%, 0, 0, 2, 438.88
1573548142, 0, 0, 102, 102, 1, 4.30%, 13, 1, 2, 448.62
1573548147, 0, 0, 129, 129, 1, 4.51%, 31, 2, 2, 261.28
1573548152, 0, 0, 186, 186, 1, 4.69%, 31, 2, 2, 438.72
1573548157, 0, 0, 189, 189, 1, 4.69%, 31, 2, 2, 433.62
1573548168, 0, 0, 191, 191, 1, 4.70%, 31, 2, 2, 434.35
1573548173, 0, 0, 235, 235, 1, 4.77%, 31, 2, 2, 478.80
1573548178, 0, 0, 273, 273, 1, 4.81%, 31, 2, 2, 435.18
1573548183, 0, 0, 274, 274, 1, 4.82%, 31, 2, 2, 432.39
1573548188, 0, 0, 288, 288, 1, 4.85%, 31, 2, 2, 421.36
1573550249, 0, 0, 305, 305, 1, 4.89%, 32, 2, 2, 423.61
1573550254, 0, 0, 315, 315, 1, 4.91%, 33, 3, 2, 439.34
1573550260, 0, 0, 318, 318, 1, 4.92%, 39, 5, 2, 25.96
1573550265, 0, 0, 339, 339, 1, 4.95%, 40, 5, 2, 369.53
1573550270, 0, 0, 342, 342, 1, 4.95%, 40, 5, 2, 407.27
1573550285, 0, 0, 348, 348, 1, 4.96%, 40, 5, 2, 406.89
1573550290, 0, 0, 359, 359, 1, 4.96%, 40, 5, 2, 408.19
1573550301, 0, 0, 362, 362, 1, 4.97%, 40, 5, 2, 415.79
1573552364, 0, 0, 366, 366, 1, 4.98%, 40, 5, 2, 422.61
1573552369, 0, 0, 369, 369, 1, 4.99%, 43, 5, 2, 76.19
1573552374, 0, 0, 382, 382, 1, 5.00%, 43, 5, 2, 416.72
1573552394, 0, 0, 386, 386, 1, 5.03%, 43, 5, 2, 410.77
1573552399, 0, 0, 390, 390, 1, 5.03%, 43, 5, 2, 415.09
1573552409, 0, 0, 391, 391, 1, 5.03%, 43, 5, 2, 415.70
1573554468, 0, 0, 393, 393, 1, 5.04%, 43, 5, 2, 406.81
1573554473, 0, 0, 394, 394, 1, 5.05%, 43, 5, 2, 410.88
1573554478, 0, 0, 395, 395, 1, 5.06%, 43, 5, 2, 411.62
1573554737, 0, 0, 405, 405, 1, 5.08%, 49, 5, 2, 409.25
1573554742, 0, 0, 411, 411, 1, 5.09%, 50, 7, 2, 410.95
1573554747, 0, 0, 417, 417, 1, 5.09%, 50, 7, 2, 48.67
1573554752, 0, 0, 422, 422, 1, 5.11%, 50, 7, 2, 418.20
1573554757, 0, 0, 423, 423, 1, 5.11%, 50, 7, 2, 429.98
1573554762, 0, 0, 424, 424, 1, 5.12%, 50, 7, 2, 443.51
1573554767, 0, 0, 430, 430, 1, 5.13%, 50, 7, 2, 422.26
1573554772, 0, 0, 431, 431, 1, 5.14%, 50, 7, 2, 426.22
1573554777, 0, 0, 433, 433, 1, 5.14%, 50, 7, 2, 474.07
1573554782, 0, 0, 434, 434, 1, 5.14%, 53, 7, 2, 440.18
1573554788, 0, 0, 435, 435, 1, 5.14%, 59, 7, 2, 391.78
1573554793, 0, 0, 435, 435, 1, 5.14%, 65, 7, 2, 66.42
1573554798, 0, 0, 441, 441, 1, 5.40%, 67, 7, 2, 437.94
1573554803, 0, 0, 443, 443, 1, 5.42%, 67, 7, 2, 403.87
1573554808, 0, 0, 444, 444, 1, 5.42%, 67, 7, 2, 355.51
1573554813, 0, 0, 451, 451, 1, 5.42%, 67, 7, 2, 405.93
1573554939, 0, 0, 456, 456, 1, 5.42%, 67, 7, 2, 428.31
1573554945, 0, 0, 457, 457, 1, 5.42%, 67, 7, 2, 398.49
1573554960, 0, 0, 462, 462, 1, 5.43%, 67, 7, 2, 435.33
1573554965, 0, 0, 464, 464, 1, 5.44%, 67, 7, 2, 410.25
1573554980, 0, 0, 466, 466, 1, 5.44%, 67, 7, 2, 367.56
1573554985, 0, 0, 468, 468, 1, 5.44%, 67, 7, 2, 407.60
1573555020, 0, 0, 469, 469, 1, 5.44%, 67, 7, 2, 422.52
1573555026, 0, 0, 470, 470, 1, 5.44%, 67, 7, 2, 434.70
1573555036, 0, 0, 472, 472, 1, 5.44%, 67, 9, 2, 438.16
1573555041, 0, 0, 472, 472, 1, 5.44%, 75, 9, 2, 512.27
1573555051, 0, 0, 477, 477, 1, 5.44%, 75, 9, 2, 426.03
1573555071, 0, 0, 478, 478, 1, 5.44%, 75, 9, 2, 417.34
1573555142, 0, 0, 479, 479, 1, 5.44%, 75, 9, 2, 434.71
1573555147, 0, 0, 482, 482, 1, 5.45%, 75, 9, 2, 249.55
1573555152, 0, 0, 483, 483, 1, 5.45%, 75, 9, 2, 384.44
1573555162, 0, 0, 484, 484, 1, 5.45%, 75, 9, 2, 410.08
1573555198, 0, 0, 485, 485, 1, 5.46%, 75, 9, 2, 449.61
1573555253, 0, 0, 488, 488, 1, 5.46%, 75, 9, 2, 447.51
1573555258, 0, 0, 489, 489, 1, 5.47%, 75, 9, 2, 421.02
1573555263, 0, 0, 491, 491, 1, 5.47%, 75, 9, 2, 415.18
1573555279, 0, 0, 494, 494, 1, 5.48%, 76, 10, 2, 79.18
1573555284, 0, 0, 496, 496, 1, 5.48%, 76, 10, 2, 346.88
1573555289, 0, 0, 499, 499, 1, 5.48%, 76, 10, 2, 403.18
1573555295, 0, 0, 501, 501, 1, 5.49%, 76, 10, 2, 38.83
1573555300, 0, 0, 503, 503, 1, 5.50%, 76, 10, 2, 433.26
1573555305, 0, 0, 504, 504, 1, 5.50%, 76, 10, 2, 427.52
1573555310, 0, 0, 506, 506, 1, 5.50%, 77, 10, 2, 430.07
1573555315, 0, 0, 506, 506, 1, 5.50%, 81, 10, 2, 413.07
1573555320, 0, 0, 509, 509, 1, 5.65%, 81, 10, 2, 406.65
1573555325, 0, 0, 516, 516, 1, 5.65%, 81, 10, 2, 412.12
1573555366, 0, 0, 521, 521, 1, 5.65%, 81, 10, 2, 426.83
1573555371, 0, 0, 522, 522, 1, 5.65%, 81, 10, 2, 422.91
1573555376, 0, 0, 524, 524, 1, 5.65%, 81, 10, 2, 416.88
1573555396, 0, 0, 530, 530, 1, 6.81%, 81, 10, 2, 61.03
1573555401, 0, 0, 537, 537, 1, 6.81%, 81, 10, 2, 415.76
1573555406, 0, 0, 537, 537, 1, 6.81%, 83, 10, 2, 425.04
1573555411, 0, 0, 539, 539, 1, 6.81%, 83, 10, 2, 430.65
1573555421, 0, 0, 547, 547, 1, 6.83%, 84, 10, 2, 432.22
1573555432, 0, 0, 547, 547, 1, 6.83%, 88, 10, 2, 76.04
1573555437, 0, 0, 550, 550, 1, 6.84%, 88, 10, 2, 418.82
1573555442, 0, 0, 552, 552, 1, 6.84%, 88, 10, 2, 395.49
1573555447, 0, 0, 562, 562, 1, 6.84%, 88, 10, 2, 393.84
1573555452, 0, 0, 564, 564, 1, 6.84%, 88, 10, 2, 410.64
1573555533, 0, 0, 570, 570, 1, 6.84%, 88, 10, 2, 422.76
1573555538, 0, 0, 573, 573, 1, 6.84%, 88, 10, 2, 417.44
1573555589, 0, 0, 576, 576, 1, 6.85%, 88, 10, 2, 54.43
1573555594, 0, 0, 593, 593, 1, 6.89%, 90, 10, 2, 430.77
1573555599, 0, 0, 597, 597, 1, 6.89%, 91, 10, 2, 426.03
1573555604, 0, 0, 605, 605, 1, 6.91%, 92, 11, 2, 49.88
1573555609, 0, 0, 608, 608, 1, 6.97%, 98, 11, 2, 417.23
1573555614, 0, 0, 610, 610, 1, 6.97%, 101, 11, 2, 49.56
1573555620, 0, 0, 611, 611, 1, 6.97%, 102, 11, 2, 448.69
1573555625, 0, 0, 614, 614, 1, 7.00%, 107, 11, 2, 426.85
1573555630, 0, 0, 618, 618, 1, 7.02%, 107, 11, 2, 420.07
1573555685, 0, 0, 618, 618, 1, 7.02%, 108, 12, 2, 27.30
1573555691, 0, 0, 620, 620, 1, 7.02%, 108, 12, 2, 424.76
1573555696, 0, 0, 622, 622, 1, 7.02%, 108, 12, 2, 435.25
1573555711, 0, 0, 630, 630, 1, 7.04%, 108, 12, 2, 413.07
1573555737, 0, 0, 664, 664, 1, 7.04%, 116, 12, 2, 415.27
1573555742, 0, 0, 675, 675, 1, 7.05%, 119, 13, 2, 405.53
1573555747, 0, 0, 680, 680, 1, 7.05%, 122, 14, 2, 417.07
1573555752, 0, 0, 686, 686, 1, 7.06%, 124, 15, 2, 114.16
1573555757, 0, 0, 689, 689, 1, 7.06%, 126, 16, 2, 293.40
1573555762, 0, 0, 692, 692, 1, 7.06%, 127, 16, 2, 374.60
1573555767, 0, 0, 693, 693, 1, 7.06%, 129, 16, 2, 394.56
1573555772, 0, 0, 696, 696, 1, 7.06%, 130, 16, 2, 406.06
1573555777, 0, 0, 699, 699, 1, 7.06%, 132, 16, 2, 405.38
1573555782, 0, 0, 699, 699, 1, 7.06%, 134, 17, 2, 419.86
1573555787, 0, 0, 700, 700, 1, 7.06%, 134, 18, 2, 398.13
1573555793, 0, 0, 704, 704, 1, 7.06%, 137, 19, 2, 387.59
1573555798, 0, 0, 709, 709, 1, 7.06%, 138, 19, 2, 400.55
1573555803, 0, 0, 713, 713, 1, 7.06%, 139, 19, 2, 412.19
1573555808, 0, 0, 714, 714, 1, 7.06%, 139, 21, 2, 16.11
1573555813, 0, 0, 717, 717, 1, 7.07%, 140, 21, 2, 403.16
1573555818, 0, 0, 720, 720, 1, 7.07%, 140, 21, 2, 406.14
1573555824, 0, 0, 724, 724, 1, 7.08%, 140, 21, 2, 408.31
1573555829, 0, 2, 728, 727, 234, 7.20%, 140, 21, 3, 645.80
1573555839, 0, 2, 729, 728, 234, 7.20%, 140, 21, 3, 643.11
1573555854, 0, 2, 731, 730, 234, 7.21%, 140, 21, 3, 645.20
1573556294, 0, 2, 734, 733, 234, 7.21%, 140, 21, 3, 610.74
1573556753, 0, 2, 735, 734, 234, 7.21%, 140, 21, 3, 572.36
1573556769, 0, 2, 736, 735, 234, 7.22%, 140, 21, 3, 644.98
1573557275, 0, 2, 742, 741, 234, 7.24%, 140, 21, 3, 48.75
1573557280, 0, 2, 746, 745, 234, 7.24%, 140, 21, 3, 644.84
1573557285, 0, 2, 748, 747, 234, 7.24%, 140, 21, 3, 638.76
1573557290, 0, 2, 750, 749, 234, 7.25%, 140, 21, 3, 642.02
1573557377, 0, 2, 752, 751, 234, 7.25%, 140, 21, 3, 645.79
1573557576, 0, 2, 753, 752, 234, 7.25%, 140, 21, 3, 73.99
1573557581, 0, 4, 753, 751, 250, 7.25%, 140, 21, 3, 406.26
1573557586, 0, 4, 754, 752, 250, 7.25%, 140, 21, 3, 654.15
1573559334, 0, 7, 754, 751, 249, 7.25%, 140, 21, 3, 466.67
1573559339, 0, 7, 756, 753, 249, 7.26%, 140, 21, 3, 592.56
1573562079, 0, 7, 757, 754, 249, 7.26%, 140, 21, 3, 582.16
1573562202, 0, 7, 759, 756, 249, 7.28%, 140, 21, 3, 637.49
1573562351, 0, 7, 760, 757, 249, 7.28%, 140, 21, 3, 614.57
1573562392, 0, 7, 767, 764, 249, 7.33%, 140, 21, 3, 643.63
1573562480, 0, 7, 768, 765, 249, 7.33%, 140, 21, 3, 638.80
1573562541, 0, 7, 770, 767, 249, 7.33%, 140, 21, 3, 632.72
1573562547, 0, 7, 776, 773, 249, 7.34%, 140, 21, 3, 627.57
1573562552, 0, 7, 780, 777, 249, 7.35%, 140, 21, 3, 622.39
1573562557, 0, 7, 783, 780, 249, 7.35%, 140, 21, 3, 624.97
1573562562, 0, 7, 788, 785, 249, 7.35%, 140, 21, 3, 621.20
1573562567, 0, 7, 790, 787, 249, 7.35%, 140, 21, 3, 613.77
1573562572, 0, 7, 794, 791, 249, 7.35%, 140, 21, 3, 624.01
1573562582, 0, 7, 795, 792, 249, 7.36%, 140, 21, 3, 621.13
1573562588, 0, 7, 796, 793, 249, 7.36%, 140, 21, 3, 622.83
1573562593, 0, 9, 800, 796, 260, 7.36%, 141, 21, 3, 48.99
1573563057, 0, 9, 801, 797, 260, 7.36%, 141, 21, 3, 552.45
1573563516, 0, 9, 801, 797, 260, 7.36%, 142, 21, 3, 542.58
1573564036, 0, 9, 803, 799, 260, 7.37%, 142, 21, 3, 49.05
1573564343, 0, 9, 804, 800, 260, 7.37%, 142, 21, 3, 72.60
1573564348, 0, 9, 806, 802, 260, 7.37%, 142, 21, 3, 507.14
1573564486, 0, 9, 808, 804, 260, 7.37%, 143, 21, 3, 616.53
1573564491, 0, 9, 809, 805, 260, 7.37%, 145, 21, 3, 603.31
1573564496, 0, 9, 811, 807, 260, 7.37%, 145, 21, 3, 593.45
1573564501, 0, 9, 814, 810, 260, 7.37%, 145, 21, 3, 601.58
1573564507, 0, 9, 816, 812, 260, 7.37%, 146, 21, 3, 586.96
1573564512, 0, 9, 818, 814, 260, 7.37%, 146, 21, 3, 580.02
1573564517, 0, 9, 819, 815, 260, 7.37%, 147, 21, 3, 580.84
1573564522, 0, 9, 820, 816, 260, 7.38%, 147, 21, 3, 592.97
1573564527, 0, 9, 824, 820, 260, 7.38%, 147, 21, 3, 599.19
1573564532, 0, 11, 826, 821, 261, 7.38%, 147, 21, 3, 645.98
1573565966, 0, 11, 827, 822, 261, 7.38%, 147, 21, 3, 48.11
1573566319, 0, 11, 828, 823, 261, 7.38%, 148, 21, 3, 723.41
1573566365, 0, 11, 829, 824, 261, 7.38%, 148, 21, 3, 729.28
1573566370, 0, 11, 833, 828, 261, 7.38%, 148, 21, 3, 702.62
1573566381, 0, 11, 835, 830, 261, 7.38%, 148, 21, 3, 681.83
1573566386, 0, 11, 837, 832, 261, 7.38%, 148, 21, 3, 691.14
1573566396, 0, 11, 839, 834, 261, 7.38%, 148, 21, 3, 694.36
1573566401, 0, 12, 841, 835, 265, 7.38%, 148, 21, 3, 679.76
1573567645, 0, 12, 841, 835, 265, 7.38%, 149, 21, 3, 49.66
1573568040, 0, 12, 842, 836, 265, 7.38%, 149, 21, 3, 689.92
1573568045, 0, 12, 843, 837, 265, 7.38%, 149, 21, 3, 696.27
1573568050, 0, 12, 846, 840, 265, 7.38%, 149, 21, 3, 692.49
1573568055, 0, 12, 847, 841, 265, 7.38%, 149, 21, 3, 684.78
1573568066, 0, 18, 847, 840, 263, 7.38%, 149, 21, 3, 361.64
1573568071, 0, 18, 848, 841, 263, 7.38%, 150, 21, 3, 442.13
1573574713, 0, 18, 848, 841, 263, 7.38%, 152, 21, 3, 468.83
1573574719, 0, 18, 848, 841, 263, 7.38%, 152, 22, 3, 48.80
1573574724, 0, 18, 848, 841, 263, 7.38%, 154, 22, 3, 478.84
1573574729, 0, 18, 850, 843, 263, 7.38%, 154, 22, 3, 476.48
1573574734, 0, 18, 852, 845, 263, 7.38%, 154, 22, 3, 487.33
1573574739, 0, 18, 852, 845, 263, 7.38%, 155, 22, 3, 476.36
1573574745, 0, 18, 854, 847, 263, 7.38%, 155, 22, 3, 477.63
1573574755, 0, 18, 854, 847, 263, 7.38%, 156, 22, 3, 471.51
1573574760, 0, 20, 854, 846, 260, 7.38%, 157, 22, 3, 501.63
1573574765, 0, 20, 856, 848, 260, 7.38%, 157, 22, 3, 563.70
1573574770, 0, 20, 857, 849, 260, 7.39%, 161, 23, 3, 497.41
1573574775, 0, 20, 858, 850, 260, 7.39%, 161, 23, 3, 585.45
1573575733, 0, 20, 859, 851, 260, 7.39%, 161, 23, 3, 554.88
1573576306, 0, 20, 860, 852, 260, 7.39%, 161, 23, 3, 594.43
1573576636, 0, 20, 861, 853, 260, 7.39%, 161, 23, 3, 606.06
1573576652, 0, 20, 862, 854, 260, 7.39%, 161, 23, 3, 514.25
1573576748, 0, 20, 864, 856, 260, 7.39%, 161, 23, 3, 638.69
1573576753, 0, 20, 865, 857, 260, 7.39%, 161, 23, 3, 632.40
1573576758, 0, 20, 866, 858, 260, 7.39%, 161, 23, 3, 626.87
1573576769, 0, 20, 866, 858, 260, 7.39%, 162, 23, 3, 377.36
1573576774, 0, 20, 867, 859, 260, 7.39%, 162, 23, 3, 552.79
1573576820, 0, 20, 868, 860, 260, 7.39%, 162, 23, 3, 600.04
1573576840, 0, 20, 870, 862, 260, 7.39%, 164, 23, 3, 542.80
1573576850, 0, 20, 875, 867, 260, 7.40%, 165, 23, 3, 541.95
1573576855, 0, 20, 879, 871, 260, 7.40%, 167, 23, 3, 528.30
1573576860, 0, 20, 880, 872, 260, 7.40%, 168, 24, 3, 597.46
1573576866, 0, 20, 883, 875, 260, 7.40%, 169, 25, 3, 551.82
1573576871, 0, 25, 884, 875, 258, 7.40%, 169, 25, 3, 558.12
1573576876, 0, 25, 885, 876, 258, 7.40%, 169, 25, 3, 730.24
1573578494, 0, 25, 885, 876, 258, 7.40%, 170, 25, 3, 727.31
1573578555, 0, 25, 886, 877, 258, 7.40%, 170, 25, 3, 693.50
1573578570, 0, 25, 887, 878, 258, 7.40%, 170, 25, 3, 653.28
1573578575, 0, 30, 888, 878, 257, 7.40%, 170, 25, 3, 47.11
1573578611, 0, 30, 889, 879, 257, 7.40%, 170, 25, 3, 480.01
1573582223, 0, 30, 890, 880, 257, 7.40%, 170, 25, 3, 451.51
1573585099, 0, 30, 891, 881, 257, 7.40%, 170, 25, 3, 477.01
1573585119, 0, 32, 891, 880, 257, 7.40%, 170, 25, 3, 478.01
1573585124, 0, 32, 892, 881, 257, 7.43%, 170, 25, 3, 460.60
1573585129, 0, 32, 892, 881, 257, 7.43%, 171, 25, 3, 455.07
1573591647, 0, 32, 892, 881, 257, 7.43%, 172, 25, 3, 475.32
1573591652, 0, 34, 892, 880, 254, 7.43%, 173, 25, 3, 483.65
1573591657, 0, 34, 893, 881, 254, 7.43%, 173, 25, 3, 476.61
1573597905, 0, 34, 894, 882, 254, 7.43%, 173, 25, 3, 514.99
1573598197, 0, 34, 894, 882, 254, 7.43%, 173, 26, 3, 41.52
1573598203, 0, 77, 894, 881, 253, 7.43%, 173, 26, 3, 465.21
1573598208, 0, 77, 895, 882, 253, 7.43%, 173, 26, 3, 465.33
1573598218, 0, 77, 908, 895, 253, 7.43%, 173, 26, 3, 473.95
1573600036, 0, 77, 910, 897, 253, 7.43%, 173, 26, 3, 510.22
1573600041, 0, 77, 911, 898, 253, 7.43%, 173, 26, 3, 477.86
1573601859, 0, 77, 914, 901, 253, 7.43%, 173, 26, 3, 478.38
1573603942, 0, 77, 919, 906, 253, 7.43%, 173, 26, 3, 475.11
1573603947, 0, 77, 923, 910, 253, 7.43%, 173, 26, 3, 511.25
1573604152, 0, 77, 925, 912, 253, 7.43%, 173, 26, 3, 467.62
1573604279, 0, 77, 926, 913, 253, 7.43%, 173, 26, 3, 496.29
1573604351, 0, 77, 927, 914, 253, 7.43%, 173, 26, 3, 479.32
1573604448, 0, 77, 927, 914, 253, 7.43%, 174, 26, 3, 478.97
1573604484, 0, 77, 929, 916, 253, 7.43%, 175, 26, 3, 458.91
1573604602, 0, 77, 930, 917, 253, 7.43%, 175, 26, 3, 499.96
1573604612, 0, 77, 931, 918, 253, 7.44%, 175, 26, 3, 499.61
1573604617, 0, 77, 933, 920, 253, 7.44%, 176, 26, 3, 49.45
1573604622, 0, 77, 934, 921, 253, 7.44%, 176, 26, 3, 474.98
1573604627, 0, 77, 935, 922, 253, 7.44%, 177, 26, 3, 476.78
1573604729, 0, 77, 936, 923, 253, 7.44%, 177, 26, 3, 473.55
1573604740, 0, 77, 938, 925, 253, 7.44%, 177, 26, 3, 462.87
1573604765, 0, 77, 939, 926, 253, 7.44%, 177, 26, 3, 474.10
1573604770, 0, 96, 939, 925, 257, 7.44%, 177, 27, 3, 458.42
1573604786, 0, 96, 942, 928, 257, 7.44%, 177, 27, 3, 480.75
1573604806, 0, 96, 947, 933, 257, 7.44%, 177, 27, 3, 469.88
1573608429, 0, 96, 948, 934, 257, 7.44%, 177, 27, 3, 480.62
1573610469, 0, 96, 949, 935, 257, 7.44%, 177, 27, 3, 470.12
1573611063, 0, 96, 950, 936, 257, 7.44%, 177, 27, 3, 484.44
1573611180, 0, 96, 950, 936, 257, 7.44%, 178, 27, 3, 505.76
1573611195, 0, 96, 951, 937, 257, 7.44%, 178, 27, 3, 467.46
1573611211, 0, 96, 952, 938, 257, 7.44%, 178, 27, 3, 471.75
1573611313, 0, 96, 952, 938, 257, 7.44%, 178, 28, 3, 482.15
1573611324, 0, 102, 952, 937, 256, 7.44%, 178, 28, 3, 542.29
1573612820, 0, 102, 952, 937, 256, 7.44%, 179, 28, 3, 621.48
1573612934, 0, 102, 953, 938, 256, 7.44%, 179, 28, 3, 637.18
1573613089, 0, 102, 954, 939, 256, 7.44%, 179, 28, 3, 639.73
1573613150, 0, 102, 955, 940, 256, 7.44%, 179, 28, 3, 631.02
1573613222, 0, 102, 956, 941, 256, 7.44%, 179, 28, 3, 539.38
1573613237, 0, 102, 957, 942, 256, 7.44%, 179, 28, 3, 605.56
1573613304, 0, 102, 958, 943, 256, 7.44%, 179, 28, 3, 580.29
1573613314, 0, 102, 959, 944, 256, 7.44%, 179, 28, 3, 571.35
1573613329, 0, 102, 959, 944, 256, 7.44%, 179, 29, 3, 627.70
1573613334, 0, 104, 959, 943, 256, 7.44%, 179, 29, 3, 637.78
1573615236, 0, 104, 960, 944, 256, 7.44%, 179, 29, 3, 601.92
1573615252, 0, 104, 960, 944, 256, 7.44%, 179, 30, 3, 620.02
1573615314, 0, 104, 961, 945, 256, 7.44%, 181, 30, 3, 584.32
1573615319, 0, 104, 961, 945, 256, 7.44%, 182, 30, 3, 586.40
1573615329, 0, 104, 962, 946, 256, 7.44%, 182, 30, 3, 589.35
1573615334, 0, 104, 963, 947, 256, 7.44%, 182, 30, 3, 573.20
1573615339, 0, 104, 964, 948, 256, 7.44%, 182, 30, 3, 583.39
1573615344, 0, 105, 964, 947, 255, 7.44%, 182, 30, 3, 533.82
1573615355, 0, 105, 964, 947, 255, 7.44%, 182, 31, 3, 30.81
1573615380, 0, 105, 965, 948, 255, 7.44%, 182, 31, 3, 476.01
1573621750, 0, 105, 966, 949, 255, 7.44%, 182, 31, 3, 495.55
1573621755, 0, 105, 966, 949, 255, 7.44%, 183, 32, 3, 49.69
1573621873, 0, 114, 966, 948, 256, 7.44%, 183, 32, 3, 548.22
1573621878, 0, 114, 968, 950, 256, 7.46%, 183, 32, 3, 548.68
1573621883, 0, 114, 971, 953, 256, 7.47%, 183, 32, 3, 501.23
1573621888, 0, 114, 974, 956, 256, 7.47%, 183, 32, 3, 531.13
1573621904, 0, 114, 985, 967, 256, 7.47%, 183, 32, 3, 529.97
1573625126, 0, 114, 986, 968, 256, 7.47%, 183, 32, 3, 523.63
1573626741, 0, 114, 987, 969, 256, 7.47%, 183, 32, 3, 537.57
1573626940, 0, 114, 988, 970, 256, 7.47%, 183, 32, 3, 518.59
1573626991, 0, 114, 989, 971, 256, 7.47%, 183, 32, 3, 539.05
1573627450, 0, 114, 991, 973, 256, 7.47%, 183, 32, 3, 558.52
1573627465, 0, 114, 992, 974, 256, 7.47%, 183, 32, 3, 521.06
1573627470, 0, 114, 993, 975, 256, 7.47%, 183, 32, 3, 527.58
1573627541, 0, 114, 994, 976, 256, 7.47%, 183, 32, 3, 543.66
1573627572, 0, 114, 994, 976, 256, 7.47%, 184, 32, 3, 567.42
1573627597, 0, 114, 994, 976, 256, 7.47%, 185, 32, 3, 492.84
1573627689, 0, 114, 995, 977, 256, 7.47%, 185, 32, 3, 520.68
1573627694, 0, 114, 996, 978, 256, 7.47%, 186, 32, 3, 530.91
1573627699, 0, 114, 997, 979, 256, 7.47%, 186, 32, 3, 515.19
1573627704, 0, 114, 998, 980, 256, 7.47%, 186, 32, 3, 518.70
1573627709, 0, 114, 999, 981, 256, 7.48%, 187, 32, 3, 520.33
1573627725, 0, 116, 999, 980, 259, 7.48%, 187, 32, 3, 46.68
1573633421, 0, 116, 999, 980, 259, 7.48%, 188, 32, 3, 519.13
1573633548, 0, 117, 999, 979, 258, 7.48%, 188, 32, 3, 495.31
1573633553, 0, 117, 1000, 980, 258, 7.48%, 188, 32, 3, 501.90
1573633563, 0, 117, 1001, 981, 258, 7.48%, 188, 32, 3, 491.51
1573633579, 0, 117, 1007, 987, 258, 7.48%, 188, 32, 3, 476.68
