# unix_time, cycles_done, cur_path, paths_total, pending_total, pending_favs, map_size, unique_crashes, unique_hangs, max_depth, execs_per_sec
1571216707, 0, 0, 1, 1, 1, 3.59%, 0, 0, 1, 444.44
1571216712, 0, 0, 20, 20, 1, 3.82%, 0, 0, 2, 485.06
1571216718, 0, 0, 78, 78, 1, 4.07%, 0, 1, 2, 74.49
1571216723, 0, 0, 107, 107, 1, 4.31%, 24, 2, 2, 76.51
1571216728, 0, 0, 169, 169, 1, 4.64%, 31, 2, 2, 82.45
1571216734, 0, 0, 189, 189, 1, 4.69%, 31, 2, 2, 482.03
1571216744, 0, 0, 191, 191, 1, 4.70%, 31, 2, 2, 483.25
1571216749, 0, 0, 240, 240, 1, 4.77%, 31, 2, 2, 488.27
1571216754, 0, 0, 273, 273, 1, 4.81%, 31, 2, 2, 498.59
1571216759, 0, 0, 276, 276, 1, 4.82%, 31, 2, 2, 468.13
1571216764, 0, 0, 288, 288, 1, 4.85%, 31, 2, 2, 472.25
1571218953, 0, 0, 295, 295, 1, 4.86%, 31, 2, 2, 37.94
1571218958, 0, 0, 310, 310, 1, 4.90%, 32, 2, 2, 362.10
1571218964, 0, 0, 318, 318, 1, 4.92%, 37, 3, 2, 56.28
1571218969, 0, 0, 327, 327, 1, 4.94%, 40, 4, 2, 342.59
1571218974, 0, 0, 342, 342, 1, 4.95%, 40, 4, 2, 375.36
1571218990, 0, 0, 345, 345, 1, 4.96%, 40, 4, 2, 386.36
1571218995, 0, 0, 350, 350, 1, 4.96%, 40, 4, 2, 385.74
1571219000, 0, 0, 359, 359, 1, 4.96%, 40, 4, 2, 386.06
1571219010, 0, 0, 362, 362, 1, 4.97%, 40, 4, 2, 386.76
1571221203, 0, 0, 363, 363, 1, 4.98%, 40, 4, 2, 374.30
1571221209, 0, 0, 366, 366, 1, 4.98%, 40, 4, 2, 396.65
1571221214, 0, 0, 369, 369, 1, 4.99%, 43, 4, 2, 383.36
1571221219, 0, 0, 382, 382, 1, 5.00%, 43, 4, 2, 389.94
1571221239, 0, 0, 383, 383, 1, 5.00%, 43, 4, 2, 382.81
1571221245, 0, 0, 390, 390, 1, 5.03%, 43, 4, 2, 385.69
1571221255, 0, 0, 391, 391, 1, 5.03%, 43, 4, 2, 384.17
1571223452, 0, 0, 392, 392, 1, 5.04%, 43, 4, 2, 386.69
1571223457, 0, 0, 394, 394, 1, 5.05%, 43, 4, 2, 388.48
1571223462, 0, 0, 395, 395, 1, 5.06%, 43, 4, 2, 388.35
1571223735, 0, 0, 403, 403, 1, 5.07%, 49, 4, 2, 363.00
1571223740, 0, 0, 408, 408, 1, 5.08%, 49, 5, 2, 32.61
1571223745, 0, 0, 414, 414, 1, 5.09%, 50, 6, 2, 388.62
1571223750, 0, 0, 417, 417, 1, 5.09%, 50, 6, 2, 48.70
1571223755, 0, 0, 422, 422, 1, 5.11%, 50, 6, 2, 427.67
1571223761, 0, 0, 423, 423, 1, 5.11%, 50, 6, 2, 396.71
1571223766, 0, 0, 429, 429, 1, 5.13%, 50, 6, 2, 408.79
1571223771, 0, 0, 430, 430, 1, 5.13%, 50, 6, 2, 393.75
1571223776, 0, 0, 431, 431, 1, 5.14%, 50, 6, 2, 384.60
1571223781, 0, 0, 433, 433, 1, 5.14%, 50, 6, 2, 419.90
1571223786, 0, 0, 434, 434, 1, 5.14%, 53, 6, 2, 406.61
1571223791, 0, 0, 435, 435, 1, 5.14%, 59, 6, 2, 380.22
1571223796, 0, 0, 435, 435, 1, 5.14%, 65, 6, 2, 451.50
1571223802, 0, 0, 441, 441, 1, 5.40%, 67, 6, 2, 411.34
1571223807, 0, 0, 443, 443, 1, 5.42%, 67, 6, 2, 395.41
1571223812, 0, 0, 444, 444, 1, 5.42%, 67, 6, 2, 400.32
1571223817, 0, 0, 451, 451, 1, 5.42%, 67, 6, 2, 386.57
1571223950, 0, 0, 456, 456, 1, 5.42%, 67, 6, 2, 372.75
1571223955, 0, 0, 457, 457, 1, 5.42%, 67, 6, 2, 351.22
1571223975, 0, 0, 462, 462, 1, 5.43%, 67, 6, 2, 379.70
1571223980, 0, 0, 464, 464, 1, 5.44%, 67, 6, 2, 389.89
1571223995, 0, 0, 467, 467, 1, 5.44%, 67, 6, 2, 364.38
1571224001, 0, 0, 468, 468, 1, 5.44%, 67, 6, 2, 385.41
1571224041, 0, 0, 470, 470, 1, 5.44%, 67, 6, 2, 409.13
1571224052, 0, 0, 470, 470, 1, 5.44%, 67, 7, 2, 11.08
1571224057, 0, 0, 472, 472, 1, 5.44%, 73, 8, 2, 438.61
1571224063, 0, 0, 472, 472, 1, 5.44%, 75, 8, 2, 458.13
1571224068, 0, 0, 473, 473, 1, 5.44%, 75, 8, 2, 441.39
1571224073, 0, 0, 477, 477, 1, 5.44%, 75, 8, 2, 418.48
1571224088, 0, 0, 478, 478, 1, 5.44%, 75, 8, 2, 394.05
1571224170, 0, 0, 480, 480, 1, 5.44%, 75, 8, 2, 416.08
1571224175, 0, 0, 482, 482, 1, 5.45%, 75, 8, 2, 301.38
1571224180, 0, 0, 483, 483, 1, 5.45%, 75, 8, 2, 372.11
1571224190, 0, 0, 484, 484, 1, 5.45%, 75, 8, 2, 392.32
1571224226, 0, 0, 485, 485, 1, 5.46%, 75, 8, 2, 430.22
1571224282, 0, 0, 486, 486, 1, 5.46%, 75, 8, 2, 402.78
1571224287, 0, 0, 488, 488, 1, 5.46%, 75, 8, 2, 416.47
1571224292, 0, 0, 489, 489, 1, 5.47%, 75, 8, 2, 399.11
1571224297, 0, 0, 491, 491, 1, 5.47%, 75, 8, 2, 392.58
1571224312, 0, 0, 494, 494, 1, 5.48%, 76, 8, 2, 378.12
1571224317, 0, 0, 496, 496, 1, 5.48%, 76, 9, 2, 397.24
1571224328, 0, 0, 500, 500, 1, 5.48%, 76, 9, 2, 390.77
1571224333, 0, 0, 501, 501, 1, 5.49%, 76, 9, 2, 47.37
1571224338, 0, 0, 504, 504, 1, 5.50%, 76, 9, 2, 410.30
1571224343, 0, 0, 505, 505, 1, 5.50%, 76, 9, 2, 83.54
1571224348, 0, 0, 506, 506, 1, 5.50%, 77, 9, 2, 346.56
1571224353, 0, 0, 508, 508, 1, 5.65%, 81, 9, 2, 414.19
1571224358, 0, 0, 513, 513, 1, 5.65%, 81, 9, 2, 395.91
1571224363, 0, 0, 516, 516, 1, 5.65%, 81, 9, 2, 392.00
1571224404, 0, 0, 517, 517, 1, 5.65%, 81, 9, 2, 401.82
1571224409, 0, 0, 522, 522, 1, 5.65%, 81, 9, 2, 397.11
1571224414, 0, 0, 524, 524, 1, 5.65%, 81, 9, 2, 392.90
1571224440, 0, 0, 530, 530, 1, 6.81%, 81, 9, 2, 56.08
1571224445, 0, 0, 537, 537, 1, 6.81%, 83, 9, 2, 435.07
1571224455, 0, 0, 539, 539, 1, 6.81%, 83, 9, 2, 404.03
1571224466, 0, 0, 547, 547, 1, 6.83%, 84, 9, 2, 329.15
1571224476, 0, 0, 547, 547, 1, 6.83%, 88, 9, 2, 73.17
1571224481, 0, 0, 550, 550, 1, 6.84%, 88, 9, 2, 396.17
1571224486, 0, 0, 552, 552, 1, 6.84%, 88, 9, 2, 361.88
1571224491, 0, 0, 561, 561, 1, 6.84%, 88, 9, 2, 404.55
1571224496, 0, 0, 564, 564, 1, 6.84%, 88, 9, 2, 387.36
1571224578, 0, 0, 565, 565, 1, 6.84%, 88, 9, 2, 387.14
1571224583, 0, 0, 570, 570, 1, 6.84%, 88, 9, 2, 392.10
1571224588, 0, 0, 573, 573, 1, 6.84%, 88, 9, 2, 397.72
1571224644, 0, 0, 576, 576, 1, 6.85%, 88, 9, 2, 53.00
1571224649, 0, 0, 595, 595, 1, 6.89%, 90, 9, 2, 413.45
1571224654, 0, 0, 599, 599, 1, 6.89%, 91, 9, 2, 406.21
1571224659, 0, 0, 607, 607, 1, 6.91%, 92, 10, 2, 49.26
1571224665, 0, 0, 610, 610, 1, 6.97%, 95, 10, 2, 402.78
1571224670, 0, 0, 611, 611, 1, 6.97%, 100, 10, 2, 484.91
1571224675, 0, 0, 613, 613, 1, 6.97%, 102, 10, 2, 313.90
1571224680, 0, 0, 616, 616, 1, 7.00%, 107, 10, 2, 375.54
1571224685, 0, 0, 620, 620, 1, 7.02%, 107, 10, 2, 397.06
1571224746, 0, 0, 620, 620, 1, 7.02%, 108, 11, 2, 400.00
1571224751, 0, 0, 622, 622, 1, 7.02%, 108, 11, 2, 400.30
1571224762, 0, 0, 624, 624, 1, 7.02%, 108, 11, 2, 321.89
1571224772, 0, 0, 632, 632, 1, 7.04%, 108, 11, 2, 394.04
1571224797, 0, 0, 634, 634, 1, 7.04%, 108, 11, 2, 395.46
1571224802, 0, 0, 666, 666, 1, 7.05%, 120, 11, 2, 384.35
1571224808, 0, 0, 677, 677, 1, 7.05%, 124, 11, 2, 379.96
1571224813, 0, 0, 684, 684, 1, 7.05%, 125, 11, 2, 380.97
1571224818, 0, 0, 688, 688, 1, 7.05%, 129, 11, 2, 375.31
1571224823, 0, 0, 692, 692, 1, 7.05%, 130, 11, 2, 359.65
1571224828, 0, 0, 694, 694, 1, 7.06%, 131, 11, 2, 381.21
1571224833, 0, 0, 694, 694, 1, 7.06%, 133, 12, 2, 366.65
1571224838, 0, 0, 696, 696, 1, 7.06%, 133, 12, 2, 379.60
1571224843, 0, 0, 697, 697, 1, 7.06%, 136, 12, 2, 377.77
1571224848, 0, 0, 701, 701, 1, 7.07%, 136, 12, 2, 382.25
1571224853, 0, 0, 704, 704, 1, 7.07%, 138, 12, 2, 380.50
1571224859, 0, 0, 707, 707, 1, 7.07%, 141, 12, 2, 381.89
1571224864, 0, 0, 708, 708, 1, 7.07%, 142, 13, 2, 396.28
1571224869, 0, 0, 709, 709, 1, 7.07%, 142, 13, 2, 386.82
1571224874, 0, 0, 710, 710, 1, 7.07%, 142, 13, 2, 383.02
1571224879, 0, 0, 711, 711, 1, 7.07%, 142, 14, 2, 324.68
1571224884, 0, 0, 711, 711, 1, 7.07%, 143, 14, 2, 371.91
1571224889, 0, 2, 713, 712, 233, 7.07%, 143, 14, 2, 411.58
1571224894, 0, 2, 716, 715, 233, 7.07%, 143, 14, 3, 606.71
1571224899, 0, 2, 717, 716, 233, 7.07%, 143, 14, 3, 610.31
1571224915, 0, 2, 719, 718, 233, 7.08%, 143, 14, 3, 612.49
1571225382, 0, 2, 721, 720, 233, 7.08%, 143, 14, 3, 587.20
1571225864, 0, 2, 722, 721, 233, 7.08%, 143, 14, 3, 614.01
1571225879, 0, 2, 723, 722, 233, 7.09%, 143, 14, 3, 614.50
1571226407, 0, 2, 729, 728, 233, 7.11%, 143, 14, 3, 49.52
1571226412, 0, 2, 733, 732, 233, 7.11%, 143, 14, 3, 550.71
1571226417, 0, 2, 735, 734, 233, 7.11%, 143, 14, 3, 602.22
1571226422, 0, 2, 737, 736, 233, 7.11%, 143, 14, 3, 613.33
1571226514, 0, 2, 739, 738, 233, 7.12%, 143, 14, 3, 605.56
1571226673, 0, 2, 740, 739, 233, 7.12%, 143, 14, 3, 614.43
1571226729, 0, 2, 741, 740, 233, 7.12%, 143, 14, 3, 48.65
1571226734, 0, 4, 741, 739, 247, 7.12%, 143, 14, 3, 49.38
1571228575, 0, 7, 743, 740, 246, 7.13%, 143, 14, 3, 554.77
1571231444, 0, 7, 744, 741, 246, 7.13%, 143, 14, 3, 522.60
1571231573, 0, 7, 746, 743, 246, 7.14%, 143, 14, 3, 605.99
1571231728, 0, 7, 747, 744, 246, 7.14%, 143, 14, 3, 590.73
1571231769, 0, 7, 754, 751, 246, 7.20%, 143, 14, 3, 580.25
1571231852, 0, 7, 755, 752, 246, 7.20%, 143, 14, 3, 598.06
1571231914, 0, 7, 760, 757, 246, 7.21%, 143, 14, 3, 590.87
1571231919, 0, 7, 765, 762, 246, 7.22%, 143, 14, 3, 586.55
1571231924, 0, 7, 766, 763, 246, 7.22%, 143, 14, 3, 623.99
1571231929, 0, 7, 768, 765, 246, 7.23%, 143, 14, 3, 583.33
1571231934, 0, 7, 770, 767, 246, 7.23%, 143, 14, 3, 587.81
1571231939, 0, 7, 775, 772, 246, 7.24%, 143, 14, 3, 569.55
1571231945, 0, 7, 779, 776, 246, 7.24%, 143, 14, 3, 583.43
1571231950, 0, 7, 781, 778, 246, 7.24%, 143, 14, 3, 595.39
1571231955, 0, 9, 782, 778, 257, 7.24%, 143, 14, 3, 599.47
1571231960, 0, 9, 782, 778, 257, 7.24%, 144, 14, 3, 615.06
1571232441, 0, 9, 783, 779, 257, 7.24%, 144, 14, 3, 616.72
1571232922, 0, 9, 783, 779, 257, 7.24%, 145, 14, 3, 610.20
1571233473, 0, 9, 785, 781, 257, 7.24%, 145, 14, 3, 58.43
1571233786, 0, 9, 786, 782, 257, 7.24%, 145, 14, 3, 58.68
1571233791, 0, 9, 788, 784, 257, 7.24%, 145, 14, 3, 611.02
1571233930, 0, 11, 788, 783, 257, 7.24%, 146, 14, 3, 610.06
1571235445, 0, 11, 789, 784, 257, 7.24%, 146, 14, 3, 47.12
1571235856, 0, 11, 789, 784, 257, 7.24%, 147, 14, 3, 535.31
1571235913, 0, 11, 791, 786, 257, 7.24%, 147, 14, 3, 551.61
1571235918, 0, 11, 796, 791, 257, 7.25%, 147, 14, 3, 572.33
1571235923, 0, 11, 799, 794, 257, 7.25%, 147, 14, 3, 574.57
1571235928, 0, 11, 800, 795, 257, 7.25%, 147, 14, 3, 574.08
1571235933, 0, 11, 803, 798, 257, 7.25%, 147, 14, 3, 572.28
1571235939, 0, 11, 806, 801, 257, 7.25%, 147, 14, 3, 573.76
1571235944, 0, 11, 809, 804, 257, 7.25%, 147, 14, 3, 557.42
1571235949, 0, 11, 810, 805, 257, 7.25%, 147, 14, 3, 567.42
1571235954, 0, 11, 811, 806, 257, 7.25%, 147, 14, 3, 565.10
1571235959, 0, 12, 811, 805, 264, 7.25%, 147, 14, 3, 633.97
1571237481, 0, 12, 811, 805, 264, 7.25%, 148, 14, 3, 49.38
1571237944, 0, 18, 811, 804, 263, 7.25%, 148, 14, 3, 598.43
1571237955, 0, 18, 812, 805, 263, 7.25%, 148, 14, 3, 394.86
1571237960, 0, 18, 812, 805, 263, 7.25%, 149, 14, 3, 422.96
1571240200, 0, 18, 812, 805, 263, 7.25%, 150, 14, 3, 401.06
1571246058, 0, 18, 813, 806, 263, 7.26%, 150, 14, 3, 386.47
1571246063, 0, 20, 813, 805, 263, 7.26%, 150, 14, 3, 512.44
1571246068, 0, 20, 814, 806, 263, 7.26%, 150, 15, 3, 83.54
1571246073, 0, 20, 815, 807, 263, 7.26%, 154, 15, 3, 482.51
1571246078, 0, 20, 816, 808, 263, 7.26%, 154, 15, 3, 495.88
1571247224, 0, 20, 817, 809, 263, 7.26%, 154, 15, 3, 490.79
1571247922, 0, 20, 818, 810, 263, 7.26%, 154, 15, 3, 459.62
1571248081, 0, 20, 819, 811, 263, 7.26%, 154, 15, 3, 300.80
1571248322, 0, 20, 820, 812, 263, 7.26%, 154, 15, 3, 491.94
1571248342, 0, 20, 821, 813, 263, 7.26%, 154, 15, 3, 471.92
1571248460, 0, 20, 823, 815, 263, 7.26%, 154, 15, 3, 383.39
1571248465, 0, 20, 824, 816, 263, 7.26%, 154, 15, 3, 487.83
1571248470, 0, 20, 825, 817, 263, 7.27%, 154, 15, 3, 49.47
1571248480, 0, 20, 825, 817, 263, 7.27%, 155, 15, 3, 49.49
1571248485, 0, 20, 826, 818, 263, 7.27%, 155, 15, 3, 471.80
1571248536, 0, 20, 827, 819, 263, 7.27%, 155, 15, 3, 492.12
1571248557, 0, 20, 829, 821, 263, 7.27%, 157, 15, 3, 467.99
1571248562, 0, 20, 834, 826, 263, 7.27%, 161, 15, 3, 466.17
1571248568, 0, 20, 837, 829, 263, 7.27%, 161, 16, 3, 40.28
1571248573, 0, 20, 839, 831, 263, 7.27%, 165, 16, 3, 428.76
1571248578, 0, 20, 841, 833, 263, 7.27%, 167, 16, 3, 454.02
1571248583, 0, 20, 842, 834, 263, 7.27%, 169, 17, 3, 402.05
1571248588, 0, 20, 844, 836, 263, 7.27%, 169, 18, 3, 464.92
1571248594, 0, 20, 845, 837, 263, 7.27%, 170, 19, 3, 472.64
1571248599, 0, 20, 848, 840, 263, 7.27%, 172, 20, 3, 17.72
1571248604, 0, 20, 849, 841, 263, 7.27%, 173, 20, 3, 452.61
1571248610, 0, 20, 849, 841, 263, 7.27%, 174, 20, 3, 448.04
1571248620, 0, 20, 849, 841, 263, 7.27%, 175, 20, 3, 452.79
1571248625, 0, 20, 851, 843, 263, 7.27%, 175, 20, 3, 452.55
1571248630, 0, 20, 852, 844, 263, 7.27%, 175, 20, 3, 447.57
1571248635, 0, 25, 852, 843, 264, 7.27%, 176, 20, 3, 600.00
1571250627, 0, 25, 852, 843, 264, 7.27%, 177, 20, 3, 519.39
1571250693, 0, 30, 852, 842, 262, 7.27%, 177, 20, 3, 458.20
1571250739, 0, 30, 853, 843, 262, 7.27%, 177, 20, 3, 386.78
1571258838, 0, 30, 855, 845, 262, 7.27%, 179, 20, 3, 387.94
1571258848, 0, 32, 855, 844, 261, 7.27%, 179, 20, 3, 390.71
1571266973, 0, 32, 856, 845, 261, 7.27%, 179, 20, 3, 387.12
1571266979, 0, 32, 857, 846, 261, 7.27%, 179, 20, 3, 379.85
1571266984, 0, 34, 857, 845, 260, 7.27%, 180, 20, 3, 382.99
1571266994, 0, 34, 858, 846, 260, 7.27%, 180, 20, 3, 410.30
1571275090, 0, 38, 858, 845, 259, 7.27%, 180, 20, 3, 389.41
1571275096, 0, 38, 859, 846, 259, 7.27%, 180, 20, 3, 394.47
1571283226, 0, 40, 859, 845, 258, 7.27%, 180, 20, 3, 388.30
1571283236, 0, 40, 859, 845, 258, 7.27%, 181, 20, 3, 385.61
1571290863, 0, 40, 860, 846, 258, 7.27%, 181, 20, 3, 384.07
1571291366, 0, 64, 860, 845, 258, 7.27%, 181, 20, 3, 382.39
1571299399, 0, 64, 862, 847, 258, 7.27%, 181, 20, 3, 360.02
1571299557, 0, 75, 862, 846, 258, 7.27%, 182, 20, 3, 425.57
1571301725, 0, 75, 863, 847, 258, 7.28%, 182, 20, 3, 494.87
1571301786, 0, 75, 864, 848, 258, 7.28%, 182, 20, 3, 392.65
1571301889, 0, 75, 866, 850, 258, 7.28%, 182, 20, 3, 510.72
1571301972, 0, 89, 866, 849, 258, 7.28%, 182, 20, 3, 428.18
1571301977, 0, 89, 867, 850, 258, 7.28%, 182, 20, 3, 447.57
1571301982, 0, 89, 873, 856, 258, 7.28%, 182, 20, 3, 444.37
1571302002, 0, 89, 875, 858, 258, 7.28%, 182, 20, 3, 472.78
1571302007, 0, 89, 876, 859, 258, 7.28%, 182, 20, 3, 477.91
1571302589, 0, 89, 879, 862, 258, 7.28%, 182, 20, 3, 467.08
1571302594, 0, 89, 881, 864, 258, 7.28%, 182, 20, 3, 479.72
1571302609, 0, 89, 882, 865, 258, 7.28%, 182, 20, 3, 472.15
