# unix_time, cycles_done, cur_path, paths_total, pending_total, pending_favs, map_size, unique_crashes, unique_hangs, max_depth, execs_per_sec
1571312299, 0, 0, 1, 1, 1, 3.59%, 0, 0, 1, 444.44
1571312304, 0, 0, 20, 20, 1, 3.82%, 0, 0, 2, 363.86
1571312310, 0, 0, 78, 78, 1, 4.07%, 0, 1, 2, 15.49
1571312315, 0, 0, 105, 105, 1, 4.31%, 14, 2, 2, 96.71
1571312320, 0, 0, 141, 141, 1, 4.59%, 31, 3, 2, 325.51
1571312326, 0, 0, 189, 189, 1, 4.69%, 31, 3, 2, 464.39
1571312341, 0, 0, 204, 204, 1, 4.73%, 31, 3, 2, 443.79
1571312346, 0, 0, 264, 264, 1, 4.80%, 31, 3, 2, 470.00
1571312351, 0, 0, 274, 274, 1, 4.82%, 31, 3, 2, 458.19
1571312356, 0, 0, 288, 288, 1, 4.85%, 31, 3, 2, 433.17
1571314471, 0, 0, 295, 295, 1, 4.86%, 31, 3, 2, 49.38
1571314477, 0, 0, 311, 311, 1, 4.90%, 32, 3, 2, 404.97
1571314482, 0, 0, 318, 318, 1, 4.92%, 37, 4, 2, 67.42
1571314487, 0, 0, 327, 327, 1, 4.94%, 40, 5, 2, 354.07
1571314492, 0, 0, 342, 342, 1, 4.95%, 40, 5, 2, 386.04
1571314507, 0, 0, 345, 345, 1, 4.96%, 40, 5, 2, 398.80
1571314512, 0, 0, 357, 357, 1, 4.96%, 40, 5, 2, 393.14
1571314517, 0, 0, 359, 359, 1, 4.96%, 40, 5, 2, 399.59
1571314523, 0, 0, 362, 362, 1, 4.97%, 40, 5, 2, 391.78
1571316600, 0, 0, 363, 363, 1, 4.98%, 40, 5, 2, 250.00
1571316605, 0, 0, 367, 367, 1, 4.98%, 40, 5, 2, 384.52
1571316610, 0, 0, 371, 371, 1, 5.00%, 43, 5, 2, 485.57
1571316615, 0, 0, 382, 382, 1, 5.00%, 43, 5, 2, 455.55
1571316631, 0, 0, 384, 384, 1, 5.03%, 43, 5, 2, 443.62
1571316636, 0, 0, 390, 390, 1, 5.03%, 43, 5, 2, 451.75
1571316646, 0, 0, 391, 391, 1, 5.03%, 43, 5, 2, 452.35
1571318540, 0, 0, 394, 394, 1, 5.05%, 43, 5, 2, 447.31
1571318545, 0, 0, 395, 395, 1, 5.06%, 43, 5, 2, 450.60
1571318782, 0, 0, 403, 403, 1, 5.07%, 49, 5, 2, 423.20
1571318787, 0, 0, 408, 408, 1, 5.08%, 50, 7, 2, 39.39
1571318792, 0, 0, 417, 417, 1, 5.09%, 50, 7, 2, 49.10
1571318798, 0, 0, 420, 420, 1, 5.10%, 50, 7, 2, 391.44
1571318803, 0, 0, 423, 423, 1, 5.11%, 50, 7, 2, 453.34
1571318808, 0, 0, 424, 424, 1, 5.12%, 50, 7, 2, 476.19
1571318813, 0, 0, 430, 430, 1, 5.13%, 50, 7, 2, 455.23
1571318818, 0, 0, 431, 431, 1, 5.14%, 50, 7, 2, 460.24
1571318823, 0, 0, 433, 433, 1, 5.14%, 50, 7, 2, 502.48
1571318828, 0, 0, 434, 434, 1, 5.14%, 57, 7, 2, 493.60
1571318833, 0, 0, 435, 435, 1, 5.14%, 64, 7, 2, 584.31
1571318838, 0, 0, 435, 435, 1, 5.14%, 65, 7, 2, 78.47
1571318844, 0, 0, 441, 441, 1, 5.40%, 67, 7, 2, 470.04
1571318849, 0, 0, 443, 443, 1, 5.42%, 67, 7, 2, 437.18
1571318854, 0, 0, 451, 451, 1, 5.42%, 67, 7, 2, 426.23
1571318971, 0, 0, 456, 456, 1, 5.42%, 67, 7, 2, 450.83
1571318976, 0, 0, 457, 457, 1, 5.42%, 67, 7, 2, 428.56
1571318991, 0, 0, 462, 462, 1, 5.43%, 67, 7, 2, 471.23
1571318997, 0, 0, 464, 464, 1, 5.44%, 67, 7, 2, 452.28
1571319012, 0, 0, 468, 468, 1, 5.44%, 67, 7, 2, 430.22
1571319043, 0, 0, 470, 470, 1, 5.44%, 67, 7, 2, 463.82
1571319053, 0, 0, 470, 470, 1, 5.44%, 67, 8, 2, 49.50
1571319058, 0, 0, 472, 472, 1, 5.44%, 73, 9, 2, 449.04
1571319063, 0, 0, 472, 472, 1, 5.44%, 75, 9, 2, 49.48
1571319069, 0, 0, 473, 473, 1, 5.44%, 75, 9, 2, 461.91
1571319074, 0, 0, 477, 477, 1, 5.44%, 75, 9, 2, 451.66
1571319089, 0, 0, 478, 478, 1, 5.44%, 75, 9, 2, 453.52
1571319156, 0, 0, 480, 480, 1, 5.44%, 75, 9, 2, 483.79
1571319161, 0, 0, 483, 483, 1, 5.45%, 75, 9, 2, 364.72
1571319171, 0, 0, 484, 484, 1, 5.45%, 75, 9, 2, 448.52
1571319207, 0, 0, 485, 485, 1, 5.46%, 75, 9, 2, 470.22
1571319253, 0, 0, 486, 486, 1, 5.46%, 75, 9, 2, 467.90
1571319258, 0, 0, 489, 489, 1, 5.47%, 75, 9, 2, 473.85
1571319269, 0, 0, 491, 491, 1, 5.47%, 75, 9, 2, 453.22
1571319279, 0, 0, 494, 494, 1, 5.48%, 75, 9, 2, 451.21
1571319284, 0, 0, 496, 496, 1, 5.48%, 76, 10, 2, 357.16
1571319294, 0, 0, 500, 500, 1, 5.48%, 76, 10, 2, 442.84
1571319299, 0, 0, 502, 502, 1, 5.50%, 76, 10, 2, 456.72
1571319304, 0, 0, 504, 504, 1, 5.50%, 76, 10, 2, 463.26
1571319309, 0, 0, 506, 506, 1, 5.50%, 77, 10, 2, 431.46
1571319314, 0, 0, 506, 506, 1, 5.50%, 81, 10, 2, 495.77
1571319319, 0, 0, 509, 509, 1, 5.65%, 81, 10, 2, 455.50
1571319325, 0, 0, 516, 516, 1, 5.65%, 81, 10, 2, 451.58
1571319361, 0, 0, 521, 521, 1, 5.65%, 81, 10, 2, 463.79
1571319366, 0, 0, 522, 522, 1, 5.65%, 81, 10, 2, 460.45
1571319371, 0, 0, 524, 524, 1, 5.65%, 81, 10, 2, 452.55
1571319386, 0, 0, 530, 530, 1, 6.81%, 81, 10, 2, 60.51
1571319391, 0, 0, 537, 537, 1, 6.81%, 81, 10, 2, 452.82
1571319396, 0, 0, 537, 537, 1, 6.81%, 83, 10, 2, 463.96
1571319402, 0, 0, 539, 539, 1, 6.81%, 83, 10, 2, 467.39
1571319412, 0, 0, 547, 547, 1, 6.83%, 84, 10, 2, 382.16
1571319422, 0, 0, 549, 549, 1, 6.84%, 88, 10, 2, 515.28
1571319427, 0, 0, 552, 552, 1, 6.84%, 88, 10, 2, 460.48
1571319432, 0, 0, 561, 561, 1, 6.84%, 88, 10, 2, 439.26
1571319437, 0, 0, 564, 564, 1, 6.84%, 88, 10, 2, 445.36
1571319510, 0, 0, 566, 566, 1, 6.84%, 88, 10, 2, 447.52
1571319515, 0, 0, 570, 570, 1, 6.84%, 88, 10, 2, 457.27
1571319520, 0, 0, 573, 573, 1, 6.84%, 88, 10, 2, 452.06
1571319561, 0, 0, 576, 576, 1, 6.85%, 88, 10, 2, 57.18
1571319566, 0, 0, 595, 595, 1, 6.89%, 90, 10, 2, 474.91
1571319571, 0, 0, 599, 599, 1, 6.89%, 91, 10, 2, 465.77
1571319576, 0, 0, 607, 607, 1, 6.91%, 92, 11, 2, 50.11
1571319581, 0, 0, 610, 610, 1, 6.97%, 98, 11, 2, 475.38
1571319586, 0, 0, 612, 612, 1, 6.97%, 101, 11, 2, 49.41
1571319591, 0, 0, 613, 613, 1, 6.97%, 102, 11, 2, 451.89
1571319596, 0, 0, 620, 620, 1, 7.02%, 107, 11, 2, 461.76
1571319652, 0, 0, 622, 622, 1, 7.02%, 108, 12, 2, 461.62
1571319662, 0, 0, 624, 624, 1, 7.02%, 108, 12, 2, 62.71
1571319672, 0, 0, 628, 628, 1, 7.02%, 108, 12, 2, 453.03
1571319678, 0, 0, 632, 632, 1, 7.04%, 108, 12, 2, 442.64
1571319693, 0, 0, 644, 644, 1, 7.04%, 113, 12, 2, 475.44
1571319698, 0, 0, 661, 661, 1, 7.05%, 119, 12, 2, 434.79
1571319703, 0, 0, 671, 671, 1, 7.05%, 121, 13, 2, 434.54
1571319708, 0, 0, 677, 677, 1, 7.05%, 124, 13, 2, 427.70
1571319713, 0, 0, 687, 687, 1, 7.05%, 126, 13, 2, 430.36
1571319718, 0, 0, 691, 691, 1, 7.05%, 127, 13, 2, 428.40
1571319723, 0, 0, 695, 695, 1, 7.06%, 129, 13, 2, 445.86
1571319728, 0, 0, 696, 696, 1, 7.06%, 130, 13, 2, 275.34
1571319733, 0, 0, 699, 699, 1, 7.06%, 133, 13, 2, 406.56
1571319739, 0, 0, 704, 704, 1, 7.07%, 135, 13, 2, 434.16
1571319744, 0, 0, 706, 706, 1, 7.07%, 136, 14, 2, 457.77
1571319749, 0, 0, 706, 706, 1, 7.07%, 137, 14, 2, 454.31
1571319754, 0, 0, 706, 706, 1, 7.07%, 140, 14, 2, 426.78
1571319759, 0, 0, 706, 706, 1, 7.07%, 142, 15, 2, 344.11
1571319764, 0, 0, 713, 713, 1, 7.07%, 143, 15, 2, 413.42
1571319769, 0, 0, 715, 715, 1, 7.07%, 143, 15, 2, 443.48
1571319774, 0, 4, 716, 715, 224, 7.08%, 144, 15, 3, 49.74
1571319779, 0, 4, 717, 716, 224, 7.08%, 144, 15, 3, 650.69
1571319784, 0, 4, 718, 717, 224, 7.08%, 144, 15, 3, 686.11
1571319800, 0, 4, 720, 719, 224, 7.08%, 144, 15, 3, 692.07
1571320211, 0, 4, 722, 721, 224, 7.08%, 144, 15, 3, 684.96
1571320637, 0, 4, 723, 722, 224, 7.09%, 144, 15, 3, 687.96
1571320653, 0, 4, 724, 723, 224, 7.09%, 144, 15, 3, 694.27
1571321120, 0, 4, 727, 726, 224, 7.10%, 144, 15, 3, 451.41
1571321125, 0, 4, 731, 730, 224, 7.10%, 144, 15, 3, 646.91
1571321130, 0, 4, 735, 734, 224, 7.11%, 144, 15, 3, 685.74
1571321212, 0, 4, 737, 736, 224, 7.11%, 144, 15, 3, 694.64
1571321402, 0, 4, 738, 737, 224, 7.11%, 144, 15, 3, 67.92
1571321407, 0, 7, 740, 738, 236, 7.12%, 144, 15, 3, 636.28
1571323946, 0, 7, 741, 739, 236, 7.12%, 144, 15, 3, 632.65
1571324059, 0, 7, 743, 741, 236, 7.14%, 144, 15, 3, 680.01
1571324198, 0, 7, 744, 742, 236, 7.14%, 144, 15, 3, 668.40
1571324235, 0, 7, 751, 749, 236, 7.19%, 144, 15, 3, 476.16
1571324297, 0, 7, 755, 753, 236, 7.20%, 144, 15, 3, 688.91
1571324307, 0, 7, 756, 754, 236, 7.20%, 144, 15, 3, 416.76
1571324364, 0, 7, 761, 759, 236, 7.20%, 144, 15, 3, 675.20
1571324369, 0, 7, 765, 763, 236, 7.21%, 144, 15, 3, 668.31
1571324374, 0, 7, 768, 766, 236, 7.21%, 144, 15, 3, 673.23
1571324379, 0, 7, 771, 769, 236, 7.22%, 144, 15, 3, 668.93
1571324384, 0, 7, 772, 770, 236, 7.22%, 144, 15, 3, 666.96
1571324389, 0, 7, 774, 772, 236, 7.22%, 144, 15, 3, 669.73
1571324394, 0, 7, 775, 773, 236, 7.22%, 144, 15, 3, 664.09
1571324399, 0, 11, 777, 773, 253, 7.23%, 144, 15, 3, 680.54
1571324404, 0, 18, 777, 771, 251, 7.23%, 144, 15, 3, 590.97
1571324409, 0, 20, 777, 770, 250, 7.23%, 144, 15, 3, 448.55
1571324415, 0, 20, 779, 772, 250, 7.24%, 147, 16, 3, 581.96
1571324420, 0, 20, 780, 773, 250, 7.24%, 148, 16, 3, 531.06
1571325430, 0, 20, 781, 774, 250, 7.24%, 148, 16, 3, 532.89
1571326023, 0, 20, 782, 775, 250, 7.24%, 148, 16, 3, 585.63
1571326044, 0, 20, 783, 776, 250, 7.24%, 148, 16, 3, 342.59
1571326188, 0, 20, 784, 777, 250, 7.24%, 148, 16, 3, 378.80
1571326399, 0, 20, 785, 778, 250, 7.24%, 148, 16, 3, 549.31
1571326414, 0, 20, 786, 779, 250, 7.24%, 148, 16, 3, 55.90
1571326419, 0, 20, 787, 780, 250, 7.24%, 148, 16, 3, 575.81
1571326527, 0, 20, 789, 782, 250, 7.24%, 148, 16, 3, 597.09
1571326532, 0, 20, 790, 783, 250, 7.24%, 148, 16, 3, 589.75
1571326538, 0, 20, 791, 784, 250, 7.24%, 148, 16, 3, 552.95
1571326543, 0, 20, 791, 784, 250, 7.24%, 149, 16, 3, 540.55
1571326553, 0, 20, 792, 785, 250, 7.24%, 149, 16, 3, 520.73
1571326594, 0, 20, 793, 786, 250, 7.24%, 149, 16, 3, 522.54
1571326615, 0, 20, 797, 790, 250, 7.24%, 151, 16, 3, 540.24
1571326620, 0, 20, 800, 793, 250, 7.24%, 153, 17, 3, 523.56
1571326626, 0, 20, 802, 795, 250, 7.24%, 155, 19, 3, 74.23
1571326631, 0, 20, 804, 797, 250, 7.24%, 157, 19, 3, 481.51
1571326636, 0, 20, 808, 801, 250, 7.24%, 157, 19, 3, 495.78
1571326641, 0, 20, 809, 802, 250, 7.24%, 158, 20, 3, 510.98
1571326646, 0, 20, 811, 804, 250, 7.25%, 159, 20, 3, 515.97
1571326651, 0, 20, 813, 806, 250, 7.25%, 162, 21, 3, 577.43
1571326656, 0, 20, 815, 808, 250, 7.25%, 164, 21, 3, 515.32
1571326661, 0, 20, 820, 813, 250, 7.25%, 165, 21, 3, 461.91
1571326672, 0, 20, 821, 814, 250, 7.25%, 166, 22, 3, 505.42
1571326677, 0, 20, 821, 814, 250, 7.25%, 168, 22, 3, 500.76
1571326682, 0, 20, 822, 815, 250, 7.25%, 171, 23, 3, 483.19
1571326687, 0, 20, 822, 815, 250, 7.25%, 171, 24, 3, 575.68
1571326692, 0, 32, 822, 813, 250, 7.25%, 171, 24, 3, 480.65
1571326697, 0, 38, 822, 812, 249, 7.25%, 171, 24, 3, 462.36
1571326702, 0, 82, 822, 810, 247, 7.25%, 171, 24, 3, 461.99
1571326707, 0, 96, 822, 809, 247, 7.25%, 171, 24, 3, 478.32
1571326713, 0, 101, 822, 807, 246, 7.25%, 171, 24, 3, 462.90
1571326749, 0, 101, 823, 808, 246, 7.25%, 171, 24, 3, 444.82
1571330610, 0, 101, 823, 808, 246, 7.25%, 172, 24, 3, 469.63
1571332838, 0, 101, 824, 809, 246, 7.26%, 172, 24, 3, 476.98
1571333584, 0, 101, 825, 810, 246, 7.26%, 172, 24, 3, 450.96
1571333687, 0, 102, 825, 809, 247, 7.26%, 172, 24, 3, 499.30
1571333692, 0, 114, 825, 807, 245, 7.26%, 172, 24, 3, 511.25
1571333697, 0, 118, 825, 806, 244, 7.26%, 172, 24, 3, 479.09
1571333702, 0, 121, 825, 804, 242, 7.26%, 172, 24, 3, 460.47
1571333707, 0, 122, 825, 803, 241, 7.26%, 172, 24, 3, 457.16
1571333713, 0, 123, 825, 802, 240, 7.26%, 172, 24, 3, 456.08
1571333718, 0, 138, 825, 800, 238, 7.26%, 172, 24, 3, 506.29
1571333723, 0, 147, 825, 798, 236, 7.26%, 172, 24, 3, 499.82
1571333728, 0, 167, 825, 796, 234, 7.26%, 172, 24, 3, 525.83
1571333733, 0, 196, 825, 793, 231, 7.26%, 172, 24, 3, 568.21
1571333738, 0, 201, 825, 792, 230, 7.26%, 172, 24, 3, 451.47
1571335316, 0, 201, 826, 793, 230, 7.26%, 172, 24, 3, 551.70
1571335378, 0, 201, 827, 794, 230, 7.26%, 172, 24, 3, 540.11
1571335419, 0, 201, 827, 794, 230, 7.26%, 173, 24, 3, 582.85
1571335434, 0, 201, 830, 797, 230, 7.26%, 173, 24, 3, 539.52
1571335522, 0, 201, 831, 798, 230, 7.26%, 173, 24, 3, 555.15
1571335558, 0, 201, 832, 799, 230, 7.26%, 173, 24, 3, 49.54
1571335568, 0, 201, 833, 800, 230, 7.26%, 173, 24, 3, 496.37
1571335722, 0, 201, 834, 801, 230, 7.26%, 173, 24, 3, 520.45
1571335803, 0, 201, 834, 801, 230, 7.26%, 174, 24, 3, 558.39
1571335896, 0, 201, 835, 802, 230, 7.26%, 175, 24, 3, 576.05
1571335901, 0, 201, 836, 803, 230, 7.26%, 175, 24, 3, 570.29
1571335911, 0, 201, 838, 805, 230, 7.26%, 175, 24, 3, 554.70
1571335967, 0, 201, 839, 806, 230, 7.26%, 175, 24, 3, 562.30
1571335983, 0, 201, 840, 807, 230, 7.26%, 175, 24, 3, 533.89
1571335988, 0, 203, 840, 806, 231, 7.26%, 175, 24, 3, 473.42
1571335993, 0, 223, 840, 803, 228, 7.26%, 175, 24, 3, 538.32
1571335998, 0, 226, 840, 802, 227, 7.26%, 175, 24, 3, 494.59
1571336003, 0, 263, 840, 799, 225, 7.26%, 175, 24, 3, 553.61
1571342088, 0, 263, 841, 800, 225, 7.26%, 175, 24, 3, 434.72
1571342688, 0, 263, 841, 800, 225, 7.26%, 176, 24, 3, 465.33
1571342857, 0, 263, 841, 800, 225, 7.26%, 177, 24, 3, 444.18
1571342877, 0, 263, 841, 800, 225, 7.26%, 178, 24, 3, 49.47
1571342990, 0, 264, 841, 799, 222, 7.26%, 178, 24, 3, 456.32
1571343000, 0, 264, 843, 801, 222, 7.26%, 178, 24, 3, 466.28
1571343006, 0, 264, 846, 804, 222, 7.26%, 178, 24, 3, 470.30
1571344857, 0, 264, 847, 805, 222, 7.26%, 178, 24, 3, 470.09
1571348846, 0, 264, 849, 807, 222, 7.26%, 178, 24, 3, 321.91
1571349266, 0, 264, 850, 808, 222, 7.26%, 178, 24, 3, 468.40
1571349292, 0, 264, 852, 810, 222, 7.26%, 178, 24, 3, 477.31
1571349332, 0, 264, 853, 811, 222, 7.26%, 178, 24, 3, 474.10
1571349378, 0, 264, 854, 812, 222, 7.26%, 178, 24, 3, 506.30
1571349520, 0, 264, 854, 812, 222, 7.26%, 179, 24, 3, 477.69
1571349530, 0, 264, 855, 813, 222, 7.26%, 179, 24, 3, 426.62
1571349626, 0, 264, 856, 814, 222, 7.26%, 179, 24, 3, 454.15
1571349646, 0, 271, 856, 813, 223, 7.26%, 179, 24, 3, 464.25
1571349651, 0, 274, 856, 811, 221, 7.26%, 179, 24, 3, 497.72
1571349656, 0, 284, 856, 808, 218, 7.26%, 179, 24, 3, 544.20
1571349692, 0, 284, 859, 811, 218, 7.26%, 179, 24, 3, 439.68
1571351639, 0, 284, 860, 812, 218, 7.26%, 179, 24, 3, 451.61
1571351644, 0, 284, 861, 813, 218, 7.26%, 179, 24, 3, 450.08
1571356262, 0, 284, 862, 814, 218, 7.26%, 179, 24, 3, 432.64
1571356339, 0, 284, 862, 814, 218, 7.26%, 180, 24, 3, 468.14
1571356509, 0, 284, 862, 814, 218, 7.26%, 181, 24, 3, 479.47
1571356519, 0, 284, 863, 815, 218, 7.26%, 181, 24, 3, 49.49
1571356529, 0, 284, 863, 815, 218, 7.26%, 182, 24, 3, 548.79
1571356539, 0, 284, 864, 816, 218, 7.26%, 182, 24, 3, 442.48
1571356621, 0, 284, 866, 818, 218, 7.26%, 182, 24, 3, 455.77
1571356647, 0, 285, 866, 817, 216, 7.26%, 182, 24, 3, 452.98
1571356652, 0, 301, 866, 815, 214, 7.26%, 182, 24, 3, 519.28
1571356657, 0, 304, 866, 814, 213, 7.26%, 182, 24, 3, 470.62
1571356662, 0, 311, 866, 812, 211, 7.26%, 182, 24, 3, 460.63
1571356678, 0, 311, 878, 824, 211, 7.27%, 182, 24, 3, 462.44
1571356683, 0, 311, 879, 825, 211, 7.27%, 182, 24, 3, 449.69
1571358613, 0, 311, 879, 825, 211, 7.27%, 183, 24, 3, 453.86
1571358624, 0, 311, 881, 827, 211, 7.27%, 183, 24, 3, 453.90
1571358629, 0, 311, 882, 828, 211, 7.27%, 183, 24, 3, 448.84
1571360565, 0, 311, 883, 829, 211, 7.27%, 183, 24, 3, 497.19
1571360570, 0, 311, 885, 831, 211, 7.27%, 183, 24, 3, 446.49
1571362790, 0, 311, 889, 835, 211, 7.27%, 183, 24, 3, 533.13
1571362800, 0, 311, 892, 838, 211, 7.27%, 183, 24, 3, 377.85
1571363025, 0, 311, 894, 840, 211, 7.27%, 183, 24, 3, 444.61
1571363154, 0, 311, 895, 841, 211, 7.27%, 183, 24, 3, 474.33
1571363230, 0, 311, 896, 842, 211, 7.27%, 183, 24, 3, 416.28
1571363379, 0, 311, 897, 843, 211, 7.27%, 184, 24, 3, 436.72
1571363507, 0, 311, 898, 844, 211, 7.27%, 184, 24, 3, 455.39
1571363523, 0, 311, 899, 845, 211, 7.27%, 185, 24, 3, 461.26
1571363528, 0, 311, 901, 847, 211, 7.27%, 185, 24, 3, 465.00
1571363533, 0, 311, 902, 848, 211, 7.27%, 185, 24, 3, 434.34
1571363538, 0, 311, 903, 849, 211, 7.27%, 186, 24, 3, 461.79
1571363645, 0, 315, 903, 848, 218, 7.27%, 186, 24, 3, 446.30
1571363686, 0, 315, 904, 849, 218, 7.27%, 186, 24, 3, 446.61
1571369758, 0, 315, 905, 850, 218, 7.27%, 186, 24, 3, 470.83
1571370383, 0, 315, 906, 851, 218, 7.27%, 186, 24, 3, 442.63
1571370516, 0, 315, 906, 851, 218, 7.27%, 187, 24, 3, 467.87
1571370664, 0, 322, 907, 851, 217, 7.27%, 187, 24, 3, 453.65
1571370669, 0, 329, 907, 849, 215, 7.27%, 187, 24, 3, 459.55
1571370674, 0, 353, 907, 847, 213, 7.27%, 187, 24, 3, 513.60
1571370679, 0, 363, 907, 845, 211, 7.27%, 187, 24, 3, 558.19
1571370690, 0, 363, 907, 845, 211, 7.27%, 188, 24, 3, 460.80
1571374573, 0, 363, 908, 846, 211, 7.27%, 188, 24, 3, 427.49
1571376764, 0, 363, 912, 850, 211, 7.28%, 188, 24, 3, 456.25
1571377345, 0, 363, 913, 851, 211, 7.28%, 188, 24, 3, 52.43
1571377356, 0, 363, 914, 852, 211, 7.28%, 188, 24, 3, 468.40
1571377674, 0, 370, 914, 850, 210, 7.28%, 188, 24, 3, 481.15
1571377684, 0, 370, 914, 850, 210, 7.28%, 190, 24, 3, 407.41
1571383755, 0, 370, 914, 850, 210, 7.28%, 190, 25, 3, 445.20
1571384666, 0, 387, 914, 849, 209, 7.28%, 190, 25, 3, 411.98
1571384671, 0, 390, 914, 848, 208, 7.28%, 190, 25, 3, 418.32
1571384676, 0, 391, 914, 847, 207, 7.28%, 190, 25, 3, 403.17
1571384681, 0, 408, 914, 845, 205, 7.28%, 190, 25, 3, 425.42
1571384691, 0, 408, 916, 847, 205, 7.29%, 190, 25, 3, 398.16
1571384696, 0, 408, 919, 850, 205, 7.29%, 190, 25, 3, 409.14
1571384722, 0, 408, 921, 852, 205, 7.29%, 190, 25, 3, 422.26
1571385389, 0, 408, 922, 853, 205, 7.29%, 190, 25, 3, 417.74
1571386077, 0, 408, 924, 855, 205, 7.29%, 190, 25, 3, 432.65
1571386851, 0, 408, 925, 856, 205, 7.29%, 190, 25, 3, 408.45
1571386907, 0, 408, 926, 857, 205, 7.29%, 190, 25, 3, 434.17
1571386917, 0, 408, 929, 860, 205, 7.29%, 190, 25, 3, 404.86
1571387067, 0, 408, 930, 861, 205, 7.29%, 190, 25, 3, 400.78
1571387365, 0, 408, 931, 862, 205, 7.29%, 190, 25, 3, 441.88
1571387370, 0, 408, 933, 864, 205, 7.29%, 190, 25, 3, 422.04
1571387448, 0, 408, 934, 865, 205, 7.29%, 190, 25, 3, 437.43
1571387468, 0, 408, 935, 866, 205, 7.29%, 190, 25, 3, 416.25
1571387576, 0, 408, 935, 866, 205, 7.29%, 191, 25, 3, 439.49
1571387591, 0, 408, 937, 868, 205, 7.29%, 191, 25, 3, 396.85
1571387612, 0, 408, 938, 869, 205, 7.29%, 191, 25, 3, 428.27
1571387699, 0, 408, 939, 870, 205, 7.29%, 191, 25, 3, 427.22
1571387704, 0, 408, 941, 872, 205, 7.29%, 191, 25, 3, 410.94
1571387709, 0, 408, 943, 874, 205, 7.29%, 191, 25, 3, 410.37
1571387714, 0, 408, 943, 874, 205, 7.29%, 192, 25, 3, 412.66
1571387719, 0, 408, 946, 877, 205, 7.29%, 192, 26, 3, 369.85
1571387724, 0, 408, 948, 879, 205, 7.29%, 194, 26, 3, 405.92
1571387730, 0, 408, 949, 880, 205, 7.29%, 194, 27, 3, 67.78
1571387735, 0, 408, 949, 880, 205, 7.29%, 195, 27, 3, 412.12
1571387740, 0, 408, 949, 880, 205, 7.29%, 196, 27, 3, 397.73
1571387745, 0, 408, 951, 882, 205, 7.29%, 197, 27, 3, 410.69
1571387750, 0, 408, 952, 883, 205, 7.29%, 198, 27, 3, 415.40
1571387756, 0, 408, 953, 884, 205, 7.29%, 198, 28, 3, 397.14
1571387766, 0, 408, 956, 887, 205, 7.29%, 200, 28, 3, 432.90
1571387771, 0, 408, 957, 888, 205, 7.29%, 200, 28, 3, 434.59
1571387776, 0, 408, 957, 888, 205, 7.29%, 201, 28, 3, 429.35
1571387781, 0, 413, 957, 887, 205, 7.29%, 201, 28, 3, 451.81
1571387786, 0, 419, 957, 884, 202, 7.29%, 201, 28, 3, 579.56
1571387797, 0, 419, 957, 884, 202, 7.29%, 202, 28, 3, 431.56
1571395771, 0, 422, 957, 882, 200, 7.29%, 202, 28, 3, 393.80
1571395776, 0, 423, 957, 881, 199, 7.29%, 202, 28, 3, 438.48
1571395781, 0, 424, 957, 880, 198, 7.29%, 202, 28, 3, 412.64
