# unix_time, cycles_done, cur_path, paths_total, pending_total, pending_favs, map_size, unique_crashes, unique_hangs, max_depth, execs_per_sec
1571216698, 0, 0, 1, 1, 1, 3.59%, 0, 0, 1, 444.44
1571216703, 0, 0, 20, 20, 1, 3.82%, 0, 0, 2, 334.56
1571216708, 0, 0, 78, 78, 1, 4.07%, 0, 1, 2, 30.03
1571216714, 0, 0, 107, 107, 1, 4.31%, 24, 2, 2, 70.43
1571216719, 0, 0, 169, 169, 1, 4.64%, 31, 2, 2, 56.02
1571216724, 0, 0, 189, 189, 1, 4.69%, 31, 2, 2, 482.21
1571216735, 0, 0, 192, 192, 1, 4.70%, 31, 2, 2, 482.00
1571216740, 0, 0, 240, 240, 1, 4.77%, 31, 2, 2, 523.58
1571216745, 0, 0, 273, 273, 1, 4.81%, 31, 2, 2, 458.41
1571216750, 0, 0, 277, 277, 1, 4.83%, 31, 2, 2, 455.73
1571216755, 0, 0, 288, 288, 1, 4.85%, 31, 2, 2, 471.91
1571218958, 0, 0, 303, 303, 1, 4.89%, 32, 2, 2, 392.95
1571218964, 0, 0, 315, 315, 1, 4.90%, 34, 2, 2, 377.90
1571218969, 0, 0, 317, 317, 1, 4.91%, 39, 4, 2, 200.49
1571218974, 0, 0, 337, 337, 1, 4.94%, 40, 4, 2, 330.88
1571218979, 0, 0, 341, 341, 1, 4.94%, 40, 4, 2, 374.83
1571218994, 0, 0, 344, 344, 1, 4.95%, 40, 4, 2, 383.94
1571219000, 0, 0, 359, 359, 1, 4.95%, 40, 4, 2, 380.03
1571219010, 0, 0, 362, 362, 1, 4.96%, 40, 4, 2, 380.69
1571221225, 0, 0, 365, 365, 1, 4.98%, 40, 4, 2, 328.73
1571221230, 0, 0, 369, 369, 1, 4.99%, 41, 4, 2, 369.53
1571221235, 0, 0, 376, 376, 1, 5.00%, 43, 4, 2, 392.19
1571221240, 0, 0, 383, 383, 1, 5.00%, 43, 4, 2, 382.14
1571221255, 0, 0, 384, 384, 1, 5.00%, 43, 4, 2, 382.60
1571221260, 0, 0, 387, 387, 1, 5.03%, 43, 4, 2, 383.29
1571221266, 0, 0, 391, 391, 1, 5.03%, 43, 4, 2, 388.26
1571221271, 0, 0, 392, 392, 1, 5.03%, 43, 4, 2, 378.51
1571223495, 0, 0, 395, 395, 1, 5.05%, 43, 4, 2, 378.32
1571223500, 0, 0, 396, 396, 1, 5.06%, 43, 4, 2, 386.93
1571223779, 0, 0, 404, 404, 1, 5.07%, 49, 4, 2, 375.43
1571223785, 0, 0, 409, 409, 1, 5.08%, 50, 6, 2, 49.87
1571223790, 0, 0, 416, 416, 1, 5.09%, 50, 6, 2, 395.29
1571223795, 0, 0, 418, 418, 1, 5.09%, 50, 6, 2, 52.97
1571223800, 0, 0, 424, 424, 1, 5.11%, 50, 6, 2, 414.64
1571223810, 0, 0, 430, 430, 1, 5.13%, 50, 6, 2, 404.16
1571223815, 0, 0, 431, 431, 1, 5.13%, 50, 6, 2, 389.90
1571223820, 0, 0, 432, 432, 1, 5.14%, 50, 6, 2, 391.02
1571223826, 0, 0, 434, 434, 1, 5.14%, 50, 6, 2, 417.54
1571223831, 0, 0, 435, 435, 1, 5.14%, 53, 6, 2, 403.78
1571223836, 0, 0, 436, 436, 1, 5.14%, 59, 6, 2, 376.84
1571223841, 0, 0, 436, 436, 1, 5.14%, 65, 6, 2, 450.33
1571223846, 0, 0, 442, 442, 1, 5.40%, 67, 6, 2, 411.94
1571223851, 0, 0, 444, 444, 1, 5.42%, 67, 6, 2, 391.52
1571223856, 0, 0, 445, 445, 1, 5.42%, 67, 6, 2, 400.00
1571223861, 0, 0, 452, 452, 1, 5.42%, 67, 6, 2, 380.17
1571223995, 0, 0, 457, 457, 1, 5.42%, 67, 6, 2, 369.07
1571224000, 0, 0, 458, 458, 1, 5.42%, 67, 6, 2, 347.68
1571224021, 0, 0, 463, 463, 1, 5.43%, 67, 6, 2, 380.21
1571224026, 0, 0, 465, 465, 1, 5.44%, 67, 6, 2, 387.11
1571224041, 0, 0, 468, 468, 1, 5.44%, 67, 6, 2, 143.56
1571224046, 0, 0, 469, 469, 1, 5.44%, 67, 6, 2, 342.18
1571224098, 0, 0, 471, 471, 1, 5.44%, 67, 6, 2, 409.59
1571224108, 0, 0, 472, 472, 1, 5.44%, 67, 8, 2, 30.98
1571224113, 0, 0, 473, 473, 1, 5.44%, 74, 8, 2, 45.71
1571224118, 0, 0, 473, 473, 1, 5.44%, 75, 8, 2, 49.34
1571224123, 0, 0, 474, 474, 1, 5.44%, 75, 8, 2, 393.92
1571224128, 0, 0, 478, 478, 1, 5.44%, 75, 8, 2, 389.00
1571224144, 0, 0, 479, 479, 1, 5.44%, 75, 8, 2, 391.01
1571224226, 0, 0, 482, 482, 1, 5.44%, 75, 8, 2, 392.73
1571224231, 0, 0, 484, 484, 1, 5.45%, 75, 8, 2, 395.12
1571224241, 0, 0, 485, 485, 1, 5.45%, 75, 8, 2, 387.87
1571224282, 0, 0, 486, 486, 1, 5.46%, 75, 8, 2, 414.24
1571224338, 0, 0, 488, 488, 1, 5.46%, 75, 8, 2, 432.98
1571224343, 0, 0, 490, 490, 1, 5.47%, 75, 8, 2, 400.34
1571224354, 0, 0, 492, 492, 1, 5.47%, 75, 8, 2, 389.45
1571224369, 0, 0, 495, 495, 1, 5.48%, 76, 9, 2, 254.30
1571224374, 0, 0, 497, 497, 1, 5.48%, 76, 9, 2, 362.29
1571224379, 0, 0, 498, 498, 1, 5.48%, 76, 9, 2, 384.88
1571224384, 0, 0, 501, 501, 1, 5.48%, 76, 9, 2, 389.99
1571224389, 0, 0, 503, 503, 1, 5.50%, 76, 9, 2, 393.03
1571224395, 0, 0, 506, 506, 1, 5.50%, 76, 9, 2, 406.35
1571224400, 0, 0, 507, 507, 1, 5.50%, 76, 9, 2, 363.47
1571224405, 0, 0, 508, 508, 1, 5.50%, 77, 9, 2, 401.20
1571224410, 0, 0, 510, 510, 1, 5.65%, 81, 9, 2, 426.36
1571224415, 0, 0, 515, 515, 1, 5.65%, 81, 9, 2, 404.21
1571224420, 0, 0, 518, 518, 1, 5.65%, 81, 9, 2, 390.96
1571224461, 0, 0, 519, 519, 1, 5.65%, 81, 9, 2, 392.77
1571224466, 0, 0, 524, 524, 1, 5.65%, 81, 9, 2, 392.84
1571224471, 0, 0, 526, 526, 1, 5.65%, 81, 9, 2, 389.19
1571224497, 0, 0, 530, 530, 1, 6.80%, 81, 9, 2, 67.25
1571224502, 0, 0, 532, 532, 1, 6.81%, 81, 9, 2, 53.60
1571224507, 0, 0, 539, 539, 1, 6.81%, 83, 9, 2, 396.85
1571224512, 0, 0, 539, 539, 1, 6.81%, 85, 9, 2, 388.48
1571224517, 0, 0, 541, 541, 1, 6.81%, 85, 9, 2, 395.92
1571224527, 0, 0, 549, 549, 1, 6.83%, 86, 9, 2, 412.19
1571224538, 0, 0, 549, 549, 1, 6.83%, 90, 9, 2, 77.24
1571224543, 0, 0, 552, 552, 1, 6.84%, 90, 9, 2, 408.85
1571224548, 0, 0, 554, 554, 1, 6.84%, 90, 9, 2, 378.44
1571224553, 0, 0, 564, 564, 1, 6.84%, 90, 9, 2, 378.97
1571224558, 0, 0, 566, 566, 1, 6.84%, 90, 9, 2, 387.89
1571224640, 0, 0, 568, 568, 1, 6.84%, 90, 9, 2, 384.92
1571224645, 0, 0, 572, 572, 1, 6.84%, 90, 9, 2, 400.04
1571224650, 0, 0, 575, 575, 1, 6.84%, 90, 9, 2, 390.28
1571224712, 0, 0, 576, 576, 1, 6.85%, 90, 9, 2, 55.45
1571224717, 0, 0, 596, 596, 1, 6.89%, 92, 9, 2, 421.25
1571224722, 0, 0, 601, 601, 1, 6.89%, 93, 9, 2, 416.28
1571224728, 0, 0, 602, 602, 1, 6.89%, 93, 10, 2, 75.86
1571224733, 0, 0, 611, 611, 1, 6.97%, 95, 10, 2, 415.65
1571224738, 0, 0, 613, 613, 1, 6.97%, 100, 10, 2, 414.72
1571224743, 0, 0, 614, 614, 1, 6.97%, 102, 10, 2, 49.94
1571224748, 0, 0, 617, 617, 1, 7.00%, 106, 10, 2, 383.93
1571224753, 0, 0, 622, 622, 1, 7.02%, 108, 10, 2, 399.56
1571224815, 0, 0, 622, 622, 1, 7.02%, 109, 10, 2, 21.71
1571224820, 0, 0, 624, 624, 1, 7.02%, 109, 11, 2, 406.54
1571224830, 0, 0, 626, 626, 1, 7.02%, 109, 11, 2, 6.74
1571224841, 0, 0, 630, 630, 1, 7.02%, 109, 11, 2, 397.05
1571224846, 0, 0, 634, 634, 1, 7.04%, 109, 11, 2, 385.52
1571224876, 0, 0, 663, 663, 1, 7.05%, 117, 11, 2, 397.66
1571224882, 0, 0, 672, 672, 1, 7.05%, 120, 11, 2, 377.86
1571224887, 0, 0, 676, 676, 1, 7.05%, 121, 11, 2, 374.20
1571224892, 0, 0, 681, 681, 1, 7.06%, 124, 11, 2, 375.87
1571224897, 0, 0, 686, 686, 1, 7.06%, 124, 12, 2, 362.72
1571224902, 0, 0, 694, 694, 1, 7.06%, 125, 12, 2, 381.72
1571224907, 0, 0, 695, 695, 1, 7.06%, 125, 13, 2, 387.38
1571224912, 0, 0, 697, 697, 1, 7.06%, 126, 13, 2, 381.84
1571224917, 0, 0, 703, 703, 1, 7.06%, 126, 13, 2, 388.87
1571224922, 0, 0, 705, 705, 1, 7.06%, 128, 14, 2, 43.14
1571224927, 0, 0, 708, 708, 1, 7.06%, 128, 14, 2, 381.85
1571224932, 0, 0, 709, 709, 1, 7.07%, 128, 14, 2, 376.51
1571224937, 0, 0, 709, 709, 1, 7.07%, 129, 14, 2, 381.70
1571224943, 0, 0, 711, 711, 1, 7.07%, 130, 14, 2, 377.69
1571224948, 0, 0, 711, 711, 1, 7.07%, 130, 16, 2, 391.08
1571224953, 0, 0, 713, 713, 1, 7.07%, 131, 16, 2, 381.29
1571224958, 0, 0, 714, 714, 1, 7.07%, 131, 16, 2, 380.16
1571224963, 0, 0, 715, 715, 1, 7.07%, 132, 16, 2, 382.09
1571224968, 0, 2, 719, 718, 240, 7.07%, 132, 16, 3, 468.65
1571224973, 0, 2, 720, 719, 240, 7.07%, 132, 16, 3, 608.29
1571224978, 0, 2, 721, 720, 240, 7.08%, 132, 16, 3, 608.70
1571224994, 0, 2, 723, 722, 240, 7.08%, 132, 16, 3, 605.22
1571225456, 0, 2, 724, 723, 240, 7.08%, 132, 16, 3, 609.61
1571225461, 0, 2, 725, 724, 240, 7.08%, 132, 16, 3, 613.19
1571225943, 0, 2, 726, 725, 240, 7.09%, 132, 16, 3, 612.75
1571225958, 0, 2, 727, 726, 240, 7.09%, 132, 16, 3, 608.35
1571226481, 0, 2, 733, 732, 240, 7.11%, 132, 16, 3, 49.47
1571226486, 0, 2, 734, 733, 240, 7.11%, 132, 16, 3, 484.52
1571226491, 0, 2, 737, 736, 240, 7.12%, 132, 16, 3, 586.75
1571226496, 0, 2, 741, 740, 240, 7.12%, 132, 16, 3, 599.64
1571226588, 0, 2, 743, 742, 240, 7.12%, 132, 16, 3, 612.86
1571226803, 0, 2, 744, 743, 240, 7.12%, 132, 16, 3, 48.60
1571226808, 0, 4, 744, 742, 256, 7.12%, 132, 16, 3, 619.81
1571228643, 0, 7, 746, 743, 255, 7.13%, 132, 16, 3, 567.13
1571231512, 0, 7, 747, 744, 255, 7.14%, 132, 16, 3, 567.64
1571231641, 0, 7, 749, 746, 255, 7.15%, 132, 16, 3, 608.90
1571231796, 0, 7, 750, 747, 255, 7.15%, 132, 16, 3, 579.31
1571231837, 0, 7, 757, 754, 255, 7.21%, 132, 16, 3, 168.94
1571231925, 0, 7, 758, 755, 255, 7.21%, 132, 16, 3, 600.08
1571231987, 0, 7, 761, 758, 255, 7.21%, 132, 16, 3, 595.00
1571231992, 0, 7, 762, 759, 255, 7.21%, 132, 16, 3, 566.54
1571231998, 0, 7, 767, 764, 255, 7.22%, 132, 16, 3, 583.11
1571232003, 0, 7, 770, 767, 255, 7.23%, 132, 16, 3, 592.86
1571232008, 0, 7, 775, 772, 255, 7.23%, 132, 16, 3, 598.21
1571232013, 0, 7, 779, 776, 255, 7.23%, 132, 16, 3, 581.54
1571232023, 0, 7, 781, 778, 255, 7.23%, 132, 16, 3, 600.25
1571232028, 0, 9, 781, 777, 261, 7.23%, 133, 16, 3, 620.00
1571232509, 0, 9, 782, 778, 261, 7.23%, 133, 16, 3, 34.78
1571232996, 0, 9, 782, 778, 261, 7.23%, 134, 16, 3, 611.91
1571233541, 0, 9, 784, 780, 261, 7.23%, 134, 16, 3, 47.92
1571233860, 0, 9, 785, 781, 261, 7.23%, 134, 16, 3, 54.12
1571233865, 0, 9, 787, 783, 261, 7.23%, 134, 16, 3, 616.43
1571233999, 0, 11, 787, 782, 262, 7.23%, 135, 16, 3, 591.24
1571235520, 0, 11, 788, 783, 262, 7.24%, 135, 16, 3, 51.42
1571235926, 0, 11, 788, 783, 262, 7.24%, 136, 16, 3, 611.67
1571235982, 0, 12, 789, 783, 262, 7.24%, 136, 16, 3, 577.08
1571237509, 0, 12, 789, 783, 262, 7.24%, 137, 16, 3, 49.07
1571237973, 0, 12, 790, 784, 262, 7.24%, 137, 16, 3, 594.07
1571237978, 0, 12, 793, 787, 262, 7.24%, 137, 16, 3, 553.16
1571237983, 0, 12, 795, 789, 262, 7.24%, 137, 16, 3, 569.63
1571237988, 0, 12, 796, 790, 262, 7.24%, 137, 16, 3, 583.19
1571237993, 0, 12, 799, 793, 262, 7.24%, 137, 16, 3, 571.36
1571237998, 0, 12, 803, 797, 262, 7.24%, 137, 16, 3, 578.58
1571238003, 0, 12, 808, 802, 262, 7.24%, 137, 16, 3, 571.43
1571238008, 0, 12, 809, 803, 262, 7.25%, 137, 16, 3, 576.65
1571238013, 0, 12, 812, 806, 262, 7.25%, 137, 16, 3, 580.41
1571238019, 0, 18, 812, 805, 259, 7.25%, 137, 16, 3, 471.68
1571238029, 0, 18, 813, 806, 259, 7.25%, 138, 16, 3, 376.67
1571240290, 0, 18, 813, 806, 259, 7.25%, 139, 16, 3, 361.92
1571246174, 0, 18, 814, 807, 259, 7.25%, 139, 16, 3, 386.16
1571246179, 0, 20, 814, 806, 259, 7.25%, 139, 16, 3, 49.42
1571246184, 0, 20, 815, 807, 259, 7.25%, 139, 17, 3, 9.74
1571246189, 0, 20, 816, 808, 259, 7.26%, 143, 17, 3, 482.52
1571246194, 0, 20, 817, 809, 259, 7.26%, 143, 17, 3, 494.69
1571247342, 0, 20, 818, 810, 259, 7.26%, 143, 17, 3, 481.65
1571248022, 0, 20, 819, 811, 259, 7.26%, 143, 17, 3, 512.73
1571248042, 0, 20, 820, 812, 259, 7.26%, 143, 17, 3, 443.86
1571248206, 0, 20, 821, 813, 259, 7.26%, 143, 17, 3, 161.13
1571248452, 0, 20, 822, 814, 259, 7.26%, 143, 17, 3, 495.04
1571248473, 0, 20, 823, 815, 259, 7.26%, 143, 17, 3, 518.51
1571248596, 0, 20, 825, 817, 259, 7.26%, 143, 17, 3, 517.63
1571248601, 0, 20, 826, 818, 259, 7.26%, 143, 17, 3, 514.26
1571248606, 0, 20, 827, 819, 259, 7.26%, 143, 17, 3, 512.44
1571248616, 0, 20, 827, 819, 259, 7.26%, 144, 17, 3, 49.67
1571248621, 0, 20, 828, 820, 259, 7.26%, 144, 17, 3, 473.58
1571248672, 0, 20, 829, 821, 259, 7.26%, 144, 17, 3, 480.33
1571248698, 0, 25, 830, 821, 258, 7.26%, 147, 17, 3, 473.96
1571250554, 0, 25, 831, 822, 258, 7.26%, 147, 17, 3, 558.28
1571250697, 0, 25, 831, 822, 258, 7.26%, 148, 17, 3, 437.02
1571250764, 0, 31, 831, 821, 257, 7.26%, 148, 17, 3, 537.86
1571258960, 0, 32, 831, 820, 257, 7.26%, 148, 17, 3, 379.99
1571258970, 0, 32, 831, 820, 257, 7.26%, 149, 17, 3, 413.72
1571267163, 0, 34, 831, 819, 256, 7.26%, 149, 18, 3, 390.74
1571267173, 0, 34, 832, 820, 256, 7.26%, 149, 18, 3, 400.91
1571274968, 0, 34, 833, 821, 256, 7.26%, 149, 18, 3, 406.92
1571275322, 0, 38, 833, 820, 255, 7.26%, 149, 18, 3, 382.23
1571275332, 0, 38, 834, 821, 255, 7.26%, 149, 18, 3, 365.02
1571283525, 0, 41, 834, 820, 254, 7.26%, 150, 18, 3, 379.26
1571283536, 0, 41, 835, 821, 254, 7.26%, 150, 18, 3, 400.99
1571283541, 0, 41, 835, 821, 254, 7.26%, 151, 18, 3, 414.95
1571291742, 0, 57, 835, 820, 253, 7.26%, 151, 18, 3, 386.97
1571291752, 0, 57, 836, 821, 253, 7.26%, 151, 18, 3, 386.83
1571299945, 0, 63, 836, 820, 252, 7.26%, 151, 18, 3, 387.87
