# unix_time, cycles_done, cur_path, paths_total, pending_total, pending_favs, map_size, unique_crashes, unique_hangs, max_depth, execs_per_sec
1571216820, 0, 0, 1, 1, 1, 3.59%, 0, 0, 1, 363.64
1571216825, 0, 0, 14, 14, 1, 3.80%, 0, 0, 2, 27.78
1571216831, 0, 0, 56, 56, 1, 4.02%, 0, 0, 2, 346.14
1571216836, 0, 0, 95, 95, 1, 4.24%, 6, 1, 2, 249.52
1571216841, 0, 0, 107, 107, 1, 4.31%, 24, 2, 2, 27.00
1571216846, 0, 0, 153, 153, 1, 4.61%, 31, 2, 2, 344.30
1571216851, 0, 0, 189, 189, 1, 4.69%, 31, 2, 2, 384.15
1571216867, 0, 0, 193, 193, 1, 4.70%, 31, 2, 2, 385.80
1571216872, 0, 0, 228, 228, 1, 4.77%, 31, 2, 2, 442.91
1571216877, 0, 0, 273, 273, 1, 4.81%, 31, 2, 2, 389.51
1571216882, 0, 0, 274, 274, 1, 4.82%, 31, 2, 2, 380.35
1571216887, 0, 0, 287, 287, 1, 4.85%, 31, 2, 2, 374.60
1571216892, 0, 0, 288, 288, 1, 4.85%, 31, 2, 2, 383.04
1571219138, 0, 0, 295, 295, 1, 4.86%, 31, 2, 2, 247.52
1571219143, 0, 0, 311, 311, 1, 4.90%, 32, 2, 2, 361.30
1571219148, 0, 0, 318, 318, 1, 4.92%, 37, 3, 2, 49.19
1571219153, 0, 0, 326, 326, 1, 4.94%, 40, 4, 2, 350.85
1571219158, 0, 0, 341, 341, 1, 4.95%, 40, 4, 2, 365.10
1571219163, 0, 0, 342, 342, 1, 4.95%, 40, 4, 2, 376.09
1571219179, 0, 0, 350, 350, 1, 4.96%, 40, 4, 2, 373.67
1571219184, 0, 0, 359, 359, 1, 4.96%, 40, 4, 2, 380.34
1571219194, 0, 0, 362, 362, 1, 4.97%, 40, 4, 2, 376.68
1571221445, 0, 0, 364, 364, 1, 4.98%, 40, 4, 2, 256.02
1571221450, 0, 0, 366, 366, 1, 4.98%, 40, 4, 2, 353.37
1571221455, 0, 0, 370, 370, 1, 4.99%, 43, 4, 2, 401.93
1571221460, 0, 0, 382, 382, 1, 5.00%, 43, 4, 2, 378.87
1571221481, 0, 0, 383, 383, 1, 5.00%, 43, 4, 2, 381.32
1571221486, 0, 0, 390, 390, 1, 5.03%, 43, 4, 2, 379.65
1571221496, 0, 0, 391, 391, 1, 5.03%, 43, 4, 2, 378.33
1571223751, 0, 0, 394, 394, 1, 5.05%, 43, 4, 2, 377.68
1571223756, 0, 0, 395, 395, 1, 5.06%, 43, 4, 2, 378.55
1571224035, 0, 0, 396, 396, 1, 5.06%, 43, 4, 2, 360.74
1571224040, 0, 0, 405, 405, 1, 5.08%, 49, 4, 2, 367.68
1571224045, 0, 0, 411, 411, 1, 5.09%, 50, 6, 2, 377.66
1571224050, 0, 0, 417, 417, 1, 5.09%, 50, 6, 2, 49.29
1571224056, 0, 0, 419, 419, 1, 5.10%, 50, 6, 2, 380.72
1571224061, 0, 0, 423, 423, 1, 5.11%, 50, 6, 2, 402.05
1571224071, 0, 0, 429, 429, 1, 5.13%, 50, 6, 2, 391.75
1571224076, 0, 0, 430, 430, 1, 5.13%, 50, 6, 2, 381.02
1571224081, 0, 0, 431, 431, 1, 5.14%, 50, 6, 2, 59.21
1571224086, 0, 0, 433, 433, 1, 5.14%, 50, 6, 2, 408.67
1571224091, 0, 0, 434, 434, 1, 5.14%, 57, 6, 2, 412.51
1571224097, 0, 0, 435, 435, 1, 5.14%, 64, 6, 2, 499.41
1571224102, 0, 0, 435, 435, 1, 5.14%, 65, 6, 2, 51.94
1571224107, 0, 0, 441, 441, 1, 5.40%, 67, 6, 2, 406.64
1571224112, 0, 0, 443, 443, 1, 5.42%, 67, 6, 2, 372.31
1571224117, 0, 0, 444, 444, 1, 5.42%, 67, 6, 2, 345.89
1571224122, 0, 0, 451, 451, 1, 5.42%, 67, 6, 2, 392.06
1571224259, 0, 0, 456, 456, 1, 5.42%, 67, 6, 2, 392.26
1571224265, 0, 0, 457, 457, 1, 5.42%, 67, 6, 2, 364.35
1571224285, 0, 0, 464, 464, 1, 5.44%, 67, 6, 2, 364.16
1571224305, 0, 0, 467, 467, 1, 5.44%, 67, 6, 2, 351.89
1571224310, 0, 0, 468, 468, 1, 5.44%, 67, 6, 2, 373.58
1571224361, 0, 0, 470, 470, 1, 5.44%, 67, 6, 2, 391.94
1571224376, 0, 0, 472, 472, 1, 5.44%, 67, 8, 2, 380.38
1571224381, 0, 0, 472, 472, 1, 5.44%, 75, 8, 2, 457.71
1571224391, 0, 0, 473, 473, 1, 5.44%, 75, 8, 2, 371.04
1571224396, 0, 0, 477, 477, 1, 5.44%, 75, 8, 2, 376.57
1571224412, 0, 0, 478, 478, 1, 5.44%, 75, 8, 2, 384.17
1571224494, 0, 0, 481, 481, 1, 5.44%, 75, 8, 2, 101.64
1571224499, 0, 0, 483, 483, 1, 5.45%, 75, 8, 2, 333.09
1571224509, 0, 0, 484, 484, 1, 5.45%, 75, 8, 2, 381.60
1571224550, 0, 0, 485, 485, 1, 5.46%, 75, 8, 2, 418.72
1571224606, 0, 0, 486, 486, 1, 5.46%, 75, 8, 2, 385.50
1571224611, 0, 0, 488, 488, 1, 5.46%, 75, 8, 2, 412.96
1571224617, 0, 0, 489, 489, 1, 5.47%, 75, 8, 2, 387.00
1571224622, 0, 0, 491, 491, 1, 5.47%, 75, 8, 2, 384.24
1571224637, 0, 0, 494, 494, 1, 5.48%, 75, 8, 2, 365.19
1571224642, 0, 0, 496, 496, 1, 5.48%, 76, 9, 2, 292.17
1571224652, 0, 0, 500, 500, 1, 5.48%, 76, 9, 2, 376.82
1571224657, 0, 0, 501, 501, 1, 5.49%, 76, 9, 2, 366.65
1571224662, 0, 0, 503, 503, 1, 5.50%, 76, 9, 2, 407.05
1571224668, 0, 0, 504, 504, 1, 5.50%, 76, 9, 2, 394.92
1571224673, 0, 0, 506, 506, 1, 5.50%, 76, 9, 2, 399.84
1571224678, 0, 0, 506, 506, 1, 5.50%, 79, 9, 2, 406.48
1571224683, 0, 0, 508, 508, 1, 5.65%, 81, 9, 2, 374.99
1571224688, 0, 0, 516, 516, 1, 5.65%, 81, 9, 2, 381.95
1571224734, 0, 0, 521, 521, 1, 5.65%, 81, 9, 2, 393.18
1571224739, 0, 0, 522, 522, 1, 5.65%, 81, 9, 2, 385.95
1571224744, 0, 0, 524, 524, 1, 5.65%, 81, 9, 2, 384.75
1571224775, 0, 0, 530, 530, 1, 6.81%, 81, 9, 2, 56.19
1571224780, 0, 0, 537, 537, 1, 6.81%, 83, 9, 2, 395.11
1571224790, 0, 0, 539, 539, 1, 6.81%, 83, 9, 2, 394.63
1571224800, 0, 0, 547, 547, 1, 6.83%, 84, 9, 2, 401.39
1571224811, 0, 0, 547, 547, 1, 6.83%, 88, 9, 2, 407.80
1571224816, 0, 0, 550, 550, 1, 6.84%, 88, 9, 2, 410.04
1571224821, 0, 0, 552, 552, 1, 6.84%, 88, 9, 2, 350.99
1571224826, 0, 0, 561, 561, 1, 6.84%, 88, 9, 2, 375.05
1571224831, 0, 0, 564, 564, 1, 6.84%, 88, 9, 2, 381.19
1571224918, 0, 0, 566, 566, 1, 6.84%, 88, 9, 2, 381.77
1571224923, 0, 0, 570, 570, 1, 6.84%, 88, 9, 2, 390.34
1571224928, 0, 0, 573, 573, 1, 6.84%, 88, 9, 2, 385.53
1571224994, 0, 0, 575, 575, 1, 6.85%, 88, 9, 2, 55.37
1571224999, 0, 0, 595, 595, 1, 6.89%, 90, 9, 2, 407.71
1571225004, 0, 0, 599, 599, 1, 6.89%, 91, 9, 2, 400.52
1571225009, 0, 0, 607, 607, 1, 6.91%, 92, 10, 2, 380.53
1571225015, 0, 0, 609, 609, 1, 6.97%, 94, 10, 2, 380.01
1571225020, 0, 0, 611, 611, 1, 6.97%, 99, 10, 2, 492.54
1571225025, 0, 0, 613, 613, 1, 6.97%, 102, 10, 2, 425.69
1571225030, 0, 0, 615, 615, 1, 7.00%, 105, 10, 2, 372.34
1571225035, 0, 0, 620, 620, 1, 7.02%, 107, 10, 2, 392.05
1571225097, 0, 0, 620, 620, 1, 7.02%, 108, 10, 2, 7.04
1571225102, 0, 0, 622, 622, 1, 7.02%, 108, 11, 2, 353.48
1571225113, 0, 0, 624, 624, 1, 7.02%, 108, 11, 2, 19.08
1571225123, 0, 0, 628, 628, 1, 7.02%, 108, 11, 2, 390.49
1571225128, 0, 0, 632, 632, 1, 7.04%, 108, 11, 2, 384.31
1571225158, 0, 0, 646, 646, 1, 7.04%, 113, 11, 2, 379.86
1571225164, 0, 0, 666, 666, 1, 7.05%, 118, 13, 2, 59.84
1571225170, 0, 0, 677, 677, 1, 7.06%, 120, 13, 2, 371.68
1571225175, 0, 0, 684, 684, 1, 7.06%, 124, 13, 2, 373.40
1571225180, 0, 0, 689, 689, 1, 7.06%, 128, 14, 2, 32.55
1571225185, 0, 0, 692, 692, 1, 7.06%, 129, 15, 2, 395.30
1571225190, 0, 0, 695, 695, 1, 7.06%, 131, 15, 2, 387.10
1571225196, 0, 0, 697, 697, 1, 7.07%, 133, 16, 2, 20.54
1571225201, 0, 0, 699, 699, 1, 7.07%, 134, 16, 2, 384.05
1571225206, 0, 0, 701, 701, 1, 7.07%, 134, 17, 2, 318.57
1571225211, 0, 0, 702, 702, 1, 7.07%, 134, 18, 2, 390.17
1571225217, 0, 0, 703, 703, 1, 7.09%, 136, 19, 2, 26.65
1571225222, 0, 0, 705, 705, 1, 7.09%, 136, 19, 2, 374.26
1571225227, 0, 0, 709, 709, 1, 7.09%, 137, 19, 2, 370.83
1571225232, 0, 0, 710, 710, 1, 7.09%, 137, 19, 2, 381.90
1571225237, 0, 0, 711, 711, 1, 7.09%, 138, 19, 2, 381.62
1571225242, 0, 0, 712, 712, 1, 7.10%, 138, 19, 2, 387.98
1571225247, 0, 0, 715, 715, 1, 7.10%, 139, 19, 2, 380.07
1571225252, 0, 0, 717, 717, 1, 7.10%, 140, 19, 2, 368.51
1571225257, 0, 4, 720, 719, 218, 7.10%, 140, 19, 3, 490.00
1571225268, 0, 4, 721, 720, 218, 7.10%, 140, 19, 3, 594.84
1571225283, 0, 4, 723, 722, 218, 7.11%, 140, 19, 3, 598.48
1571225758, 0, 4, 726, 725, 218, 7.11%, 140, 19, 3, 573.28
1571226250, 0, 4, 727, 726, 218, 7.11%, 140, 19, 3, 605.79
1571226265, 0, 4, 728, 727, 218, 7.12%, 140, 19, 3, 602.85
1571226802, 0, 4, 731, 730, 218, 7.13%, 140, 19, 3, 49.36
1571226807, 0, 4, 732, 731, 218, 7.13%, 140, 19, 3, 417.18
1571226812, 0, 4, 736, 735, 218, 7.13%, 140, 19, 3, 563.67
1571226817, 0, 4, 739, 738, 218, 7.13%, 140, 19, 3, 594.98
1571226909, 0, 4, 740, 739, 218, 7.14%, 140, 19, 3, 595.59
1571226914, 0, 4, 741, 740, 218, 7.14%, 140, 19, 3, 601.29
1571227124, 0, 4, 742, 741, 218, 7.14%, 140, 19, 3, 583.18
1571227129, 0, 7, 742, 740, 230, 7.14%, 140, 19, 3, 55.02
1571227135, 0, 7, 744, 742, 230, 7.15%, 140, 19, 3, 593.93
1571230067, 0, 7, 745, 743, 230, 7.15%, 140, 19, 3, 511.48
1571230198, 0, 7, 747, 745, 230, 7.16%, 140, 19, 3, 592.24
1571230360, 0, 7, 748, 746, 230, 7.16%, 140, 19, 3, 582.56
1571230401, 0, 7, 753, 751, 230, 7.20%, 140, 19, 3, 91.42
1571230406, 0, 7, 755, 753, 230, 7.21%, 140, 19, 3, 585.60
1571230493, 0, 7, 756, 754, 230, 7.21%, 140, 19, 3, 594.58
1571230559, 0, 7, 763, 761, 230, 7.21%, 140, 19, 3, 575.37
1571230564, 0, 7, 769, 767, 230, 7.22%, 140, 19, 3, 569.37
1571230569, 0, 7, 771, 769, 230, 7.22%, 140, 19, 3, 578.93
1571230574, 0, 7, 773, 771, 230, 7.22%, 140, 19, 3, 569.73
1571230579, 0, 7, 775, 773, 230, 7.22%, 140, 19, 3, 572.83
1571230584, 0, 7, 777, 775, 230, 7.22%, 140, 19, 3, 559.89
1571230590, 0, 7, 779, 777, 230, 7.22%, 140, 19, 3, 573.80
1571230595, 0, 7, 782, 780, 230, 7.22%, 140, 19, 3, 575.26
1571230600, 0, 11, 782, 778, 241, 7.22%, 140, 19, 3, 593.07
1571230605, 0, 18, 782, 776, 239, 7.22%, 140, 19, 3, 500.15
1571230610, 0, 20, 782, 775, 238, 7.22%, 140, 19, 3, 43.80
1571230615, 0, 20, 783, 776, 238, 7.22%, 140, 20, 3, 83.65
1571230620, 0, 20, 784, 777, 238, 7.23%, 144, 20, 3, 484.13
1571230626, 0, 20, 785, 778, 238, 7.23%, 144, 20, 3, 483.62
1571231785, 0, 20, 786, 779, 238, 7.23%, 144, 20, 3, 488.40
1571232474, 0, 20, 787, 780, 238, 7.23%, 144, 20, 3, 509.12
1571232499, 0, 20, 788, 781, 238, 7.23%, 144, 20, 3, 456.46
1571232663, 0, 20, 789, 782, 238, 7.23%, 144, 20, 3, 481.87
1571232909, 0, 20, 790, 783, 238, 7.23%, 144, 20, 3, 489.44
1571232920, 0, 20, 791, 784, 238, 7.23%, 144, 20, 3, 67.22
1571232930, 0, 20, 792, 785, 238, 7.23%, 144, 20, 3, 497.44
1571233053, 0, 20, 794, 787, 238, 7.23%, 144, 20, 3, 508.83
1571233059, 0, 20, 796, 789, 238, 7.23%, 144, 20, 3, 501.39
1571233074, 0, 20, 796, 789, 238, 7.23%, 145, 20, 3, 407.82
1571233079, 0, 20, 797, 790, 238, 7.23%, 145, 20, 3, 466.95
1571233131, 0, 20, 798, 791, 238, 7.23%, 145, 20, 3, 479.46
1571233152, 0, 20, 800, 793, 238, 7.23%, 148, 21, 3, 33.91
1571233157, 0, 20, 802, 795, 238, 7.23%, 153, 21, 3, 460.22
1571233162, 0, 20, 804, 797, 238, 7.23%, 153, 21, 3, 457.67
1571233167, 0, 20, 804, 797, 238, 7.23%, 155, 21, 3, 444.78
1571233172, 0, 20, 805, 798, 238, 7.23%, 156, 21, 3, 457.36
1571233177, 0, 20, 810, 803, 238, 7.24%, 162, 21, 3, 450.99
1571233182, 0, 20, 811, 804, 238, 7.24%, 165, 21, 3, 453.94
1571233188, 0, 20, 813, 806, 238, 7.24%, 168, 22, 3, 479.35
1571233193, 0, 20, 814, 807, 238, 7.24%, 170, 22, 3, 461.31
1571233198, 0, 20, 814, 807, 238, 7.24%, 171, 22, 3, 437.79
1571233203, 0, 20, 815, 808, 238, 7.24%, 171, 23, 3, 420.80
1571233208, 0, 20, 816, 809, 238, 7.24%, 171, 23, 3, 447.21
1571233213, 0, 20, 818, 811, 238, 7.24%, 172, 23, 3, 444.15
1571233218, 0, 20, 819, 812, 238, 7.24%, 173, 24, 3, 457.23
1571233223, 0, 20, 820, 813, 238, 7.24%, 173, 24, 3, 447.80
1571233228, 0, 30, 820, 812, 239, 7.24%, 173, 24, 3, 428.73
1571233234, 0, 32, 820, 811, 238, 7.24%, 173, 24, 3, 397.52
1571233239, 0, 34, 820, 810, 237, 7.24%, 173, 24, 3, 392.32
1571233244, 0, 38, 820, 809, 236, 7.24%, 173, 24, 3, 391.35
1571233249, 0, 72, 820, 807, 234, 7.24%, 173, 24, 3, 391.05
1571233254, 0, 74, 820, 806, 233, 7.24%, 173, 24, 3, 417.62
1571233259, 0, 96, 820, 804, 233, 7.24%, 173, 24, 3, 450.66
1571233264, 0, 102, 820, 803, 232, 7.24%, 173, 24, 3, 466.45
1571233270, 0, 113, 820, 801, 230, 7.24%, 173, 24, 3, 462.25
1571233275, 0, 117, 820, 800, 229, 7.24%, 173, 24, 3, 414.50
1571233280, 0, 121, 820, 798, 227, 7.24%, 173, 24, 3, 395.26
1571233285, 0, 122, 820, 797, 226, 7.24%, 173, 24, 3, 389.36
1571233290, 0, 123, 820, 796, 225, 7.24%, 173, 24, 3, 384.78
1571233295, 0, 130, 820, 795, 224, 7.24%, 173, 24, 3, 387.46
1571233300, 0, 133, 820, 794, 223, 7.24%, 173, 24, 3, 388.61
1571233305, 0, 147, 820, 792, 221, 7.24%, 173, 24, 3, 418.47
1571233311, 0, 166, 820, 790, 219, 7.24%, 173, 24, 3, 418.62
1571233316, 0, 189, 820, 789, 218, 7.24%, 173, 24, 3, 421.89
1571233321, 0, 193, 820, 787, 216, 7.24%, 173, 24, 3, 474.09
1571233326, 0, 201, 820, 785, 214, 7.24%, 173, 24, 3, 482.50
1571235167, 0, 201, 821, 786, 214, 7.24%, 173, 24, 3, 465.67
1571235244, 0, 201, 822, 787, 214, 7.24%, 173, 24, 3, 467.14
1571235285, 0, 201, 822, 787, 214, 7.24%, 174, 24, 3, 488.91
1571235306, 0, 201, 825, 790, 214, 7.24%, 174, 24, 3, 484.40
1571235408, 0, 201, 826, 791, 214, 7.24%, 174, 24, 3, 452.87
1571235449, 0, 201, 827, 792, 214, 7.24%, 174, 24, 3, 333.51
1571235464, 0, 201, 828, 793, 214, 7.24%, 174, 24, 3, 441.92
1571235741, 0, 201, 828, 793, 214, 7.24%, 175, 24, 3, 479.32
1571235849, 0, 201, 829, 794, 214, 7.24%, 176, 24, 3, 495.41
1571235854, 0, 201, 830, 795, 214, 7.24%, 176, 24, 3, 488.13
1571235864, 0, 201, 832, 797, 214, 7.24%, 176, 24, 3, 451.95
1571235931, 0, 201, 833, 798, 214, 7.24%, 176, 24, 3, 469.78
1571235951, 0, 201, 834, 799, 214, 7.24%, 176, 25, 3, 437.25
1571235956, 0, 203, 834, 798, 213, 7.24%, 176, 25, 3, 399.14
1571235961, 0, 252, 834, 795, 210, 7.24%, 176, 25, 3, 484.10
1571235967, 0, 263, 834, 794, 209, 7.24%, 176, 25, 3, 433.27
1571243198, 0, 263, 835, 795, 209, 7.24%, 176, 25, 3, 373.43
1571243913, 0, 263, 835, 795, 209, 7.24%, 177, 25, 3, 346.46
1571244121, 0, 263, 835, 795, 209, 7.24%, 178, 25, 3, 400.98
1571244147, 0, 263, 835, 795, 209, 7.24%, 179, 25, 3, 50.42
1571244285, 0, 264, 835, 794, 207, 7.24%, 179, 25, 3, 255.00
1571244295, 0, 264, 838, 797, 207, 7.24%, 179, 25, 3, 412.07
1571244300, 0, 264, 840, 799, 207, 7.24%, 179, 25, 3, 387.62
1571251243, 0, 264, 842, 801, 207, 7.24%, 179, 25, 3, 408.45
1571251758, 0, 264, 843, 802, 207, 7.24%, 179, 25, 3, 392.68
1571251783, 0, 264, 844, 803, 207, 7.24%, 179, 25, 3, 385.44
1571251788, 0, 264, 845, 804, 207, 7.24%, 179, 25, 3, 394.10
1571251834, 0, 264, 846, 805, 207, 7.24%, 179, 25, 3, 394.46
1571251895, 0, 264, 847, 806, 207, 7.24%, 179, 25, 3, 419.39
1571252074, 0, 264, 847, 806, 207, 7.24%, 180, 25, 3, 396.47
1571252089, 0, 264, 848, 807, 207, 7.24%, 180, 25, 3, 403.87
1571252196, 0, 264, 849, 808, 207, 7.24%, 180, 25, 3, 396.08
1571252232, 0, 264, 852, 811, 207, 7.25%, 180, 25, 3, 389.14
1571252237, 0, 264, 853, 812, 207, 7.25%, 180, 25, 3, 379.94
1571252242, 0, 264, 856, 815, 207, 7.25%, 180, 25, 3, 383.13
1571252252, 0, 264, 856, 815, 207, 7.25%, 181, 26, 3, 368.12
1571252262, 0, 264, 856, 815, 207, 7.25%, 182, 26, 3, 388.54
1571252277, 0, 264, 857, 816, 207, 7.25%, 182, 26, 3, 377.02
1571252283, 0, 264, 858, 817, 207, 7.25%, 182, 26, 3, 384.73
1571252288, 0, 264, 859, 818, 207, 7.25%, 182, 26, 3, 380.91
1571252293, 0, 264, 860, 819, 207, 7.25%, 182, 26, 3, 381.30
1571252298, 0, 264, 861, 820, 207, 7.25%, 182, 26, 3, 387.44
1571252303, 0, 264, 863, 822, 207, 7.25%, 182, 26, 3, 387.36
1571252313, 0, 273, 864, 822, 212, 7.25%, 182, 26, 3, 385.60
1571252318, 0, 274, 864, 821, 211, 7.25%, 182, 26, 3, 425.56
1571252323, 0, 282, 864, 819, 209, 7.25%, 182, 26, 3, 477.21
1571252328, 0, 285, 864, 818, 208, 7.25%, 182, 26, 3, 394.67
1571252369, 0, 285, 865, 819, 208, 7.25%, 182, 26, 3, 369.56
1571254700, 0, 285, 866, 820, 208, 7.25%, 182, 26, 3, 372.50
1571260249, 0, 285, 867, 821, 208, 7.25%, 182, 26, 3, 415.44
1571260351, 0, 285, 867, 821, 208, 7.25%, 183, 26, 3, 397.69
1571260570, 0, 285, 867, 821, 208, 7.25%, 184, 26, 3, 366.16
1571260581, 0, 285, 868, 822, 208, 7.25%, 184, 26, 3, 49.35
1571260591, 0, 285, 868, 822, 208, 7.25%, 185, 26, 3, 468.20
1571260606, 0, 285, 869, 823, 208, 7.25%, 185, 26, 3, 385.21
1571260698, 0, 285, 871, 825, 208, 7.25%, 185, 26, 3, 375.58
1571260739, 0, 295, 871, 823, 205, 7.25%, 185, 26, 3, 445.41
1571260744, 0, 304, 871, 821, 203, 7.25%, 185, 26, 3, 483.87
1571260749, 0, 305, 871, 820, 202, 7.25%, 185, 26, 3, 439.04
1571260754, 0, 308, 871, 819, 202, 7.25%, 185, 26, 3, 407.69
1571260760, 0, 311, 871, 818, 201, 7.25%, 185, 26, 3, 384.26
1571260770, 0, 311, 872, 819, 201, 7.25%, 185, 26, 3, 58.54
1571260775, 0, 311, 883, 830, 201, 7.25%, 185, 26, 3, 381.50
1571263097, 0, 311, 883, 830, 201, 7.25%, 186, 26, 3, 383.97
1571263103, 0, 311, 885, 832, 201, 7.25%, 186, 26, 3, 358.77
1571263108, 0, 311, 886, 833, 201, 7.25%, 186, 26, 3, 364.96
1571265434, 0, 311, 887, 834, 201, 7.25%, 186, 26, 3, 361.21
1571265439, 0, 311, 889, 836, 201, 7.25%, 186, 26, 3, 367.91
1571268104, 0, 311, 894, 841, 201, 7.25%, 186, 26, 3, 451.42
1571268114, 0, 311, 897, 844, 201, 7.25%, 186, 26, 3, 395.66
1571268395, 0, 311, 899, 846, 201, 7.25%, 186, 26, 3, 377.90
1571268554, 0, 311, 900, 847, 201, 7.25%, 186, 26, 3, 417.36
1571268646, 0, 311, 901, 848, 201, 7.25%, 186, 26, 3, 363.99
1571268829, 0, 311, 902, 849, 201, 7.25%, 187, 26, 3, 381.91
1571269003, 0, 311, 903, 850, 201, 7.25%, 187, 26, 3, 386.31
1571269018, 0, 311, 904, 851, 201, 7.26%, 188, 26, 3, 394.57
1571269024, 0, 311, 906, 853, 201, 7.26%, 188, 26, 3, 49.23
1571269029, 0, 311, 907, 854, 201, 7.26%, 188, 26, 3, 358.44
1571269034, 0, 311, 909, 856, 201, 7.26%, 189, 26, 3, 369.65
1571269172, 0, 311, 911, 858, 201, 7.26%, 189, 26, 3, 351.25
1571269182, 0, 311, 912, 859, 201, 7.26%, 189, 26, 3, 368.71
1571269198, 0, 323, 912, 857, 203, 7.26%, 189, 26, 3, 382.21
1571269203, 0, 329, 912, 856, 202, 7.26%, 189, 26, 3, 415.30
1571269208, 0, 349, 912, 854, 200, 7.26%, 189, 26, 3, 435.56
1571269213, 0, 363, 912, 852, 199, 7.26%, 189, 26, 3, 485.97
1571271557, 0, 363, 912, 852, 199, 7.26%, 190, 26, 3, 374.84
1571273890, 0, 363, 913, 853, 199, 7.26%, 190, 26, 3, 382.79
1571276528, 0, 363, 917, 857, 199, 7.27%, 190, 26, 3, 384.12
1571277252, 0, 363, 918, 858, 199, 7.27%, 190, 26, 3, 419.05
1571277650, 0, 363, 919, 859, 199, 7.28%, 190, 26, 3, 376.43
1571277655, 0, 367, 919, 858, 201, 7.28%, 190, 26, 3, 409.32
1571277661, 0, 370, 919, 857, 200, 7.28%, 190, 26, 3, 394.75
1571277676, 0, 370, 919, 857, 200, 7.28%, 191, 26, 3, 383.63
1571284943, 0, 370, 919, 857, 200, 7.28%, 191, 27, 3, 365.00
1571286009, 0, 376, 919, 856, 199, 7.28%, 191, 27, 3, 377.84
1571286024, 0, 376, 922, 859, 199, 7.28%, 191, 27, 3, 416.65
1571286029, 0, 376, 926, 863, 199, 7.28%, 191, 27, 3, 381.65
1571286055, 0, 376, 928, 865, 199, 7.28%, 191, 27, 3, 379.14
1571288311, 0, 376, 930, 867, 199, 7.28%, 191, 27, 3, 153.71
1571293223, 0, 376, 931, 868, 199, 7.28%, 191, 27, 3, 415.03
1571293238, 0, 376, 932, 869, 199, 7.28%, 191, 27, 3, 370.16
1571293784, 0, 376, 933, 870, 199, 7.28%, 191, 27, 3, 381.30
1571293896, 0, 376, 935, 872, 199, 7.28%, 191, 27, 3, 402.21
1571293922, 0, 376, 936, 873, 199, 7.28%, 191, 27, 3, 375.20
1571294019, 0, 376, 937, 874, 199, 7.28%, 191, 27, 3, 390.85
1571294085, 0, 376, 937, 874, 199, 7.28%, 192, 27, 3, 404.81
1571294254, 0, 376, 938, 875, 199, 7.28%, 192, 27, 3, 368.53
1571294259, 0, 384, 938, 873, 196, 7.28%, 192, 27, 3, 431.64
1571294264, 0, 387, 938, 872, 196, 7.28%, 192, 27, 3, 468.38
1571294269, 0, 404, 938, 870, 194, 7.28%, 192, 27, 3, 405.91
1571294274, 0, 414, 938, 868, 192, 7.28%, 192, 27, 3, 467.20
1571294279, 0, 416, 938, 866, 190, 7.28%, 192, 27, 3, 576.00
1571294284, 0, 419, 938, 865, 189, 7.28%, 192, 27, 3, 49.23
1571294289, 0, 419, 939, 866, 189, 7.28%, 192, 27, 3, 381.61
1571302698, 0, 421, 939, 865, 189, 7.28%, 192, 27, 3, 383.69
1571302703, 0, 422, 939, 864, 188, 7.28%, 192, 27, 3, 386.39
1571302708, 0, 424, 939, 862, 186, 7.28%, 192, 27, 3, 415.16
