# unix_time, cycles_done, cur_path, paths_total, pending_total, pending_favs, map_size, unique_crashes, unique_hangs, max_depth, execs_per_sec
1571130136, 0, 0, 1, 1, 1, 3.59%, 0, 0, 1, 470.59
1571130141, 0, 0, 20, 20, 1, 3.82%, 0, 0, 2, 480.21
1571130147, 0, 0, 78, 78, 1, 4.07%, 0, 1, 2, 29.98
1571130153, 0, 0, 107, 107, 1, 4.31%, 24, 2, 2, 70.11
1571130159, 0, 0, 169, 169, 1, 4.64%, 31, 2, 2, 61.50
1571130164, 0, 0, 189, 189, 1, 4.69%, 31, 2, 2, 462.73
1571130179, 0, 0, 210, 210, 1, 4.74%, 31, 2, 2, 421.70
1571130184, 0, 0, 272, 272, 1, 4.81%, 31, 2, 2, 412.25
1571130189, 0, 0, 274, 274, 1, 4.82%, 31, 2, 2, 413.76
1571130194, 0, 0, 288, 288, 1, 4.85%, 31, 2, 2, 387.32
1571132418, 0, 0, 302, 302, 1, 4.89%, 32, 2, 2, 309.44
1571132423, 0, 0, 315, 315, 1, 4.91%, 34, 2, 2, 360.13
1571132428, 0, 0, 318, 318, 1, 4.92%, 39, 4, 2, 197.03
1571132433, 0, 0, 338, 338, 1, 4.95%, 40, 4, 2, 330.77
1571132438, 0, 0, 342, 342, 1, 4.95%, 40, 4, 2, 372.56
1571132454, 0, 0, 345, 345, 1, 4.96%, 40, 4, 2, 383.28
1571132459, 0, 0, 359, 359, 1, 4.96%, 40, 4, 2, 381.04
1571132469, 0, 0, 362, 362, 1, 4.97%, 40, 4, 2, 383.02
1571134699, 0, 0, 364, 364, 1, 4.98%, 40, 4, 2, 315.14
1571134704, 0, 0, 368, 368, 1, 4.99%, 41, 4, 2, 365.12
1571134709, 0, 0, 373, 373, 1, 5.00%, 43, 4, 2, 363.53
1571134714, 0, 0, 382, 382, 1, 5.00%, 43, 4, 2, 378.59
1571134735, 0, 0, 386, 386, 1, 5.03%, 43, 4, 2, 384.04
1571134740, 0, 0, 390, 390, 1, 5.03%, 43, 4, 2, 384.74
1571134750, 0, 0, 391, 391, 1, 5.03%, 43, 4, 2, 384.60
1571136978, 0, 0, 394, 394, 1, 5.05%, 43, 4, 2, 378.99
1571136983, 0, 0, 395, 395, 1, 5.06%, 43, 4, 2, 382.88
1571137264, 0, 0, 403, 403, 1, 5.07%, 49, 4, 2, 375.78
1571137269, 0, 0, 408, 408, 1, 5.08%, 50, 6, 2, 378.11
1571137275, 0, 0, 417, 417, 1, 5.09%, 50, 6, 2, 399.51
1571137280, 0, 0, 418, 418, 1, 5.09%, 50, 6, 2, 386.30
1571137285, 0, 0, 423, 423, 1, 5.11%, 50, 6, 2, 410.60
1571137295, 0, 0, 429, 429, 1, 5.13%, 50, 6, 2, 398.58
1571137300, 0, 0, 430, 430, 1, 5.13%, 50, 6, 2, 393.85
1571137305, 0, 0, 431, 431, 1, 5.14%, 50, 6, 2, 51.20
1571137310, 0, 0, 433, 433, 1, 5.14%, 50, 6, 2, 411.21
1571137316, 0, 0, 435, 435, 1, 5.14%, 57, 6, 2, 418.04
1571137321, 0, 0, 435, 435, 1, 5.14%, 64, 6, 2, 491.54
1571137326, 0, 0, 435, 435, 1, 5.14%, 65, 6, 2, 52.44
1571137331, 0, 0, 441, 441, 1, 5.40%, 67, 6, 2, 403.07
1571137336, 0, 0, 443, 443, 1, 5.42%, 67, 6, 2, 359.49
1571137341, 0, 0, 445, 445, 1, 5.42%, 67, 6, 2, 346.98
1571137347, 0, 0, 451, 451, 1, 5.42%, 67, 6, 2, 367.98
1571137480, 0, 0, 456, 456, 1, 5.42%, 67, 6, 2, 378.56
1571137485, 0, 0, 457, 457, 1, 5.42%, 67, 6, 2, 346.54
1571137506, 0, 0, 462, 462, 1, 5.43%, 67, 6, 2, 382.67
1571137511, 0, 0, 464, 464, 1, 5.44%, 67, 6, 2, 383.41
1571137526, 0, 0, 467, 467, 1, 5.44%, 67, 6, 2, 358.35
1571137531, 0, 0, 468, 468, 1, 5.44%, 67, 6, 2, 378.67
1571137578, 0, 0, 470, 470, 1, 5.44%, 67, 6, 2, 407.31
1571137588, 0, 0, 471, 471, 1, 5.44%, 67, 8, 2, 48.53
1571137593, 0, 0, 472, 472, 1, 5.44%, 74, 8, 2, 45.58
1571137598, 0, 0, 472, 472, 1, 5.44%, 75, 8, 2, 49.31
1571137603, 0, 0, 473, 473, 1, 5.44%, 75, 8, 2, 392.76
1571137608, 0, 0, 477, 477, 1, 5.44%, 75, 8, 2, 389.04
1571137624, 0, 0, 478, 478, 1, 5.44%, 75, 8, 2, 388.39
1571137706, 0, 0, 481, 481, 1, 5.44%, 75, 8, 2, 135.43
1571137711, 0, 0, 483, 483, 1, 5.45%, 75, 8, 2, 335.38
1571137721, 0, 0, 484, 484, 1, 5.45%, 75, 8, 2, 384.87
1571137762, 0, 0, 485, 485, 1, 5.46%, 75, 8, 2, 413.57
1571137819, 0, 0, 486, 486, 1, 5.46%, 75, 8, 2, 415.15
1571137824, 0, 0, 489, 489, 1, 5.47%, 75, 8, 2, 405.06
1571137834, 0, 0, 491, 491, 1, 5.47%, 75, 8, 2, 388.65
1571137850, 0, 0, 494, 494, 1, 5.48%, 76, 9, 2, 43.63
1571137855, 0, 0, 496, 496, 1, 5.48%, 76, 9, 2, 354.69
1571137865, 0, 0, 500, 500, 1, 5.48%, 76, 9, 2, 383.16
1571137870, 0, 0, 502, 502, 1, 5.50%, 76, 9, 2, 390.55
1571137875, 0, 0, 504, 504, 1, 5.50%, 76, 9, 2, 406.26
1571137880, 0, 0, 505, 505, 1, 5.50%, 76, 9, 2, 165.67
1571137886, 0, 0, 506, 506, 1, 5.50%, 78, 9, 2, 342.04
1571137891, 0, 0, 508, 508, 1, 5.65%, 81, 9, 2, 421.91
1571137896, 0, 0, 516, 516, 1, 5.65%, 81, 9, 2, 388.85
1571137942, 0, 0, 521, 521, 1, 5.65%, 81, 9, 2, 400.74
1571137947, 0, 0, 522, 522, 1, 5.65%, 81, 9, 2, 393.14
1571137952, 0, 0, 524, 524, 1, 5.65%, 81, 9, 2, 382.81
1571137978, 0, 0, 530, 530, 1, 6.81%, 81, 9, 2, 55.22
1571137983, 0, 0, 537, 537, 1, 6.81%, 83, 9, 2, 427.80
1571137994, 0, 0, 539, 539, 1, 6.81%, 83, 9, 2, 395.84
1571138004, 0, 0, 547, 547, 1, 6.83%, 84, 9, 2, 395.56
1571138014, 0, 0, 547, 547, 1, 6.83%, 88, 9, 2, 72.41
1571138019, 0, 0, 550, 550, 1, 6.84%, 88, 9, 2, 412.98
1571138024, 0, 0, 552, 552, 1, 6.84%, 88, 9, 2, 363.67
1571138029, 0, 0, 561, 561, 1, 6.84%, 88, 9, 2, 402.13
1571138035, 0, 0, 564, 564, 1, 6.84%, 88, 9, 2, 383.83
1571138122, 0, 0, 569, 569, 1, 6.84%, 88, 9, 2, 388.37
1571138127, 0, 0, 572, 572, 1, 6.84%, 88, 9, 2, 395.39
1571138132, 0, 0, 573, 573, 1, 6.84%, 88, 9, 2, 385.69
1571138184, 0, 0, 574, 574, 1, 6.85%, 88, 9, 2, 378.02
1571138189, 0, 0, 580, 580, 1, 6.87%, 89, 9, 2, 396.89
1571138194, 0, 0, 599, 599, 1, 6.89%, 91, 9, 2, 409.16
1571138200, 0, 0, 600, 600, 1, 6.89%, 92, 10, 2, 28.96
1571138205, 0, 0, 609, 609, 1, 6.97%, 94, 10, 2, 376.46
1571138210, 0, 0, 611, 611, 1, 6.97%, 99, 10, 2, 397.93
1571138215, 0, 0, 612, 612, 1, 6.97%, 101, 10, 2, 49.74
1571138220, 0, 0, 615, 615, 1, 7.00%, 105, 10, 2, 348.10
1571138225, 0, 0, 620, 620, 1, 7.02%, 107, 10, 2, 393.98
1571138287, 0, 0, 620, 620, 1, 7.02%, 108, 10, 2, 6.81
1571138292, 0, 0, 622, 622, 1, 7.02%, 108, 11, 2, 401.57
1571138303, 0, 0, 624, 624, 1, 7.02%, 108, 11, 2, 5.52
1571138313, 0, 0, 628, 628, 1, 7.02%, 108, 11, 2, 391.82
1571138318, 0, 0, 632, 632, 1, 7.04%, 108, 11, 2, 381.55
1571138344, 0, 0, 651, 651, 1, 7.04%, 115, 11, 2, 380.56
1571138349, 0, 0, 673, 673, 1, 7.06%, 121, 11, 2, 381.43
1571138354, 0, 0, 679, 679, 1, 7.06%, 124, 11, 2, 342.36
1571138359, 0, 0, 685, 685, 1, 7.06%, 129, 11, 2, 367.55
1571138364, 0, 0, 691, 691, 1, 7.06%, 129, 12, 2, 384.12
1571138369, 0, 0, 693, 693, 1, 7.06%, 130, 12, 2, 385.70
1571138374, 0, 0, 694, 694, 1, 7.06%, 130, 12, 2, 368.06
1571138379, 0, 0, 696, 696, 1, 7.06%, 131, 12, 2, 359.05
1571138384, 0, 0, 698, 698, 1, 7.06%, 131, 12, 2, 381.59
1571138389, 0, 0, 699, 699, 1, 7.06%, 131, 13, 2, 362.45
1571138394, 0, 0, 701, 701, 1, 7.06%, 132, 13, 2, 377.28
1571138400, 0, 0, 702, 702, 1, 7.06%, 132, 13, 2, 381.64
1571138405, 0, 0, 704, 704, 1, 7.06%, 132, 13, 2, 382.36
1571138410, 0, 0, 707, 707, 1, 7.06%, 134, 13, 2, 368.55
1571138415, 0, 0, 707, 707, 1, 7.06%, 138, 13, 2, 375.99
1571138420, 0, 0, 707, 707, 1, 7.06%, 139, 13, 2, 381.47
1571138425, 0, 0, 709, 709, 1, 7.06%, 139, 13, 2, 372.58
1571138430, 0, 0, 710, 710, 1, 7.06%, 139, 13, 2, 377.58
1571138435, 0, 2, 712, 711, 239, 7.06%, 140, 13, 3, 84.85
1571138445, 0, 2, 713, 712, 239, 7.07%, 140, 13, 3, 607.18
1571138461, 0, 2, 715, 714, 239, 7.07%, 140, 13, 3, 610.77
1571138931, 0, 2, 718, 717, 239, 7.07%, 140, 13, 3, 612.00
1571139417, 0, 2, 719, 718, 239, 7.08%, 140, 13, 3, 605.85
1571139432, 0, 2, 720, 719, 239, 7.08%, 140, 13, 3, 609.50
1571139963, 0, 2, 726, 725, 239, 7.10%, 140, 13, 3, 49.38
1571139968, 0, 2, 730, 729, 239, 7.11%, 140, 13, 3, 548.06
1571139974, 0, 2, 732, 731, 239, 7.11%, 140, 13, 3, 597.23
1571139979, 0, 2, 734, 733, 239, 7.11%, 140, 13, 3, 608.64
1571140066, 0, 2, 735, 734, 239, 7.11%, 140, 13, 3, 608.79
1571140072, 0, 2, 736, 735, 239, 7.12%, 140, 13, 3, 611.85
1571140283, 0, 2, 737, 736, 239, 7.12%, 140, 13, 3, 88.62
1571140288, 0, 4, 737, 735, 253, 7.12%, 140, 13, 3, 492.48
1571142139, 0, 7, 737, 734, 252, 7.12%, 140, 13, 3, 613.61
1571142145, 0, 7, 739, 736, 252, 7.12%, 140, 13, 3, 602.23
1571145035, 0, 7, 740, 737, 252, 7.13%, 140, 13, 3, 577.77
1571145159, 0, 7, 742, 739, 252, 7.14%, 140, 13, 3, 603.60
1571145318, 0, 7, 743, 740, 252, 7.14%, 140, 13, 3, 580.78
1571145359, 0, 7, 746, 743, 252, 7.17%, 140, 13, 3, 67.21
1571145364, 0, 7, 750, 747, 252, 7.20%, 140, 13, 3, 473.31
1571145447, 0, 7, 751, 748, 252, 7.20%, 140, 13, 3, 565.97
1571145514, 0, 7, 755, 752, 252, 7.20%, 140, 13, 3, 598.82
1571145519, 0, 7, 761, 758, 252, 7.21%, 140, 13, 3, 577.03
1571145524, 0, 7, 762, 759, 252, 7.21%, 140, 13, 3, 592.68
1571145530, 0, 7, 767, 764, 252, 7.22%, 140, 13, 3, 582.96
1571145535, 0, 7, 769, 766, 252, 7.22%, 140, 13, 3, 578.94
1571145540, 0, 7, 771, 768, 252, 7.22%, 140, 13, 3, 583.97
1571145550, 0, 7, 772, 769, 252, 7.22%, 140, 13, 3, 592.18
1571145555, 0, 9, 774, 770, 261, 7.22%, 141, 13, 3, 94.53
1571146044, 0, 9, 775, 771, 261, 7.22%, 141, 13, 3, 612.56
1571146528, 0, 9, 775, 771, 261, 7.22%, 142, 13, 3, 613.47
1571147078, 0, 9, 777, 773, 261, 7.23%, 142, 13, 3, 49.50
1571147397, 0, 9, 778, 774, 261, 7.23%, 142, 13, 3, 54.20
1571147402, 0, 9, 780, 776, 261, 7.23%, 142, 13, 3, 611.82
1571147541, 0, 11, 780, 775, 262, 7.23%, 143, 13, 3, 58.44
1571149057, 0, 11, 781, 776, 262, 7.23%, 143, 13, 3, 67.61
1571149463, 0, 11, 781, 776, 262, 7.23%, 144, 13, 3, 590.59
1571149520, 0, 11, 786, 781, 262, 7.23%, 144, 13, 3, 551.00
1571149525, 0, 11, 790, 785, 262, 7.23%, 144, 13, 3, 559.05
1571149530, 0, 11, 794, 789, 262, 7.24%, 144, 13, 3, 573.83
1571149535, 0, 11, 798, 793, 262, 7.24%, 144, 13, 3, 570.23
1571149540, 0, 11, 800, 795, 262, 7.24%, 144, 13, 3, 564.85
1571149545, 0, 11, 801, 796, 262, 7.24%, 144, 13, 3, 565.95
1571149550, 0, 11, 802, 797, 262, 7.24%, 144, 13, 3, 583.66
1571149555, 0, 11, 803, 798, 262, 7.24%, 144, 13, 3, 560.11
1571149561, 0, 12, 803, 797, 264, 7.24%, 144, 13, 3, 561.32
1571151079, 0, 12, 803, 797, 264, 7.24%, 145, 13, 3, 49.33
1571151547, 0, 16, 803, 796, 263, 7.24%, 145, 13, 3, 49.23
1571151557, 0, 16, 803, 796, 263, 7.24%, 146, 13, 3, 50.91
1571153824, 0, 16, 803, 796, 263, 7.24%, 147, 13, 3, 359.97
1571159361, 0, 16, 804, 797, 263, 7.24%, 147, 13, 3, 375.52
1571159371, 0, 16, 804, 797, 263, 7.24%, 148, 13, 3, 415.57
1571159726, 0, 16, 805, 798, 263, 7.24%, 148, 14, 3, 63.99
1571159731, 0, 18, 805, 797, 262, 7.24%, 149, 14, 3, 386.42
1571159741, 0, 18, 806, 798, 262, 7.24%, 150, 14, 3, 369.66
1571167919, 0, 20, 806, 797, 261, 7.24%, 151, 14, 3, 49.38
1571167925, 0, 20, 807, 798, 261, 7.24%, 151, 15, 3, 9.73
1571167930, 0, 20, 808, 799, 261, 7.25%, 155, 15, 3, 476.67
1571167935, 0, 20, 809, 800, 261, 7.25%, 155, 15, 3, 490.99
1571169085, 0, 20, 810, 801, 261, 7.25%, 155, 15, 3, 491.22
1571169771, 0, 20, 811, 802, 261, 7.25%, 155, 15, 3, 513.61
1571169791, 0, 20, 812, 803, 261, 7.25%, 155, 15, 3, 435.21
1571169955, 0, 20, 813, 804, 261, 7.25%, 155, 15, 3, 302.81
1571170197, 0, 20, 814, 805, 261, 7.25%, 155, 15, 3, 488.86
1571170218, 0, 20, 815, 806, 261, 7.25%, 155, 15, 3, 506.46
1571170345, 0, 20, 818, 809, 261, 7.25%, 155, 15, 3, 510.69
1571170351, 0, 20, 819, 810, 261, 7.25%, 155, 15, 3, 36.44
1571170361, 0, 20, 819, 810, 261, 7.25%, 156, 15, 3, 494.12
1571170371, 0, 20, 820, 811, 261, 7.25%, 156, 15, 3, 461.43
1571170417, 0, 20, 821, 812, 261, 7.25%, 156, 15, 3, 475.20
1571170443, 0, 20, 822, 813, 261, 7.25%, 157, 16, 3, 487.52
1571170448, 0, 24, 822, 812, 263, 7.25%, 159, 16, 3, 46.36
1571170463, 0, 24, 823, 813, 263, 7.25%, 159, 16, 3, 587.70
1571172515, 0, 24, 824, 814, 263, 7.25%, 159, 16, 3, 544.71
1571172520, 0, 25, 824, 813, 263, 7.25%, 159, 16, 3, 490.14
1571174377, 0, 25, 825, 814, 263, 7.26%, 159, 16, 3, 584.74
1571174520, 0, 25, 825, 814, 263, 7.26%, 160, 16, 3, 589.65
1571174586, 0, 34, 825, 813, 263, 7.26%, 160, 16, 3, 476.15
1571174597, 0, 34, 826, 814, 263, 7.26%, 160, 16, 3, 398.25
1571182830, 0, 34, 828, 816, 263, 7.26%, 162, 16, 3, 381.49
1571182835, 0, 34, 829, 817, 263, 7.26%, 162, 16, 3, 380.09
1571182840, 0, 34, 830, 818, 263, 7.26%, 162, 16, 3, 379.96
1571182845, 0, 34, 831, 819, 263, 7.26%, 163, 16, 3, 367.86
1571182860, 0, 34, 832, 820, 263, 7.26%, 163, 16, 3, 375.65
1571182865, 0, 34, 833, 821, 263, 7.26%, 163, 16, 3, 376.18
1571182876, 0, 34, 835, 823, 263, 7.26%, 163, 17, 3, 64.25
1571182882, 0, 34, 836, 824, 263, 7.32%, 163, 17, 3, 387.54
1571182892, 0, 34, 837, 825, 263, 7.32%, 163, 18, 3, 386.98
1571182897, 0, 34, 838, 826, 263, 7.32%, 163, 18, 3, 385.74
1571182917, 0, 38, 839, 826, 262, 7.32%, 163, 18, 3, 378.10
1571182923, 0, 38, 840, 827, 262, 7.32%, 163, 18, 3, 304.79
1571191151, 0, 42, 840, 826, 261, 7.32%, 163, 18, 3, 384.18
1571191156, 0, 42, 842, 828, 261, 7.32%, 163, 18, 3, 387.61
1571191161, 0, 42, 842, 828, 261, 7.32%, 164, 18, 3, 396.84
1571199397, 0, 42, 843, 829, 261, 7.32%, 164, 18, 3, 382.25
1571199402, 0, 57, 843, 828, 261, 7.32%, 165, 18, 3, 384.02
1571199413, 0, 57, 844, 829, 261, 7.32%, 165, 18, 3, 363.43
1571207640, 0, 58, 844, 828, 260, 7.32%, 165, 18, 3, 384.70
1571207650, 0, 58, 845, 829, 260, 7.32%, 165, 18, 3, 352.16
1571215848, 0, 64, 845, 828, 259, 7.32%, 165, 18, 3, 381.22
