# unix_time, cycles_done, cur_path, paths_total, pending_total, pending_favs, map_size, unique_crashes, unique_hangs, max_depth, execs_per_sec
1571130183, 0, 0, 1, 1, 1, 3.59%, 0, 0, 1, 400.00
1571130188, 0, 0, 14, 14, 1, 3.80%, 0, 0, 2, 48.63
1571130193, 0, 0, 64, 64, 1, 4.06%, 0, 0, 2, 411.45
1571130198, 0, 0, 101, 101, 1, 4.30%, 9, 1, 2, 391.11
1571130203, 0, 0, 116, 116, 1, 4.38%, 31, 2, 2, 271.49
1571130208, 0, 0, 168, 168, 1, 4.64%, 31, 2, 2, 426.55
1571130213, 0, 0, 189, 189, 1, 4.69%, 31, 2, 2, 397.48
1571130228, 0, 0, 204, 204, 1, 4.73%, 31, 2, 2, 408.07
1571130233, 0, 0, 240, 240, 1, 4.77%, 31, 2, 2, 423.83
1571130238, 0, 0, 273, 273, 1, 4.81%, 31, 2, 2, 393.25
1571130243, 0, 0, 274, 274, 1, 4.82%, 31, 2, 2, 387.68
1571130249, 0, 0, 288, 288, 1, 4.85%, 31, 2, 2, 385.23
1571132464, 0, 0, 305, 305, 1, 4.89%, 32, 2, 2, 317.11
1571132469, 0, 0, 315, 315, 1, 4.91%, 32, 3, 2, 293.53
1571132475, 0, 0, 318, 318, 1, 4.92%, 39, 5, 2, 201.21
1571132480, 0, 0, 338, 338, 1, 4.95%, 40, 5, 2, 334.13
1571132485, 0, 0, 342, 342, 1, 4.95%, 40, 5, 2, 379.29
1571132501, 0, 0, 345, 345, 1, 4.96%, 40, 5, 2, 386.01
1571132506, 0, 0, 359, 359, 1, 4.96%, 40, 5, 2, 383.69
1571132516, 0, 0, 362, 362, 1, 4.97%, 40, 5, 2, 383.29
1571134735, 0, 0, 365, 365, 1, 4.98%, 40, 5, 2, 354.47
1571134740, 0, 0, 369, 369, 1, 4.99%, 41, 5, 2, 373.65
1571134745, 0, 0, 381, 381, 1, 5.00%, 43, 5, 2, 379.35
1571134751, 0, 0, 382, 382, 1, 5.00%, 43, 5, 2, 386.89
1571134766, 0, 0, 383, 383, 1, 5.00%, 43, 5, 2, 386.07
1571134771, 0, 0, 389, 389, 1, 5.03%, 43, 5, 2, 383.53
1571134782, 0, 0, 390, 390, 1, 5.03%, 43, 5, 2, 384.05
1571137002, 0, 0, 393, 393, 1, 5.05%, 43, 5, 2, 383.53
1571137007, 0, 0, 394, 394, 1, 5.06%, 43, 5, 2, 385.58
1571137286, 0, 0, 402, 402, 1, 5.07%, 49, 5, 2, 373.74
1571137291, 0, 0, 410, 410, 1, 5.09%, 50, 7, 2, 395.13
1571137296, 0, 0, 416, 416, 1, 5.09%, 50, 7, 2, 49.24
1571137301, 0, 0, 418, 418, 1, 5.10%, 50, 7, 2, 355.80
1571137306, 0, 0, 422, 422, 1, 5.11%, 50, 7, 2, 401.99
1571137316, 0, 0, 428, 428, 1, 5.13%, 50, 7, 2, 399.35
1571137321, 0, 0, 429, 429, 1, 5.13%, 50, 7, 2, 389.78
1571137326, 0, 0, 430, 430, 1, 5.14%, 50, 7, 2, 68.26
1571137332, 0, 0, 432, 432, 1, 5.14%, 50, 7, 2, 405.19
1571137337, 0, 0, 434, 434, 1, 5.14%, 57, 7, 2, 416.93
1571137342, 0, 0, 434, 434, 1, 5.14%, 64, 7, 2, 489.47
1571137347, 0, 0, 434, 434, 1, 5.14%, 65, 7, 2, 73.20
1571137352, 0, 0, 440, 440, 1, 5.40%, 67, 7, 2, 390.67
1571137357, 0, 0, 442, 442, 1, 5.42%, 67, 7, 2, 358.75
1571137362, 0, 0, 444, 444, 1, 5.42%, 67, 7, 2, 346.72
1571137367, 0, 0, 450, 450, 1, 5.42%, 67, 7, 2, 363.87
1571137502, 0, 0, 455, 455, 1, 5.42%, 67, 7, 2, 386.55
1571137507, 0, 0, 456, 456, 1, 5.42%, 67, 7, 2, 365.77
1571137527, 0, 0, 463, 463, 1, 5.44%, 67, 7, 2, 369.73
1571137548, 0, 0, 466, 466, 1, 5.44%, 67, 7, 2, 169.56
1571137553, 0, 0, 467, 467, 1, 5.44%, 67, 7, 2, 338.49
1571137594, 0, 0, 469, 469, 1, 5.44%, 67, 7, 2, 420.29
1571137605, 0, 0, 469, 469, 1, 5.44%, 67, 8, 2, 25.48
1571137610, 0, 0, 471, 471, 1, 5.44%, 73, 9, 2, 369.06
1571137615, 0, 0, 471, 471, 1, 5.44%, 75, 9, 2, 465.76
1571137620, 0, 0, 472, 472, 1, 5.44%, 75, 9, 2, 422.78
1571137625, 0, 0, 476, 476, 1, 5.44%, 75, 9, 2, 401.46
1571137646, 0, 0, 477, 477, 1, 5.44%, 75, 9, 2, 389.65
1571137723, 0, 0, 479, 479, 1, 5.44%, 75, 9, 2, 399.53
1571137728, 0, 0, 481, 481, 1, 5.45%, 75, 9, 2, 393.33
1571137733, 0, 0, 482, 482, 1, 5.45%, 75, 9, 2, 387.77
1571137743, 0, 0, 483, 483, 1, 5.45%, 75, 9, 2, 386.31
1571137784, 0, 0, 484, 484, 1, 5.46%, 75, 9, 2, 400.39
1571137836, 0, 0, 485, 485, 1, 5.46%, 75, 9, 2, 393.60
1571137841, 0, 0, 487, 487, 1, 5.46%, 75, 9, 2, 422.00
1571137846, 0, 0, 488, 488, 1, 5.47%, 75, 9, 2, 396.76
1571137851, 0, 0, 490, 490, 1, 5.47%, 75, 9, 2, 392.10
1571137866, 0, 0, 493, 493, 1, 5.48%, 75, 9, 2, 368.74
1571137871, 0, 0, 495, 495, 1, 5.48%, 76, 10, 2, 399.78
1571137882, 0, 0, 499, 499, 1, 5.48%, 76, 10, 2, 383.36
1571137887, 0, 0, 500, 500, 1, 5.49%, 76, 10, 2, 42.22
1571137892, 0, 0, 503, 503, 1, 5.50%, 76, 10, 2, 399.86
1571137902, 0, 0, 505, 505, 1, 5.50%, 77, 10, 2, 407.08
1571137907, 0, 0, 505, 505, 1, 5.50%, 81, 10, 2, 171.04
1571137912, 0, 0, 508, 508, 1, 5.65%, 81, 10, 2, 339.20
1571137917, 0, 0, 515, 515, 1, 5.65%, 81, 10, 2, 372.72
1571137959, 0, 0, 516, 516, 1, 5.65%, 81, 10, 2, 389.10
1571137964, 0, 0, 521, 521, 1, 5.65%, 81, 10, 2, 399.14
1571137969, 0, 0, 523, 523, 1, 5.65%, 81, 10, 2, 389.18
1571137994, 0, 0, 529, 529, 1, 6.81%, 81, 10, 2, 61.53
1571138000, 0, 0, 535, 535, 1, 6.81%, 81, 10, 2, 396.72
1571138005, 0, 0, 536, 536, 1, 6.81%, 83, 10, 2, 403.12
1571138010, 0, 0, 537, 537, 1, 6.81%, 83, 10, 2, 409.99
1571138015, 0, 0, 538, 538, 1, 6.81%, 83, 10, 2, 403.58
1571138020, 0, 0, 539, 539, 1, 6.81%, 84, 10, 2, 422.47
1571138025, 0, 0, 546, 546, 1, 6.83%, 84, 10, 2, 426.11
1571138030, 0, 0, 546, 546, 1, 6.83%, 88, 10, 2, 384.91
1571138035, 0, 0, 549, 549, 1, 6.84%, 88, 10, 2, 402.71
1571138040, 0, 0, 551, 551, 1, 6.84%, 88, 10, 2, 372.89
1571138046, 0, 0, 558, 558, 1, 6.84%, 88, 10, 2, 372.93
1571138051, 0, 0, 563, 563, 1, 6.84%, 88, 10, 2, 382.14
1571138138, 0, 0, 565, 565, 1, 6.84%, 88, 10, 2, 393.93
1571138143, 0, 0, 569, 569, 1, 6.84%, 88, 10, 2, 395.90
1571138149, 0, 0, 572, 572, 1, 6.84%, 88, 10, 2, 389.61
1571138205, 0, 0, 575, 575, 1, 6.85%, 88, 10, 2, 393.03
1571138210, 0, 0, 594, 594, 1, 6.89%, 90, 10, 2, 397.64
1571138215, 0, 0, 598, 598, 1, 6.89%, 91, 10, 2, 398.99
1571138220, 0, 0, 606, 606, 1, 6.91%, 92, 11, 2, 48.59
1571138225, 0, 0, 609, 609, 1, 6.97%, 98, 11, 2, 406.14
1571138231, 0, 0, 611, 611, 1, 6.97%, 101, 11, 2, 49.46
1571138236, 0, 0, 612, 612, 1, 6.97%, 102, 11, 2, 397.02
1571138241, 0, 0, 615, 615, 1, 7.00%, 107, 11, 2, 385.18
1571138246, 0, 0, 619, 619, 1, 7.02%, 107, 11, 2, 392.39
1571138303, 0, 0, 619, 619, 1, 7.02%, 108, 11, 2, 400.20
1571138308, 0, 0, 621, 621, 1, 7.02%, 108, 12, 2, 411.08
1571138318, 0, 0, 623, 623, 1, 7.02%, 108, 12, 2, 389.78
1571138334, 0, 0, 631, 631, 1, 7.04%, 108, 12, 2, 384.01
1571138359, 0, 0, 641, 641, 1, 7.04%, 109, 12, 2, 389.00
1571138365, 0, 0, 666, 666, 1, 7.05%, 119, 13, 2, 14.22
1571138370, 0, 0, 678, 678, 1, 7.05%, 122, 13, 2, 386.59
1571138375, 0, 0, 679, 679, 1, 7.05%, 123, 13, 2, 379.27
1571138380, 0, 0, 687, 687, 1, 7.06%, 125, 13, 2, 378.85
1571138385, 0, 0, 688, 688, 1, 7.06%, 125, 14, 2, 376.72
1571138390, 0, 0, 692, 692, 1, 7.06%, 128, 14, 2, 381.68
1571138396, 0, 0, 699, 699, 1, 7.07%, 129, 14, 2, 384.16
1571138401, 0, 0, 701, 701, 1, 7.07%, 130, 14, 2, 383.94
1571138406, 0, 0, 706, 706, 1, 7.07%, 130, 15, 2, 365.33
1571138411, 0, 0, 712, 712, 1, 7.09%, 132, 15, 2, 378.38
1571138416, 0, 0, 715, 715, 1, 7.09%, 133, 15, 2, 384.64
1571138421, 0, 0, 717, 717, 1, 7.09%, 134, 15, 2, 378.95
1571138431, 0, 0, 717, 717, 1, 7.09%, 136, 15, 2, 384.86
1571138436, 0, 0, 717, 717, 1, 7.09%, 137, 15, 2, 386.01
1571138446, 0, 0, 718, 718, 1, 7.09%, 137, 15, 2, 390.42
1571138451, 0, 2, 720, 719, 227, 7.09%, 139, 15, 2, 438.87
1571138456, 0, 2, 723, 722, 227, 7.10%, 139, 15, 3, 609.23
1571138462, 0, 2, 724, 723, 227, 7.10%, 139, 15, 3, 610.65
1571138477, 0, 2, 726, 725, 227, 7.10%, 139, 15, 3, 612.12
1571138946, 0, 2, 728, 727, 227, 7.10%, 139, 15, 3, 613.34
1571139430, 0, 2, 729, 728, 227, 7.11%, 139, 15, 3, 606.81
1571139445, 0, 2, 730, 729, 227, 7.11%, 139, 15, 3, 607.68
1571139975, 0, 2, 736, 735, 227, 7.13%, 139, 15, 3, 50.87
1571139981, 0, 2, 740, 739, 227, 7.14%, 139, 15, 3, 520.40
1571139986, 0, 2, 742, 741, 227, 7.14%, 139, 15, 3, 578.68
1571139991, 0, 2, 744, 743, 227, 7.14%, 139, 15, 3, 602.58
1571140084, 0, 2, 746, 745, 227, 7.14%, 139, 15, 3, 612.51
1571140295, 0, 2, 747, 746, 227, 7.14%, 139, 15, 3, 46.77
1571140300, 0, 4, 747, 745, 241, 7.14%, 139, 15, 3, 615.05
1571142147, 0, 7, 749, 746, 240, 7.15%, 139, 15, 3, 599.29
1571145028, 0, 7, 750, 747, 240, 7.15%, 139, 15, 3, 548.85
1571145157, 0, 7, 752, 749, 240, 7.17%, 139, 15, 3, 604.00
1571145312, 0, 7, 753, 750, 240, 7.17%, 139, 15, 3, 549.26
1571145359, 0, 7, 760, 757, 240, 7.23%, 139, 15, 3, 238.16
1571145446, 0, 7, 761, 758, 240, 7.23%, 139, 15, 3, 614.56
1571145514, 0, 7, 764, 761, 240, 7.23%, 139, 15, 3, 594.55
1571145519, 0, 7, 769, 766, 240, 7.23%, 139, 15, 3, 569.94
1571145524, 0, 7, 772, 769, 240, 7.24%, 139, 15, 3, 588.56
1571145529, 0, 7, 774, 771, 240, 7.25%, 139, 15, 3, 587.79
1571145539, 0, 7, 775, 772, 240, 7.25%, 139, 15, 3, 581.43
1571145549, 0, 7, 776, 773, 240, 7.25%, 139, 15, 3, 591.32
1571145554, 0, 9, 778, 774, 255, 7.25%, 139, 15, 3, 598.24
1571145559, 0, 9, 778, 774, 255, 7.25%, 140, 15, 3, 614.99
1571146042, 0, 9, 779, 775, 255, 7.25%, 140, 15, 3, 611.81
1571146524, 0, 9, 779, 775, 255, 7.25%, 141, 15, 3, 617.27
1571147074, 0, 9, 781, 777, 255, 7.26%, 141, 15, 3, 49.52
1571147392, 0, 9, 782, 778, 255, 7.26%, 141, 15, 3, 64.52
1571147397, 0, 9, 784, 780, 255, 7.26%, 141, 15, 3, 614.80
1571147536, 0, 9, 786, 782, 255, 7.26%, 143, 15, 3, 571.64
1571147541, 0, 9, 794, 790, 255, 7.26%, 144, 15, 3, 559.88
1571147546, 0, 9, 796, 792, 255, 7.26%, 144, 15, 3, 572.63
1571147551, 0, 9, 801, 797, 255, 7.26%, 145, 15, 3, 577.64
1571147556, 0, 9, 804, 800, 255, 7.26%, 146, 15, 3, 566.39
1571147561, 0, 9, 805, 801, 255, 7.26%, 148, 15, 3, 574.51
1571147567, 0, 9, 806, 802, 255, 7.26%, 148, 15, 3, 581.65
1571147572, 0, 9, 811, 807, 255, 7.27%, 148, 15, 3, 575.15
1571147577, 0, 11, 812, 807, 259, 7.27%, 148, 15, 3, 564.72
1571149090, 0, 11, 813, 808, 259, 7.27%, 148, 15, 3, 56.36
1571149495, 0, 11, 813, 808, 259, 7.27%, 149, 15, 3, 614.82
1571149556, 0, 11, 818, 813, 259, 7.28%, 149, 15, 3, 599.34
1571149561, 0, 11, 820, 815, 259, 7.28%, 149, 15, 3, 567.79
1571149566, 0, 11, 822, 817, 259, 7.29%, 149, 15, 3, 576.24
1571149577, 0, 11, 825, 820, 259, 7.29%, 149, 15, 3, 576.00
1571149582, 0, 11, 828, 823, 259, 7.29%, 149, 15, 3, 587.07
1571149587, 0, 11, 829, 824, 259, 7.29%, 149, 15, 3, 581.75
1571149592, 0, 11, 831, 826, 259, 7.29%, 149, 15, 3, 584.08
1571149597, 0, 12, 831, 825, 264, 7.29%, 149, 15, 3, 616.84
1571151112, 0, 12, 831, 825, 264, 7.29%, 150, 15, 3, 49.41
1571151578, 0, 12, 833, 827, 264, 7.29%, 150, 15, 3, 569.27
1571151583, 0, 18, 833, 826, 263, 7.29%, 150, 15, 3, 464.48
1571151594, 0, 18, 834, 827, 263, 7.29%, 150, 15, 3, 357.82
1571156163, 0, 18, 835, 828, 263, 7.29%, 150, 15, 3, 385.59
1571159763, 0, 18, 835, 828, 263, 7.29%, 151, 15, 3, 383.23
1571159768, 0, 20, 835, 827, 262, 7.29%, 151, 15, 3, 512.44
1571159774, 0, 20, 836, 828, 262, 7.29%, 151, 16, 3, 71.34
1571159779, 0, 20, 837, 829, 262, 7.30%, 155, 16, 3, 497.21
1571159784, 0, 20, 838, 830, 262, 7.30%, 155, 16, 3, 498.64
1571160933, 0, 20, 839, 831, 262, 7.30%, 155, 16, 3, 406.27
1571161634, 0, 20, 840, 832, 262, 7.30%, 155, 16, 3, 430.97
1571161798, 0, 20, 841, 833, 262, 7.30%, 155, 16, 3, 310.94
1571162039, 0, 20, 842, 834, 262, 7.30%, 155, 16, 3, 477.71
1571162065, 0, 20, 843, 835, 262, 7.30%, 155, 16, 3, 513.66
1571162188, 0, 20, 845, 837, 262, 7.30%, 155, 16, 3, 496.14
1571162193, 0, 20, 847, 839, 262, 7.30%, 155, 16, 3, 505.72
1571162209, 0, 20, 847, 839, 262, 7.30%, 156, 16, 3, 378.01
1571162265, 0, 20, 848, 840, 262, 7.30%, 156, 16, 3, 477.57
1571162291, 0, 20, 851, 843, 262, 7.30%, 158, 17, 3, 433.80
1571162296, 0, 20, 852, 844, 262, 7.30%, 159, 18, 3, 440.93
1571162301, 0, 20, 854, 846, 262, 7.30%, 160, 18, 3, 442.29
1571162306, 0, 20, 855, 847, 262, 7.30%, 163, 19, 3, 423.14
1571162311, 0, 20, 856, 848, 262, 7.30%, 165, 20, 3, 506.98
1571162316, 0, 20, 857, 849, 262, 7.30%, 166, 21, 3, 507.46
1571162321, 0, 20, 857, 849, 262, 7.30%, 167, 21, 3, 457.60
1571162326, 0, 20, 858, 850, 262, 7.30%, 167, 21, 3, 452.55
1571162331, 0, 20, 859, 851, 262, 7.30%, 168, 21, 3, 462.99
1571162337, 0, 20, 861, 853, 262, 7.30%, 171, 21, 3, 470.75
1571162342, 0, 20, 863, 855, 262, 7.30%, 171, 21, 3, 457.95
1571162347, 0, 20, 864, 856, 262, 7.30%, 172, 21, 3, 460.56
1571162357, 0, 20, 866, 858, 262, 7.30%, 172, 21, 3, 451.62
1571162362, 0, 20, 866, 858, 262, 7.30%, 173, 21, 3, 450.05
1571162367, 0, 25, 866, 857, 265, 7.30%, 174, 21, 3, 597.01
1571164212, 0, 25, 867, 858, 265, 7.30%, 174, 21, 3, 555.88
1571164354, 0, 25, 867, 858, 265, 7.30%, 175, 21, 3, 564.10
1571164420, 0, 30, 867, 857, 264, 7.30%, 175, 21, 3, 452.58
1571164466, 0, 30, 868, 858, 264, 7.30%, 175, 21, 3, 387.12
1571168953, 0, 30, 869, 859, 264, 7.31%, 175, 21, 3, 378.41
1571172562, 0, 32, 869, 858, 264, 7.31%, 175, 21, 3, 385.12
1571180755, 0, 34, 870, 858, 264, 7.31%, 176, 21, 3, 386.79
1571180766, 0, 34, 871, 859, 264, 7.31%, 176, 21, 3, 371.95
1571188960, 0, 40, 871, 858, 263, 7.31%, 176, 21, 3, 379.55
1571188975, 0, 40, 871, 858, 263, 7.31%, 177, 21, 3, 416.73
1571196630, 0, 40, 872, 859, 263, 7.31%, 177, 21, 3, 273.88
1571197138, 0, 41, 873, 859, 263, 7.31%, 177, 21, 3, 387.28
1571197148, 0, 41, 874, 860, 263, 7.31%, 177, 21, 3, 401.84
1571205364, 0, 41, 876, 862, 263, 7.31%, 177, 22, 3, 393.10
1571205374, 0, 41, 877, 863, 263, 7.31%, 177, 22, 3, 388.34
1571205384, 0, 58, 877, 862, 263, 7.31%, 177, 22, 3, 382.37
1571205394, 0, 58, 878, 863, 263, 7.31%, 177, 22, 3, 402.37
1571213556, 0, 60, 878, 862, 262, 7.31%, 177, 22, 3, 386.67
