# unix_time, cycles_done, cur_path, paths_total, pending_total, pending_favs, map_size, unique_crashes, unique_hangs, max_depth, execs_per_sec
1571130174, 0, 0, 1, 1, 1, 3.59%, 0, 0, 1, 421.05
1571130179, 0, 0, 14, 14, 1, 3.80%, 0, 0, 2, 43.44
1571130184, 0, 0, 73, 73, 1, 4.06%, 0, 0, 2, 438.11
1571130189, 0, 0, 101, 101, 1, 4.30%, 12, 1, 2, 432.96
1571130194, 0, 0, 124, 124, 1, 4.42%, 31, 2, 2, 340.60
1571130199, 0, 0, 183, 183, 1, 4.69%, 31, 2, 2, 357.99
1571130204, 0, 0, 189, 189, 1, 4.69%, 31, 2, 2, 391.49
1571130220, 0, 0, 204, 204, 1, 4.73%, 31, 2, 2, 385.27
1571130225, 0, 0, 245, 245, 1, 4.79%, 31, 2, 2, 385.52
1571130230, 0, 0, 274, 274, 1, 4.82%, 31, 2, 2, 386.95
1571130235, 0, 0, 275, 275, 1, 4.82%, 31, 2, 2, 387.01
1571130240, 0, 0, 288, 288, 1, 4.85%, 31, 2, 2, 386.97
1571132441, 0, 0, 305, 305, 1, 4.89%, 32, 2, 2, 329.31
1571132446, 0, 0, 315, 315, 1, 4.91%, 34, 3, 2, 397.78
1571132452, 0, 0, 318, 318, 1, 4.92%, 39, 5, 2, 19.89
1571132457, 0, 0, 338, 338, 1, 4.95%, 40, 5, 2, 342.76
1571132462, 0, 0, 342, 342, 1, 4.95%, 40, 5, 2, 381.71
1571132478, 0, 0, 345, 345, 1, 4.96%, 40, 5, 2, 389.25
1571132483, 0, 0, 359, 359, 1, 4.96%, 40, 5, 2, 387.80
1571132493, 0, 0, 362, 362, 1, 4.97%, 40, 5, 2, 384.17
1571134695, 0, 0, 364, 364, 1, 4.98%, 40, 5, 2, 268.27
1571134700, 0, 0, 366, 366, 1, 4.98%, 40, 5, 2, 56.68
1571134705, 0, 0, 370, 370, 1, 4.99%, 43, 5, 2, 431.24
1571134710, 0, 0, 382, 382, 1, 5.00%, 43, 5, 2, 389.16
1571134731, 0, 0, 385, 385, 1, 5.03%, 43, 5, 2, 376.04
1571134736, 0, 0, 390, 390, 1, 5.03%, 43, 5, 2, 385.06
1571134746, 0, 0, 391, 391, 1, 5.03%, 43, 5, 2, 384.46
1571136948, 0, 0, 394, 394, 1, 5.05%, 43, 5, 2, 382.39
1571136953, 0, 0, 395, 395, 1, 5.06%, 43, 5, 2, 387.67
1571137231, 0, 0, 403, 403, 1, 5.07%, 49, 5, 2, 374.36
1571137237, 0, 0, 408, 408, 1, 5.08%, 50, 7, 2, 55.18
1571137242, 0, 0, 417, 417, 1, 5.09%, 50, 7, 2, 411.12
1571137252, 0, 0, 423, 423, 1, 5.11%, 50, 7, 2, 401.90
1571137262, 0, 0, 429, 429, 1, 5.13%, 50, 7, 2, 402.47
1571137267, 0, 0, 430, 430, 1, 5.13%, 50, 7, 2, 390.13
1571137272, 0, 0, 431, 431, 1, 5.14%, 50, 7, 2, 64.63
1571137278, 0, 0, 433, 433, 1, 5.14%, 50, 7, 2, 409.24
1571137283, 0, 0, 435, 435, 1, 5.14%, 57, 7, 2, 419.56
1571137288, 0, 0, 435, 435, 1, 5.14%, 64, 7, 2, 492.99
1571137293, 0, 0, 435, 435, 1, 5.14%, 65, 7, 2, 63.36
1571137298, 0, 0, 441, 441, 1, 5.40%, 67, 7, 2, 406.89
1571137303, 0, 0, 443, 443, 1, 5.42%, 67, 7, 2, 366.03
1571137308, 0, 0, 446, 446, 1, 5.42%, 67, 7, 2, 357.06
1571137313, 0, 0, 451, 451, 1, 5.42%, 67, 7, 2, 363.28
1571137447, 0, 0, 456, 456, 1, 5.42%, 67, 7, 2, 397.43
1571137452, 0, 0, 457, 457, 1, 5.42%, 67, 7, 2, 369.93
1571137472, 0, 0, 464, 464, 1, 5.44%, 67, 7, 2, 378.71
1571137493, 0, 0, 468, 468, 1, 5.44%, 67, 7, 2, 373.69
1571137534, 0, 0, 470, 470, 1, 5.44%, 67, 7, 2, 408.20
1571137544, 0, 0, 470, 470, 1, 5.44%, 67, 8, 2, 36.21
1571137549, 0, 0, 472, 472, 1, 5.44%, 73, 8, 2, 445.55
1571137554, 0, 0, 472, 472, 1, 5.44%, 75, 8, 2, 67.76
1571137559, 0, 0, 473, 473, 1, 5.44%, 75, 8, 2, 399.35
1571137564, 0, 0, 477, 477, 1, 5.44%, 75, 8, 2, 391.55
1571137580, 0, 0, 478, 478, 1, 5.44%, 75, 8, 2, 394.08
1571137661, 0, 0, 481, 481, 1, 5.44%, 75, 8, 2, 391.09
1571137666, 0, 0, 483, 483, 1, 5.45%, 75, 8, 2, 395.41
1571137676, 0, 0, 484, 484, 1, 5.45%, 75, 8, 2, 386.11
1571137717, 0, 0, 485, 485, 1, 5.46%, 75, 8, 2, 415.01
1571137773, 0, 0, 487, 487, 1, 5.46%, 75, 8, 2, 421.94
1571137778, 0, 0, 489, 489, 1, 5.47%, 75, 8, 2, 408.28
1571137789, 0, 0, 491, 491, 1, 5.47%, 75, 8, 2, 390.16
1571137804, 0, 0, 494, 494, 1, 5.48%, 76, 9, 2, 44.52
1571137809, 0, 0, 496, 496, 1, 5.48%, 76, 9, 2, 394.85
1571137819, 0, 0, 500, 500, 1, 5.48%, 76, 9, 2, 390.59
1571137824, 0, 0, 503, 503, 1, 5.50%, 76, 9, 2, 412.45
1571137830, 0, 0, 504, 504, 1, 5.50%, 76, 9, 2, 404.17
1571137835, 0, 0, 505, 505, 1, 5.50%, 76, 9, 2, 382.47
1571137840, 0, 0, 506, 506, 1, 5.50%, 79, 9, 2, 397.52
1571137845, 0, 0, 508, 508, 1, 5.65%, 81, 9, 2, 403.82
1571137850, 0, 0, 516, 516, 1, 5.65%, 81, 9, 2, 393.69
1571137891, 0, 0, 517, 517, 1, 5.65%, 81, 9, 2, 401.57
1571137896, 0, 0, 521, 521, 1, 5.65%, 81, 9, 2, 403.18
1571137901, 0, 0, 522, 522, 1, 5.65%, 81, 9, 2, 402.46
1571137906, 0, 0, 524, 524, 1, 5.65%, 81, 9, 2, 393.45
1571137926, 0, 0, 530, 530, 1, 6.81%, 81, 9, 2, 59.29
1571137931, 0, 0, 537, 537, 1, 6.81%, 81, 9, 2, 390.72
1571137936, 0, 0, 537, 537, 1, 6.81%, 83, 9, 2, 401.51
1571137942, 0, 0, 539, 539, 1, 6.81%, 83, 9, 2, 408.30
1571137952, 0, 0, 547, 547, 1, 6.83%, 84, 9, 2, 404.10
1571137962, 0, 0, 547, 547, 1, 6.83%, 88, 9, 2, 404.75
1571137967, 0, 0, 550, 550, 1, 6.84%, 88, 9, 2, 402.16
1571137972, 0, 0, 552, 552, 1, 6.84%, 88, 9, 2, 356.82
1571137977, 0, 0, 561, 561, 1, 6.84%, 88, 9, 2, 392.62
1571137983, 0, 0, 564, 564, 1, 6.84%, 88, 9, 2, 389.82
1571138069, 0, 0, 568, 568, 1, 6.84%, 88, 9, 2, 397.57
1571138074, 0, 0, 572, 572, 1, 6.84%, 88, 9, 2, 394.42
1571138079, 0, 0, 573, 573, 1, 6.84%, 88, 9, 2, 390.41
1571138126, 0, 0, 574, 574, 1, 6.85%, 88, 9, 2, 55.04
1571138131, 0, 0, 594, 594, 1, 6.89%, 90, 9, 2, 421.47
1571138136, 0, 0, 599, 599, 1, 6.89%, 91, 9, 2, 412.63
1571138141, 0, 0, 605, 605, 1, 6.91%, 92, 10, 2, 399.67
1571138146, 0, 0, 609, 609, 1, 6.97%, 94, 10, 2, 387.85
1571138151, 0, 0, 611, 611, 1, 6.97%, 99, 10, 2, 52.12
1571138156, 0, 0, 612, 612, 1, 6.97%, 101, 10, 2, 300.00
1571138161, 0, 0, 615, 615, 1, 7.00%, 105, 10, 2, 349.43
1571138166, 0, 0, 620, 620, 1, 7.02%, 107, 10, 2, 396.05
1571138228, 0, 0, 620, 620, 1, 7.02%, 108, 10, 2, 167.33
1571138233, 0, 0, 622, 622, 1, 7.02%, 108, 11, 2, 338.20
1571138243, 0, 0, 624, 624, 1, 7.02%, 108, 11, 2, 263.68
1571138253, 0, 0, 628, 628, 1, 7.02%, 108, 11, 2, 399.88
1571138258, 0, 0, 632, 632, 1, 7.04%, 108, 11, 2, 388.56
1571138279, 0, 0, 645, 645, 1, 7.04%, 112, 11, 2, 375.44
1571138284, 0, 0, 663, 663, 1, 7.05%, 119, 11, 2, 374.74
1571138289, 0, 0, 673, 673, 1, 7.05%, 121, 12, 2, 37.75
1571138294, 0, 0, 679, 679, 1, 7.05%, 127, 12, 2, 382.01
1571138300, 0, 0, 681, 681, 1, 7.05%, 128, 14, 2, 7.73
1571138305, 0, 0, 684, 684, 1, 7.05%, 129, 14, 2, 360.25
1571138310, 0, 0, 691, 691, 1, 7.06%, 130, 14, 2, 385.86
1571138315, 0, 0, 693, 693, 1, 7.06%, 134, 14, 2, 377.32
1571138320, 0, 0, 697, 697, 1, 7.06%, 134, 14, 2, 384.59
1571138325, 0, 0, 699, 699, 1, 7.06%, 134, 14, 2, 386.97
1571138330, 0, 0, 701, 701, 1, 7.06%, 135, 15, 2, 372.80
1571138335, 0, 0, 703, 703, 1, 7.06%, 135, 15, 2, 380.52
1571138340, 0, 0, 705, 705, 1, 7.06%, 135, 15, 2, 381.68
1571138346, 0, 0, 708, 708, 1, 7.06%, 137, 15, 2, 381.79
1571138351, 0, 0, 711, 711, 1, 7.06%, 138, 15, 2, 378.80
1571138356, 0, 0, 713, 713, 1, 7.06%, 140, 15, 2, 380.87
1571138366, 0, 0, 716, 716, 1, 7.08%, 140, 15, 2, 386.48
1571138371, 0, 2, 716, 715, 233, 7.08%, 140, 15, 2, 492.17
1571138376, 0, 2, 719, 718, 233, 7.08%, 140, 15, 3, 608.90
1571138381, 0, 2, 720, 719, 233, 7.08%, 140, 15, 3, 607.29
1571138397, 0, 2, 722, 721, 233, 7.09%, 140, 15, 3, 608.24
1571138863, 0, 2, 725, 724, 233, 7.09%, 140, 15, 3, 591.41
1571139343, 0, 2, 726, 725, 233, 7.09%, 140, 15, 3, 617.60
1571139358, 0, 2, 727, 726, 233, 7.10%, 140, 15, 3, 616.86
1571139885, 0, 2, 733, 732, 233, 7.12%, 140, 15, 3, 49.51
1571139891, 0, 2, 737, 736, 233, 7.12%, 140, 15, 3, 559.75
1571139896, 0, 2, 739, 738, 233, 7.12%, 140, 15, 3, 606.24
1571139901, 0, 2, 741, 740, 233, 7.12%, 140, 15, 3, 609.57
1571139993, 0, 2, 743, 742, 233, 7.13%, 140, 15, 3, 618.19
1571140146, 0, 2, 744, 743, 233, 7.13%, 140, 15, 3, 616.96
1571140202, 0, 2, 745, 744, 233, 7.13%, 140, 15, 3, 46.47
1571140207, 0, 4, 745, 743, 250, 7.13%, 140, 15, 3, 468.49
1571142037, 0, 7, 745, 742, 249, 7.13%, 140, 15, 3, 602.12
1571142042, 0, 7, 747, 744, 249, 7.14%, 140, 15, 3, 603.28
1571144902, 0, 7, 748, 745, 249, 7.14%, 140, 15, 3, 518.45
1571145031, 0, 7, 750, 747, 249, 7.15%, 140, 15, 3, 607.76
1571145185, 0, 7, 751, 748, 249, 7.15%, 140, 15, 3, 572.33
1571145232, 0, 7, 758, 755, 249, 7.21%, 140, 15, 3, 466.37
1571145314, 0, 7, 759, 756, 249, 7.21%, 140, 15, 3, 614.98
1571145376, 0, 7, 760, 757, 249, 7.21%, 140, 15, 3, 610.75
1571145381, 0, 7, 765, 762, 249, 7.21%, 140, 15, 3, 584.27
1571145386, 0, 7, 766, 763, 249, 7.21%, 140, 15, 3, 593.69
1571145391, 0, 7, 769, 766, 249, 7.22%, 140, 15, 3, 582.95
1571145396, 0, 7, 773, 770, 249, 7.22%, 140, 15, 3, 592.48
1571145401, 0, 7, 774, 771, 249, 7.22%, 140, 15, 3, 597.76
1571145406, 0, 7, 775, 772, 249, 7.22%, 140, 15, 3, 599.56
1571145411, 0, 7, 777, 774, 249, 7.23%, 140, 15, 3, 589.70
1571145416, 0, 7, 779, 776, 249, 7.23%, 140, 15, 3, 597.50
1571145422, 0, 9, 779, 775, 262, 7.23%, 141, 15, 3, 620.03
1571145901, 0, 9, 780, 776, 262, 7.23%, 141, 15, 3, 620.22
1571146380, 0, 9, 780, 776, 262, 7.23%, 142, 15, 3, 394.33
1571146927, 0, 9, 782, 778, 262, 7.24%, 142, 15, 3, 49.33
1571147243, 0, 9, 783, 779, 262, 7.24%, 142, 15, 3, 58.71
1571147248, 0, 9, 785, 781, 262, 7.24%, 142, 15, 3, 624.06
1571147386, 0, 9, 787, 783, 262, 7.24%, 142, 15, 3, 605.35
1571147391, 0, 9, 789, 785, 262, 7.24%, 144, 15, 3, 584.97
1571147396, 0, 9, 792, 788, 262, 7.24%, 145, 15, 3, 585.39
1571147401, 0, 9, 798, 794, 262, 7.25%, 146, 15, 3, 552.88
1571147407, 0, 9, 801, 797, 262, 7.25%, 146, 15, 3, 564.01
1571147412, 0, 9, 805, 801, 262, 7.26%, 147, 15, 3, 572.47
1571147422, 0, 9, 808, 804, 262, 7.26%, 148, 15, 3, 575.84
1571147427, 0, 9, 812, 808, 262, 7.26%, 148, 15, 3, 559.42
1571147432, 0, 11, 812, 807, 268, 7.26%, 148, 15, 3, 620.03
1571148936, 0, 11, 813, 808, 268, 7.26%, 148, 15, 3, 45.56
1571149344, 0, 11, 813, 808, 268, 7.26%, 149, 15, 3, 612.19
1571149400, 0, 12, 813, 807, 268, 7.26%, 149, 15, 3, 620.00
1571150906, 0, 12, 813, 807, 268, 7.26%, 150, 15, 3, 49.58
1571151374, 0, 12, 818, 812, 268, 7.26%, 150, 15, 3, 595.22
1571151380, 0, 12, 819, 813, 268, 7.26%, 150, 15, 3, 567.34
1571151385, 0, 12, 825, 819, 268, 7.26%, 150, 15, 3, 578.56
1571151390, 0, 12, 827, 821, 268, 7.26%, 150, 15, 3, 563.33
1571151400, 0, 12, 829, 823, 268, 7.26%, 150, 15, 3, 579.69
1571151405, 0, 12, 830, 824, 268, 7.26%, 150, 15, 3, 569.65
1571151411, 0, 12, 831, 825, 268, 7.26%, 150, 15, 3, 580.04
1571151416, 0, 16, 832, 825, 273, 7.26%, 150, 15, 3, 494.33
1571151426, 0, 16, 832, 825, 273, 7.26%, 151, 15, 3, 390.91
1571159483, 0, 16, 833, 826, 273, 7.26%, 152, 15, 3, 375.68
1571159488, 0, 20, 833, 825, 273, 7.26%, 153, 15, 3, 424.76
1571159499, 0, 20, 835, 827, 273, 7.27%, 156, 16, 3, 483.46
1571159504, 0, 20, 836, 828, 273, 7.27%, 157, 16, 3, 489.37
1571160648, 0, 20, 837, 829, 273, 7.27%, 157, 16, 3, 471.04
1571161345, 0, 20, 838, 830, 273, 7.27%, 157, 16, 3, 515.27
1571161509, 0, 20, 839, 831, 273, 7.27%, 157, 16, 3, 299.42
1571161749, 0, 20, 840, 832, 273, 7.27%, 157, 16, 3, 487.27
1571161769, 0, 20, 841, 833, 273, 7.27%, 157, 16, 3, 433.80
1571161897, 0, 20, 843, 835, 273, 7.27%, 157, 16, 3, 476.41
1571161902, 0, 20, 845, 837, 273, 7.28%, 157, 16, 3, 503.39
1571161922, 0, 20, 846, 838, 273, 7.28%, 157, 16, 3, 473.30
1571161973, 0, 20, 847, 839, 273, 7.28%, 157, 16, 3, 490.41
1571161994, 0, 20, 847, 839, 273, 7.28%, 158, 17, 3, 48.33
1571162000, 0, 20, 849, 841, 273, 7.28%, 159, 18, 3, 63.04
1571162005, 0, 20, 851, 843, 273, 7.28%, 161, 18, 3, 458.62
1571162015, 0, 20, 854, 846, 273, 7.28%, 165, 18, 3, 457.05
1571162020, 0, 20, 854, 846, 273, 7.28%, 168, 18, 3, 452.30
1571162026, 0, 20, 856, 848, 273, 7.28%, 170, 19, 3, 40.93
1571162031, 0, 20, 858, 850, 273, 7.28%, 172, 20, 3, 55.08
1571162036, 0, 20, 859, 851, 273, 7.28%, 172, 21, 3, 381.43
1571162041, 0, 20, 862, 854, 273, 7.28%, 173, 21, 3, 427.31
1571162046, 0, 20, 863, 855, 273, 7.28%, 173, 21, 3, 465.35
1571162052, 0, 20, 865, 857, 273, 7.28%, 174, 21, 3, 451.94
1571162057, 0, 20, 865, 857, 273, 7.28%, 177, 21, 3, 461.25
1571162062, 0, 20, 865, 857, 273, 7.28%, 178, 21, 3, 461.41
1571162067, 0, 20, 866, 858, 273, 7.28%, 178, 21, 3, 460.35
1571162072, 0, 23, 866, 857, 272, 7.28%, 178, 21, 3, 455.10
1571164120, 0, 25, 866, 856, 271, 7.28%, 178, 21, 3, 596.78
1571166165, 0, 30, 866, 855, 270, 7.28%, 178, 21, 3, 515.54
1571166211, 0, 30, 867, 856, 270, 7.28%, 178, 21, 3, 385.31
1571170651, 0, 30, 868, 857, 270, 7.28%, 178, 21, 3, 323.50
1571174228, 0, 30, 869, 858, 270, 7.28%, 178, 21, 3, 387.69
1571174233, 0, 32, 869, 857, 270, 7.28%, 178, 21, 3, 390.36
1571174243, 0, 32, 869, 857, 270, 7.28%, 179, 21, 3, 379.85
1571182341, 0, 34, 869, 856, 269, 7.28%, 179, 21, 3, 387.26
1571182351, 0, 34, 870, 857, 269, 7.28%, 179, 21, 3, 396.81
1571190120, 0, 34, 871, 858, 269, 7.28%, 179, 21, 3, 391.29
1571190498, 0, 41, 871, 857, 268, 7.28%, 179, 21, 3, 392.37
1571190503, 0, 41, 872, 858, 268, 7.28%, 179, 21, 3, 398.39
1571198643, 0, 41, 874, 860, 268, 7.29%, 179, 21, 3, 390.13
1571198648, 0, 41, 875, 861, 268, 7.29%, 179, 21, 3, 375.33
1571198653, 0, 41, 875, 861, 268, 7.29%, 180, 21, 3, 379.81
1571198658, 0, 41, 876, 862, 268, 7.29%, 180, 21, 3, 384.66
1571198663, 0, 41, 877, 863, 268, 7.29%, 180, 21, 3, 388.02
1571198668, 0, 41, 878, 864, 268, 7.29%, 180, 21, 3, 374.16
1571198688, 0, 41, 880, 866, 268, 7.29%, 180, 21, 3, 387.01
1571198693, 0, 41, 880, 866, 268, 7.29%, 180, 22, 3, 374.14
1571198703, 0, 41, 881, 867, 268, 7.29%, 181, 22, 3, 378.70
1571198723, 0, 41, 882, 868, 268, 7.29%, 181, 22, 3, 382.30
1571198728, 0, 59, 884, 869, 266, 7.29%, 181, 22, 3, 386.71
1571198744, 0, 59, 885, 870, 266, 7.29%, 181, 22, 3, 407.10
1571206756, 0, 59, 886, 871, 266, 7.29%, 181, 22, 3, 49.47
1571206761, 0, 59, 887, 872, 266, 7.29%, 181, 22, 3, 416.47
1571206910, 0, 59, 888, 873, 266, 7.29%, 181, 22, 3, 384.49
1571206915, 0, 65, 888, 872, 266, 7.29%, 181, 22, 3, 391.06
1571214662, 0, 65, 889, 873, 266, 7.29%, 181, 22, 3, 50.37
1571215026, 0, 89, 889, 872, 265, 7.29%, 181, 22, 3, 490.39
1571215036, 0, 89, 893, 876, 265, 7.29%, 181, 22, 3, 459.32
1571215056, 0, 89, 896, 879, 265, 7.29%, 181, 22, 3, 460.08
1571215643, 0, 89, 900, 883, 265, 7.29%, 181, 22, 3, 460.21
1571215663, 0, 89, 901, 884, 265, 7.29%, 181, 22, 3, 461.92
1571216242, 0, 89, 905, 888, 265, 7.29%, 181, 22, 3, 484.07
1571216247, 0, 89, 908, 891, 265, 7.29%, 181, 22, 3, 456.47
