# unix_time, cycles_done, cur_path, paths_total, pending_total, pending_favs, map_size, unique_crashes, unique_hangs, max_depth, execs_per_sec
1571130149, 0, 0, 1, 1, 1, 3.59%, 0, 0, 1, 444.44
1571130154, 0, 0, 20, 20, 1, 3.82%, 0, 0, 2, 347.98
1571130160, 0, 0, 78, 78, 1, 4.07%, 0, 1, 2, 61.50
1571130166, 0, 0, 107, 107, 1, 4.31%, 24, 2, 2, 70.05
1571130172, 0, 0, 168, 168, 1, 4.62%, 31, 2, 2, 60.37
1571130177, 0, 0, 189, 189, 1, 4.67%, 31, 2, 2, 444.92
1571130192, 0, 0, 206, 206, 1, 4.71%, 31, 2, 2, 396.30
1571130197, 0, 0, 259, 259, 1, 4.79%, 31, 2, 2, 402.29
1571130202, 0, 0, 276, 276, 1, 4.80%, 31, 2, 2, 401.91
1571130207, 0, 0, 289, 289, 1, 4.83%, 31, 2, 2, 388.71
1571130213, 0, 0, 290, 290, 1, 4.83%, 31, 2, 2, 391.97
1571132407, 0, 0, 297, 297, 1, 4.85%, 31, 2, 2, 387.85
1571132412, 0, 0, 312, 312, 1, 4.88%, 32, 2, 2, 360.53
1571132418, 0, 0, 320, 320, 1, 4.91%, 37, 3, 2, 14.87
1571132423, 0, 0, 329, 329, 1, 4.93%, 40, 4, 2, 342.56
1571132428, 0, 0, 344, 344, 1, 4.93%, 40, 4, 2, 377.98
1571132444, 0, 0, 347, 347, 1, 4.94%, 40, 4, 2, 386.35
1571132449, 0, 0, 352, 352, 1, 4.94%, 40, 4, 2, 387.57
1571132454, 0, 0, 361, 361, 1, 4.95%, 40, 4, 2, 389.21
1571132464, 0, 0, 364, 364, 1, 4.95%, 40, 4, 2, 389.64
1571134666, 0, 0, 367, 367, 1, 4.96%, 40, 4, 2, 351.84
1571134671, 0, 0, 371, 371, 1, 4.97%, 41, 4, 2, 389.77
1571134676, 0, 0, 382, 382, 1, 4.98%, 43, 4, 2, 384.04
1571134681, 0, 0, 384, 384, 1, 4.98%, 43, 4, 2, 388.31
1571134697, 0, 0, 385, 385, 1, 4.99%, 43, 4, 2, 388.33
1571134702, 0, 0, 392, 392, 1, 5.01%, 43, 4, 2, 388.31
1571134712, 0, 0, 393, 393, 1, 5.02%, 43, 4, 2, 386.67
1571136912, 0, 0, 396, 396, 1, 5.03%, 43, 4, 2, 381.31
1571136917, 0, 0, 397, 397, 1, 5.04%, 43, 4, 2, 388.32
1571137195, 0, 0, 405, 405, 1, 5.06%, 49, 4, 2, 371.48
1571137201, 0, 0, 410, 410, 1, 5.06%, 50, 6, 2, 55.83
1571137206, 0, 0, 417, 417, 1, 5.08%, 50, 6, 2, 408.81
1571137212, 0, 0, 419, 419, 1, 5.08%, 50, 6, 2, 391.09
1571137217, 0, 0, 425, 425, 1, 5.10%, 50, 6, 2, 414.61
1571137227, 0, 0, 431, 431, 1, 5.12%, 50, 6, 2, 402.82
1571137232, 0, 0, 432, 432, 1, 5.12%, 50, 6, 2, 392.13
1571137237, 0, 0, 433, 433, 1, 5.12%, 50, 6, 2, 62.02
1571137242, 0, 0, 435, 435, 1, 5.12%, 50, 6, 2, 408.11
1571137247, 0, 0, 436, 436, 1, 5.13%, 57, 6, 2, 425.75
1571137252, 0, 0, 437, 437, 1, 5.13%, 64, 6, 2, 509.66
1571137258, 0, 0, 437, 437, 1, 5.13%, 65, 6, 2, 51.78
1571137263, 0, 0, 443, 443, 1, 5.39%, 67, 6, 2, 414.73
1571137268, 0, 0, 445, 445, 1, 5.41%, 67, 6, 2, 366.82
1571137273, 0, 0, 447, 447, 1, 5.41%, 67, 6, 2, 350.53
1571137278, 0, 0, 453, 453, 1, 5.41%, 67, 6, 2, 386.63
1571137411, 0, 0, 459, 459, 1, 5.41%, 67, 6, 2, 394.02
1571137416, 0, 0, 460, 460, 1, 5.41%, 67, 6, 2, 368.57
1571137437, 0, 0, 467, 467, 1, 5.42%, 67, 6, 2, 376.11
1571137457, 0, 0, 471, 471, 1, 5.43%, 67, 6, 2, 370.80
1571137509, 0, 0, 473, 473, 1, 5.43%, 67, 6, 2, 412.06
1571137519, 0, 0, 474, 474, 1, 5.43%, 67, 8, 2, 31.12
1571137524, 0, 0, 475, 475, 1, 5.43%, 74, 8, 2, 45.92
1571137529, 0, 0, 475, 475, 1, 5.43%, 75, 8, 2, 49.41
1571137534, 0, 0, 476, 476, 1, 5.43%, 75, 8, 2, 394.97
1571137539, 0, 0, 480, 480, 1, 5.43%, 75, 8, 2, 390.38
1571137554, 0, 0, 481, 481, 1, 5.43%, 75, 8, 2, 392.17
1571137636, 0, 0, 484, 484, 1, 5.43%, 75, 8, 2, 379.06
1571137641, 0, 0, 486, 486, 1, 5.44%, 75, 8, 2, 392.11
1571137651, 0, 0, 487, 487, 1, 5.44%, 75, 8, 2, 390.97
1571137692, 0, 0, 488, 488, 1, 5.45%, 75, 8, 2, 411.09
1571137748, 0, 0, 490, 490, 1, 5.45%, 75, 8, 2, 436.24
1571137753, 0, 0, 492, 492, 1, 5.46%, 75, 8, 2, 401.41
1571137763, 0, 0, 494, 494, 1, 5.46%, 75, 8, 2, 389.33
1571137778, 0, 0, 497, 497, 1, 5.47%, 76, 9, 2, 255.74
1571137783, 0, 0, 499, 499, 1, 5.47%, 76, 9, 2, 359.54
1571137789, 0, 0, 500, 500, 1, 5.47%, 76, 9, 2, 384.33
1571137794, 0, 0, 503, 503, 1, 5.47%, 76, 9, 2, 385.61
1571137799, 0, 0, 505, 505, 1, 5.48%, 76, 9, 2, 391.35
1571137804, 0, 0, 507, 507, 1, 5.49%, 76, 9, 2, 407.18
1571137809, 0, 0, 508, 508, 1, 5.49%, 76, 9, 2, 380.20
1571137814, 0, 0, 509, 509, 1, 5.49%, 78, 9, 2, 389.64
1571137819, 0, 0, 511, 511, 1, 5.64%, 81, 9, 2, 405.08
1571137824, 0, 0, 519, 519, 1, 5.64%, 81, 9, 2, 389.68
1571137870, 0, 0, 524, 524, 1, 5.64%, 81, 9, 2, 406.04
1571137875, 0, 0, 525, 525, 1, 5.65%, 81, 9, 2, 396.82
1571137880, 0, 0, 527, 527, 1, 5.65%, 81, 9, 2, 392.87
1571137906, 0, 0, 533, 533, 1, 6.80%, 81, 9, 2, 57.95
1571137911, 0, 0, 540, 540, 1, 6.80%, 83, 9, 2, 371.02
1571137921, 0, 0, 542, 542, 1, 6.80%, 83, 9, 2, 403.33
1571137931, 0, 0, 550, 550, 1, 6.82%, 84, 9, 2, 387.99
1571137942, 0, 0, 550, 550, 1, 6.82%, 88, 9, 2, 66.84
1571137947, 0, 0, 553, 553, 1, 6.83%, 88, 9, 2, 429.79
1571137952, 0, 0, 555, 555, 1, 6.83%, 88, 9, 2, 366.51
1571137957, 0, 0, 564, 564, 1, 6.83%, 88, 9, 2, 398.78
1571137962, 0, 0, 567, 567, 1, 6.83%, 88, 9, 2, 381.52
1571138049, 0, 0, 571, 571, 1, 6.83%, 88, 9, 2, 374.00
1571138054, 0, 0, 575, 575, 1, 6.83%, 88, 9, 2, 392.37
1571138059, 0, 0, 576, 576, 1, 6.83%, 88, 9, 2, 388.93
1571138115, 0, 0, 579, 579, 1, 6.85%, 88, 9, 2, 56.17
1571138120, 0, 0, 598, 598, 1, 6.88%, 90, 9, 2, 404.82
1571138125, 0, 0, 602, 602, 1, 6.88%, 91, 9, 2, 402.80
1571138131, 0, 0, 610, 610, 1, 6.90%, 92, 10, 2, 49.47
1571138136, 0, 0, 613, 613, 1, 6.96%, 95, 10, 2, 392.12
1571138141, 0, 0, 614, 614, 1, 6.96%, 100, 10, 2, 482.82
1571138146, 0, 0, 616, 616, 1, 6.96%, 102, 10, 2, 416.37
1571138151, 0, 0, 620, 620, 1, 7.00%, 107, 10, 2, 395.36
1571138156, 0, 0, 626, 626, 1, 7.02%, 107, 10, 2, 398.96
1571138217, 0, 0, 626, 626, 1, 7.02%, 108, 11, 2, 402.33
1571138223, 0, 0, 628, 628, 1, 7.02%, 108, 11, 2, 402.94
1571138228, 0, 0, 630, 630, 1, 7.02%, 108, 11, 2, 412.52
1571138243, 0, 0, 638, 638, 1, 7.04%, 108, 11, 2, 391.56
1571138274, 0, 0, 659, 659, 1, 7.04%, 114, 11, 2, 382.49
1571138279, 0, 0, 677, 677, 1, 7.06%, 116, 11, 2, 356.76
1571138284, 0, 0, 683, 683, 1, 7.06%, 119, 11, 2, 58.82
1571138290, 0, 0, 694, 694, 1, 7.06%, 122, 11, 2, 387.73
1571138295, 0, 0, 703, 703, 1, 7.06%, 122, 12, 2, 23.30
1571138300, 0, 0, 705, 705, 1, 7.06%, 122, 12, 2, 377.79
1571138306, 0, 0, 707, 707, 1, 7.06%, 124, 12, 2, 384.11
1571138311, 0, 0, 710, 710, 1, 7.06%, 126, 13, 2, 394.74
1571138316, 0, 0, 711, 711, 1, 7.06%, 126, 13, 2, 384.69
1571138321, 0, 0, 713, 713, 1, 7.06%, 127, 13, 2, 375.74
1571138326, 0, 0, 715, 715, 1, 7.07%, 128, 13, 2, 381.85
1571138331, 0, 0, 717, 717, 1, 7.07%, 129, 13, 2, 378.92
1571138336, 0, 0, 719, 719, 1, 7.07%, 130, 13, 2, 378.42
1571138341, 0, 0, 722, 722, 1, 7.07%, 132, 13, 2, 379.16
1571138346, 0, 0, 723, 723, 1, 7.07%, 133, 13, 2, 378.14
1571138351, 0, 0, 724, 724, 1, 7.07%, 135, 13, 2, 386.13
1571138356, 0, 0, 725, 725, 1, 7.07%, 137, 13, 2, 373.91
1571138361, 0, 0, 727, 727, 1, 7.07%, 137, 13, 2, 384.84
1571138367, 0, 2, 730, 729, 236, 7.07%, 137, 13, 3, 614.75
1571138377, 0, 2, 731, 730, 236, 7.07%, 137, 13, 3, 606.55
1571138392, 0, 2, 733, 732, 236, 7.08%, 137, 13, 3, 609.11
1571138854, 0, 2, 736, 735, 236, 7.08%, 137, 13, 3, 615.90
1571139336, 0, 2, 737, 736, 236, 7.08%, 137, 13, 3, 611.04
1571139351, 0, 2, 738, 737, 236, 7.09%, 137, 13, 3, 611.98
1571139879, 0, 2, 744, 743, 236, 7.11%, 137, 13, 3, 49.53
1571139884, 0, 2, 748, 747, 236, 7.11%, 137, 13, 3, 487.59
1571139889, 0, 2, 750, 749, 236, 7.11%, 137, 13, 3, 587.73
1571139894, 0, 2, 752, 751, 236, 7.11%, 137, 13, 3, 610.08
1571139986, 0, 2, 754, 753, 236, 7.12%, 137, 13, 3, 604.58
1571140201, 0, 2, 755, 754, 236, 7.12%, 137, 13, 3, 49.02
1571140207, 0, 4, 755, 753, 250, 7.12%, 137, 13, 3, 617.23
1571142041, 0, 7, 755, 752, 249, 7.12%, 137, 13, 3, 616.92
1571142046, 0, 7, 757, 754, 249, 7.13%, 137, 13, 3, 605.40
1571144914, 0, 7, 758, 755, 249, 7.13%, 137, 13, 3, 556.92
1571145043, 0, 7, 760, 757, 249, 7.14%, 137, 13, 3, 606.76
1571145198, 0, 7, 761, 758, 249, 7.14%, 137, 13, 3, 587.90
1571145239, 0, 7, 768, 765, 249, 7.20%, 137, 13, 3, 559.37
1571145327, 0, 7, 769, 766, 249, 7.20%, 137, 13, 3, 428.49
1571145388, 0, 7, 771, 768, 249, 7.21%, 137, 13, 3, 596.46
1571145393, 0, 7, 775, 772, 249, 7.21%, 137, 13, 3, 592.87
1571145399, 0, 7, 778, 775, 249, 7.22%, 137, 13, 3, 584.91
1571145404, 0, 7, 781, 778, 249, 7.22%, 137, 13, 3, 594.58
1571145409, 0, 7, 785, 782, 249, 7.23%, 137, 13, 3, 587.97
1571145414, 0, 7, 788, 785, 249, 7.23%, 137, 13, 3, 592.91
1571145419, 0, 7, 792, 789, 249, 7.23%, 137, 13, 3, 576.73
1571145424, 0, 7, 794, 791, 249, 7.23%, 137, 13, 3, 591.15
1571145429, 0, 9, 796, 792, 257, 7.23%, 137, 13, 3, 594.21
1571145434, 0, 9, 796, 792, 257, 7.23%, 138, 13, 3, 616.09
1571145915, 0, 9, 797, 793, 257, 7.23%, 138, 13, 3, 620.25
1571146395, 0, 9, 797, 793, 257, 7.23%, 139, 13, 3, 620.13
1571146941, 0, 9, 799, 795, 257, 7.23%, 139, 13, 3, 69.93
1571147258, 0, 9, 800, 796, 257, 7.23%, 139, 13, 3, 55.72
1571147263, 0, 9, 802, 798, 257, 7.23%, 139, 13, 3, 544.87
1571147401, 0, 9, 806, 802, 257, 7.23%, 142, 13, 3, 577.52
1571147406, 0, 9, 809, 805, 257, 7.23%, 144, 13, 3, 566.82
1571147411, 0, 9, 812, 808, 257, 7.23%, 147, 13, 3, 565.30
1571147416, 0, 9, 814, 810, 257, 7.23%, 147, 13, 3, 568.37
1571147422, 0, 9, 817, 813, 257, 7.23%, 147, 13, 3, 572.48
1571147427, 0, 9, 818, 814, 257, 7.24%, 147, 13, 3, 582.60
1571147432, 0, 9, 821, 817, 257, 7.25%, 148, 13, 3, 572.35
1571147437, 0, 9, 821, 817, 257, 7.25%, 150, 13, 3, 573.78
1571147442, 0, 11, 823, 818, 256, 7.25%, 150, 13, 3, 583.91
1571148954, 0, 11, 824, 819, 256, 7.25%, 150, 13, 3, 59.80
1571149352, 0, 11, 824, 819, 256, 7.25%, 151, 13, 3, 622.38
1571149408, 0, 11, 827, 822, 256, 7.25%, 151, 13, 3, 582.16
1571149413, 0, 11, 829, 824, 256, 7.25%, 151, 13, 3, 580.40
1571149419, 0, 11, 831, 826, 256, 7.25%, 151, 13, 3, 584.05
1571149424, 0, 11, 832, 827, 256, 7.25%, 151, 13, 3, 581.51
1571149429, 0, 11, 833, 828, 256, 7.25%, 151, 13, 3, 570.16
1571149439, 0, 11, 834, 829, 256, 7.25%, 151, 13, 3, 583.61
1571149444, 0, 11, 836, 831, 256, 7.25%, 151, 13, 3, 589.08
1571149449, 0, 12, 836, 830, 256, 7.25%, 151, 13, 3, 589.93
1571150961, 0, 12, 836, 830, 256, 7.25%, 152, 13, 3, 49.52
1571151430, 0, 16, 837, 830, 255, 7.25%, 152, 13, 3, 498.11
1571151440, 0, 16, 837, 830, 255, 7.25%, 153, 13, 3, 409.65
1571158502, 0, 16, 837, 830, 255, 7.25%, 153, 14, 3, 135.17
1571159166, 0, 16, 837, 830, 255, 7.25%, 154, 14, 3, 406.64
1571159524, 0, 16, 837, 830, 255, 7.25%, 155, 14, 3, 390.16
1571159529, 0, 18, 837, 829, 254, 7.25%, 155, 14, 3, 394.36
1571159534, 0, 18, 838, 830, 254, 7.25%, 155, 14, 3, 397.02
1571159539, 0, 18, 838, 830, 254, 7.25%, 156, 14, 3, 399.19
1571167609, 0, 20, 838, 829, 253, 7.25%, 156, 14, 3, 49.54
1571167614, 0, 20, 839, 830, 253, 7.25%, 156, 15, 3, 9.74
1571167619, 0, 20, 840, 831, 253, 7.26%, 160, 15, 3, 482.32
1571167624, 0, 20, 841, 832, 253, 7.26%, 160, 15, 3, 494.73
1571168770, 0, 20, 842, 833, 253, 7.26%, 160, 15, 3, 484.62
1571169467, 0, 20, 843, 834, 253, 7.26%, 160, 15, 3, 454.33
1571169872, 0, 20, 844, 835, 253, 7.26%, 160, 15, 3, 486.09
1571169898, 0, 20, 845, 836, 253, 7.26%, 160, 15, 3, 459.53
1571170026, 0, 20, 847, 838, 253, 7.26%, 160, 15, 3, 517.95
1571170031, 0, 20, 849, 840, 253, 7.26%, 160, 15, 3, 510.43
1571170046, 0, 20, 849, 840, 253, 7.26%, 161, 15, 3, 407.88
1571170051, 0, 20, 850, 841, 253, 7.26%, 161, 15, 3, 477.91
1571170102, 0, 20, 851, 842, 253, 7.26%, 161, 15, 3, 495.11
1571170127, 0, 21, 852, 842, 253, 7.26%, 162, 15, 3, 497.40
1571172175, 0, 25, 852, 841, 252, 7.26%, 162, 15, 3, 597.54
1571174015, 0, 25, 853, 842, 252, 7.26%, 162, 15, 3, 557.60
1571174158, 0, 25, 853, 842, 252, 7.26%, 163, 15, 3, 531.53
1571174229, 0, 25, 855, 844, 252, 7.27%, 163, 15, 3, 559.39
1571174234, 0, 25, 858, 847, 252, 7.27%, 163, 15, 3, 532.08
1571174239, 0, 25, 861, 850, 252, 7.27%, 163, 15, 3, 545.30
1571174249, 0, 25, 862, 851, 252, 7.27%, 163, 15, 3, 557.67
1571174260, 0, 25, 865, 854, 252, 7.27%, 163, 15, 3, 557.83
1571174265, 0, 25, 867, 856, 252, 7.27%, 163, 15, 3, 568.90
1571174270, 0, 25, 868, 857, 252, 7.27%, 163, 15, 3, 554.97
1571174275, 0, 25, 869, 858, 252, 7.27%, 163, 15, 3, 551.06
1571174286, 0, 30, 869, 857, 257, 7.27%, 163, 15, 3, 504.83
1571174332, 0, 30, 870, 858, 257, 7.27%, 163, 15, 3, 386.75
1571178803, 0, 30, 871, 859, 257, 7.28%, 163, 15, 3, 393.85
1571182420, 0, 32, 871, 858, 257, 7.28%, 163, 15, 3, 392.22
1571182430, 0, 32, 871, 858, 257, 7.28%, 164, 15, 3, 371.30
1571190566, 0, 57, 871, 857, 256, 7.28%, 165, 15, 3, 390.24
1571190576, 0, 57, 872, 858, 256, 7.28%, 165, 15, 3, 374.62
1571198698, 0, 58, 872, 857, 255, 7.28%, 165, 15, 3, 390.54
1571198708, 0, 58, 873, 858, 255, 7.28%, 165, 15, 3, 395.05
1571206844, 0, 67, 873, 857, 254, 7.28%, 165, 15, 3, 382.84
1571213888, 0, 67, 874, 858, 254, 7.28%, 165, 15, 3, 381.31
1571214808, 0, 67, 875, 859, 254, 7.28%, 165, 15, 3, 49.69
1571214813, 0, 67, 876, 860, 254, 7.28%, 165, 15, 3, 415.46
1571214957, 0, 67, 877, 861, 254, 7.28%, 165, 15, 3, 378.56
1571214962, 0, 77, 877, 860, 253, 7.28%, 165, 15, 3, 389.75
1571214977, 0, 77, 894, 877, 253, 7.28%, 165, 15, 3, 402.43
1571214982, 0, 77, 895, 878, 253, 7.28%, 165, 15, 3, 391.03
