# unix_time, cycles_done, cur_path, paths_total, pending_total, pending_favs, map_size, unique_crashes, unique_hangs, max_depth, execs_per_sec
1571130142, 0, 0, 1, 1, 1, 3.59%, 0, 0, 1, 444.44
1571130147, 0, 0, 20, 20, 1, 3.82%, 0, 0, 2, 273.48
1571130153, 0, 0, 78, 78, 1, 4.07%, 0, 1, 2, 61.55
1571130159, 0, 0, 107, 107, 1, 4.31%, 24, 2, 2, 76.05
1571130165, 0, 0, 169, 169, 1, 4.64%, 31, 2, 2, 33.80
1571130170, 0, 0, 189, 189, 1, 4.69%, 31, 2, 2, 400.62
1571130185, 0, 0, 209, 209, 1, 4.74%, 31, 2, 2, 57.45
1571130190, 0, 0, 267, 267, 1, 4.80%, 31, 2, 2, 408.07
1571130195, 0, 0, 274, 274, 1, 4.82%, 31, 2, 2, 401.49
1571130200, 0, 0, 287, 287, 1, 4.85%, 31, 2, 2, 387.75
1571130205, 0, 0, 288, 288, 1, 4.85%, 31, 2, 2, 394.44
1571132417, 0, 0, 305, 305, 1, 4.89%, 32, 2, 2, 397.95
1571132422, 0, 0, 317, 317, 1, 4.91%, 35, 2, 2, 248.59
1571132427, 0, 0, 322, 322, 1, 4.93%, 40, 4, 2, 325.68
1571132432, 0, 0, 341, 341, 1, 4.95%, 40, 4, 2, 364.73
1571132438, 0, 0, 342, 342, 1, 4.95%, 40, 4, 2, 380.66
1571132453, 0, 0, 347, 347, 1, 4.96%, 40, 4, 2, 381.02
1571132458, 0, 0, 359, 359, 1, 4.96%, 40, 4, 2, 384.45
1571132468, 0, 0, 362, 362, 1, 4.97%, 40, 4, 2, 387.08
1571134683, 0, 0, 364, 364, 1, 4.98%, 40, 4, 2, 283.42
1571134688, 0, 0, 367, 367, 1, 4.98%, 40, 4, 2, 343.94
1571134693, 0, 0, 370, 370, 1, 4.99%, 43, 4, 2, 361.63
1571134698, 0, 0, 382, 382, 1, 5.00%, 43, 4, 2, 376.38
1571134719, 0, 0, 385, 385, 1, 5.03%, 43, 4, 2, 382.83
1571134724, 0, 0, 390, 390, 1, 5.03%, 43, 4, 2, 387.41
1571134734, 0, 0, 391, 391, 1, 5.03%, 43, 4, 2, 385.92
1571136950, 0, 0, 394, 394, 1, 5.05%, 43, 4, 2, 381.90
1571136955, 0, 0, 395, 395, 1, 5.06%, 43, 4, 2, 384.63
1571137234, 0, 0, 403, 403, 1, 5.07%, 49, 4, 2, 376.43
1571137239, 0, 0, 408, 408, 1, 5.08%, 50, 6, 2, 15.00
1571137244, 0, 0, 415, 415, 1, 5.09%, 50, 6, 2, 408.97
1571137249, 0, 0, 417, 417, 1, 5.09%, 50, 6, 2, 391.09
1571137254, 0, 0, 423, 423, 1, 5.11%, 50, 6, 2, 413.65
1571137264, 0, 0, 429, 429, 1, 5.13%, 50, 6, 2, 401.45
1571137269, 0, 0, 430, 430, 1, 5.13%, 50, 6, 2, 395.37
1571137274, 0, 0, 431, 431, 1, 5.14%, 50, 6, 2, 49.31
1571137280, 0, 0, 433, 433, 1, 5.14%, 50, 6, 2, 382.54
1571137285, 0, 0, 434, 434, 1, 5.14%, 57, 6, 2, 416.70
1571137290, 0, 0, 435, 435, 1, 5.14%, 63, 6, 2, 504.84
1571137295, 0, 0, 435, 435, 1, 5.14%, 65, 6, 2, 65.28
1571137300, 0, 0, 441, 441, 1, 5.40%, 67, 6, 2, 415.60
1571137305, 0, 0, 443, 443, 1, 5.42%, 67, 6, 2, 372.41
1571137310, 0, 0, 445, 445, 1, 5.42%, 67, 6, 2, 352.10
1571137315, 0, 0, 451, 451, 1, 5.42%, 67, 6, 2, 406.00
1571137449, 0, 0, 456, 456, 1, 5.42%, 67, 6, 2, 380.60
1571137454, 0, 0, 457, 457, 1, 5.42%, 67, 6, 2, 362.52
1571137474, 0, 0, 464, 464, 1, 5.44%, 67, 6, 2, 369.03
1571137495, 0, 0, 468, 468, 1, 5.44%, 67, 6, 2, 368.71
1571137546, 0, 0, 470, 470, 1, 5.44%, 67, 6, 2, 405.64
1571137557, 0, 0, 472, 472, 1, 5.44%, 71, 7, 2, 404.82
1571137562, 0, 0, 472, 472, 1, 5.44%, 75, 7, 2, 427.42
1571137572, 0, 0, 477, 477, 1, 5.44%, 75, 7, 2, 391.99
1571137592, 0, 0, 478, 478, 1, 5.44%, 75, 7, 2, 394.45
1571137669, 0, 0, 479, 479, 1, 5.44%, 75, 7, 2, 392.36
1571137674, 0, 0, 482, 482, 1, 5.45%, 75, 7, 2, 247.75
1571137680, 0, 0, 483, 483, 1, 5.45%, 75, 7, 2, 360.24
1571137690, 0, 0, 484, 484, 1, 5.45%, 75, 7, 2, 386.57
1571137731, 0, 0, 485, 485, 1, 5.46%, 75, 7, 2, 407.36
1571137787, 0, 0, 488, 488, 1, 5.46%, 75, 7, 2, 420.62
1571137792, 0, 0, 489, 489, 1, 5.47%, 75, 7, 2, 389.86
1571137797, 0, 0, 490, 490, 1, 5.47%, 75, 7, 2, 389.65
1571137802, 0, 0, 491, 491, 1, 5.47%, 75, 7, 2, 388.82
1571137813, 0, 0, 493, 493, 1, 5.47%, 75, 7, 2, 369.49
1571137818, 0, 0, 496, 496, 1, 5.48%, 76, 8, 2, 401.24
1571137828, 0, 0, 500, 500, 1, 5.48%, 76, 8, 2, 387.33
1571137833, 0, 0, 501, 501, 1, 5.49%, 76, 8, 2, 40.60
1571137838, 0, 0, 504, 504, 1, 5.50%, 76, 8, 2, 399.86
1571137848, 0, 0, 506, 506, 1, 5.50%, 77, 8, 2, 400.54
1571137854, 0, 0, 506, 506, 1, 5.50%, 80, 8, 2, 75.63
1571137859, 0, 0, 508, 508, 1, 5.65%, 81, 8, 2, 389.15
1571137864, 0, 0, 516, 516, 1, 5.65%, 81, 8, 2, 388.10
1571137905, 0, 0, 517, 517, 1, 5.65%, 81, 8, 2, 394.24
1571137910, 0, 0, 522, 522, 1, 5.65%, 81, 8, 2, 400.63
1571137915, 0, 0, 524, 524, 1, 5.65%, 81, 8, 2, 390.53
1571137941, 0, 0, 529, 529, 1, 6.80%, 81, 8, 2, 66.86
1571137946, 0, 0, 530, 530, 1, 6.81%, 81, 8, 2, 52.90
1571137951, 0, 0, 537, 537, 1, 6.81%, 83, 8, 2, 412.41
1571137961, 0, 0, 539, 539, 1, 6.81%, 83, 8, 2, 396.38
1571137966, 0, 0, 540, 540, 1, 6.81%, 84, 8, 2, 408.76
1571137972, 0, 0, 547, 547, 1, 6.83%, 84, 8, 2, 409.29
1571137982, 0, 0, 548, 548, 1, 6.83%, 88, 8, 2, 401.26
1571137987, 0, 0, 550, 550, 1, 6.84%, 88, 8, 2, 394.49
1571137992, 0, 0, 552, 552, 1, 6.84%, 88, 8, 2, 392.56
1571137997, 0, 0, 562, 562, 1, 6.84%, 88, 8, 2, 380.06
1571138002, 0, 0, 564, 564, 1, 6.84%, 88, 8, 2, 389.22
1571138084, 0, 0, 566, 566, 1, 6.84%, 88, 8, 2, 383.13
1571138089, 0, 0, 570, 570, 1, 6.84%, 88, 8, 2, 394.28
1571138094, 0, 0, 573, 573, 1, 6.84%, 88, 8, 2, 390.00
1571138151, 0, 0, 574, 574, 1, 6.85%, 88, 8, 2, 56.00
1571138156, 0, 0, 592, 592, 1, 6.89%, 90, 8, 2, 387.36
1571138161, 0, 0, 597, 597, 1, 6.89%, 91, 8, 2, 401.83
1571138166, 0, 0, 604, 604, 1, 6.91%, 92, 9, 2, 395.11
1571138171, 0, 0, 607, 607, 1, 6.97%, 94, 9, 2, 355.85
1571138176, 0, 0, 609, 609, 1, 6.97%, 99, 9, 2, 375.36
1571138181, 0, 0, 611, 611, 1, 6.97%, 102, 9, 2, 402.02
1571138186, 0, 0, 613, 613, 1, 7.00%, 105, 9, 2, 380.09
1571138191, 0, 0, 618, 618, 1, 7.02%, 107, 9, 2, 396.13
1571138248, 0, 0, 618, 618, 1, 7.02%, 108, 9, 2, 63.75
1571138254, 0, 0, 620, 620, 1, 7.02%, 108, 10, 2, 404.20
1571138264, 0, 0, 622, 622, 1, 7.02%, 108, 10, 2, 7.43
1571138274, 0, 0, 626, 626, 1, 7.02%, 108, 10, 2, 393.14
1571138279, 0, 0, 630, 630, 1, 7.04%, 108, 10, 2, 385.29
1571138305, 0, 0, 649, 649, 1, 7.05%, 114, 11, 2, 416.36
1571138310, 0, 0, 664, 664, 1, 7.05%, 116, 13, 2, 387.32
1571138315, 0, 0, 674, 674, 1, 7.05%, 119, 13, 2, 371.95
1571138320, 0, 0, 678, 678, 1, 7.05%, 121, 13, 2, 375.95
1571138325, 0, 0, 685, 685, 1, 7.06%, 121, 14, 2, 384.94
1571138330, 0, 0, 690, 690, 1, 7.06%, 121, 16, 2, 37.40
1571138336, 0, 0, 692, 692, 1, 7.06%, 123, 17, 2, 361.37
1571138341, 0, 0, 694, 694, 1, 7.06%, 125, 17, 2, 362.31
1571138346, 0, 0, 694, 694, 1, 7.06%, 126, 17, 2, 373.13
1571138351, 0, 0, 695, 695, 1, 7.06%, 127, 17, 2, 380.91
1571138356, 0, 0, 696, 696, 1, 7.06%, 129, 17, 2, 372.43
1571138361, 0, 0, 698, 698, 1, 7.06%, 132, 17, 2, 379.20
1571138366, 0, 0, 702, 702, 1, 7.06%, 133, 18, 2, 53.56
1571138371, 0, 0, 703, 703, 1, 7.06%, 133, 19, 2, 394.17
1571138377, 0, 0, 704, 704, 1, 7.06%, 135, 19, 2, 383.11
1571138382, 0, 0, 705, 705, 1, 7.06%, 136, 19, 2, 372.10
1571138387, 0, 0, 706, 706, 1, 7.06%, 137, 19, 2, 376.92
1571138392, 0, 0, 708, 708, 1, 7.06%, 138, 19, 2, 383.20
1571138397, 0, 0, 709, 709, 1, 7.06%, 138, 19, 2, 384.51
1571138402, 0, 2, 710, 709, 234, 7.06%, 138, 19, 2, 473.03
1571138407, 0, 2, 713, 712, 234, 7.07%, 138, 19, 3, 608.94
1571138412, 0, 2, 714, 713, 234, 7.07%, 138, 19, 3, 607.48
1571138427, 0, 2, 716, 715, 234, 7.07%, 138, 19, 3, 608.86
1571138896, 0, 2, 719, 718, 234, 7.08%, 138, 19, 3, 608.70
1571139380, 0, 2, 720, 719, 234, 7.08%, 138, 19, 3, 609.30
1571139395, 0, 2, 721, 720, 234, 7.08%, 138, 19, 3, 608.52
1571139925, 0, 2, 727, 726, 234, 7.10%, 138, 19, 3, 49.52
1571139930, 0, 2, 731, 730, 234, 7.11%, 138, 19, 3, 499.84
1571139935, 0, 2, 733, 732, 234, 7.11%, 138, 19, 3, 590.87
1571139940, 0, 2, 735, 734, 234, 7.11%, 138, 19, 3, 608.21
1571140033, 0, 2, 737, 736, 234, 7.12%, 138, 19, 3, 610.51
1571140244, 0, 2, 738, 737, 234, 7.12%, 138, 19, 3, 49.13
1571140249, 0, 4, 738, 736, 249, 7.12%, 138, 19, 3, 499.61
1571142090, 0, 7, 740, 737, 248, 7.12%, 138, 19, 3, 596.17
1571144973, 0, 7, 741, 738, 248, 7.13%, 138, 19, 3, 540.55
1571145102, 0, 7, 743, 740, 248, 7.14%, 138, 19, 3, 599.89
1571145257, 0, 7, 744, 741, 248, 7.14%, 138, 19, 3, 557.92
1571145303, 0, 7, 751, 748, 248, 7.20%, 138, 19, 3, 399.63
1571145390, 0, 7, 752, 749, 248, 7.20%, 138, 19, 3, 563.79
1571145452, 0, 7, 753, 750, 248, 7.20%, 138, 19, 3, 602.53
1571145457, 0, 7, 761, 758, 248, 7.21%, 138, 19, 3, 587.37
1571145462, 0, 7, 766, 763, 248, 7.23%, 138, 19, 3, 590.44
1571145472, 0, 7, 768, 765, 248, 7.23%, 138, 19, 3, 579.63
1571145477, 0, 7, 773, 770, 248, 7.23%, 138, 19, 3, 576.27
1571145488, 0, 7, 780, 777, 248, 7.23%, 138, 19, 3, 591.28
1571145493, 0, 7, 782, 779, 248, 7.23%, 138, 19, 3, 586.38
1571145498, 0, 9, 782, 778, 262, 7.23%, 139, 19, 3, 618.88
1571145980, 0, 9, 783, 779, 262, 7.24%, 139, 19, 3, 617.34
1571146462, 0, 9, 783, 779, 262, 7.24%, 140, 19, 3, 616.92
1571147011, 0, 9, 785, 781, 262, 7.24%, 140, 19, 3, 83.89
1571147329, 0, 9, 786, 782, 262, 7.24%, 140, 19, 3, 58.98
1571147334, 0, 9, 788, 784, 262, 7.24%, 140, 19, 3, 608.44
1571147478, 0, 11, 789, 784, 265, 7.24%, 140, 19, 3, 605.03
1571148990, 0, 11, 790, 785, 265, 7.24%, 140, 19, 3, 49.33
1571149400, 0, 11, 791, 786, 265, 7.24%, 141, 19, 3, 579.48
1571149456, 0, 11, 793, 788, 265, 7.24%, 141, 19, 3, 573.41
1571149461, 0, 11, 797, 792, 265, 7.24%, 141, 19, 3, 574.05
1571149467, 0, 11, 798, 793, 265, 7.24%, 142, 19, 3, 569.09
1571149472, 0, 11, 799, 794, 265, 7.24%, 142, 19, 3, 572.38
1571149477, 0, 11, 804, 799, 265, 7.24%, 142, 19, 3, 579.02
1571149482, 0, 11, 808, 803, 265, 7.25%, 142, 19, 3, 587.06
1571149487, 0, 11, 811, 806, 265, 7.25%, 142, 19, 3, 569.08
1571149497, 0, 12, 813, 807, 265, 7.25%, 142, 19, 3, 579.58
1571151016, 0, 12, 813, 807, 265, 7.25%, 143, 19, 3, 49.52
1571151487, 0, 16, 813, 806, 264, 7.25%, 143, 19, 3, 454.60
1571151497, 0, 16, 813, 806, 264, 7.25%, 144, 19, 3, 377.24
1571153748, 0, 16, 813, 806, 264, 7.25%, 145, 19, 3, 368.80
1571159265, 0, 16, 814, 807, 264, 7.25%, 145, 19, 3, 51.07
1571159270, 0, 16, 814, 807, 264, 7.25%, 146, 19, 3, 418.81
1571159639, 0, 16, 816, 809, 264, 7.25%, 146, 19, 3, 391.65
1571159645, 0, 16, 816, 809, 264, 7.25%, 148, 19, 3, 388.89
1571159650, 0, 16, 817, 810, 264, 7.25%, 148, 20, 3, 393.45
1571159655, 0, 16, 817, 810, 264, 7.25%, 149, 20, 3, 383.96
1571159665, 0, 18, 817, 809, 264, 7.25%, 149, 20, 3, 49.30
1571159670, 0, 18, 818, 810, 264, 7.25%, 149, 20, 3, 365.06
1571159675, 0, 18, 818, 810, 264, 7.25%, 150, 20, 3, 365.31
1571167802, 0, 20, 818, 809, 263, 7.25%, 150, 20, 3, 443.44
1571167807, 0, 20, 819, 810, 263, 7.25%, 150, 21, 3, 45.53
1571167812, 0, 20, 820, 811, 263, 7.26%, 154, 21, 3, 505.07
1571167817, 0, 20, 821, 812, 263, 7.26%, 154, 21, 3, 496.17
1571168966, 0, 20, 822, 813, 263, 7.26%, 154, 21, 3, 475.19
1571169645, 0, 20, 823, 814, 263, 7.26%, 154, 21, 3, 513.26
1571169666, 0, 20, 824, 815, 263, 7.26%, 154, 21, 3, 417.13
1571169829, 0, 20, 825, 816, 263, 7.26%, 154, 21, 3, 342.63
1571170070, 0, 20, 826, 817, 263, 7.26%, 154, 21, 3, 497.80
1571170091, 0, 20, 827, 818, 263, 7.26%, 154, 21, 3, 520.44
1571170213, 0, 20, 829, 820, 263, 7.26%, 154, 21, 3, 481.57
1571170218, 0, 20, 831, 822, 263, 7.26%, 154, 21, 3, 499.06
1571170234, 0, 20, 831, 822, 263, 7.26%, 155, 21, 3, 265.05
1571170239, 0, 20, 832, 823, 263, 7.26%, 155, 21, 3, 437.47
1571170290, 0, 20, 833, 824, 263, 7.26%, 155, 21, 3, 475.79
1571170316, 0, 21, 833, 823, 264, 7.26%, 155, 21, 3, 443.16
1571172375, 0, 21, 835, 825, 264, 7.26%, 155, 21, 3, 571.14
1571172380, 0, 21, 836, 826, 264, 7.26%, 155, 21, 3, 544.85
1571172390, 0, 25, 836, 825, 263, 7.26%, 155, 21, 3, 537.20
1571174242, 0, 25, 837, 826, 263, 7.26%, 155, 21, 3, 605.62
1571174385, 0, 25, 837, 826, 263, 7.26%, 156, 21, 3, 515.28
1571174456, 0, 30, 837, 825, 263, 7.26%, 156, 21, 3, 55.62
1571174497, 0, 30, 838, 826, 263, 7.26%, 156, 21, 3, 383.86
1571178997, 0, 30, 839, 827, 263, 7.27%, 156, 21, 3, 357.16
1571182640, 0, 32, 839, 826, 263, 7.27%, 156, 22, 3, 395.60
1571182655, 0, 32, 839, 826, 263, 7.27%, 157, 22, 3, 349.55
1571190835, 0, 34, 839, 825, 262, 7.27%, 157, 22, 3, 35.62
1571190840, 0, 34, 840, 826, 262, 7.27%, 157, 22, 3, 358.02
1571199003, 0, 34, 841, 827, 262, 7.27%, 157, 22, 3, 387.60
1571199008, 0, 34, 841, 827, 262, 7.27%, 158, 22, 3, 387.03
1571199013, 0, 38, 841, 826, 262, 7.27%, 158, 22, 3, 49.46
1571199018, 0, 38, 842, 827, 262, 7.27%, 158, 22, 3, 364.89
1571207207, 0, 42, 842, 826, 261, 7.27%, 158, 22, 3, 388.67
1571207212, 0, 42, 844, 828, 261, 7.27%, 158, 22, 3, 354.19
1571215358, 0, 42, 847, 831, 261, 7.27%, 158, 22, 3, 383.07
1571215368, 0, 42, 848, 832, 261, 7.27%, 158, 22, 3, 383.91
1571215378, 0, 42, 849, 833, 261, 7.27%, 159, 22, 3, 377.13
1571215383, 0, 42, 851, 835, 261, 7.27%, 159, 22, 3, 376.96
1571215388, 0, 42, 852, 836, 261, 7.27%, 161, 22, 3, 390.71
1571215393, 0, 42, 852, 836, 261, 7.27%, 162, 22, 3, 381.35
1571215403, 0, 42, 853, 837, 261, 7.27%, 163, 22, 3, 386.93
1571215409, 0, 42, 855, 839, 261, 7.27%, 163, 22, 3, 378.33
1571215414, 0, 42, 855, 839, 261, 7.27%, 164, 22, 3, 380.73
1571215434, 0, 42, 855, 839, 261, 7.27%, 165, 22, 3, 383.72
1571215439, 0, 57, 855, 838, 261, 7.27%, 165, 22, 3, 381.58
1571215454, 0, 57, 856, 839, 261, 7.27%, 165, 22, 3, 370.58
