# unix_time, cycles_done, cur_path, paths_total, pending_total, pending_favs, map_size, unique_crashes, unique_hangs, max_depth, execs_per_sec
1571216808, 0, 0, 1, 1, 1, 3.59%, 0, 0, 1, 400.00
1571216813, 0, 0, 14, 14, 1, 3.80%, 0, 0, 2, 26.31
1571216818, 0, 0, 60, 60, 1, 4.03%, 0, 0, 2, 379.53
1571216823, 0, 0, 101, 101, 1, 4.30%, 9, 1, 2, 435.77
1571216828, 0, 0, 109, 109, 1, 4.37%, 31, 2, 2, 300.00
1571216833, 0, 0, 165, 165, 1, 4.61%, 31, 2, 2, 424.71
1571216838, 0, 0, 189, 189, 1, 4.69%, 31, 2, 2, 386.67
1571216854, 0, 0, 195, 195, 1, 4.71%, 31, 2, 2, 373.88
1571216859, 0, 0, 236, 236, 1, 4.77%, 31, 2, 2, 266.46
1571216864, 0, 0, 273, 273, 1, 4.81%, 31, 2, 2, 351.11
1571216869, 0, 0, 274, 274, 1, 4.82%, 31, 2, 2, 379.58
1571216874, 0, 0, 288, 288, 1, 4.85%, 31, 2, 2, 378.45
1571219108, 0, 0, 306, 306, 1, 4.90%, 32, 2, 2, 395.89
1571219113, 0, 0, 317, 317, 1, 4.91%, 35, 2, 2, 384.62
1571219118, 0, 0, 322, 322, 1, 4.93%, 40, 4, 2, 432.24
1571219123, 0, 0, 341, 341, 1, 4.95%, 40, 4, 2, 387.11
1571219128, 0, 0, 342, 342, 1, 4.95%, 40, 4, 2, 377.98
1571219144, 0, 0, 345, 345, 1, 4.96%, 40, 4, 2, 384.75
1571219149, 0, 0, 359, 359, 1, 4.96%, 40, 4, 2, 379.22
1571219159, 0, 0, 362, 362, 1, 4.97%, 40, 4, 2, 375.20
1571221391, 0, 0, 364, 364, 1, 4.98%, 40, 4, 2, 386.81
1571221396, 0, 0, 367, 367, 1, 4.98%, 41, 4, 2, 373.47
1571221401, 0, 0, 370, 370, 1, 4.99%, 43, 4, 2, 418.54
1571221406, 0, 0, 382, 382, 1, 5.00%, 43, 4, 2, 382.75
1571221427, 0, 0, 384, 384, 1, 5.03%, 43, 4, 2, 385.05
1571221432, 0, 0, 390, 390, 1, 5.03%, 43, 4, 2, 379.04
1571221442, 0, 0, 391, 391, 1, 5.03%, 43, 4, 2, 378.13
1571223675, 0, 0, 394, 394, 1, 5.05%, 43, 4, 2, 377.64
1571223680, 0, 0, 395, 395, 1, 5.06%, 43, 4, 2, 381.20
1571223962, 0, 0, 403, 403, 1, 5.07%, 49, 4, 2, 370.11
1571223967, 0, 0, 409, 409, 1, 5.08%, 50, 6, 2, 376.45
1571223972, 0, 0, 417, 417, 1, 5.09%, 50, 6, 2, 49.38
1571223977, 0, 0, 419, 419, 1, 5.10%, 50, 6, 2, 332.14
1571223983, 0, 0, 423, 423, 1, 5.11%, 50, 6, 2, 395.90
1571223993, 0, 0, 429, 429, 1, 5.13%, 50, 6, 2, 395.35
1571223998, 0, 0, 430, 430, 1, 5.13%, 50, 6, 2, 388.89
1571224003, 0, 0, 431, 431, 1, 5.14%, 50, 6, 2, 53.42
1571224008, 0, 0, 433, 433, 1, 5.14%, 50, 6, 2, 403.51
1571224013, 0, 0, 434, 434, 1, 5.14%, 57, 6, 2, 415.09
1571224018, 0, 0, 435, 435, 1, 5.14%, 64, 6, 2, 504.54
1571224023, 0, 0, 435, 435, 1, 5.14%, 65, 6, 2, 51.92
1571224028, 0, 0, 441, 441, 1, 5.40%, 67, 6, 2, 409.41
1571224033, 0, 0, 443, 443, 1, 5.42%, 67, 6, 2, 374.72
1571224039, 0, 0, 444, 444, 1, 5.42%, 67, 6, 2, 342.32
1571224044, 0, 0, 451, 451, 1, 5.42%, 67, 6, 2, 396.67
1571224177, 0, 0, 456, 456, 1, 5.42%, 67, 6, 2, 359.91
1571224182, 0, 0, 457, 457, 1, 5.42%, 67, 6, 2, 344.85
1571224203, 0, 0, 462, 462, 1, 5.43%, 67, 6, 2, 396.79
1571224208, 0, 0, 464, 464, 1, 5.44%, 67, 6, 2, 380.95
1571224224, 0, 0, 465, 465, 1, 5.44%, 67, 6, 2, 347.64
1571224229, 0, 0, 468, 468, 1, 5.44%, 67, 6, 2, 378.71
1571224280, 0, 0, 470, 470, 1, 5.44%, 67, 6, 2, 411.94
1571224290, 0, 0, 471, 471, 1, 5.44%, 67, 8, 2, 30.67
1571224295, 0, 0, 472, 472, 1, 5.44%, 74, 8, 2, 44.39
1571224300, 0, 0, 472, 472, 1, 5.44%, 75, 8, 2, 47.89
1571224305, 0, 0, 473, 473, 1, 5.44%, 75, 8, 2, 326.02
1571224311, 0, 0, 477, 477, 1, 5.44%, 75, 8, 2, 370.59
1571224326, 0, 0, 478, 478, 1, 5.44%, 75, 8, 2, 382.40
1571224408, 0, 0, 481, 481, 1, 5.44%, 75, 8, 2, 72.40
1571224413, 0, 0, 482, 482, 1, 5.45%, 75, 8, 2, 385.02
1571224418, 0, 0, 483, 483, 1, 5.45%, 75, 8, 2, 385.19
1571224428, 0, 0, 484, 484, 1, 5.45%, 75, 8, 2, 379.27
1571224469, 0, 0, 485, 485, 1, 5.46%, 75, 8, 2, 399.33
1571224520, 0, 0, 486, 486, 1, 5.46%, 75, 8, 2, 388.70
1571224525, 0, 0, 488, 488, 1, 5.46%, 75, 8, 2, 419.58
1571224530, 0, 0, 489, 489, 1, 5.47%, 75, 8, 2, 391.34
1571224535, 0, 0, 491, 491, 1, 5.47%, 75, 8, 2, 384.16
1571224551, 0, 0, 494, 494, 1, 5.48%, 75, 8, 2, 369.40
1571224556, 0, 0, 496, 496, 1, 5.48%, 76, 9, 2, 363.83
1571224566, 0, 0, 500, 500, 1, 5.48%, 76, 9, 2, 378.19
1571224571, 0, 0, 501, 501, 1, 5.49%, 76, 9, 2, 59.56
1571224576, 0, 0, 504, 504, 1, 5.50%, 76, 9, 2, 395.76
1571224586, 0, 0, 506, 506, 1, 5.50%, 77, 9, 2, 399.71
1571224591, 0, 0, 506, 506, 1, 5.50%, 80, 9, 2, 71.17
1571224597, 0, 0, 508, 508, 1, 5.65%, 81, 9, 2, 382.19
1571224602, 0, 0, 516, 516, 1, 5.65%, 81, 9, 2, 384.59
1571224643, 0, 0, 517, 517, 1, 5.65%, 81, 9, 2, 394.73
1571224648, 0, 0, 521, 521, 1, 5.65%, 81, 9, 2, 397.59
1571224653, 0, 0, 523, 523, 1, 5.65%, 81, 9, 2, 390.14
1571224658, 0, 0, 524, 524, 1, 5.65%, 81, 9, 2, 384.90
1571224684, 0, 0, 530, 530, 1, 6.81%, 81, 9, 2, 59.32
1571224689, 0, 0, 537, 537, 1, 6.81%, 81, 9, 2, 386.27
1571224694, 0, 0, 537, 537, 1, 6.81%, 83, 9, 2, 398.99
1571224699, 0, 0, 538, 538, 1, 6.81%, 83, 9, 2, 404.14
1571224704, 0, 0, 539, 539, 1, 6.81%, 83, 9, 2, 396.52
1571224709, 0, 0, 540, 540, 1, 6.81%, 84, 9, 2, 271.32
1571224714, 0, 0, 547, 547, 1, 6.83%, 84, 9, 2, 394.69
1571224719, 0, 0, 547, 547, 1, 6.83%, 88, 9, 2, 382.05
1571224725, 0, 0, 550, 550, 1, 6.84%, 88, 9, 2, 418.04
1571224730, 0, 0, 552, 552, 1, 6.84%, 88, 9, 2, 369.52
1571224735, 0, 0, 560, 560, 1, 6.84%, 88, 9, 2, 375.64
1571224740, 0, 0, 564, 564, 1, 6.84%, 88, 9, 2, 381.81
1571224827, 0, 0, 566, 566, 1, 6.84%, 88, 9, 2, 383.20
1571224832, 0, 0, 570, 570, 1, 6.84%, 88, 9, 2, 389.40
1571224837, 0, 0, 573, 573, 1, 6.84%, 88, 9, 2, 383.74
1571224898, 0, 0, 574, 574, 1, 6.85%, 88, 9, 2, 54.10
1571224903, 0, 0, 594, 594, 1, 6.89%, 90, 9, 2, 410.75
1571224908, 0, 0, 599, 599, 1, 6.89%, 91, 9, 2, 407.99
1571224913, 0, 0, 607, 607, 1, 6.91%, 92, 10, 2, 394.40
1571224919, 0, 0, 609, 609, 1, 6.97%, 94, 10, 2, 383.55
1571224924, 0, 0, 611, 611, 1, 6.97%, 99, 10, 2, 49.33
1571224929, 0, 0, 612, 612, 1, 6.97%, 101, 10, 2, 62.63
1571224934, 0, 0, 615, 615, 1, 7.00%, 105, 10, 2, 377.95
1571224939, 0, 0, 620, 620, 1, 7.02%, 107, 10, 2, 396.35
1571225001, 0, 0, 620, 620, 1, 7.02%, 108, 10, 2, 11.67
1571225006, 0, 0, 622, 622, 1, 7.02%, 108, 11, 2, 403.16
1571225016, 0, 0, 624, 624, 1, 7.02%, 108, 11, 2, 5.77
1571225026, 0, 0, 628, 628, 1, 7.02%, 108, 11, 2, 396.74
1571225032, 0, 0, 632, 632, 1, 7.04%, 108, 11, 2, 382.56
1571225062, 0, 0, 666, 666, 1, 7.05%, 112, 11, 2, 383.42
1571225067, 0, 0, 679, 679, 1, 7.05%, 118, 11, 2, 368.93
1571225072, 0, 0, 680, 680, 1, 7.05%, 119, 12, 2, 331.85
1571225077, 0, 0, 690, 690, 1, 7.06%, 124, 12, 2, 368.57
1571225083, 0, 0, 692, 692, 1, 7.06%, 125, 12, 2, 372.51
1571225088, 0, 0, 697, 697, 1, 7.06%, 125, 12, 2, 365.52
1571225093, 0, 0, 698, 698, 1, 7.06%, 126, 13, 2, 361.36
1571225098, 0, 0, 703, 703, 1, 7.07%, 127, 13, 2, 372.08
1571225103, 0, 0, 706, 706, 1, 7.07%, 129, 14, 2, 362.67
1571225108, 0, 0, 706, 706, 1, 7.07%, 130, 14, 2, 381.41
1571225113, 0, 0, 708, 708, 1, 7.07%, 131, 14, 2, 392.79
1571225118, 0, 0, 712, 712, 1, 7.07%, 131, 14, 2, 384.71
1571225123, 0, 0, 713, 713, 1, 7.07%, 131, 14, 2, 386.04
1571225128, 0, 0, 714, 714, 1, 7.07%, 131, 14, 2, 376.91
1571225134, 0, 0, 718, 718, 1, 7.07%, 131, 14, 2, 383.34
1571225139, 0, 0, 720, 720, 1, 7.07%, 131, 14, 2, 377.69
1571225144, 0, 0, 722, 722, 1, 7.08%, 131, 14, 2, 380.12
1571225149, 0, 0, 725, 725, 1, 7.08%, 132, 14, 2, 394.20
1571225154, 0, 4, 726, 725, 231, 7.08%, 132, 14, 3, 610.00
1571225164, 0, 4, 727, 726, 231, 7.08%, 132, 14, 3, 596.94
1571225180, 0, 4, 729, 728, 231, 7.09%, 132, 14, 3, 606.37
1571225649, 0, 4, 732, 731, 231, 7.09%, 132, 14, 3, 575.67
1571226138, 0, 4, 733, 732, 231, 7.10%, 132, 14, 3, 604.42
1571226153, 0, 4, 734, 733, 231, 7.10%, 132, 14, 3, 605.85
1571226684, 0, 4, 737, 736, 231, 7.11%, 132, 14, 3, 571.22
1571226689, 0, 4, 738, 737, 231, 7.11%, 132, 14, 3, 614.40
1571226694, 0, 4, 741, 740, 231, 7.11%, 132, 14, 3, 607.10
1571226699, 0, 4, 745, 744, 231, 7.12%, 132, 14, 3, 605.48
1571226792, 0, 4, 746, 745, 231, 7.12%, 132, 14, 3, 606.98
1571226797, 0, 4, 747, 746, 231, 7.12%, 132, 14, 3, 609.24
1571227009, 0, 4, 748, 747, 231, 7.12%, 132, 14, 3, 48.94
1571227014, 0, 7, 750, 748, 243, 7.13%, 132, 14, 3, 590.96
1571229920, 0, 7, 751, 749, 243, 7.13%, 132, 14, 3, 550.90
1571230053, 0, 7, 753, 751, 243, 7.14%, 132, 14, 3, 594.24
1571230207, 0, 7, 754, 752, 243, 7.15%, 132, 14, 3, 551.02
1571230253, 0, 7, 761, 759, 243, 7.20%, 132, 14, 3, 257.51
1571230340, 0, 7, 762, 760, 243, 7.20%, 132, 14, 3, 593.71
1571230406, 0, 9, 763, 760, 252, 7.20%, 132, 14, 3, 584.58
1571230411, 0, 13, 763, 757, 249, 7.20%, 132, 14, 3, 595.40
1571230421, 0, 13, 765, 759, 249, 7.21%, 134, 14, 3, 476.71
1571230427, 0, 13, 765, 759, 249, 7.21%, 135, 14, 3, 482.02
1571231004, 0, 13, 766, 760, 249, 7.21%, 135, 14, 3, 471.11
1571231582, 0, 13, 767, 761, 249, 7.21%, 135, 14, 3, 493.98
1571232247, 0, 13, 768, 762, 249, 7.21%, 135, 14, 3, 508.78
1571232381, 0, 13, 769, 763, 249, 7.21%, 135, 14, 3, 336.98
1571232443, 0, 13, 770, 764, 249, 7.21%, 135, 14, 3, 430.56
1571232685, 0, 13, 771, 765, 249, 7.21%, 135, 14, 3, 472.01
1571232700, 0, 13, 772, 766, 249, 7.21%, 135, 14, 3, 61.59
1571232828, 0, 13, 773, 767, 249, 7.21%, 135, 14, 3, 514.52
1571232833, 0, 13, 774, 768, 249, 7.21%, 135, 14, 3, 508.22
1571232838, 0, 13, 775, 769, 249, 7.21%, 135, 14, 3, 395.95
1571232849, 0, 13, 775, 769, 249, 7.21%, 136, 14, 3, 450.76
1571232854, 0, 13, 776, 770, 249, 7.21%, 136, 14, 3, 479.66
1571232920, 0, 13, 776, 770, 249, 7.21%, 137, 14, 3, 479.41
1571232926, 0, 16, 776, 769, 250, 7.21%, 138, 14, 3, 419.61
1571232936, 0, 16, 776, 769, 250, 7.21%, 139, 14, 3, 385.71
1571235201, 0, 16, 776, 769, 250, 7.21%, 140, 14, 3, 62.22
1571240786, 0, 16, 777, 770, 250, 7.21%, 140, 14, 3, 50.34
1571240791, 0, 16, 777, 770, 250, 7.21%, 141, 14, 3, 417.16
1571241168, 0, 18, 777, 769, 249, 7.21%, 144, 14, 3, 381.92
1571241173, 0, 20, 777, 768, 248, 7.21%, 144, 14, 3, 434.50
1571241183, 0, 20, 777, 768, 248, 7.21%, 145, 15, 3, 345.60
1571241188, 0, 20, 778, 769, 248, 7.21%, 145, 15, 3, 467.75
1571243066, 0, 20, 779, 770, 248, 7.21%, 145, 15, 3, 490.31
1571243502, 0, 20, 780, 771, 248, 7.21%, 145, 15, 3, 486.84
1571243626, 0, 20, 781, 772, 248, 7.21%, 145, 15, 3, 507.86
1571243723, 0, 20, 783, 774, 248, 7.21%, 145, 15, 3, 490.65
1571243728, 0, 20, 791, 782, 248, 7.21%, 148, 15, 3, 459.46
1571243733, 0, 20, 796, 787, 248, 7.21%, 148, 15, 3, 437.87
1571243738, 0, 20, 798, 789, 248, 7.21%, 150, 15, 3, 450.55
1571243743, 0, 20, 800, 791, 248, 7.21%, 153, 15, 3, 442.12
1571243748, 0, 20, 802, 793, 248, 7.21%, 154, 16, 3, 458.25
1571243753, 0, 20, 804, 795, 248, 7.21%, 157, 18, 3, 460.67
1571243758, 0, 20, 808, 799, 248, 7.21%, 159, 19, 3, 426.45
1571243764, 0, 20, 812, 803, 248, 7.21%, 160, 19, 3, 440.49
1571243769, 0, 20, 813, 804, 248, 7.21%, 161, 19, 3, 451.39
1571243774, 0, 20, 813, 804, 248, 7.21%, 163, 20, 3, 423.65
1571243779, 0, 20, 815, 806, 248, 7.21%, 163, 20, 3, 448.94
1571243784, 0, 20, 815, 806, 248, 7.21%, 163, 21, 3, 419.66
1571243789, 0, 20, 816, 807, 248, 7.21%, 163, 21, 3, 438.89
1571243794, 0, 20, 816, 807, 248, 7.21%, 164, 21, 3, 427.64
1571243799, 0, 20, 816, 807, 248, 7.21%, 164, 22, 3, 470.34
1571243804, 0, 25, 816, 806, 243, 7.21%, 165, 22, 3, 505.05
1571243809, 0, 32, 816, 804, 241, 7.21%, 165, 22, 3, 422.72
1571243814, 0, 34, 816, 803, 240, 7.21%, 165, 22, 3, 396.91
1571243819, 0, 41, 816, 802, 239, 7.21%, 165, 22, 3, 391.51
1571243824, 0, 57, 816, 801, 239, 7.21%, 165, 22, 3, 390.15
1571243830, 0, 75, 816, 799, 237, 7.21%, 165, 22, 3, 466.80
1571243835, 0, 96, 816, 798, 237, 7.21%, 165, 22, 3, 411.53
1571243840, 0, 113, 816, 795, 234, 7.21%, 165, 22, 3, 488.06
1571243845, 0, 114, 816, 794, 233, 7.21%, 165, 22, 3, 449.64
1571243850, 0, 118, 816, 793, 232, 7.21%, 165, 22, 3, 412.62
1571243855, 0, 120, 816, 792, 231, 7.21%, 165, 22, 3, 393.69
1571243860, 0, 121, 816, 791, 230, 7.21%, 165, 22, 3, 384.41
1571243865, 0, 123, 816, 789, 228, 7.21%, 165, 22, 3, 387.58
1571243871, 0, 127, 816, 788, 227, 7.21%, 165, 22, 3, 389.84
1571243876, 0, 128, 816, 787, 227, 7.21%, 165, 22, 3, 322.73
1571243881, 0, 130, 816, 786, 227, 7.21%, 165, 22, 3, 300.28
1571243886, 0, 133, 816, 785, 226, 7.21%, 165, 22, 3, 371.82
1571243891, 0, 139, 816, 784, 225, 7.21%, 165, 22, 3, 449.66
1571243896, 0, 165, 816, 782, 223, 7.21%, 165, 22, 3, 409.38
1571243901, 0, 189, 816, 780, 221, 7.21%, 165, 22, 3, 453.94
1571243906, 0, 192, 816, 779, 220, 7.21%, 165, 22, 3, 441.32
1571243911, 0, 196, 816, 777, 218, 7.21%, 165, 22, 3, 487.61
1571243916, 0, 201, 816, 776, 217, 7.21%, 165, 22, 3, 481.00
1571245755, 0, 201, 817, 777, 217, 7.21%, 165, 22, 3, 474.28
1571245832, 0, 201, 818, 778, 217, 7.21%, 165, 22, 3, 461.16
1571245868, 0, 201, 818, 778, 217, 7.21%, 166, 22, 3, 467.01
1571245889, 0, 201, 819, 779, 217, 7.21%, 166, 22, 3, 403.10
1571245894, 0, 201, 821, 781, 217, 7.21%, 166, 22, 3, 409.29
1571245991, 0, 201, 822, 782, 217, 7.21%, 166, 22, 3, 190.10
1571246047, 0, 201, 823, 783, 217, 7.21%, 166, 22, 3, 390.06
1571246313, 0, 201, 823, 783, 217, 7.21%, 167, 22, 3, 464.62
1571246421, 0, 201, 824, 784, 217, 7.22%, 168, 22, 3, 492.92
1571246426, 0, 201, 825, 785, 217, 7.22%, 168, 22, 3, 488.95
1571246436, 0, 201, 827, 787, 217, 7.22%, 168, 22, 3, 445.12
1571246497, 0, 201, 828, 788, 217, 7.22%, 168, 22, 3, 82.19
1571246518, 0, 202, 828, 787, 215, 7.22%, 168, 22, 3, 466.87
1571246523, 0, 203, 828, 786, 215, 7.22%, 168, 22, 3, 416.87
1571246528, 0, 223, 828, 783, 212, 7.22%, 168, 22, 3, 490.27
1571246533, 0, 252, 828, 782, 211, 7.22%, 168, 22, 3, 460.96
1571246538, 0, 263, 828, 780, 209, 7.22%, 168, 22, 3, 451.87
1571253735, 0, 263, 829, 781, 209, 7.22%, 168, 22, 3, 412.94
1571254464, 0, 263, 829, 781, 209, 7.22%, 169, 22, 3, 359.09
1571254683, 0, 263, 829, 781, 209, 7.22%, 170, 22, 3, 392.52
1571254703, 0, 263, 829, 781, 209, 7.22%, 171, 22, 3, 464.17
1571254846, 0, 264, 829, 780, 207, 7.22%, 171, 22, 3, 387.31
1571254856, 0, 264, 831, 782, 207, 7.22%, 171, 22, 3, 408.05
1571254861, 0, 264, 834, 785, 207, 7.22%, 171, 22, 3, 223.08
1571257060, 0, 264, 835, 786, 207, 7.22%, 171, 22, 3, 420.00
1571261784, 0, 264, 837, 788, 207, 7.22%, 171, 22, 3, 389.82
1571262300, 0, 264, 838, 789, 207, 7.22%, 171, 22, 3, 395.83
1571262326, 0, 264, 839, 790, 207, 7.22%, 171, 22, 3, 379.41
1571262331, 0, 264, 840, 791, 207, 7.22%, 171, 22, 3, 391.23
1571262437, 0, 264, 841, 792, 207, 7.22%, 171, 22, 3, 409.85
1571262624, 0, 264, 841, 792, 207, 7.22%, 172, 22, 3, 426.57
1571262640, 0, 264, 842, 793, 207, 7.22%, 172, 22, 3, 412.89
1571262746, 0, 264, 843, 794, 207, 7.22%, 172, 22, 3, 393.01
1571262782, 0, 264, 844, 795, 207, 7.22%, 172, 22, 3, 393.04
1571262787, 0, 271, 844, 794, 212, 7.22%, 172, 22, 3, 396.11
1571262792, 0, 273, 844, 793, 211, 7.22%, 172, 22, 3, 389.23
1571262797, 0, 282, 844, 790, 208, 7.22%, 172, 22, 3, 482.05
1571262802, 0, 284, 844, 789, 207, 7.22%, 172, 22, 3, 428.07
1571262812, 0, 284, 845, 790, 207, 7.22%, 172, 22, 3, 378.78
1571262843, 0, 284, 848, 793, 207, 7.22%, 172, 22, 3, 373.80
1571265160, 0, 284, 850, 795, 207, 7.22%, 172, 22, 3, 379.48
1571270645, 0, 284, 851, 796, 207, 7.22%, 172, 22, 3, 396.31
1571270737, 0, 284, 851, 796, 207, 7.22%, 173, 22, 3, 412.89
1571270945, 0, 284, 851, 796, 207, 7.22%, 174, 22, 3, 392.25
1571270955, 0, 284, 852, 797, 207, 7.22%, 174, 22, 3, 396.08
1571270966, 0, 284, 852, 797, 207, 7.22%, 175, 22, 3, 49.37
1571270976, 0, 284, 853, 798, 207, 7.22%, 175, 22, 3, 374.75
1571271067, 0, 284, 855, 800, 207, 7.22%, 175, 22, 3, 392.23
1571271103, 0, 285, 855, 799, 206, 7.22%, 175, 22, 3, 381.43
1571271108, 0, 293, 855, 796, 203, 7.22%, 175, 22, 3, 548.55
1571271113, 0, 295, 855, 795, 202, 7.22%, 175, 22, 3, 448.26
1571271118, 0, 301, 855, 793, 200, 7.22%, 175, 22, 3, 443.47
1571271123, 0, 304, 855, 792, 199, 7.22%, 175, 22, 3, 402.39
1571271128, 0, 308, 855, 791, 198, 7.22%, 175, 22, 3, 391.22
1571271133, 0, 311, 855, 790, 197, 7.22%, 175, 22, 3, 49.30
1571271144, 0, 311, 860, 795, 197, 7.22%, 175, 22, 3, 388.06
1571271149, 0, 311, 868, 803, 197, 7.23%, 175, 22, 3, 345.10
1571273450, 0, 311, 868, 803, 197, 7.23%, 176, 22, 3, 350.91
1571273455, 0, 311, 870, 805, 197, 7.23%, 176, 22, 3, 349.79
1571273460, 0, 311, 871, 806, 197, 7.23%, 176, 22, 3, 360.39
1571275766, 0, 311, 872, 807, 197, 7.23%, 176, 22, 3, 369.39
1571275771, 0, 311, 874, 809, 197, 7.23%, 176, 22, 3, 365.65
1571278408, 0, 311, 879, 814, 197, 7.23%, 176, 22, 3, 78.69
1571278413, 0, 311, 882, 817, 197, 7.23%, 176, 22, 3, 405.17
1571278693, 0, 311, 884, 819, 197, 7.23%, 176, 22, 3, 374.17
1571278847, 0, 311, 885, 820, 197, 7.23%, 176, 22, 3, 437.53
1571278939, 0, 311, 886, 821, 197, 7.23%, 176, 22, 3, 368.22
1571279117, 0, 311, 887, 822, 197, 7.23%, 177, 22, 3, 365.37
1571279290, 0, 311, 888, 823, 197, 7.23%, 177, 22, 3, 409.69
1571279305, 0, 311, 889, 824, 197, 7.23%, 178, 22, 3, 388.49
1571279310, 0, 311, 891, 826, 197, 7.23%, 178, 22, 3, 49.17
1571279315, 0, 311, 892, 827, 197, 7.23%, 178, 22, 3, 354.87
1571279321, 0, 311, 894, 829, 197, 7.23%, 179, 22, 3, 373.46
1571279458, 0, 315, 894, 828, 202, 7.23%, 179, 22, 3, 383.27
1571279468, 0, 315, 894, 828, 202, 7.23%, 180, 22, 3, 371.42
1571279504, 0, 315, 895, 829, 202, 7.23%, 180, 22, 3, 375.73
1571286709, 0, 315, 896, 830, 202, 7.23%, 180, 22, 3, 388.94
1571287459, 0, 315, 897, 831, 202, 7.23%, 180, 22, 3, 373.58
1571287626, 0, 315, 897, 831, 202, 7.23%, 181, 22, 3, 391.17
1571287804, 0, 315, 899, 833, 202, 7.23%, 181, 22, 3, 380.71
1571287809, 0, 315, 900, 834, 202, 7.23%, 181, 22, 3, 381.23
1571287815, 0, 315, 901, 835, 202, 7.23%, 181, 22, 3, 379.64
1571287835, 0, 315, 902, 836, 202, 7.23%, 181, 22, 3, 375.32
1571287840, 0, 315, 902, 836, 202, 7.23%, 181, 23, 3, 372.42
1571287871, 0, 315, 903, 837, 202, 7.23%, 182, 23, 3, 369.18
1571287876, 0, 315, 903, 837, 202, 7.23%, 183, 23, 3, 373.79
1571287881, 0, 315, 904, 838, 202, 7.23%, 183, 23, 3, 367.78
1571287891, 0, 323, 904, 836, 201, 7.23%, 183, 23, 3, 383.55
1571287896, 0, 329, 904, 835, 200, 7.23%, 183, 23, 3, 408.11
1571287901, 0, 362, 904, 833, 198, 7.23%, 183, 23, 3, 510.34
1571287907, 0, 363, 904, 832, 197, 7.23%, 183, 23, 3, 405.46
1571287917, 0, 363, 904, 832, 197, 7.23%, 184, 23, 3, 285.78
1571292528, 0, 363, 905, 833, 197, 7.23%, 184, 23, 3, 395.81
1571295134, 0, 363, 909, 837, 197, 7.24%, 184, 23, 3, 361.17
1571295843, 0, 363, 910, 838, 197, 7.24%, 184, 23, 3, 418.45
1571296225, 0, 363, 911, 839, 197, 7.24%, 184, 23, 3, 377.35
1571296230, 0, 370, 911, 837, 197, 7.24%, 184, 23, 3, 435.56
1571296245, 0, 370, 911, 837, 197, 7.24%, 185, 24, 3, 335.24
1571296250, 0, 370, 911, 837, 197, 7.24%, 186, 24, 3, 374.93
