# unix_time, cycles_done, cur_path, paths_total, pending_total, pending_favs, map_size, unique_crashes, unique_hangs, max_depth, execs_per_sec
1571216785, 0, 0, 1, 1, 1, 3.59%, 0, 0, 1, 400.00
1571216790, 0, 0, 14, 14, 1, 3.80%, 0, 0, 2, 42.79
1571216795, 0, 0, 72, 72, 1, 4.06%, 0, 0, 2, 435.19
1571216800, 0, 0, 101, 101, 1, 4.30%, 12, 1, 2, 444.78
1571216806, 0, 0, 124, 124, 1, 4.42%, 31, 2, 2, 250.18
1571216811, 0, 0, 183, 183, 1, 4.69%, 31, 2, 2, 392.68
1571216816, 0, 0, 189, 189, 1, 4.69%, 31, 2, 2, 406.09
1571216831, 0, 0, 204, 204, 1, 4.73%, 31, 2, 2, 423.03
1571216836, 0, 0, 242, 242, 1, 4.77%, 31, 2, 2, 405.44
1571216841, 0, 0, 274, 274, 1, 4.82%, 31, 2, 2, 348.78
1571216852, 0, 0, 288, 288, 1, 4.85%, 31, 2, 2, 384.46
1571219077, 0, 0, 305, 305, 1, 4.89%, 32, 2, 2, 395.05
1571219082, 0, 0, 315, 315, 1, 4.91%, 32, 3, 2, 397.36
1571219088, 0, 0, 318, 318, 1, 4.92%, 39, 5, 2, 19.87
1571219093, 0, 0, 338, 338, 1, 4.95%, 40, 5, 2, 348.82
1571219098, 0, 0, 342, 342, 1, 4.95%, 40, 5, 2, 378.51
1571219114, 0, 0, 345, 345, 1, 4.96%, 40, 5, 2, 377.78
1571219119, 0, 0, 359, 359, 1, 4.96%, 40, 5, 2, 372.78
1571219129, 0, 0, 362, 362, 1, 4.97%, 40, 5, 2, 376.29
