# unix_time, cycles_done, cur_path, paths_total, pending_total, pending_favs, map_size, unique_crashes, unique_hangs, max_depth, execs_per_sec
1571216772, 0, 0, 1, 1, 1, 3.59%, 0, 0, 1, 444.44
1571216777, 0, 0, 14, 14, 1, 3.80%, 0, 0, 2, 28.65
1571216783, 0, 0, 71, 71, 1, 4.06%, 0, 0, 2, 453.79
1571216788, 0, 0, 102, 102, 1, 4.30%, 13, 1, 2, 427.79
1571216793, 0, 0, 128, 128, 1, 4.43%, 31, 2, 2, 259.09
1571216798, 0, 0, 187, 187, 1, 4.69%, 31, 2, 2, 366.84
1571216803, 0, 0, 189, 189, 1, 4.69%, 31, 2, 2, 419.29
1571216814, 0, 0, 192, 192, 1, 4.70%, 31, 2, 2, 415.34
1571216819, 0, 0, 226, 226, 1, 4.77%, 31, 2, 2, 468.90
1571216824, 0, 0, 273, 273, 1, 4.81%, 31, 2, 2, 382.48
1571216829, 0, 0, 274, 274, 1, 4.82%, 31, 2, 2, 392.91
1571216834, 0, 0, 287, 287, 1, 4.85%, 31, 2, 2, 315.45
1571216839, 0, 0, 288, 288, 1, 4.85%, 31, 2, 2, 374.31
1571219047, 0, 0, 300, 300, 1, 4.88%, 32, 2, 2, 397.22
1571219052, 0, 0, 315, 315, 1, 4.91%, 34, 2, 2, 309.56
1571219057, 0, 0, 318, 318, 1, 4.92%, 38, 3, 2, 131.42
1571219062, 0, 0, 330, 330, 1, 4.95%, 40, 4, 2, 402.30
1571219067, 0, 0, 342, 342, 1, 4.95%, 40, 4, 2, 390.71
1571219082, 0, 0, 345, 345, 1, 4.96%, 40, 4, 2, 384.87
1571219087, 0, 0, 352, 352, 1, 4.96%, 40, 4, 2, 387.00
1571219093, 0, 0, 359, 359, 1, 4.96%, 40, 4, 2, 388.02
1571219098, 0, 0, 362, 362, 1, 4.97%, 40, 4, 2, 380.95
1571221311, 0, 0, 363, 363, 1, 4.98%, 40, 4, 2, 61.30
1571221316, 0, 0, 366, 366, 1, 4.98%, 40, 4, 2, 379.47
1571221322, 0, 0, 369, 369, 1, 4.99%, 43, 4, 2, 364.31
1571221327, 0, 0, 382, 382, 1, 5.00%, 43, 4, 2, 375.86
