# unix_time, cycles_done, cur_path, paths_total, pending_total, pending_favs, map_size, unique_crashes, unique_hangs, max_depth, execs_per_sec
1571312311, 0, 0, 1, 1, 1, 3.59%, 0, 0, 1, 444.44
1571312316, 0, 0, 20, 20, 1, 3.82%, 0, 0, 2, 273.34
1571312322, 0, 0, 78, 78, 1, 4.07%, 0, 1, 2, 50.78
1571312328, 0, 0, 107, 107, 1, 4.31%, 24, 2, 2, 76.10
1571312333, 0, 0, 169, 169, 1, 4.64%, 31, 2, 2, 79.50
1571312338, 0, 0, 189, 189, 1, 4.69%, 31, 2, 2, 466.00
1571312353, 0, 0, 235, 235, 1, 4.77%, 31, 2, 2, 515.09
1571312358, 0, 0, 273, 273, 1, 4.81%, 31, 2, 2, 470.31
1571312364, 0, 0, 274, 274, 1, 4.82%, 31, 2, 2, 463.89
1571312369, 0, 0, 288, 288, 1, 4.85%, 31, 2, 2, 455.47
1571314464, 0, 0, 295, 295, 1, 4.86%, 31, 2, 2, 55.94
1571314469, 0, 0, 312, 312, 1, 4.90%, 32, 2, 2, 411.85
1571314474, 0, 0, 318, 318, 1, 4.92%, 38, 3, 2, 383.08
1571314479, 0, 0, 328, 328, 1, 4.94%, 40, 4, 2, 412.15
1571314484, 0, 0, 342, 342, 1, 4.95%, 40, 4, 2, 405.65
1571314499, 0, 0, 345, 345, 1, 4.96%, 40, 4, 2, 401.86
1571314505, 0, 0, 359, 359, 1, 4.96%, 40, 4, 2, 397.84
1571314515, 0, 0, 362, 362, 1, 4.97%, 40, 4, 2, 401.04
1571316573, 0, 0, 364, 364, 1, 4.98%, 40, 4, 2, 279.27
1571316578, 0, 0, 367, 367, 1, 4.98%, 41, 4, 2, 395.85
1571316583, 0, 0, 375, 375, 1, 5.00%, 43, 4, 2, 478.69
1571316589, 0, 0, 382, 382, 1, 5.00%, 43, 4, 2, 459.18
1571316604, 0, 0, 386, 386, 1, 5.03%, 43, 4, 2, 449.46
1571316609, 0, 0, 390, 390, 1, 5.03%, 43, 4, 2, 453.41
1571316619, 0, 0, 391, 391, 1, 5.03%, 43, 4, 2, 456.40
1571318494, 0, 0, 394, 394, 1, 5.05%, 43, 4, 2, 449.53
1571318499, 0, 0, 395, 395, 1, 5.06%, 43, 4, 2, 455.52
1571318736, 0, 0, 405, 405, 1, 5.08%, 49, 4, 2, 450.89
1571318741, 0, 0, 411, 411, 1, 5.09%, 50, 6, 2, 460.54
1571318746, 0, 0, 417, 417, 1, 5.09%, 50, 6, 2, 48.97
1571318752, 0, 0, 422, 422, 1, 5.11%, 50, 6, 2, 476.71
1571318757, 0, 0, 423, 423, 1, 5.11%, 50, 6, 2, 460.34
1571318762, 0, 0, 429, 429, 1, 5.13%, 50, 6, 2, 470.51
1571318767, 0, 0, 430, 430, 1, 5.13%, 50, 6, 2, 459.90
1571318772, 0, 0, 432, 432, 1, 5.14%, 50, 6, 2, 438.97
1571318777, 0, 0, 433, 433, 1, 5.14%, 52, 6, 2, 471.32
1571318782, 0, 0, 435, 435, 1, 5.14%, 59, 6, 2, 477.46
1571318787, 0, 0, 435, 435, 1, 5.14%, 65, 6, 2, 534.70
1571318792, 0, 0, 441, 441, 1, 5.40%, 67, 6, 2, 493.08
1571318797, 0, 0, 443, 443, 1, 5.42%, 67, 6, 2, 441.27
1571318803, 0, 0, 447, 447, 1, 5.42%, 67, 6, 2, 408.26
1571318808, 0, 0, 451, 451, 1, 5.42%, 67, 6, 2, 405.66
1571318921, 0, 0, 456, 456, 1, 5.42%, 67, 6, 2, 467.98
1571318926, 0, 0, 457, 457, 1, 5.42%, 67, 6, 2, 434.99
1571318941, 0, 0, 462, 462, 1, 5.43%, 67, 6, 2, 428.25
1571318947, 0, 0, 464, 464, 1, 5.44%, 67, 6, 2, 457.84
1571318962, 0, 0, 468, 468, 1, 5.44%, 67, 6, 2, 440.18
1571319003, 0, 0, 470, 470, 1, 5.44%, 67, 6, 2, 476.44
1571319014, 0, 0, 472, 472, 1, 5.44%, 71, 8, 2, 353.53
1571319019, 0, 0, 472, 472, 1, 5.44%, 75, 8, 2, 552.94
1571319024, 0, 0, 473, 473, 1, 5.44%, 75, 8, 2, 484.21
1571319029, 0, 0, 477, 477, 1, 5.44%, 75, 8, 2, 453.29
1571319044, 0, 0, 478, 478, 1, 5.44%, 75, 8, 2, 456.43
1571319111, 0, 0, 480, 480, 1, 5.44%, 75, 8, 2, 478.46
1571319116, 0, 0, 483, 483, 1, 5.45%, 75, 8, 2, 465.03
1571319126, 0, 0, 484, 484, 1, 5.45%, 75, 8, 2, 458.15
1571319162, 0, 0, 485, 485, 1, 5.46%, 75, 8, 2, 466.54
1571319209, 0, 0, 486, 486, 1, 5.46%, 75, 8, 2, 483.13
1571319214, 0, 0, 489, 489, 1, 5.47%, 75, 8, 2, 475.78
1571319219, 0, 0, 490, 490, 1, 5.47%, 75, 8, 2, 460.83
1571319224, 0, 0, 491, 491, 1, 5.47%, 75, 8, 2, 467.20
1571319235, 0, 0, 494, 494, 1, 5.48%, 76, 9, 2, 49.11
1571319240, 0, 0, 496, 496, 1, 5.48%, 76, 9, 2, 412.30
1571319245, 0, 0, 500, 500, 1, 5.48%, 76, 9, 2, 444.50
1571319250, 0, 0, 501, 501, 1, 5.49%, 76, 9, 2, 40.30
1571319256, 0, 0, 504, 504, 1, 5.50%, 76, 9, 2, 462.89
1571319266, 0, 0, 506, 506, 1, 5.50%, 77, 9, 2, 464.55
1571319271, 0, 0, 508, 508, 1, 5.65%, 81, 9, 2, 483.52
1571319276, 0, 0, 516, 516, 1, 5.65%, 81, 9, 2, 455.65
1571319312, 0, 0, 517, 517, 1, 5.65%, 81, 9, 2, 461.85
1571319317, 0, 0, 522, 522, 1, 5.65%, 81, 9, 2, 464.20
1571319322, 0, 0, 524, 524, 1, 5.65%, 81, 9, 2, 459.67
1571319343, 0, 0, 530, 530, 1, 6.81%, 81, 9, 2, 65.43
1571319353, 0, 0, 537, 537, 1, 6.81%, 83, 9, 2, 443.21
1571319358, 0, 0, 539, 539, 1, 6.81%, 83, 9, 2, 471.91
1571319368, 0, 0, 547, 547, 1, 6.83%, 84, 9, 2, 487.12
1571319379, 0, 0, 549, 549, 1, 6.84%, 88, 9, 2, 526.16
1571319384, 0, 0, 552, 552, 1, 6.84%, 88, 9, 2, 464.55
1571319389, 0, 0, 561, 561, 1, 6.84%, 88, 9, 2, 439.95
1571319394, 0, 0, 564, 564, 1, 6.84%, 88, 9, 2, 447.85
1571319466, 0, 0, 566, 566, 1, 6.84%, 88, 9, 2, 449.68
1571319471, 0, 0, 570, 570, 1, 6.84%, 88, 9, 2, 462.67
1571319476, 0, 0, 573, 573, 1, 6.84%, 88, 9, 2, 459.44
1571319523, 0, 0, 574, 574, 1, 6.85%, 88, 9, 2, 65.28
1571319528, 0, 0, 592, 592, 1, 6.89%, 90, 9, 2, 398.74
1571319533, 0, 0, 597, 597, 1, 6.89%, 91, 9, 2, 451.31
1571319538, 0, 0, 605, 605, 1, 6.91%, 92, 10, 2, 49.68
1571319543, 0, 0, 608, 608, 1, 6.97%, 98, 10, 2, 435.70
1571319548, 0, 0, 610, 610, 1, 6.97%, 101, 10, 2, 49.52
1571319553, 0, 0, 611, 611, 1, 6.97%, 102, 10, 2, 387.98
1571319558, 0, 0, 618, 618, 1, 7.02%, 107, 10, 2, 449.51
1571319610, 0, 0, 618, 618, 1, 7.02%, 108, 11, 2, 6.79
1571319616, 0, 0, 620, 620, 1, 7.02%, 108, 11, 2, 464.80
1571319621, 0, 0, 622, 622, 1, 7.02%, 108, 11, 2, 45.61
1571319631, 0, 0, 626, 626, 1, 7.02%, 108, 11, 2, 459.52
1571319636, 0, 0, 630, 630, 1, 7.04%, 108, 11, 2, 453.35
1571319658, 0, 0, 656, 656, 1, 7.04%, 113, 12, 2, 17.19
1571319663, 0, 0, 671, 671, 1, 7.05%, 119, 12, 2, 440.10
1571319668, 0, 0, 677, 677, 1, 7.05%, 123, 13, 2, 37.14
1571319673, 0, 0, 687, 687, 1, 7.05%, 124, 13, 2, 454.07
1571319678, 0, 0, 693, 693, 1, 7.06%, 127, 13, 2, 440.06
1571319683, 0, 0, 698, 698, 1, 7.06%, 128, 14, 2, 445.15
1571319689, 0, 0, 703, 703, 1, 7.06%, 132, 14, 2, 442.38
1571319694, 0, 0, 707, 707, 1, 7.06%, 133, 14, 2, 435.32
1571319699, 0, 0, 708, 708, 1, 7.06%, 134, 14, 2, 431.58
1571319704, 0, 0, 710, 710, 1, 7.06%, 134, 14, 2, 431.21
1571319709, 0, 0, 712, 712, 1, 7.07%, 134, 14, 2, 435.54
1571319714, 0, 0, 713, 713, 1, 7.07%, 134, 15, 2, 445.13
1571319719, 0, 0, 714, 714, 1, 7.07%, 134, 16, 2, 466.18
1571319724, 0, 0, 715, 715, 1, 7.07%, 135, 16, 2, 458.80
1571319730, 0, 0, 716, 716, 1, 7.07%, 137, 17, 2, 23.39
1571319735, 0, 0, 717, 717, 1, 7.07%, 137, 17, 2, 452.73
1571319740, 0, 4, 719, 718, 222, 7.07%, 137, 17, 3, 552.84
1571319750, 0, 4, 720, 719, 222, 7.08%, 137, 17, 3, 699.40
1571319760, 0, 4, 722, 721, 222, 7.08%, 137, 17, 3, 703.70
1571320170, 0, 4, 725, 724, 222, 7.08%, 137, 17, 3, 694.88
1571320590, 0, 4, 726, 725, 222, 7.09%, 137, 17, 3, 689.41
1571320600, 0, 4, 727, 726, 222, 7.10%, 137, 17, 3, 701.63
1571321061, 0, 4, 730, 729, 222, 7.10%, 137, 17, 3, 90.81
1571321066, 0, 4, 731, 730, 222, 7.10%, 137, 17, 3, 602.00
1571321071, 0, 4, 735, 734, 222, 7.11%, 137, 17, 3, 679.39
1571321076, 0, 4, 737, 736, 222, 7.11%, 137, 17, 3, 696.67
1571321154, 0, 4, 738, 737, 222, 7.11%, 137, 17, 3, 704.10
1571321159, 0, 4, 739, 738, 222, 7.11%, 137, 17, 3, 704.77
1571321288, 0, 4, 740, 739, 222, 7.11%, 137, 17, 3, 705.87
1571321334, 0, 4, 741, 740, 222, 7.11%, 137, 17, 3, 64.72
1571321339, 0, 7, 741, 739, 234, 7.11%, 137, 17, 3, 710.00
1571321344, 0, 7, 743, 741, 234, 7.12%, 137, 17, 3, 688.80
1571323851, 0, 7, 744, 742, 234, 7.12%, 137, 17, 3, 675.80
1571323958, 0, 7, 746, 744, 234, 7.14%, 137, 17, 3, 692.62
1571324092, 0, 7, 747, 745, 234, 7.14%, 137, 17, 3, 655.12
1571324127, 0, 7, 748, 746, 234, 7.14%, 137, 17, 3, 52.81
1571324132, 0, 7, 754, 752, 234, 7.19%, 137, 17, 3, 586.31
1571324204, 0, 7, 755, 753, 234, 7.19%, 137, 17, 3, 552.61
1571324255, 0, 7, 756, 754, 234, 7.19%, 137, 17, 3, 694.78
1571324260, 0, 7, 765, 763, 234, 7.21%, 137, 17, 3, 668.20
1571324265, 0, 7, 768, 766, 234, 7.21%, 137, 17, 3, 682.87
1571324270, 0, 7, 774, 772, 234, 7.21%, 137, 17, 3, 686.21
1571324275, 0, 7, 777, 775, 234, 7.21%, 137, 17, 3, 683.71
1571324280, 0, 7, 780, 778, 234, 7.21%, 137, 17, 3, 667.51
1571324285, 0, 7, 783, 781, 234, 7.22%, 137, 17, 3, 675.64
1571324291, 0, 7, 784, 782, 234, 7.22%, 137, 17, 3, 684.68
1571324296, 0, 12, 784, 779, 248, 7.22%, 137, 17, 3, 703.75
1571324301, 0, 16, 784, 777, 247, 7.22%, 137, 17, 3, 521.65
1571324311, 0, 16, 784, 777, 247, 7.22%, 138, 17, 3, 454.71
1571326227, 0, 16, 784, 777, 247, 7.22%, 139, 17, 3, 320.18
1571330899, 0, 16, 785, 778, 247, 7.22%, 139, 17, 3, 66.87
1571330909, 0, 16, 785, 778, 247, 7.22%, 140, 17, 3, 469.74
1571331073, 0, 16, 786, 779, 247, 7.22%, 140, 17, 3, 469.02
1571331196, 0, 18, 786, 778, 246, 7.22%, 141, 17, 3, 445.27
1571331201, 0, 20, 786, 777, 245, 7.22%, 141, 17, 3, 513.00
1571331207, 0, 20, 787, 778, 245, 7.22%, 141, 18, 3, 42.64
1571331212, 0, 20, 788, 779, 245, 7.23%, 145, 18, 3, 557.51
1571331217, 0, 20, 789, 780, 245, 7.23%, 145, 18, 3, 573.84
1571332211, 0, 20, 790, 781, 245, 7.23%, 145, 18, 3, 476.47
1571332800, 0, 20, 791, 782, 245, 7.23%, 145, 18, 3, 583.17
1571332821, 0, 20, 792, 783, 245, 7.23%, 145, 18, 3, 586.46
1571332959, 0, 20, 793, 784, 245, 7.23%, 145, 18, 3, 391.31
1571333173, 0, 20, 794, 785, 245, 7.23%, 145, 18, 3, 575.03
1571333184, 0, 20, 795, 786, 245, 7.23%, 145, 18, 3, 60.99
1571333189, 0, 20, 796, 787, 245, 7.23%, 145, 18, 3, 549.22
1571333297, 0, 20, 798, 789, 245, 7.23%, 145, 18, 3, 597.93
1571333302, 0, 20, 799, 790, 245, 7.23%, 145, 18, 3, 594.34
1571333307, 0, 20, 800, 791, 245, 7.23%, 145, 18, 3, 581.04
1571333312, 0, 20, 800, 791, 245, 7.23%, 146, 18, 3, 223.16
1571333322, 0, 20, 801, 792, 245, 7.23%, 146, 18, 3, 527.42
1571333383, 0, 23, 801, 791, 249, 7.23%, 146, 18, 3, 532.79
1571335157, 0, 23, 802, 792, 249, 7.23%, 146, 18, 3, 644.27
1571335162, 0, 23, 806, 796, 249, 7.23%, 146, 18, 3, 627.85
1571335167, 0, 23, 811, 801, 249, 7.23%, 146, 18, 3, 638.75
1571335172, 0, 23, 814, 804, 249, 7.23%, 147, 18, 3, 628.07
1571335178, 0, 23, 817, 807, 249, 7.24%, 147, 18, 3, 637.65
1571335188, 0, 23, 818, 808, 249, 7.24%, 147, 18, 3, 634.93
1571335193, 0, 23, 820, 810, 249, 7.24%, 147, 18, 3, 647.11
1571335198, 0, 23, 827, 817, 249, 7.24%, 147, 18, 3, 634.02
1571335203, 0, 23, 828, 818, 249, 7.24%, 147, 18, 3, 628.14
1571335208, 0, 25, 828, 817, 251, 7.24%, 147, 18, 3, 659.12
1571335213, 0, 34, 828, 815, 249, 7.24%, 147, 18, 3, 520.44
1571335218, 0, 36, 828, 814, 248, 7.24%, 147, 18, 3, 475.45
1571335223, 0, 38, 828, 813, 248, 7.24%, 147, 18, 3, 465.52
1571335228, 0, 74, 828, 811, 246, 7.24%, 147, 18, 3, 497.44
1571335233, 0, 102, 828, 809, 244, 7.24%, 147, 18, 3, 494.79
1571335238, 0, 113, 828, 807, 242, 7.24%, 147, 18, 3, 546.24
1571335243, 0, 117, 828, 805, 240, 7.24%, 147, 18, 3, 525.02
1571335249, 0, 118, 828, 804, 239, 7.24%, 147, 18, 3, 482.28
1571335254, 0, 120, 828, 803, 238, 7.24%, 147, 18, 3, 468.00
1571335259, 0, 122, 828, 801, 236, 7.24%, 147, 18, 3, 465.02
1571335264, 0, 123, 828, 800, 235, 7.24%, 147, 18, 3, 464.21
1571335269, 0, 133, 828, 798, 233, 7.24%, 147, 18, 3, 463.15
1571335274, 0, 138, 828, 797, 232, 7.24%, 147, 18, 3, 514.79
1571335279, 0, 165, 828, 795, 230, 7.24%, 147, 18, 3, 488.08
1571335284, 0, 167, 828, 793, 228, 7.24%, 147, 18, 3, 565.46
1571335289, 0, 192, 828, 791, 226, 7.24%, 147, 18, 3, 527.18
1571335294, 0, 201, 828, 788, 223, 7.24%, 147, 18, 3, 569.80
1571336853, 0, 201, 829, 789, 223, 7.24%, 147, 18, 3, 551.83
1571336919, 0, 201, 830, 790, 223, 7.24%, 147, 18, 3, 525.16
1571336955, 0, 201, 830, 790, 223, 7.24%, 148, 18, 3, 557.05
1571336970, 0, 201, 831, 791, 223, 7.24%, 148, 18, 3, 155.19
1571336975, 0, 201, 833, 793, 223, 7.24%, 148, 18, 3, 404.21
1571337056, 0, 201, 834, 794, 223, 7.24%, 148, 18, 3, 143.49
1571337092, 0, 201, 835, 795, 223, 7.24%, 148, 18, 3, 537.67
1571337102, 0, 201, 836, 796, 223, 7.24%, 148, 18, 3, 519.33
1571337335, 0, 201, 836, 796, 223, 7.24%, 149, 18, 3, 573.25
1571337422, 0, 201, 837, 797, 223, 7.25%, 149, 18, 3, 398.58
1571337427, 0, 201, 838, 798, 223, 7.25%, 150, 18, 3, 531.89
1571337437, 0, 201, 840, 800, 223, 7.25%, 150, 18, 3, 506.61
1571337493, 0, 201, 841, 801, 223, 7.25%, 150, 18, 3, 554.03
1571337508, 0, 203, 841, 800, 221, 7.25%, 153, 18, 3, 489.87
1571337513, 0, 212, 841, 797, 218, 7.25%, 153, 18, 3, 564.08
1571337518, 0, 223, 841, 796, 218, 7.25%, 153, 18, 3, 525.68
1571337524, 0, 237, 841, 795, 217, 7.25%, 153, 18, 3, 49.59
1571337534, 0, 237, 842, 796, 217, 7.25%, 153, 18, 3, 431.83
1571337559, 0, 237, 843, 797, 217, 7.25%, 153, 18, 3, 448.53
1571343547, 0, 237, 844, 798, 217, 7.25%, 153, 18, 3, 435.09
1571343737, 0, 237, 845, 799, 217, 7.25%, 153, 18, 3, 450.09
1571344296, 0, 237, 845, 799, 217, 7.25%, 154, 18, 3, 416.51
1571344316, 0, 237, 845, 799, 217, 7.25%, 155, 18, 3, 400.08
1571344429, 0, 253, 845, 797, 218, 7.25%, 155, 18, 3, 527.58
1571344434, 0, 263, 845, 796, 217, 7.25%, 155, 18, 3, 494.83
1571351051, 0, 263, 845, 796, 217, 7.25%, 156, 18, 3, 480.62
1571351221, 0, 263, 845, 796, 217, 7.25%, 157, 18, 3, 456.63
1571351241, 0, 263, 845, 796, 217, 7.25%, 158, 18, 3, 50.30
1571351354, 0, 264, 845, 795, 216, 7.25%, 159, 18, 3, 462.37
1571351364, 0, 264, 847, 797, 216, 7.25%, 159, 18, 3, 473.28
1571351369, 0, 264, 850, 800, 216, 7.25%, 159, 18, 3, 475.71
1571353202, 0, 264, 851, 801, 216, 7.25%, 159, 18, 3, 503.31
1571357148, 0, 264, 853, 803, 216, 7.25%, 159, 18, 3, 486.06
1571357570, 0, 264, 854, 804, 216, 7.25%, 159, 18, 3, 71.62
1571357591, 0, 264, 855, 805, 216, 7.25%, 159, 18, 3, 483.02
1571357596, 0, 264, 856, 806, 216, 7.25%, 159, 18, 3, 472.54
1571357637, 0, 264, 857, 807, 216, 7.25%, 159, 18, 3, 474.73
1571357683, 0, 264, 858, 808, 216, 7.25%, 159, 18, 3, 507.47
1571357827, 0, 264, 858, 808, 216, 7.25%, 160, 18, 3, 439.22
1571357843, 0, 264, 859, 809, 216, 7.25%, 160, 18, 3, 450.36
1571357935, 0, 264, 860, 810, 216, 7.25%, 160, 18, 3, 472.31
1571357956, 0, 264, 861, 811, 216, 7.25%, 160, 18, 3, 474.35
1571357961, 0, 264, 864, 814, 216, 7.25%, 160, 18, 3, 460.61
1571357966, 0, 264, 864, 814, 216, 7.25%, 162, 18, 3, 465.13
1571357971, 0, 264, 865, 815, 216, 7.25%, 163, 18, 3, 464.35
1571357981, 0, 264, 866, 816, 216, 7.25%, 163, 18, 3, 467.89
1571357986, 0, 264, 866, 816, 216, 7.25%, 164, 18, 3, 468.85
1571357992, 0, 264, 867, 817, 216, 7.26%, 164, 18, 3, 456.24
1571357997, 0, 264, 868, 818, 216, 7.26%, 164, 18, 3, 441.99
1571358002, 0, 264, 869, 819, 216, 7.26%, 164, 18, 3, 452.16
1571358007, 0, 264, 869, 819, 216, 7.26%, 165, 18, 3, 467.83
1571358012, 0, 264, 870, 820, 216, 7.26%, 166, 18, 3, 457.42
1571358017, 0, 264, 870, 820, 216, 7.26%, 167, 18, 3, 457.43
1571358022, 0, 264, 870, 820, 216, 7.26%, 167, 19, 3, 440.00
1571358027, 0, 271, 872, 821, 222, 7.26%, 167, 19, 3, 460.95
1571358032, 0, 275, 872, 819, 220, 7.26%, 167, 19, 3, 539.10
1571358037, 0, 284, 872, 817, 218, 7.26%, 167, 19, 3, 517.76
1571358074, 0, 284, 875, 820, 218, 7.26%, 167, 19, 3, 447.93
1571360003, 0, 284, 877, 822, 218, 7.26%, 167, 19, 3, 452.81
1571364576, 0, 284, 878, 823, 218, 7.26%, 167, 19, 3, 483.79
1571364653, 0, 284, 878, 823, 218, 7.26%, 168, 19, 3, 477.86
1571364817, 0, 284, 878, 823, 218, 7.26%, 169, 19, 3, 486.06
1571364827, 0, 284, 879, 824, 218, 7.26%, 169, 19, 3, 49.02
1571364848, 0, 284, 880, 825, 218, 7.26%, 169, 19, 3, 454.79
1571364930, 0, 284, 882, 827, 218, 7.26%, 169, 19, 3, 457.97
1571364951, 0, 285, 882, 826, 217, 7.26%, 169, 19, 3, 456.50
1571364956, 0, 295, 882, 824, 215, 7.26%, 169, 19, 3, 551.99
1571364961, 0, 301, 882, 822, 213, 7.26%, 169, 19, 3, 569.14
1571364966, 0, 304, 882, 821, 212, 7.26%, 169, 19, 3, 484.13
1571364971, 0, 308, 882, 820, 211, 7.26%, 169, 19, 3, 464.35
1571364976, 0, 311, 882, 819, 210, 7.26%, 169, 19, 3, 51.67
1571364986, 0, 311, 894, 831, 210, 7.27%, 169, 19, 3, 475.80
1571364992, 0, 311, 895, 832, 210, 7.27%, 169, 19, 3, 449.18
1571366908, 0, 311, 895, 832, 210, 7.27%, 170, 19, 3, 465.78
1571366913, 0, 311, 897, 834, 210, 7.27%, 170, 19, 3, 485.22
1571366918, 0, 311, 898, 835, 210, 7.27%, 170, 19, 3, 449.80
1571368841, 0, 311, 899, 836, 210, 7.27%, 170, 19, 3, 476.34
1571368846, 0, 311, 901, 838, 210, 7.27%, 170, 19, 3, 449.15
1571371046, 0, 311, 906, 843, 210, 7.27%, 170, 19, 3, 88.40
1571371051, 0, 311, 909, 846, 210, 7.27%, 170, 19, 3, 468.53
1571371272, 0, 311, 911, 848, 210, 7.27%, 170, 19, 3, 450.44
1571371401, 0, 311, 912, 849, 210, 7.27%, 170, 19, 3, 522.66
1571371477, 0, 311, 913, 850, 210, 7.27%, 170, 19, 3, 433.69
1571371622, 0, 311, 914, 851, 210, 7.27%, 171, 19, 3, 462.64
1571371750, 0, 311, 915, 852, 210, 7.27%, 171, 19, 3, 476.47
1571371765, 0, 311, 916, 853, 210, 7.27%, 172, 19, 3, 476.20
1571371770, 0, 311, 917, 854, 210, 7.27%, 172, 19, 3, 50.34
1571371775, 0, 311, 918, 855, 210, 7.27%, 172, 19, 3, 415.02
1571371780, 0, 311, 920, 857, 210, 7.27%, 173, 19, 3, 463.58
1571371888, 0, 315, 921, 857, 213, 7.28%, 173, 19, 3, 445.77
1571371899, 0, 315, 921, 857, 213, 7.28%, 174, 19, 3, 410.57
1571371929, 0, 315, 922, 858, 213, 7.28%, 174, 19, 3, 449.47
1571377939, 0, 315, 923, 859, 213, 7.28%, 174, 19, 3, 464.52
1571378545, 0, 315, 924, 860, 213, 7.28%, 174, 19, 3, 454.29
1571378678, 0, 315, 924, 860, 213, 7.28%, 175, 19, 3, 486.60
1571378817, 0, 322, 924, 859, 213, 7.28%, 175, 19, 3, 462.01
1571378822, 0, 323, 924, 858, 212, 7.28%, 175, 19, 3, 463.96
1571378827, 0, 358, 924, 855, 209, 7.28%, 175, 19, 3, 533.77
1571378832, 0, 363, 924, 853, 207, 7.28%, 175, 19, 3, 570.56
1571378842, 0, 363, 924, 853, 207, 7.28%, 176, 19, 3, 442.93
1571382685, 0, 363, 925, 854, 207, 7.28%, 176, 19, 3, 376.00
1571384947, 0, 363, 929, 858, 207, 7.29%, 176, 19, 3, 415.51
1571385557, 0, 363, 930, 859, 207, 7.29%, 176, 19, 3, 423.09
1571385857, 0, 367, 931, 859, 208, 7.29%, 177, 19, 3, 431.18
1571385862, 0, 370, 931, 857, 206, 7.29%, 177, 19, 3, 447.77
1571385877, 0, 370, 931, 857, 206, 7.29%, 179, 20, 3, 85.88
1571392810, 0, 370, 931, 857, 206, 7.29%, 179, 21, 3, 384.49
1571393753, 0, 370, 932, 858, 206, 7.29%, 179, 21, 3, 367.17
1571393758, 0, 376, 932, 857, 205, 7.29%, 179, 21, 3, 55.59
1571393768, 0, 376, 935, 860, 205, 7.29%, 179, 21, 3, 413.24
1571393773, 0, 376, 939, 864, 205, 7.29%, 179, 21, 3, 395.50
1571393798, 0, 376, 941, 866, 205, 7.29%, 179, 21, 3, 395.63
1571395967, 0, 376, 943, 868, 205, 7.29%, 179, 21, 3, 396.01
