# unix_time, cycles_done, cur_path, paths_total, pending_total, pending_favs, map_size, unique_crashes, unique_hangs, max_depth, execs_per_sec
1571130115, 0, 0, 1, 1, 1, 3.59%, 0, 0, 1, 444.44
1571130120, 0, 0, 20, 20, 1, 3.82%, 0, 0, 2, 273.00
1571130126, 0, 0, 78, 78, 1, 4.07%, 0, 1, 2, 50.90
1571130131, 0, 0, 107, 107, 1, 4.31%, 24, 2, 2, 53.18
1571130137, 0, 0, 169, 169, 1, 4.64%, 31, 2, 2, 398.17
1571130142, 0, 0, 189, 189, 1, 4.69%, 31, 2, 2, 456.78
1571130157, 0, 0, 228, 228, 1, 4.77%, 31, 2, 2, 478.53
1571130162, 0, 0, 273, 273, 1, 4.81%, 31, 2, 2, 465.31
1571130167, 0, 0, 274, 274, 1, 4.82%, 31, 2, 2, 459.86
1571130172, 0, 0, 288, 288, 1, 4.85%, 31, 2, 2, 441.59
1571132395, 0, 0, 295, 295, 1, 4.86%, 31, 2, 2, 49.30
1571132400, 0, 0, 310, 310, 1, 4.90%, 32, 2, 2, 355.56
1571132405, 0, 0, 318, 318, 1, 4.92%, 37, 3, 2, 64.46
1571132410, 0, 0, 326, 326, 1, 4.94%, 40, 4, 2, 409.35
1571132416, 0, 0, 342, 342, 1, 4.95%, 40, 4, 2, 388.53
1571132431, 0, 0, 345, 345, 1, 4.96%, 40, 4, 2, 382.74
1571132436, 0, 0, 350, 350, 1, 4.96%, 40, 4, 2, 375.27
1571132441, 0, 0, 359, 359, 1, 4.96%, 40, 4, 2, 380.56
1571132452, 0, 0, 362, 362, 1, 4.97%, 40, 4, 2, 383.69
1571134675, 0, 0, 364, 364, 1, 4.98%, 40, 4, 2, 258.58
1571134680, 0, 0, 366, 366, 1, 4.98%, 40, 4, 2, 352.77
1571134685, 0, 0, 370, 370, 1, 4.99%, 43, 4, 2, 365.24
1571134690, 0, 0, 382, 382, 1, 5.00%, 43, 4, 2, 371.44
1571134711, 0, 0, 384, 384, 1, 5.03%, 43, 4, 2, 377.98
1571134716, 0, 0, 390, 390, 1, 5.03%, 43, 4, 2, 384.34
1571134726, 0, 0, 391, 391, 1, 5.03%, 43, 4, 2, 381.31
1571136958, 0, 0, 394, 394, 1, 5.05%, 43, 4, 2, 380.39
1571136963, 0, 0, 395, 395, 1, 5.06%, 43, 4, 2, 383.60
1571137244, 0, 0, 404, 404, 1, 5.08%, 49, 4, 2, 376.62
1571137249, 0, 0, 409, 409, 1, 5.08%, 50, 6, 2, 376.56
1571137254, 0, 0, 417, 417, 1, 5.09%, 50, 6, 2, 49.38
1571137260, 0, 0, 419, 419, 1, 5.10%, 50, 6, 2, 330.70
1571137265, 0, 0, 423, 423, 1, 5.11%, 50, 6, 2, 396.48
1571137275, 0, 0, 429, 429, 1, 5.13%, 50, 6, 2, 400.18
1571137280, 0, 0, 430, 430, 1, 5.13%, 50, 6, 2, 392.76
1571137285, 0, 0, 431, 431, 1, 5.14%, 50, 6, 2, 56.42
1571137290, 0, 0, 433, 433, 1, 5.14%, 50, 6, 2, 410.81
1571137296, 0, 0, 435, 435, 1, 5.14%, 57, 6, 2, 415.03
1571137301, 0, 0, 435, 435, 1, 5.14%, 64, 6, 2, 494.14
1571137306, 0, 0, 435, 435, 1, 5.14%, 65, 6, 2, 51.87
1571137311, 0, 0, 441, 441, 1, 5.40%, 67, 6, 2, 408.84
1571137316, 0, 0, 443, 443, 1, 5.42%, 67, 6, 2, 362.05
1571137321, 0, 0, 445, 445, 1, 5.42%, 67, 6, 2, 345.00
1571137326, 0, 0, 451, 451, 1, 5.42%, 67, 6, 2, 386.10
1571137460, 0, 0, 456, 456, 1, 5.42%, 67, 6, 2, 378.03
1571137465, 0, 0, 457, 457, 1, 5.42%, 67, 6, 2, 339.56
1571137485, 0, 0, 462, 462, 1, 5.43%, 67, 6, 2, 400.91
1571137491, 0, 0, 464, 464, 1, 5.44%, 67, 6, 2, 382.00
1571137511, 0, 0, 468, 468, 1, 5.44%, 67, 6, 2, 373.85
1571137557, 0, 0, 469, 469, 1, 5.44%, 67, 6, 2, 395.01
1571137563, 0, 0, 470, 470, 1, 5.44%, 67, 6, 2, 402.55
1571137573, 0, 0, 472, 472, 1, 5.44%, 71, 7, 2, 426.78
1571137578, 0, 0, 472, 472, 1, 5.44%, 75, 7, 2, 435.76
1571137583, 0, 0, 473, 473, 1, 5.44%, 75, 7, 2, 400.33
1571137588, 0, 0, 477, 477, 1, 5.44%, 75, 7, 2, 388.76
1571137609, 0, 0, 478, 478, 1, 5.44%, 75, 7, 2, 388.02
1571137686, 0, 0, 479, 479, 1, 5.44%, 75, 7, 2, 391.85
1571137691, 0, 0, 482, 482, 1, 5.45%, 75, 7, 2, 241.13
1571137696, 0, 0, 483, 483, 1, 5.45%, 75, 7, 2, 357.12
1571137706, 0, 0, 484, 484, 1, 5.45%, 75, 7, 2, 386.33
1571137747, 0, 0, 485, 485, 1, 5.46%, 75, 7, 2, 406.13
1571137804, 0, 0, 488, 488, 1, 5.46%, 75, 7, 2, 422.45
1571137809, 0, 0, 489, 489, 1, 5.47%, 75, 7, 2, 396.14
1571137815, 0, 0, 491, 491, 1, 5.47%, 75, 7, 2, 388.02
1571137830, 0, 0, 494, 494, 1, 5.48%, 75, 7, 2, 378.81
1571137835, 0, 0, 496, 496, 1, 5.48%, 76, 8, 2, 402.10
1571137846, 0, 0, 500, 500, 1, 5.48%, 76, 8, 2, 387.95
1571137851, 0, 0, 501, 501, 1, 5.49%, 76, 8, 2, 40.51
1571137856, 0, 0, 503, 503, 1, 5.50%, 76, 8, 2, 387.47
1571137861, 0, 0, 504, 504, 1, 5.50%, 76, 8, 2, 393.71
1571137866, 0, 0, 506, 506, 1, 5.50%, 77, 8, 2, 402.15
1571137871, 0, 0, 506, 506, 1, 5.50%, 79, 8, 2, 72.67
1571137876, 0, 0, 508, 508, 1, 5.65%, 81, 8, 2, 387.93
1571137881, 0, 0, 516, 516, 1, 5.65%, 81, 8, 2, 385.42
1571137923, 0, 0, 517, 517, 1, 5.65%, 81, 8, 2, 391.53
1571137928, 0, 0, 521, 521, 1, 5.65%, 81, 8, 2, 400.69
1571137933, 0, 0, 523, 523, 1, 5.65%, 81, 8, 2, 392.92
1571137938, 0, 0, 524, 524, 1, 5.65%, 81, 8, 2, 387.49
1571137964, 0, 0, 530, 530, 1, 6.81%, 81, 8, 2, 57.70
1571137969, 0, 0, 537, 537, 1, 6.81%, 82, 8, 2, 384.49
1571137974, 0, 0, 537, 537, 1, 6.81%, 83, 8, 2, 394.81
1571137979, 0, 0, 539, 539, 1, 6.81%, 83, 8, 2, 402.48
1571137989, 0, 0, 541, 541, 1, 6.81%, 84, 8, 2, 403.23
1571137994, 0, 0, 547, 547, 1, 6.83%, 84, 8, 2, 412.35
1571137999, 0, 0, 547, 547, 1, 6.83%, 88, 8, 2, 412.10
1571138004, 0, 0, 550, 550, 1, 6.84%, 88, 8, 2, 419.46
1571138010, 0, 0, 552, 552, 1, 6.84%, 88, 8, 2, 351.45
1571138015, 0, 0, 561, 561, 1, 6.84%, 88, 8, 2, 379.70
1571138020, 0, 0, 564, 564, 1, 6.84%, 88, 8, 2, 385.06
1571138108, 0, 0, 566, 566, 1, 6.84%, 88, 8, 2, 389.39
1571138113, 0, 0, 570, 570, 1, 6.84%, 88, 8, 2, 392.35
1571138118, 0, 0, 573, 573, 1, 6.84%, 88, 8, 2, 390.18
1571138175, 0, 0, 574, 574, 1, 6.85%, 88, 8, 2, 377.07
1571138180, 0, 0, 576, 576, 1, 6.85%, 88, 8, 2, 393.77
1571138185, 0, 0, 597, 597, 1, 6.89%, 91, 8, 2, 419.50
1571138191, 0, 0, 598, 598, 1, 6.89%, 92, 9, 2, 51.59
1571138196, 0, 0, 607, 607, 1, 6.97%, 94, 9, 2, 381.40
1571138201, 0, 0, 609, 609, 1, 6.97%, 99, 9, 2, 405.73
1571138206, 0, 0, 610, 610, 1, 6.97%, 101, 9, 2, 49.93
1571138211, 0, 0, 613, 613, 1, 7.00%, 105, 9, 2, 381.55
1571138216, 0, 0, 618, 618, 1, 7.02%, 107, 9, 2, 403.58
1571138279, 0, 0, 618, 618, 1, 7.02%, 108, 9, 2, 4.42
1571138284, 0, 0, 620, 620, 1, 7.02%, 108, 10, 2, 399.28
1571138294, 0, 0, 622, 622, 1, 7.02%, 108, 10, 2, 8.86
1571138304, 0, 0, 626, 626, 1, 7.02%, 108, 10, 2, 395.63
1571138310, 0, 0, 630, 630, 1, 7.04%, 108, 10, 2, 383.45
1571138340, 0, 0, 656, 656, 1, 7.05%, 113, 10, 2, 369.36
1571138345, 0, 0, 669, 669, 1, 7.05%, 115, 10, 2, 369.07
1571138350, 0, 0, 677, 677, 1, 7.05%, 118, 10, 2, 369.51
1571138355, 0, 0, 683, 683, 1, 7.06%, 120, 10, 2, 371.72
1571138360, 0, 0, 688, 688, 1, 7.06%, 124, 10, 2, 378.11
1571138366, 0, 0, 689, 689, 1, 7.06%, 124, 11, 2, 352.42
1571138371, 0, 0, 691, 691, 1, 7.06%, 124, 11, 2, 356.62
1571138376, 0, 0, 695, 695, 1, 7.06%, 124, 11, 2, 377.01
1571138381, 0, 0, 698, 698, 1, 7.06%, 125, 11, 2, 381.43
1571138386, 0, 0, 702, 702, 1, 7.07%, 125, 11, 2, 380.37
1571138391, 0, 0, 702, 702, 1, 7.07%, 127, 11, 2, 372.58
1571138397, 0, 0, 703, 703, 1, 7.07%, 127, 11, 2, 375.29
1571138402, 0, 0, 705, 705, 1, 7.07%, 129, 11, 2, 383.47
1571138407, 0, 0, 705, 705, 1, 7.07%, 130, 11, 2, 380.83
1571138412, 0, 0, 706, 706, 1, 7.07%, 130, 11, 2, 371.74
1571138417, 0, 0, 709, 709, 1, 7.07%, 130, 11, 2, 379.34
1571138422, 0, 0, 710, 710, 1, 7.08%, 131, 11, 2, 388.12
1571138427, 0, 2, 711, 710, 231, 7.08%, 132, 11, 2, 449.35
1571138432, 0, 2, 714, 713, 231, 7.08%, 132, 11, 3, 607.42
1571138437, 0, 2, 715, 714, 231, 7.08%, 132, 11, 3, 609.27
1571138453, 0, 2, 717, 716, 231, 7.09%, 132, 11, 3, 609.46
1571138923, 0, 2, 719, 718, 231, 7.09%, 132, 11, 3, 610.28
1571139409, 0, 2, 720, 719, 231, 7.09%, 132, 11, 3, 610.49
1571139425, 0, 2, 721, 720, 231, 7.10%, 132, 11, 3, 608.20
1571139956, 0, 2, 727, 726, 231, 7.12%, 132, 11, 3, 49.22
1571139961, 0, 2, 730, 729, 231, 7.12%, 132, 11, 3, 502.69
1571139966, 0, 2, 733, 732, 231, 7.12%, 132, 11, 3, 584.69
1571139971, 0, 2, 735, 734, 231, 7.12%, 132, 11, 3, 601.18
1571140064, 0, 2, 737, 736, 231, 7.13%, 132, 11, 3, 611.29
1571140224, 0, 2, 738, 737, 231, 7.13%, 132, 11, 3, 613.63
1571140275, 0, 2, 739, 738, 231, 7.13%, 132, 11, 3, 48.92
1571140280, 0, 4, 739, 737, 242, 7.13%, 132, 11, 3, 609.89
1571142133, 0, 7, 739, 736, 241, 7.13%, 132, 11, 3, 552.65
1571142138, 0, 7, 741, 738, 241, 7.14%, 132, 11, 3, 586.29
1571145032, 0, 7, 742, 739, 241, 7.14%, 132, 11, 3, 561.28
1571145160, 0, 7, 744, 741, 241, 7.15%, 132, 11, 3, 605.04
1571145314, 0, 7, 745, 742, 241, 7.15%, 132, 11, 3, 558.98
1571145361, 0, 7, 752, 749, 241, 7.21%, 132, 11, 3, 401.60
1571145448, 0, 7, 753, 750, 241, 7.21%, 132, 11, 3, 561.73
1571145510, 0, 7, 756, 753, 241, 7.22%, 132, 11, 3, 597.14
1571145515, 0, 7, 759, 756, 241, 7.22%, 132, 11, 3, 589.19
1571145521, 0, 7, 763, 760, 241, 7.22%, 132, 11, 3, 589.27
1571145526, 0, 7, 766, 763, 241, 7.22%, 132, 11, 3, 595.02
1571145531, 0, 7, 770, 767, 241, 7.22%, 132, 11, 3, 581.78
1571145536, 0, 7, 774, 771, 241, 7.22%, 132, 11, 3, 580.65
1571145541, 0, 7, 775, 772, 241, 7.22%, 132, 11, 3, 578.60
1571145551, 0, 7, 776, 773, 241, 7.22%, 132, 11, 3, 587.90
1571145556, 0, 9, 776, 772, 251, 7.22%, 133, 11, 3, 615.09
1571146040, 0, 9, 777, 773, 251, 7.23%, 133, 11, 3, 615.27
1571146524, 0, 9, 777, 773, 251, 7.23%, 134, 11, 3, 347.84
1571147075, 0, 9, 779, 775, 251, 7.23%, 134, 11, 3, 49.32
1571147394, 0, 9, 780, 776, 251, 7.23%, 134, 11, 3, 54.25
1571147399, 0, 9, 782, 778, 251, 7.23%, 134, 11, 3, 615.86
1571147538, 0, 9, 788, 784, 251, 7.24%, 136, 11, 3, 566.61
1571147543, 0, 9, 792, 788, 251, 7.24%, 138, 11, 3, 565.02
1571147548, 0, 9, 792, 788, 251, 7.24%, 139, 11, 3, 573.01
1571147553, 0, 9, 794, 790, 251, 7.24%, 141, 11, 3, 570.77
1571147558, 0, 9, 796, 792, 251, 7.24%, 142, 11, 3, 582.93
1571147564, 0, 9, 798, 794, 251, 7.24%, 143, 11, 3, 555.03
1571147569, 0, 9, 799, 795, 251, 7.24%, 143, 11, 3, 554.18
1571147574, 0, 9, 801, 797, 251, 7.24%, 143, 11, 3, 561.86
1571147579, 0, 11, 801, 796, 256, 7.24%, 143, 11, 3, 585.32
1571149101, 0, 11, 802, 797, 256, 7.24%, 143, 11, 3, 54.82
1571149501, 0, 11, 803, 798, 256, 7.24%, 144, 11, 3, 618.10
1571149563, 0, 12, 803, 797, 256, 7.24%, 144, 11, 3, 609.47
1571151082, 0, 12, 803, 797, 256, 7.24%, 145, 11, 3, 48.03
1571151540, 0, 18, 803, 796, 255, 7.24%, 145, 11, 3, 498.81
1571151550, 0, 18, 804, 797, 255, 7.24%, 145, 11, 3, 384.05
1571159752, 0, 20, 804, 796, 254, 7.24%, 145, 11, 3, 49.52
1571159758, 0, 20, 805, 797, 254, 7.24%, 145, 12, 3, 39.48
1571159763, 0, 20, 806, 798, 254, 7.25%, 149, 12, 3, 491.11
1571159768, 0, 20, 807, 799, 254, 7.25%, 149, 12, 3, 494.07
1571161624, 0, 20, 808, 800, 254, 7.25%, 149, 12, 3, 480.11
1571161794, 0, 20, 809, 801, 254, 7.25%, 149, 12, 3, 383.87
1571162035, 0, 20, 810, 802, 254, 7.25%, 149, 12, 3, 481.77
1571162056, 0, 20, 811, 803, 254, 7.25%, 149, 12, 3, 482.22
1571162184, 0, 20, 813, 805, 254, 7.25%, 149, 12, 3, 452.13
1571162189, 0, 20, 814, 806, 254, 7.25%, 149, 12, 3, 499.12
1571162194, 0, 20, 815, 807, 254, 7.25%, 149, 12, 3, 391.16
1571162204, 0, 20, 815, 807, 254, 7.25%, 150, 12, 3, 49.65
1571162209, 0, 20, 816, 808, 254, 7.25%, 150, 12, 3, 429.14
1571162261, 0, 20, 817, 809, 254, 7.25%, 150, 12, 3, 474.70
1571162291, 0, 20, 821, 813, 254, 7.26%, 152, 13, 3, 488.87
1571162296, 0, 20, 826, 818, 254, 7.26%, 154, 13, 3, 460.13
1571162302, 0, 20, 829, 821, 254, 7.26%, 155, 13, 3, 434.41
1571162307, 0, 20, 830, 822, 254, 7.26%, 155, 14, 3, 428.77
1571162312, 0, 20, 830, 822, 254, 7.26%, 156, 14, 3, 452.19
1571162317, 0, 20, 832, 824, 254, 7.26%, 156, 14, 3, 460.94
1571162322, 0, 20, 833, 825, 254, 7.26%, 157, 15, 3, 465.32
1571162327, 0, 20, 836, 828, 254, 7.26%, 158, 15, 3, 452.63
1571162332, 0, 20, 838, 830, 254, 7.26%, 159, 15, 3, 454.91
1571162337, 0, 20, 841, 833, 254, 7.27%, 160, 15, 3, 432.79
1571162342, 0, 20, 842, 834, 254, 7.27%, 160, 15, 3, 457.07
1571162347, 0, 20, 843, 835, 254, 7.27%, 162, 16, 3, 453.50
1571162353, 0, 20, 843, 835, 254, 7.27%, 164, 16, 3, 457.43
1571162358, 0, 20, 844, 836, 254, 7.27%, 168, 16, 3, 467.58
1571162363, 0, 20, 844, 836, 254, 7.27%, 169, 17, 3, 82.44
1571162368, 0, 25, 844, 835, 258, 7.27%, 169, 17, 3, 596.38
1571164363, 0, 25, 844, 835, 258, 7.27%, 170, 17, 3, 495.25
1571164429, 0, 25, 845, 836, 258, 7.27%, 170, 17, 3, 584.19
1571164435, 0, 25, 848, 839, 258, 7.27%, 170, 17, 3, 561.82
1571164440, 0, 25, 849, 840, 258, 7.27%, 170, 17, 3, 548.05
1571164445, 0, 25, 852, 843, 258, 7.27%, 170, 17, 3, 539.62
1571164450, 0, 25, 853, 844, 258, 7.27%, 170, 17, 3, 551.83
1571164455, 0, 25, 855, 846, 258, 7.27%, 170, 17, 3, 557.05
1571164471, 0, 25, 857, 848, 258, 7.28%, 170, 17, 3, 545.06
1571164476, 0, 25, 858, 849, 258, 7.28%, 170, 17, 3, 540.66
1571164491, 0, 30, 858, 848, 260, 7.28%, 170, 17, 3, 454.46
1571164538, 0, 30, 859, 849, 260, 7.28%, 170, 17, 3, 385.44
1571169036, 0, 30, 860, 850, 260, 7.28%, 170, 17, 3, 389.59
1571172685, 0, 32, 860, 849, 260, 7.28%, 170, 17, 3, 389.01
1571172695, 0, 32, 860, 849, 260, 7.28%, 171, 17, 3, 384.06
1571180925, 0, 40, 860, 848, 259, 7.28%, 171, 17, 3, 378.44
1571180936, 0, 40, 860, 848, 259, 7.28%, 172, 17, 3, 387.84
1571188659, 0, 40, 861, 849, 259, 7.28%, 172, 17, 3, 377.83
1571189195, 0, 44, 861, 848, 259, 7.28%, 172, 17, 3, 419.08
1571191547, 0, 44, 862, 849, 259, 7.29%, 172, 17, 3, 469.43
1571191630, 0, 57, 862, 848, 258, 7.29%, 172, 17, 3, 448.53
1571191640, 0, 57, 863, 849, 258, 7.29%, 172, 17, 3, 400.40
1571199851, 0, 67, 863, 848, 257, 7.29%, 172, 17, 3, 385.65
1571206992, 0, 67, 864, 849, 257, 7.29%, 172, 17, 3, 378.86
1571207937, 0, 67, 865, 850, 257, 7.29%, 172, 17, 3, 52.83
1571207942, 0, 67, 866, 851, 257, 7.29%, 172, 17, 3, 380.19
1571208089, 0, 75, 866, 850, 257, 7.29%, 172, 17, 3, 388.43
1571210283, 0, 75, 867, 851, 257, 7.29%, 172, 17, 3, 512.04
1571210350, 0, 75, 868, 852, 257, 7.29%, 172, 17, 3, 481.72
1571210458, 0, 75, 869, 853, 257, 7.29%, 172, 17, 3, 492.60
1571210534, 0, 77, 869, 852, 257, 7.29%, 172, 17, 3, 432.18
1571210550, 0, 77, 884, 867, 257, 7.29%, 172, 17, 3, 381.52
1571210555, 0, 77, 885, 868, 257, 7.29%, 172, 17, 3, 380.11
1571212832, 0, 77, 887, 870, 257, 7.29%, 172, 17, 3, 370.05
1571212837, 0, 77, 888, 871, 257, 7.29%, 172, 17, 3, 376.22
1571215111, 0, 77, 891, 874, 257, 7.29%, 172, 17, 3, 377.05
