# unix_time, cycles_done, cur_path, paths_total, pending_total, pending_favs, map_size, unique_crashes, unique_hangs, max_depth, execs_per_sec
1573548220, 0, 0, 1, 1, 1, 3.59%, 0, 0, 1, 400.00
1573548226, 0, 0, 14, 14, 1, 3.80%, 0, 0, 2, 42.74
1573548231, 0, 0, 68, 68, 1, 4.06%, 0, 0, 2, 411.85
1573548236, 0, 0, 101, 101, 1, 4.30%, 12, 1, 2, 414.53
1573548241, 0, 0, 124, 124, 1, 4.42%, 31, 2, 2, 226.03
1573548246, 0, 0, 184, 184, 1, 4.69%, 31, 2, 2, 415.06
1573548251, 0, 0, 189, 189, 1, 4.69%, 31, 2, 2, 414.12
1573548267, 0, 0, 210, 210, 1, 4.74%, 31, 2, 2, 416.23
1573548272, 0, 0, 271, 271, 1, 4.80%, 31, 2, 2, 427.54
1573548277, 0, 0, 274, 274, 1, 4.82%, 31, 2, 2, 415.87
1573548282, 0, 0, 288, 288, 1, 4.85%, 31, 2, 2, 400.93
1573550344, 0, 0, 309, 309, 1, 4.90%, 32, 2, 2, 423.55
1573550349, 0, 0, 317, 317, 1, 4.91%, 35, 3, 2, 430.68
1573550355, 0, 0, 322, 322, 1, 4.93%, 40, 5, 2, 443.43
1573550360, 0, 0, 341, 341, 1, 4.95%, 40, 5, 2, 410.83
1573550365, 0, 0, 342, 342, 1, 4.95%, 40, 5, 2, 412.06
1573550380, 0, 0, 350, 350, 1, 4.96%, 40, 5, 2, 410.46
1573550385, 0, 0, 359, 359, 1, 4.96%, 40, 5, 2, 409.26
1573550395, 0, 0, 362, 362, 1, 4.97%, 40, 5, 2, 409.81
1573552451, 0, 0, 363, 363, 1, 4.98%, 40, 5, 2, 49.54
1573552456, 0, 0, 366, 366, 1, 4.98%, 40, 5, 2, 420.19
1573552461, 0, 0, 370, 370, 1, 4.99%, 43, 5, 2, 469.40
1573552466, 0, 0, 382, 382, 1, 5.00%, 43, 5, 2, 423.97
1573552486, 0, 0, 386, 386, 1, 5.03%, 43, 5, 2, 413.05
1573552491, 0, 0, 390, 390, 1, 5.03%, 43, 5, 2, 414.07
1573552501, 0, 0, 391, 391, 1, 5.03%, 43, 5, 2, 415.12
1573554559, 0, 0, 393, 393, 1, 5.04%, 43, 5, 2, 407.25
1573554564, 0, 0, 395, 395, 1, 5.06%, 43, 5, 2, 413.94
1573554821, 0, 0, 396, 396, 1, 5.06%, 43, 5, 2, 407.66
1573554827, 0, 0, 406, 406, 1, 5.08%, 49, 5, 2, 394.45
1573554832, 0, 0, 411, 411, 1, 5.09%, 50, 7, 2, 410.37
1573554837, 0, 0, 417, 417, 1, 5.09%, 50, 7, 2, 48.83
1573554842, 0, 0, 422, 422, 1, 5.11%, 50, 7, 2, 381.90
1573554847, 0, 0, 423, 423, 1, 5.11%, 50, 7, 2, 416.45
1573554852, 0, 0, 429, 429, 1, 5.13%, 50, 7, 2, 438.49
1573554857, 0, 0, 430, 430, 1, 5.13%, 50, 7, 2, 420.82
1573554862, 0, 0, 431, 431, 1, 5.14%, 50, 7, 2, 418.19
1573554867, 0, 0, 433, 433, 1, 5.14%, 50, 7, 2, 419.19
1573554872, 0, 0, 434, 434, 1, 5.14%, 56, 7, 2, 442.35
1573554878, 0, 0, 435, 435, 1, 5.14%, 59, 7, 2, 61.92
1573554883, 0, 0, 435, 435, 1, 5.14%, 65, 7, 2, 63.78
1573554888, 0, 0, 441, 441, 1, 5.40%, 67, 7, 2, 432.23
1573554893, 0, 0, 443, 443, 1, 5.42%, 67, 7, 2, 395.64
1573554898, 0, 0, 445, 445, 1, 5.42%, 67, 7, 2, 367.65
1573554903, 0, 0, 451, 451, 1, 5.42%, 67, 7, 2, 393.45
1573555024, 0, 0, 452, 452, 1, 5.42%, 67, 7, 2, 425.17
1573555029, 0, 0, 456, 456, 1, 5.42%, 67, 7, 2, 429.01
1573555034, 0, 0, 457, 457, 1, 5.42%, 67, 7, 2, 403.24
1573555049, 0, 0, 462, 462, 1, 5.43%, 67, 7, 2, 430.12
1573555055, 0, 0, 464, 464, 1, 5.44%, 67, 7, 2, 411.74
1573555070, 0, 0, 467, 467, 1, 5.44%, 67, 7, 2, 384.95
1573555075, 0, 0, 468, 468, 1, 5.44%, 67, 7, 2, 410.12
1573555121, 0, 0, 470, 470, 1, 5.44%, 67, 7, 2, 437.51
1573555131, 0, 0, 472, 472, 1, 5.44%, 67, 9, 2, 56.18
1573555136, 0, 0, 472, 472, 1, 5.44%, 75, 9, 2, 56.37
1573555146, 0, 0, 477, 477, 1, 5.44%, 75, 9, 2, 424.90
1573555167, 0, 0, 478, 478, 1, 5.44%, 75, 9, 2, 414.57
1573555237, 0, 0, 479, 479, 1, 5.44%, 75, 9, 2, 437.43
1573555242, 0, 0, 482, 482, 1, 5.45%, 75, 9, 2, 250.89
1573555247, 0, 0, 483, 483, 1, 5.45%, 75, 9, 2, 380.55
1573555257, 0, 0, 484, 484, 1, 5.45%, 75, 9, 2, 410.72
1573555293, 0, 0, 485, 485, 1, 5.46%, 75, 9, 2, 448.84
1573555344, 0, 0, 486, 486, 1, 5.46%, 75, 9, 2, 419.71
1573555349, 0, 0, 488, 488, 1, 5.46%, 75, 9, 2, 443.61
1573555354, 0, 0, 489, 489, 1, 5.47%, 75, 9, 2, 417.94
1573555359, 0, 0, 491, 491, 1, 5.47%, 75, 9, 2, 415.78
1573555375, 0, 0, 494, 494, 1, 5.48%, 76, 10, 2, 79.18
1573555380, 0, 0, 496, 496, 1, 5.48%, 76, 10, 2, 345.24
1573555385, 0, 0, 498, 498, 1, 5.48%, 76, 10, 2, 402.93
1573555390, 0, 0, 500, 500, 1, 5.48%, 76, 10, 2, 411.47
1573555395, 0, 0, 503, 503, 1, 5.50%, 76, 10, 2, 368.54
1573555400, 0, 0, 504, 504, 1, 5.50%, 76, 10, 2, 418.03
1573555405, 0, 0, 506, 506, 1, 5.50%, 77, 10, 2, 434.39
1573555410, 0, 0, 506, 506, 1, 5.50%, 81, 10, 2, 412.94
1573555415, 0, 0, 508, 508, 1, 5.65%, 81, 10, 2, 409.84
1573555421, 0, 0, 516, 516, 1, 5.65%, 81, 10, 2, 414.88
1573555461, 0, 0, 520, 520, 1, 5.65%, 81, 10, 2, 428.58
1573555466, 0, 0, 522, 522, 1, 5.65%, 81, 10, 2, 421.48
1573555471, 0, 0, 524, 524, 1, 5.65%, 81, 10, 2, 418.71
1573555496, 0, 0, 530, 530, 1, 6.81%, 81, 10, 2, 57.12
1573555501, 0, 0, 537, 537, 1, 6.81%, 83, 10, 2, 434.68
1573555511, 0, 0, 539, 539, 1, 6.81%, 83, 10, 2, 431.03
1573555522, 0, 0, 547, 547, 1, 6.83%, 84, 10, 2, 446.83
1573555532, 0, 0, 547, 547, 1, 6.83%, 88, 10, 2, 73.90
1573555537, 0, 0, 550, 550, 1, 6.84%, 88, 10, 2, 414.14
1573555542, 0, 0, 552, 552, 1, 6.84%, 88, 10, 2, 398.78
1573555547, 0, 0, 563, 563, 1, 6.84%, 88, 10, 2, 402.26
1573555552, 0, 0, 564, 564, 1, 6.84%, 88, 10, 2, 410.79
1573555628, 0, 0, 566, 566, 1, 6.84%, 88, 10, 2, 411.09
1573555633, 0, 0, 570, 570, 1, 6.84%, 88, 10, 2, 422.23
1573555638, 0, 0, 573, 573, 1, 6.84%, 88, 10, 2, 418.45
1573555694, 0, 0, 575, 575, 1, 6.85%, 88, 10, 2, 56.15
1573555699, 0, 0, 595, 595, 1, 6.89%, 90, 10, 2, 442.48
1573555704, 0, 0, 599, 599, 1, 6.89%, 91, 10, 2, 433.94
1573555709, 0, 0, 607, 607, 1, 6.91%, 92, 11, 2, 49.39
1573555714, 0, 0, 610, 610, 1, 6.97%, 95, 11, 2, 432.43
1573555719, 0, 0, 611, 611, 1, 6.97%, 100, 11, 2, 408.16
1573555724, 0, 0, 613, 613, 1, 6.97%, 102, 11, 2, 445.76
1573555729, 0, 0, 616, 616, 1, 7.00%, 107, 11, 2, 421.26
1573555734, 0, 0, 620, 620, 1, 7.02%, 107, 11, 2, 423.65
1573555790, 0, 0, 620, 620, 1, 7.02%, 108, 11, 2, 291.51
1573555795, 0, 0, 622, 622, 1, 7.02%, 108, 12, 2, 406.48
1573555805, 0, 0, 624, 624, 1, 7.02%, 108, 12, 2, 317.74
1573555816, 0, 0, 632, 632, 1, 7.04%, 108, 12, 2, 416.91
1573555846, 0, 0, 668, 668, 1, 7.05%, 116, 12, 2, 413.00
1573555851, 0, 0, 678, 678, 1, 7.05%, 123, 12, 2, 404.33
1573555856, 0, 0, 686, 686, 1, 7.06%, 124, 12, 2, 411.42
1573555861, 0, 0, 690, 690, 1, 7.06%, 125, 12, 2, 406.85
1573555866, 0, 0, 694, 694, 1, 7.06%, 126, 12, 2, 418.85
1573555871, 0, 0, 695, 695, 1, 7.06%, 128, 12, 2, 423.34
1573555877, 0, 0, 704, 704, 1, 7.07%, 131, 12, 2, 406.28
1573555882, 0, 0, 706, 706, 1, 7.07%, 136, 12, 2, 413.55
1573555887, 0, 0, 707, 707, 1, 7.07%, 136, 13, 2, 403.31
1573555892, 0, 0, 708, 708, 1, 7.07%, 137, 13, 2, 399.71
1573555897, 0, 0, 711, 711, 1, 7.07%, 137, 13, 2, 397.16
1573555902, 0, 4, 714, 713, 228, 7.07%, 139, 13, 3, 642.67
1573555912, 0, 4, 715, 714, 228, 7.08%, 139, 13, 3, 642.07
1573555927, 0, 4, 717, 716, 228, 7.08%, 139, 13, 3, 643.83
1573556367, 0, 4, 720, 719, 228, 7.08%, 139, 13, 3, 600.52
1573556825, 0, 4, 721, 720, 228, 7.08%, 139, 13, 3, 578.81
1573556841, 0, 4, 722, 721, 228, 7.09%, 139, 13, 3, 643.14
1573557346, 0, 4, 725, 724, 228, 7.10%, 139, 13, 3, 367.23
1573557351, 0, 4, 729, 728, 228, 7.10%, 139, 13, 3, 589.03
1573557356, 0, 4, 733, 732, 228, 7.11%, 139, 13, 3, 634.92
1573557443, 0, 4, 734, 733, 228, 7.11%, 139, 13, 3, 647.03
1573557448, 0, 4, 735, 734, 228, 7.11%, 139, 13, 3, 644.42
1573557647, 0, 4, 736, 735, 228, 7.11%, 139, 13, 3, 100.84
1573557652, 0, 9, 736, 734, 241, 7.11%, 139, 13, 3, 481.27
1573557657, 0, 9, 736, 734, 241, 7.11%, 140, 13, 3, 575.59
1573558115, 0, 9, 737, 735, 241, 7.11%, 140, 13, 3, 505.19
1573558573, 0, 9, 737, 735, 241, 7.11%, 141, 13, 3, 527.61
1573559093, 0, 9, 739, 737, 241, 7.12%, 141, 13, 3, 67.72
1573559393, 0, 9, 740, 738, 241, 7.12%, 141, 13, 3, 78.12
1573559404, 0, 9, 742, 740, 241, 7.12%, 141, 13, 3, 649.78
1573559465, 0, 9, 743, 741, 241, 7.12%, 141, 13, 3, 636.81
1573559536, 0, 9, 748, 746, 241, 7.12%, 141, 13, 3, 603.84
1573559541, 0, 9, 755, 753, 241, 7.12%, 142, 13, 3, 588.08
1573559546, 0, 9, 759, 757, 241, 7.13%, 145, 13, 3, 599.83
1573559551, 0, 9, 761, 759, 241, 7.13%, 146, 13, 3, 588.22
1573559556, 0, 9, 764, 762, 241, 7.13%, 147, 13, 3, 595.41
1573559561, 0, 9, 766, 764, 241, 7.13%, 147, 13, 3, 580.60
1573559567, 0, 9, 767, 765, 241, 7.13%, 148, 13, 3, 591.36
1573559572, 0, 11, 770, 767, 245, 7.13%, 148, 13, 3, 614.31
1573561012, 0, 11, 771, 768, 245, 7.13%, 148, 13, 3, 66.36
1573561400, 0, 11, 771, 768, 245, 7.13%, 149, 13, 3, 617.40
1573561451, 0, 12, 771, 767, 245, 7.13%, 149, 13, 3, 621.93
1573562891, 0, 12, 771, 767, 245, 7.13%, 150, 13, 3, 49.56
1573563330, 0, 18, 771, 766, 244, 7.13%, 150, 13, 3, 501.74
1573563335, 0, 18, 772, 767, 244, 7.13%, 150, 13, 3, 421.90
1573563340, 0, 18, 772, 767, 244, 7.13%, 151, 13, 3, 411.09
1573570195, 0, 20, 772, 766, 243, 7.13%, 151, 13, 3, 518.74
1573570200, 0, 20, 774, 768, 243, 7.14%, 153, 14, 3, 482.89
1573570205, 0, 20, 775, 769, 243, 7.14%, 154, 14, 3, 558.34
1573571162, 0, 20, 776, 770, 243, 7.14%, 154, 14, 3, 590.36
1573571735, 0, 20, 777, 771, 243, 7.14%, 154, 14, 3, 603.93
1573571756, 0, 20, 778, 772, 243, 7.14%, 154, 14, 3, 275.82
1573571893, 0, 20, 779, 773, 243, 7.14%, 154, 14, 3, 479.56
1573572102, 0, 20, 780, 774, 243, 7.14%, 154, 14, 3, 587.19
1573572117, 0, 20, 781, 775, 243, 7.14%, 154, 14, 3, 606.64
1573572219, 0, 20, 783, 777, 243, 7.14%, 154, 14, 3, 569.24
1573572224, 0, 20, 785, 779, 243, 7.14%, 154, 14, 3, 591.37
1573572234, 0, 20, 785, 779, 243, 7.14%, 155, 14, 3, 579.05
1573572245, 0, 20, 786, 780, 243, 7.14%, 155, 14, 3, 561.78
1573572285, 0, 20, 787, 781, 243, 7.14%, 155, 14, 3, 550.83
1573572306, 0, 25, 788, 781, 246, 7.14%, 156, 14, 3, 704.69
1573573877, 0, 25, 789, 782, 246, 7.14%, 156, 14, 3, 570.04
1573573994, 0, 25, 789, 782, 246, 7.14%, 157, 14, 3, 529.57
1573574049, 0, 30, 789, 781, 246, 7.14%, 157, 14, 3, 577.43
1573574085, 0, 30, 790, 782, 246, 7.14%, 157, 14, 3, 478.08
1573577706, 0, 30, 791, 783, 246, 7.15%, 157, 14, 3, 490.74
1573580565, 0, 32, 791, 782, 246, 7.15%, 157, 14, 3, 477.43
1573580575, 0, 32, 791, 782, 246, 7.15%, 158, 14, 3, 465.37
1573587077, 0, 32, 792, 783, 246, 7.15%, 158, 14, 3, 485.02
1573587082, 0, 34, 792, 782, 242, 7.15%, 159, 14, 3, 485.29
1573587087, 0, 34, 793, 783, 242, 7.15%, 159, 14, 3, 492.01
1573593306, 0, 34, 794, 784, 242, 7.15%, 159, 14, 3, 401.72
1573593567, 0, 38, 794, 783, 242, 7.15%, 159, 14, 3, 483.09
1573593572, 0, 38, 795, 784, 242, 7.15%, 159, 14, 3, 486.40
1573600074, 0, 40, 795, 783, 242, 7.15%, 159, 14, 3, 488.92
1573600079, 0, 40, 795, 783, 242, 7.15%, 160, 14, 3, 470.34
1573606202, 0, 40, 796, 784, 242, 7.15%, 160, 14, 3, 496.28
1573606565, 0, 40, 796, 784, 242, 7.15%, 161, 15, 3, 455.00
1573606570, 0, 57, 796, 783, 242, 7.15%, 161, 15, 3, 52.11
1573606575, 0, 57, 797, 784, 242, 7.15%, 162, 15, 3, 463.53
1573613081, 0, 58, 797, 783, 242, 7.15%, 162, 15, 3, 90.18
1573613086, 0, 58, 798, 784, 242, 7.15%, 162, 15, 3, 383.89
1573619210, 0, 58, 799, 785, 242, 7.15%, 162, 15, 3, 483.05
1573619584, 0, 74, 799, 784, 242, 7.15%, 162, 15, 3, 521.78
1573619589, 0, 74, 800, 785, 242, 7.15%, 162, 15, 3, 551.64
1573621216, 0, 74, 801, 786, 242, 7.15%, 162, 15, 3, 594.35
1573621500, 0, 74, 803, 788, 242, 7.16%, 162, 15, 3, 591.44
1573621505, 0, 74, 804, 789, 242, 7.16%, 162, 15, 3, 49.84
1573621566, 0, 81, 804, 788, 244, 7.16%, 162, 15, 3, 604.77
1573621571, 0, 81, 808, 792, 244, 7.29%, 162, 15, 3, 615.03
1573621581, 0, 81, 809, 793, 244, 7.29%, 162, 15, 3, 612.47
1573622952, 0, 81, 812, 796, 244, 7.29%, 162, 15, 3, 620.42
1573622957, 0, 81, 814, 798, 244, 7.29%, 162, 15, 3, 50.81
1573622962, 0, 81, 815, 799, 244, 7.29%, 162, 15, 3, 623.90
1573623243, 0, 81, 821, 805, 244, 7.30%, 162, 15, 3, 50.55
1573623284, 0, 81, 829, 813, 244, 7.31%, 162, 15, 3, 65.35
1573623290, 0, 81, 832, 816, 244, 7.31%, 162, 15, 3, 53.72
1573623371, 0, 81, 833, 817, 244, 7.31%, 162, 15, 3, 59.01
1573623382, 0, 81, 833, 817, 244, 7.31%, 162, 16, 3, 98.45
1573623387, 0, 81, 834, 818, 244, 7.31%, 162, 16, 3, 583.30
1573623449, 0, 81, 838, 822, 244, 7.39%, 162, 17, 3, 31.72
1573623454, 0, 81, 847, 831, 244, 7.43%, 162, 17, 3, 453.40
1573623459, 0, 81, 856, 840, 244, 7.44%, 162, 17, 3, 457.74
1573623464, 0, 81, 863, 847, 244, 7.44%, 162, 17, 3, 512.49
1573623470, 0, 81, 867, 851, 244, 7.44%, 162, 18, 3, 583.80
1573623475, 0, 81, 871, 855, 244, 7.44%, 162, 18, 3, 424.81
1573623480, 0, 81, 875, 859, 244, 7.44%, 162, 18, 3, 508.09
1573623485, 0, 81, 882, 866, 244, 7.44%, 162, 18, 3, 563.32
1573623490, 0, 81, 887, 871, 244, 7.44%, 162, 18, 3, 491.82
1573623495, 0, 81, 890, 874, 244, 7.44%, 162, 18, 3, 529.08
1573623500, 0, 96, 894, 877, 245, 7.44%, 162, 18, 3, 509.16
1573623516, 0, 96, 897, 880, 245, 7.44%, 162, 18, 3, 469.01
1573623536, 0, 96, 902, 885, 245, 7.44%, 162, 18, 3, 468.35
1573627154, 0, 96, 903, 886, 245, 7.44%, 162, 18, 3, 469.84
1573629190, 0, 96, 904, 887, 245, 7.44%, 162, 18, 3, 458.38
1573629777, 0, 96, 905, 888, 245, 7.44%, 162, 18, 3, 473.97
1573629890, 0, 96, 905, 888, 245, 7.44%, 163, 18, 3, 496.22
1573629905, 0, 96, 906, 889, 245, 7.44%, 163, 18, 3, 477.42
1573629921, 0, 96, 907, 890, 245, 7.44%, 163, 18, 3, 490.18
1573630012, 0, 102, 907, 889, 245, 7.44%, 163, 18, 3, 524.62
1573630018, 0, 102, 908, 890, 245, 7.44%, 163, 18, 3, 85.27
1573631510, 0, 102, 908, 890, 245, 7.44%, 164, 18, 3, 626.78
1573631778, 0, 102, 909, 891, 245, 7.45%, 164, 18, 3, 636.88
1573631840, 0, 102, 910, 892, 245, 7.45%, 164, 18, 3, 584.33
1573631912, 0, 102, 911, 893, 245, 7.45%, 164, 18, 3, 650.64
1573631922, 0, 102, 912, 894, 245, 7.45%, 164, 18, 3, 515.93
1573631984, 0, 104, 912, 893, 245, 7.45%, 164, 18, 3, 613.51
1573633892, 0, 104, 912, 893, 245, 7.45%, 164, 19, 3, 604.74
1573633949, 0, 104, 914, 895, 245, 7.45%, 164, 19, 3, 610.89
1573633954, 0, 113, 914, 894, 245, 7.45%, 165, 19, 3, 563.36
1573633964, 0, 113, 917, 897, 245, 7.47%, 165, 19, 3, 492.93
1573633969, 0, 113, 925, 905, 245, 7.48%, 165, 19, 3, 520.56
1573633985, 0, 113, 935, 915, 245, 7.48%, 165, 19, 3, 520.10
1573633990, 0, 113, 936, 916, 245, 7.48%, 165, 19, 3, 536.36
