# unix_time, cycles_done, cur_path, paths_total, pending_total, pending_favs, map_size, unique_crashes, unique_hangs, max_depth, execs_per_sec
1571130190, 0, 0, 1, 1, 1, 3.59%, 0, 0, 1, 380.95
1571130195, 0, 0, 14, 14, 1, 3.80%, 0, 0, 2, 42.37
1571130200, 0, 0, 61, 61, 1, 4.06%, 0, 0, 2, 407.36
1571130206, 0, 0, 101, 101, 1, 4.30%, 9, 1, 2, 390.28
1571130211, 0, 0, 117, 117, 1, 4.38%, 31, 2, 2, 430.79
1571130216, 0, 0, 173, 173, 1, 4.64%, 31, 2, 2, 373.13
1571130221, 0, 0, 189, 189, 1, 4.69%, 31, 2, 2, 387.37
1571130236, 0, 0, 204, 204, 1, 4.73%, 31, 2, 2, 405.60
1571130241, 0, 0, 240, 240, 1, 4.77%, 31, 2, 2, 310.81
1571130246, 0, 0, 273, 273, 1, 4.81%, 31, 2, 2, 368.36
1571130252, 0, 0, 274, 274, 1, 4.82%, 31, 2, 2, 378.86
1571130257, 0, 0, 288, 288, 1, 4.85%, 31, 2, 2, 377.43
1571132475, 0, 0, 305, 305, 1, 4.89%, 32, 2, 2, 390.47
1571132480, 0, 0, 312, 312, 1, 4.90%, 32, 3, 2, 60.54
1571132486, 0, 0, 318, 318, 1, 4.92%, 38, 4, 2, 367.49
1571132491, 0, 0, 330, 330, 1, 4.95%, 40, 5, 2, 339.56
1571132496, 0, 0, 342, 342, 1, 4.95%, 40, 5, 2, 374.93
1571132511, 0, 0, 345, 345, 1, 4.96%, 40, 5, 2, 379.93
1571132516, 0, 0, 351, 351, 1, 4.96%, 40, 5, 2, 379.77
1571132522, 0, 0, 359, 359, 1, 4.96%, 40, 5, 2, 382.82
1571132532, 0, 0, 362, 362, 1, 4.97%, 40, 5, 2, 380.00
1571134752, 0, 0, 363, 363, 1, 4.98%, 40, 5, 2, 49.47
1571134757, 0, 0, 366, 366, 1, 4.98%, 40, 5, 2, 361.68
1571134762, 0, 0, 369, 369, 1, 4.99%, 43, 5, 2, 49.47
1571134767, 0, 0, 382, 382, 1, 5.00%, 43, 5, 2, 383.66
1571134788, 0, 0, 383, 383, 1, 5.00%, 43, 5, 2, 384.08
1571134793, 0, 0, 390, 390, 1, 5.03%, 43, 5, 2, 382.33
1571134803, 0, 0, 391, 391, 1, 5.03%, 43, 5, 2, 382.47
1571137023, 0, 0, 393, 393, 1, 5.04%, 43, 5, 2, 380.60
1571137028, 0, 0, 395, 395, 1, 5.06%, 43, 5, 2, 384.23
1571137310, 0, 0, 403, 403, 1, 5.07%, 49, 5, 2, 375.45
1571137315, 0, 0, 408, 408, 1, 5.08%, 50, 7, 2, 381.19
1571137321, 0, 0, 417, 417, 1, 5.09%, 50, 7, 2, 392.06
1571137326, 0, 0, 418, 418, 1, 5.09%, 50, 7, 2, 397.62
1571137331, 0, 0, 423, 423, 1, 5.11%, 50, 7, 2, 408.32
1571137341, 0, 0, 429, 429, 1, 5.13%, 50, 7, 2, 400.19
1571137346, 0, 0, 430, 430, 1, 5.13%, 50, 7, 2, 384.68
1571137351, 0, 0, 431, 431, 1, 5.14%, 50, 7, 2, 52.14
1571137356, 0, 0, 433, 433, 1, 5.14%, 50, 7, 2, 376.23
1571137361, 0, 0, 434, 434, 1, 5.14%, 57, 7, 2, 409.55
1571137367, 0, 0, 435, 435, 1, 5.14%, 64, 7, 2, 506.84
1571137372, 0, 0, 435, 435, 1, 5.14%, 65, 7, 2, 51.77
1571137377, 0, 0, 441, 441, 1, 5.40%, 67, 7, 2, 406.79
1571137382, 0, 0, 443, 443, 1, 5.42%, 67, 7, 2, 366.88
1571137387, 0, 0, 445, 445, 1, 5.42%, 67, 7, 2, 341.46
1571137392, 0, 0, 451, 451, 1, 5.42%, 67, 7, 2, 394.00
1571137526, 0, 0, 456, 456, 1, 5.42%, 67, 7, 2, 371.95
1571137531, 0, 0, 457, 457, 1, 5.42%, 67, 7, 2, 347.60
1571137551, 0, 0, 462, 462, 1, 5.43%, 67, 7, 2, 49.06
1571137556, 0, 0, 464, 464, 1, 5.44%, 67, 7, 2, 361.86
1571137572, 0, 0, 467, 467, 1, 5.44%, 67, 7, 2, 359.60
1571137577, 0, 0, 468, 468, 1, 5.44%, 67, 7, 2, 379.61
1571137618, 0, 0, 470, 470, 1, 5.44%, 67, 7, 2, 401.66
1571137628, 0, 0, 470, 470, 1, 5.44%, 67, 9, 2, 15.25
1571137633, 0, 0, 472, 472, 1, 5.44%, 73, 9, 2, 442.27
1571137638, 0, 0, 472, 472, 1, 5.44%, 75, 9, 2, 49.33
1571137644, 0, 0, 473, 473, 1, 5.44%, 75, 9, 2, 420.68
1571137649, 0, 0, 477, 477, 1, 5.44%, 75, 9, 2, 383.51
1571137664, 0, 0, 478, 478, 1, 5.44%, 75, 9, 2, 390.44
1571137746, 0, 0, 481, 481, 1, 5.44%, 75, 9, 2, 72.40
1571137752, 0, 0, 482, 482, 1, 5.45%, 75, 9, 2, 312.46
1571137757, 0, 0, 483, 483, 1, 5.45%, 75, 9, 2, 369.77
1571137767, 0, 0, 484, 484, 1, 5.45%, 75, 9, 2, 380.01
1571137803, 0, 0, 485, 485, 1, 5.46%, 75, 9, 2, 432.56
1571137859, 0, 0, 486, 486, 1, 5.46%, 75, 9, 2, 399.13
1571137864, 0, 0, 488, 488, 1, 5.46%, 75, 9, 2, 410.63
1571137869, 0, 0, 489, 489, 1, 5.47%, 75, 9, 2, 397.48
1571137874, 0, 0, 491, 491, 1, 5.47%, 75, 9, 2, 389.12
1571137890, 0, 0, 494, 494, 1, 5.48%, 76, 9, 2, 381.61
1571137895, 0, 0, 496, 496, 1, 5.48%, 76, 10, 2, 332.05
1571137905, 0, 0, 500, 500, 1, 5.48%, 76, 10, 2, 386.02
1571137910, 0, 0, 501, 501, 1, 5.49%, 76, 10, 2, 44.82
1571137915, 0, 0, 504, 504, 1, 5.50%, 76, 10, 2, 395.58
1571137920, 0, 0, 505, 505, 1, 5.50%, 76, 10, 2, 70.04
1571137925, 0, 0, 506, 506, 1, 5.50%, 77, 10, 2, 410.41
1571137930, 0, 0, 508, 508, 1, 5.65%, 81, 10, 2, 439.67
1571137935, 0, 0, 513, 513, 1, 5.65%, 81, 10, 2, 393.74
1571137940, 0, 0, 516, 516, 1, 5.65%, 81, 10, 2, 389.04
1571137982, 0, 0, 517, 517, 1, 5.65%, 81, 10, 2, 395.65
1571137987, 0, 0, 522, 522, 1, 5.65%, 81, 10, 2, 394.67
1571137992, 0, 0, 524, 524, 1, 5.65%, 81, 10, 2, 388.22
1571138013, 0, 0, 526, 526, 1, 5.66%, 81, 10, 2, 390.04
1571138018, 0, 0, 530, 530, 1, 6.81%, 81, 10, 2, 54.67
1571138023, 0, 0, 537, 537, 1, 6.81%, 83, 10, 2, 420.62
1571138033, 0, 0, 539, 539, 1, 6.81%, 83, 10, 2, 398.17
1571138043, 0, 0, 547, 547, 1, 6.83%, 84, 10, 2, 345.31
1571138053, 0, 0, 547, 547, 1, 6.83%, 88, 10, 2, 71.37
1571138059, 0, 0, 550, 550, 1, 6.84%, 88, 10, 2, 389.79
1571138064, 0, 0, 552, 552, 1, 6.84%, 88, 10, 2, 359.55
1571138069, 0, 0, 561, 561, 1, 6.84%, 88, 10, 2, 393.50
1571138074, 0, 0, 564, 564, 1, 6.84%, 88, 10, 2, 381.95
1571138156, 0, 0, 566, 566, 1, 6.84%, 88, 10, 2, 384.47
1571138161, 0, 0, 570, 570, 1, 6.84%, 88, 10, 2, 388.67
1571138166, 0, 0, 573, 573, 1, 6.84%, 88, 10, 2, 391.72
1571138223, 0, 0, 576, 576, 1, 6.85%, 88, 10, 2, 389.83
1571138228, 0, 0, 596, 596, 1, 6.89%, 90, 10, 2, 419.12
1571138234, 0, 0, 600, 600, 1, 6.89%, 92, 11, 2, 72.74
1571138239, 0, 0, 609, 609, 1, 6.97%, 94, 11, 2, 379.83
1571138244, 0, 0, 611, 611, 1, 6.97%, 99, 11, 2, 403.02
1571138250, 0, 0, 612, 612, 1, 6.97%, 101, 11, 2, 49.51
1571138255, 0, 0, 614, 614, 1, 6.99%, 105, 11, 2, 388.52
1571138260, 0, 0, 620, 620, 1, 7.02%, 107, 11, 2, 404.37
1571138322, 0, 0, 620, 620, 1, 7.02%, 108, 11, 2, 6.61
1571138327, 0, 0, 622, 622, 1, 7.02%, 108, 12, 2, 403.38
1571138337, 0, 0, 624, 624, 1, 7.02%, 108, 12, 2, 15.83
1571138347, 0, 0, 628, 628, 1, 7.02%, 108, 12, 2, 392.74
1571138352, 0, 0, 632, 632, 1, 7.04%, 108, 12, 2, 381.64
1571138378, 0, 0, 661, 661, 1, 7.05%, 114, 12, 2, 377.77
1571138383, 0, 0, 674, 674, 1, 7.05%, 118, 13, 2, 297.01
1571138388, 0, 0, 680, 680, 1, 7.05%, 121, 13, 2, 361.92
1571138393, 0, 0, 687, 687, 1, 7.05%, 124, 13, 2, 375.71
1571138398, 0, 0, 691, 691, 1, 7.05%, 125, 13, 2, 379.36
1571138404, 0, 0, 694, 694, 1, 7.05%, 125, 14, 2, 387.82
1571138409, 0, 0, 698, 698, 1, 7.06%, 126, 14, 2, 369.60
1571138414, 0, 0, 700, 700, 1, 7.06%, 127, 15, 2, 388.61
1571138419, 0, 0, 702, 702, 1, 7.06%, 128, 15, 2, 376.90
1571138424, 0, 0, 707, 707, 1, 7.06%, 128, 15, 2, 371.90
1571138429, 0, 0, 709, 709, 1, 7.06%, 130, 15, 2, 374.94
1571138434, 0, 0, 709, 709, 1, 7.06%, 131, 15, 2, 377.21
1571138439, 0, 0, 712, 712, 1, 7.06%, 133, 15, 2, 378.06
1571138444, 0, 0, 713, 713, 1, 7.06%, 134, 15, 2, 388.36
1571138449, 0, 0, 713, 713, 1, 7.06%, 134, 16, 2, 395.19
1571138454, 0, 0, 714, 714, 1, 7.06%, 134, 16, 2, 389.75
1571138459, 0, 0, 714, 714, 1, 7.06%, 135, 16, 2, 385.82
1571138464, 0, 0, 719, 719, 1, 7.07%, 135, 16, 2, 391.08
1571138470, 0, 2, 723, 722, 232, 7.08%, 135, 16, 3, 477.07
1571138475, 0, 2, 724, 723, 232, 7.08%, 135, 16, 3, 608.74
1571138480, 0, 2, 725, 724, 232, 7.08%, 135, 16, 3, 608.44
1571138495, 0, 2, 727, 726, 232, 7.08%, 135, 16, 3, 608.04
1571138966, 0, 2, 730, 729, 232, 7.09%, 135, 16, 3, 591.68
1571139451, 0, 2, 731, 730, 232, 7.09%, 135, 16, 3, 608.75
1571139466, 0, 2, 732, 731, 232, 7.10%, 135, 16, 3, 607.61
1571139998, 0, 2, 738, 737, 232, 7.12%, 135, 16, 3, 49.14
1571140003, 0, 2, 742, 741, 232, 7.12%, 135, 16, 3, 528.64
1571140008, 0, 2, 743, 742, 232, 7.12%, 135, 16, 3, 592.20
1571140013, 0, 2, 745, 744, 232, 7.12%, 135, 16, 3, 606.24
1571140106, 0, 2, 747, 746, 232, 7.13%, 135, 16, 3, 607.09
1571140312, 0, 2, 748, 747, 232, 7.13%, 135, 16, 3, 59.16
1571140317, 0, 4, 748, 746, 247, 7.13%, 135, 16, 3, 340.70
1571142169, 0, 7, 748, 745, 246, 7.13%, 135, 16, 3, 610.27
1571142174, 0, 7, 750, 747, 246, 7.14%, 135, 16, 3, 600.24
1571145065, 0, 7, 751, 748, 246, 7.14%, 135, 16, 3, 558.14
1571145193, 0, 7, 753, 750, 246, 7.15%, 135, 16, 3, 601.49
1571145348, 0, 7, 754, 751, 246, 7.15%, 135, 16, 3, 546.93
1571145394, 0, 7, 761, 758, 246, 7.21%, 135, 16, 3, 236.16
1571145481, 0, 7, 762, 759, 246, 7.21%, 135, 16, 3, 278.88
1571145548, 0, 7, 764, 761, 246, 7.21%, 135, 16, 3, 586.09
1571145553, 0, 9, 764, 760, 257, 7.21%, 136, 16, 3, 610.45
1571146036, 0, 9, 765, 761, 257, 7.21%, 136, 16, 3, 614.98
1571146521, 0, 9, 765, 761, 257, 7.21%, 137, 16, 3, 49.48
1571147072, 0, 9, 767, 763, 257, 7.22%, 137, 16, 3, 89.75
1571147385, 0, 9, 768, 764, 257, 7.22%, 137, 16, 3, 60.51
1571147396, 0, 9, 770, 766, 257, 7.22%, 137, 16, 3, 548.39
1571147529, 0, 9, 774, 770, 257, 7.22%, 137, 16, 3, 583.22
1571147534, 0, 9, 777, 773, 257, 7.22%, 137, 16, 3, 552.88
1571147540, 0, 9, 779, 775, 257, 7.22%, 138, 16, 3, 573.41
1571147545, 0, 9, 782, 778, 257, 7.22%, 139, 16, 3, 557.60
1571147550, 0, 9, 783, 779, 257, 7.22%, 141, 16, 3, 568.19
1571147555, 0, 9, 786, 782, 257, 7.22%, 141, 16, 3, 577.63
1571147560, 0, 9, 789, 785, 257, 7.22%, 142, 16, 3, 575.92
1571147566, 0, 9, 790, 786, 257, 7.22%, 142, 16, 3, 562.94
1571147571, 0, 11, 792, 787, 258, 7.22%, 146, 16, 3, 581.14
1571149094, 0, 11, 793, 788, 258, 7.23%, 146, 16, 3, 49.07
1571149499, 0, 11, 793, 788, 258, 7.23%, 147, 16, 3, 611.88
1571149561, 0, 11, 797, 792, 258, 7.23%, 147, 16, 3, 567.30
1571149566, 0, 11, 802, 797, 258, 7.23%, 147, 16, 3, 570.41
1571149571, 0, 11, 805, 800, 258, 7.23%, 147, 16, 3, 584.41
1571149576, 0, 11, 808, 803, 258, 7.23%, 147, 16, 3, 560.08
1571149587, 0, 11, 811, 806, 258, 7.23%, 147, 16, 3, 570.20
1571149592, 0, 11, 812, 807, 258, 7.23%, 147, 16, 3, 583.65
1571149597, 0, 11, 813, 808, 258, 7.23%, 147, 16, 3, 571.51
1571149602, 0, 12, 813, 807, 257, 7.23%, 147, 16, 3, 609.76
1571151121, 0, 12, 813, 807, 257, 7.23%, 148, 16, 3, 49.39
1571151593, 0, 20, 813, 806, 256, 7.23%, 148, 16, 3, 410.57
1571151599, 0, 20, 815, 808, 256, 7.24%, 150, 17, 3, 212.56
1571151604, 0, 20, 816, 809, 256, 7.24%, 152, 17, 3, 474.30
1571153470, 0, 20, 817, 810, 256, 7.24%, 152, 17, 3, 426.68
1571153633, 0, 20, 818, 811, 256, 7.24%, 152, 17, 3, 96.90
1571153880, 0, 20, 819, 812, 256, 7.24%, 152, 17, 3, 487.83
1571153900, 0, 20, 820, 813, 256, 7.24%, 152, 17, 3, 521.68
1571154029, 0, 20, 822, 815, 256, 7.24%, 152, 17, 3, 467.86
1571154034, 0, 20, 824, 817, 256, 7.24%, 152, 17, 3, 495.40
1571154049, 0, 20, 824, 817, 256, 7.24%, 153, 17, 3, 369.37
1571154054, 0, 20, 825, 818, 256, 7.24%, 153, 17, 3, 455.66
1571154106, 0, 20, 826, 819, 256, 7.24%, 153, 17, 3, 480.37
1571154131, 0, 20, 829, 822, 256, 7.24%, 154, 17, 3, 468.98
1571154136, 0, 20, 830, 823, 256, 7.24%, 154, 17, 3, 448.35
1571154141, 0, 20, 837, 830, 256, 7.25%, 156, 17, 3, 433.49
1571154146, 0, 20, 839, 832, 256, 7.25%, 156, 17, 3, 430.39
1571154151, 0, 20, 839, 832, 256, 7.25%, 158, 18, 3, 392.54
1571154156, 0, 20, 840, 833, 256, 7.25%, 162, 18, 3, 428.82
1571154162, 0, 20, 841, 834, 256, 7.25%, 162, 19, 3, 428.19
1571154167, 0, 20, 844, 837, 256, 7.25%, 164, 20, 3, 451.32
1571154172, 0, 20, 846, 839, 256, 7.25%, 164, 20, 3, 81.40
1571154177, 0, 20, 848, 841, 256, 7.26%, 165, 20, 3, 446.58
1571154182, 0, 20, 849, 842, 256, 7.26%, 170, 20, 3, 448.92
1571154187, 0, 20, 850, 843, 256, 7.26%, 170, 20, 3, 441.29
1571154192, 0, 20, 851, 844, 256, 7.26%, 170, 21, 3, 494.46
1571154197, 0, 20, 852, 845, 256, 7.26%, 171, 21, 3, 459.05
1571154202, 0, 20, 852, 845, 256, 7.26%, 172, 21, 3, 455.93
1571154207, 0, 20, 852, 845, 256, 7.26%, 173, 22, 3, 468.90
1571154213, 0, 25, 852, 844, 262, 7.26%, 173, 22, 3, 482.70
1571156072, 0, 25, 853, 845, 262, 7.26%, 173, 22, 3, 595.14
1571156210, 0, 25, 853, 845, 262, 7.26%, 174, 22, 3, 514.83
1571156276, 0, 32, 853, 844, 262, 7.26%, 174, 22, 3, 523.17
1571156286, 0, 32, 853, 844, 262, 7.26%, 175, 22, 3, 376.63
1571163369, 0, 32, 854, 845, 262, 7.26%, 175, 22, 3, 391.37
1571164425, 0, 32, 854, 845, 262, 7.26%, 176, 22, 3, 387.94
1571164430, 0, 52, 854, 844, 262, 7.26%, 176, 22, 3, 386.09
1571164435, 0, 52, 855, 845, 262, 7.26%, 176, 22, 3, 335.46
1571164440, 0, 52, 856, 846, 262, 7.26%, 176, 22, 3, 374.96
1571164445, 0, 52, 858, 848, 262, 7.26%, 176, 22, 3, 388.07
1571164455, 0, 52, 859, 849, 262, 7.26%, 176, 22, 3, 382.00
1571164471, 0, 52, 860, 850, 262, 7.26%, 176, 22, 3, 385.00
1571166730, 0, 52, 860, 850, 262, 7.26%, 177, 22, 3, 401.89
1571166761, 0, 52, 861, 851, 262, 7.26%, 177, 22, 3, 379.27
1571169007, 0, 52, 861, 851, 262, 7.26%, 178, 22, 3, 383.50
1571172127, 0, 52, 862, 852, 262, 7.26%, 178, 22, 3, 370.47
1571172280, 0, 52, 862, 852, 262, 7.26%, 179, 22, 3, 398.18
1571172635, 0, 52, 863, 853, 262, 7.26%, 179, 22, 3, 383.42
1571172640, 0, 57, 863, 852, 262, 7.26%, 180, 22, 3, 389.30
1571172650, 0, 57, 864, 853, 262, 7.26%, 180, 22, 3, 402.75
1571180861, 0, 67, 864, 852, 261, 7.26%, 180, 22, 3, 380.68
1571187985, 0, 67, 865, 853, 261, 7.26%, 180, 22, 3, 375.84
1571188914, 0, 67, 866, 854, 261, 7.26%, 180, 22, 3, 397.56
1571188919, 0, 67, 867, 855, 261, 7.27%, 180, 22, 3, 409.83
1571189068, 0, 93, 867, 854, 260, 7.27%, 180, 22, 3, 381.57
1571189073, 0, 93, 867, 854, 260, 7.27%, 181, 22, 3, 395.74
1571189083, 0, 93, 881, 868, 260, 7.27%, 181, 22, 3, 446.23
1571189088, 0, 93, 882, 869, 260, 7.27%, 181, 22, 3, 389.58
1571191349, 0, 93, 883, 870, 260, 7.27%, 181, 22, 3, 288.60
1571191354, 0, 93, 884, 871, 260, 7.27%, 181, 22, 3, 354.45
1571193626, 0, 93, 885, 872, 260, 7.27%, 181, 22, 3, 382.21
1571196224, 0, 93, 890, 877, 260, 7.27%, 181, 22, 3, 485.16
1571196235, 0, 93, 894, 881, 260, 7.27%, 181, 22, 3, 382.17
1571196748, 0, 93, 895, 882, 260, 7.27%, 181, 22, 3, 379.33
1571196917, 0, 93, 899, 886, 260, 7.27%, 181, 22, 3, 367.03
1571197072, 0, 93, 899, 886, 260, 7.27%, 190, 22, 3, 387.84
1571197087, 0, 93, 900, 887, 260, 7.27%, 190, 22, 3, 360.30
1571197092, 0, 93, 901, 888, 260, 7.27%, 191, 22, 3, 324.63
1571197097, 0, 93, 902, 889, 260, 7.28%, 191, 22, 3, 50.14
1571197102, 0, 93, 903, 890, 260, 7.28%, 191, 22, 3, 352.43
1571197107, 0, 93, 905, 892, 260, 7.28%, 191, 22, 3, 389.49
1571197235, 0, 95, 905, 891, 261, 7.28%, 191, 22, 3, 384.52
1571197251, 0, 95, 907, 893, 261, 7.29%, 191, 22, 3, 389.78
1571197256, 0, 95, 910, 896, 261, 7.29%, 191, 22, 3, 384.31
1571197276, 0, 95, 912, 898, 261, 7.29%, 191, 22, 3, 376.04
1571197282, 0, 95, 916, 902, 261, 7.29%, 191, 22, 3, 383.37
1571204358, 0, 95, 917, 903, 261, 7.29%, 191, 22, 3, 374.67
1571204419, 0, 95, 919, 905, 261, 7.29%, 191, 22, 3, 413.68
1571205122, 0, 95, 920, 906, 261, 7.29%, 191, 22, 3, 396.60
1571205128, 0, 95, 921, 907, 261, 7.29%, 191, 22, 3, 379.73
1571205293, 0, 95, 921, 907, 261, 7.29%, 192, 22, 3, 398.28
1571205308, 0, 95, 922, 908, 261, 7.29%, 192, 22, 3, 390.29
1571205472, 0, 96, 922, 907, 264, 7.29%, 192, 22, 3, 49.46
1571205487, 0, 96, 923, 908, 264, 7.29%, 192, 22, 3, 381.62
1571205513, 0, 96, 928, 913, 264, 7.29%, 192, 22, 3, 380.28
1571213521, 0, 96, 928, 913, 264, 7.29%, 193, 22, 3, 403.49
1571213536, 0, 96, 929, 914, 264, 7.29%, 193, 22, 3, 409.64
1571213700, 0, 102, 929, 913, 264, 7.29%, 193, 23, 3, 52.12
1571213705, 0, 102, 930, 914, 264, 7.29%, 193, 23, 3, 502.60
1571215537, 0, 102, 930, 914, 264, 7.29%, 194, 23, 3, 514.93
1571215680, 0, 102, 931, 915, 264, 7.29%, 194, 23, 3, 483.72
1571215868, 0, 102, 932, 916, 264, 7.29%, 194, 23, 3, 522.74
1571215939, 0, 102, 933, 917, 264, 7.29%, 194, 23, 3, 518.91
1571216031, 0, 102, 934, 918, 264, 7.29%, 194, 23, 3, 520.32
1571216041, 0, 102, 935, 919, 264, 7.29%, 194, 23, 3, 441.99
1571216122, 0, 103, 935, 918, 264, 7.29%, 194, 23, 3, 522.06
1571216127, 0, 103, 936, 919, 264, 7.29%, 194, 23, 3, 501.79
