# unix_time, cycles_done, cur_path, paths_total, pending_total, pending_favs, map_size, unique_crashes, unique_hangs, max_depth, execs_per_sec
1572440447, 0, 0, 1, 1, 1, 3.44%, 0, 0, 1, 1142.86
1572440452, 0, 0, 81, 81, 1, 5.13%, 0, 0, 2, 1272.62
1572440457, 0, 0, 93, 93, 1, 5.14%, 0, 0, 2, 1353.97
1572440477, 0, 0, 224, 224, 1, 5.63%, 0, 0, 2, 1228.51
1572440483, 0, 0, 246, 246, 1, 5.69%, 0, 0, 2, 1317.96
1572440503, 0, 0, 254, 254, 1, 5.69%, 0, 0, 2, 1304.15
1572440508, 0, 0, 275, 275, 1, 5.77%, 0, 0, 2, 1270.38
1572440513, 0, 0, 285, 285, 1, 5.78%, 0, 0, 2, 1262.72
1572440533, 0, 0, 291, 291, 1, 5.80%, 0, 0, 2, 1286.47
1572440538, 0, 0, 306, 306, 1, 5.84%, 0, 0, 2, 730.31
1572440549, 0, 0, 325, 325, 1, 5.86%, 0, 0, 2, 582.93
1572440554, 0, 0, 344, 344, 1, 5.88%, 0, 0, 2, 607.88
1572440559, 0, 0, 364, 364, 1, 5.91%, 0, 0, 2, 573.91
1572440564, 0, 0, 369, 369, 1, 5.92%, 0, 0, 2, 600.85
1572440594, 0, 0, 386, 386, 1, 6.02%, 0, 0, 2, 534.54
1572440600, 0, 0, 403, 403, 1, 6.04%, 0, 0, 2, 577.65
1572440605, 0, 0, 406, 406, 1, 6.05%, 0, 0, 2, 529.76
1572440610, 0, 0, 408, 408, 1, 6.05%, 0, 0, 2, 551.39
1572440615, 0, 0, 411, 411, 1, 6.06%, 0, 0, 2, 568.92
1572440620, 0, 0, 417, 417, 1, 6.06%, 0, 0, 2, 581.10
1572440625, 0, 0, 418, 418, 1, 6.06%, 0, 0, 2, 584.59
1572440640, 0, 0, 421, 421, 1, 6.07%, 0, 0, 2, 538.38
1572440646, 0, 0, 423, 423, 1, 6.07%, 0, 0, 2, 554.69
1572440651, 0, 0, 427, 427, 1, 6.07%, 0, 0, 2, 608.59
1572440656, 0, 0, 432, 432, 1, 6.07%, 0, 0, 2, 565.28
1572440687, 0, 0, 435, 435, 1, 6.07%, 0, 0, 2, 509.08
1572440692, 0, 0, 436, 436, 1, 6.07%, 0, 0, 2, 543.60
1572440697, 0, 0, 444, 444, 1, 6.11%, 0, 0, 2, 547.42
1572440702, 0, 0, 452, 452, 1, 6.12%, 0, 0, 2, 545.84
1572440707, 0, 0, 659, 659, 1, 6.51%, 0, 0, 2, 493.72
1572440712, 0, 0, 815, 815, 1, 6.59%, 0, 0, 2, 482.28
1572440717, 0, 0, 902, 902, 1, 6.68%, 0, 0, 2, 470.94
1572440723, 0, 0, 962, 962, 1, 6.74%, 0, 0, 2, 484.38
1572440728, 0, 0, 1010, 1010, 1, 6.79%, 0, 0, 2, 481.20
1572440733, 0, 0, 1046, 1046, 1, 6.81%, 0, 0, 2, 489.69
1572440738, 0, 0, 1074, 1074, 1, 6.83%, 0, 0, 2, 488.50
1572440743, 0, 0, 1095, 1095, 1, 6.84%, 0, 0, 2, 486.28
1572440748, 0, 0, 1116, 1116, 1, 6.87%, 0, 0, 2, 473.67
1572440753, 0, 0, 1133, 1133, 1, 6.88%, 0, 0, 2, 482.94
1572440758, 0, 0, 1146, 1146, 1, 6.88%, 0, 0, 2, 487.07
1572440763, 0, 0, 1157, 1157, 1, 6.89%, 0, 0, 2, 491.15
1572440768, 0, 0, 1171, 1171, 1, 6.89%, 0, 0, 2, 481.47
1572440774, 0, 0, 1185, 1185, 1, 6.89%, 0, 0, 2, 480.12
1572440779, 0, 0, 1193, 1193, 1, 6.89%, 0, 0, 2, 477.76
1572440784, 0, 4, 1207, 1206, 229, 6.90%, 0, 0, 2, 468.87
1572440947, 0, 4, 1208, 1207, 229, 6.92%, 0, 0, 3, 468.00
1572441043, 0, 4, 1209, 1208, 229, 6.92%, 0, 0, 3, 464.44
1572441073, 0, 4, 1210, 1209, 229, 6.92%, 0, 0, 3, 462.23
1572441099, 0, 4, 1212, 1211, 229, 6.92%, 0, 0, 3, 454.03
1572441155, 0, 4, 1213, 1212, 229, 6.92%, 0, 0, 3, 456.65
1572441266, 0, 4, 1214, 1213, 229, 6.92%, 0, 0, 3, 463.97
1572441602, 0, 4, 1215, 1214, 229, 6.92%, 0, 0, 3, 957.66
1572441607, 0, 4, 1216, 1215, 229, 6.93%, 0, 0, 3, 978.32
1572441612, 0, 4, 1217, 1216, 229, 6.93%, 0, 0, 3, 953.46
1572441618, 0, 4, 1218, 1217, 229, 6.93%, 0, 0, 3, 944.52
1572441648, 0, 4, 1219, 1218, 229, 6.93%, 0, 0, 3, 949.92
1572441730, 0, 4, 1223, 1222, 229, 6.93%, 0, 0, 3, 947.73
1572441735, 0, 4, 1235, 1234, 229, 6.93%, 0, 0, 3, 957.77
1572441740, 0, 4, 1245, 1244, 229, 6.93%, 0, 0, 3, 957.17
1572441745, 0, 4, 1256, 1255, 229, 6.94%, 0, 0, 3, 964.08
1572441751, 0, 4, 1266, 1265, 229, 6.95%, 0, 0, 3, 962.08
1572441756, 0, 4, 1274, 1273, 229, 6.95%, 0, 0, 3, 960.05
1572441761, 0, 4, 1276, 1275, 229, 6.95%, 0, 0, 3, 962.94
1572441766, 0, 22, 1281, 1279, 239, 7.03%, 0, 0, 3, 994.64
1572441771, 0, 22, 1286, 1284, 239, 7.04%, 0, 0, 3, 1032.14
1572441776, 0, 22, 1287, 1285, 239, 7.04%, 0, 0, 3, 1041.83
1572441837, 0, 22, 1288, 1286, 239, 7.04%, 0, 0, 3, 1027.28
1572441842, 0, 22, 1289, 1287, 239, 7.04%, 0, 0, 3, 1050.14
1572441882, 0, 22, 1290, 1288, 239, 7.04%, 0, 0, 3, 1031.75
1572441892, 0, 22, 1291, 1289, 239, 7.04%, 0, 0, 3, 1044.68
1572441903, 0, 22, 1293, 1291, 239, 7.04%, 0, 0, 3, 1056.42
1572441913, 0, 22, 1295, 1293, 239, 7.04%, 0, 0, 3, 1052.26
1572441918, 0, 22, 1296, 1294, 239, 7.04%, 0, 0, 3, 1050.37
1572441923, 0, 22, 1297, 1295, 239, 7.04%, 0, 0, 3, 1050.56
1572442309, 0, 22, 1298, 1296, 239, 7.04%, 0, 0, 3, 975.66
1572442319, 0, 22, 1313, 1311, 239, 7.05%, 0, 0, 3, 965.85
1572442325, 0, 22, 1325, 1323, 239, 7.06%, 0, 0, 3, 978.49
1572442330, 0, 22, 1331, 1329, 239, 7.06%, 0, 0, 3, 978.65
1572442335, 0, 22, 1341, 1339, 239, 7.08%, 0, 0, 3, 978.30
1572442340, 0, 22, 1348, 1346, 239, 7.08%, 0, 0, 3, 978.40
1572442345, 0, 22, 1354, 1352, 239, 7.09%, 0, 0, 3, 980.30
1572442350, 0, 34, 1359, 1356, 250, 7.10%, 0, 0, 3, 973.82
1572442355, 0, 34, 1360, 1357, 250, 7.10%, 0, 0, 3, 1038.41
1572442360, 0, 34, 1361, 1358, 250, 7.10%, 0, 0, 3, 1050.41
1572442905, 0, 34, 1367, 1364, 250, 7.10%, 0, 0, 3, 946.22
1572442910, 0, 34, 1377, 1374, 250, 7.10%, 0, 0, 3, 946.41
1572442915, 0, 34, 1381, 1378, 250, 7.11%, 0, 0, 3, 938.79
1572442920, 0, 34, 1387, 1384, 250, 7.13%, 0, 0, 3, 941.62
1572442925, 0, 34, 1393, 1390, 250, 7.13%, 0, 0, 3, 941.60
1572442930, 0, 34, 1398, 1395, 250, 7.13%, 0, 0, 3, 940.84
1572442935, 0, 34, 1403, 1400, 250, 7.13%, 0, 0, 3, 942.11
1572442940, 0, 37, 1406, 1402, 250, 7.13%, 0, 0, 3, 986.08
1572443494, 0, 49, 1406, 1401, 249, 7.13%, 0, 0, 3, 1046.38
1572443682, 0, 49, 1410, 1405, 249, 7.14%, 0, 0, 3, 1031.63
1572443687, 0, 49, 1414, 1409, 249, 7.14%, 0, 0, 3, 1003.57
1572443692, 0, 49, 1416, 1411, 249, 7.14%, 0, 0, 3, 1002.52
1572443697, 0, 49, 1422, 1417, 249, 7.14%, 0, 0, 3, 998.15
1572443702, 0, 49, 1428, 1423, 249, 7.14%, 0, 0, 3, 994.87
1572443707, 0, 57, 1430, 1424, 251, 7.14%, 0, 0, 3, 1145.35
1572444022, 0, 57, 1431, 1425, 251, 7.14%, 0, 0, 3, 498.04
1572444028, 0, 57, 1435, 1429, 251, 7.14%, 0, 0, 3, 488.39
1572444033, 0, 57, 1440, 1434, 251, 7.14%, 0, 0, 3, 477.11
1572444038, 0, 57, 1442, 1436, 251, 7.14%, 0, 0, 3, 479.14
1572444043, 0, 57, 1445, 1439, 251, 7.14%, 0, 0, 3, 473.91
1572444058, 0, 57, 1447, 1441, 251, 7.14%, 0, 0, 3, 478.24
1572444068, 0, 57, 1451, 1445, 251, 7.15%, 0, 0, 3, 480.36
1572444073, 0, 95, 1451, 1444, 253, 7.15%, 0, 0, 3, 469.90
1572445050, 0, 95, 1453, 1446, 253, 7.15%, 0, 0, 3, 448.35
1572445055, 0, 95, 1455, 1448, 253, 7.15%, 0, 0, 3, 455.72
1572445060, 0, 95, 1457, 1450, 253, 7.15%, 0, 0, 3, 453.03
1572445065, 0, 95, 1458, 1451, 253, 7.15%, 0, 0, 3, 457.33
1572445070, 0, 95, 1459, 1452, 253, 7.15%, 0, 0, 3, 451.99
1572445081, 0, 95, 1462, 1455, 253, 7.15%, 0, 0, 3, 455.07
1572445086, 0, 95, 1464, 1457, 253, 7.15%, 0, 0, 3, 449.85
1572445091, 0, 95, 1465, 1458, 253, 7.15%, 0, 0, 3, 454.64
1572445096, 0, 95, 1467, 1460, 253, 7.15%, 0, 0, 3, 453.93
1572445101, 0, 95, 1470, 1463, 253, 7.15%, 0, 0, 3, 455.74
1572445111, 0, 95, 1472, 1465, 253, 7.16%, 0, 0, 3, 452.83
1572445116, 0, 95, 1475, 1468, 253, 7.16%, 0, 0, 3, 458.94
1572445121, 0, 99, 1475, 1467, 254, 7.16%, 0, 0, 3, 462.87
1572446001, 0, 101, 1475, 1466, 253, 7.16%, 0, 0, 3, 947.00
1572446119, 0, 101, 1476, 1467, 253, 7.16%, 0, 0, 3, 946.16
1572446608, 0, 103, 1476, 1466, 253, 7.16%, 0, 0, 3, 1104.85
1572446634, 0, 103, 1479, 1469, 253, 7.16%, 0, 0, 3, 1232.59
1572446695, 0, 103, 1480, 1470, 253, 7.16%, 0, 0, 3, 1226.86
1572446705, 0, 103, 1481, 1471, 253, 7.16%, 0, 0, 3, 1222.63
1572446771, 0, 103, 1482, 1472, 253, 7.17%, 0, 0, 3, 1114.35
1572446791, 0, 103, 1486, 1476, 253, 7.17%, 0, 0, 3, 1020.50
1572446796, 0, 103, 1488, 1478, 253, 7.17%, 0, 0, 3, 1001.20
1572446806, 0, 103, 1489, 1479, 253, 7.17%, 0, 0, 3, 999.15
1572446811, 0, 103, 1492, 1482, 253, 7.17%, 0, 0, 3, 1000.95
1572446816, 0, 105, 1492, 1481, 252, 7.17%, 0, 0, 3, 1197.94
1572446975, 0, 105, 1493, 1482, 252, 7.17%, 0, 0, 3, 1125.87
1572446995, 0, 108, 1493, 1481, 252, 7.17%, 0, 0, 3, 1026.91
1572447123, 0, 108, 1494, 1482, 252, 7.17%, 0, 0, 3, 939.40
1572447601, 0, 113, 1495, 1482, 251, 7.17%, 0, 0, 3, 935.52
1572447607, 0, 113, 1496, 1483, 251, 7.17%, 0, 0, 3, 930.50
1572447642, 0, 113, 1497, 1484, 251, 7.17%, 0, 0, 3, 931.72
1572447662, 0, 113, 1498, 1485, 251, 7.17%, 0, 0, 3, 926.45
1572447687, 0, 113, 1499, 1486, 251, 7.17%, 0, 0, 3, 934.07
1572447692, 0, 113, 1500, 1487, 251, 7.17%, 0, 0, 3, 933.63
1572447718, 0, 113, 1501, 1488, 251, 7.17%, 0, 0, 3, 934.56
1572447844, 0, 113, 1502, 1489, 251, 7.17%, 0, 0, 3, 934.61
1572448521, 0, 115, 1502, 1488, 250, 7.17%, 0, 0, 3, 450.45
1572448577, 0, 115, 1505, 1491, 250, 7.19%, 0, 0, 3, 583.86
1572448938, 0, 115, 1506, 1492, 250, 7.19%, 0, 0, 3, 483.03
1572448943, 0, 116, 1506, 1491, 252, 7.19%, 0, 0, 3, 462.32
1572449447, 0, 116, 1507, 1492, 252, 7.19%, 0, 0, 3, 447.41
1572449914, 0, 116, 1510, 1495, 252, 7.20%, 0, 0, 3, 953.12
1572449919, 0, 116, 1514, 1499, 252, 7.20%, 0, 0, 3, 960.61
1572449924, 0, 116, 1515, 1500, 252, 7.20%, 0, 0, 3, 962.92
1572449930, 0, 116, 1516, 1501, 252, 7.20%, 0, 0, 3, 962.17
1572449945, 0, 116, 1518, 1503, 252, 7.20%, 0, 0, 3, 954.53
1572449950, 0, 117, 1518, 1502, 250, 7.20%, 0, 0, 3, 1141.59
1572449976, 0, 117, 1519, 1503, 250, 7.20%, 0, 0, 3, 1216.76
1572450129, 0, 117, 1520, 1504, 250, 7.21%, 0, 0, 3, 1070.65
1572450134, 0, 117, 1521, 1505, 250, 7.21%, 0, 0, 3, 984.71
1572450139, 0, 119, 1521, 1504, 251, 7.21%, 0, 0, 3, 942.99
1572450175, 0, 119, 1522, 1505, 251, 7.21%, 0, 0, 3, 921.52
1572450256, 0, 119, 1523, 1506, 251, 7.21%, 0, 0, 3, 926.14
1572450756, 0, 120, 1523, 1505, 251, 7.21%, 0, 0, 3, 935.72
1572451378, 0, 126, 1523, 1504, 250, 7.21%, 0, 0, 3, 995.34
1572451519, 0, 126, 1524, 1505, 250, 7.21%, 0, 0, 3, 1040.00
1572451929, 0, 126, 1525, 1506, 250, 7.21%, 0, 0, 3, 979.11
1572451934, 0, 129, 1526, 1506, 248, 7.21%, 0, 0, 3, 984.01
1572451959, 0, 129, 1527, 1507, 248, 7.21%, 0, 0, 3, 1271.25
1572452117, 0, 130, 1527, 1506, 247, 7.21%, 0, 0, 3, 984.61
1572452153, 0, 130, 1528, 1507, 247, 7.43%, 0, 0, 3, 924.02
1572452194, 0, 130, 1530, 1509, 247, 7.44%, 0, 0, 3, 927.22
1572452235, 0, 130, 1531, 1510, 247, 7.45%, 0, 0, 3, 927.55
1572452357, 0, 130, 1532, 1511, 247, 7.45%, 0, 0, 3, 928.78
1572452744, 0, 130, 1536, 1515, 247, 7.45%, 0, 0, 3, 462.40
1572452749, 0, 130, 1537, 1516, 247, 7.45%, 0, 0, 3, 454.79
1572452754, 0, 130, 1539, 1518, 247, 7.45%, 0, 0, 3, 450.39
1572452765, 0, 130, 1541, 1520, 247, 7.45%, 0, 0, 3, 446.20
1572452770, 0, 130, 1542, 1521, 247, 7.45%, 0, 0, 3, 441.24
1572452775, 0, 130, 1543, 1522, 247, 7.47%, 0, 0, 3, 450.30
1572452780, 0, 130, 1544, 1523, 247, 7.47%, 0, 0, 3, 451.67
1572452785, 0, 130, 1547, 1526, 247, 7.47%, 0, 0, 3, 450.75
1572452790, 0, 130, 1549, 1528, 247, 7.47%, 0, 0, 3, 448.47
1572452805, 0, 130, 1552, 1531, 247, 7.47%, 0, 0, 3, 440.82
1572452810, 0, 130, 1553, 1532, 247, 7.47%, 0, 0, 3, 441.13
1572452815, 0, 132, 1553, 1531, 253, 7.47%, 0, 0, 3, 447.82
1572453228, 0, 136, 1553, 1530, 252, 7.47%, 0, 0, 3, 476.43
1572453289, 0, 136, 1554, 1531, 252, 7.47%, 0, 0, 3, 571.16
1572453640, 0, 136, 1555, 1532, 252, 7.47%, 0, 0, 3, 475.86
1572453645, 0, 137, 1555, 1531, 251, 7.47%, 0, 0, 3, 464.52
1572453722, 0, 137, 1556, 1532, 251, 7.48%, 0, 0, 3, 437.77
1572453727, 0, 137, 1557, 1533, 251, 7.48%, 0, 0, 3, 439.91
1572453808, 0, 137, 1558, 1534, 251, 7.48%, 0, 0, 3, 437.61
1572454163, 0, 137, 1559, 1535, 251, 7.48%, 0, 0, 3, 438.97
1572454952, 0, 143, 1559, 1534, 253, 7.48%, 0, 0, 3, 1087.75
1572454977, 0, 143, 1560, 1535, 253, 7.48%, 0, 0, 3, 1179.89
1572454982, 0, 143, 1561, 1536, 253, 7.48%, 0, 0, 3, 1160.98
1572455145, 0, 144, 1561, 1535, 252, 7.48%, 0, 0, 3, 1016.70
1572455181, 0, 144, 1563, 1537, 252, 7.49%, 0, 0, 3, 928.33
1572455391, 0, 144, 1564, 1538, 252, 7.49%, 0, 0, 3, 929.59
1572455768, 0, 148, 1564, 1537, 254, 7.49%, 0, 0, 3, 938.24
1572455824, 0, 148, 1565, 1538, 254, 7.49%, 0, 0, 3, 925.46
1572456384, 0, 149, 1565, 1537, 253, 7.49%, 0, 0, 3, 1004.03
1572456415, 0, 149, 1566, 1538, 253, 7.49%, 0, 0, 3, 1216.64
1572456583, 0, 151, 1566, 1537, 252, 7.49%, 0, 0, 3, 962.56
1572457200, 0, 153, 1566, 1536, 251, 7.49%, 0, 0, 3, 949.13
1572457231, 0, 153, 1567, 1537, 251, 7.49%, 0, 0, 3, 1223.46
1572457398, 0, 154, 1567, 1536, 250, 7.49%, 0, 0, 3, 1182.89
1572457423, 0, 154, 1568, 1537, 250, 7.49%, 0, 0, 3, 1206.49
1572457591, 0, 161, 1568, 1536, 249, 7.49%, 0, 0, 3, 1033.40
1572457834, 0, 161, 1569, 1537, 249, 7.49%, 0, 0, 3, 933.78
1572458210, 0, 161, 1573, 1541, 249, 7.50%, 0, 0, 3, 951.42
1572458215, 0, 161, 1575, 1543, 249, 7.50%, 0, 0, 3, 958.23
1572458220, 0, 161, 1576, 1544, 249, 7.50%, 0, 0, 3, 951.88
1572458225, 0, 161, 1578, 1546, 249, 7.50%, 0, 0, 3, 954.93
1572458240, 0, 163, 1579, 1546, 251, 7.50%, 0, 0, 3, 949.28
1572458322, 0, 163, 1580, 1547, 251, 7.50%, 0, 0, 3, 926.98
1572459104, 0, 163, 1582, 1549, 251, 7.50%, 0, 0, 3, 447.97
1572459114, 0, 163, 1584, 1551, 251, 7.50%, 0, 0, 3, 444.38
1572459119, 0, 163, 1585, 1552, 251, 7.50%, 0, 0, 3, 445.31
1572459145, 0, 163, 1586, 1553, 251, 7.50%, 0, 0, 3, 452.16
1572459150, 0, 163, 1588, 1555, 251, 7.50%, 0, 0, 3, 455.35
1572459155, 0, 163, 1589, 1556, 251, 7.50%, 0, 0, 3, 456.93
1572459170, 0, 163, 1590, 1557, 251, 7.50%, 0, 0, 3, 451.04
1572459175, 0, 167, 1591, 1557, 251, 7.50%, 0, 0, 3, 452.76
1572460483, 0, 169, 1591, 1556, 250, 7.50%, 0, 0, 3, 497.84
1572460889, 0, 169, 1592, 1557, 250, 7.50%, 0, 0, 3, 475.66
1572460894, 0, 170, 1592, 1556, 249, 7.50%, 0, 0, 3, 462.55
1572461315, 0, 170, 1594, 1558, 249, 7.51%, 0, 0, 3, 935.28
1572461660, 0, 173, 1594, 1557, 250, 7.51%, 0, 0, 3, 943.20
1572462268, 0, 174, 1594, 1556, 249, 7.51%, 0, 0, 3, 943.97
1572462876, 0, 175, 1594, 1555, 248, 7.51%, 0, 0, 3, 952.37
1572463480, 0, 176, 1594, 1554, 247, 7.51%, 0, 0, 3, 953.50
1572464087, 0, 178, 1594, 1553, 246, 7.51%, 0, 0, 3, 952.38
1572464701, 0, 182, 1594, 1552, 245, 7.51%, 0, 0, 3, 912.77
1572465983, 0, 187, 1594, 1551, 244, 7.51%, 0, 0, 3, 446.38
1572466049, 0, 187, 1595, 1552, 244, 7.51%, 0, 0, 3, 567.43
1572466170, 0, 187, 1596, 1553, 244, 7.51%, 0, 0, 3, 562.93
1572466398, 0, 189, 1596, 1552, 245, 7.51%, 0, 0, 3, 465.53
1572466814, 0, 192, 1596, 1551, 244, 7.51%, 0, 0, 3, 498.95
1572467199, 0, 198, 1596, 1550, 243, 7.51%, 0, 0, 3, 523.17
1572467524, 0, 212, 1596, 1549, 242, 7.51%, 0, 0, 3, 1180.57
1572467717, 0, 215, 1596, 1548, 241, 7.51%, 0, 0, 3, 1038.16
1572467916, 0, 215, 1597, 1549, 241, 7.51%, 0, 0, 3, 1028.71
1572467921, 0, 225, 1597, 1548, 240, 7.51%, 0, 0, 3, 968.96
1572468525, 0, 233, 1597, 1547, 239, 7.51%, 0, 0, 3, 1144.26
1572468723, 0, 237, 1597, 1546, 238, 7.51%, 0, 0, 3, 1183.14
1572468906, 0, 237, 1598, 1547, 238, 7.51%, 0, 0, 3, 1038.75
1572468912, 0, 240, 1598, 1546, 237, 7.51%, 0, 0, 3, 1145.06
1572469106, 0, 252, 1598, 1545, 236, 7.51%, 0, 0, 3, 1185.83
1572469162, 0, 252, 1599, 1546, 236, 7.51%, 0, 0, 3, 1234.61
1572469187, 0, 252, 1600, 1547, 236, 7.51%, 0, 0, 3, 1272.86
1572469299, 0, 255, 1600, 1546, 235, 7.51%, 0, 0, 3, 1007.95
1572469910, 0, 260, 1600, 1545, 234, 7.51%, 0, 0, 3, 1031.45
1572469940, 0, 260, 1602, 1547, 234, 7.53%, 0, 0, 3, 1244.16
1572470098, 0, 266, 1602, 1546, 234, 7.53%, 0, 0, 3, 951.44
1572470366, 0, 266, 1603, 1547, 234, 7.54%, 0, 0, 3, 931.99
1572470706, 0, 268, 1603, 1546, 235, 7.54%, 0, 0, 3, 963.40
1572470833, 0, 268, 1604, 1547, 235, 7.55%, 0, 0, 3, 1107.28
1572470939, 0, 273, 1604, 1546, 235, 7.55%, 0, 0, 3, 463.82
1572471122, 0, 273, 1605, 1547, 235, 7.55%, 0, 0, 3, 595.26
1572471355, 0, 274, 1605, 1546, 234, 7.55%, 0, 0, 3, 461.75
1572471767, 0, 276, 1605, 1545, 233, 7.55%, 0, 0, 3, 474.11
1572472939, 0, 286, 1605, 1544, 232, 7.55%, 0, 0, 3, 455.72
1572472994, 0, 286, 1607, 1546, 232, 7.55%, 0, 0, 3, 595.97
1572473121, 0, 286, 1608, 1547, 232, 7.55%, 0, 0, 3, 591.03
1572473126, 0, 286, 1609, 1548, 232, 7.56%, 0, 0, 3, 556.15
1572473142, 0, 286, 1610, 1549, 232, 7.56%, 0, 0, 3, 560.67
1572473268, 0, 286, 1611, 1550, 232, 7.56%, 0, 0, 3, 521.36
1572473329, 0, 287, 1611, 1549, 232, 7.56%, 0, 0, 3, 466.85
1572474170, 0, 289, 1611, 1548, 231, 7.56%, 0, 0, 3, 1176.23
1572474226, 0, 289, 1612, 1549, 231, 7.56%, 0, 0, 3, 1235.52
1572474363, 0, 290, 1612, 1548, 230, 7.56%, 0, 0, 3, 976.10
1572474977, 0, 293, 1612, 1547, 229, 7.56%, 0, 0, 3, 943.68
1572475589, 0, 293, 1613, 1548, 229, 7.56%, 0, 0, 3, 947.75
1572475594, 0, 319, 1613, 1547, 228, 7.56%, 0, 0, 3, 954.40
1572476195, 0, 320, 1613, 1546, 227, 7.56%, 0, 0, 3, 946.20
1572476799, 0, 324, 1613, 1545, 226, 7.56%, 0, 0, 3, 951.22
1572476860, 0, 324, 1614, 1546, 226, 7.56%, 0, 0, 3, 1185.00
1572476896, 0, 324, 1615, 1547, 226, 7.56%, 0, 0, 3, 1210.19
1572476997, 0, 332, 1615, 1546, 225, 7.56%, 0, 0, 3, 993.38
1572478059, 0, 356, 1615, 1545, 224, 7.56%, 0, 0, 3, 457.06
1572479331, 0, 358, 1615, 1544, 223, 7.56%, 0, 0, 3, 447.00
1572480366, 0, 361, 1616, 1544, 222, 7.56%, 0, 0, 3, 937.07
1572480402, 0, 361, 1619, 1547, 222, 7.58%, 0, 0, 3, 915.75
1572480448, 0, 361, 1620, 1548, 222, 7.58%, 0, 0, 3, 924.99
1572480984, 0, 363, 1620, 1547, 225, 7.58%, 0, 0, 3, 934.98
1572481606, 0, 367, 1620, 1546, 224, 7.58%, 0, 0, 3, 939.16
1572482228, 0, 368, 1621, 1546, 223, 7.58%, 0, 0, 3, 935.09
1572482845, 0, 369, 1621, 1545, 222, 7.58%, 0, 0, 3, 941.54
1572483516, 0, 369, 1622, 1546, 222, 7.58%, 0, 0, 3, 441.63
1572483521, 0, 370, 1622, 1545, 221, 7.58%, 0, 0, 3, 451.40
1572484814, 0, 372, 1622, 1544, 220, 7.58%, 0, 0, 3, 445.34
1572486103, 0, 373, 1622, 1543, 219, 7.58%, 0, 0, 3, 455.92
1572486963, 0, 376, 1622, 1542, 218, 7.58%, 0, 0, 3, 946.60
1572487003, 0, 376, 1623, 1543, 218, 7.58%, 0, 0, 3, 942.81
1572487114, 0, 376, 1624, 1544, 218, 7.58%, 0, 0, 3, 922.43
1572487575, 0, 377, 1625, 1544, 219, 7.58%, 0, 0, 3, 1067.09
1572487662, 0, 377, 1626, 1545, 219, 7.58%, 0, 0, 3, 1217.51
1572487693, 0, 377, 1627, 1546, 219, 7.59%, 0, 0, 3, 1176.52
1572487774, 0, 381, 1627, 1545, 218, 7.59%, 0, 0, 3, 1176.24
1572487805, 0, 381, 1628, 1546, 218, 7.59%, 0, 0, 3, 1256.69
1572487887, 0, 381, 1629, 1547, 218, 7.60%, 0, 0, 3, 1160.68
1572487892, 0, 381, 1630, 1548, 218, 7.60%, 0, 0, 3, 1158.15
1572487968, 0, 381, 1631, 1549, 218, 7.60%, 0, 0, 3, 1033.46
1572487973, 0, 391, 1631, 1548, 218, 7.60%, 0, 0, 3, 1164.64
1572488060, 0, 391, 1632, 1549, 218, 7.60%, 0, 0, 3, 1234.83
1572488167, 0, 395, 1632, 1548, 218, 7.60%, 0, 0, 3, 1134.97
1572488284, 0, 395, 1633, 1549, 218, 7.60%, 0, 0, 3, 1174.35
1572488361, 0, 395, 1636, 1552, 218, 7.61%, 0, 0, 3, 1023.17
1572488366, 0, 408, 1636, 1551, 218, 7.61%, 0, 0, 3, 977.06
1572488971, 0, 410, 1636, 1550, 217, 7.61%, 0, 0, 3, 949.46
1572489588, 0, 420, 1636, 1549, 216, 7.61%, 0, 0, 3, 1157.30
1572489787, 0, 430, 1636, 1548, 215, 7.61%, 0, 0, 3, 952.78
1572491055, 0, 437, 1636, 1547, 214, 7.61%, 0, 0, 3, 450.29
1572492049, 0, 437, 1637, 1548, 214, 7.61%, 0, 0, 3, 449.95
1572492323, 0, 441, 1637, 1547, 213, 7.61%, 0, 0, 3, 517.33
1572492703, 0, 441, 1638, 1548, 213, 7.61%, 0, 0, 3, 481.54
1572492718, 0, 537, 1638, 1547, 212, 7.61%, 0, 0, 3, 529.88
1572493296, 0, 589, 1638, 1546, 211, 7.61%, 0, 0, 3, 1061.31
1572493938, 0, 595, 1638, 1545, 211, 7.61%, 0, 0, 3, 989.38
1572494468, 0, 652, 1639, 1545, 210, 7.61%, 0, 0, 3, 1037.28
1572494967, 0, 652, 1640, 1546, 210, 7.62%, 0, 0, 3, 1079.12
1572495043, 0, 695, 1640, 1545, 211, 7.62%, 0, 0, 3, 1105.96
1572495393, 0, 706, 1640, 1544, 210, 7.62%, 0, 0, 3, 1122.29
1572496031, 0, 712, 1640, 1543, 209, 7.62%, 0, 0, 3, 973.13
1572496169, 0, 712, 1641, 1544, 209, 7.62%, 0, 0, 3, 901.48
1572496311, 0, 712, 1642, 1545, 209, 7.62%, 0, 0, 3, 446.24
1572496519, 0, 712, 1643, 1546, 209, 7.63%, 0, 0, 3, 447.47
1572496545, 0, 712, 1644, 1547, 209, 7.63%, 0, 0, 3, 447.52
1572497580, 0, 712, 1646, 1549, 209, 7.63%, 0, 0, 3, 447.90
1572497585, 0, 712, 1647, 1550, 209, 7.63%, 0, 0, 3, 449.99
1572497590, 0, 712, 1648, 1551, 209, 7.63%, 0, 0, 3, 451.39
1572497595, 0, 712, 1650, 1553, 209, 7.63%, 0, 0, 3, 454.28
1572497605, 0, 712, 1651, 1554, 209, 7.63%, 0, 0, 3, 453.25
1572497620, 0, 712, 1654, 1557, 209, 7.63%, 0, 0, 3, 442.02
1572497630, 0, 712, 1657, 1560, 209, 7.64%, 0, 0, 3, 443.25
1572497635, 0, 712, 1658, 1561, 209, 7.64%, 0, 0, 3, 441.55
1572497645, 0, 712, 1659, 1562, 209, 7.64%, 0, 0, 3, 442.63
1572497650, 0, 712, 1660, 1563, 209, 7.64%, 0, 0, 3, 445.29
1572497655, 0, 718, 1660, 1562, 211, 7.64%, 0, 0, 3, 500.13
1572498516, 0, 780, 1660, 1561, 210, 7.64%, 0, 0, 3, 455.37
1572498851, 0, 780, 1661, 1562, 210, 7.64%, 0, 0, 3, 416.61
1572499125, 0, 780, 1662, 1563, 210, 7.64%, 0, 0, 3, 420.89
1572499759, 0, 780, 1663, 1564, 210, 7.64%, 0, 0, 3, 867.09
1572499845, 0, 828, 1665, 1565, 210, 7.64%, 0, 0, 3, 969.81
1572499876, 0, 828, 1666, 1566, 210, 7.64%, 0, 0, 3, 1183.31
1572500069, 0, 838, 1666, 1565, 210, 7.64%, 0, 0, 3, 1162.69
1572500585, 0, 866, 1666, 1564, 209, 7.64%, 0, 0, 3, 1021.05
1572501236, 0, 877, 1666, 1563, 208, 7.64%, 0, 0, 3, 934.62
1572501502, 0, 877, 1667, 1564, 208, 7.64%, 0, 0, 3, 923.20
1572501850, 0, 881, 1667, 1563, 208, 7.64%, 0, 0, 3, 1113.07
1572501942, 0, 881, 1668, 1564, 208, 7.64%, 0, 0, 3, 1201.59
1572501977, 0, 886, 1669, 1564, 208, 7.64%, 0, 0, 3, 1099.93
1572502412, 0, 890, 1669, 1563, 208, 7.64%, 0, 0, 3, 990.87
1572503382, 0, 899, 1669, 1562, 207, 7.64%, 0, 0, 3, 552.41
1572503590, 0, 905, 1669, 1561, 206, 7.64%, 0, 0, 3, 520.78
1572504823, 0, 914, 1669, 1560, 205, 7.64%, 0, 0, 3, 456.97
1572504828, 0, 914, 1670, 1561, 205, 7.64%, 0, 0, 3, 442.79
1572504919, 0, 914, 1671, 1562, 205, 7.64%, 0, 0, 3, 426.96
1572505157, 0, 914, 1672, 1563, 205, 7.64%, 0, 0, 3, 431.09
1572506230, 0, 919, 1672, 1562, 204, 7.64%, 0, 0, 3, 1058.83
1572506966, 0, 929, 1672, 1561, 203, 7.64%, 0, 0, 3, 1009.85
1572507445, 0, 929, 1673, 1562, 203, 7.64%, 0, 0, 3, 966.32
1572507522, 0, 931, 1673, 1561, 203, 7.64%, 0, 0, 3, 1019.58
1572508149, 0, 938, 1673, 1560, 202, 7.64%, 0, 0, 3, 966.31
1572508185, 0, 938, 1674, 1561, 202, 7.64%, 0, 0, 3, 865.23
1572508828, 0, 944, 1674, 1560, 202, 7.64%, 0, 0, 3, 1060.44
1572509519, 0, 949, 1674, 1559, 201, 7.64%, 0, 0, 3, 508.13
1572509565, 0, 949, 1675, 1560, 201, 7.64%, 0, 0, 3, 473.66
1572510503, 0, 958, 1675, 1559, 201, 7.64%, 0, 0, 3, 511.53
1572511659, 0, 973, 1675, 1558, 200, 7.64%, 0, 0, 3, 530.82
1572512023, 0, 973, 1676, 1559, 200, 7.64%, 0, 0, 3, 539.52
1572512672, 0, 979, 1676, 1558, 200, 7.64%, 0, 0, 3, 502.51
1572513346, 0, 984, 1677, 1558, 200, 7.64%, 0, 0, 3, 883.28
1572513557, 0, 984, 1678, 1559, 200, 7.64%, 0, 0, 3, 837.29
1572514285, 0, 984, 1680, 1561, 200, 7.65%, 0, 0, 3, 848.13
1572514290, 0, 1001, 1680, 1560, 203, 7.65%, 0, 0, 3, 933.08
1572514336, 0, 1001, 1681, 1561, 203, 7.65%, 0, 0, 3, 997.00
1572514653, 0, 1001, 1682, 1562, 203, 7.65%, 0, 0, 3, 988.92
1572515282, 0, 1004, 1682, 1561, 203, 7.65%, 0, 0, 3, 909.17
1572515287, 0, 1004, 1683, 1562, 203, 7.65%, 0, 0, 3, 892.08
1572515470, 0, 1004, 1684, 1563, 203, 7.65%, 0, 0, 3, 892.01
1572516047, 0, 1007, 1685, 1563, 203, 7.65%, 0, 0, 3, 448.63
1572516615, 0, 1007, 1687, 1565, 203, 7.65%, 0, 0, 3, 451.30
1572516828, 0, 1007, 1688, 1566, 203, 7.65%, 0, 0, 3, 449.80
1572517071, 0, 1007, 1689, 1567, 203, 7.65%, 0, 0, 3, 453.74
1572517350, 0, 1007, 1691, 1569, 203, 7.65%, 0, 0, 3, 451.19
1572517355, 0, 1007, 1693, 1571, 203, 7.65%, 0, 0, 3, 453.09
1572517360, 0, 1007, 1695, 1573, 203, 7.66%, 0, 0, 3, 452.51
1572517375, 0, 1007, 1696, 1574, 203, 7.66%, 0, 0, 3, 454.26
1572517380, 0, 1007, 1697, 1575, 203, 7.66%, 0, 0, 3, 457.89
1572517385, 0, 1007, 1698, 1576, 203, 7.66%, 0, 0, 3, 449.55
1572517390, 0, 1007, 1700, 1578, 203, 7.66%, 0, 0, 3, 449.75
1572517406, 0, 1009, 1700, 1577, 205, 7.66%, 0, 0, 3, 456.45
1572517416, 0, 1009, 1701, 1578, 205, 7.66%, 0, 0, 3, 463.24
1572518617, 0, 1009, 1703, 1580, 205, 7.66%, 0, 0, 3, 467.44
1572518627, 0, 1028, 1703, 1579, 205, 7.66%, 0, 0, 3, 496.03
1572519423, 0, 1039, 1703, 1578, 204, 7.66%, 0, 0, 3, 499.08
1572520098, 0, 1056, 1703, 1577, 203, 7.66%, 0, 0, 3, 957.46
1572520904, 0, 1068, 1703, 1576, 202, 7.66%, 0, 0, 3, 997.31
1572521110, 0, 1068, 1704, 1577, 202, 7.66%, 0, 0, 3, 1005.50
1572521337, 0, 1078, 1704, 1576, 202, 7.66%, 0, 0, 3, 956.59
1572521959, 0, 1106, 1704, 1575, 202, 7.66%, 0, 0, 3, 933.34
1572522592, 0, 1107, 1705, 1575, 202, 7.66%, 0, 0, 3, 906.52
1572523209, 0, 1116, 1705, 1574, 201, 7.66%, 0, 0, 3, 464.97
1572523220, 0, 1116, 1706, 1575, 201, 7.66%, 0, 0, 3, 433.26
1572523555, 0, 1116, 1707, 1576, 201, 7.66%, 0, 0, 3, 431.81
1572523763, 0, 1116, 1709, 1578, 201, 7.66%, 0, 0, 3, 426.99
1572523768, 0, 1116, 1710, 1579, 201, 7.66%, 0, 0, 3, 436.19
1572524687, 0, 1118, 1710, 1578, 201, 7.66%, 0, 0, 3, 463.84
1572526390, 0, 1129, 1710, 1577, 200, 7.66%, 0, 0, 3, 940.28
1572526395, 0, 1129, 1711, 1578, 200, 7.66%, 0, 0, 3, 922.58
