# unix_time, cycles_done, cur_path, paths_total, pending_total, pending_favs, map_size, unique_crashes, unique_hangs, max_depth, execs_per_sec
1572440400, 0, 0, 1, 1, 1, 3.44%, 0, 0, 1, 1333.33
1572440405, 0, 0, 74, 74, 1, 5.12%, 0, 0, 2, 1317.71
1572440410, 0, 0, 93, 93, 1, 5.14%, 0, 0, 2, 1374.34
1572440425, 0, 0, 113, 113, 1, 5.30%, 0, 0, 2, 1364.64
1572440430, 0, 0, 234, 234, 1, 5.67%, 0, 0, 2, 1281.68
1572440435, 0, 0, 246, 246, 1, 5.69%, 0, 0, 2, 1367.00
1572440456, 0, 0, 254, 254, 1, 5.69%, 0, 0, 2, 1325.84
1572440461, 0, 0, 285, 285, 1, 5.78%, 0, 0, 2, 1319.45
1572440481, 0, 0, 288, 288, 1, 5.78%, 0, 0, 2, 1343.00
1572440486, 0, 0, 306, 306, 1, 5.84%, 0, 0, 2, 1283.43
1572440491, 0, 0, 338, 338, 1, 5.88%, 0, 0, 2, 1235.15
1572440496, 0, 0, 368, 368, 1, 5.92%, 0, 0, 2, 1235.43
1572440502, 0, 0, 369, 369, 1, 5.92%, 0, 0, 2, 1267.84
1572440512, 0, 0, 386, 386, 1, 6.02%, 0, 0, 2, 1166.04
1572440517, 0, 0, 406, 406, 1, 6.05%, 0, 0, 2, 1176.43
1572440522, 0, 0, 411, 411, 1, 6.06%, 0, 0, 2, 1203.43
1572440527, 0, 0, 418, 418, 1, 6.06%, 0, 0, 2, 1221.59
1572440537, 0, 0, 421, 421, 1, 6.07%, 0, 0, 2, 768.08
1572440542, 0, 0, 427, 427, 1, 6.07%, 0, 0, 2, 620.94
1572440547, 0, 0, 432, 432, 1, 6.07%, 0, 0, 2, 566.42
1572440577, 0, 0, 433, 433, 1, 6.07%, 0, 0, 2, 519.80
1572440583, 0, 0, 435, 435, 1, 6.07%, 0, 0, 2, 559.55
1572440588, 0, 0, 441, 441, 1, 6.10%, 0, 0, 2, 542.42
1572440593, 0, 0, 444, 444, 1, 6.11%, 0, 0, 2, 555.06
1572440598, 0, 0, 501, 501, 1, 6.37%, 0, 0, 2, 523.79
1572440603, 0, 0, 714, 714, 1, 6.52%, 0, 0, 2, 487.19
1572440608, 0, 0, 842, 842, 1, 6.59%, 0, 0, 2, 472.26
1572440613, 0, 0, 915, 915, 1, 6.62%, 0, 0, 2, 476.72
1572440618, 0, 0, 967, 967, 1, 6.68%, 0, 0, 2, 484.15
1572440623, 0, 0, 1012, 1012, 1, 6.70%, 0, 0, 2, 483.19
1572440628, 0, 0, 1039, 1039, 1, 6.72%, 0, 0, 2, 483.37
1572440633, 0, 0, 1068, 1068, 1, 6.73%, 0, 0, 2, 481.26
1572440639, 0, 0, 1094, 1094, 1, 6.83%, 0, 0, 2, 486.07
1572440644, 0, 0, 1110, 1110, 1, 6.93%, 0, 0, 2, 483.58
1572440649, 0, 0, 1126, 1126, 1, 6.94%, 0, 0, 2, 490.78
1572440654, 0, 0, 1139, 1139, 1, 6.94%, 0, 0, 2, 490.36
1572440659, 0, 0, 1153, 1153, 1, 6.95%, 0, 0, 2, 485.60
1572440664, 0, 0, 1166, 1166, 1, 6.95%, 0, 0, 2, 483.94
1572440669, 0, 0, 1173, 1173, 1, 6.96%, 0, 0, 2, 488.18
1572440674, 0, 0, 1181, 1181, 1, 6.96%, 0, 0, 2, 490.61
1572440680, 0, 4, 1186, 1185, 236, 6.96%, 0, 0, 2, 475.26
1572440690, 0, 4, 1187, 1186, 236, 6.96%, 0, 0, 3, 458.72
1572440695, 0, 4, 1188, 1187, 236, 6.96%, 0, 0, 3, 462.00
1572440700, 0, 4, 1189, 1188, 236, 6.96%, 0, 0, 3, 461.32
1572440771, 0, 4, 1190, 1189, 236, 6.96%, 0, 0, 3, 462.02
1572440852, 0, 4, 1191, 1190, 236, 6.96%, 0, 0, 3, 466.03
1572440944, 0, 4, 1192, 1191, 236, 6.97%, 0, 0, 3, 461.59
1572440964, 0, 4, 1193, 1192, 236, 6.97%, 0, 0, 3, 462.42
1572440989, 0, 4, 1194, 1193, 236, 6.97%, 0, 0, 3, 457.12
1572440994, 0, 4, 1197, 1196, 236, 6.97%, 0, 0, 3, 453.80
1572441564, 0, 4, 1198, 1197, 236, 6.97%, 0, 0, 3, 951.47
1572441595, 0, 4, 1199, 1198, 236, 6.97%, 0, 0, 3, 954.79
1572441676, 0, 23, 1199, 1197, 236, 6.97%, 0, 0, 3, 949.09
1572441681, 0, 23, 1200, 1198, 236, 6.97%, 0, 0, 3, 1029.10
1572441686, 0, 23, 1206, 1204, 236, 6.99%, 0, 0, 3, 1045.24
1572441692, 0, 23, 1207, 1205, 236, 6.99%, 0, 0, 3, 1049.46
1572441723, 0, 23, 1208, 1206, 236, 6.99%, 0, 0, 3, 1043.33
1572441753, 0, 23, 1210, 1208, 236, 6.99%, 0, 0, 3, 1060.10
1572441815, 0, 23, 1211, 1209, 236, 6.99%, 0, 0, 3, 1056.42
1572441825, 0, 23, 1212, 1210, 236, 6.99%, 0, 0, 3, 1050.95
1572441830, 0, 23, 1213, 1211, 236, 6.99%, 0, 0, 3, 1047.21
1572441840, 0, 23, 1214, 1212, 236, 6.99%, 0, 0, 3, 1047.38
1572441917, 0, 23, 1216, 1214, 236, 6.99%, 0, 0, 3, 1019.98
1572442116, 0, 23, 1217, 1215, 236, 6.99%, 0, 0, 3, 1042.18
1572442223, 0, 23, 1218, 1216, 236, 6.99%, 0, 0, 3, 1017.25
1572442228, 0, 23, 1227, 1225, 236, 7.01%, 0, 0, 3, 986.28
1572442233, 0, 23, 1243, 1241, 236, 7.01%, 0, 0, 3, 984.28
1572442238, 0, 23, 1262, 1260, 236, 7.03%, 0, 0, 3, 977.74
1572442243, 0, 23, 1274, 1272, 236, 7.03%, 0, 0, 3, 977.98
1572442248, 0, 23, 1279, 1277, 236, 7.04%, 0, 0, 3, 982.45
1572442253, 0, 23, 1290, 1288, 236, 7.04%, 0, 0, 3, 980.61
1572442258, 0, 23, 1302, 1300, 236, 7.06%, 0, 0, 3, 977.26
1572442263, 0, 33, 1303, 1300, 226, 7.06%, 0, 0, 3, 1015.74
1572442269, 0, 33, 1304, 1301, 226, 7.06%, 0, 0, 3, 1046.40
1572442813, 0, 38, 1305, 1301, 224, 7.06%, 0, 0, 3, 976.02
1572443375, 0, 49, 1305, 1300, 223, 7.06%, 0, 0, 3, 1181.63
1572443559, 0, 49, 1308, 1303, 223, 7.06%, 0, 0, 3, 1045.83
1572443564, 0, 49, 1319, 1314, 223, 7.07%, 0, 0, 3, 1001.28
1572443569, 0, 49, 1329, 1324, 223, 7.08%, 0, 0, 3, 996.39
1572443574, 0, 49, 1335, 1330, 223, 7.08%, 0, 0, 3, 997.41
1572443579, 0, 49, 1340, 1335, 223, 7.09%, 0, 0, 3, 993.27
1572443584, 0, 85, 1342, 1336, 233, 7.09%, 0, 0, 3, 1052.55
1572443778, 0, 85, 1343, 1337, 233, 7.09%, 0, 0, 3, 1020.64
1572443783, 0, 85, 1350, 1344, 233, 7.10%, 0, 0, 3, 965.45
1572443788, 0, 85, 1355, 1349, 233, 7.10%, 0, 0, 3, 622.66
1572443794, 0, 85, 1357, 1351, 233, 7.10%, 0, 0, 3, 498.27
1572443799, 0, 85, 1364, 1358, 233, 7.10%, 0, 0, 3, 471.57
1572443804, 0, 85, 1367, 1361, 233, 7.10%, 0, 0, 3, 467.93
1572443809, 0, 85, 1371, 1365, 233, 7.11%, 0, 0, 3, 462.04
1572443814, 0, 85, 1373, 1367, 233, 7.11%, 0, 0, 3, 466.96
1572443819, 0, 85, 1374, 1368, 233, 7.11%, 0, 0, 3, 467.44
1572443824, 0, 98, 1379, 1372, 237, 7.11%, 0, 0, 3, 456.47
1572444801, 0, 99, 1379, 1371, 236, 7.11%, 0, 0, 3, 457.88
1572445844, 0, 99, 1381, 1373, 236, 7.11%, 0, 0, 3, 951.38
1572445849, 0, 99, 1384, 1376, 236, 7.12%, 0, 0, 3, 958.24
1572445854, 0, 99, 1386, 1378, 236, 7.12%, 0, 0, 3, 962.35
1572445859, 0, 99, 1392, 1384, 236, 7.12%, 0, 0, 3, 961.93
1572445864, 0, 99, 1395, 1387, 236, 7.12%, 0, 0, 3, 958.13
1572445869, 0, 99, 1399, 1391, 236, 7.13%, 0, 0, 3, 960.98
1572445874, 0, 99, 1404, 1396, 236, 7.13%, 0, 0, 3, 955.72
1572445879, 0, 101, 1404, 1395, 244, 7.13%, 0, 0, 3, 955.22
1572445991, 0, 101, 1405, 1396, 244, 7.14%, 0, 0, 3, 946.24
1572446329, 0, 101, 1406, 1397, 244, 7.14%, 0, 0, 3, 943.86
1572446484, 0, 103, 1406, 1396, 244, 7.14%, 0, 0, 3, 970.38
1572446509, 0, 103, 1408, 1398, 244, 7.14%, 0, 0, 3, 1269.38
1572446514, 0, 103, 1409, 1399, 244, 7.14%, 0, 0, 3, 1215.61
1572446570, 0, 103, 1410, 1400, 244, 7.14%, 0, 0, 3, 1260.49
1572446580, 0, 103, 1411, 1401, 244, 7.14%, 0, 0, 3, 1198.79
1572446647, 0, 103, 1412, 1402, 244, 7.14%, 0, 0, 3, 1112.17
1572446667, 0, 103, 1417, 1407, 244, 7.14%, 0, 0, 3, 1041.69
1572446672, 0, 103, 1422, 1412, 244, 7.15%, 0, 0, 3, 1010.51
1572446677, 0, 103, 1423, 1413, 244, 7.15%, 0, 0, 3, 1005.82
1572446682, 0, 103, 1428, 1418, 244, 7.15%, 0, 0, 3, 998.43
1572446687, 0, 103, 1435, 1425, 244, 7.15%, 0, 0, 3, 1005.08
1572446692, 0, 105, 1436, 1425, 244, 7.15%, 0, 0, 3, 1131.72
1572446850, 0, 105, 1437, 1426, 244, 7.16%, 0, 0, 3, 1120.78
1572446871, 0, 105, 1438, 1427, 244, 7.16%, 0, 0, 3, 1067.32
1572446876, 0, 105, 1445, 1434, 244, 7.16%, 0, 0, 3, 1021.86
1572446881, 0, 105, 1449, 1438, 244, 7.16%, 0, 0, 3, 1009.36
1572446886, 0, 105, 1455, 1444, 244, 7.17%, 0, 0, 3, 1009.33
1572446891, 0, 105, 1458, 1447, 244, 7.17%, 0, 0, 3, 990.49
1572446896, 0, 108, 1460, 1448, 249, 7.17%, 0, 0, 3, 972.10
1572447024, 0, 108, 1461, 1449, 249, 7.17%, 0, 0, 3, 948.82
1572447504, 0, 113, 1463, 1450, 248, 7.17%, 0, 0, 3, 948.71
1572447540, 0, 113, 1464, 1451, 248, 7.17%, 0, 0, 3, 940.21
1572447560, 0, 113, 1465, 1452, 248, 7.17%, 0, 0, 3, 939.62
1572447585, 0, 113, 1466, 1453, 248, 7.17%, 0, 0, 3, 946.45
1572447590, 0, 113, 1467, 1454, 248, 7.17%, 0, 0, 3, 940.13
1572447620, 0, 113, 1468, 1455, 248, 7.17%, 0, 0, 3, 931.89
1572447741, 0, 113, 1469, 1456, 248, 7.17%, 0, 0, 3, 924.67
1572448311, 0, 115, 1470, 1456, 248, 7.17%, 0, 0, 3, 446.27
1572448367, 0, 115, 1473, 1459, 248, 7.19%, 0, 0, 3, 594.61
1572448729, 0, 115, 1475, 1461, 248, 7.19%, 0, 0, 3, 475.80
1572448734, 0, 115, 1476, 1462, 248, 7.19%, 0, 0, 3, 465.91
1572448739, 0, 115, 1479, 1465, 248, 7.19%, 0, 0, 3, 467.10
1572448744, 0, 115, 1480, 1466, 248, 7.19%, 0, 0, 3, 465.29
1572448749, 0, 115, 1483, 1469, 248, 7.19%, 0, 0, 3, 464.58
1572448759, 0, 115, 1484, 1470, 248, 7.19%, 0, 0, 3, 459.21
1572448764, 0, 115, 1486, 1472, 248, 7.19%, 0, 0, 3, 461.16
1572448780, 0, 116, 1486, 1471, 251, 7.19%, 0, 0, 3, 467.86
1572449833, 0, 117, 1486, 1470, 250, 7.19%, 0, 0, 3, 948.84
1572449864, 0, 117, 1487, 1471, 250, 7.20%, 0, 0, 3, 1242.95
1572450011, 0, 117, 1488, 1472, 250, 7.20%, 0, 0, 3, 1144.90
1572450016, 0, 119, 1489, 1472, 250, 7.20%, 0, 0, 3, 1018.27
1572450057, 0, 119, 1490, 1473, 250, 7.20%, 0, 0, 3, 924.57
1572450134, 0, 119, 1491, 1474, 250, 7.20%, 0, 0, 3, 935.08
1572450637, 0, 121, 1491, 1473, 250, 7.20%, 0, 0, 3, 939.58
1572451252, 0, 126, 1491, 1472, 249, 7.20%, 0, 0, 3, 943.65
1572451257, 0, 126, 1492, 1473, 249, 7.20%, 0, 0, 3, 1020.51
1572451262, 0, 126, 1493, 1474, 249, 7.21%, 0, 0, 3, 1042.59
1572451334, 0, 126, 1494, 1475, 249, 7.21%, 0, 0, 3, 1048.31
1572451394, 0, 126, 1496, 1477, 249, 7.21%, 0, 0, 3, 1046.48
1572451804, 0, 129, 1496, 1476, 249, 7.21%, 0, 0, 3, 988.90
1572451835, 0, 129, 1497, 1477, 249, 7.21%, 0, 0, 3, 1218.65
1572451988, 0, 129, 1500, 1480, 249, 7.21%, 0, 0, 3, 1019.03
1572451993, 0, 129, 1501, 1481, 249, 7.21%, 0, 0, 3, 1001.66
1572451998, 0, 129, 1504, 1484, 249, 7.22%, 0, 0, 3, 1003.39
1572452003, 0, 129, 1505, 1485, 249, 7.23%, 0, 0, 3, 997.13
1572452009, 0, 130, 1506, 1485, 250, 7.23%, 0, 0, 3, 984.16
1572452049, 0, 130, 1507, 1486, 250, 7.44%, 0, 0, 3, 931.73
1572452090, 0, 130, 1509, 1488, 250, 7.46%, 0, 0, 3, 932.23
1572452125, 0, 130, 1510, 1489, 250, 7.46%, 0, 0, 3, 936.45
1572452252, 0, 130, 1511, 1490, 250, 7.46%, 0, 0, 3, 930.50
1572452629, 0, 136, 1512, 1490, 253, 7.46%, 0, 0, 3, 972.89
1572452660, 0, 136, 1513, 1491, 253, 7.46%, 0, 0, 3, 1233.88
1572452929, 0, 136, 1515, 1493, 253, 7.46%, 0, 0, 3, 476.72
1572452934, 0, 136, 1516, 1494, 253, 7.46%, 0, 0, 3, 467.67
1572452944, 0, 136, 1517, 1495, 253, 7.46%, 0, 0, 3, 468.52
1572452960, 0, 136, 1520, 1498, 253, 7.46%, 0, 0, 3, 468.81
1572452965, 0, 136, 1522, 1500, 253, 7.46%, 0, 0, 3, 464.43
1572452970, 0, 136, 1525, 1503, 253, 7.46%, 0, 0, 3, 465.98
1572452980, 0, 137, 1526, 1503, 252, 7.46%, 0, 0, 3, 455.04
1572453056, 0, 137, 1528, 1505, 252, 7.46%, 0, 0, 3, 437.18
1572453142, 0, 137, 1529, 1506, 252, 7.47%, 0, 0, 3, 438.56
1572453493, 0, 137, 1530, 1507, 252, 7.47%, 0, 0, 3, 441.09
1572454287, 0, 143, 1530, 1506, 254, 7.47%, 0, 0, 3, 441.49
1572454348, 0, 143, 1532, 1508, 254, 7.47%, 0, 0, 3, 570.47
1572454704, 0, 144, 1532, 1507, 253, 7.47%, 0, 0, 3, 460.35
1572454780, 0, 144, 1534, 1509, 253, 7.48%, 0, 0, 3, 437.10
1572455076, 0, 144, 1535, 1510, 253, 7.48%, 0, 0, 3, 928.98
1572455447, 0, 147, 1535, 1509, 255, 7.48%, 0, 0, 3, 933.17
1572455528, 0, 147, 1536, 1510, 255, 7.48%, 0, 0, 3, 936.93
1572456067, 0, 148, 1537, 1510, 255, 7.48%, 0, 0, 3, 942.01
1572456123, 0, 148, 1538, 1511, 255, 7.48%, 0, 0, 3, 926.18
1572456683, 0, 148, 1540, 1513, 255, 7.48%, 0, 0, 3, 932.92
1572456688, 0, 149, 1540, 1512, 255, 7.48%, 0, 0, 3, 1059.97
1572456713, 0, 149, 1541, 1513, 255, 7.48%, 0, 0, 3, 1250.03
1572456881, 0, 153, 1541, 1512, 254, 7.48%, 0, 0, 3, 1077.59
1572456912, 0, 153, 1542, 1513, 254, 7.48%, 0, 0, 3, 1231.68
1572457074, 0, 153, 1544, 1515, 254, 7.48%, 0, 0, 3, 1044.09
1572457079, 0, 153, 1548, 1519, 254, 7.49%, 0, 0, 3, 1003.30
1572457084, 0, 153, 1549, 1520, 254, 7.49%, 0, 0, 3, 997.39
1572457089, 0, 153, 1550, 1521, 254, 7.49%, 0, 0, 3, 991.75
1572457094, 0, 153, 1552, 1523, 254, 7.49%, 0, 0, 3, 993.04
1572457099, 0, 154, 1553, 1523, 257, 7.49%, 0, 0, 3, 1053.79
1572457125, 0, 154, 1554, 1524, 257, 7.49%, 0, 0, 3, 1247.63
1572457297, 0, 159, 1554, 1523, 256, 7.49%, 0, 0, 3, 985.46
1572457914, 0, 167, 1554, 1522, 255, 7.49%, 0, 0, 3, 942.47
1572458535, 0, 169, 1554, 1521, 254, 7.49%, 0, 0, 3, 944.82
1572458830, 0, 169, 1555, 1522, 254, 7.49%, 0, 0, 3, 483.74
1572458835, 0, 169, 1556, 1523, 254, 7.49%, 0, 0, 3, 471.28
1572458840, 0, 169, 1557, 1524, 254, 7.49%, 0, 0, 3, 468.05
1572458850, 0, 169, 1558, 1525, 254, 7.49%, 0, 0, 3, 471.28
1572458855, 0, 169, 1559, 1526, 254, 7.50%, 0, 0, 3, 471.64
1572458865, 0, 169, 1560, 1527, 254, 7.50%, 0, 0, 3, 466.31
1572458876, 0, 169, 1561, 1528, 254, 7.50%, 0, 0, 3, 469.38
1572458881, 0, 170, 1561, 1527, 254, 7.50%, 0, 0, 3, 467.44
1572458957, 0, 170, 1562, 1528, 254, 7.50%, 0, 0, 3, 444.52
1572459447, 0, 170, 1564, 1530, 254, 7.50%, 0, 0, 3, 447.54
1572460183, 0, 173, 1564, 1529, 255, 7.50%, 0, 0, 3, 459.85
1572461220, 0, 173, 1565, 1530, 255, 7.50%, 0, 0, 3, 896.48
1572461311, 0, 174, 1565, 1529, 254, 7.50%, 0, 0, 3, 950.39
1572461918, 0, 175, 1565, 1528, 253, 7.50%, 0, 0, 3, 956.29
1572462527, 0, 176, 1566, 1528, 251, 7.50%, 0, 0, 3, 961.04
1572463131, 0, 178, 1566, 1527, 250, 7.50%, 0, 0, 3, 956.36
1572463733, 0, 182, 1566, 1526, 249, 7.50%, 0, 0, 3, 949.49
1572464344, 0, 189, 1566, 1525, 248, 7.50%, 0, 0, 3, 953.45
1572464481, 0, 189, 1567, 1526, 248, 7.50%, 0, 0, 3, 1162.56
1572464542, 0, 192, 1567, 1525, 248, 7.50%, 0, 0, 3, 1206.09
1572464751, 0, 198, 1567, 1524, 247, 7.50%, 0, 0, 3, 470.65
1572465137, 0, 212, 1567, 1523, 246, 7.50%, 0, 0, 3, 474.99
1572465557, 0, 212, 1568, 1524, 246, 7.50%, 0, 0, 3, 473.00
1572465562, 0, 213, 1568, 1523, 245, 7.50%, 0, 0, 3, 486.70
1572465978, 0, 215, 1568, 1522, 244, 7.50%, 0, 0, 3, 489.09
1572466389, 0, 215, 1569, 1523, 244, 7.51%, 0, 0, 3, 474.21
1572466394, 0, 227, 1569, 1522, 243, 7.51%, 0, 0, 3, 463.28
1572467561, 0, 230, 1569, 1521, 243, 7.51%, 0, 0, 3, 950.87
1572468163, 0, 233, 1571, 1522, 244, 7.51%, 0, 0, 3, 958.02
1572468362, 0, 236, 1572, 1522, 243, 7.51%, 0, 0, 3, 1017.92
1572468560, 0, 240, 1572, 1521, 242, 7.51%, 0, 0, 3, 1044.42
1572468754, 0, 252, 1572, 1520, 241, 7.51%, 0, 0, 3, 1188.83
1572468810, 0, 252, 1573, 1521, 241, 7.51%, 0, 0, 3, 1232.93
1572468835, 0, 252, 1574, 1522, 241, 7.52%, 0, 0, 3, 1256.70
1572468947, 0, 255, 1574, 1521, 240, 7.52%, 0, 0, 3, 1004.45
1572469554, 0, 260, 1574, 1520, 239, 7.52%, 0, 0, 3, 1141.78
1572469585, 0, 260, 1576, 1522, 239, 7.54%, 0, 0, 3, 1277.22
1572469738, 0, 260, 1580, 1526, 239, 7.54%, 0, 0, 3, 991.25
1572469743, 0, 260, 1581, 1527, 239, 7.54%, 0, 0, 3, 992.39
1572469748, 0, 260, 1583, 1529, 239, 7.54%, 0, 0, 3, 994.72
1572469753, 0, 260, 1587, 1533, 239, 7.54%, 0, 0, 3, 986.47
1572469758, 0, 268, 1587, 1532, 239, 7.54%, 0, 0, 3, 973.90
1572469880, 0, 268, 1588, 1533, 239, 7.55%, 0, 0, 3, 1145.39
1572469956, 0, 268, 1590, 1535, 239, 7.55%, 0, 0, 3, 1023.34
1572469961, 0, 268, 1591, 1536, 239, 7.55%, 0, 0, 3, 1003.74
1572469966, 0, 268, 1593, 1538, 239, 7.55%, 0, 0, 3, 993.27
1572469972, 0, 268, 1596, 1541, 239, 7.55%, 0, 0, 3, 994.37
1572469977, 0, 268, 1597, 1542, 239, 7.55%, 0, 0, 3, 992.39
1572469982, 0, 271, 1597, 1541, 241, 7.55%, 0, 0, 3, 966.34
1572470134, 0, 271, 1598, 1542, 241, 7.55%, 0, 0, 3, 941.93
1572470585, 0, 273, 1599, 1542, 240, 7.55%, 0, 0, 3, 948.21
1572470672, 0, 273, 1600, 1543, 240, 7.55%, 0, 0, 3, 1269.50
1572470784, 0, 274, 1600, 1542, 239, 7.55%, 0, 0, 3, 969.02
1572471104, 0, 276, 1600, 1541, 238, 7.55%, 0, 0, 3, 462.33
1572472280, 0, 287, 1600, 1540, 237, 7.55%, 0, 0, 3, 463.24
1572473568, 0, 289, 1600, 1539, 236, 7.55%, 0, 0, 3, 520.52
1572473690, 0, 289, 1601, 1540, 236, 7.55%, 0, 0, 3, 557.03
1572473746, 0, 289, 1602, 1541, 236, 7.55%, 0, 0, 3, 599.18
1572473863, 0, 290, 1602, 1540, 235, 7.55%, 0, 0, 3, 1032.68
1572473979, 0, 290, 1603, 1541, 235, 7.55%, 0, 0, 3, 934.59
1572474475, 0, 291, 1603, 1540, 234, 7.55%, 0, 0, 3, 945.77
1572474515, 0, 291, 1605, 1542, 234, 7.56%, 0, 0, 3, 931.77
1572474556, 0, 291, 1606, 1543, 234, 7.57%, 0, 0, 3, 931.71
1572474743, 0, 291, 1607, 1544, 234, 7.57%, 0, 0, 3, 938.55
1572475092, 0, 293, 1607, 1543, 234, 7.57%, 0, 0, 3, 943.61
1572475704, 0, 318, 1607, 1542, 233, 7.57%, 0, 0, 3, 950.20
1572475888, 0, 318, 1608, 1543, 233, 7.57%, 0, 0, 3, 941.86
1572476307, 0, 318, 1610, 1545, 233, 7.57%, 0, 0, 3, 952.52
1572476312, 0, 318, 1611, 1546, 233, 7.57%, 0, 0, 3, 963.36
1572476317, 0, 319, 1611, 1545, 234, 7.57%, 0, 0, 3, 956.27
1572476920, 0, 320, 1611, 1544, 233, 7.57%, 0, 0, 3, 945.31
1572477982, 0, 325, 1611, 1543, 232, 7.57%, 0, 0, 3, 457.39
1572478048, 0, 325, 1612, 1544, 232, 7.58%, 0, 0, 3, 590.81
1572478108, 0, 325, 1613, 1545, 232, 7.58%, 0, 0, 3, 588.90
1572478392, 0, 326, 1613, 1544, 233, 7.58%, 0, 0, 3, 472.54
1572478590, 0, 326, 1614, 1545, 233, 7.58%, 0, 0, 3, 554.49
1572478799, 0, 326, 1616, 1547, 233, 7.58%, 0, 0, 3, 480.43
1572478804, 0, 326, 1617, 1548, 233, 7.58%, 0, 0, 3, 468.32
1572478809, 0, 326, 1618, 1549, 233, 7.58%, 0, 0, 3, 453.57
1572478834, 0, 326, 1619, 1550, 233, 7.58%, 0, 0, 3, 469.15
1572478844, 0, 326, 1620, 1551, 233, 7.58%, 0, 0, 3, 469.17
1572478849, 0, 332, 1620, 1550, 233, 7.58%, 0, 0, 3, 463.00
1572480021, 0, 335, 1620, 1549, 232, 7.58%, 0, 0, 3, 514.48
1572480285, 0, 335, 1623, 1552, 232, 7.58%, 0, 0, 3, 996.76
1572480295, 0, 343, 1623, 1551, 230, 7.58%, 0, 0, 3, 1131.01
1572480488, 0, 353, 1623, 1550, 229, 7.58%, 0, 0, 3, 1182.07
1572480682, 0, 353, 1625, 1552, 229, 7.58%, 0, 0, 3, 1019.96
1572480687, 0, 353, 1628, 1555, 229, 7.58%, 0, 0, 3, 1002.81
1572480697, 0, 353, 1630, 1557, 229, 7.58%, 0, 0, 3, 997.78
1572480702, 0, 353, 1631, 1558, 229, 7.58%, 0, 0, 3, 996.53
1572480707, 0, 356, 1631, 1557, 230, 7.58%, 0, 0, 3, 961.34
1572481311, 0, 357, 1631, 1556, 229, 7.58%, 0, 0, 3, 916.72
1572481920, 0, 358, 1631, 1555, 228, 7.58%, 0, 0, 3, 942.52
1572482525, 0, 359, 1631, 1554, 227, 7.58%, 0, 0, 3, 943.86
1572482560, 0, 359, 1632, 1555, 227, 7.58%, 0, 0, 3, 936.31
1572483132, 0, 360, 1632, 1554, 226, 7.58%, 0, 0, 3, 945.71
1572483162, 0, 360, 1635, 1557, 226, 7.58%, 0, 0, 3, 1162.57
1572483234, 0, 360, 1638, 1560, 226, 7.58%, 0, 0, 3, 1180.23
1572483310, 0, 360, 1639, 1561, 226, 7.58%, 0, 0, 3, 1066.73
1572483335, 0, 361, 1639, 1560, 226, 7.58%, 0, 0, 3, 971.73
1572483341, 0, 361, 1640, 1561, 226, 7.58%, 0, 0, 3, 906.73
1572483376, 0, 361, 1643, 1564, 226, 7.60%, 0, 0, 3, 888.10
1572483426, 0, 361, 1644, 1565, 226, 7.60%, 0, 0, 3, 513.19
1572484562, 0, 363, 1644, 1564, 229, 7.60%, 0, 0, 3, 447.05
1572485877, 0, 364, 1644, 1563, 228, 7.60%, 0, 0, 3, 464.01
1572486799, 0, 367, 1644, 1562, 227, 7.60%, 0, 0, 3, 973.56
1572487419, 0, 368, 1644, 1561, 226, 7.60%, 0, 0, 3, 939.07
1572488035, 0, 370, 1644, 1560, 225, 7.60%, 0, 0, 3, 948.72
1572488643, 0, 372, 1644, 1559, 224, 7.60%, 0, 0, 3, 955.62
1572489246, 0, 373, 1645, 1559, 223, 7.60%, 0, 0, 3, 952.69
1572489930, 0, 376, 1645, 1558, 222, 7.60%, 0, 0, 3, 450.14
1572490261, 0, 376, 1646, 1559, 222, 7.60%, 0, 0, 3, 448.44
1572491220, 0, 378, 1646, 1558, 222, 7.60%, 0, 0, 3, 521.98
1572491468, 0, 378, 1647, 1559, 222, 7.60%, 0, 0, 3, 581.89
1572491630, 0, 381, 1647, 1558, 221, 7.60%, 0, 0, 3, 474.44
1572491696, 0, 381, 1648, 1559, 221, 7.60%, 0, 0, 3, 585.57
1572491874, 0, 381, 1650, 1561, 221, 7.61%, 0, 0, 3, 527.54
1572492047, 0, 389, 1650, 1560, 222, 7.61%, 0, 0, 3, 473.06
1572492229, 0, 389, 1651, 1561, 222, 7.61%, 0, 0, 3, 597.31
1572492294, 0, 389, 1653, 1563, 222, 7.62%, 0, 0, 3, 542.85
1572492300, 0, 389, 1654, 1564, 222, 7.62%, 0, 0, 3, 529.10
1572492457, 0, 389, 1655, 1565, 222, 7.62%, 0, 0, 3, 481.56
1572492462, 0, 389, 1656, 1566, 222, 7.63%, 0, 0, 3, 472.78
1572492467, 0, 389, 1657, 1567, 222, 7.63%, 0, 0, 3, 470.16
1572492477, 0, 389, 1658, 1568, 222, 7.63%, 0, 0, 3, 468.24
1572492482, 0, 389, 1659, 1569, 222, 7.63%, 0, 0, 3, 472.98
1572492487, 0, 389, 1662, 1572, 222, 7.66%, 0, 0, 3, 472.55
1572492497, 0, 389, 1663, 1573, 222, 7.67%, 0, 0, 3, 465.68
1572492503, 0, 389, 1664, 1574, 222, 7.67%, 0, 0, 3, 467.92
1572492513, 0, 391, 1664, 1573, 227, 7.67%, 0, 0, 3, 534.00
1572492700, 0, 391, 1665, 1574, 227, 7.67%, 0, 0, 3, 581.63
1572492922, 0, 394, 1665, 1573, 226, 7.67%, 0, 0, 3, 525.23
1572493115, 0, 394, 1666, 1574, 226, 7.67%, 0, 0, 3, 1126.95
1572493191, 0, 395, 1666, 1573, 225, 7.67%, 0, 0, 3, 1106.16
1572493308, 0, 395, 1667, 1574, 225, 7.67%, 0, 0, 3, 1202.93
1572493390, 0, 396, 1667, 1573, 224, 7.67%, 0, 0, 3, 1183.30
1572493584, 0, 404, 1668, 1573, 223, 7.67%, 0, 0, 3, 1002.94
1572494188, 0, 409, 1668, 1572, 222, 7.67%, 0, 0, 3, 945.51
1572494800, 0, 410, 1668, 1571, 221, 7.67%, 0, 0, 3, 941.72
1572495413, 0, 417, 1669, 1571, 221, 7.68%, 0, 0, 3, 948.01
1572496031, 0, 420, 1669, 1570, 220, 7.68%, 0, 0, 3, 1154.92
1572496249, 0, 439, 1669, 1569, 219, 7.68%, 0, 0, 3, 499.67
1572496665, 0, 441, 1669, 1568, 218, 7.68%, 0, 0, 3, 508.76
1572497066, 0, 441, 1670, 1569, 218, 7.68%, 0, 0, 3, 476.75
1572497071, 0, 455, 1670, 1568, 217, 7.68%, 0, 0, 3, 449.16
1572498383, 0, 470, 1670, 1567, 217, 7.68%, 0, 0, 3, 444.79
1572499575, 0, 524, 1670, 1566, 217, 7.68%, 0, 0, 3, 942.31
1572499621, 0, 524, 1671, 1567, 217, 7.68%, 0, 0, 3, 938.89
1572500390, 0, 590, 1671, 1566, 217, 7.68%, 0, 0, 3, 967.54
1572500619, 0, 590, 1674, 1569, 217, 7.68%, 0, 0, 3, 1146.37
1572500624, 0, 590, 1678, 1573, 217, 7.68%, 0, 0, 3, 1139.25
1572500629, 0, 590, 1679, 1574, 217, 7.68%, 0, 0, 3, 1134.72
1572500634, 0, 590, 1680, 1575, 217, 7.68%, 0, 0, 3, 1128.29
1572500639, 0, 590, 1681, 1576, 217, 7.68%, 0, 0, 3, 1126.74
1572500644, 0, 655, 1681, 1575, 218, 7.68%, 0, 0, 3, 1111.14
1572501100, 0, 678, 1682, 1575, 217, 7.68%, 0, 0, 3, 1067.59
1572501671, 0, 678, 1683, 1576, 217, 7.68%, 0, 0, 3, 1081.09
1572501809, 0, 729, 1684, 1576, 218, 7.68%, 0, 0, 3, 1068.02
1572502045, 0, 738, 1684, 1575, 218, 7.68%, 0, 0, 3, 1137.00
1572502491, 0, 738, 1685, 1576, 218, 7.68%, 0, 0, 3, 963.99
1572502547, 0, 759, 1685, 1575, 218, 7.68%, 0, 0, 3, 1109.99
1572502670, 0, 777, 1685, 1574, 217, 7.68%, 0, 0, 3, 1058.04
1572503842, 0, 777, 1686, 1575, 217, 7.68%, 0, 0, 3, 435.88
1572503954, 0, 778, 1686, 1574, 216, 7.68%, 0, 0, 3, 428.96
1572504091, 0, 778, 1687, 1575, 216, 7.68%, 0, 0, 3, 378.37
1572504516, 0, 778, 1688, 1576, 216, 7.68%, 0, 0, 3, 378.90
1572505470, 0, 778, 1690, 1578, 216, 7.68%, 0, 0, 3, 393.35
1572505475, 0, 779, 1690, 1577, 216, 7.68%, 0, 0, 3, 469.94
1572506273, 0, 824, 1690, 1576, 215, 7.68%, 0, 0, 3, 1114.95
1572506706, 0, 834, 1690, 1575, 215, 7.68%, 0, 0, 3, 1115.67
1572506835, 0, 834, 1691, 1576, 215, 7.68%, 0, 0, 3, 957.19
1572506978, 0, 834, 1692, 1577, 215, 7.68%, 0, 0, 3, 958.22
1572507432, 0, 834, 1693, 1578, 215, 7.68%, 0, 0, 3, 965.16
1572507437, 0, 838, 1693, 1577, 215, 7.68%, 0, 0, 3, 1008.16
1572508008, 0, 869, 1694, 1577, 214, 7.68%, 0, 0, 3, 967.11
1572508049, 0, 869, 1695, 1578, 214, 7.68%, 0, 0, 3, 921.16
1572508280, 0, 869, 1696, 1579, 214, 7.68%, 0, 0, 3, 919.84
1572508638, 0, 884, 1696, 1578, 214, 7.68%, 0, 0, 3, 1067.13
1572509161, 0, 888, 1696, 1577, 213, 7.68%, 0, 0, 3, 1091.95
1572509253, 0, 888, 1697, 1578, 213, 7.68%, 0, 0, 3, 1098.78
1572509604, 0, 889, 1697, 1577, 212, 7.68%, 0, 0, 3, 537.17
1572509695, 0, 889, 1698, 1578, 212, 7.68%, 0, 0, 3, 452.47
1572510869, 0, 894, 1698, 1577, 212, 7.68%, 0, 0, 3, 500.43
1572511962, 0, 918, 1698, 1576, 212, 7.68%, 0, 0, 3, 491.42
1572512836, 0, 928, 1698, 1575, 211, 7.68%, 0, 0, 3, 974.70
1572512991, 0, 928, 1699, 1576, 211, 7.68%, 0, 0, 3, 995.82
1572513690, 0, 929, 1699, 1575, 210, 7.68%, 0, 0, 3, 1072.19
1572514114, 0, 937, 1699, 1574, 210, 7.68%, 0, 0, 3, 1118.94
1572514489, 0, 939, 1699, 1573, 209, 7.68%, 0, 0, 3, 1061.29
1572514610, 0, 939, 1700, 1574, 209, 7.68%, 0, 0, 3, 1150.84
1572514702, 0, 947, 1700, 1573, 209, 7.68%, 0, 0, 3, 1135.51
1572515400, 0, 949, 1700, 1572, 209, 7.68%, 0, 0, 3, 970.81
1572515737, 0, 949, 1701, 1573, 209, 7.69%, 0, 0, 3, 991.06
1572516667, 0, 967, 1701, 1572, 207, 7.69%, 0, 0, 3, 493.53
1572516743, 0, 967, 1702, 1573, 207, 7.69%, 0, 0, 3, 534.63
1572517175, 0, 967, 1703, 1574, 207, 7.69%, 0, 0, 3, 536.64
1572517277, 0, 969, 1703, 1573, 206, 7.69%, 0, 0, 3, 514.04
1572518407, 0, 977, 1703, 1572, 205, 7.69%, 0, 0, 3, 537.36
1572519242, 0, 986, 1703, 1571, 204, 7.69%, 0, 0, 3, 499.52
1572520312, 0, 991, 1703, 1570, 203, 7.69%, 0, 0, 3, 1003.28
1572521083, 0, 991, 1704, 1571, 203, 7.69%, 0, 0, 3, 1022.03
1572521109, 0, 1003, 1705, 1571, 202, 7.69%, 0, 0, 3, 1028.20
1572521716, 0, 1003, 1706, 1572, 202, 7.69%, 0, 0, 3, 1020.95
1572521893, 0, 1011, 1706, 1571, 202, 7.69%, 0, 0, 3, 998.97
1572521903, 0, 1011, 1707, 1572, 202, 7.69%, 0, 0, 3, 923.98
1572522475, 0, 1021, 1707, 1571, 202, 7.69%, 0, 0, 3, 994.49
1572522583, 0, 1021, 1708, 1572, 202, 7.69%, 0, 0, 3, 967.66
1572523999, 0, 1024, 1708, 1571, 202, 7.69%, 0, 0, 3, 455.93
1572524568, 0, 1024, 1709, 1572, 202, 7.69%, 0, 0, 3, 448.76
1572525015, 0, 1024, 1710, 1573, 202, 7.69%, 0, 0, 3, 450.51
1572525142, 0, 1024, 1711, 1574, 202, 7.69%, 0, 0, 3, 440.61
1572525268, 0, 1027, 1711, 1573, 202, 7.69%, 0, 0, 3, 464.13
1572526581, 0, 1046, 1712, 1573, 201, 7.69%, 0, 0, 3, 945.48
