# unix_time, cycles_done, cur_path, paths_total, pending_total, pending_favs, map_size, unique_crashes, unique_hangs, max_depth, execs_per_sec
1572714111, 0, 0, 1, 1, 1, 3.44%, 0, 0, 1, 1142.86
1572714116, 0, 0, 77, 77, 1, 5.12%, 0, 0, 2, 1260.14
1572714121, 0, 0, 93, 93, 1, 5.14%, 0, 0, 2, 1338.51
1572714141, 0, 0, 224, 224, 1, 5.63%, 0, 0, 2, 1218.80
1572714147, 0, 0, 246, 246, 1, 5.69%, 0, 0, 2, 1310.35
1572714167, 0, 0, 254, 254, 1, 5.69%, 0, 0, 2, 1317.94
1572714172, 0, 0, 275, 275, 1, 5.77%, 0, 0, 2, 1282.38
1572714177, 0, 0, 285, 285, 1, 5.78%, 0, 0, 2, 1327.07
1572714198, 0, 0, 295, 295, 1, 5.82%, 0, 0, 2, 1290.33
1572714203, 0, 0, 309, 309, 1, 5.84%, 0, 0, 2, 1282.92
1572714208, 0, 0, 354, 354, 1, 5.89%, 0, 0, 2, 1285.45
1572714213, 0, 0, 369, 369, 1, 5.92%, 0, 0, 2, 1274.26
1572714228, 0, 0, 403, 403, 1, 6.04%, 0, 0, 2, 1219.83
1572714233, 0, 0, 410, 410, 1, 6.06%, 0, 0, 2, 1182.03
1572714238, 0, 0, 418, 418, 1, 6.06%, 0, 0, 2, 1211.19
1572714248, 0, 0, 421, 421, 1, 6.07%, 0, 0, 2, 1207.30
1572714253, 0, 0, 432, 432, 1, 6.07%, 0, 0, 2, 1182.65
1572714268, 0, 0, 435, 435, 1, 6.07%, 0, 0, 2, 1103.25
1572714274, 0, 0, 444, 444, 1, 6.11%, 0, 0, 2, 1136.38
1572714279, 0, 0, 629, 629, 1, 6.52%, 0, 0, 2, 1069.11
1572714284, 0, 0, 904, 904, 1, 6.68%, 0, 0, 2, 1012.71
1572714289, 0, 0, 1014, 1014, 1, 6.76%, 0, 0, 2, 1007.49
1572714294, 0, 0, 1083, 1083, 1, 6.80%, 0, 0, 2, 1004.89
1572714300, 0, 0, 1126, 1126, 1, 6.83%, 0, 0, 2, 1004.43
1572714305, 0, 0, 1161, 1161, 1, 6.84%, 0, 0, 2, 1004.40
1572714310, 0, 0, 1186, 1186, 1, 6.85%, 0, 0, 2, 1010.39
1572714315, 0, 0, 1205, 1205, 1, 6.88%, 0, 0, 2, 1006.02
1572714320, 0, 4, 1210, 1209, 229, 6.88%, 0, 0, 2, 976.44
1572714325, 0, 4, 1212, 1211, 229, 6.88%, 0, 0, 3, 958.23
1572714361, 0, 4, 1213, 1212, 229, 6.88%, 0, 0, 3, 939.73
1572714366, 0, 4, 1214, 1213, 229, 6.88%, 0, 0, 3, 939.76
1572714397, 0, 4, 1215, 1214, 229, 6.89%, 0, 0, 3, 957.78
1572714448, 0, 4, 1216, 1215, 229, 6.90%, 0, 0, 3, 993.29
1572714454, 0, 4, 1217, 1216, 229, 6.90%, 0, 0, 3, 963.57
1572714459, 0, 4, 1218, 1217, 229, 6.90%, 0, 0, 3, 955.52
1572714469, 0, 4, 1222, 1221, 229, 6.90%, 0, 0, 3, 950.52
1572714536, 0, 4, 1223, 1222, 229, 6.90%, 0, 0, 3, 897.08
1572714551, 0, 4, 1224, 1223, 229, 6.90%, 0, 0, 3, 890.05
1572714821, 0, 4, 1225, 1224, 229, 6.90%, 0, 0, 3, 892.88
1572714836, 0, 4, 1226, 1225, 229, 6.90%, 0, 0, 3, 857.75
1572714872, 0, 4, 1227, 1226, 229, 6.90%, 0, 0, 3, 858.96
1572714964, 0, 4, 1237, 1236, 229, 6.90%, 0, 0, 3, 869.47
1572714969, 0, 4, 1245, 1244, 229, 6.90%, 0, 0, 3, 872.62
1572714974, 0, 4, 1256, 1255, 229, 6.91%, 0, 0, 3, 870.95
1572714979, 0, 4, 1265, 1264, 229, 6.92%, 0, 0, 3, 871.24
1572714984, 0, 4, 1269, 1268, 229, 6.92%, 0, 0, 3, 872.08
1572714989, 0, 4, 1280, 1279, 229, 6.92%, 0, 0, 3, 871.25
1572714995, 0, 4, 1289, 1288, 229, 6.92%, 0, 0, 3, 871.62
1572715000, 0, 24, 1295, 1293, 237, 6.92%, 0, 0, 3, 891.57
1572715005, 0, 24, 1299, 1297, 237, 6.94%, 0, 0, 3, 942.87
1572715010, 0, 24, 1303, 1301, 237, 6.94%, 0, 0, 3, 948.03
1572715050, 0, 24, 1304, 1302, 237, 6.94%, 0, 0, 3, 950.51
1572715081, 0, 24, 1305, 1303, 237, 6.94%, 0, 0, 3, 942.65
1572715086, 0, 24, 1306, 1304, 237, 6.94%, 0, 0, 3, 951.57
1572715126, 0, 24, 1307, 1305, 237, 6.94%, 0, 0, 3, 946.52
1572715136, 0, 24, 1308, 1306, 237, 6.94%, 0, 0, 3, 950.72
1572715151, 0, 24, 1310, 1308, 237, 6.94%, 0, 0, 3, 960.19
1572715161, 0, 24, 1312, 1310, 237, 6.94%, 0, 0, 3, 951.88
1572715172, 0, 24, 1313, 1311, 237, 6.94%, 0, 0, 3, 949.61
1572715486, 0, 24, 1314, 1312, 237, 6.94%, 0, 0, 3, 949.52
1572715602, 0, 24, 1315, 1313, 237, 6.94%, 0, 0, 3, 915.15
1572715607, 0, 24, 1320, 1318, 237, 6.95%, 0, 0, 3, 890.33
1572715612, 0, 24, 1330, 1328, 237, 6.95%, 0, 0, 3, 886.29
1572715617, 0, 24, 1336, 1334, 237, 6.96%, 0, 0, 3, 884.38
1572715622, 0, 24, 1340, 1338, 237, 6.96%, 0, 0, 3, 883.70
1572715627, 0, 24, 1346, 1344, 237, 6.97%, 0, 0, 3, 882.39
1572715632, 0, 24, 1351, 1349, 237, 6.97%, 0, 0, 3, 880.75
1572715637, 0, 24, 1355, 1353, 237, 6.97%, 0, 0, 3, 883.12
1572715642, 0, 29, 1361, 1358, 248, 6.98%, 0, 0, 3, 877.95
1572715948, 0, 29, 1362, 1359, 248, 6.98%, 0, 0, 3, 948.55
1572716252, 0, 31, 1363, 1359, 248, 6.98%, 0, 0, 3, 891.73
1572716858, 0, 36, 1363, 1358, 247, 6.98%, 0, 0, 3, 890.98
1572717470, 0, 49, 1363, 1357, 246, 6.98%, 0, 0, 3, 1020.95
1572717672, 0, 49, 1364, 1358, 246, 6.98%, 0, 0, 3, 975.46
1572717677, 0, 49, 1373, 1367, 246, 6.98%, 0, 0, 3, 905.99
1572717682, 0, 49, 1379, 1373, 246, 6.98%, 0, 0, 3, 898.50
1572717687, 0, 49, 1385, 1379, 246, 7.01%, 0, 0, 3, 897.18
1572717692, 0, 49, 1393, 1387, 246, 7.02%, 0, 0, 3, 899.06
1572717697, 0, 49, 1396, 1390, 246, 7.02%, 0, 0, 3, 895.30
1572717702, 0, 49, 1400, 1394, 246, 7.02%, 0, 0, 3, 898.32
1572717708, 0, 49, 1403, 1397, 246, 7.10%, 0, 0, 3, 894.32
1572717713, 0, 52, 1404, 1397, 248, 7.10%, 0, 0, 3, 1048.63
1572717915, 0, 99, 1404, 1396, 248, 7.10%, 0, 0, 3, 928.18
1572718584, 0, 101, 1404, 1395, 247, 7.10%, 0, 0, 3, 862.91
1572718711, 0, 101, 1405, 1396, 247, 7.10%, 0, 0, 3, 857.17
1572719079, 0, 101, 1406, 1397, 247, 7.10%, 0, 0, 3, 860.97
1572719247, 0, 102, 1406, 1396, 247, 7.10%, 0, 0, 3, 858.38
1572719278, 0, 102, 1409, 1399, 247, 7.10%, 0, 0, 3, 1116.36
1572719283, 0, 102, 1410, 1400, 247, 7.10%, 0, 0, 3, 1120.37
1572719345, 0, 102, 1412, 1402, 247, 7.11%, 0, 0, 3, 1110.30
1572719355, 0, 102, 1414, 1404, 247, 7.12%, 0, 0, 3, 1091.46
1572719426, 0, 102, 1416, 1406, 247, 7.12%, 0, 0, 3, 1020.19
1572719451, 0, 105, 1417, 1406, 249, 7.12%, 0, 0, 3, 984.48
1572719544, 0, 105, 1418, 1407, 249, 7.12%, 0, 0, 3, 1153.82
1572719630, 0, 105, 1419, 1408, 249, 7.12%, 0, 0, 3, 1020.60
1572719651, 0, 108, 1419, 1407, 249, 7.12%, 0, 0, 3, 920.84
1572720321, 0, 113, 1421, 1408, 248, 7.12%, 0, 0, 3, 859.27
1572720362, 0, 113, 1422, 1409, 248, 7.12%, 0, 0, 3, 843.10
1572720383, 0, 113, 1423, 1410, 248, 7.12%, 0, 0, 3, 847.95
1572720404, 0, 113, 1424, 1411, 248, 7.12%, 0, 0, 3, 847.32
1572720419, 0, 113, 1425, 1412, 248, 7.12%, 0, 0, 3, 846.43
1572720450, 0, 113, 1426, 1413, 248, 7.12%, 0, 0, 3, 846.42
1572720584, 0, 113, 1427, 1414, 248, 7.12%, 0, 0, 3, 848.66
1572721000, 0, 113, 1434, 1421, 248, 7.13%, 0, 0, 3, 862.76
1572721005, 0, 113, 1437, 1424, 248, 7.13%, 0, 0, 3, 868.02
1572721010, 0, 113, 1442, 1429, 248, 7.13%, 0, 0, 3, 868.56
1572721015, 0, 113, 1446, 1433, 248, 7.13%, 0, 0, 3, 865.88
1572721020, 0, 113, 1448, 1435, 248, 7.13%, 0, 0, 3, 866.17
1572721025, 0, 113, 1450, 1437, 248, 7.13%, 0, 0, 3, 866.51
1572721030, 0, 113, 1452, 1439, 248, 7.13%, 0, 0, 3, 867.56
1572721035, 0, 115, 1454, 1440, 253, 7.13%, 0, 0, 3, 982.62
1572721066, 0, 115, 1457, 1443, 253, 7.15%, 0, 0, 3, 1087.02
1572721249, 0, 117, 1457, 1442, 255, 7.15%, 0, 0, 3, 974.63
1572721280, 0, 117, 1458, 1443, 255, 7.15%, 0, 0, 3, 1096.32
1572721449, 0, 117, 1461, 1446, 255, 7.16%, 0, 0, 3, 929.34
1572721454, 0, 117, 1462, 1447, 255, 7.16%, 0, 0, 3, 909.64
1572721459, 0, 117, 1465, 1450, 255, 7.16%, 0, 0, 3, 904.12
1572721464, 0, 117, 1467, 1452, 255, 7.16%, 0, 0, 3, 906.23
1572721469, 0, 117, 1471, 1456, 255, 7.17%, 0, 0, 3, 903.43
1572721474, 0, 117, 1472, 1457, 255, 7.17%, 0, 0, 3, 903.40
1572721479, 0, 117, 1477, 1462, 255, 7.17%, 0, 0, 3, 905.52
1572721484, 0, 119, 1478, 1462, 257, 7.17%, 0, 0, 3, 871.98
1572721524, 0, 119, 1479, 1463, 257, 7.17%, 0, 0, 3, 838.65
1572721615, 0, 119, 1480, 1464, 257, 7.17%, 0, 0, 3, 841.05
1572722166, 0, 121, 1480, 1463, 257, 7.17%, 0, 0, 3, 850.27
1572722848, 0, 129, 1480, 1462, 256, 7.17%, 0, 0, 3, 853.77
1572722879, 0, 129, 1481, 1463, 256, 7.17%, 0, 0, 3, 1119.41
1572723047, 0, 129, 1483, 1465, 256, 7.17%, 0, 0, 3, 948.96
1572723052, 0, 129, 1486, 1468, 256, 7.17%, 0, 0, 3, 913.82
1572723057, 0, 129, 1490, 1472, 256, 7.18%, 0, 0, 3, 904.86
1572723062, 0, 129, 1493, 1475, 256, 7.18%, 0, 0, 3, 900.34
1572723067, 0, 129, 1497, 1479, 256, 7.18%, 0, 0, 3, 900.88
1572723072, 0, 129, 1501, 1483, 256, 7.19%, 0, 0, 3, 900.95
1572723078, 0, 129, 1505, 1487, 256, 7.19%, 0, 0, 3, 900.63
1572723083, 0, 130, 1506, 1487, 258, 7.19%, 0, 0, 3, 883.32
1572723123, 0, 130, 1507, 1488, 258, 7.40%, 0, 0, 3, 838.61
1572723168, 0, 130, 1509, 1490, 258, 7.42%, 0, 0, 3, 839.82
1572723214, 0, 130, 1510, 1491, 258, 7.42%, 0, 0, 3, 839.87
1572723350, 0, 130, 1511, 1492, 258, 7.42%, 0, 0, 3, 844.27
1572723765, 0, 134, 1511, 1491, 259, 7.42%, 0, 0, 3, 849.62
1572723805, 0, 134, 1512, 1492, 259, 7.42%, 0, 0, 3, 838.94
1572723856, 0, 134, 1513, 1493, 259, 7.42%, 0, 0, 3, 842.52
1572724448, 0, 136, 1513, 1492, 259, 7.42%, 0, 0, 3, 849.34
1572724479, 0, 136, 1514, 1493, 259, 7.42%, 0, 0, 3, 1121.18
1572724637, 0, 136, 1515, 1494, 259, 7.43%, 0, 0, 3, 1003.05
1572724663, 0, 137, 1516, 1494, 259, 7.43%, 0, 0, 3, 915.76
1572724749, 0, 137, 1517, 1495, 259, 7.43%, 0, 0, 3, 840.80
1572724936, 0, 137, 1518, 1496, 259, 7.43%, 0, 0, 3, 839.36
1572725345, 0, 143, 1518, 1495, 259, 7.43%, 0, 0, 3, 847.54
1572725376, 0, 143, 1520, 1497, 259, 7.43%, 0, 0, 3, 1122.43
1572725560, 0, 144, 1521, 1497, 258, 7.43%, 0, 0, 3, 935.57
1572725606, 0, 144, 1522, 1498, 258, 7.44%, 0, 0, 3, 835.82
1572725833, 0, 144, 1523, 1499, 258, 7.44%, 0, 0, 3, 837.24
1572726248, 0, 144, 1526, 1502, 258, 7.44%, 0, 0, 3, 861.46
1572726254, 0, 148, 1526, 1501, 259, 7.44%, 0, 0, 3, 862.89
1572726319, 0, 148, 1527, 1502, 259, 7.44%, 0, 0, 3, 836.88
1572726937, 0, 148, 1529, 1504, 259, 7.44%, 0, 0, 3, 848.97
1572726942, 0, 148, 1532, 1507, 259, 7.44%, 0, 0, 3, 860.84
1572726947, 0, 148, 1535, 1510, 259, 7.44%, 0, 0, 3, 865.15
1572726952, 0, 148, 1536, 1511, 259, 7.44%, 0, 0, 3, 866.08
1572726958, 0, 148, 1538, 1513, 259, 7.44%, 0, 0, 3, 866.11
1572726963, 0, 148, 1541, 1516, 259, 7.45%, 0, 0, 3, 866.12
1572726968, 0, 148, 1544, 1519, 259, 7.45%, 0, 0, 3, 866.53
1572726973, 0, 148, 1548, 1523, 259, 7.45%, 0, 0, 3, 865.40
1572726978, 0, 149, 1548, 1522, 260, 7.45%, 0, 0, 3, 1050.57
1572727009, 0, 149, 1549, 1523, 260, 7.45%, 0, 0, 3, 1111.77
1572727188, 0, 149, 1550, 1524, 260, 7.45%, 0, 0, 3, 942.99
1572727193, 0, 151, 1550, 1523, 259, 7.45%, 0, 0, 3, 864.97
1572727876, 0, 153, 1550, 1522, 258, 7.45%, 0, 0, 3, 1060.66
1572727907, 0, 153, 1551, 1523, 258, 7.45%, 0, 0, 3, 1119.95
1572728085, 0, 153, 1552, 1524, 258, 7.45%, 0, 0, 3, 949.67
1572728090, 0, 153, 1554, 1526, 258, 7.45%, 0, 0, 3, 910.88
1572728095, 0, 154, 1554, 1525, 257, 7.45%, 0, 0, 3, 975.01
1572728126, 0, 154, 1555, 1526, 257, 7.45%, 0, 0, 3, 1086.10
1572728309, 0, 160, 1555, 1525, 256, 7.45%, 0, 0, 3, 928.94
1572728993, 0, 169, 1556, 1525, 255, 7.45%, 0, 0, 3, 854.47
1572729207, 0, 170, 1556, 1524, 254, 7.45%, 0, 0, 3, 931.17
1572729247, 0, 170, 1557, 1525, 254, 7.45%, 0, 0, 3, 844.34
1572729501, 0, 170, 1559, 1527, 254, 7.45%, 0, 0, 3, 845.08
1572729887, 0, 170, 1562, 1530, 254, 7.47%, 0, 0, 3, 860.12
1572729893, 0, 170, 1565, 1533, 254, 7.47%, 0, 0, 3, 866.53
1572729903, 0, 170, 1566, 1534, 254, 7.47%, 0, 0, 3, 866.84
1572729908, 0, 170, 1570, 1538, 254, 7.47%, 0, 0, 3, 867.72
1572729918, 0, 170, 1571, 1539, 254, 7.47%, 0, 0, 3, 868.22
1572729924, 0, 173, 1572, 1539, 258, 7.47%, 0, 0, 3, 861.86
1572730460, 0, 173, 1573, 1540, 258, 7.47%, 0, 0, 3, 866.35
1572730491, 0, 173, 1574, 1541, 258, 7.47%, 0, 0, 3, 855.77
1572730593, 0, 174, 1574, 1540, 257, 7.47%, 0, 0, 3, 860.76
1572731263, 0, 174, 1576, 1542, 257, 7.47%, 0, 0, 3, 867.96
1572731269, 0, 175, 1576, 1541, 256, 7.47%, 0, 0, 3, 865.03
1572731939, 0, 176, 1576, 1540, 255, 7.47%, 0, 0, 3, 859.55
1572732609, 0, 178, 1576, 1539, 254, 7.47%, 0, 0, 3, 861.28
1572733275, 0, 198, 1576, 1538, 253, 7.47%, 0, 0, 3, 860.31
1572733479, 0, 212, 1576, 1537, 252, 7.47%, 0, 0, 3, 943.36
1572733698, 0, 215, 1576, 1536, 251, 7.47%, 0, 0, 3, 1049.83
1572733912, 0, 216, 1576, 1535, 250, 7.47%, 0, 0, 3, 1007.40
1572734126, 0, 233, 1576, 1534, 249, 7.47%, 0, 0, 3, 948.09
1572734344, 0, 237, 1576, 1533, 248, 7.47%, 0, 0, 3, 981.72
1572734552, 0, 247, 1576, 1532, 247, 7.47%, 0, 0, 3, 892.46
1572735223, 0, 251, 1576, 1531, 246, 7.47%, 0, 0, 3, 859.32
1572735310, 0, 251, 1577, 1532, 246, 7.47%, 0, 0, 3, 854.55
1572735895, 0, 253, 1577, 1531, 245, 7.47%, 0, 0, 3, 881.43
1572735900, 0, 253, 1578, 1532, 245, 7.47%, 0, 0, 3, 932.92
1572735975, 0, 253, 1579, 1533, 245, 7.47%, 0, 0, 3, 936.21
1572735980, 0, 253, 1580, 1534, 245, 7.47%, 0, 0, 3, 944.63
1572736026, 0, 253, 1581, 1535, 245, 7.47%, 0, 0, 3, 942.07
1572736051, 0, 253, 1583, 1537, 245, 7.47%, 0, 0, 3, 945.61
1572736505, 0, 253, 1584, 1538, 245, 7.47%, 0, 0, 3, 885.84
1572736511, 0, 255, 1584, 1537, 246, 7.47%, 0, 0, 3, 865.88
1572737175, 0, 255, 1585, 1538, 246, 7.47%, 0, 0, 3, 858.24
1572737180, 0, 268, 1586, 1538, 245, 7.47%, 0, 0, 3, 865.40
1572737318, 0, 268, 1587, 1539, 245, 7.48%, 0, 0, 3, 1049.03
1572737400, 0, 270, 1587, 1538, 245, 7.48%, 0, 0, 3, 1042.47
1572737614, 0, 273, 1587, 1537, 244, 7.48%, 0, 0, 3, 1016.56
1572737706, 0, 273, 1588, 1538, 244, 7.48%, 0, 0, 3, 1150.60
1572737828, 0, 274, 1589, 1538, 243, 7.48%, 0, 0, 3, 909.64
1572738042, 0, 287, 1589, 1537, 242, 7.48%, 0, 0, 3, 938.33
1572738714, 0, 288, 1590, 1537, 241, 7.48%, 0, 0, 3, 858.37
1572738755, 0, 288, 1591, 1538, 241, 7.48%, 0, 0, 3, 850.30
1572739007, 0, 288, 1592, 1539, 241, 7.48%, 0, 0, 3, 850.60
1572739387, 0, 289, 1592, 1538, 242, 7.48%, 0, 0, 3, 1023.66
1572739454, 0, 289, 1593, 1539, 242, 7.48%, 0, 0, 3, 1149.37
1572739480, 0, 289, 1594, 1540, 242, 7.48%, 0, 0, 3, 1144.20
1572739601, 0, 290, 1594, 1539, 241, 7.48%, 0, 0, 3, 888.81
1572739727, 0, 290, 1595, 1540, 241, 7.48%, 0, 0, 3, 840.99
1572740276, 0, 290, 1596, 1541, 241, 7.49%, 0, 0, 3, 850.27
1572740282, 0, 291, 1596, 1540, 240, 7.49%, 0, 0, 3, 852.46
1572740327, 0, 291, 1597, 1541, 240, 7.49%, 0, 0, 3, 846.84
1572740367, 0, 291, 1598, 1542, 240, 7.50%, 0, 0, 3, 843.64
1572740574, 0, 291, 1599, 1543, 240, 7.50%, 0, 0, 3, 845.81
1572740960, 0, 293, 1599, 1542, 239, 7.50%, 0, 0, 3, 853.59
1572741634, 0, 318, 1599, 1541, 238, 7.50%, 0, 0, 3, 855.51
1572741837, 0, 318, 1600, 1542, 238, 7.50%, 0, 0, 3, 856.85
1572742303, 0, 319, 1600, 1541, 237, 7.50%, 0, 0, 3, 860.19
1572742965, 0, 319, 1601, 1542, 237, 7.50%, 0, 0, 3, 855.02
1572742970, 0, 323, 1601, 1541, 236, 7.50%, 0, 0, 3, 1000.10
1572743184, 0, 324, 1601, 1540, 235, 7.50%, 0, 0, 3, 925.22
1572743403, 0, 325, 1601, 1539, 234, 7.50%, 0, 0, 3, 1077.76
1572743433, 0, 325, 1602, 1540, 234, 7.50%, 0, 0, 3, 1099.87
1572743616, 0, 327, 1602, 1539, 234, 7.50%, 0, 0, 3, 972.49
1572743830, 0, 330, 1602, 1538, 233, 7.50%, 0, 0, 3, 925.22
1572744329, 0, 330, 1603, 1539, 233, 7.50%, 0, 0, 3, 949.71
1572744440, 0, 332, 1603, 1538, 233, 7.50%, 0, 0, 3, 896.06
1572745047, 0, 332, 1604, 1539, 233, 7.50%, 0, 0, 3, 885.15
1572745052, 0, 335, 1604, 1538, 234, 7.50%, 0, 0, 3, 999.56
1572745271, 0, 343, 1604, 1537, 233, 7.50%, 0, 0, 3, 1072.92
1572745479, 0, 356, 1604, 1536, 232, 7.50%, 0, 0, 3, 915.60
1572746149, 0, 358, 1604, 1535, 231, 7.50%, 0, 0, 3, 859.18
1572746816, 0, 360, 1604, 1534, 230, 7.50%, 0, 0, 3, 879.69
1572746847, 0, 360, 1609, 1539, 230, 7.50%, 0, 0, 3, 1082.44
1572746852, 0, 360, 1610, 1540, 230, 7.50%, 0, 0, 3, 1113.02
1572746928, 0, 360, 1613, 1543, 230, 7.50%, 0, 0, 3, 1076.01
1572747009, 0, 360, 1614, 1544, 230, 7.50%, 0, 0, 3, 1012.07
1572747040, 0, 362, 1614, 1543, 229, 7.50%, 0, 0, 3, 880.83
1572747091, 0, 362, 1615, 1544, 229, 7.50%, 0, 0, 3, 844.54
1572747327, 0, 362, 1616, 1545, 229, 7.50%, 0, 0, 3, 851.36
1572747712, 0, 363, 1616, 1544, 228, 7.50%, 0, 0, 3, 848.45
1572748394, 0, 364, 1616, 1543, 227, 7.50%, 0, 0, 3, 885.32
1572749005, 0, 367, 1616, 1542, 226, 7.50%, 0, 0, 3, 873.20
1572749688, 0, 368, 1616, 1541, 225, 7.50%, 0, 0, 3, 852.69
1572750370, 0, 368, 1617, 1542, 225, 7.50%, 0, 0, 3, 848.10
1572750376, 0, 368, 1619, 1544, 225, 7.50%, 0, 0, 3, 861.90
1572750381, 0, 368, 1620, 1545, 225, 7.50%, 0, 0, 3, 864.37
1572750386, 0, 368, 1621, 1546, 225, 7.50%, 0, 0, 3, 864.66
1572750412, 0, 370, 1621, 1545, 224, 7.50%, 0, 0, 3, 860.16
1572751081, 0, 372, 1621, 1544, 223, 7.50%, 0, 0, 3, 857.92
1572751751, 0, 373, 1621, 1543, 222, 7.50%, 0, 0, 3, 860.10
1572752422, 0, 376, 1621, 1542, 221, 7.50%, 0, 0, 3, 861.49
1572752469, 0, 376, 1622, 1543, 221, 7.51%, 0, 0, 3, 852.23
1572752557, 0, 376, 1623, 1544, 221, 7.51%, 0, 0, 3, 843.83
1572752598, 0, 376, 1624, 1545, 221, 7.51%, 0, 0, 3, 843.99
1572753102, 0, 377, 1624, 1544, 222, 7.51%, 0, 0, 3, 1043.27
1572753230, 0, 377, 1625, 1545, 222, 7.51%, 0, 0, 3, 1080.07
1572753316, 0, 378, 1625, 1544, 222, 7.51%, 0, 0, 3, 996.43
1572753448, 0, 378, 1626, 1545, 222, 7.51%, 0, 0, 3, 1024.23
1572753534, 0, 381, 1626, 1544, 221, 7.51%, 0, 0, 3, 1076.23
1572753565, 0, 381, 1627, 1545, 221, 7.52%, 0, 0, 3, 1111.53
1572753749, 0, 389, 1627, 1544, 221, 7.52%, 0, 0, 3, 1060.29
1572753876, 0, 389, 1629, 1546, 221, 7.53%, 0, 0, 3, 1036.62
1572753881, 0, 389, 1631, 1548, 221, 7.53%, 0, 0, 3, 1050.90
1572753962, 0, 389, 1634, 1551, 221, 7.53%, 0, 0, 3, 925.76
1572753967, 0, 389, 1637, 1554, 221, 7.53%, 0, 0, 3, 901.74
1572753972, 0, 389, 1640, 1557, 221, 7.53%, 0, 0, 3, 899.85
1572753977, 0, 389, 1641, 1558, 221, 7.54%, 0, 0, 3, 901.61
1572753983, 0, 389, 1645, 1562, 221, 7.54%, 0, 0, 3, 901.27
1572753998, 0, 391, 1647, 1563, 226, 7.55%, 0, 0, 3, 971.00
1572754094, 0, 391, 1648, 1564, 226, 7.55%, 0, 0, 3, 1104.93
1572754212, 0, 395, 1648, 1563, 225, 7.55%, 0, 0, 3, 929.48
1572754344, 0, 395, 1649, 1564, 225, 7.55%, 0, 0, 3, 1024.63
1572754431, 0, 396, 1649, 1563, 224, 7.55%, 0, 0, 3, 1078.00
1572754461, 0, 396, 1650, 1564, 224, 7.55%, 0, 0, 3, 1099.75
1572754644, 0, 398, 1650, 1563, 225, 7.55%, 0, 0, 3, 1011.27
1572754777, 0, 398, 1651, 1564, 225, 7.55%, 0, 0, 3, 1055.39
1572754858, 0, 400, 1652, 1564, 224, 7.55%, 0, 0, 3, 914.91
1572754894, 0, 400, 1653, 1565, 224, 7.57%, 0, 0, 3, 1111.71
1572754924, 0, 400, 1654, 1566, 224, 7.57%, 0, 0, 3, 1087.53
1572754991, 0, 400, 1658, 1570, 224, 7.59%, 0, 0, 3, 1086.73
1572755078, 0, 404, 1658, 1569, 224, 7.59%, 0, 0, 3, 898.55
1572755129, 0, 404, 1659, 1570, 224, 7.59%, 0, 0, 3, 859.54
1572755743, 0, 408, 1659, 1569, 223, 7.59%, 0, 0, 3, 861.48
1572756407, 0, 409, 1659, 1568, 222, 7.59%, 0, 0, 3, 857.61
1572757087, 0, 410, 1659, 1567, 221, 7.59%, 0, 0, 3, 851.25
1572757767, 0, 417, 1659, 1566, 220, 7.59%, 0, 0, 3, 851.26
1572758443, 0, 420, 1659, 1565, 219, 7.59%, 0, 0, 3, 850.76
1572758662, 0, 437, 1659, 1564, 218, 7.59%, 0, 0, 3, 888.68
1572758749, 0, 437, 1663, 1568, 218, 7.60%, 0, 0, 3, 862.68
1572758954, 0, 437, 1664, 1569, 218, 7.60%, 0, 0, 3, 856.56
1572759183, 0, 437, 1665, 1570, 218, 7.60%, 0, 0, 3, 893.00
1572759326, 0, 439, 1665, 1569, 222, 7.60%, 0, 0, 3, 1004.57
1572759539, 0, 441, 1665, 1568, 221, 7.60%, 0, 0, 3, 922.16
1572759739, 0, 441, 1666, 1569, 221, 7.60%, 0, 0, 3, 936.42
1572759749, 0, 441, 1669, 1572, 221, 7.60%, 0, 0, 3, 917.27
1572759754, 0, 441, 1670, 1573, 221, 7.60%, 0, 0, 3, 903.41
1572759764, 0, 447, 1670, 1572, 220, 7.60%, 0, 0, 3, 944.26
1572759943, 0, 454, 1671, 1572, 219, 7.60%, 0, 0, 3, 964.14
1572760526, 0, 546, 1671, 1571, 218, 7.60%, 0, 0, 3, 986.28
1572761134, 0, 567, 1673, 1572, 217, 7.60%, 0, 0, 3, 902.86
1572761139, 0, 567, 1674, 1573, 217, 7.60%, 0, 0, 3, 842.56
1572761287, 0, 567, 1675, 1574, 217, 7.60%, 0, 0, 3, 823.83
1572761333, 0, 567, 1676, 1575, 217, 7.60%, 0, 0, 3, 822.72
1572761349, 0, 567, 1677, 1576, 217, 7.60%, 0, 0, 3, 823.39
1572761839, 0, 575, 1677, 1575, 216, 7.60%, 0, 0, 3, 990.44
1572761978, 0, 575, 1679, 1577, 216, 7.60%, 0, 0, 3, 1042.75
1572761983, 0, 582, 1679, 1576, 216, 7.60%, 0, 0, 3, 914.38
1572762598, 0, 586, 1679, 1575, 216, 7.60%, 0, 0, 3, 876.34
1572762814, 0, 586, 1680, 1576, 216, 7.60%, 0, 0, 3, 892.64
1572763091, 0, 591, 1680, 1575, 215, 7.60%, 0, 0, 3, 896.02
1572763703, 0, 594, 1680, 1574, 214, 7.60%, 0, 0, 3, 961.62
1572764178, 0, 594, 1681, 1575, 214, 7.61%, 0, 0, 3, 982.06
1572764268, 0, 622, 1681, 1574, 214, 7.61%, 0, 0, 3, 982.62
1572764891, 0, 637, 1681, 1573, 213, 7.61%, 0, 0, 3, 925.55
1572765021, 0, 637, 1683, 1575, 213, 7.62%, 0, 0, 3, 861.13
1572765541, 0, 642, 1683, 1574, 214, 7.62%, 0, 0, 3, 855.46
1572766211, 0, 690, 1683, 1573, 213, 7.62%, 0, 0, 3, 848.64
1572766988, 0, 697, 1683, 1572, 213, 7.62%, 0, 0, 3, 920.26
1572767670, 0, 729, 1683, 1571, 212, 7.62%, 0, 0, 3, 1005.28
1572767931, 0, 733, 1683, 1570, 211, 7.62%, 0, 0, 3, 1004.03
1572768416, 0, 744, 1683, 1569, 211, 7.62%, 0, 0, 3, 973.65
1572769266, 0, 761, 1683, 1568, 210, 7.62%, 0, 0, 3, 903.25
1572769670, 0, 761, 1684, 1569, 210, 7.62%, 0, 0, 3, 903.40
1572769747, 0, 761, 1685, 1570, 210, 7.62%, 0, 0, 3, 904.45
1572769752, 0, 773, 1685, 1569, 210, 7.62%, 0, 0, 3, 964.62
1572770485, 0, 774, 1685, 1568, 209, 7.62%, 0, 0, 3, 976.16
1572770936, 0, 777, 1685, 1567, 208, 7.62%, 0, 0, 3, 1026.21
1572771635, 0, 777, 1686, 1568, 208, 7.62%, 0, 0, 3, 1048.73
1572771640, 0, 783, 1686, 1567, 207, 7.62%, 0, 0, 3, 1029.24
1572771921, 0, 789, 1686, 1566, 206, 7.62%, 0, 0, 3, 923.90
1572772819, 0, 798, 1686, 1565, 206, 7.62%, 0, 0, 3, 1015.74
1572773094, 0, 799, 1686, 1564, 205, 7.62%, 0, 0, 3, 884.98
1572773764, 0, 814, 1686, 1563, 204, 7.62%, 0, 0, 3, 838.64
1572773861, 0, 814, 1687, 1564, 204, 7.62%, 0, 0, 3, 1136.94
1572773897, 0, 814, 1688, 1565, 204, 7.62%, 0, 0, 3, 1059.24
1572773988, 0, 818, 1689, 1565, 204, 7.62%, 0, 0, 3, 935.57
1572774152, 0, 819, 1689, 1564, 203, 7.62%, 0, 0, 3, 1033.74
1572774918, 0, 823, 1691, 1565, 202, 7.62%, 0, 0, 3, 969.52
1572775216, 0, 823, 1692, 1566, 202, 7.62%, 0, 0, 3, 836.21
1572775545, 0, 823, 1693, 1567, 202, 7.62%, 0, 0, 3, 836.34
1572775601, 0, 826, 1693, 1566, 202, 7.62%, 0, 0, 3, 883.17
1572776010, 0, 830, 1693, 1565, 201, 7.62%, 0, 0, 3, 1016.05
1572776269, 0, 840, 1694, 1565, 199, 7.64%, 0, 0, 3, 900.87
1572776975, 0, 842, 1694, 1564, 198, 7.64%, 0, 0, 3, 895.25
1572777594, 0, 842, 1695, 1565, 198, 7.64%, 0, 0, 3, 977.93
1572777599, 0, 849, 1695, 1564, 197, 7.64%, 0, 0, 3, 893.31
1572778447, 0, 868, 1695, 1563, 196, 7.64%, 0, 0, 3, 868.60
1572779059, 0, 869, 1696, 1563, 195, 7.64%, 0, 0, 3, 873.58
1572779156, 0, 869, 1697, 1564, 195, 7.64%, 0, 0, 3, 809.76
1572779161, 0, 869, 1698, 1565, 195, 7.64%, 0, 0, 3, 806.28
1572779456, 0, 869, 1700, 1567, 195, 7.64%, 0, 0, 3, 804.64
1572780032, 0, 869, 1701, 1568, 195, 7.64%, 0, 0, 3, 813.81
1572780037, 0, 874, 1701, 1567, 197, 7.64%, 0, 0, 3, 868.76
1572780042, 0, 874, 1703, 1569, 197, 7.64%, 0, 0, 3, 884.01
1572780052, 0, 874, 1705, 1571, 197, 7.64%, 0, 0, 3, 887.92
1572780173, 0, 874, 1706, 1572, 197, 7.65%, 0, 0, 3, 888.26
1572780284, 0, 874, 1707, 1573, 197, 7.65%, 0, 0, 3, 890.38
1572780567, 0, 874, 1708, 1574, 197, 7.65%, 0, 0, 3, 888.10
1572780749, 0, 874, 1709, 1575, 197, 7.66%, 0, 0, 3, 887.29
1572780936, 0, 874, 1711, 1577, 197, 7.66%, 0, 0, 3, 887.06
1572780941, 0, 874, 1715, 1581, 197, 7.66%, 0, 0, 3, 885.58
1572780951, 0, 874, 1716, 1582, 197, 7.66%, 0, 0, 3, 885.91
1572780956, 0, 874, 1720, 1586, 197, 7.66%, 0, 0, 3, 883.31
1572780961, 0, 874, 1721, 1587, 197, 7.66%, 0, 0, 3, 884.89
1572780966, 0, 874, 1722, 1588, 197, 7.66%, 0, 0, 3, 885.50
1572780971, 0, 875, 1723, 1588, 201, 7.66%, 0, 0, 3, 890.31
1572780981, 0, 875, 1724, 1589, 201, 7.66%, 0, 0, 3, 891.03
1572781630, 0, 879, 1725, 1589, 202, 7.66%, 0, 0, 3, 941.58
1572782149, 0, 882, 1725, 1588, 200, 7.66%, 0, 0, 3, 987.91
1572782743, 0, 906, 1725, 1587, 199, 7.66%, 0, 0, 3, 999.78
1572783183, 0, 907, 1725, 1586, 198, 7.66%, 0, 0, 3, 996.63
1572783755, 0, 908, 1725, 1585, 197, 7.66%, 0, 0, 3, 1077.96
1572783862, 0, 915, 1725, 1584, 196, 7.66%, 0, 0, 3, 974.86
1572784248, 0, 915, 1726, 1585, 196, 7.66%, 0, 0, 3, 858.11
1572784857, 0, 917, 1726, 1584, 195, 7.66%, 0, 0, 3, 861.50
1572784903, 0, 917, 1727, 1585, 195, 7.66%, 0, 0, 3, 858.91
1572785045, 0, 917, 1728, 1586, 195, 7.66%, 0, 0, 3, 858.05
1572785647, 0, 917, 1732, 1590, 195, 7.66%, 0, 0, 3, 860.71
1572785652, 0, 917, 1735, 1593, 195, 7.66%, 0, 0, 3, 864.49
1572785657, 0, 917, 1737, 1595, 195, 7.66%, 0, 0, 3, 866.04
1572785662, 0, 917, 1738, 1596, 195, 7.66%, 0, 0, 3, 865.13
1572785667, 0, 917, 1739, 1597, 195, 7.66%, 0, 0, 3, 863.78
1572785672, 0, 917, 1743, 1601, 195, 7.66%, 0, 0, 3, 866.47
1572785683, 0, 917, 1745, 1603, 195, 7.66%, 0, 0, 3, 866.89
1572785688, 0, 922, 1746, 1603, 194, 7.66%, 0, 0, 3, 1011.71
1572785826, 0, 937, 1747, 1603, 194, 7.67%, 0, 0, 3, 1014.42
1572786625, 0, 939, 1747, 1602, 193, 7.67%, 0, 0, 3, 1046.17
1572786755, 0, 957, 1748, 1602, 192, 7.67%, 0, 0, 3, 1036.39
1572787421, 0, 958, 1749, 1602, 192, 7.67%, 0, 0, 3, 888.35
1572787981, 0, 958, 1752, 1605, 192, 7.67%, 0, 0, 3, 1001.40
1572787987, 0, 960, 1752, 1604, 191, 7.67%, 0, 0, 3, 1004.42
1572788228, 0, 960, 1753, 1605, 191, 7.67%, 0, 0, 3, 1019.42
1572788562, 0, 967, 1753, 1604, 191, 7.67%, 0, 0, 3, 1019.83
1572789078, 0, 972, 1753, 1603, 191, 7.67%, 0, 0, 3, 995.96
