# unix_time, cycles_done, cur_path, paths_total, pending_total, pending_favs, map_size, unique_crashes, unique_hangs, max_depth, execs_per_sec
1572033141, 0, 0, 1, 1, 1, 3.44%, 0, 0, 1, 1142.86
1572033146, 0, 0, 60, 60, 1, 5.09%, 0, 0, 2, 1233.44
1572033151, 0, 0, 93, 93, 1, 5.14%, 0, 0, 2, 1313.81
1572033172, 0, 0, 200, 200, 1, 5.60%, 0, 0, 2, 1200.91
1572033177, 0, 0, 246, 246, 1, 5.69%, 0, 0, 2, 1254.60
1572033202, 0, 0, 275, 275, 1, 5.77%, 0, 0, 2, 1220.85
1572033207, 0, 0, 285, 285, 1, 5.78%, 0, 0, 2, 1287.45
1572033228, 0, 0, 291, 291, 1, 5.80%, 0, 0, 2, 1285.56
1572033233, 0, 0, 306, 306, 1, 5.84%, 0, 0, 2, 1248.90
1572033238, 0, 0, 339, 339, 1, 5.88%, 0, 0, 2, 1199.39
1572033243, 0, 0, 369, 369, 1, 5.92%, 0, 0, 2, 1218.59
1572033259, 0, 0, 386, 386, 1, 6.02%, 0, 0, 2, 1149.45
1572033264, 0, 0, 406, 406, 1, 6.05%, 0, 0, 2, 1158.21
1572033269, 0, 0, 411, 411, 1, 6.06%, 0, 0, 2, 1172.37
1572033274, 0, 0, 418, 418, 1, 6.06%, 0, 0, 2, 1223.73
1572033284, 0, 0, 427, 427, 1, 6.07%, 0, 0, 2, 1172.39
1572033289, 0, 0, 432, 432, 1, 6.07%, 0, 0, 2, 1145.14
1572033304, 0, 0, 435, 435, 1, 6.07%, 0, 0, 2, 1141.53
1572033309, 0, 0, 444, 444, 1, 6.11%, 0, 0, 2, 1130.06
1572033315, 0, 0, 763, 763, 1, 6.59%, 0, 0, 2, 1032.26
1572033320, 0, 0, 951, 951, 1, 6.71%, 0, 0, 2, 1001.78
1572033325, 0, 0, 1045, 1045, 1, 6.74%, 0, 0, 2, 983.42
1572033330, 0, 0, 1100, 1100, 1, 6.79%, 0, 0, 2, 994.87
1572033335, 0, 0, 1146, 1146, 1, 6.83%, 0, 0, 2, 999.14
1572033340, 0, 0, 1179, 1179, 1, 6.92%, 0, 0, 2, 1002.23
1572033345, 0, 0, 1203, 1203, 1, 6.95%, 0, 0, 2, 965.11
1572033350, 0, 0, 1229, 1229, 1, 6.98%, 0, 0, 2, 992.32
1572033355, 0, 4, 1229, 1228, 228, 6.98%, 0, 0, 2, 964.82
1572033361, 0, 4, 1230, 1229, 228, 6.98%, 0, 0, 3, 950.79
1572033396, 0, 4, 1231, 1230, 228, 6.98%, 0, 0, 3, 949.92
1572033432, 0, 4, 1232, 1231, 228, 6.99%, 0, 0, 3, 942.76
1572033493, 0, 4, 1233, 1232, 228, 6.99%, 0, 0, 3, 943.02
1572033508, 0, 4, 1235, 1234, 228, 6.99%, 0, 0, 3, 920.23
1572033533, 0, 4, 1236, 1235, 228, 7.00%, 0, 0, 3, 929.46
1572033842, 0, 4, 1237, 1236, 228, 7.00%, 0, 0, 3, 976.64
1572033852, 0, 4, 1238, 1237, 228, 7.00%, 0, 0, 3, 926.68
1572033888, 0, 4, 1239, 1238, 228, 7.00%, 0, 0, 3, 916.42
1572033974, 0, 4, 1251, 1250, 228, 7.00%, 0, 0, 3, 928.10
1572033979, 0, 4, 1262, 1261, 228, 7.00%, 0, 0, 3, 940.24
1572033985, 0, 4, 1270, 1269, 228, 7.00%, 0, 0, 3, 950.42
1572033990, 0, 4, 1277, 1276, 228, 7.02%, 0, 0, 3, 952.78
1572033995, 0, 4, 1285, 1284, 228, 7.03%, 0, 0, 3, 952.57
1572034000, 0, 4, 1290, 1289, 228, 7.03%, 0, 0, 3, 936.56
1572034005, 0, 24, 1295, 1293, 231, 7.03%, 0, 0, 3, 947.09
1572034010, 0, 24, 1296, 1294, 231, 7.04%, 0, 0, 3, 1007.13
1572034015, 0, 24, 1304, 1302, 231, 7.04%, 0, 0, 3, 1027.12
1572034086, 0, 24, 1305, 1303, 231, 7.04%, 0, 0, 3, 1026.58
1572034127, 0, 24, 1306, 1304, 231, 7.04%, 0, 0, 3, 1005.31
1572034137, 0, 24, 1307, 1305, 231, 7.04%, 0, 0, 3, 1033.65
1572034147, 0, 24, 1308, 1306, 231, 7.04%, 0, 0, 3, 1018.30
1572034152, 0, 24, 1309, 1307, 231, 7.05%, 0, 0, 3, 1055.08
1572034157, 0, 24, 1311, 1309, 231, 7.05%, 0, 0, 3, 1026.12
1572034163, 0, 24, 1312, 1310, 231, 7.05%, 0, 0, 3, 999.65
1572034168, 0, 24, 1313, 1311, 231, 7.05%, 0, 0, 3, 1017.76
1572034178, 0, 24, 1314, 1312, 231, 7.05%, 0, 0, 3, 1014.32
1572034463, 0, 24, 1315, 1313, 231, 7.05%, 0, 0, 3, 959.12
1572034575, 0, 24, 1316, 1314, 231, 7.05%, 0, 0, 3, 941.66
1572034580, 0, 24, 1321, 1319, 231, 7.05%, 0, 0, 3, 934.25
1572034585, 0, 24, 1327, 1325, 231, 7.05%, 0, 0, 3, 895.41
1572034590, 0, 24, 1339, 1337, 231, 7.06%, 0, 0, 3, 899.72
1572034595, 0, 24, 1347, 1345, 231, 7.06%, 0, 0, 3, 894.39
1572034600, 0, 24, 1350, 1348, 231, 7.06%, 0, 0, 3, 887.50
1572034606, 0, 24, 1356, 1354, 231, 7.06%, 0, 0, 3, 952.76
1572034611, 0, 24, 1365, 1363, 231, 7.07%, 0, 0, 3, 908.40
1572034616, 0, 49, 1369, 1366, 241, 7.07%, 0, 0, 3, 893.38
1572034621, 0, 58, 1369, 1365, 240, 7.07%, 0, 0, 3, 1101.06
1572034820, 0, 99, 1369, 1364, 239, 7.07%, 0, 0, 3, 1026.20
1572034825, 0, 115, 1369, 1362, 237, 7.07%, 0, 0, 3, 1122.85
1572034850, 0, 115, 1372, 1365, 237, 7.09%, 0, 0, 3, 1184.61
1572035022, 0, 115, 1373, 1366, 237, 7.09%, 0, 0, 3, 1027.71
1572035027, 0, 119, 1374, 1365, 238, 7.09%, 0, 0, 3, 949.54
1572035063, 0, 119, 1378, 1369, 238, 7.10%, 0, 0, 3, 863.78
1572035109, 0, 119, 1379, 1370, 238, 7.10%, 0, 0, 3, 852.70
1572035119, 0, 119, 1380, 1371, 238, 7.10%, 0, 0, 3, 847.00
1572035150, 0, 119, 1381, 1372, 238, 7.10%, 0, 0, 3, 851.35
1572035211, 0, 119, 1382, 1373, 238, 7.10%, 0, 0, 3, 919.48
1572035216, 0, 119, 1383, 1374, 238, 7.10%, 0, 0, 3, 900.03
1572035283, 0, 119, 1384, 1375, 238, 7.10%, 0, 0, 3, 833.63
1572035681, 0, 119, 1388, 1379, 238, 7.10%, 0, 0, 3, 912.75
1572035686, 0, 119, 1393, 1384, 238, 7.10%, 0, 0, 3, 891.46
1572035691, 0, 119, 1399, 1390, 238, 7.12%, 0, 0, 3, 886.20
1572035696, 0, 119, 1402, 1393, 238, 7.12%, 0, 0, 3, 842.98
1572035701, 0, 119, 1408, 1399, 238, 7.12%, 0, 0, 3, 847.93
1572035706, 0, 119, 1412, 1403, 238, 7.12%, 0, 0, 3, 899.82
1572035711, 0, 119, 1419, 1410, 238, 7.13%, 0, 0, 3, 923.04
1572035716, 0, 121, 1423, 1413, 248, 7.13%, 0, 0, 3, 928.28
1572035721, 0, 130, 1423, 1411, 246, 7.13%, 0, 0, 3, 932.28
1572035757, 0, 130, 1425, 1413, 246, 7.35%, 0, 0, 3, 853.68
1572035803, 0, 130, 1427, 1415, 246, 7.37%, 0, 0, 3, 910.53
1572035844, 0, 130, 1428, 1416, 246, 7.37%, 0, 0, 3, 900.54
1572035977, 0, 130, 1429, 1417, 246, 7.37%, 0, 0, 3, 874.96
1572036334, 0, 130, 1430, 1418, 246, 7.37%, 0, 0, 3, 873.45
1572036365, 0, 130, 1434, 1422, 246, 7.37%, 0, 0, 3, 901.60
1572036370, 0, 130, 1439, 1427, 246, 7.38%, 0, 0, 3, 866.45
1572036375, 0, 130, 1442, 1430, 246, 7.38%, 0, 0, 3, 859.63
1572036380, 0, 130, 1444, 1432, 246, 7.38%, 0, 0, 3, 904.45
1572036385, 0, 130, 1446, 1434, 246, 7.39%, 0, 0, 3, 876.94
1572036390, 0, 130, 1452, 1440, 246, 7.42%, 0, 0, 3, 900.43
1572036395, 0, 130, 1455, 1443, 246, 7.42%, 0, 0, 3, 931.48
1572036400, 0, 130, 1458, 1446, 246, 7.43%, 0, 0, 3, 935.80
1572036405, 0, 135, 1458, 1445, 252, 7.43%, 0, 0, 3, 917.19
1572036461, 0, 135, 1459, 1446, 252, 7.43%, 0, 0, 3, 851.30
1572037045, 0, 135, 1460, 1447, 252, 7.43%, 0, 0, 3, 894.80
1572037050, 0, 137, 1461, 1446, 251, 7.43%, 0, 0, 3, 921.06
1572037091, 0, 137, 1464, 1449, 251, 7.43%, 0, 0, 3, 840.29
1572037132, 0, 137, 1465, 1450, 251, 7.44%, 0, 0, 3, 888.56
1572037310, 0, 137, 1466, 1451, 251, 7.44%, 0, 0, 3, 835.87
1572037698, 0, 144, 1466, 1449, 253, 7.44%, 0, 0, 3, 909.02
1572037733, 0, 144, 1468, 1451, 253, 7.45%, 0, 0, 3, 912.10
1572037820, 0, 144, 1469, 1452, 253, 7.45%, 0, 0, 3, 916.61
1572037947, 0, 144, 1470, 1453, 253, 7.45%, 0, 0, 3, 905.18
1572038336, 0, 144, 1472, 1455, 253, 7.45%, 0, 0, 3, 894.71
1572038341, 0, 167, 1472, 1452, 254, 7.45%, 0, 0, 3, 918.96
1572038988, 0, 169, 1472, 1450, 252, 7.45%, 0, 0, 3, 933.90
1572038993, 0, 178, 1472, 1445, 247, 7.45%, 0, 0, 3, 950.00
1572039497, 0, 178, 1473, 1446, 247, 7.45%, 0, 0, 3, 913.43
1572039573, 0, 178, 1474, 1447, 247, 7.45%, 0, 0, 3, 909.60
1572039629, 0, 251, 1474, 1442, 245, 7.45%, 0, 0, 3, 927.94
1572039716, 0, 251, 1475, 1443, 245, 7.45%, 0, 0, 3, 909.66
1572040261, 0, 251, 1477, 1445, 245, 7.45%, 0, 0, 3, 873.13
1572040266, 0, 251, 1479, 1447, 245, 7.45%, 0, 0, 3, 927.63
1572040276, 0, 251, 1482, 1450, 245, 7.45%, 0, 0, 3, 939.19
1572040281, 0, 251, 1485, 1453, 245, 7.45%, 0, 0, 3, 879.43
1572040286, 0, 251, 1488, 1456, 245, 7.45%, 0, 0, 3, 929.71
1572040291, 0, 251, 1490, 1458, 245, 7.45%, 0, 0, 3, 896.12
1572040296, 0, 252, 1493, 1460, 246, 7.45%, 0, 0, 3, 847.01
1572040357, 0, 252, 1494, 1461, 246, 7.45%, 0, 0, 3, 1170.00
1572040388, 0, 252, 1495, 1462, 246, 7.46%, 0, 0, 3, 1180.80
1572040500, 0, 255, 1496, 1462, 246, 7.46%, 0, 0, 3, 974.64
1572040505, 0, 273, 1496, 1459, 243, 7.46%, 0, 0, 3, 956.75
1572040592, 0, 273, 1497, 1460, 243, 7.46%, 0, 0, 3, 1247.99
1572040704, 0, 273, 1499, 1462, 243, 7.46%, 0, 0, 3, 998.07
1572040709, 0, 273, 1502, 1465, 243, 7.47%, 0, 0, 3, 941.82
1572040714, 0, 273, 1504, 1467, 243, 7.47%, 0, 0, 3, 970.54
1572040719, 0, 273, 1507, 1470, 243, 7.47%, 0, 0, 3, 963.61
1572040724, 0, 273, 1510, 1473, 243, 7.47%, 0, 0, 3, 975.10
1572040729, 0, 273, 1514, 1477, 243, 7.48%, 0, 0, 3, 972.62
1572040734, 0, 273, 1517, 1480, 243, 7.48%, 0, 0, 3, 977.83
1572040739, 0, 274, 1519, 1481, 250, 7.48%, 0, 0, 3, 1082.55
1572040943, 0, 276, 1520, 1481, 249, 7.48%, 0, 0, 3, 928.59
1572040948, 0, 288, 1521, 1480, 247, 7.48%, 0, 0, 3, 932.01
1572040988, 0, 288, 1522, 1481, 247, 7.48%, 0, 0, 3, 869.01
1572041228, 0, 288, 1523, 1482, 247, 7.48%, 0, 0, 3, 903.76
1572041309, 0, 288, 1524, 1483, 247, 7.48%, 0, 0, 3, 933.73
1572041573, 0, 288, 1525, 1484, 247, 7.48%, 0, 0, 3, 922.97
1572041579, 0, 291, 1526, 1483, 246, 7.48%, 0, 0, 3, 953.30
1572041614, 0, 291, 1528, 1485, 246, 7.49%, 0, 0, 3, 889.04
1572041619, 0, 291, 1529, 1486, 246, 7.49%, 0, 0, 3, 895.06
1572041660, 0, 291, 1531, 1488, 246, 7.50%, 0, 0, 3, 892.56
1572041858, 0, 291, 1532, 1489, 246, 7.50%, 0, 0, 3, 892.78
1572042220, 0, 292, 1532, 1488, 248, 7.50%, 0, 0, 3, 934.41
1572042856, 0, 292, 1536, 1492, 248, 7.50%, 0, 0, 3, 846.55
1572042861, 0, 292, 1539, 1495, 248, 7.50%, 0, 0, 3, 917.57
1572042866, 0, 292, 1540, 1496, 248, 7.50%, 0, 0, 3, 932.44
1572042871, 0, 292, 1543, 1499, 248, 7.50%, 0, 0, 3, 895.22
1572042876, 0, 292, 1544, 1500, 248, 7.50%, 0, 0, 3, 916.28
1572042891, 0, 293, 1546, 1501, 249, 7.52%, 0, 0, 3, 907.70
1572042897, 0, 325, 1546, 1497, 245, 7.52%, 0, 0, 3, 937.20
1572042932, 0, 325, 1547, 1498, 245, 7.52%, 0, 0, 3, 1223.72
1572042963, 0, 325, 1548, 1499, 245, 7.52%, 0, 0, 3, 1247.55
1572043105, 0, 326, 1548, 1498, 245, 7.52%, 0, 0, 3, 1185.65
1572043197, 0, 326, 1549, 1499, 245, 7.53%, 0, 0, 3, 1168.12
1572043298, 0, 332, 1549, 1498, 245, 7.53%, 0, 0, 3, 1037.42
1572043304, 0, 353, 1549, 1497, 244, 7.53%, 0, 0, 3, 1156.88
1572043502, 0, 353, 1551, 1499, 244, 7.53%, 0, 0, 3, 1035.64
1572043507, 0, 353, 1553, 1501, 244, 7.53%, 0, 0, 3, 954.27
1572043512, 0, 353, 1554, 1502, 244, 7.53%, 0, 0, 3, 933.22
1572043517, 0, 353, 1557, 1505, 244, 7.53%, 0, 0, 3, 959.18
1572043522, 0, 353, 1559, 1507, 244, 7.53%, 0, 0, 3, 978.41
1572043532, 0, 353, 1562, 1510, 244, 7.54%, 0, 0, 3, 978.15
1572043537, 0, 358, 1566, 1512, 241, 7.54%, 0, 0, 3, 930.36
1572043542, 0, 360, 1566, 1511, 240, 7.54%, 0, 0, 3, 1072.45
1572043567, 0, 360, 1573, 1518, 240, 7.54%, 0, 0, 3, 1160.39
1572043572, 0, 360, 1574, 1519, 240, 7.54%, 0, 0, 3, 1132.63
1572043649, 0, 360, 1578, 1523, 240, 7.54%, 0, 0, 3, 1160.63
1572043725, 0, 360, 1579, 1524, 240, 7.54%, 0, 0, 3, 1084.92
1572043750, 0, 364, 1579, 1521, 238, 7.54%, 0, 0, 3, 1005.84
1572043760, 0, 364, 1581, 1523, 238, 7.54%, 0, 0, 3, 1040.46
1572043899, 0, 364, 1583, 1525, 238, 7.54%, 0, 0, 3, 1024.82
1572044327, 0, 368, 1583, 1523, 237, 7.54%, 0, 0, 3, 952.02
1572044332, 0, 376, 1583, 1519, 233, 7.54%, 0, 0, 3, 950.11
1572044337, 0, 378, 1583, 1518, 232, 7.54%, 0, 0, 3, 1127.48
1572044368, 0, 378, 1584, 1519, 232, 7.54%, 0, 0, 3, 1223.57
1572044398, 0, 378, 1585, 1520, 232, 7.55%, 0, 0, 3, 1236.98
1572044459, 0, 378, 1586, 1521, 232, 7.55%, 0, 0, 3, 991.17
1572044540, 0, 381, 1587, 1521, 234, 7.55%, 0, 0, 3, 1121.50
1572044571, 0, 381, 1588, 1522, 234, 7.55%, 0, 0, 3, 1220.51
1572044657, 0, 381, 1589, 1523, 234, 7.55%, 0, 0, 3, 1086.59
1572044738, 0, 391, 1589, 1522, 235, 7.55%, 0, 0, 3, 928.72
1572044743, 0, 437, 1589, 1518, 232, 7.55%, 0, 0, 3, 883.98
1572044748, 0, 465, 1589, 1516, 230, 7.55%, 0, 0, 3, 941.11
1572044825, 0, 465, 1590, 1517, 230, 7.55%, 0, 0, 3, 911.44
1572045367, 0, 472, 1590, 1516, 228, 7.55%, 0, 0, 3, 982.69
1572045769, 0, 493, 1590, 1515, 227, 7.55%, 0, 0, 3, 1095.34
1572045979, 0, 542, 1591, 1515, 226, 7.55%, 0, 0, 3, 1053.12
1572046541, 0, 542, 1592, 1516, 226, 7.55%, 0, 0, 3, 934.61
1572046597, 0, 543, 1592, 1515, 225, 7.55%, 0, 0, 3, 1022.82
1572046815, 0, 543, 1593, 1516, 225, 7.55%, 0, 0, 3, 1081.31
1572047069, 0, 561, 1593, 1515, 226, 7.55%, 0, 0, 3, 1045.36
1572047675, 0, 563, 1593, 1514, 225, 7.55%, 0, 0, 3, 935.64
1572047731, 0, 563, 1594, 1515, 225, 7.55%, 0, 0, 3, 877.46
1572048297, 0, 564, 1594, 1514, 225, 7.55%, 0, 0, 3, 952.75
1572048384, 0, 564, 1595, 1515, 225, 7.55%, 0, 0, 3, 967.91
1572048455, 0, 564, 1596, 1516, 225, 7.55%, 0, 0, 3, 992.51
1572048785, 0, 564, 1597, 1517, 225, 7.56%, 0, 0, 3, 950.44
1572048882, 0, 566, 1598, 1517, 226, 7.56%, 0, 0, 3, 975.75
1572049506, 0, 566, 1599, 1518, 226, 7.56%, 0, 0, 3, 960.27
1572049593, 0, 576, 1599, 1517, 226, 7.56%, 0, 0, 3, 929.18
1572049828, 0, 576, 1600, 1518, 226, 7.56%, 0, 0, 3, 908.23
1572050138, 0, 607, 1600, 1517, 226, 7.56%, 0, 0, 3, 992.06
1572050312, 0, 607, 1602, 1519, 226, 7.57%, 0, 0, 3, 1109.24
1572050317, 0, 632, 1602, 1518, 226, 7.57%, 0, 0, 3, 1156.09
1572050526, 0, 665, 1602, 1517, 225, 7.57%, 0, 0, 3, 1037.64
1572050734, 0, 665, 1603, 1518, 225, 7.57%, 0, 0, 3, 948.84
1572051325, 0, 670, 1603, 1517, 225, 7.57%, 0, 0, 3, 1048.83
1572051580, 0, 680, 1603, 1516, 224, 7.57%, 0, 0, 3, 1073.12
1572051851, 0, 680, 1604, 1517, 224, 7.57%, 0, 0, 3, 1143.01
1572051856, 0, 686, 1604, 1516, 224, 7.57%, 0, 0, 3, 1115.15
1572052392, 0, 696, 1605, 1516, 224, 7.57%, 0, 0, 3, 973.09
1572052912, 0, 749, 1605, 1515, 223, 7.57%, 0, 0, 3, 1023.45
1572053538, 0, 751, 1605, 1514, 222, 7.57%, 0, 0, 3, 911.35
1572053747, 0, 751, 1606, 1515, 222, 7.57%, 0, 0, 3, 984.40
1572054093, 0, 799, 1606, 1514, 221, 7.57%, 0, 0, 3, 847.24
1572055035, 0, 811, 1606, 1513, 220, 7.57%, 0, 0, 3, 908.18
1572055636, 0, 821, 1606, 1512, 219, 7.57%, 0, 0, 3, 844.73
1572055682, 0, 821, 1607, 1513, 219, 7.57%, 0, 0, 3, 781.32
1572055815, 0, 821, 1608, 1514, 219, 7.57%, 0, 0, 3, 818.50
1572056418, 0, 821, 1609, 1515, 219, 7.57%, 0, 0, 3, 772.91
1572056622, 0, 823, 1609, 1514, 219, 7.57%, 0, 0, 3, 921.67
1572057461, 0, 834, 1609, 1513, 218, 7.57%, 0, 0, 3, 925.09
1572058379, 0, 846, 1609, 1512, 217, 7.57%, 0, 0, 3, 956.26
1572058384, 0, 846, 1610, 1513, 217, 7.57%, 0, 0, 3, 969.53
1572058512, 0, 846, 1611, 1514, 217, 7.57%, 0, 0, 3, 953.69
1572058573, 0, 846, 1612, 1515, 217, 7.57%, 0, 0, 3, 982.81
1572059017, 0, 863, 1612, 1514, 218, 7.57%, 0, 0, 3, 1007.06
1572059537, 0, 864, 1612, 1513, 217, 7.57%, 0, 0, 3, 1097.14
1572059613, 0, 864, 1613, 1514, 217, 7.57%, 0, 0, 3, 1107.07
1572059893, 0, 867, 1614, 1514, 217, 7.57%, 0, 0, 3, 1009.67
1572060025, 0, 867, 1615, 1515, 217, 7.57%, 0, 0, 3, 1000.45
1572060289, 0, 870, 1615, 1514, 217, 7.57%, 0, 0, 3, 1090.29
1572060528, 0, 871, 1615, 1513, 216, 7.57%, 0, 0, 3, 1061.13
1572060635, 0, 871, 1616, 1514, 216, 7.57%, 0, 0, 3, 1100.33
1572060976, 0, 873, 1616, 1513, 216, 7.57%, 0, 0, 3, 965.39
1572061099, 0, 873, 1617, 1514, 216, 7.58%, 0, 0, 3, 1125.21
1572061104, 0, 875, 1617, 1513, 216, 7.58%, 0, 0, 3, 1123.32
1572061466, 0, 876, 1617, 1512, 215, 7.58%, 0, 0, 3, 1068.42
1572061951, 0, 881, 1618, 1512, 213, 7.58%, 0, 0, 3, 1063.37
1572062063, 0, 881, 1619, 1513, 213, 7.58%, 0, 0, 3, 1085.64
1572062533, 0, 891, 1620, 1513, 213, 7.58%, 0, 0, 3, 1069.23
1572063359, 0, 901, 1620, 1512, 212, 7.58%, 0, 0, 3, 963.49
1572063960, 0, 907, 1620, 1511, 211, 7.58%, 0, 0, 3, 895.38
1572063991, 0, 907, 1621, 1512, 211, 7.60%, 0, 0, 3, 1007.08
1572064762, 0, 908, 1621, 1511, 208, 7.60%, 0, 0, 3, 1077.58
1572064991, 0, 908, 1622, 1512, 208, 7.60%, 0, 0, 3, 1082.32
1572065373, 0, 920, 1622, 1511, 208, 7.60%, 0, 0, 3, 932.51
1572065414, 0, 920, 1623, 1512, 208, 7.60%, 0, 0, 3, 838.10
1572065654, 0, 920, 1624, 1513, 208, 7.60%, 0, 0, 3, 878.60
1572066002, 0, 920, 1626, 1515, 208, 7.60%, 0, 0, 3, 904.48
1572066007, 0, 920, 1627, 1516, 208, 7.60%, 0, 0, 3, 937.17
1572066012, 0, 922, 1627, 1515, 208, 7.60%, 0, 0, 3, 960.54
1572066547, 0, 929, 1627, 1514, 207, 7.60%, 0, 0, 3, 1094.97
1572066894, 0, 936, 1627, 1513, 206, 7.60%, 0, 0, 3, 1079.56
1572067615, 0, 937, 1628, 1513, 206, 7.60%, 0, 0, 3, 1035.43
1572068018, 0, 947, 1629, 1513, 205, 7.60%, 0, 0, 3, 990.62
1572068700, 0, 947, 1630, 1514, 205, 7.60%, 0, 0, 3, 924.92
1572068736, 0, 947, 1631, 1515, 205, 7.60%, 0, 0, 3, 835.59
1572068883, 0, 951, 1631, 1514, 204, 7.60%, 0, 0, 3, 982.80
1572068945, 0, 951, 1632, 1515, 204, 7.60%, 0, 0, 3, 1124.00
1572069042, 0, 951, 1633, 1516, 204, 7.61%, 0, 0, 3, 1078.22
1572069129, 0, 951, 1634, 1517, 204, 7.61%, 0, 0, 3, 1090.10
1572069497, 0, 971, 1634, 1516, 206, 7.61%, 0, 0, 3, 978.39
1572069715, 0, 972, 1634, 1515, 205, 7.61%, 0, 0, 3, 1023.92
1572069827, 0, 972, 1636, 1517, 205, 7.62%, 0, 0, 3, 884.63
1572070412, 0, 974, 1636, 1516, 205, 7.62%, 0, 0, 3, 992.03
1572070889, 0, 978, 1636, 1515, 204, 7.62%, 0, 0, 3, 1031.08
1572070944, 0, 978, 1637, 1516, 204, 7.62%, 0, 0, 3, 946.28
1572071491, 0, 993, 1637, 1515, 204, 7.62%, 0, 0, 3, 996.17
1572071501, 0, 993, 1639, 1517, 204, 7.63%, 0, 0, 3, 1096.40
1572071976, 0, 1002, 1640, 1517, 204, 7.64%, 0, 0, 3, 1076.68
1572072485, 0, 1016, 1640, 1516, 203, 7.64%, 0, 0, 3, 1054.52
1572072511, 0, 1016, 1642, 1518, 203, 7.64%, 0, 0, 3, 1062.00
1572072693, 0, 1016, 1643, 1519, 203, 7.64%, 0, 0, 3, 1079.56
1572073069, 0, 1017, 1644, 1519, 203, 7.64%, 0, 0, 3, 970.51
1572073718, 0, 1019, 1645, 1519, 202, 7.64%, 0, 0, 3, 928.16
1572073855, 0, 1019, 1646, 1520, 202, 7.64%, 0, 0, 3, 965.74
1572074338, 0, 1036, 1646, 1519, 202, 7.64%, 0, 0, 3, 940.64
1572075272, 0, 1041, 1646, 1518, 201, 7.64%, 0, 0, 3, 1097.96
1572075903, 0, 1045, 1647, 1518, 201, 7.64%, 0, 0, 3, 1016.37
1572076534, 0, 1048, 1647, 1517, 200, 7.64%, 0, 0, 3, 1029.07
1572076672, 0, 1048, 1648, 1518, 200, 7.64%, 0, 0, 3, 923.32
1572076743, 0, 1048, 1649, 1519, 200, 7.64%, 0, 0, 3, 910.76
1572076993, 0, 1049, 1649, 1518, 200, 7.64%, 0, 0, 3, 918.80
1572077044, 0, 1049, 1650, 1519, 200, 7.64%, 0, 0, 3, 930.43
1572077815, 0, 1050, 1650, 1518, 200, 7.64%, 0, 0, 3, 965.32
1572078422, 0, 1067, 1650, 1517, 199, 7.64%, 0, 0, 3, 1003.29
1572078458, 0, 1067, 1651, 1518, 199, 7.64%, 0, 0, 3, 937.65
1572078693, 0, 1067, 1652, 1519, 199, 7.64%, 0, 0, 3, 901.22
1572079156, 0, 1074, 1652, 1518, 199, 7.64%, 0, 0, 3, 965.91
1572079990, 0, 1079, 1652, 1517, 198, 7.64%, 0, 0, 3, 828.03
1572080036, 0, 1079, 1653, 1518, 198, 7.64%, 0, 0, 3, 747.61
1572080465, 0, 1079, 1654, 1519, 198, 7.64%, 0, 0, 3, 779.04
1572081231, 0, 1081, 1654, 1518, 199, 7.64%, 0, 0, 3, 890.52
1572081448, 0, 1081, 1655, 1519, 199, 7.64%, 0, 0, 3, 1046.58
1572081784, 0, 1085, 1655, 1518, 199, 7.64%, 0, 0, 3, 1023.32
1572081815, 0, 1085, 1659, 1522, 199, 7.64%, 0, 0, 3, 1012.10
1572081856, 0, 1085, 1660, 1523, 199, 7.64%, 0, 0, 3, 1016.65
1572081953, 0, 1085, 1661, 1524, 199, 7.64%, 0, 0, 3, 980.72
1572082009, 0, 1085, 1662, 1525, 199, 7.64%, 0, 0, 3, 963.17
1572082120, 0, 1085, 1663, 1526, 199, 7.64%, 0, 0, 3, 934.71
1572082125, 0, 1085, 1664, 1527, 199, 7.64%, 0, 0, 3, 998.32
1572082731, 0, 1085, 1668, 1531, 199, 7.64%, 0, 0, 3, 962.64
1572082736, 0, 1085, 1670, 1533, 199, 7.64%, 0, 0, 3, 911.97
1572082741, 0, 1085, 1673, 1536, 199, 7.64%, 0, 0, 3, 969.15
1572082751, 0, 1085, 1674, 1537, 199, 7.64%, 0, 0, 3, 953.73
1572082756, 0, 1085, 1676, 1539, 199, 7.64%, 0, 0, 3, 989.09
1572082762, 0, 1085, 1678, 1541, 199, 7.64%, 0, 0, 3, 996.67
1572082767, 0, 1087, 1679, 1541, 204, 7.64%, 0, 0, 3, 985.94
1572083551, 0, 1102, 1679, 1540, 203, 7.64%, 0, 0, 3, 961.01
1572083673, 0, 1102, 1680, 1541, 203, 7.64%, 0, 0, 3, 907.27
1572084182, 0, 1109, 1681, 1541, 202, 7.64%, 0, 0, 3, 995.54
1572084217, 0, 1109, 1683, 1543, 202, 7.64%, 0, 0, 3, 1097.79
1572084299, 0, 1109, 1684, 1544, 202, 7.64%, 0, 0, 3, 1140.76
1572084406, 0, 1109, 1687, 1547, 202, 7.64%, 0, 0, 3, 1142.05
1572084411, 0, 1109, 1688, 1548, 202, 7.64%, 0, 0, 3, 1142.87
1572084421, 0, 1109, 1689, 1549, 202, 7.64%, 0, 0, 3, 1137.11
1572084426, 0, 1109, 1691, 1551, 202, 7.64%, 0, 0, 3, 1110.61
1572084436, 0, 1113, 1691, 1550, 201, 7.64%, 0, 0, 3, 1100.34
1572084685, 0, 1119, 1691, 1549, 200, 7.64%, 0, 0, 3, 1108.10
1572085430, 0, 1121, 1691, 1548, 199, 7.64%, 0, 0, 3, 978.68
1572086325, 0, 1123, 1691, 1547, 198, 7.64%, 0, 0, 3, 978.19
1572086820, 0, 1128, 1692, 1547, 197, 7.64%, 0, 0, 3, 1081.96
1572086926, 0, 1128, 1693, 1548, 197, 7.64%, 0, 0, 3, 1118.85
1572087048, 0, 1140, 1693, 1547, 196, 7.64%, 0, 0, 3, 1118.79
1572087169, 0, 1140, 1694, 1548, 196, 7.64%, 0, 0, 3, 953.33
1572087663, 0, 1144, 1694, 1547, 195, 7.64%, 0, 0, 3, 946.15
1572087985, 0, 1144, 1696, 1549, 195, 7.64%, 0, 0, 3, 964.55
1572088482, 0, 1150, 1696, 1548, 194, 7.64%, 0, 0, 3, 1017.19
1572089082, 0, 1151, 1696, 1547, 193, 7.64%, 0, 0, 3, 1059.73
1572089179, 0, 1151, 1697, 1548, 193, 7.64%, 0, 0, 3, 1127.98
1572089290, 0, 1154, 1697, 1547, 193, 7.64%, 0, 0, 3, 1001.95
1572089918, 0, 1168, 1698, 1547, 192, 7.64%, 0, 0, 3, 954.01
1572090702, 0, 1169, 1698, 1546, 191, 7.64%, 0, 0, 3, 1019.38
1572090733, 0, 1169, 1701, 1549, 191, 7.64%, 0, 0, 3, 1117.70
1572090935, 0, 1174, 1702, 1549, 192, 7.66%, 0, 0, 3, 1045.73
1572091394, 0, 1179, 1704, 1550, 192, 7.66%, 0, 0, 3, 973.87
1572091399, 0, 1179, 1705, 1551, 192, 7.66%, 0, 0, 3, 964.15
1572091522, 0, 1179, 1706, 1552, 192, 7.66%, 0, 0, 3, 956.76
1572091902, 0, 1179, 1707, 1553, 192, 7.66%, 0, 0, 3, 961.87
1572092004, 0, 1186, 1708, 1553, 193, 7.66%, 0, 0, 3, 948.50
1572092136, 0, 1186, 1709, 1554, 193, 7.66%, 0, 0, 3, 965.26
1572092824, 0, 1191, 1709, 1553, 193, 7.66%, 0, 0, 3, 1022.23
1572092881, 0, 1191, 1710, 1554, 193, 7.66%, 0, 0, 3, 1206.46
1572092916, 0, 1191, 1711, 1555, 193, 7.66%, 0, 0, 3, 1169.61
1572092927, 0, 1192, 1711, 1554, 194, 7.66%, 0, 0, 3, 1108.36
1572093353, 0, 1194, 1711, 1553, 193, 7.66%, 0, 0, 3, 997.41
1572094050, 0, 1194, 1712, 1554, 193, 7.66%, 0, 0, 3, 982.77
1572094055, 0, 1198, 1712, 1553, 192, 7.66%, 0, 0, 3, 1136.01
1572094080, 0, 1198, 1716, 1557, 192, 7.68%, 0, 0, 3, 1225.41
1572094086, 0, 1198, 1722, 1563, 192, 7.69%, 0, 0, 3, 1225.37
1572094253, 0, 1201, 1723, 1563, 196, 7.69%, 0, 0, 3, 1028.35
1572094868, 0, 1202, 1725, 1564, 195, 7.69%, 0, 0, 3, 923.58
1572094950, 0, 1202, 1726, 1565, 195, 7.69%, 0, 0, 3, 863.32
1572095521, 0, 1205, 1726, 1564, 195, 7.69%, 0, 0, 3, 897.84
1572096168, 0, 1220, 1727, 1564, 194, 7.69%, 0, 0, 3, 915.13
1572096692, 0, 1227, 1728, 1564, 196, 7.69%, 0, 0, 3, 1113.20
1572096839, 0, 1236, 1728, 1562, 194, 7.69%, 0, 0, 3, 1059.23
1572097466, 0, 1263, 1728, 1560, 192, 7.69%, 0, 0, 3, 971.43
1572097832, 0, 1263, 1729, 1561, 192, 7.70%, 0, 0, 4, 951.40
1572098112, 0, 1263, 1730, 1562, 192, 7.70%, 0, 0, 4, 858.31
1572098253, 0, 1266, 1730, 1561, 192, 7.70%, 0, 0, 4, 908.79
1572098926, 0, 1271, 1731, 1561, 191, 7.70%, 0, 0, 4, 1011.73
1572099579, 0, 1274, 1732, 1561, 189, 7.70%, 0, 0, 4, 892.72
1572099824, 0, 1274, 1733, 1562, 189, 7.70%, 0, 0, 4, 878.34
1572099829, 0, 1274, 1734, 1563, 189, 7.70%, 0, 0, 4, 879.15
1572100225, 0, 1291, 1736, 1563, 190, 7.70%, 0, 0, 4, 951.30
1572100302, 0, 1291, 1737, 1564, 190, 7.71%, 0, 0, 4, 942.23
1572100576, 0, 1291, 1738, 1565, 190, 7.71%, 0, 0, 4, 964.29
1572100632, 0, 1294, 1738, 1564, 190, 7.71%, 0, 0, 4, 975.76
1572100642, 0, 1294, 1739, 1565, 190, 7.71%, 0, 0, 4, 904.53
1572100683, 0, 1294, 1741, 1567, 190, 7.71%, 0, 0, 4, 872.22
1572100723, 0, 1294, 1742, 1568, 190, 7.71%, 0, 0, 4, 839.22
1572101533, 0, 1295, 1743, 1568, 191, 7.71%, 0, 0, 4, 957.69
1572102166, 0, 1297, 1743, 1567, 190, 7.71%, 0, 0, 4, 978.33
1572102197, 0, 1297, 1744, 1568, 190, 7.71%, 0, 0, 4, 1021.87
1572102736, 0, 1297, 1745, 1569, 190, 7.71%, 0, 0, 4, 961.99
1572102741, 0, 1308, 1745, 1565, 189, 7.71%, 0, 0, 4, 984.66
1572102746, 0, 1313, 1745, 1564, 188, 7.71%, 0, 0, 4, 1002.61
1572102751, 0, 1313, 1746, 1565, 188, 7.71%, 0, 0, 4, 966.65
1572103304, 0, 1313, 1747, 1566, 188, 7.71%, 0, 0, 4, 943.97
1572103315, 0, 1316, 1748, 1566, 187, 7.71%, 0, 0, 4, 1043.30
1572103962, 0, 1320, 1748, 1565, 186, 7.71%, 0, 0, 4, 1013.29
1572104715, 0, 1323, 1748, 1564, 185, 7.71%, 0, 0, 4, 954.13
1572105343, 0, 1325, 1748, 1563, 184, 7.71%, 0, 0, 4, 1025.79
1572105829, 0, 1325, 1749, 1564, 184, 7.71%, 0, 0, 4, 1083.31
1572105834, 0, 1327, 1749, 1563, 183, 7.71%, 0, 0, 4, 1119.61
1572106129, 0, 1330, 1749, 1562, 182, 7.71%, 0, 0, 4, 932.11
1572106749, 0, 1336, 1749, 1561, 181, 7.71%, 0, 0, 4, 885.62
1572106754, 0, 1344, 1749, 1560, 180, 7.71%, 0, 0, 4, 895.78
1572106800, 0, 1344, 1750, 1561, 180, 7.71%, 0, 0, 4, 1003.10
1572107563, 0, 1349, 1750, 1560, 181, 7.71%, 0, 0, 4, 865.78
1572107659, 0, 1349, 1751, 1561, 181, 7.71%, 0, 0, 4, 757.22
1572108444, 0, 1349, 1752, 1562, 181, 7.71%, 0, 0, 4, 878.38
1572108571, 0, 1359, 1752, 1561, 181, 7.71%, 0, 0, 4, 896.82
1572108576, 0, 1359, 1753, 1562, 181, 7.71%, 0, 0, 4, 912.39
1572108581, 0, 1359, 1754, 1563, 181, 7.71%, 0, 0, 4, 902.77
1572109152, 0, 1361, 1754, 1562, 181, 7.71%, 0, 0, 4, 947.70
1572109691, 0, 1361, 1755, 1563, 181, 7.71%, 0, 0, 4, 1070.09
1572109696, 0, 1364, 1755, 1562, 181, 7.71%, 0, 0, 4, 1096.11
1572110268, 0, 1369, 1755, 1561, 179, 7.71%, 0, 0, 4, 935.67
1572110304, 0, 1369, 1756, 1562, 179, 7.72%, 0, 0, 4, 836.63
1572110875, 0, 1369, 1757, 1563, 179, 7.73%, 0, 0, 4, 941.36
1572110905, 0, 1370, 1758, 1563, 181, 7.73%, 0, 0, 4, 940.22
1572110911, 0, 1373, 1758, 1562, 180, 7.73%, 0, 0, 4, 1112.24
1572111110, 0, 1387, 1758, 1560, 178, 7.73%, 0, 0, 4, 1144.57
1572111141, 0, 1387, 1759, 1561, 178, 7.73%, 0, 0, 4, 1144.48
1572111202, 0, 1387, 1760, 1562, 178, 7.73%, 0, 0, 4, 1166.97
1572111330, 0, 1391, 1760, 1561, 178, 7.73%, 0, 0, 4, 1103.85
1572111933, 0, 1393, 1760, 1560, 177, 7.73%, 0, 0, 4, 1050.56
1572112440, 0, 1395, 1760, 1559, 176, 7.73%, 0, 0, 4, 1015.29
1572113014, 0, 1395, 1762, 1561, 176, 7.73%, 0, 0, 4, 954.80
1572113019, 0, 1395, 1763, 1562, 176, 7.74%, 0, 0, 4, 964.88
1572113024, 0, 1397, 1763, 1561, 179, 7.74%, 0, 0, 4, 938.52
1572113654, 0, 1406, 1764, 1561, 179, 7.75%, 0, 0, 4, 1028.46
1572114001, 0, 1406, 1765, 1562, 179, 7.75%, 0, 0, 4, 1127.81
1572114006, 0, 1407, 1765, 1561, 179, 7.75%, 0, 0, 4, 1014.72
1572114530, 0, 1410, 1765, 1560, 178, 7.75%, 0, 0, 4, 1006.79
1572115014, 0, 1411, 1765, 1559, 177, 7.75%, 0, 0, 4, 1045.43
1572115151, 0, 1411, 1766, 1560, 177, 7.75%, 0, 0, 4, 886.71
1572115518, 0, 1411, 1767, 1561, 177, 7.75%, 0, 0, 4, 912.81
1572115594, 0, 1415, 1767, 1560, 177, 7.75%, 0, 0, 4, 833.19
1572116243, 0, 1422, 1767, 1559, 176, 7.75%, 0, 0, 4, 865.44
1572117080, 0, 1422, 1768, 1560, 176, 7.75%, 0, 0, 4, 820.68
1572117085, 0, 1427, 1768, 1556, 173, 7.75%, 0, 0, 4, 867.81
1572117091, 0, 1427, 1770, 1558, 173, 7.75%, 0, 0, 4, 1139.16
1572117116, 0, 1427, 1772, 1560, 173, 7.75%, 0, 0, 4, 1172.03
1572117152, 0, 1427, 1773, 1561, 173, 7.75%, 0, 0, 4, 1218.36
1572117177, 0, 1427, 1774, 1562, 173, 7.75%, 0, 0, 4, 1211.52
1572117188, 0, 1427, 1775, 1563, 173, 7.75%, 0, 0, 4, 1127.43
1572117289, 0, 1428, 1775, 1562, 173, 7.75%, 0, 0, 4, 836.24
1572117933, 0, 1431, 1775, 1561, 172, 7.75%, 0, 0, 4, 1024.01
1572118583, 0, 1438, 1775, 1560, 171, 7.75%, 0, 0, 4, 1058.39
1572118714, 0, 1438, 1776, 1561, 171, 7.75%, 0, 0, 4, 988.70
1572119140, 0, 1441, 1777, 1561, 171, 7.75%, 0, 0, 4, 1033.53
1572119272, 0, 1442, 1778, 1561, 171, 7.75%, 0, 0, 4, 1082.60
1572119277, 0, 1442, 1779, 1562, 171, 7.75%, 0, 0, 4, 953.59
