# unix_time, cycles_done, cur_path, paths_total, pending_total, pending_favs, map_size, unique_crashes, unique_hangs, max_depth, execs_per_sec
1573637098, 0, 0, 1, 1, 1, 3.44%, 0, 0, 1, 1142.86
1573637103, 0, 0, 69, 69, 1, 5.11%, 0, 0, 2, 1278.29
1573637108, 0, 0, 93, 93, 1, 5.14%, 0, 0, 2, 1355.10
1573637129, 0, 0, 234, 234, 1, 5.67%, 0, 0, 2, 1219.53
1573637134, 0, 0, 246, 246, 1, 5.69%, 0, 0, 2, 1323.64
1573637154, 0, 0, 254, 254, 1, 5.69%, 0, 0, 2, 1318.12
1573637159, 0, 0, 275, 275, 1, 5.77%, 0, 0, 2, 1294.27
1573637164, 0, 0, 285, 285, 1, 5.78%, 0, 0, 2, 1337.26
1573637185, 0, 0, 301, 301, 1, 5.82%, 0, 0, 2, 1289.72
1573637190, 0, 0, 321, 321, 1, 5.85%, 0, 0, 2, 1267.99
1573637195, 0, 0, 363, 363, 1, 5.91%, 0, 0, 2, 1258.51
1573637200, 0, 0, 369, 369, 1, 5.92%, 0, 0, 2, 1292.57
1573637211, 0, 0, 375, 375, 1, 5.92%, 0, 0, 2, 1229.06
1573637216, 0, 0, 403, 403, 1, 6.04%, 0, 0, 2, 1245.71
1573637221, 0, 0, 411, 411, 1, 6.06%, 0, 0, 2, 1230.74
1573637226, 0, 0, 418, 418, 1, 6.06%, 0, 0, 2, 1261.70
1573637236, 0, 0, 426, 426, 1, 6.07%, 0, 0, 2, 1202.47
1573637241, 0, 0, 432, 432, 1, 6.07%, 0, 0, 2, 1221.24
1573637256, 0, 0, 435, 435, 1, 6.07%, 0, 0, 2, 1179.97
1573637262, 0, 0, 444, 444, 1, 6.11%, 0, 0, 2, 1182.06
1573637267, 0, 0, 767, 767, 1, 6.57%, 0, 0, 2, 1063.23
1573637272, 0, 0, 940, 940, 1, 6.66%, 0, 0, 2, 1041.87
1573637277, 0, 0, 1025, 1025, 1, 6.75%, 0, 0, 2, 1040.00
1573637282, 0, 0, 1078, 1078, 1, 6.87%, 0, 0, 2, 1044.30
1573637287, 0, 0, 1113, 1113, 1, 6.90%, 0, 0, 2, 1044.61
1573637292, 0, 0, 1140, 1140, 1, 6.91%, 0, 0, 2, 1052.39
1573637297, 0, 0, 1164, 1164, 1, 6.95%, 0, 0, 2, 1042.82
1573637302, 0, 4, 1169, 1168, 221, 6.96%, 0, 0, 2, 1020.36
1573637307, 0, 4, 1171, 1170, 221, 6.96%, 0, 0, 3, 999.42
1573637343, 0, 4, 1172, 1171, 221, 6.96%, 0, 0, 3, 992.90
1573637348, 0, 4, 1173, 1172, 221, 6.96%, 0, 0, 3, 1000.79
1573637378, 0, 4, 1174, 1173, 221, 6.98%, 0, 0, 3, 980.76
1573637424, 0, 4, 1175, 1174, 221, 6.98%, 0, 0, 3, 990.94
1573637434, 0, 4, 1176, 1175, 221, 6.98%, 0, 0, 3, 976.77
1573637449, 0, 4, 1180, 1179, 221, 6.98%, 0, 0, 3, 705.57
1573637586, 0, 4, 1181, 1180, 221, 6.98%, 0, 0, 3, 447.16
1573638132, 0, 4, 1182, 1181, 221, 6.98%, 0, 0, 3, 481.62
1573638158, 0, 4, 1184, 1183, 221, 6.98%, 0, 0, 3, 449.97
1573638229, 0, 4, 1185, 1184, 221, 6.98%, 0, 0, 3, 449.28
1573638401, 0, 24, 1186, 1184, 222, 6.98%, 0, 0, 3, 460.36
1573638416, 0, 24, 1193, 1191, 222, 6.99%, 0, 0, 3, 486.50
1573638431, 0, 24, 1194, 1192, 222, 6.99%, 0, 0, 3, 489.09
1573638553, 0, 24, 1195, 1193, 222, 6.99%, 0, 0, 3, 485.83
1573638558, 0, 24, 1196, 1194, 222, 6.99%, 0, 0, 3, 491.61
1573638568, 0, 24, 1197, 1195, 222, 6.99%, 0, 0, 3, 495.62
1573638644, 0, 24, 1198, 1196, 222, 6.99%, 0, 0, 3, 488.19
1573638665, 0, 24, 1199, 1197, 222, 6.99%, 0, 0, 3, 483.66
1573638690, 0, 24, 1200, 1198, 222, 6.99%, 0, 0, 3, 486.67
1573638695, 0, 24, 1201, 1199, 222, 6.99%, 0, 0, 3, 492.36
1573638710, 0, 24, 1202, 1200, 222, 6.99%, 0, 0, 3, 492.37
1573638715, 0, 24, 1203, 1201, 222, 6.99%, 0, 0, 3, 489.29
1573638721, 0, 24, 1204, 1202, 222, 6.99%, 0, 0, 3, 492.10
1573638746, 0, 24, 1205, 1203, 222, 6.99%, 0, 0, 3, 669.20
1573638751, 0, 24, 1206, 1204, 222, 6.99%, 0, 0, 3, 972.45
1573638822, 0, 24, 1208, 1206, 222, 6.99%, 0, 0, 3, 1048.27
1573639016, 0, 24, 1210, 1208, 222, 7.00%, 0, 0, 3, 1079.53
1573639118, 0, 24, 1211, 1209, 222, 7.00%, 0, 0, 3, 1021.96
1573639123, 0, 25, 1211, 1208, 227, 7.00%, 0, 0, 3, 1008.98
1573639128, 0, 25, 1212, 1209, 227, 7.00%, 0, 0, 3, 1068.65
1573639546, 0, 25, 1213, 1210, 227, 7.00%, 0, 0, 3, 1056.62
1573639659, 0, 25, 1226, 1223, 227, 7.01%, 0, 0, 3, 1009.74
1573639664, 0, 25, 1238, 1235, 227, 7.01%, 0, 0, 3, 1003.66
1573639669, 0, 25, 1254, 1251, 227, 7.02%, 0, 0, 3, 1005.92
1573639674, 0, 25, 1268, 1265, 227, 7.03%, 0, 0, 3, 1007.97
1573639679, 0, 37, 1276, 1272, 239, 7.04%, 0, 0, 3, 1006.08
1573639684, 0, 37, 1277, 1273, 239, 7.04%, 0, 0, 3, 1048.91
1573640213, 0, 37, 1280, 1276, 239, 7.06%, 0, 0, 3, 1020.08
1573640218, 0, 37, 1286, 1282, 239, 7.06%, 0, 0, 3, 1007.78
1573640224, 0, 37, 1294, 1290, 239, 7.07%, 0, 0, 3, 1004.11
1573640229, 0, 37, 1306, 1302, 239, 7.08%, 0, 0, 3, 1011.33
1573640234, 0, 102, 1315, 1310, 242, 7.08%, 0, 0, 3, 1091.56
1573640259, 0, 102, 1318, 1313, 242, 7.08%, 0, 0, 3, 1271.60
1573640264, 0, 102, 1319, 1314, 242, 7.08%, 0, 0, 3, 1287.29
1573640315, 0, 102, 1320, 1315, 242, 7.08%, 0, 0, 3, 1310.66
1573640320, 0, 102, 1321, 1316, 242, 7.10%, 0, 0, 3, 1286.34
1573640325, 0, 102, 1323, 1318, 242, 7.10%, 0, 0, 3, 1232.54
1573640391, 0, 102, 1325, 1320, 242, 7.10%, 0, 0, 3, 1170.50
1573640411, 0, 102, 1333, 1328, 242, 7.11%, 0, 0, 3, 1060.28
1573640417, 0, 102, 1338, 1333, 242, 7.11%, 0, 0, 3, 1039.29
1573640422, 0, 102, 1351, 1346, 242, 7.11%, 0, 0, 3, 1034.50
1573640427, 0, 105, 1358, 1352, 250, 7.11%, 0, 0, 3, 1027.11
1573640452, 0, 105, 1359, 1353, 250, 7.11%, 0, 0, 3, 1328.15
1573640514, 0, 105, 1360, 1354, 250, 7.11%, 0, 0, 3, 1281.74
1573640585, 0, 105, 1361, 1355, 250, 7.12%, 0, 0, 3, 1144.14
1573640605, 0, 108, 1361, 1354, 250, 7.12%, 0, 0, 3, 1021.69
1573641194, 0, 113, 1362, 1354, 249, 7.12%, 0, 0, 3, 960.58
1573641224, 0, 113, 1364, 1356, 249, 7.12%, 0, 0, 3, 960.43
1573641245, 0, 113, 1365, 1357, 249, 7.12%, 0, 0, 3, 953.32
1573641265, 0, 113, 1366, 1358, 249, 7.12%, 0, 0, 3, 961.84
1573641271, 0, 113, 1367, 1359, 249, 7.12%, 0, 0, 3, 969.48
1573641276, 0, 113, 1368, 1360, 249, 7.12%, 0, 0, 3, 963.82
1573641307, 0, 113, 1369, 1361, 249, 7.12%, 0, 0, 3, 954.94
1573641790, 0, 115, 1369, 1360, 251, 7.12%, 0, 0, 3, 1191.88
1573641816, 0, 115, 1372, 1363, 251, 7.14%, 0, 0, 3, 1227.50
1573641978, 0, 117, 1372, 1362, 253, 7.14%, 0, 0, 3, 1226.86
1573642003, 0, 117, 1373, 1363, 253, 7.14%, 0, 0, 3, 1247.50
1573642151, 0, 119, 1373, 1362, 253, 7.14%, 0, 0, 3, 1029.90
1573642186, 0, 119, 1374, 1363, 253, 7.14%, 0, 0, 3, 951.31
1573642264, 0, 119, 1375, 1364, 253, 7.14%, 0, 0, 3, 947.35
1573642751, 0, 121, 1377, 1365, 253, 7.14%, 0, 0, 3, 967.13
1573643352, 0, 129, 1377, 1364, 252, 7.14%, 0, 0, 3, 1134.15
1573643378, 0, 129, 1378, 1365, 252, 7.14%, 0, 0, 3, 1253.13
1573643525, 0, 130, 1378, 1364, 251, 7.14%, 0, 0, 3, 1104.09
1573643561, 0, 130, 1379, 1365, 251, 7.36%, 0, 0, 3, 955.00
1573643602, 0, 130, 1381, 1367, 251, 7.38%, 0, 0, 3, 954.70
1573643644, 0, 130, 1382, 1368, 251, 7.38%, 0, 0, 3, 961.30
1573643761, 0, 130, 1383, 1369, 251, 7.38%, 0, 0, 3, 960.99
1573644125, 0, 137, 1383, 1368, 253, 7.38%, 0, 0, 3, 960.79
1573644161, 0, 137, 1384, 1369, 253, 7.38%, 0, 0, 3, 949.50
1573644203, 0, 137, 1385, 1370, 253, 7.39%, 0, 0, 3, 956.40
1573644366, 0, 137, 1386, 1371, 253, 7.39%, 0, 0, 3, 936.30
1573644744, 0, 137, 1388, 1373, 253, 7.39%, 0, 0, 3, 891.39
1573644749, 0, 139, 1389, 1373, 254, 7.39%, 0, 0, 3, 903.71
1573644953, 0, 143, 1390, 1373, 253, 7.39%, 0, 0, 3, 1024.48
1573644983, 0, 143, 1392, 1375, 253, 7.39%, 0, 0, 3, 1152.49
1573645157, 0, 144, 1392, 1374, 252, 7.39%, 0, 0, 3, 888.24
1573645198, 0, 144, 1393, 1375, 252, 7.39%, 0, 0, 3, 859.94
1573645565, 0, 144, 1394, 1376, 252, 7.39%, 0, 0, 3, 446.22
1573646350, 0, 144, 1395, 1377, 252, 7.39%, 0, 0, 3, 452.23
1573646355, 0, 149, 1395, 1376, 253, 7.39%, 0, 0, 3, 536.97
1573646411, 0, 149, 1396, 1377, 253, 7.39%, 0, 0, 3, 582.76
1573646751, 0, 153, 1396, 1376, 252, 7.39%, 0, 0, 3, 506.64
1573646811, 0, 153, 1397, 1377, 252, 7.39%, 0, 0, 3, 577.32
1573647130, 0, 154, 1397, 1376, 251, 7.39%, 0, 0, 3, 1083.82
1573647156, 0, 154, 1398, 1377, 251, 7.39%, 0, 0, 3, 1197.42
1573647330, 0, 164, 1399, 1377, 250, 7.39%, 0, 0, 3, 987.10
1573647390, 0, 164, 1400, 1378, 250, 7.39%, 0, 0, 3, 893.34
