# unix_time, cycles_done, cur_path, paths_total, pending_total, pending_favs, map_size, unique_crashes, unique_hangs, max_depth, execs_per_sec
1573637116, 0, 0, 1, 1, 1, 3.44%, 0, 0, 1, 1142.86
1573637121, 0, 0, 77, 77, 1, 5.12%, 0, 0, 2, 1265.67
1573637126, 0, 0, 93, 93, 1, 5.14%, 0, 0, 2, 1344.56
1573637146, 0, 0, 231, 231, 1, 5.65%, 0, 0, 2, 1217.62
1573637152, 0, 0, 246, 246, 1, 5.69%, 0, 0, 2, 1319.47
1573637172, 0, 0, 254, 254, 1, 5.69%, 0, 0, 2, 1317.62
1573637177, 0, 0, 275, 275, 1, 5.77%, 0, 0, 2, 1304.44
1573637182, 0, 0, 285, 285, 1, 5.78%, 0, 0, 2, 1342.76
1573637203, 0, 0, 306, 306, 1, 5.84%, 0, 0, 2, 1284.89
1573637208, 0, 0, 328, 328, 1, 5.87%, 0, 0, 2, 1271.77
1573637213, 0, 0, 367, 367, 1, 5.92%, 0, 0, 2, 1262.29
1573637218, 0, 0, 369, 369, 1, 5.92%, 0, 0, 2, 1295.25
1573637228, 0, 0, 384, 384, 1, 6.02%, 0, 0, 2, 1217.16
1573637233, 0, 0, 406, 406, 1, 6.05%, 0, 0, 2, 1203.14
1573637238, 0, 0, 411, 411, 1, 6.06%, 0, 0, 2, 1220.09
1573637244, 0, 0, 418, 418, 1, 6.06%, 0, 0, 2, 1274.39
1573637249, 0, 0, 419, 419, 1, 6.06%, 0, 0, 2, 1253.86
1573637254, 0, 0, 427, 427, 1, 6.07%, 0, 0, 2, 1241.99
1573637259, 0, 0, 432, 432, 1, 6.07%, 0, 0, 2, 1243.34
1573637274, 0, 0, 436, 436, 1, 6.07%, 0, 0, 2, 1176.99
1573637279, 0, 0, 463, 463, 1, 6.21%, 0, 0, 2, 1163.72
1573637284, 0, 0, 858, 858, 1, 6.58%, 0, 0, 2, 1058.67
1573637289, 0, 0, 996, 996, 1, 6.69%, 0, 0, 2, 1054.60
1573637294, 0, 0, 1079, 1079, 1, 6.74%, 0, 0, 2, 1040.19
1573637299, 0, 0, 1124, 1124, 1, 6.78%, 0, 0, 2, 1047.31
1573637304, 0, 0, 1151, 1151, 1, 6.80%, 0, 0, 2, 1039.85
1573637310, 0, 0, 1176, 1176, 1, 6.88%, 0, 0, 2, 1045.04
1573637315, 0, 4, 1180, 1179, 223, 6.89%, 0, 0, 2, 1017.12
1573637320, 0, 4, 1182, 1181, 223, 6.89%, 0, 0, 3, 998.78
1573637355, 0, 4, 1184, 1183, 223, 6.89%, 0, 0, 3, 993.87
1573637360, 0, 4, 1185, 1184, 223, 6.89%, 0, 0, 3, 994.09
1573637396, 0, 4, 1186, 1185, 223, 6.89%, 0, 0, 3, 978.99
1573637436, 0, 4, 1189, 1188, 223, 6.89%, 0, 0, 3, 989.54
1573637441, 0, 4, 1190, 1189, 223, 6.89%, 0, 0, 3, 1002.21
1573637472, 0, 4, 1191, 1190, 223, 6.89%, 0, 0, 3, 450.00
1573637477, 0, 4, 1193, 1192, 223, 6.89%, 0, 0, 3, 441.70
1573637609, 0, 4, 1194, 1193, 223, 6.89%, 0, 0, 3, 450.17
1573638177, 0, 4, 1195, 1194, 223, 6.89%, 0, 0, 3, 439.46
1573638182, 0, 4, 1196, 1195, 223, 6.89%, 0, 0, 3, 446.06
1573638425, 0, 24, 1196, 1194, 226, 6.89%, 0, 0, 3, 453.11
1573638430, 0, 24, 1197, 1195, 226, 6.90%, 0, 0, 3, 483.02
1573638440, 0, 24, 1202, 1200, 226, 6.91%, 0, 0, 3, 488.05
1573638445, 0, 24, 1206, 1204, 226, 6.91%, 0, 0, 3, 488.82
1573638582, 0, 24, 1207, 1205, 226, 6.91%, 0, 0, 3, 490.94
1573638587, 0, 24, 1208, 1206, 226, 6.92%, 0, 0, 3, 487.25
1573638593, 0, 24, 1209, 1207, 226, 6.92%, 0, 0, 3, 494.54
1573638674, 0, 24, 1210, 1208, 226, 6.92%, 0, 0, 3, 485.37
1573638694, 0, 24, 1211, 1209, 226, 6.92%, 0, 0, 3, 484.51
1573638714, 0, 24, 1212, 1210, 226, 6.92%, 0, 0, 3, 485.77
1573638725, 0, 24, 1213, 1211, 226, 6.92%, 0, 0, 3, 505.99
1573638740, 0, 24, 1215, 1213, 226, 6.92%, 0, 0, 3, 483.82
1573638745, 0, 24, 1216, 1214, 226, 6.92%, 0, 0, 3, 576.00
1573638750, 0, 24, 1217, 1215, 226, 6.92%, 0, 0, 3, 969.86
1573638760, 0, 24, 1218, 1216, 226, 6.92%, 0, 0, 3, 1028.02
1573638837, 0, 24, 1219, 1217, 226, 6.92%, 0, 0, 3, 1059.49
1573639030, 0, 24, 1220, 1218, 226, 6.92%, 0, 0, 3, 1075.03
1573639132, 0, 24, 1221, 1219, 226, 6.92%, 0, 0, 3, 1036.19
1573639137, 0, 24, 1233, 1231, 226, 6.92%, 0, 0, 3, 1017.23
1573639142, 0, 24, 1258, 1256, 226, 6.97%, 0, 0, 3, 1011.48
1573639147, 0, 24, 1267, 1265, 226, 6.99%, 0, 0, 3, 1002.72
1573639152, 0, 24, 1277, 1275, 226, 7.01%, 0, 0, 3, 1007.09
1573639158, 0, 30, 1281, 1278, 239, 7.01%, 0, 0, 3, 1054.59
1573639163, 0, 30, 1282, 1279, 239, 7.01%, 0, 0, 3, 1070.09
1573639687, 0, 31, 1282, 1278, 238, 7.01%, 0, 0, 3, 1019.58
1573639692, 0, 31, 1283, 1279, 238, 7.01%, 0, 0, 3, 1060.13
1573639824, 0, 31, 1284, 1280, 238, 7.01%, 0, 0, 3, 1080.48
1573639956, 0, 31, 1285, 1281, 238, 7.01%, 0, 0, 3, 1088.26
1573640219, 0, 36, 1286, 1281, 239, 7.01%, 0, 0, 3, 1027.74
1573640752, 0, 36, 1294, 1289, 239, 7.03%, 0, 0, 3, 997.57
1573640757, 0, 36, 1305, 1300, 239, 7.04%, 0, 0, 3, 1004.57
1573640762, 0, 36, 1319, 1314, 239, 7.05%, 0, 0, 3, 1003.74
1573640767, 0, 49, 1325, 1319, 244, 7.05%, 0, 0, 3, 995.01
1573640793, 0, 49, 1326, 1320, 244, 7.05%, 0, 0, 3, 1296.84
1573640951, 0, 99, 1326, 1319, 243, 7.05%, 0, 0, 3, 1031.62
1573641531, 0, 99, 1329, 1322, 243, 7.05%, 0, 0, 3, 979.58
1573641536, 0, 99, 1338, 1331, 243, 7.06%, 0, 0, 3, 989.78
1573641541, 0, 99, 1350, 1343, 243, 7.06%, 0, 0, 3, 993.91
1573641546, 0, 99, 1360, 1353, 243, 7.08%, 0, 0, 3, 992.98
1573641551, 0, 99, 1363, 1356, 243, 7.10%, 0, 0, 3, 990.98
1573641556, 0, 99, 1367, 1360, 243, 7.11%, 0, 0, 3, 993.69
1573641561, 0, 99, 1371, 1364, 243, 7.11%, 0, 0, 3, 993.11
1573641566, 0, 105, 1372, 1364, 249, 7.11%, 0, 0, 3, 1200.43
1573641592, 0, 105, 1374, 1366, 249, 7.11%, 0, 0, 3, 1252.66
1573641648, 0, 105, 1375, 1367, 249, 7.11%, 0, 0, 3, 1271.18
1573641658, 0, 105, 1376, 1368, 249, 7.11%, 0, 0, 3, 1270.87
1573641719, 0, 105, 1377, 1369, 249, 7.11%, 0, 0, 3, 1161.91
1573641739, 0, 108, 1378, 1369, 250, 7.11%, 0, 0, 3, 1049.42
1573641862, 0, 108, 1379, 1370, 250, 7.11%, 0, 0, 3, 978.12
1573642327, 0, 113, 1381, 1371, 249, 7.11%, 0, 0, 3, 977.06
1573642363, 0, 113, 1383, 1373, 249, 7.11%, 0, 0, 3, 970.41
1573642378, 0, 113, 1384, 1374, 249, 7.11%, 0, 0, 3, 972.50
1573642399, 0, 113, 1385, 1375, 249, 7.11%, 0, 0, 3, 972.35
1573642404, 0, 113, 1386, 1376, 249, 7.11%, 0, 0, 3, 968.76
1573642409, 0, 113, 1387, 1377, 249, 7.11%, 0, 0, 3, 958.42
1573642440, 0, 113, 1388, 1378, 249, 7.11%, 0, 0, 3, 961.51
1573642558, 0, 113, 1389, 1379, 249, 7.11%, 0, 0, 3, 972.62
1573642917, 0, 115, 1389, 1378, 247, 7.11%, 0, 0, 3, 985.05
1573642943, 0, 115, 1392, 1381, 247, 7.13%, 0, 0, 3, 1286.08
1573643106, 0, 117, 1392, 1380, 249, 7.13%, 0, 0, 3, 1158.44
1573643131, 0, 117, 1393, 1381, 249, 7.14%, 0, 0, 3, 1285.73
1573643279, 0, 119, 1393, 1380, 249, 7.14%, 0, 0, 3, 1034.74
1573643315, 0, 119, 1394, 1381, 249, 7.14%, 0, 0, 3, 951.30
1573643392, 0, 119, 1395, 1382, 249, 7.14%, 0, 0, 3, 946.61
1573643875, 0, 120, 1395, 1381, 249, 7.14%, 0, 0, 3, 956.40
1573644480, 0, 120, 1396, 1382, 249, 7.14%, 0, 0, 3, 873.91
1573644485, 0, 120, 1403, 1389, 249, 7.14%, 0, 0, 3, 900.02
1573644490, 0, 120, 1405, 1391, 249, 7.14%, 0, 0, 3, 919.79
1573644495, 0, 120, 1409, 1395, 249, 7.14%, 0, 0, 3, 924.48
1573644500, 0, 120, 1412, 1398, 249, 7.14%, 0, 0, 3, 923.61
1573644505, 0, 129, 1413, 1398, 248, 7.14%, 0, 0, 3, 1052.15
1573644531, 0, 129, 1414, 1399, 248, 7.14%, 0, 0, 3, 1232.70
1573644669, 0, 129, 1415, 1400, 248, 7.15%, 0, 0, 3, 1068.97
1573644694, 0, 129, 1422, 1407, 248, 7.16%, 0, 0, 3, 980.86
1573644699, 0, 129, 1427, 1412, 248, 7.16%, 0, 0, 3, 966.32
1573644704, 0, 129, 1433, 1418, 248, 7.16%, 0, 0, 3, 959.97
1573644709, 0, 129, 1437, 1422, 248, 7.16%, 0, 0, 3, 961.59
1573644714, 0, 130, 1444, 1428, 253, 7.17%, 0, 0, 3, 958.69
1573644719, 0, 134, 1444, 1427, 252, 7.17%, 0, 0, 3, 915.26
1573644755, 0, 134, 1445, 1428, 252, 7.17%, 0, 0, 3, 893.01
1573644802, 0, 134, 1446, 1429, 252, 7.17%, 0, 0, 3, 902.79
1573645461, 0, 136, 1447, 1429, 252, 7.17%, 0, 0, 3, 450.51
1573645517, 0, 136, 1448, 1430, 252, 7.17%, 0, 0, 3, 588.35
1573645867, 0, 137, 1448, 1429, 251, 7.17%, 0, 0, 3, 461.09
1573645943, 0, 137, 1449, 1430, 251, 7.17%, 0, 0, 3, 447.92
1573646024, 0, 137, 1450, 1431, 251, 7.17%, 0, 0, 3, 446.82
1573646374, 0, 137, 1451, 1432, 251, 7.17%, 0, 0, 3, 443.32
1573647131, 0, 137, 1454, 1435, 251, 7.17%, 0, 0, 3, 854.06
1573647136, 0, 137, 1458, 1439, 251, 7.17%, 0, 0, 3, 863.50
1573647141, 0, 137, 1462, 1443, 251, 7.18%, 0, 0, 3, 898.42
1573647146, 0, 137, 1465, 1446, 251, 7.18%, 0, 0, 3, 919.04
1573647151, 0, 139, 1466, 1446, 254, 7.18%, 0, 0, 3, 942.22
1573647349, 0, 141, 1466, 1445, 253, 7.18%, 0, 0, 3, 1013.53
1573647390, 0, 141, 1467, 1446, 253, 7.18%, 0, 0, 3, 894.86
