# unix_time, cycles_done, cur_path, paths_total, pending_total, pending_favs, map_size, unique_crashes, unique_hangs, max_depth, execs_per_sec
1572033156, 0, 0, 1, 1, 1, 3.44%, 0, 0, 1, 1142.86
1572033161, 0, 0, 53, 53, 1, 5.09%, 0, 0, 2, 1231.86
1572033166, 0, 0, 93, 93, 1, 5.14%, 0, 0, 2, 1295.63
1572033186, 0, 0, 175, 175, 1, 5.52%, 0, 0, 2, 1228.11
1572033191, 0, 0, 244, 244, 1, 5.68%, 0, 0, 2, 1278.75
1572033196, 0, 0, 246, 246, 1, 5.69%, 0, 0, 2, 1301.15
1572033217, 0, 0, 275, 275, 1, 5.77%, 0, 0, 2, 1232.44
1572033222, 0, 0, 285, 285, 1, 5.78%, 0, 0, 2, 1296.89
1572033242, 0, 0, 291, 291, 1, 5.80%, 0, 0, 2, 1279.98
1572033247, 0, 0, 306, 306, 1, 5.84%, 0, 0, 2, 1249.68
1572033252, 0, 0, 339, 339, 1, 5.88%, 0, 0, 2, 1211.39
1572033258, 0, 0, 369, 369, 1, 5.92%, 0, 0, 2, 1217.10
1572033273, 0, 0, 386, 386, 1, 6.02%, 0, 0, 2, 1161.04
1572033278, 0, 0, 406, 406, 1, 6.05%, 0, 0, 2, 1159.29
1572033283, 0, 0, 411, 411, 1, 6.06%, 0, 0, 2, 1188.47
1572033288, 0, 0, 418, 418, 1, 6.06%, 0, 0, 2, 1196.83
1572033298, 0, 0, 427, 427, 1, 6.07%, 0, 0, 2, 1144.25
1572033303, 0, 0, 432, 432, 1, 6.07%, 0, 0, 2, 1182.44
1572033319, 0, 0, 435, 435, 1, 6.07%, 0, 0, 2, 1133.63
1572033324, 0, 0, 444, 444, 1, 6.11%, 0, 0, 2, 1128.96
1572033329, 0, 0, 751, 751, 1, 6.53%, 0, 0, 2, 1037.36
1572033334, 0, 0, 959, 959, 1, 6.72%, 0, 0, 2, 1002.58
1572033339, 0, 0, 1042, 1042, 1, 6.77%, 0, 0, 2, 1000.72
1572033344, 0, 0, 1101, 1101, 1, 6.83%, 0, 0, 2, 973.02
1572033350, 0, 0, 1137, 1137, 1, 6.94%, 0, 0, 2, 989.75
1572033355, 0, 0, 1174, 1174, 1, 6.97%, 0, 0, 2, 998.96
1572033360, 0, 0, 1207, 1207, 1, 6.98%, 0, 0, 2, 993.48
1572033365, 0, 0, 1227, 1227, 1, 7.01%, 0, 0, 2, 998.07
1572033370, 0, 23, 1228, 1226, 228, 7.01%, 0, 0, 3, 1022.44
1572033375, 0, 23, 1236, 1234, 228, 7.03%, 0, 0, 3, 1036.02
1572033440, 0, 23, 1238, 1236, 228, 7.03%, 0, 0, 3, 1043.26
1572033445, 0, 23, 1240, 1238, 228, 7.03%, 0, 0, 3, 1062.98
1572033491, 0, 23, 1241, 1239, 228, 7.03%, 0, 0, 3, 1051.03
1572033506, 0, 23, 1243, 1241, 228, 7.03%, 0, 0, 3, 1049.56
1572033516, 0, 23, 1245, 1243, 228, 7.03%, 0, 0, 3, 1046.75
1572033521, 0, 23, 1247, 1245, 228, 7.03%, 0, 0, 3, 1042.49
1572033607, 0, 23, 1249, 1247, 228, 7.03%, 0, 0, 3, 1007.73
1572033612, 0, 23, 1250, 1248, 228, 7.03%, 0, 0, 3, 1008.72
1572033815, 0, 23, 1251, 1249, 228, 7.03%, 0, 0, 3, 1023.62
1572033922, 0, 23, 1252, 1250, 228, 7.03%, 0, 0, 3, 969.93
1572033927, 0, 23, 1265, 1263, 228, 7.04%, 0, 0, 3, 967.92
1572033932, 0, 23, 1272, 1270, 228, 7.04%, 0, 0, 3, 935.33
1572033938, 0, 23, 1279, 1277, 228, 7.04%, 0, 0, 3, 945.34
1572033943, 0, 23, 1292, 1290, 228, 7.05%, 0, 0, 3, 950.03
1572033948, 0, 23, 1307, 1305, 228, 7.05%, 0, 0, 3, 914.18
1572033953, 0, 23, 1310, 1308, 228, 7.06%, 0, 0, 3, 934.17
1572033958, 0, 23, 1322, 1320, 228, 7.06%, 0, 0, 3, 951.16
1572033963, 0, 103, 1323, 1317, 235, 7.06%, 0, 0, 3, 866.78
1572033968, 0, 115, 1323, 1315, 234, 7.06%, 0, 0, 3, 1074.77
1572033994, 0, 115, 1326, 1318, 234, 7.08%, 0, 0, 3, 1214.60
1572034166, 0, 117, 1326, 1317, 236, 7.08%, 0, 0, 3, 982.82
1572034171, 0, 119, 1327, 1317, 235, 7.08%, 0, 0, 3, 895.03
1572034176, 0, 119, 1328, 1318, 235, 7.08%, 0, 0, 3, 859.37
1572034207, 0, 119, 1332, 1322, 235, 7.08%, 0, 0, 3, 908.43
1572034217, 0, 119, 1335, 1325, 235, 7.08%, 0, 0, 3, 909.70
1572034248, 0, 119, 1336, 1326, 235, 7.08%, 0, 0, 3, 901.59
1572034258, 0, 119, 1337, 1327, 235, 7.08%, 0, 0, 3, 912.50
1572034288, 0, 119, 1338, 1328, 235, 7.08%, 0, 0, 3, 890.00
1572034329, 0, 119, 1339, 1329, 235, 7.08%, 0, 0, 3, 865.77
1572034334, 0, 119, 1341, 1331, 235, 7.08%, 0, 0, 3, 862.34
1572034350, 0, 119, 1342, 1332, 235, 7.08%, 0, 0, 3, 852.58
1572034421, 0, 119, 1343, 1333, 235, 7.08%, 0, 0, 3, 869.36
1572034687, 0, 119, 1345, 1335, 235, 7.08%, 0, 0, 3, 923.23
1572034809, 0, 119, 1349, 1339, 235, 7.08%, 0, 0, 3, 910.96
1572034814, 0, 119, 1353, 1343, 235, 7.08%, 0, 0, 3, 937.98
1572034820, 0, 119, 1359, 1349, 235, 7.08%, 0, 0, 3, 946.09
1572034825, 0, 119, 1364, 1354, 235, 7.09%, 0, 0, 3, 953.01
1572034830, 0, 119, 1371, 1361, 235, 7.09%, 0, 0, 3, 929.36
1572034835, 0, 119, 1376, 1366, 235, 7.09%, 0, 0, 3, 921.28
1572034840, 0, 119, 1381, 1371, 235, 7.09%, 0, 0, 3, 875.87
1572034845, 0, 130, 1384, 1371, 243, 7.09%, 0, 0, 3, 909.38
1572034886, 0, 130, 1386, 1373, 243, 7.32%, 0, 0, 3, 886.75
1572034927, 0, 130, 1388, 1375, 243, 7.33%, 0, 0, 3, 909.74
1572034972, 0, 130, 1389, 1376, 243, 7.33%, 0, 0, 3, 923.11
1572035100, 0, 130, 1390, 1377, 243, 7.33%, 0, 0, 3, 876.61
1572035497, 0, 130, 1393, 1380, 243, 7.33%, 0, 0, 3, 898.71
1572035503, 0, 130, 1398, 1385, 243, 7.33%, 0, 0, 3, 897.83
1572035508, 0, 130, 1400, 1387, 243, 7.33%, 0, 0, 3, 919.34
1572035513, 0, 130, 1407, 1394, 243, 7.33%, 0, 0, 3, 890.87
1572035518, 0, 130, 1414, 1401, 243, 7.35%, 0, 0, 3, 902.42
1572035523, 0, 130, 1418, 1405, 243, 7.35%, 0, 0, 3, 914.38
1572035528, 0, 130, 1422, 1409, 243, 7.35%, 0, 0, 3, 897.45
1572035533, 0, 135, 1425, 1411, 250, 7.35%, 0, 0, 3, 857.16
1572035594, 0, 135, 1426, 1412, 250, 7.35%, 0, 0, 3, 901.88
1572036182, 0, 135, 1429, 1415, 250, 7.35%, 0, 0, 3, 911.45
1572036187, 0, 135, 1430, 1416, 250, 7.35%, 0, 0, 3, 927.00
1572036192, 0, 135, 1435, 1421, 250, 7.35%, 0, 0, 3, 915.29
1572036197, 0, 135, 1436, 1422, 250, 7.35%, 0, 0, 3, 934.39
1572036202, 0, 135, 1439, 1425, 250, 7.35%, 0, 0, 3, 929.41
1572036207, 0, 135, 1448, 1434, 250, 7.39%, 0, 0, 3, 923.50
1572036212, 0, 135, 1453, 1439, 250, 7.39%, 0, 0, 3, 947.88
1572036217, 0, 137, 1455, 1439, 253, 7.39%, 0, 0, 3, 954.12
1572036258, 0, 137, 1458, 1442, 253, 7.40%, 0, 0, 3, 828.40
1572036303, 0, 137, 1459, 1443, 253, 7.40%, 0, 0, 3, 861.58
1572036477, 0, 137, 1460, 1444, 253, 7.41%, 0, 0, 3, 908.24
1572036860, 0, 137, 1462, 1446, 253, 7.41%, 0, 0, 3, 913.11
1572036865, 0, 144, 1462, 1444, 255, 7.41%, 0, 0, 3, 944.77
1572036906, 0, 144, 1464, 1446, 255, 7.41%, 0, 0, 3, 895.56
1572036993, 0, 144, 1465, 1447, 255, 7.42%, 0, 0, 3, 903.97
1572037125, 0, 144, 1466, 1448, 255, 7.42%, 0, 0, 3, 820.09
1572037513, 0, 168, 1466, 1444, 255, 7.42%, 0, 0, 3, 957.25
1572037519, 0, 176, 1466, 1440, 251, 7.42%, 0, 0, 3, 969.23
1572037524, 0, 178, 1466, 1439, 250, 7.42%, 0, 0, 3, 963.66
1572038063, 0, 178, 1467, 1440, 250, 7.42%, 0, 0, 3, 936.03
1572038159, 0, 178, 1470, 1443, 250, 7.42%, 0, 0, 3, 946.24
1572038165, 0, 178, 1471, 1444, 250, 7.42%, 0, 0, 3, 934.66
1572038170, 0, 178, 1475, 1448, 250, 7.42%, 0, 0, 3, 935.65
1572038175, 0, 178, 1478, 1451, 250, 7.42%, 0, 0, 3, 937.95
1572038180, 0, 178, 1480, 1453, 250, 7.42%, 0, 0, 3, 937.98
1572038185, 0, 178, 1481, 1454, 250, 7.42%, 0, 0, 3, 947.88
1572038190, 0, 218, 1483, 1455, 253, 7.42%, 0, 0, 3, 955.81
1572038195, 0, 251, 1483, 1454, 253, 7.42%, 0, 0, 3, 935.14
1572038276, 0, 251, 1484, 1455, 253, 7.42%, 0, 0, 3, 928.66
1572038827, 0, 252, 1484, 1454, 253, 7.42%, 0, 0, 3, 1033.74
1572038883, 0, 252, 1485, 1455, 253, 7.42%, 0, 0, 3, 1241.80
1572038914, 0, 252, 1486, 1456, 253, 7.42%, 0, 0, 3, 1144.24
1572038980, 0, 252, 1487, 1457, 253, 7.42%, 0, 0, 3, 1132.16
1572039031, 0, 255, 1487, 1456, 251, 7.42%, 0, 0, 3, 981.36
1572039036, 0, 268, 1487, 1455, 250, 7.42%, 0, 0, 3, 1113.97
1572039061, 0, 268, 1488, 1456, 250, 7.42%, 0, 0, 3, 1156.60
1572039162, 0, 268, 1489, 1457, 250, 7.43%, 0, 0, 3, 1064.54
1572039239, 0, 270, 1489, 1456, 251, 7.43%, 0, 0, 3, 1008.82
1572039244, 0, 273, 1489, 1454, 249, 7.43%, 0, 0, 3, 1101.58
1572039331, 0, 273, 1490, 1455, 249, 7.43%, 0, 0, 3, 1204.22
1572039443, 0, 274, 1490, 1454, 248, 7.43%, 0, 0, 3, 1163.43
1572039499, 0, 274, 1491, 1455, 248, 7.43%, 0, 0, 3, 1235.46
1572039641, 0, 274, 1493, 1457, 248, 7.43%, 0, 0, 3, 989.59
1572039646, 0, 274, 1496, 1460, 248, 7.48%, 0, 0, 3, 955.51
1572039651, 0, 274, 1498, 1462, 248, 7.48%, 0, 0, 3, 970.35
1572039656, 0, 274, 1499, 1463, 248, 7.48%, 0, 0, 3, 934.93
1572039661, 0, 274, 1502, 1466, 248, 7.48%, 0, 0, 3, 921.92
1572039666, 0, 274, 1506, 1470, 248, 7.48%, 0, 0, 3, 916.45
1572039672, 0, 274, 1508, 1472, 248, 7.48%, 0, 0, 3, 941.68
1572039677, 0, 290, 1508, 1469, 245, 7.48%, 0, 0, 3, 940.63
1572039682, 0, 291, 1509, 1469, 244, 7.48%, 0, 0, 3, 927.73
1572039718, 0, 291, 1511, 1471, 244, 7.49%, 0, 0, 3, 891.51
1572039723, 0, 291, 1512, 1472, 244, 7.49%, 0, 0, 3, 848.16
1572039763, 0, 291, 1514, 1474, 244, 7.50%, 0, 0, 3, 918.37
1572039963, 0, 291, 1515, 1475, 244, 7.50%, 0, 0, 3, 873.18
1572040314, 0, 291, 1516, 1476, 244, 7.50%, 0, 0, 3, 914.87
1572040320, 0, 291, 1523, 1483, 244, 7.50%, 0, 0, 3, 950.87
1572040325, 0, 291, 1525, 1485, 244, 7.50%, 0, 0, 3, 909.48
1572040330, 0, 291, 1529, 1489, 244, 7.51%, 0, 0, 3, 900.01
1572040340, 0, 291, 1530, 1490, 244, 7.51%, 0, 0, 3, 876.74
1572040345, 0, 291, 1533, 1493, 244, 7.51%, 0, 0, 3, 908.42
1572040350, 0, 292, 1535, 1494, 248, 7.51%, 0, 0, 3, 878.63
1572040980, 0, 293, 1535, 1493, 247, 7.51%, 0, 0, 3, 853.08
1572040985, 0, 324, 1535, 1489, 243, 7.51%, 0, 0, 3, 861.22
1572040990, 0, 325, 1535, 1488, 242, 7.51%, 0, 0, 3, 1044.38
1572041021, 0, 325, 1536, 1489, 242, 7.52%, 0, 0, 3, 1217.97
1572041052, 0, 325, 1537, 1490, 242, 7.52%, 0, 0, 3, 1207.55
1572041195, 0, 325, 1541, 1494, 242, 7.52%, 0, 0, 3, 1000.10
1572041200, 0, 325, 1544, 1497, 242, 7.53%, 0, 0, 3, 917.29
1572041205, 0, 325, 1548, 1501, 242, 7.54%, 0, 0, 3, 895.63
1572041210, 0, 325, 1549, 1502, 242, 7.54%, 0, 0, 3, 938.48
1572041215, 0, 325, 1553, 1506, 242, 7.54%, 0, 0, 3, 941.40
1572041225, 0, 326, 1555, 1507, 246, 7.54%, 0, 0, 3, 894.66
1572041291, 0, 326, 1556, 1508, 246, 7.55%, 0, 0, 3, 1208.45
1572041327, 0, 326, 1557, 1509, 246, 7.55%, 0, 0, 3, 1195.24
1572041428, 0, 326, 1563, 1515, 246, 7.55%, 0, 0, 3, 1029.68
1572041433, 0, 326, 1564, 1516, 246, 7.55%, 0, 0, 3, 1009.61
1572041438, 0, 326, 1565, 1517, 246, 7.55%, 0, 0, 3, 995.93
1572041443, 0, 326, 1569, 1521, 246, 7.56%, 0, 0, 3, 993.11
1572041448, 0, 326, 1572, 1524, 246, 7.56%, 0, 0, 3, 993.20
1572041454, 0, 326, 1573, 1525, 246, 7.57%, 0, 0, 3, 983.10
1572041459, 0, 332, 1574, 1525, 248, 7.57%, 0, 0, 3, 958.08
1572041464, 0, 335, 1574, 1524, 247, 7.57%, 0, 0, 3, 1078.20
1572041667, 0, 353, 1574, 1522, 246, 7.57%, 0, 0, 3, 1123.18
1572041866, 0, 353, 1577, 1525, 246, 7.57%, 0, 0, 3, 1018.43
1572041871, 0, 353, 1579, 1527, 246, 7.57%, 0, 0, 3, 966.95
1572041881, 0, 353, 1580, 1528, 246, 7.57%, 0, 0, 3, 974.84
1572041886, 0, 353, 1582, 1530, 246, 7.57%, 0, 0, 3, 966.05
1572041891, 0, 353, 1587, 1535, 246, 7.57%, 0, 0, 3, 981.34
1572041901, 0, 360, 1587, 1532, 246, 7.57%, 0, 0, 3, 873.35
1572041932, 0, 360, 1592, 1537, 246, 7.57%, 0, 0, 3, 1161.77
1572042008, 0, 360, 1596, 1541, 246, 7.57%, 0, 0, 3, 1156.87
1572042084, 0, 360, 1597, 1542, 246, 7.57%, 0, 0, 3, 1091.99
1572042115, 0, 364, 1597, 1539, 244, 7.57%, 0, 0, 3, 883.80
1572042125, 0, 364, 1599, 1541, 244, 7.58%, 0, 0, 3, 1013.67
1572042263, 0, 364, 1601, 1543, 244, 7.58%, 0, 0, 3, 1026.31
1572042688, 0, 370, 1601, 1539, 241, 7.58%, 0, 0, 3, 932.09
1572042693, 0, 377, 1601, 1535, 237, 7.58%, 0, 0, 3, 947.12
1572042724, 0, 377, 1602, 1536, 237, 7.58%, 0, 0, 3, 1142.82
1572042816, 0, 377, 1603, 1537, 237, 7.58%, 0, 0, 3, 1109.12
1572042902, 0, 381, 1603, 1536, 237, 7.58%, 0, 0, 3, 1176.75
1572042927, 0, 381, 1604, 1537, 237, 7.59%, 0, 0, 3, 1194.15
1572043100, 0, 410, 1604, 1533, 234, 7.59%, 0, 0, 3, 989.95
1572043105, 0, 441, 1604, 1529, 231, 7.59%, 0, 0, 3, 961.25
1572043110, 0, 464, 1604, 1528, 230, 7.59%, 0, 0, 3, 942.28
1572043736, 0, 541, 1605, 1528, 230, 7.59%, 0, 0, 3, 1045.36
1572043950, 0, 541, 1606, 1529, 230, 7.59%, 0, 0, 3, 1115.28
1572043955, 0, 562, 1606, 1528, 229, 7.59%, 0, 0, 3, 1163.18
1572044093, 0, 572, 1606, 1527, 228, 7.59%, 0, 0, 3, 1102.71
1572044523, 0, 603, 1606, 1526, 227, 7.59%, 0, 0, 3, 972.24
1572044563, 0, 603, 1607, 1527, 227, 7.59%, 0, 0, 3, 958.04
1572044600, 0, 603, 1608, 1528, 227, 7.59%, 0, 0, 3, 957.23
1572045168, 0, 603, 1609, 1529, 227, 7.60%, 0, 0, 3, 965.10
1572045326, 0, 603, 1612, 1532, 227, 7.60%, 0, 0, 3, 923.85
1572045337, 0, 604, 1612, 1531, 227, 7.60%, 0, 0, 3, 959.79
1572045603, 0, 604, 1613, 1532, 227, 7.60%, 0, 0, 3, 965.19
1572046067, 0, 604, 1614, 1533, 227, 7.61%, 0, 0, 3, 969.10
1572046148, 0, 608, 1614, 1532, 229, 7.61%, 0, 0, 3, 967.14
1572046700, 0, 608, 1615, 1533, 229, 7.61%, 0, 0, 3, 933.61
1572046803, 0, 613, 1615, 1532, 229, 7.61%, 0, 0, 3, 864.03
1572046849, 0, 613, 1616, 1533, 229, 7.62%, 0, 0, 3, 809.07
1572046997, 0, 613, 1617, 1534, 229, 7.62%, 0, 0, 3, 808.30
1572047584, 0, 613, 1618, 1535, 229, 7.62%, 0, 0, 3, 793.63
1572047793, 0, 615, 1618, 1534, 229, 7.62%, 0, 0, 3, 894.90
1572048453, 0, 625, 1618, 1533, 228, 7.62%, 0, 0, 3, 914.68
1572049062, 0, 627, 1618, 1532, 227, 7.62%, 0, 0, 3, 952.22
1572049580, 0, 652, 1618, 1531, 226, 7.62%, 0, 0, 3, 1031.01
1572049793, 0, 652, 1619, 1532, 226, 7.62%, 0, 0, 3, 980.31
1572050297, 0, 652, 1621, 1534, 226, 7.62%, 0, 0, 3, 963.84
1572050302, 0, 652, 1623, 1536, 226, 7.62%, 0, 0, 3, 930.90
1572050308, 0, 652, 1624, 1537, 226, 7.62%, 0, 0, 3, 961.42
1572050313, 0, 652, 1626, 1539, 226, 7.62%, 0, 0, 3, 977.35
1572050323, 0, 652, 1629, 1542, 226, 7.63%, 0, 0, 3, 979.14
1572050333, 0, 655, 1629, 1541, 226, 7.63%, 0, 0, 3, 960.48
1572050389, 0, 655, 1630, 1542, 226, 7.63%, 0, 0, 3, 871.80
1572050501, 0, 655, 1631, 1543, 226, 7.63%, 0, 0, 3, 925.46
1572050721, 0, 655, 1632, 1544, 226, 7.63%, 0, 0, 3, 932.33
1572050787, 0, 667, 1632, 1543, 224, 7.63%, 0, 0, 3, 1018.56
1572051089, 0, 667, 1633, 1544, 224, 7.63%, 0, 0, 3, 1120.17
1572051140, 0, 675, 1633, 1543, 224, 7.63%, 0, 0, 3, 1078.87
1572051759, 0, 686, 1633, 1542, 224, 7.63%, 0, 0, 3, 955.65
1572051887, 0, 686, 1634, 1543, 224, 7.63%, 0, 0, 3, 953.62
1572052668, 0, 725, 1634, 1542, 223, 7.63%, 0, 0, 3, 886.16
1572053014, 0, 747, 1634, 1541, 222, 7.63%, 0, 0, 3, 945.96
1572053020, 0, 747, 1635, 1542, 222, 7.63%, 0, 0, 3, 904.91
1572053178, 0, 747, 1636, 1543, 222, 7.63%, 0, 0, 3, 896.58
1572053515, 0, 747, 1637, 1544, 222, 7.63%, 0, 0, 3, 906.99
1572053520, 0, 747, 1638, 1545, 222, 7.63%, 0, 0, 3, 884.20
1572053628, 0, 747, 1641, 1548, 222, 7.63%, 0, 0, 3, 872.78
1572053633, 0, 747, 1645, 1552, 222, 7.63%, 0, 0, 3, 884.84
1572053638, 0, 747, 1646, 1553, 222, 7.63%, 0, 0, 3, 858.74
1572053643, 0, 747, 1647, 1554, 222, 7.63%, 0, 0, 3, 905.95
1572053648, 0, 747, 1650, 1557, 222, 7.63%, 0, 0, 3, 921.98
1572053654, 0, 747, 1656, 1563, 222, 7.63%, 0, 0, 3, 911.86
1572053659, 0, 747, 1657, 1564, 222, 7.63%, 0, 0, 3, 883.08
1572053664, 0, 751, 1659, 1565, 228, 7.63%, 0, 0, 3, 933.80
1572054178, 0, 756, 1659, 1564, 227, 7.63%, 0, 0, 3, 1138.06
1572054285, 0, 773, 1659, 1563, 226, 7.63%, 0, 0, 3, 1071.58
1572054872, 0, 804, 1659, 1562, 225, 7.63%, 0, 0, 3, 1077.49
1572054984, 0, 804, 1660, 1563, 225, 7.64%, 0, 0, 3, 1046.30
1572055372, 0, 812, 1660, 1562, 223, 7.64%, 0, 0, 3, 1140.41
1572055768, 0, 817, 1661, 1562, 222, 7.64%, 0, 0, 3, 1117.49
1572056134, 0, 821, 1661, 1561, 221, 7.64%, 0, 0, 3, 1097.24
1572056731, 0, 825, 1661, 1560, 220, 7.64%, 0, 0, 3, 1031.86
1572056797, 0, 825, 1662, 1561, 220, 7.64%, 0, 0, 3, 1136.34
1572056914, 0, 825, 1663, 1562, 220, 7.64%, 0, 0, 3, 1131.74
1572057123, 0, 826, 1663, 1561, 221, 7.64%, 0, 0, 3, 976.41
1572057479, 0, 826, 1664, 1562, 221, 7.64%, 0, 0, 3, 916.50
1572058001, 0, 831, 1664, 1561, 220, 7.64%, 0, 0, 3, 1012.80
1572058445, 0, 841, 1664, 1560, 219, 7.64%, 0, 0, 3, 970.23
1572058703, 0, 841, 1665, 1561, 219, 7.64%, 0, 0, 3, 981.86
1572059151, 0, 842, 1665, 1560, 219, 7.64%, 0, 0, 3, 1060.68
1572059313, 0, 867, 1665, 1559, 218, 7.64%, 0, 0, 3, 1095.66
1572059722, 0, 884, 1666, 1559, 217, 7.64%, 0, 0, 3, 999.34
1572060606, 0, 892, 1666, 1558, 216, 7.64%, 0, 0, 3, 981.44
1572060790, 0, 893, 1666, 1557, 215, 7.64%, 0, 0, 3, 1162.62
1572060927, 0, 893, 1667, 1558, 215, 7.64%, 0, 0, 3, 1162.13
1572061045, 0, 895, 1667, 1557, 215, 7.64%, 0, 0, 3, 1060.06
1572061464, 0, 895, 1668, 1558, 215, 7.65%, 0, 0, 3, 965.50
1572061556, 0, 895, 1669, 1559, 215, 7.65%, 0, 0, 3, 997.04
1572061561, 0, 900, 1669, 1558, 215, 7.65%, 0, 0, 3, 957.87
1572062030, 0, 900, 1670, 1559, 215, 7.65%, 0, 0, 3, 993.12
1572062148, 0, 900, 1671, 1560, 215, 7.65%, 0, 0, 3, 904.18
1572062153, 0, 903, 1671, 1559, 218, 7.65%, 0, 0, 3, 1047.93
1572062285, 0, 903, 1672, 1560, 218, 7.65%, 0, 0, 3, 1128.88
1572062371, 0, 904, 1672, 1559, 217, 7.65%, 0, 0, 3, 1008.48
1572062381, 0, 904, 1673, 1560, 217, 7.65%, 0, 0, 3, 903.67
1572062560, 0, 904, 1674, 1561, 217, 7.65%, 0, 0, 3, 958.49
1572063118, 0, 913, 1674, 1560, 218, 7.65%, 0, 0, 3, 964.20
1572063750, 0, 914, 1674, 1559, 217, 7.65%, 0, 0, 3, 911.18
1572064645, 0, 917, 1674, 1558, 216, 7.65%, 0, 0, 3, 924.53
1572064676, 0, 917, 1676, 1560, 216, 7.65%, 0, 0, 3, 965.52
1572065001, 0, 917, 1677, 1561, 216, 7.65%, 0, 0, 3, 902.03
1572065154, 0, 919, 1677, 1560, 216, 7.65%, 0, 0, 3, 979.46
1572065159, 0, 919, 1678, 1561, 216, 7.65%, 0, 0, 3, 1178.28
1572065276, 0, 922, 1678, 1560, 216, 7.65%, 0, 0, 3, 1088.85
1572066009, 0, 924, 1678, 1559, 215, 7.65%, 0, 0, 3, 916.15
1572066780, 0, 926, 1678, 1558, 214, 7.65%, 0, 0, 3, 962.17
1572067434, 0, 926, 1679, 1559, 214, 7.65%, 0, 0, 3, 921.83
1572067439, 0, 944, 1679, 1558, 214, 7.65%, 0, 0, 3, 920.79
1572067444, 0, 944, 1680, 1559, 214, 7.65%, 0, 0, 3, 943.55
1572067572, 0, 944, 1681, 1560, 214, 7.65%, 0, 0, 3, 945.41
1572068487, 0, 944, 1683, 1562, 214, 7.65%, 0, 0, 3, 846.40
1572068492, 0, 948, 1683, 1561, 214, 7.65%, 0, 0, 3, 980.07
1572068528, 0, 948, 1684, 1562, 214, 7.65%, 0, 0, 3, 1053.08
1572069315, 0, 956, 1684, 1561, 213, 7.65%, 0, 0, 3, 1018.22
1572069524, 0, 956, 1686, 1563, 213, 7.65%, 0, 0, 3, 923.00
1572069539, 0, 956, 1687, 1564, 213, 7.65%, 0, 0, 3, 938.73
1572069931, 0, 960, 1687, 1563, 212, 7.65%, 0, 0, 3, 1063.36
1572070588, 0, 965, 1687, 1562, 211, 7.65%, 0, 0, 3, 1084.78
1572071117, 0, 970, 1687, 1561, 210, 7.65%, 0, 0, 3, 917.30
1572071996, 0, 974, 1687, 1560, 209, 7.65%, 0, 0, 3, 962.34
1572072387, 0, 982, 1687, 1559, 208, 7.65%, 0, 0, 3, 936.35
1572073016, 0, 984, 1687, 1558, 206, 7.65%, 0, 0, 3, 952.35
1572073147, 0, 984, 1688, 1559, 206, 7.65%, 0, 0, 3, 979.00
1572073793, 0, 995, 1688, 1558, 206, 7.65%, 0, 0, 3, 981.48
1572074237, 0, 1007, 1689, 1558, 205, 7.65%, 0, 0, 3, 994.43
1572074857, 0, 1011, 1689, 1557, 204, 7.65%, 0, 0, 3, 924.73
1572075107, 0, 1011, 1690, 1558, 204, 7.65%, 0, 0, 3, 889.49
1572075506, 0, 1013, 1690, 1557, 204, 7.65%, 0, 0, 3, 1069.32
1572075735, 0, 1032, 1691, 1557, 204, 7.65%, 0, 0, 3, 1135.48
1572076364, 0, 1033, 1691, 1556, 203, 7.65%, 0, 0, 3, 944.22
1572076369, 0, 1033, 1693, 1558, 203, 7.65%, 0, 0, 3, 939.13
1572076513, 0, 1033, 1694, 1559, 203, 7.65%, 0, 0, 3, 920.50
1572077003, 0, 1034, 1694, 1558, 203, 7.65%, 0, 0, 3, 1020.46
1572077391, 0, 1038, 1694, 1557, 201, 7.65%, 0, 0, 3, 1033.17
1572077599, 0, 1043, 1694, 1556, 200, 7.65%, 0, 0, 3, 1025.15
1572078206, 0, 1050, 1694, 1555, 199, 7.65%, 0, 0, 3, 968.88
1572078887, 0, 1052, 1694, 1554, 198, 7.65%, 0, 0, 3, 943.66
1572079387, 0, 1052, 1695, 1555, 198, 7.65%, 0, 0, 3, 896.53
1572079520, 0, 1057, 1695, 1554, 199, 7.65%, 0, 0, 3, 953.37
1572079648, 0, 1057, 1696, 1555, 199, 7.65%, 0, 0, 3, 988.83
1572079673, 0, 1057, 1697, 1556, 199, 7.65%, 0, 0, 3, 925.39
1572080103, 0, 1057, 1698, 1557, 199, 7.65%, 0, 0, 3, 967.94
1572080108, 0, 1063, 1699, 1557, 200, 7.65%, 0, 0, 3, 1056.07
1572080410, 0, 1064, 1699, 1556, 199, 7.65%, 0, 0, 3, 996.37
1572080818, 0, 1070, 1699, 1555, 197, 7.65%, 0, 0, 3, 1021.21
1572081396, 0, 1074, 1699, 1554, 196, 7.65%, 0, 0, 3, 1014.53
1572081523, 0, 1078, 1699, 1553, 195, 7.65%, 0, 0, 3, 1146.60
1572082199, 0, 1079, 1699, 1552, 194, 7.65%, 0, 0, 3, 1045.13
1572082597, 0, 1084, 1699, 1551, 193, 7.65%, 0, 0, 3, 1085.80
1572082714, 0, 1084, 1700, 1552, 193, 7.65%, 0, 0, 3, 1103.21
1572082836, 0, 1093, 1700, 1551, 193, 7.65%, 0, 0, 3, 990.61
1572083152, 0, 1093, 1701, 1552, 193, 7.65%, 0, 0, 3, 1021.84
1572083157, 0, 1093, 1702, 1553, 193, 7.65%, 0, 0, 3, 1017.17
1572083188, 0, 1108, 1702, 1552, 193, 7.65%, 0, 0, 3, 1072.55
1572083901, 0, 1115, 1702, 1551, 191, 7.65%, 0, 0, 3, 1097.28
1572083957, 0, 1115, 1703, 1552, 191, 7.65%, 0, 0, 3, 1129.06
1572084156, 0, 1115, 1704, 1553, 191, 7.65%, 0, 0, 3, 1087.84
1572084161, 0, 1115, 1706, 1555, 191, 7.65%, 0, 0, 3, 1028.15
1572084167, 0, 1116, 1706, 1554, 193, 7.65%, 0, 0, 3, 1045.07
1572084613, 0, 1128, 1706, 1553, 192, 7.65%, 0, 0, 3, 1038.49
1572084653, 0, 1128, 1707, 1554, 192, 7.66%, 0, 0, 3, 974.59
1572084878, 0, 1128, 1708, 1555, 192, 7.66%, 0, 0, 3, 958.21
1572085210, 0, 1134, 1709, 1555, 194, 7.66%, 0, 0, 3, 1017.68
1572085725, 0, 1135, 1709, 1554, 193, 7.66%, 0, 0, 3, 1026.87
1572085765, 0, 1135, 1713, 1558, 193, 7.69%, 0, 0, 3, 936.62
1572085806, 0, 1135, 1714, 1559, 193, 7.69%, 0, 0, 3, 938.52
1572085851, 0, 1135, 1715, 1560, 193, 7.69%, 0, 0, 3, 915.55
1572086075, 0, 1135, 1718, 1563, 193, 7.73%, 0, 0, 3, 864.52
1572086625, 0, 1135, 1722, 1567, 193, 7.77%, 0, 0, 3, 962.36
1572086630, 0, 1135, 1724, 1569, 193, 7.77%, 0, 0, 3, 960.56
1572086635, 0, 1135, 1726, 1571, 193, 7.77%, 0, 0, 3, 958.29
1572086645, 0, 1135, 1727, 1572, 193, 7.79%, 0, 0, 3, 957.52
1572086656, 0, 1137, 1729, 1573, 197, 7.79%, 0, 0, 3, 934.70
1572087113, 0, 1139, 1729, 1572, 195, 7.79%, 0, 0, 3, 965.45
1572088144, 0, 1143, 1729, 1571, 196, 7.79%, 0, 0, 3, 1118.27
1572088251, 0, 1144, 1730, 1571, 195, 7.79%, 0, 0, 3, 1102.61
1572088792, 0, 1147, 1730, 1570, 194, 7.79%, 0, 0, 3, 1016.13
1572089057, 0, 1147, 1731, 1571, 194, 7.79%, 0, 0, 3, 979.69
1572089413, 0, 1156, 1731, 1570, 195, 7.79%, 0, 0, 3, 975.39
1572089621, 0, 1156, 1737, 1576, 195, 7.80%, 0, 0, 3, 947.71
1572089813, 0, 1156, 1738, 1577, 195, 7.80%, 0, 0, 3, 982.67
1572089854, 0, 1157, 1738, 1576, 200, 7.80%, 0, 0, 3, 954.60
1572090816, 0, 1158, 1738, 1575, 199, 7.80%, 0, 0, 3, 938.69
1572090857, 0, 1158, 1740, 1577, 199, 7.80%, 0, 0, 3, 956.09
1572090934, 0, 1158, 1741, 1578, 199, 7.80%, 0, 0, 3, 941.36
1572091184, 0, 1158, 1742, 1579, 199, 7.80%, 0, 0, 3, 962.44
1572091189, 0, 1158, 1744, 1581, 199, 7.80%, 0, 0, 3, 958.79
1572091778, 0, 1158, 1747, 1584, 199, 7.80%, 0, 0, 3, 947.50
1572091783, 0, 1167, 1747, 1583, 199, 7.80%, 0, 0, 3, 941.19
1572091921, 0, 1167, 1748, 1584, 199, 7.80%, 0, 0, 3, 909.89
1572092361, 0, 1167, 1749, 1585, 199, 7.80%, 0, 0, 3, 875.17
1572092448, 0, 1167, 1750, 1586, 199, 7.80%, 0, 0, 3, 902.82
1572092534, 0, 1169, 1750, 1585, 199, 7.80%, 0, 0, 3, 955.99
1572093115, 0, 1171, 1751, 1585, 198, 7.80%, 0, 0, 3, 1058.17
1572093320, 0, 1173, 1751, 1584, 197, 7.80%, 0, 0, 3, 1012.61
1572093978, 0, 1177, 1751, 1583, 196, 7.80%, 0, 0, 3, 1034.84
1572094510, 0, 1179, 1752, 1583, 196, 7.80%, 0, 0, 3, 1071.70
1572095008, 0, 1180, 1752, 1582, 195, 7.80%, 0, 0, 3, 967.15
1572095013, 0, 1180, 1753, 1583, 195, 7.80%, 0, 0, 3, 940.70
1572095590, 0, 1183, 1753, 1582, 195, 7.80%, 0, 0, 3, 986.06
1572096007, 0, 1187, 1753, 1581, 194, 7.80%, 0, 0, 3, 973.96
1572096818, 0, 1196, 1754, 1581, 193, 7.80%, 0, 0, 3, 902.67
1572097689, 0, 1197, 1754, 1580, 192, 7.80%, 0, 0, 3, 944.74
1572097939, 0, 1197, 1755, 1581, 192, 7.80%, 0, 0, 3, 920.32
1572097969, 0, 1197, 1756, 1582, 192, 7.80%, 0, 0, 3, 910.74
1572098326, 0, 1199, 1756, 1581, 189, 7.80%, 0, 0, 3, 966.84
1572098924, 0, 1199, 1760, 1585, 189, 7.80%, 0, 0, 3, 971.61
1572098929, 0, 1199, 1761, 1586, 189, 7.80%, 0, 0, 3, 968.95
1572098934, 0, 1199, 1763, 1588, 189, 7.80%, 0, 0, 3, 971.07
1572098939, 0, 1199, 1764, 1589, 189, 7.80%, 0, 0, 3, 969.88
1572098944, 0, 1199, 1765, 1590, 189, 7.80%, 0, 0, 3, 945.50
1572098949, 0, 1199, 1766, 1591, 189, 7.80%, 0, 0, 3, 924.25
1572098954, 0, 1208, 1768, 1592, 184, 7.80%, 0, 0, 3, 997.18
1572099046, 0, 1208, 1769, 1593, 184, 7.80%, 0, 0, 3, 1079.30
1572099076, 0, 1210, 1769, 1592, 184, 7.80%, 0, 0, 3, 1068.43
1572099620, 0, 1210, 1770, 1593, 184, 7.80%, 0, 0, 3, 943.27
1572099752, 0, 1214, 1770, 1592, 183, 7.80%, 0, 0, 3, 902.46
1572100522, 0, 1218, 1770, 1591, 182, 7.80%, 0, 0, 3, 717.69
1572100619, 0, 1218, 1771, 1592, 182, 7.80%, 0, 0, 3, 890.11
1572101006, 0, 1218, 1772, 1593, 182, 7.80%, 0, 0, 3, 873.65
1572101138, 0, 1224, 1772, 1592, 180, 7.80%, 0, 0, 3, 944.31
1572102009, 0, 1225, 1772, 1591, 179, 7.80%, 0, 0, 3, 924.37
1572102352, 0, 1225, 1773, 1592, 179, 7.80%, 0, 0, 3, 816.75
1572102883, 0, 1227, 1773, 1591, 179, 7.80%, 0, 0, 3, 934.98
1572103516, 0, 1230, 1773, 1590, 178, 7.80%, 0, 0, 3, 939.79
1572103552, 0, 1230, 1774, 1591, 178, 7.80%, 0, 0, 4, 986.17
1572104096, 0, 1233, 1774, 1590, 178, 7.80%, 0, 0, 4, 975.86
1572104101, 0, 1253, 1774, 1587, 175, 7.80%, 0, 0, 4, 1056.67
1572104147, 0, 1253, 1775, 1588, 175, 7.80%, 0, 0, 4, 1014.45
1572104306, 0, 1253, 1776, 1589, 175, 7.80%, 0, 0, 4, 1040.45
1572104853, 0, 1255, 1776, 1588, 174, 7.80%, 0, 0, 4, 1091.25
1572104889, 0, 1255, 1777, 1589, 174, 7.81%, 0, 0, 4, 1011.78
1572105006, 0, 1255, 1778, 1590, 174, 7.81%, 0, 0, 4, 1123.55
1572105173, 0, 1256, 1778, 1589, 177, 7.81%, 0, 0, 4, 1217.79
1572105352, 0, 1264, 1778, 1588, 176, 7.81%, 0, 0, 4, 1165.41
1572105581, 0, 1265, 1778, 1587, 175, 7.81%, 0, 0, 4, 1022.43
1572106193, 0, 1265, 1779, 1588, 175, 7.81%, 0, 0, 4, 908.96
1572106198, 0, 1266, 1779, 1587, 175, 7.81%, 0, 0, 4, 907.85
1572106335, 0, 1266, 1780, 1588, 175, 7.81%, 0, 0, 4, 948.65
1572106797, 0, 1266, 1781, 1589, 175, 7.81%, 0, 0, 4, 922.51
1572106802, 0, 1270, 1781, 1588, 175, 7.81%, 0, 0, 4, 1032.58
1572107516, 0, 1271, 1781, 1587, 174, 7.81%, 0, 0, 4, 1066.24
1572107888, 0, 1275, 1781, 1586, 174, 7.81%, 0, 0, 4, 1095.51
1572108775, 0, 1281, 1781, 1585, 172, 7.81%, 0, 0, 4, 903.39
1572109040, 0, 1281, 1783, 1587, 172, 7.81%, 0, 0, 4, 938.63
1572109377, 0, 1283, 1783, 1586, 174, 7.81%, 0, 0, 4, 893.19
1572109999, 0, 1285, 1783, 1585, 173, 7.81%, 0, 0, 4, 910.99
1572110433, 0, 1285, 1785, 1587, 173, 7.81%, 0, 0, 4, 997.89
1572110439, 0, 1298, 1785, 1586, 172, 7.81%, 0, 0, 4, 1045.35
1572110546, 0, 1298, 1786, 1587, 172, 7.81%, 0, 0, 4, 1093.11
1572111029, 0, 1308, 1786, 1586, 171, 7.81%, 0, 0, 4, 1024.04
1572111561, 0, 1308, 1787, 1587, 171, 7.82%, 0, 0, 4, 959.78
1572111724, 0, 1309, 1788, 1587, 172, 7.82%, 0, 0, 4, 1045.49
1572112463, 0, 1319, 1789, 1587, 171, 7.82%, 0, 0, 4, 1045.41
1572113045, 0, 1323, 1789, 1586, 170, 7.82%, 0, 0, 4, 936.76
1572113081, 0, 1323, 1790, 1587, 170, 7.82%, 0, 0, 4, 926.69
1572113648, 0, 1323, 1791, 1588, 170, 7.83%, 0, 0, 4, 954.26
1572113683, 0, 1326, 1791, 1586, 170, 7.83%, 0, 0, 4, 1057.94
1572113883, 0, 1363, 1791, 1584, 168, 7.83%, 0, 0, 4, 1001.43
1572114137, 0, 1363, 1792, 1585, 168, 7.83%, 0, 0, 4, 884.68
1572114518, 0, 1366, 1792, 1584, 168, 7.83%, 0, 0, 4, 943.80
1572114722, 0, 1368, 1792, 1583, 167, 7.83%, 0, 0, 4, 1095.07
1572115177, 0, 1373, 1792, 1582, 166, 7.83%, 0, 0, 4, 1012.49
1572115814, 0, 1378, 1792, 1581, 165, 7.83%, 0, 0, 4, 954.58
1572116287, 0, 1383, 1792, 1580, 164, 7.83%, 0, 0, 4, 1032.56
1572116897, 0, 1386, 1792, 1577, 161, 7.83%, 0, 0, 4, 950.42
1572116902, 0, 1388, 1794, 1578, 160, 7.83%, 0, 0, 4, 1111.91
1572116927, 0, 1388, 1795, 1579, 160, 7.83%, 0, 0, 4, 1161.87
1572116932, 0, 1388, 1796, 1580, 160, 7.83%, 0, 0, 4, 1039.66
1572116968, 0, 1388, 1797, 1581, 160, 7.83%, 0, 0, 4, 1230.31
1572116993, 0, 1388, 1798, 1582, 160, 7.83%, 0, 0, 4, 1209.26
1572117100, 0, 1389, 1798, 1581, 163, 7.83%, 0, 0, 4, 996.23
1572117743, 0, 1396, 1799, 1581, 162, 7.83%, 0, 0, 4, 934.69
1572118374, 0, 1400, 1799, 1580, 162, 7.83%, 0, 0, 4, 923.41
1572119032, 0, 1400, 1800, 1581, 162, 7.83%, 0, 0, 4, 815.89
1572119037, 0, 1406, 1800, 1580, 162, 7.83%, 0, 0, 4, 947.90
1572119501, 0, 1406, 1803, 1583, 162, 7.83%, 0, 0, 4, 984.87
1572119506, 0, 1409, 1803, 1582, 161, 7.83%, 0, 0, 4, 988.09
