# unix_time, cycles_done, cur_path, paths_total, pending_total, pending_favs, map_size, unique_crashes, unique_hangs, max_depth, execs_per_sec
1573637054, 0, 0, 1, 1, 1, 3.44%, 0, 0, 1, 1333.33
1573637059, 0, 0, 66, 66, 1, 5.10%, 0, 0, 2, 1311.69
1573637064, 0, 0, 93, 93, 1, 5.14%, 0, 0, 2, 1369.30
1573637079, 0, 0, 94, 94, 1, 5.15%, 0, 0, 2, 1383.53
1573637084, 0, 0, 234, 234, 1, 5.67%, 0, 0, 2, 1274.03
1573637090, 0, 0, 246, 246, 1, 5.69%, 0, 0, 2, 1365.49
1573637110, 0, 0, 254, 254, 1, 5.69%, 0, 0, 2, 1314.76
1573637115, 0, 0, 280, 280, 1, 5.78%, 0, 0, 2, 1321.32
1573637120, 0, 0, 285, 285, 1, 5.78%, 0, 0, 2, 1346.39
1573637141, 0, 0, 306, 306, 1, 5.84%, 0, 0, 2, 1276.30
1573637146, 0, 0, 330, 330, 1, 5.87%, 0, 0, 2, 1256.48
1573637151, 0, 0, 367, 367, 1, 5.92%, 0, 0, 2, 1252.64
1573637156, 0, 0, 369, 369, 1, 5.92%, 0, 0, 2, 1281.97
1573637166, 0, 0, 377, 377, 1, 5.93%, 0, 0, 2, 1210.44
1573637171, 0, 0, 403, 403, 1, 6.04%, 0, 0, 2, 1233.14
1573637176, 0, 0, 411, 411, 1, 6.06%, 0, 0, 2, 1208.56
1573637181, 0, 0, 418, 418, 1, 6.06%, 0, 0, 2, 1236.24
1573637192, 0, 0, 426, 426, 1, 6.07%, 0, 0, 2, 1182.65
1573637197, 0, 0, 432, 432, 1, 6.07%, 0, 0, 2, 1210.29
1573637212, 0, 0, 435, 435, 1, 6.07%, 0, 0, 2, 1165.02
1573637217, 0, 0, 444, 444, 1, 6.11%, 0, 0, 2, 1166.54
1573637222, 0, 0, 775, 775, 1, 6.56%, 0, 0, 2, 1065.91
1573637227, 0, 0, 970, 970, 1, 6.65%, 0, 0, 2, 1031.98
1573637232, 0, 0, 1067, 1067, 1, 6.71%, 0, 0, 2, 1030.26
1573637238, 0, 0, 1118, 1118, 1, 6.74%, 0, 0, 2, 1025.02
1573637243, 0, 0, 1162, 1162, 1, 6.77%, 0, 0, 2, 1041.27
1573637248, 0, 0, 1185, 1185, 1, 6.87%, 0, 0, 2, 1038.98
1573637253, 0, 0, 1198, 1198, 1, 6.88%, 0, 0, 2, 1041.19
1573637258, 0, 4, 1218, 1217, 233, 6.90%, 0, 0, 2, 1011.80
1573637303, 0, 4, 1221, 1220, 233, 6.90%, 0, 0, 3, 994.43
1573637394, 0, 4, 1222, 1221, 233, 6.90%, 0, 0, 3, 966.19
1573637405, 0, 4, 1229, 1228, 233, 6.90%, 0, 0, 3, 966.09
1573637491, 0, 4, 1230, 1229, 233, 6.91%, 0, 0, 3, 441.99
1573638073, 0, 4, 1231, 1230, 233, 6.91%, 0, 0, 3, 435.44
1573638145, 0, 4, 1232, 1231, 233, 6.91%, 0, 0, 3, 443.37
1573638317, 0, 4, 1238, 1237, 233, 6.92%, 0, 0, 3, 445.58
1573638323, 0, 4, 1245, 1244, 233, 6.92%, 0, 0, 3, 446.46
1573638328, 0, 4, 1254, 1253, 233, 6.92%, 0, 0, 3, 445.75
1573638333, 0, 4, 1257, 1256, 233, 6.92%, 0, 0, 3, 445.70
1573638338, 0, 4, 1261, 1260, 233, 6.92%, 0, 0, 3, 443.78
1573638343, 0, 4, 1266, 1265, 233, 6.92%, 0, 0, 3, 448.84
1573638348, 0, 4, 1271, 1270, 233, 6.92%, 0, 0, 3, 443.33
1573638353, 0, 4, 1274, 1273, 233, 6.93%, 0, 0, 3, 444.37
1573638358, 0, 4, 1280, 1279, 233, 6.93%, 0, 0, 3, 443.87
1573638363, 0, 4, 1283, 1282, 233, 6.93%, 0, 0, 3, 445.46
1573638369, 0, 4, 1284, 1283, 233, 6.93%, 0, 0, 3, 440.45
1573638374, 0, 4, 1289, 1288, 233, 6.93%, 0, 0, 3, 443.30
1573638379, 0, 4, 1293, 1292, 233, 6.93%, 0, 0, 3, 447.18
1573638384, 0, 4, 1297, 1296, 233, 6.93%, 0, 0, 3, 449.67
1573638389, 0, 4, 1301, 1300, 233, 6.93%, 0, 0, 3, 446.32
1573638394, 0, 20, 1303, 1301, 240, 6.93%, 0, 0, 3, 441.89
1573638399, 0, 20, 1304, 1302, 240, 6.93%, 0, 0, 3, 476.51
1573638409, 0, 20, 1312, 1310, 240, 6.95%, 0, 0, 3, 483.13
1573638415, 0, 20, 1313, 1311, 240, 6.95%, 0, 0, 3, 485.67
1573638561, 0, 20, 1314, 1312, 240, 6.95%, 0, 0, 3, 483.71
1573638642, 0, 20, 1315, 1313, 240, 6.95%, 0, 0, 3, 483.98
1573638662, 0, 20, 1316, 1314, 240, 6.95%, 0, 0, 3, 486.66
1573638687, 0, 20, 1317, 1315, 240, 6.95%, 0, 0, 3, 486.71
1573638708, 0, 20, 1318, 1316, 240, 6.95%, 0, 0, 3, 492.14
1573638713, 0, 20, 1319, 1317, 240, 6.95%, 0, 0, 3, 485.77
1573638718, 0, 20, 1320, 1318, 240, 6.95%, 0, 0, 3, 486.02
1573638728, 0, 20, 1321, 1319, 240, 6.95%, 0, 0, 3, 484.94
1573638820, 0, 20, 1322, 1320, 240, 6.95%, 0, 0, 3, 1032.99
1573639014, 0, 20, 1323, 1321, 240, 6.95%, 0, 0, 3, 1086.30
1573639122, 0, 20, 1324, 1322, 240, 6.95%, 0, 0, 3, 1021.50
1573639127, 0, 20, 1334, 1332, 240, 7.00%, 0, 0, 3, 1004.34
1573639132, 0, 20, 1340, 1338, 240, 7.01%, 0, 0, 3, 990.68
1573639137, 0, 20, 1348, 1346, 240, 7.03%, 0, 0, 3, 999.62
1573639142, 0, 20, 1356, 1354, 240, 7.04%, 0, 0, 3, 1000.65
1573639147, 0, 20, 1364, 1362, 240, 7.04%, 0, 0, 3, 996.82
1573639152, 0, 20, 1372, 1370, 240, 7.04%, 0, 0, 3, 997.63
1573639157, 0, 23, 1375, 1372, 244, 7.04%, 0, 0, 3, 992.99
1573639296, 0, 23, 1376, 1373, 244, 7.05%, 0, 0, 3, 1091.68
1573639581, 0, 23, 1377, 1374, 244, 7.05%, 0, 0, 3, 1041.40
1573639699, 0, 23, 1381, 1378, 244, 7.06%, 0, 0, 3, 999.43
1573639704, 0, 23, 1391, 1388, 244, 7.11%, 0, 0, 3, 1000.27
1573639709, 0, 23, 1402, 1399, 244, 7.13%, 0, 0, 3, 999.27
1573639714, 0, 23, 1406, 1403, 244, 7.13%, 0, 0, 3, 1003.49
1573639719, 0, 23, 1414, 1411, 244, 7.14%, 0, 0, 3, 1007.70
1573639724, 0, 23, 1419, 1416, 244, 7.14%, 0, 0, 3, 1003.38
1573639730, 0, 30, 1419, 1415, 257, 7.14%, 0, 0, 3, 1038.82
1573640267, 0, 30, 1424, 1420, 257, 7.14%, 0, 0, 3, 1014.05
1573640272, 0, 30, 1429, 1425, 257, 7.14%, 0, 0, 3, 1005.05
1573640277, 0, 30, 1431, 1427, 257, 7.14%, 0, 0, 3, 1006.26
1573640282, 0, 30, 1436, 1432, 257, 7.14%, 0, 0, 3, 1003.36
1573640287, 0, 30, 1442, 1438, 257, 7.14%, 0, 0, 3, 1003.91
1573640292, 0, 30, 1444, 1440, 257, 7.14%, 0, 0, 3, 1004.31
1573640297, 0, 33, 1447, 1442, 255, 7.14%, 0, 0, 3, 998.03
1573640302, 0, 33, 1448, 1443, 255, 7.14%, 0, 0, 3, 1053.10
1573640839, 0, 33, 1451, 1446, 255, 7.14%, 0, 0, 3, 1007.42
1573640844, 0, 33, 1455, 1450, 255, 7.14%, 0, 0, 3, 997.44
1573640849, 0, 33, 1460, 1455, 255, 7.14%, 0, 0, 3, 1006.75
1573640854, 0, 33, 1463, 1458, 255, 7.14%, 0, 0, 3, 999.72
1573640859, 0, 33, 1465, 1460, 255, 7.14%, 0, 0, 3, 1001.78
1573640869, 0, 38, 1465, 1459, 254, 7.14%, 0, 0, 3, 1035.70
1573641405, 0, 38, 1466, 1460, 254, 7.14%, 0, 0, 3, 1008.23
1573641411, 0, 38, 1469, 1463, 254, 7.14%, 0, 0, 3, 1003.41
1573641421, 0, 38, 1470, 1464, 254, 7.14%, 0, 0, 3, 999.58
1573641426, 0, 38, 1472, 1466, 254, 7.14%, 0, 0, 3, 1000.22
1573641436, 0, 64, 1473, 1466, 253, 7.14%, 0, 0, 3, 1039.65
1573641625, 0, 64, 1476, 1469, 253, 7.14%, 0, 0, 3, 1032.23
1573641630, 0, 64, 1480, 1473, 253, 7.14%, 0, 0, 3, 1014.15
1573641635, 0, 64, 1483, 1476, 253, 7.15%, 0, 0, 3, 1010.98
1573641640, 0, 64, 1484, 1477, 253, 7.15%, 0, 0, 3, 1021.51
1573641645, 0, 64, 1485, 1478, 253, 7.15%, 0, 0, 3, 1019.86
1573641651, 0, 86, 1486, 1478, 255, 7.15%, 0, 0, 3, 1123.34
1573641844, 0, 86, 1487, 1479, 255, 7.15%, 0, 0, 3, 1027.65
1573641849, 0, 86, 1496, 1488, 255, 7.15%, 0, 0, 3, 1015.02
1573641855, 0, 86, 1498, 1490, 255, 7.15%, 0, 0, 3, 1016.10
1573641860, 0, 86, 1503, 1495, 255, 7.16%, 0, 0, 3, 1012.20
1573641865, 0, 96, 1505, 1496, 257, 7.18%, 0, 0, 3, 980.14
1573642454, 0, 96, 1510, 1501, 257, 7.18%, 0, 0, 3, 980.15
1573642459, 0, 96, 1513, 1504, 257, 7.18%, 0, 0, 3, 983.43
1573642464, 0, 96, 1517, 1508, 257, 7.19%, 0, 0, 3, 980.09
1573642469, 0, 96, 1520, 1511, 257, 7.19%, 0, 0, 3, 979.25
1573642475, 0, 99, 1520, 1510, 258, 7.19%, 0, 0, 3, 968.91
1573643064, 0, 99, 1523, 1513, 258, 7.19%, 0, 0, 3, 980.60
1573643069, 0, 99, 1528, 1518, 258, 7.19%, 0, 0, 3, 981.28
1573643079, 0, 101, 1529, 1518, 257, 7.19%, 0, 0, 3, 981.12
1573643192, 0, 101, 1530, 1519, 257, 7.20%, 0, 0, 3, 970.82
1573643521, 0, 101, 1531, 1520, 257, 7.20%, 0, 0, 3, 974.62
1573643674, 0, 101, 1534, 1523, 257, 7.20%, 0, 0, 3, 976.46
1573643680, 0, 101, 1537, 1526, 257, 7.20%, 0, 0, 3, 978.66
1573643685, 0, 101, 1539, 1528, 257, 7.20%, 0, 0, 3, 980.18
1573643690, 0, 101, 1541, 1530, 257, 7.20%, 0, 0, 3, 979.66
1573643695, 0, 101, 1546, 1535, 257, 7.20%, 0, 0, 3, 978.11
1573643705, 0, 102, 1546, 1534, 257, 7.20%, 0, 0, 3, 1177.83
1573643730, 0, 102, 1550, 1538, 257, 7.20%, 0, 0, 3, 1212.40
1573643787, 0, 102, 1552, 1540, 257, 7.21%, 0, 0, 3, 1256.49
1573643797, 0, 102, 1553, 1541, 257, 7.21%, 0, 0, 3, 1242.77
1573643858, 0, 102, 1554, 1542, 257, 7.21%, 0, 0, 3, 1148.79
1573643863, 0, 102, 1555, 1543, 257, 7.21%, 0, 0, 3, 1156.90
1573643883, 0, 102, 1561, 1549, 257, 7.21%, 0, 0, 3, 1041.37
1573643888, 0, 102, 1562, 1550, 257, 7.21%, 0, 0, 3, 1024.78
1573643894, 0, 102, 1563, 1551, 257, 7.21%, 0, 0, 3, 1025.67
1573643899, 0, 102, 1566, 1554, 257, 7.21%, 0, 0, 3, 1023.05
1573643904, 0, 102, 1568, 1556, 257, 7.21%, 0, 0, 3, 1019.22
1573643909, 0, 105, 1570, 1557, 257, 7.22%, 0, 0, 3, 1005.35
1573644067, 0, 105, 1571, 1558, 257, 7.22%, 0, 0, 3, 1118.70
1573644087, 0, 105, 1573, 1560, 257, 7.22%, 0, 0, 3, 1073.86
1573644092, 0, 105, 1577, 1564, 257, 7.22%, 0, 0, 3, 1033.54
1573644097, 0, 105, 1578, 1565, 257, 7.22%, 0, 0, 3, 1017.08
1573644102, 0, 105, 1580, 1567, 257, 7.23%, 0, 0, 3, 1014.03
1573644107, 0, 105, 1581, 1568, 257, 7.23%, 0, 0, 3, 1018.34
1573644113, 0, 105, 1582, 1569, 257, 7.23%, 0, 0, 3, 1019.44
1573644118, 0, 108, 1582, 1568, 261, 7.23%, 0, 0, 3, 990.69
1573644737, 0, 108, 1584, 1570, 261, 7.24%, 0, 0, 3, 920.00
1573644752, 0, 108, 1585, 1571, 261, 7.25%, 0, 0, 3, 921.88
1573644757, 0, 108, 1586, 1572, 261, 7.25%, 0, 0, 3, 923.06
1573644762, 0, 108, 1587, 1573, 261, 7.25%, 0, 0, 3, 917.87
1573644767, 0, 115, 1587, 1572, 262, 7.25%, 0, 0, 3, 1019.73
1573644793, 0, 115, 1590, 1575, 262, 7.27%, 0, 0, 3, 1203.03
1573644971, 0, 115, 1591, 1576, 262, 7.27%, 0, 0, 3, 973.07
1573644977, 0, 115, 1592, 1577, 262, 7.27%, 0, 0, 3, 948.44
1573644982, 0, 115, 1595, 1580, 262, 7.27%, 0, 0, 3, 948.99
1573644987, 0, 116, 1595, 1579, 264, 7.27%, 0, 0, 3, 912.21
1573645243, 0, 116, 1596, 1580, 264, 7.27%, 0, 0, 3, 868.87
1573646039, 0, 117, 1596, 1579, 263, 7.27%, 0, 0, 3, 444.12
1573646095, 0, 117, 1597, 1580, 263, 7.27%, 0, 0, 3, 592.63
1573646435, 0, 117, 1599, 1582, 263, 7.27%, 0, 0, 3, 463.89
1573646445, 0, 117, 1602, 1585, 263, 7.27%, 0, 0, 3, 458.73
1573646455, 0, 117, 1604, 1587, 263, 7.27%, 0, 0, 3, 456.99
1573646460, 0, 119, 1604, 1586, 263, 7.27%, 0, 0, 3, 449.22
1573646465, 0, 119, 1605, 1587, 263, 7.27%, 0, 0, 3, 444.70
1573646541, 0, 119, 1606, 1588, 263, 7.28%, 0, 0, 3, 436.02
1573646714, 0, 119, 1607, 1589, 263, 7.28%, 0, 0, 3, 431.49
1573647444, 0, 119, 1608, 1590, 263, 7.28%, 0, 0, 3, 912.73
1573647460, 0, 120, 1608, 1589, 263, 7.28%, 0, 0, 3, 889.67
