# unix_time, cycles_done, cur_path, paths_total, pending_total, pending_favs, map_size, unique_crashes, unique_hangs, max_depth, execs_per_sec
1572440458, 0, 0, 1, 1, 1, 3.44%, 0, 0, 1, 1142.86
1572440463, 0, 0, 61, 61, 1, 5.09%, 0, 0, 2, 1247.47
1572440468, 0, 0, 93, 93, 1, 5.14%, 0, 0, 2, 1324.26
1572440489, 0, 0, 220, 220, 1, 5.63%, 0, 0, 2, 1219.92
1572440494, 0, 0, 246, 246, 1, 5.69%, 0, 0, 2, 1284.94
1572440514, 0, 0, 253, 253, 1, 5.69%, 0, 0, 2, 1299.59
1572440519, 0, 0, 275, 275, 1, 5.77%, 0, 0, 2, 1251.67
1572440524, 0, 0, 285, 285, 1, 5.78%, 0, 0, 2, 1283.08
1572440555, 0, 0, 291, 291, 1, 5.80%, 0, 0, 2, 605.44
1572440565, 0, 0, 306, 306, 1, 5.84%, 0, 0, 2, 579.52
1572440575, 0, 0, 330, 330, 1, 5.87%, 0, 0, 2, 560.39
1572440580, 0, 0, 348, 348, 1, 5.88%, 0, 0, 2, 586.64
1572440585, 0, 0, 364, 364, 1, 5.91%, 0, 0, 2, 552.44
1572440590, 0, 0, 369, 369, 1, 5.92%, 0, 0, 2, 577.88
1572440621, 0, 0, 386, 386, 1, 6.02%, 0, 0, 2, 515.51
1572440626, 0, 0, 402, 402, 1, 6.04%, 0, 0, 2, 564.96
1572440631, 0, 0, 403, 403, 1, 6.04%, 0, 0, 2, 529.75
1572440637, 0, 0, 406, 406, 1, 6.05%, 0, 0, 2, 562.70
1572440642, 0, 0, 411, 411, 1, 6.06%, 0, 0, 2, 562.42
1572440647, 0, 0, 414, 414, 1, 6.06%, 0, 0, 2, 570.57
1572440652, 0, 0, 418, 418, 1, 6.06%, 0, 0, 2, 562.44
1572440667, 0, 0, 419, 419, 1, 6.06%, 0, 0, 2, 543.42
1572440672, 0, 0, 421, 421, 1, 6.07%, 0, 0, 2, 563.76
1572440677, 0, 0, 427, 427, 1, 6.07%, 0, 0, 2, 553.27
1572440687, 0, 0, 432, 432, 1, 6.07%, 0, 0, 2, 547.48
1572440718, 0, 0, 435, 435, 1, 6.07%, 0, 0, 2, 474.45
1572440728, 0, 0, 444, 444, 1, 6.11%, 0, 0, 2, 538.79
1572440733, 0, 0, 445, 445, 1, 6.11%, 0, 0, 2, 537.39
1572440738, 0, 0, 600, 600, 1, 6.46%, 0, 0, 2, 493.88
1572440744, 0, 0, 783, 783, 1, 6.55%, 0, 0, 2, 475.99
1572440749, 0, 0, 897, 897, 1, 6.68%, 0, 0, 2, 460.43
1572440754, 0, 0, 956, 956, 1, 6.72%, 0, 0, 2, 453.80
1572440759, 0, 0, 1009, 1009, 1, 6.74%, 0, 0, 2, 442.73
1572440764, 0, 0, 1048, 1048, 1, 6.78%, 0, 0, 2, 444.85
1572440769, 0, 0, 1083, 1083, 1, 6.79%, 0, 0, 2, 443.37
1572440774, 0, 0, 1102, 1102, 1, 6.81%, 0, 0, 2, 440.34
1572440779, 0, 0, 1127, 1127, 1, 6.82%, 0, 0, 2, 441.42
1572440784, 0, 0, 1146, 1146, 1, 6.83%, 0, 0, 2, 437.67
1572440789, 0, 0, 1164, 1164, 1, 6.84%, 0, 0, 2, 442.71
1572440794, 0, 0, 1175, 1175, 1, 6.86%, 0, 0, 2, 440.11
1572440800, 0, 0, 1189, 1189, 1, 6.86%, 0, 0, 2, 443.72
1572440805, 0, 0, 1200, 1200, 1, 6.86%, 0, 0, 2, 440.43
1572440810, 0, 0, 1209, 1209, 1, 6.87%, 0, 0, 2, 441.46
1572440815, 0, 0, 1217, 1217, 1, 6.88%, 0, 0, 2, 434.76
1572440820, 0, 0, 1225, 1225, 1, 6.88%, 0, 0, 2, 434.06
1572440825, 0, 4, 1230, 1229, 219, 6.88%, 0, 0, 2, 448.04
1572440846, 0, 4, 1231, 1230, 219, 6.88%, 0, 0, 3, 425.53
1572440927, 0, 4, 1232, 1231, 219, 6.88%, 0, 0, 3, 420.10
1572441137, 0, 4, 1233, 1232, 219, 6.88%, 0, 0, 3, 421.02
1572441163, 0, 4, 1235, 1234, 219, 6.88%, 0, 0, 3, 423.10
1572441168, 0, 4, 1236, 1235, 219, 6.88%, 0, 0, 3, 418.99
1572441229, 0, 4, 1237, 1236, 219, 6.88%, 0, 0, 3, 413.30
1572441316, 0, 4, 1238, 1237, 219, 6.88%, 0, 0, 3, 418.75
1572441696, 0, 4, 1239, 1238, 219, 6.88%, 0, 0, 3, 932.87
1572441777, 0, 4, 1241, 1240, 219, 6.88%, 0, 0, 3, 934.13
1572441782, 0, 4, 1256, 1255, 219, 6.90%, 0, 0, 3, 936.43
1572441787, 0, 4, 1264, 1263, 219, 6.90%, 0, 0, 3, 949.65
1572441792, 0, 4, 1276, 1275, 219, 6.90%, 0, 0, 3, 945.89
1572441797, 0, 4, 1288, 1287, 219, 7.00%, 0, 0, 3, 952.37
1572441802, 0, 4, 1296, 1295, 219, 7.00%, 0, 0, 3, 957.61
1572441807, 0, 4, 1308, 1307, 219, 7.00%, 0, 0, 3, 954.53
1572441812, 0, 11, 1315, 1313, 224, 7.00%, 0, 0, 3, 953.16
1572442420, 0, 11, 1320, 1318, 224, 7.01%, 0, 0, 3, 944.29
1572442425, 0, 11, 1325, 1323, 224, 7.01%, 0, 0, 3, 945.37
1572442430, 0, 11, 1330, 1328, 224, 7.01%, 0, 0, 3, 952.83
1572442435, 0, 11, 1339, 1337, 224, 7.04%, 0, 0, 3, 952.31
1572442441, 0, 11, 1351, 1349, 224, 7.04%, 0, 0, 3, 951.23
1572442446, 0, 11, 1353, 1351, 224, 7.04%, 0, 0, 3, 953.92
1572442451, 0, 11, 1357, 1355, 224, 7.04%, 0, 0, 3, 953.82
1572442456, 0, 24, 1362, 1359, 234, 7.05%, 0, 0, 3, 995.46
1572442461, 0, 24, 1369, 1366, 234, 7.07%, 0, 0, 3, 1021.43
1572442476, 0, 24, 1370, 1367, 234, 7.07%, 0, 0, 3, 1015.78
1572442532, 0, 24, 1372, 1369, 234, 7.07%, 0, 0, 3, 1029.49
1572442573, 0, 24, 1373, 1370, 234, 7.07%, 0, 0, 3, 1017.76
1572442583, 0, 24, 1374, 1371, 234, 7.07%, 0, 0, 3, 1027.26
1572442593, 0, 24, 1375, 1372, 234, 7.07%, 0, 0, 3, 1030.23
1572442598, 0, 24, 1376, 1373, 234, 7.08%, 0, 0, 3, 1056.40
1572442604, 0, 24, 1378, 1375, 234, 7.08%, 0, 0, 3, 1039.16
1572442609, 0, 24, 1379, 1376, 234, 7.08%, 0, 0, 3, 1034.13
1572442614, 0, 24, 1380, 1377, 234, 7.08%, 0, 0, 3, 1030.12
1572442904, 0, 24, 1381, 1378, 234, 7.08%, 0, 0, 3, 984.93
1572443021, 0, 24, 1390, 1387, 234, 7.08%, 0, 0, 3, 969.73
1572443026, 0, 24, 1392, 1389, 234, 7.08%, 0, 0, 3, 967.48
1572443031, 0, 24, 1401, 1398, 234, 7.09%, 0, 0, 3, 956.91
1572443036, 0, 24, 1408, 1405, 234, 7.10%, 0, 0, 3, 951.59
1572443041, 0, 24, 1413, 1410, 234, 7.11%, 0, 0, 3, 952.82
1572443047, 0, 24, 1418, 1415, 234, 7.12%, 0, 0, 3, 941.90
1572443052, 0, 49, 1423, 1419, 240, 7.12%, 0, 0, 3, 937.65
1572443057, 0, 97, 1423, 1417, 239, 7.12%, 0, 0, 3, 942.08
1572443676, 0, 113, 1423, 1413, 235, 7.12%, 0, 0, 3, 951.24
1572443681, 0, 115, 1423, 1412, 234, 7.12%, 0, 0, 3, 1149.21
1572443707, 0, 115, 1426, 1415, 234, 7.14%, 0, 0, 3, 1196.75
1572444012, 0, 117, 1426, 1414, 236, 7.14%, 0, 0, 3, 448.45
1572444017, 0, 119, 1427, 1414, 235, 7.14%, 0, 0, 3, 434.25
1572444098, 0, 119, 1429, 1416, 235, 7.14%, 0, 0, 3, 395.10
1572444220, 0, 119, 1430, 1417, 235, 7.14%, 0, 0, 3, 378.08
1572444291, 0, 119, 1431, 1418, 235, 7.14%, 0, 0, 3, 394.04
1572444490, 0, 119, 1432, 1419, 235, 7.14%, 0, 0, 3, 942.84
1572445105, 0, 119, 1433, 1420, 235, 7.14%, 0, 0, 3, 397.49
1572445120, 0, 119, 1436, 1423, 235, 7.15%, 0, 0, 3, 406.37
1572445125, 0, 119, 1439, 1426, 235, 7.15%, 0, 0, 3, 406.79
1572445131, 0, 119, 1441, 1428, 235, 7.15%, 0, 0, 3, 407.10
1572445136, 0, 119, 1442, 1429, 235, 7.15%, 0, 0, 3, 408.09
1572445141, 0, 119, 1443, 1430, 235, 7.15%, 0, 0, 3, 405.44
1572445146, 0, 119, 1444, 1431, 235, 7.15%, 0, 0, 3, 404.78
1572445151, 0, 119, 1446, 1433, 235, 7.15%, 0, 0, 3, 406.98
1572445156, 0, 119, 1449, 1436, 235, 7.15%, 0, 0, 3, 407.17
1572445161, 0, 119, 1452, 1439, 235, 7.16%, 0, 0, 3, 401.32
1572445166, 0, 119, 1454, 1441, 235, 7.16%, 0, 0, 3, 401.03
1572445171, 0, 119, 1457, 1444, 235, 7.16%, 0, 0, 3, 402.37
1572445176, 0, 119, 1459, 1446, 235, 7.16%, 0, 0, 3, 409.25
1572445181, 0, 119, 1460, 1447, 235, 7.16%, 0, 0, 3, 401.65
1572445186, 0, 119, 1461, 1448, 235, 7.16%, 0, 0, 3, 404.00
1572445191, 0, 119, 1463, 1450, 235, 7.16%, 0, 0, 3, 409.63
1572445196, 0, 119, 1465, 1452, 235, 7.16%, 0, 0, 3, 413.38
1572445202, 0, 122, 1465, 1450, 240, 7.16%, 0, 0, 3, 449.56
1572445207, 0, 124, 1466, 1450, 240, 7.16%, 0, 0, 3, 440.51
1572445222, 0, 124, 1467, 1451, 240, 7.17%, 0, 0, 3, 442.61
1572445283, 0, 124, 1468, 1452, 240, 7.17%, 0, 0, 3, 433.65
1572445303, 0, 124, 1469, 1453, 240, 7.17%, 0, 0, 3, 441.17
1572446020, 0, 130, 1469, 1451, 240, 7.17%, 0, 0, 3, 962.63
1572446061, 0, 130, 1471, 1453, 240, 7.39%, 0, 0, 3, 900.47
1572446102, 0, 130, 1473, 1455, 240, 7.41%, 0, 0, 3, 912.83
1572446143, 0, 130, 1474, 1456, 240, 7.41%, 0, 0, 3, 915.06
1572446266, 0, 130, 1475, 1457, 240, 7.41%, 0, 0, 3, 917.13
1572446652, 0, 142, 1475, 1453, 240, 7.41%, 0, 0, 3, 949.20
1572446657, 0, 149, 1475, 1449, 236, 7.41%, 0, 0, 3, 955.76
1572446662, 0, 170, 1475, 1445, 232, 7.41%, 0, 0, 3, 958.01
1572446667, 0, 198, 1475, 1440, 227, 7.41%, 0, 0, 3, 962.17
1572446672, 0, 252, 1475, 1438, 225, 7.41%, 0, 0, 3, 1095.76
1572446728, 0, 252, 1476, 1439, 225, 7.41%, 0, 0, 3, 1236.43
1572446759, 0, 252, 1477, 1440, 225, 7.41%, 0, 0, 3, 1222.11
1572446774, 0, 252, 1478, 1441, 225, 7.41%, 0, 0, 3, 1200.04
1572446820, 0, 252, 1479, 1442, 225, 7.41%, 0, 0, 3, 1154.73
1572446870, 0, 260, 1479, 1440, 224, 7.41%, 0, 0, 3, 1004.57
1572446901, 0, 260, 1481, 1442, 224, 7.43%, 0, 0, 3, 1203.79
1572446988, 0, 260, 1482, 1443, 224, 7.43%, 0, 0, 3, 1086.17
1572447059, 0, 260, 1484, 1445, 224, 7.43%, 0, 0, 3, 990.91
1572447064, 0, 268, 1484, 1444, 224, 7.43%, 0, 0, 3, 1086.06
1572447089, 0, 268, 1485, 1445, 224, 7.43%, 0, 0, 3, 1224.07
1572447186, 0, 268, 1487, 1447, 224, 7.44%, 0, 0, 3, 1121.94
1572447262, 0, 268, 1488, 1448, 224, 7.44%, 0, 0, 3, 1011.13
1572447267, 0, 273, 1489, 1447, 225, 7.44%, 0, 0, 3, 1104.77
1572447328, 0, 273, 1490, 1448, 225, 7.44%, 0, 0, 3, 1238.18
1572447354, 0, 273, 1491, 1449, 225, 7.44%, 0, 0, 3, 1216.82
1572447466, 0, 274, 1492, 1449, 226, 7.44%, 0, 0, 3, 1020.91
1572447664, 0, 274, 1494, 1451, 226, 7.44%, 0, 0, 3, 1016.49
1572447669, 0, 274, 1495, 1452, 226, 7.44%, 0, 0, 3, 989.50
1572447674, 0, 274, 1496, 1453, 226, 7.44%, 0, 0, 3, 987.85
1572447679, 0, 274, 1499, 1456, 226, 7.44%, 0, 0, 3, 984.70
1572447684, 0, 274, 1501, 1458, 226, 7.45%, 0, 0, 3, 981.43
1572447690, 0, 288, 1501, 1455, 226, 7.45%, 0, 0, 3, 964.87
1572447695, 0, 318, 1501, 1450, 221, 7.45%, 0, 0, 3, 960.13
1572447700, 0, 356, 1501, 1446, 217, 7.45%, 0, 0, 3, 955.15
1572447705, 0, 360, 1501, 1444, 215, 7.45%, 0, 0, 3, 1077.83
1572447730, 0, 360, 1506, 1449, 215, 7.45%, 0, 0, 3, 1203.97
1572447736, 0, 360, 1508, 1451, 215, 7.45%, 0, 0, 3, 1157.93
1572447807, 0, 360, 1512, 1455, 215, 7.45%, 0, 0, 3, 1165.44
1572447822, 0, 360, 1513, 1456, 215, 7.45%, 0, 0, 3, 1096.28
1572447883, 0, 360, 1514, 1457, 215, 7.45%, 0, 0, 3, 1102.34
1572447908, 0, 364, 1514, 1454, 215, 7.45%, 0, 0, 3, 930.07
1572447914, 0, 370, 1514, 1450, 211, 7.45%, 0, 0, 3, 912.22
1572447919, 0, 377, 1514, 1446, 207, 7.45%, 0, 0, 3, 913.93
1572447955, 0, 377, 1515, 1447, 207, 7.45%, 0, 0, 3, 538.10
1572448103, 0, 377, 1516, 1448, 207, 7.45%, 0, 0, 3, 473.54
1572448118, 0, 377, 1517, 1449, 207, 7.45%, 0, 0, 3, 471.82
1572448169, 0, 377, 1518, 1450, 207, 7.46%, 0, 0, 3, 445.38
1572448362, 0, 377, 1520, 1452, 207, 7.46%, 0, 0, 3, 425.87
1572448372, 0, 381, 1520, 1451, 208, 7.46%, 0, 0, 3, 474.58
1572448444, 0, 381, 1521, 1452, 208, 7.46%, 0, 0, 3, 477.36
1572448657, 0, 381, 1522, 1453, 208, 7.47%, 0, 0, 3, 452.88
1572448662, 0, 381, 1523, 1454, 208, 7.47%, 0, 0, 3, 474.56
1572448856, 0, 395, 1523, 1452, 207, 7.47%, 0, 0, 3, 436.83
1572448861, 0, 404, 1523, 1450, 205, 7.47%, 0, 0, 3, 452.78
1572448866, 0, 417, 1523, 1448, 203, 7.47%, 0, 0, 3, 464.08
1572448871, 0, 437, 1523, 1446, 201, 7.47%, 0, 0, 3, 472.14
1572448876, 0, 441, 1523, 1444, 199, 7.47%, 0, 0, 3, 463.85
1572449338, 0, 441, 1527, 1448, 199, 7.47%, 0, 0, 3, 421.60
1572449344, 0, 441, 1529, 1450, 199, 7.47%, 0, 0, 3, 413.44
1572449354, 0, 441, 1530, 1451, 199, 7.47%, 0, 0, 3, 412.66
1572449359, 0, 441, 1532, 1453, 199, 7.47%, 0, 0, 3, 412.82
1572449374, 0, 441, 1533, 1454, 199, 7.47%, 0, 0, 3, 411.88
1572449379, 0, 441, 1534, 1455, 199, 7.47%, 0, 0, 3, 417.21
1572449384, 0, 441, 1535, 1456, 199, 7.48%, 0, 0, 3, 415.24
1572449389, 0, 441, 1536, 1457, 199, 7.48%, 0, 0, 3, 412.04
1572449399, 0, 441, 1538, 1459, 199, 7.48%, 0, 0, 3, 411.63
1572449404, 0, 441, 1540, 1461, 199, 7.48%, 0, 0, 3, 411.46
1572449409, 0, 441, 1542, 1463, 199, 7.48%, 0, 0, 3, 411.27
1572449414, 0, 448, 1543, 1463, 204, 7.48%, 0, 0, 3, 413.41
1572449420, 0, 455, 1543, 1462, 203, 7.48%, 0, 0, 3, 430.37
1572449724, 0, 455, 1544, 1463, 203, 7.48%, 0, 0, 3, 884.15
1572450225, 0, 476, 1545, 1463, 203, 7.48%, 0, 0, 3, 903.95
1572450828, 0, 479, 1545, 1462, 203, 7.48%, 0, 0, 3, 947.64
1572451581, 0, 480, 1545, 1461, 202, 7.48%, 0, 0, 3, 1024.73
1572452101, 0, 491, 1545, 1460, 201, 7.48%, 0, 0, 3, 1159.57
1572452219, 0, 491, 1547, 1462, 201, 7.48%, 0, 0, 3, 1165.51
1572452224, 0, 491, 1550, 1465, 201, 7.49%, 0, 0, 3, 1155.51
1572452229, 0, 491, 1552, 1467, 201, 7.49%, 0, 0, 3, 1153.82
1572452234, 0, 491, 1557, 1472, 201, 7.49%, 0, 0, 3, 1144.09
1572452244, 0, 491, 1558, 1473, 201, 7.49%, 0, 0, 3, 1146.77
1572452249, 0, 496, 1562, 1476, 206, 7.50%, 0, 0, 3, 1010.77
1572452306, 0, 496, 1563, 1477, 206, 7.50%, 0, 0, 3, 920.04
1572453076, 0, 509, 1563, 1476, 205, 7.50%, 0, 0, 3, 419.38
1572453375, 0, 509, 1565, 1478, 205, 7.50%, 0, 0, 3, 401.80
1572453492, 0, 509, 1566, 1479, 205, 7.50%, 0, 0, 3, 402.75
1572454523, 0, 509, 1568, 1481, 205, 7.50%, 0, 0, 3, 404.75
1572454533, 0, 563, 1568, 1480, 205, 7.50%, 0, 0, 3, 424.36
1572455241, 0, 563, 1569, 1481, 205, 7.50%, 0, 0, 3, 970.96
1572455354, 0, 571, 1569, 1480, 204, 7.50%, 0, 0, 3, 977.59
1572455476, 0, 571, 1570, 1481, 204, 7.50%, 0, 0, 3, 997.57
1572455668, 0, 571, 1571, 1482, 204, 7.51%, 0, 0, 3, 1019.34
1572456099, 0, 603, 1571, 1481, 204, 7.51%, 0, 0, 3, 981.15
1572456331, 0, 603, 1572, 1482, 204, 7.51%, 0, 0, 3, 960.69
1572456619, 0, 603, 1573, 1483, 204, 7.51%, 0, 0, 3, 969.72
1572456711, 0, 604, 1573, 1482, 205, 7.51%, 0, 0, 3, 961.90
1572457327, 0, 604, 1576, 1485, 205, 7.51%, 0, 0, 3, 929.09
1572457332, 0, 604, 1577, 1486, 205, 7.51%, 0, 0, 3, 940.10
1572457337, 0, 604, 1580, 1489, 205, 7.51%, 0, 0, 3, 938.42
1572457352, 0, 604, 1583, 1492, 205, 7.51%, 0, 0, 3, 945.59
1572457357, 0, 604, 1584, 1493, 205, 7.51%, 0, 0, 3, 939.83
1572457362, 0, 639, 1584, 1492, 204, 7.51%, 0, 0, 3, 928.39
1572458008, 0, 639, 1586, 1494, 204, 7.51%, 0, 0, 3, 927.38
1572458013, 0, 681, 1586, 1493, 204, 7.51%, 0, 0, 3, 1114.19
1572458130, 0, 684, 1586, 1492, 204, 7.51%, 0, 0, 3, 1092.31
1572458567, 0, 705, 1586, 1491, 203, 7.51%, 0, 0, 3, 962.35
1572459826, 0, 717, 1586, 1490, 202, 7.51%, 0, 0, 3, 423.23
1572460601, 0, 717, 1587, 1491, 202, 7.52%, 0, 0, 3, 412.05
1572460631, 0, 717, 1588, 1492, 202, 7.52%, 0, 0, 3, 408.80
1572461486, 0, 717, 1590, 1494, 202, 7.52%, 0, 0, 3, 978.35
1572461491, 0, 717, 1593, 1497, 202, 7.52%, 0, 0, 3, 985.36
1572461501, 0, 717, 1594, 1498, 202, 7.52%, 0, 0, 3, 987.90
1572461506, 0, 717, 1596, 1500, 202, 7.52%, 0, 0, 3, 988.59
1572461511, 0, 717, 1599, 1503, 202, 7.52%, 0, 0, 3, 987.61
1572461522, 0, 719, 1599, 1502, 205, 7.52%, 0, 0, 3, 948.28
1572461527, 0, 719, 1600, 1503, 205, 7.52%, 0, 0, 3, 934.73
1572461664, 0, 719, 1601, 1504, 205, 7.52%, 0, 0, 3, 930.58
1572461669, 0, 719, 1602, 1505, 205, 7.52%, 0, 0, 3, 920.66
1572461786, 0, 719, 1604, 1507, 205, 7.53%, 0, 0, 3, 929.81
1572462136, 0, 737, 1604, 1506, 206, 7.53%, 0, 0, 3, 883.89
1572462141, 0, 737, 1606, 1508, 206, 7.53%, 0, 0, 3, 865.43
1572462275, 0, 737, 1607, 1509, 206, 7.53%, 0, 0, 3, 858.94
1572462697, 0, 737, 1608, 1510, 206, 7.53%, 0, 0, 3, 888.75
1572462733, 0, 737, 1610, 1512, 206, 7.53%, 0, 0, 3, 857.60
1572462856, 0, 780, 1610, 1511, 206, 7.53%, 0, 0, 3, 1071.00
1572463077, 0, 793, 1610, 1510, 206, 7.53%, 0, 0, 3, 1119.51
1572463467, 0, 797, 1610, 1509, 205, 7.53%, 0, 0, 3, 1079.48
1572463861, 0, 801, 1611, 1509, 204, 7.53%, 0, 0, 3, 1090.55
1572464297, 0, 832, 1611, 1508, 203, 7.53%, 0, 0, 3, 985.85
1572464466, 0, 832, 1612, 1509, 203, 7.53%, 0, 0, 3, 895.82
1572464492, 0, 832, 1613, 1510, 203, 7.53%, 0, 0, 3, 893.13
1572465903, 0, 837, 1613, 1509, 202, 7.53%, 0, 0, 3, 416.26
1572467425, 0, 838, 1613, 1508, 201, 7.53%, 0, 0, 3, 434.76
1572468131, 0, 841, 1613, 1507, 201, 7.53%, 0, 0, 3, 994.06
1572468188, 0, 841, 1614, 1508, 201, 7.54%, 0, 0, 3, 1173.04
1572468342, 0, 841, 1615, 1509, 201, 7.54%, 0, 0, 3, 1155.10
1572468347, 0, 861, 1615, 1508, 202, 7.54%, 0, 0, 3, 986.46
1572468353, 0, 861, 1617, 1510, 202, 7.54%, 0, 0, 3, 924.74
1572468930, 0, 862, 1617, 1509, 202, 7.54%, 0, 0, 3, 952.80
1572469479, 0, 862, 1619, 1511, 202, 7.54%, 0, 0, 3, 977.25
1572469510, 0, 871, 1619, 1510, 203, 7.54%, 0, 0, 3, 945.31
1572470153, 0, 883, 1619, 1509, 202, 7.54%, 0, 0, 3, 929.92
1572470405, 0, 883, 1620, 1510, 202, 7.54%, 0, 0, 3, 994.06
1572470626, 0, 883, 1621, 1511, 202, 7.54%, 0, 0, 3, 1009.23
1572470698, 0, 883, 1622, 1512, 202, 7.54%, 0, 0, 3, 998.31
1572470729, 0, 891, 1623, 1512, 201, 7.54%, 0, 0, 3, 946.30
1572470739, 0, 891, 1624, 1513, 201, 7.54%, 0, 0, 3, 859.41
1572470897, 0, 891, 1625, 1514, 201, 7.54%, 0, 0, 3, 380.72
1572471830, 0, 893, 1625, 1513, 201, 7.54%, 0, 0, 3, 452.62
1572472054, 0, 893, 1626, 1514, 201, 7.54%, 0, 0, 3, 427.53
1572472166, 0, 893, 1627, 1515, 201, 7.54%, 0, 0, 3, 429.81
1572472176, 0, 893, 1628, 1516, 201, 7.54%, 0, 0, 3, 454.40
1572472573, 0, 895, 1628, 1515, 201, 7.54%, 0, 0, 3, 439.88
1572473120, 0, 895, 1629, 1516, 201, 7.54%, 0, 0, 3, 398.69
1572473759, 0, 895, 1630, 1517, 201, 7.54%, 0, 0, 3, 732.80
1572473871, 0, 901, 1630, 1516, 201, 7.54%, 0, 0, 3, 1040.34
1572474546, 0, 902, 1632, 1517, 200, 7.54%, 0, 0, 3, 998.45
1572475610, 0, 904, 1632, 1516, 199, 7.54%, 0, 0, 3, 837.08
1572476461, 0, 913, 1632, 1515, 198, 7.54%, 0, 0, 3, 849.73
1572477795, 0, 942, 1632, 1514, 197, 7.54%, 0, 0, 3, 395.79
1572479570, 0, 968, 1632, 1513, 196, 7.54%, 0, 0, 3, 423.35
1572480671, 0, 971, 1632, 1512, 195, 7.54%, 0, 0, 3, 922.62
1572480681, 0, 971, 1633, 1513, 195, 7.54%, 0, 0, 3, 882.83
1572480844, 0, 971, 1634, 1514, 195, 7.54%, 0, 0, 3, 873.93
1572481377, 0, 976, 1634, 1513, 196, 7.54%, 0, 0, 3, 1093.14
1572481599, 0, 980, 1634, 1512, 195, 7.54%, 0, 0, 3, 1135.21
1572481697, 0, 980, 1635, 1513, 195, 7.55%, 0, 0, 3, 1126.72
1572482096, 0, 995, 1635, 1512, 195, 7.55%, 0, 0, 3, 1079.20
1572482746, 0, 1006, 1635, 1511, 194, 7.55%, 0, 0, 3, 1112.75
1572482848, 0, 1027, 1635, 1510, 193, 7.55%, 0, 0, 3, 1061.51
1572483374, 0, 1039, 1635, 1509, 192, 7.55%, 0, 0, 3, 829.88
1572483517, 0, 1039, 1636, 1510, 192, 7.55%, 0, 0, 3, 368.38
1572484044, 0, 1039, 1637, 1511, 192, 7.55%, 0, 0, 3, 367.06
1572485010, 0, 1047, 1638, 1511, 193, 7.55%, 0, 0, 3, 377.10
1572485329, 0, 1047, 1639, 1512, 193, 7.55%, 0, 0, 3, 394.38
1572485653, 0, 1047, 1640, 1513, 193, 7.55%, 0, 0, 3, 387.53
1572486512, 0, 1052, 1641, 1513, 194, 7.55%, 0, 0, 3, 413.22
1572486989, 0, 1075, 1641, 1512, 193, 7.55%, 0, 0, 3, 973.55
1572487014, 0, 1075, 1642, 1513, 193, 7.55%, 0, 0, 3, 954.33
1572487844, 0, 1080, 1642, 1512, 193, 7.55%, 0, 0, 3, 970.23
1572487942, 0, 1080, 1643, 1513, 193, 7.55%, 0, 0, 3, 968.19
1572488420, 0, 1085, 1643, 1512, 193, 7.55%, 0, 0, 3, 1021.15
1572488569, 0, 1085, 1644, 1513, 193, 7.56%, 0, 0, 3, 1056.61
1572489250, 0, 1085, 1649, 1518, 193, 7.57%, 0, 0, 3, 1043.08
1572489256, 0, 1085, 1651, 1520, 193, 7.57%, 0, 0, 3, 1036.06
1572489261, 0, 1085, 1655, 1524, 193, 7.57%, 0, 0, 3, 1034.69
1572489276, 0, 1085, 1656, 1525, 193, 7.57%, 0, 0, 3, 1033.45
1572489281, 0, 1097, 1656, 1524, 194, 7.57%, 0, 0, 3, 1003.22
1572489291, 0, 1097, 1657, 1525, 194, 7.57%, 0, 0, 3, 934.41
1572489652, 0, 1097, 1658, 1526, 194, 7.57%, 0, 0, 3, 928.22
1572490895, 0, 1103, 1658, 1525, 194, 7.57%, 0, 0, 3, 406.27
1572491488, 0, 1103, 1659, 1526, 194, 7.57%, 0, 0, 3, 361.18
1572491681, 0, 1103, 1661, 1528, 194, 7.57%, 0, 0, 3, 363.88
1572491686, 0, 1103, 1663, 1530, 194, 7.58%, 0, 0, 3, 361.15
1572492789, 0, 1103, 1664, 1531, 194, 7.58%, 0, 0, 3, 359.36
1572492794, 0, 1111, 1664, 1530, 197, 7.58%, 0, 0, 3, 404.42
1572492809, 0, 1111, 1665, 1531, 197, 7.58%, 0, 0, 3, 374.79
1572493718, 0, 1117, 1665, 1530, 197, 7.58%, 0, 0, 3, 904.85
1572493953, 0, 1117, 1666, 1531, 197, 7.58%, 0, 0, 3, 892.37
1572493963, 0, 1117, 1667, 1532, 197, 7.58%, 0, 0, 3, 901.19
1572494341, 0, 1121, 1667, 1531, 197, 7.58%, 0, 0, 3, 927.63
1572494949, 0, 1121, 1668, 1532, 197, 7.58%, 0, 0, 3, 956.32
1572494954, 0, 1135, 1668, 1531, 196, 7.58%, 0, 0, 3, 1051.52
1572495484, 0, 1158, 1668, 1530, 195, 7.58%, 0, 0, 3, 1026.12
1572495490, 0, 1158, 1669, 1531, 195, 7.58%, 0, 0, 3, 1009.13
1572496057, 0, 1162, 1669, 1530, 194, 7.58%, 0, 0, 3, 943.62
1572496099, 0, 1162, 1670, 1531, 194, 7.58%, 0, 0, 3, 858.40
1572496506, 0, 1162, 1671, 1532, 194, 7.59%, 0, 0, 3, 381.69
1572497343, 0, 1172, 1671, 1531, 194, 7.59%, 0, 0, 3, 401.66
1572497567, 0, 1172, 1672, 1532, 194, 7.59%, 0, 0, 3, 381.21
1572497582, 0, 1172, 1673, 1533, 194, 7.59%, 0, 0, 3, 382.97
1572497740, 0, 1172, 1674, 1534, 194, 7.59%, 0, 0, 3, 374.04
1572498766, 0, 1172, 1675, 1535, 194, 7.59%, 0, 0, 3, 388.46
1572498771, 0, 1175, 1675, 1534, 196, 7.59%, 0, 0, 3, 409.33
1572498791, 0, 1175, 1676, 1535, 196, 7.59%, 0, 0, 3, 363.76
1572498872, 0, 1175, 1677, 1536, 196, 7.59%, 0, 0, 3, 364.33
1572498978, 0, 1175, 1679, 1538, 196, 7.60%, 0, 0, 3, 361.68
1572499080, 0, 1175, 1680, 1539, 196, 7.60%, 0, 0, 3, 366.64
1572499583, 0, 1175, 1681, 1540, 196, 7.62%, 0, 0, 3, 862.76
1572500138, 0, 1175, 1682, 1541, 196, 7.62%, 0, 0, 3, 867.43
1572500143, 0, 1180, 1682, 1540, 196, 7.62%, 0, 0, 3, 910.71
1572500183, 0, 1180, 1683, 1541, 196, 7.62%, 0, 0, 3, 992.35
1572500259, 0, 1180, 1684, 1542, 196, 7.62%, 0, 0, 3, 987.04
1572500588, 0, 1180, 1685, 1543, 196, 7.62%, 0, 0, 3, 999.38
1572500594, 0, 1180, 1687, 1545, 196, 7.62%, 0, 0, 3, 1020.01
1572500599, 0, 1190, 1687, 1544, 196, 7.62%, 0, 0, 3, 972.16
1572501282, 0, 1190, 1688, 1545, 196, 7.62%, 0, 0, 3, 927.36
1572501482, 0, 1205, 1690, 1546, 196, 7.62%, 0, 0, 3, 947.54
1572502212, 0, 1206, 1691, 1546, 196, 7.62%, 0, 0, 3, 970.14
1572502228, 0, 1206, 1692, 1547, 196, 7.62%, 0, 0, 3, 957.08
1572503177, 0, 1206, 1693, 1548, 196, 7.62%, 0, 0, 3, 403.14
1572503192, 0, 1206, 1694, 1549, 196, 7.62%, 0, 0, 3, 404.02
1572503432, 0, 1209, 1694, 1548, 196, 7.62%, 0, 0, 3, 414.54
1572504158, 0, 1209, 1695, 1549, 196, 7.62%, 0, 0, 3, 388.48
1572505216, 0, 1219, 1695, 1548, 196, 7.62%, 0, 0, 3, 412.80
1572505318, 0, 1219, 1696, 1549, 196, 7.62%, 0, 0, 3, 372.73
1572506339, 0, 1223, 1696, 1548, 196, 7.62%, 0, 0, 3, 829.86
1572506384, 0, 1223, 1697, 1549, 196, 7.62%, 0, 0, 3, 778.74
1572506706, 0, 1223, 1698, 1550, 196, 7.62%, 0, 0, 3, 789.29
1572506893, 0, 1223, 1699, 1551, 196, 7.62%, 0, 0, 3, 785.71
1572507356, 0, 1223, 1703, 1555, 196, 7.62%, 0, 0, 3, 808.69
1572507361, 0, 1223, 1704, 1556, 196, 7.62%, 0, 0, 3, 815.92
1572507367, 0, 1223, 1705, 1557, 196, 7.62%, 0, 0, 3, 815.39
1572507372, 0, 1223, 1706, 1558, 196, 7.62%, 0, 0, 3, 814.85
1572507377, 0, 1223, 1707, 1559, 196, 7.62%, 0, 0, 3, 814.98
1572507382, 0, 1224, 1707, 1558, 198, 7.62%, 0, 0, 3, 781.20
1572507387, 0, 1242, 1707, 1557, 197, 7.62%, 0, 0, 3, 1072.93
1572507485, 0, 1244, 1707, 1556, 196, 7.62%, 0, 0, 3, 1121.23
1572507608, 0, 1248, 1707, 1555, 195, 7.62%, 0, 0, 3, 1158.71
1572507613, 0, 1251, 1707, 1554, 194, 7.62%, 0, 0, 3, 994.54
1572507618, 0, 1251, 1708, 1555, 194, 7.62%, 0, 0, 4, 954.12
1572507693, 0, 1251, 1709, 1556, 194, 7.62%, 0, 0, 4, 946.50
1572507764, 0, 1251, 1711, 1558, 194, 7.62%, 0, 0, 4, 945.81
1572508220, 0, 1252, 1711, 1557, 193, 7.62%, 0, 0, 4, 874.88
1572508225, 0, 1252, 1712, 1558, 193, 7.62%, 0, 0, 4, 786.60
1572509207, 0, 1263, 1712, 1557, 193, 7.62%, 0, 0, 4, 834.49
1572510233, 0, 1263, 1713, 1558, 193, 7.63%, 0, 0, 4, 390.62
1572510533, 0, 1264, 1714, 1558, 193, 7.63%, 0, 0, 4, 495.35
1572510974, 0, 1264, 1715, 1559, 193, 7.63%, 0, 0, 4, 454.29
1572511477, 0, 1266, 1715, 1558, 193, 7.63%, 0, 0, 4, 464.95
1572512878, 0, 1268, 1715, 1557, 192, 7.63%, 0, 0, 4, 1024.97
1572513586, 0, 1274, 1715, 1556, 191, 7.63%, 0, 0, 4, 1037.99
1572513591, 0, 1274, 1716, 1557, 191, 7.63%, 0, 0, 4, 1010.58
1572514035, 0, 1274, 1717, 1558, 191, 7.63%, 0, 0, 4, 1001.75
1572514116, 0, 1278, 1717, 1557, 191, 7.63%, 0, 0, 4, 994.46
1572514565, 0, 1278, 1719, 1559, 191, 7.63%, 0, 0, 4, 1009.18
1572514570, 0, 1278, 1720, 1560, 191, 7.63%, 0, 0, 4, 996.53
1572514575, 0, 1282, 1720, 1559, 191, 7.63%, 0, 0, 4, 959.57
1572514616, 0, 1282, 1722, 1561, 191, 7.63%, 0, 0, 4, 932.78
1572514697, 0, 1282, 1724, 1563, 191, 7.64%, 0, 0, 4, 920.82
1572514702, 0, 1282, 1725, 1564, 191, 7.64%, 0, 0, 4, 912.54
1572514845, 0, 1282, 1728, 1567, 191, 7.68%, 0, 0, 4, 927.80
1572514850, 0, 1282, 1730, 1569, 191, 7.70%, 0, 0, 4, 927.81
1572515197, 0, 1282, 1733, 1572, 191, 7.70%, 0, 0, 4, 938.23
1572515202, 0, 1282, 1736, 1575, 191, 7.70%, 0, 0, 4, 945.61
1572515207, 0, 1282, 1738, 1577, 191, 7.70%, 0, 0, 4, 941.59
1572515212, 0, 1282, 1739, 1578, 191, 7.70%, 0, 0, 4, 943.43
1572515217, 0, 1282, 1741, 1580, 191, 7.70%, 0, 0, 4, 942.83
1572515232, 0, 1286, 1742, 1580, 199, 7.70%, 0, 0, 4, 929.96
1572515273, 0, 1286, 1743, 1581, 199, 7.71%, 0, 0, 4, 926.41
1572515354, 0, 1286, 1744, 1582, 199, 7.71%, 0, 0, 4, 916.82
1572515585, 0, 1286, 1745, 1583, 199, 7.71%, 0, 0, 4, 923.22
1572516019, 0, 1286, 1746, 1584, 199, 7.71%, 0, 0, 4, 391.12
1572516389, 0, 1286, 1747, 1585, 199, 7.71%, 0, 0, 4, 390.78
1572516394, 0, 1287, 1747, 1584, 199, 7.71%, 0, 0, 4, 418.71
1572518611, 0, 1288, 1747, 1583, 198, 7.71%, 0, 0, 4, 460.65
1572519565, 0, 1291, 1747, 1582, 196, 7.71%, 0, 0, 4, 1021.57
1572519811, 0, 1292, 1748, 1582, 195, 7.71%, 0, 0, 4, 1094.13
1572520026, 0, 1299, 1749, 1582, 195, 7.71%, 0, 0, 4, 1064.49
1572520123, 0, 1299, 1751, 1584, 195, 7.72%, 0, 0, 4, 1036.33
1572520580, 0, 1299, 1752, 1585, 195, 7.72%, 0, 0, 4, 1039.68
1572520803, 0, 1302, 1752, 1584, 197, 7.72%, 0, 0, 4, 976.21
1572521384, 0, 1303, 1752, 1583, 196, 7.72%, 0, 0, 4, 949.06
1572521399, 0, 1303, 1755, 1586, 196, 7.72%, 0, 0, 4, 923.91
1572521440, 0, 1303, 1756, 1587, 196, 7.72%, 0, 0, 4, 924.15
1572521604, 0, 1303, 1758, 1589, 196, 7.72%, 0, 0, 4, 918.48
1572522003, 0, 1313, 1758, 1588, 196, 7.72%, 0, 0, 4, 971.38
1572522135, 0, 1313, 1759, 1589, 196, 7.72%, 0, 0, 4, 994.39
1572522699, 0, 1313, 1760, 1590, 196, 7.72%, 0, 0, 4, 716.01
1572523114, 0, 1314, 1760, 1589, 196, 7.72%, 0, 0, 4, 212.17
1572523125, 0, 1315, 1760, 1588, 195, 7.72%, 0, 0, 4, 345.21
1572524743, 0, 1321, 1760, 1587, 194, 7.72%, 0, 0, 4, 462.25
1572525961, 0, 1322, 1760, 1586, 193, 7.72%, 0, 0, 4, 452.54
1572526327, 0, 1322, 1761, 1587, 193, 7.73%, 0, 0, 4, 402.87
1572526813, 0, 1336, 1761, 1586, 194, 7.73%, 0, 0, 4, 977.55
