# unix_time, cycles_done, cur_path, paths_total, pending_total, pending_favs, map_size, unique_crashes, unique_hangs, max_depth, execs_per_sec
1572033123, 0, 0, 1, 1, 1, 3.44%, 0, 0, 1, 1333.33
1572033128, 0, 0, 67, 67, 1, 5.10%, 0, 0, 2, 1309.60
1572033134, 0, 0, 93, 93, 1, 5.14%, 0, 0, 2, 1356.49
1572033149, 0, 0, 94, 94, 1, 5.15%, 0, 0, 2, 1340.46
1572033154, 0, 0, 233, 233, 1, 5.66%, 0, 0, 2, 1211.20
1572033159, 0, 0, 246, 246, 1, 5.69%, 0, 0, 2, 1292.56
1572033180, 0, 0, 254, 254, 1, 5.69%, 0, 0, 2, 1290.92
1572033185, 0, 0, 275, 275, 1, 5.77%, 0, 0, 2, 1256.20
1572033190, 0, 0, 285, 285, 1, 5.78%, 0, 0, 2, 1305.12
1572033210, 0, 0, 291, 291, 1, 5.80%, 0, 0, 2, 1291.36
1572033215, 0, 0, 306, 306, 1, 5.84%, 0, 0, 2, 1276.77
1572033220, 0, 0, 351, 351, 1, 5.88%, 0, 0, 2, 1264.66
1572033225, 0, 0, 369, 369, 1, 5.92%, 0, 0, 2, 1245.13
1572033241, 0, 0, 399, 399, 1, 6.04%, 0, 0, 2, 1132.61
1572033246, 0, 0, 406, 406, 1, 6.05%, 0, 0, 2, 1164.01
1572033251, 0, 0, 414, 414, 1, 6.06%, 0, 0, 2, 1200.42
1572033256, 0, 0, 418, 418, 1, 6.06%, 0, 0, 2, 1219.05
1572033261, 0, 0, 419, 419, 1, 6.06%, 0, 0, 2, 1157.68
1572033266, 0, 0, 427, 427, 1, 6.07%, 0, 0, 2, 1177.70
1572033271, 0, 0, 432, 432, 1, 6.07%, 0, 0, 2, 1177.78
1572033287, 0, 0, 436, 436, 1, 6.07%, 0, 0, 2, 1136.51
1572033292, 0, 0, 452, 452, 1, 6.12%, 0, 0, 2, 1067.01
1572033297, 0, 0, 819, 819, 1, 6.62%, 0, 0, 2, 999.09
1572033302, 0, 0, 985, 985, 1, 6.70%, 0, 0, 2, 1005.64
1572033307, 0, 0, 1063, 1063, 1, 6.74%, 0, 0, 2, 975.29
1572033312, 0, 0, 1113, 1113, 1, 6.81%, 0, 0, 2, 1002.26
1572033317, 0, 0, 1148, 1148, 1, 6.84%, 0, 0, 2, 988.17
1572033322, 0, 0, 1168, 1168, 1, 6.85%, 0, 0, 2, 985.52
1572033327, 0, 0, 1192, 1192, 1, 6.86%, 0, 0, 2, 993.88
1572033332, 0, 4, 1209, 1208, 230, 6.95%, 0, 0, 2, 989.40
1572033343, 0, 4, 1210, 1209, 230, 6.95%, 0, 0, 3, 942.75
1572033420, 0, 4, 1211, 1210, 230, 6.95%, 0, 0, 3, 946.59
1572033460, 0, 4, 1212, 1211, 230, 6.95%, 0, 0, 3, 939.73
1572033465, 0, 4, 1213, 1212, 230, 6.95%, 0, 0, 3, 919.34
1572033476, 0, 4, 1214, 1213, 230, 6.95%, 0, 0, 3, 946.13
1572033486, 0, 4, 1215, 1214, 230, 6.95%, 0, 0, 3, 938.46
1572033491, 0, 4, 1217, 1216, 230, 6.95%, 0, 0, 3, 941.72
1572033820, 0, 4, 1218, 1217, 230, 6.95%, 0, 0, 3, 982.26
1572033831, 0, 4, 1219, 1218, 230, 6.95%, 0, 0, 3, 939.34
1572033866, 0, 4, 1220, 1219, 230, 6.95%, 0, 0, 3, 925.73
1572033947, 0, 4, 1222, 1221, 230, 6.95%, 0, 0, 3, 923.35
1572033952, 0, 4, 1238, 1237, 230, 6.99%, 0, 0, 3, 944.16
1572033957, 0, 4, 1246, 1245, 230, 6.99%, 0, 0, 3, 951.52
1572033963, 0, 4, 1259, 1258, 230, 6.99%, 0, 0, 3, 906.70
1572033968, 0, 4, 1266, 1265, 230, 6.99%, 0, 0, 3, 906.05
1572033973, 0, 4, 1278, 1277, 230, 7.02%, 0, 0, 3, 890.26
1572033978, 0, 4, 1290, 1289, 230, 7.02%, 0, 0, 3, 932.47
1572033983, 0, 23, 1301, 1299, 236, 7.02%, 0, 0, 3, 946.25
1572033988, 0, 23, 1302, 1300, 236, 7.02%, 0, 0, 3, 1012.65
1572033993, 0, 23, 1309, 1307, 236, 7.04%, 0, 0, 3, 1033.00
1572033998, 0, 23, 1310, 1308, 236, 7.04%, 0, 0, 3, 1032.87
1572034064, 0, 23, 1312, 1310, 236, 7.04%, 0, 0, 3, 1010.22
1572034105, 0, 23, 1313, 1311, 236, 7.04%, 0, 0, 3, 1013.27
1572034115, 0, 23, 1314, 1312, 236, 7.04%, 0, 0, 3, 1048.18
1572034125, 0, 23, 1315, 1313, 236, 7.04%, 0, 0, 3, 1010.28
1572034130, 0, 23, 1316, 1314, 236, 7.04%, 0, 0, 3, 1057.97
1572034135, 0, 23, 1318, 1316, 236, 7.04%, 0, 0, 3, 1043.49
1572034140, 0, 23, 1319, 1317, 236, 7.04%, 0, 0, 3, 1031.38
1572034145, 0, 23, 1321, 1319, 236, 7.04%, 0, 0, 3, 1015.32
1572034155, 0, 23, 1323, 1321, 236, 7.04%, 0, 0, 3, 1027.65
1572034441, 0, 23, 1324, 1322, 236, 7.04%, 0, 0, 3, 1022.63
1572034552, 0, 23, 1325, 1323, 236, 7.04%, 0, 0, 3, 1003.09
1572034557, 0, 23, 1333, 1331, 236, 7.05%, 0, 0, 3, 959.43
1572034563, 0, 23, 1346, 1344, 236, 7.07%, 0, 0, 3, 935.43
1572034568, 0, 23, 1352, 1350, 236, 7.07%, 0, 0, 3, 956.72
1572034573, 0, 23, 1358, 1356, 236, 7.08%, 0, 0, 3, 927.52
1572034578, 0, 23, 1364, 1362, 236, 7.09%, 0, 0, 3, 949.02
1572034583, 0, 23, 1368, 1366, 236, 7.09%, 0, 0, 3, 913.67
1572034588, 0, 23, 1373, 1371, 236, 7.09%, 0, 0, 3, 928.94
1572034593, 0, 30, 1375, 1372, 250, 7.09%, 0, 0, 3, 959.57
1572034598, 0, 30, 1376, 1373, 250, 7.09%, 0, 0, 3, 971.91
1572034603, 0, 30, 1377, 1374, 250, 7.09%, 0, 0, 3, 1007.86
1572035167, 0, 34, 1377, 1373, 249, 7.09%, 0, 0, 3, 862.33
1572035172, 0, 34, 1378, 1374, 249, 7.09%, 0, 0, 3, 1000.37
1572035746, 0, 38, 1378, 1373, 248, 7.09%, 0, 0, 3, 948.17
1572035781, 0, 38, 1379, 1374, 248, 7.09%, 0, 0, 3, 1008.66
1572036319, 0, 38, 1381, 1376, 248, 7.10%, 0, 0, 3, 971.23
1572036324, 0, 38, 1388, 1383, 248, 7.10%, 0, 0, 3, 974.21
1572036329, 0, 38, 1391, 1386, 248, 7.10%, 0, 0, 3, 889.98
1572036334, 0, 38, 1399, 1394, 248, 7.10%, 0, 0, 3, 916.88
1572036339, 0, 38, 1405, 1400, 248, 7.10%, 0, 0, 3, 954.74
1572036344, 0, 38, 1409, 1404, 248, 7.10%, 0, 0, 3, 953.98
1572036349, 0, 38, 1414, 1409, 248, 7.10%, 0, 0, 3, 957.61
1572036355, 0, 49, 1415, 1409, 249, 7.10%, 0, 0, 3, 1020.74
1572036553, 0, 49, 1419, 1413, 249, 7.11%, 0, 0, 3, 983.08
1572036558, 0, 49, 1423, 1417, 249, 7.11%, 0, 0, 3, 888.61
1572036563, 0, 49, 1427, 1421, 249, 7.11%, 0, 0, 3, 923.93
1572036568, 0, 49, 1432, 1426, 249, 7.11%, 0, 0, 3, 905.60
1572036573, 0, 49, 1434, 1428, 249, 7.11%, 0, 0, 3, 893.36
1572036578, 0, 49, 1439, 1433, 249, 7.11%, 0, 0, 3, 882.93
1572036583, 0, 49, 1443, 1437, 249, 7.11%, 0, 0, 3, 958.89
1572036588, 0, 59, 1446, 1439, 251, 7.11%, 0, 0, 3, 1090.89
1572036786, 0, 59, 1449, 1442, 251, 7.11%, 0, 0, 3, 1049.08
1572036791, 0, 59, 1457, 1450, 251, 7.12%, 0, 0, 3, 991.71
1572036796, 0, 59, 1467, 1460, 251, 7.12%, 0, 0, 3, 982.76
1572036801, 0, 59, 1469, 1462, 251, 7.12%, 0, 0, 3, 978.61
1572036806, 0, 59, 1470, 1463, 251, 7.12%, 0, 0, 3, 970.85
1572036811, 0, 59, 1473, 1466, 251, 7.12%, 0, 0, 3, 969.38
1572036817, 0, 59, 1478, 1471, 251, 7.15%, 0, 0, 3, 980.72
1572036822, 0, 98, 1479, 1471, 255, 7.15%, 0, 0, 3, 952.74
1572037452, 0, 99, 1479, 1470, 254, 7.15%, 0, 0, 3, 870.86
1572038087, 0, 99, 1483, 1474, 254, 7.16%, 0, 0, 3, 927.80
1572038092, 0, 99, 1485, 1476, 254, 7.16%, 0, 0, 3, 904.69
1572038097, 0, 99, 1489, 1480, 254, 7.18%, 0, 0, 3, 935.15
1572038103, 0, 99, 1490, 1481, 254, 7.18%, 0, 0, 3, 948.59
1572038108, 0, 99, 1494, 1485, 254, 7.18%, 0, 0, 3, 944.44
1572038113, 0, 99, 1496, 1487, 254, 7.18%, 0, 0, 3, 933.66
1572038118, 0, 99, 1500, 1491, 254, 7.18%, 0, 0, 3, 903.16
1572038123, 0, 101, 1500, 1490, 254, 7.18%, 0, 0, 3, 908.14
1572038240, 0, 101, 1501, 1491, 254, 7.19%, 0, 0, 3, 932.01
1572038586, 0, 101, 1502, 1492, 254, 7.19%, 0, 0, 3, 943.68
1572038743, 0, 102, 1502, 1491, 254, 7.19%, 0, 0, 3, 928.05
1572038773, 0, 102, 1506, 1495, 254, 7.19%, 0, 0, 3, 1086.95
1572038834, 0, 102, 1508, 1497, 254, 7.19%, 0, 0, 3, 1175.10
1572038844, 0, 102, 1510, 1499, 254, 7.19%, 0, 0, 3, 1200.78
1572038910, 0, 102, 1512, 1501, 254, 7.20%, 0, 0, 3, 1084.66
1572038936, 0, 105, 1512, 1500, 257, 7.20%, 0, 0, 3, 1116.25
1572039023, 0, 105, 1513, 1501, 257, 7.20%, 0, 0, 3, 1147.44
1572039104, 0, 105, 1514, 1502, 257, 7.20%, 0, 0, 3, 1130.25
1572039124, 0, 108, 1514, 1501, 257, 7.20%, 0, 0, 3, 968.57
1572039751, 0, 111, 1515, 1501, 256, 7.20%, 0, 0, 3, 934.22
1572039792, 0, 111, 1516, 1502, 256, 7.20%, 0, 0, 3, 893.90
1572040056, 0, 111, 1517, 1503, 256, 7.20%, 0, 0, 3, 914.55
1572040382, 0, 115, 1517, 1502, 255, 7.20%, 0, 0, 3, 932.41
1572040412, 0, 115, 1520, 1505, 255, 7.22%, 0, 0, 3, 1199.35
1572040585, 0, 115, 1524, 1509, 255, 7.23%, 0, 0, 3, 1021.22
1572040596, 0, 115, 1526, 1511, 255, 7.23%, 0, 0, 3, 991.01
1572040601, 0, 115, 1527, 1512, 255, 7.23%, 0, 0, 3, 986.59
1572040606, 0, 115, 1530, 1515, 255, 7.23%, 0, 0, 3, 988.88
1572040611, 0, 115, 1533, 1518, 255, 7.23%, 0, 0, 3, 979.63
1572040616, 0, 117, 1533, 1517, 259, 7.23%, 0, 0, 3, 970.88
1572040646, 0, 117, 1534, 1518, 259, 7.24%, 0, 0, 3, 1194.79
1572040804, 0, 119, 1534, 1517, 259, 7.24%, 0, 0, 3, 946.41
1572040845, 0, 119, 1535, 1518, 259, 7.24%, 0, 0, 3, 919.53
1572040885, 0, 119, 1536, 1519, 259, 7.24%, 0, 0, 3, 926.41
1572040896, 0, 119, 1537, 1520, 259, 7.24%, 0, 0, 3, 927.09
1572040921, 0, 119, 1538, 1521, 259, 7.24%, 0, 0, 3, 923.08
1572040982, 0, 119, 1539, 1522, 259, 7.24%, 0, 0, 3, 846.94
1572041054, 0, 119, 1540, 1523, 259, 7.24%, 0, 0, 3, 904.50
1572041442, 0, 121, 1540, 1522, 260, 7.24%, 0, 0, 3, 937.23
1572042078, 0, 121, 1543, 1525, 260, 7.24%, 0, 0, 3, 936.40
1572042083, 0, 121, 1550, 1532, 260, 7.24%, 0, 0, 3, 942.41
1572042088, 0, 121, 1553, 1535, 260, 7.25%, 0, 0, 3, 886.58
1572042093, 0, 121, 1554, 1536, 260, 7.27%, 0, 0, 3, 900.16
1572042098, 0, 121, 1555, 1537, 260, 7.27%, 0, 0, 3, 932.98
1572042108, 0, 121, 1557, 1539, 260, 7.27%, 0, 0, 3, 917.96
1572042113, 0, 129, 1557, 1538, 263, 7.27%, 0, 0, 3, 1079.63
1572042139, 0, 129, 1558, 1539, 263, 7.27%, 0, 0, 3, 1164.04
1572042297, 0, 130, 1558, 1538, 262, 7.27%, 0, 0, 3, 945.47
1572042333, 0, 130, 1559, 1539, 262, 7.49%, 0, 0, 3, 880.48
1572042373, 0, 130, 1561, 1541, 262, 7.50%, 0, 0, 3, 910.83
1572042419, 0, 130, 1562, 1542, 262, 7.50%, 0, 0, 3, 815.25
1572042547, 0, 130, 1563, 1543, 262, 7.50%, 0, 0, 3, 837.82
1572042939, 0, 132, 1563, 1542, 265, 7.50%, 0, 0, 3, 969.88
1572043138, 0, 132, 1564, 1543, 265, 7.50%, 0, 0, 3, 971.50
1572043143, 0, 134, 1564, 1542, 264, 7.50%, 0, 0, 3, 931.75
1572043179, 0, 134, 1565, 1543, 264, 7.51%, 0, 0, 3, 929.03
1572043225, 0, 134, 1566, 1544, 264, 7.51%, 0, 0, 3, 836.39
1572043781, 0, 136, 1566, 1543, 264, 7.51%, 0, 0, 3, 988.63
1572043811, 0, 136, 1567, 1544, 264, 7.51%, 0, 0, 3, 1158.48
1572043984, 0, 137, 1567, 1543, 263, 7.51%, 0, 0, 3, 970.85
1572044066, 0, 137, 1568, 1544, 263, 7.51%, 0, 0, 3, 905.90
1572044234, 0, 137, 1569, 1545, 263, 7.51%, 0, 0, 3, 908.93
1572044612, 0, 137, 1571, 1547, 263, 7.51%, 0, 0, 3, 932.58
1572044617, 0, 139, 1572, 1547, 263, 7.51%, 0, 0, 3, 954.99
1572044647, 0, 139, 1573, 1548, 263, 7.51%, 0, 0, 3, 1151.89
1572044814, 0, 143, 1573, 1547, 263, 7.51%, 0, 0, 3, 1062.99
1572044844, 0, 143, 1575, 1549, 263, 7.51%, 0, 0, 3, 1218.29
1572045012, 0, 144, 1575, 1548, 262, 7.51%, 0, 0, 3, 1049.69
1572045053, 0, 144, 1576, 1549, 262, 7.52%, 0, 0, 3, 900.62
1572045267, 0, 144, 1577, 1550, 262, 7.52%, 0, 0, 3, 925.94
1572045646, 0, 149, 1577, 1549, 263, 7.52%, 0, 0, 3, 928.26
1572045676, 0, 149, 1578, 1550, 263, 7.52%, 0, 0, 3, 1138.80
1572045850, 0, 153, 1578, 1549, 262, 7.52%, 0, 0, 3, 1144.33
1572045875, 0, 153, 1579, 1550, 262, 7.52%, 0, 0, 3, 1239.85
1572046048, 0, 154, 1579, 1549, 261, 7.52%, 0, 0, 3, 1138.56
1572046073, 0, 154, 1580, 1550, 261, 7.52%, 0, 0, 3, 1217.20
1572046250, 0, 157, 1581, 1550, 260, 7.52%, 0, 0, 3, 961.14
1572046307, 0, 157, 1582, 1551, 260, 7.52%, 0, 0, 3, 906.28
1572046876, 0, 160, 1583, 1551, 259, 7.52%, 0, 0, 3, 911.14
1572047508, 0, 160, 1584, 1552, 259, 7.52%, 0, 0, 3, 907.86
1572047513, 0, 166, 1584, 1551, 258, 7.52%, 0, 0, 3, 883.31
1572048144, 0, 169, 1584, 1550, 257, 7.52%, 0, 0, 3, 1103.91
1572048342, 0, 169, 1587, 1553, 257, 7.52%, 0, 0, 3, 992.45
1572048347, 0, 169, 1589, 1555, 257, 7.52%, 0, 0, 3, 962.40
1572048352, 0, 169, 1590, 1556, 257, 7.53%, 0, 0, 3, 978.14
1572048357, 0, 169, 1592, 1558, 257, 7.53%, 0, 0, 3, 979.98
1572048362, 0, 169, 1594, 1560, 257, 7.53%, 0, 0, 3, 961.19
1572048372, 0, 170, 1597, 1562, 257, 7.53%, 0, 0, 3, 973.07
1572048408, 0, 170, 1598, 1563, 257, 7.53%, 0, 0, 3, 913.21
1572048641, 0, 170, 1600, 1565, 257, 7.53%, 0, 0, 3, 925.18
1572048998, 0, 170, 1601, 1566, 257, 7.53%, 0, 0, 3, 912.99
1572049003, 0, 173, 1601, 1565, 258, 7.53%, 0, 0, 3, 919.20
1572049620, 0, 174, 1601, 1564, 257, 7.53%, 0, 0, 3, 954.91
1572050242, 0, 174, 1604, 1567, 257, 7.53%, 0, 0, 3, 944.95
1572050247, 0, 175, 1604, 1566, 256, 7.53%, 0, 0, 3, 948.85
1572050868, 0, 176, 1604, 1565, 255, 7.53%, 0, 0, 3, 953.19
1572051499, 0, 178, 1604, 1564, 254, 7.53%, 0, 0, 3, 942.78
1572052126, 0, 182, 1606, 1565, 253, 7.53%, 0, 0, 3, 956.32
1572052754, 0, 209, 1606, 1564, 252, 7.53%, 0, 0, 3, 1114.85
1572052953, 0, 212, 1606, 1563, 251, 7.53%, 0, 0, 3, 1012.06
1572052989, 0, 212, 1607, 1564, 251, 7.53%, 0, 0, 3, 1177.37
1572053156, 0, 215, 1607, 1563, 250, 7.53%, 0, 0, 3, 1088.01
1572053359, 0, 237, 1607, 1562, 249, 7.53%, 0, 0, 3, 1057.44
1572053553, 0, 240, 1607, 1561, 248, 7.53%, 0, 0, 3, 966.59
1572053752, 0, 240, 1611, 1565, 248, 7.53%, 0, 0, 3, 1002.79
1572053757, 0, 240, 1612, 1566, 248, 7.53%, 0, 0, 3, 984.37
1572053762, 0, 240, 1614, 1568, 248, 7.53%, 0, 0, 3, 979.99
1572053772, 0, 240, 1615, 1569, 248, 7.53%, 0, 0, 3, 888.59
1572053777, 0, 240, 1618, 1572, 248, 7.54%, 0, 0, 3, 947.14
1572053788, 0, 245, 1619, 1572, 249, 7.54%, 0, 0, 3, 1129.18
1572053992, 0, 252, 1619, 1571, 248, 7.54%, 0, 0, 3, 1166.60
1572054048, 0, 252, 1620, 1572, 248, 7.54%, 0, 0, 3, 1214.67
1572054078, 0, 252, 1621, 1573, 248, 7.54%, 0, 0, 3, 1160.36
1572054195, 0, 255, 1621, 1572, 249, 7.54%, 0, 0, 3, 966.33
1572054818, 0, 270, 1621, 1571, 248, 7.54%, 0, 0, 3, 1091.00
1572055021, 0, 273, 1621, 1570, 247, 7.54%, 0, 0, 3, 1167.91
1572055108, 0, 273, 1622, 1571, 247, 7.54%, 0, 0, 3, 1124.23
1572055220, 0, 274, 1623, 1571, 247, 7.54%, 0, 0, 3, 932.23
1572055424, 0, 276, 1623, 1570, 246, 7.54%, 0, 0, 3, 999.59
1572055988, 0, 281, 1623, 1569, 245, 7.54%, 0, 0, 3, 953.77
1572056187, 0, 287, 1623, 1568, 244, 7.54%, 0, 0, 3, 981.06
1572056809, 0, 288, 1624, 1568, 243, 7.54%, 0, 0, 3, 951.02
1572057078, 0, 288, 1625, 1569, 243, 7.54%, 0, 0, 3, 908.54
1572057109, 0, 288, 1626, 1570, 243, 7.54%, 0, 0, 3, 866.08
1572057436, 0, 290, 1626, 1569, 243, 7.54%, 0, 0, 3, 947.74
1572057497, 0, 290, 1627, 1570, 243, 7.54%, 0, 0, 3, 929.46
1572057558, 0, 290, 1628, 1571, 243, 7.54%, 0, 0, 3, 930.33
1572058066, 0, 291, 1629, 1571, 243, 7.54%, 0, 0, 3, 953.80
1572058107, 0, 291, 1630, 1572, 243, 7.54%, 0, 0, 3, 925.89
1572058147, 0, 291, 1631, 1573, 243, 7.54%, 0, 0, 3, 925.65
1572058341, 0, 291, 1632, 1574, 243, 7.54%, 0, 0, 3, 937.91
1572058698, 0, 293, 1632, 1573, 242, 7.54%, 0, 0, 3, 934.70
1572059329, 0, 318, 1633, 1573, 241, 7.54%, 0, 0, 3, 917.57
1572059517, 0, 318, 1634, 1574, 241, 7.54%, 0, 0, 3, 906.51
1572059948, 0, 318, 1635, 1575, 241, 7.54%, 0, 0, 3, 878.91
1572059953, 0, 318, 1637, 1577, 241, 7.54%, 0, 0, 3, 943.52
1572059959, 0, 318, 1639, 1579, 241, 7.54%, 0, 0, 3, 955.07
1572059964, 0, 318, 1640, 1580, 241, 7.54%, 0, 0, 3, 957.85
1572059969, 0, 318, 1641, 1581, 241, 7.54%, 0, 0, 3, 949.76
1572059974, 0, 318, 1642, 1582, 241, 7.54%, 0, 0, 3, 936.60
1572059979, 0, 318, 1643, 1583, 241, 7.54%, 0, 0, 3, 945.89
1572059984, 0, 319, 1644, 1583, 241, 7.54%, 0, 0, 3, 943.79
1572060604, 0, 320, 1645, 1583, 240, 7.54%, 0, 0, 3, 838.52
1572061222, 0, 324, 1645, 1582, 239, 7.54%, 0, 0, 3, 1040.42
1572061278, 0, 324, 1646, 1583, 239, 7.54%, 0, 0, 3, 1190.74
1572061426, 0, 325, 1646, 1582, 238, 7.54%, 0, 0, 3, 1064.38
1572061456, 0, 325, 1647, 1583, 238, 7.55%, 0, 0, 3, 1214.88
1572061487, 0, 325, 1648, 1584, 238, 7.55%, 0, 0, 3, 1223.68
1572061624, 0, 326, 1648, 1583, 238, 7.55%, 0, 0, 3, 1041.34
1572061686, 0, 326, 1649, 1584, 238, 7.55%, 0, 0, 3, 1226.79
1572061822, 0, 332, 1649, 1583, 238, 7.55%, 0, 0, 3, 998.07
1572062290, 0, 332, 1650, 1584, 238, 7.57%, 0, 0, 3, 1021.61
1572062392, 0, 335, 1651, 1584, 238, 7.57%, 0, 0, 3, 1032.31
1572062600, 0, 343, 1651, 1583, 237, 7.57%, 0, 0, 3, 1133.14
1572062625, 0, 343, 1652, 1584, 237, 7.57%, 0, 0, 3, 1149.30
1572062793, 0, 353, 1652, 1583, 236, 7.57%, 0, 0, 3, 1027.44
1572062996, 0, 356, 1652, 1582, 235, 7.57%, 0, 0, 3, 985.61
1572063617, 0, 358, 1652, 1581, 234, 7.57%, 0, 0, 3, 932.41
1572064247, 0, 360, 1652, 1580, 233, 7.57%, 0, 0, 3, 1112.97
1572064273, 0, 360, 1655, 1583, 233, 7.57%, 0, 0, 3, 1185.42
1572064349, 0, 360, 1659, 1587, 233, 7.57%, 0, 0, 3, 1123.46
1572064426, 0, 360, 1660, 1588, 233, 7.57%, 0, 0, 3, 1096.65
1572064451, 0, 361, 1660, 1587, 232, 7.57%, 0, 0, 3, 1022.52
1572064456, 0, 361, 1661, 1588, 232, 7.57%, 0, 0, 3, 905.18
1572064492, 0, 361, 1664, 1591, 232, 7.58%, 0, 0, 3, 877.34
1572064543, 0, 361, 1665, 1592, 232, 7.58%, 0, 0, 3, 895.29
1572065089, 0, 363, 1665, 1591, 235, 7.58%, 0, 0, 3, 939.92
1572065731, 0, 364, 1665, 1590, 234, 7.58%, 0, 0, 3, 990.88
1572065736, 0, 364, 1666, 1591, 234, 7.59%, 0, 0, 3, 1015.59
1572065875, 0, 364, 1667, 1592, 234, 7.59%, 0, 0, 3, 1012.41
1572066304, 0, 367, 1668, 1592, 234, 7.59%, 0, 0, 3, 944.02
1572066946, 0, 368, 1668, 1591, 233, 7.59%, 0, 0, 3, 929.47
1572067583, 0, 370, 1668, 1590, 232, 7.59%, 0, 0, 3, 936.39
1572068206, 0, 372, 1668, 1589, 231, 7.59%, 0, 0, 3, 931.35
1572068828, 0, 372, 1670, 1591, 231, 7.59%, 0, 0, 3, 934.30
1572068833, 0, 373, 1670, 1590, 230, 7.59%, 0, 0, 3, 931.25
1572069455, 0, 373, 1671, 1591, 230, 7.59%, 0, 0, 3, 924.51
1572069460, 0, 376, 1671, 1590, 229, 7.59%, 0, 0, 3, 920.00
1572069501, 0, 376, 1672, 1591, 229, 7.59%, 0, 0, 3, 923.38
1572069582, 0, 376, 1673, 1592, 229, 7.59%, 0, 0, 3, 905.39
1572070095, 0, 377, 1673, 1591, 229, 7.59%, 0, 0, 3, 1111.21
1572070192, 0, 377, 1674, 1592, 229, 7.59%, 0, 0, 3, 1196.33
1572070217, 0, 377, 1675, 1593, 229, 7.59%, 0, 0, 3, 1083.04
1572070299, 0, 381, 1675, 1592, 228, 7.59%, 0, 0, 3, 1015.54
1572070329, 0, 381, 1676, 1593, 228, 7.60%, 0, 0, 3, 1202.65
1572070420, 0, 381, 1677, 1594, 228, 7.60%, 0, 0, 3, 1204.32
1572070502, 0, 389, 1677, 1593, 228, 7.60%, 0, 0, 3, 1171.39
1572070619, 0, 389, 1678, 1594, 228, 7.60%, 0, 0, 3, 1112.81
1572070624, 0, 389, 1679, 1595, 228, 7.60%, 0, 0, 3, 1140.68
1572070700, 0, 391, 1679, 1594, 229, 7.60%, 0, 0, 3, 1024.77
1572070792, 0, 391, 1680, 1595, 229, 7.60%, 0, 0, 3, 1185.23
1572070903, 0, 394, 1680, 1594, 228, 7.60%, 0, 0, 3, 1186.27
1572071021, 0, 394, 1681, 1595, 228, 7.60%, 0, 0, 3, 1162.80
1572071097, 0, 395, 1681, 1594, 227, 7.60%, 0, 0, 3, 1054.68
1572071225, 0, 395, 1682, 1595, 227, 7.60%, 0, 0, 3, 1108.89
1572071301, 0, 395, 1683, 1596, 227, 7.61%, 0, 0, 3, 958.73
1572071306, 0, 396, 1683, 1595, 228, 7.61%, 0, 0, 3, 968.56
1572071504, 0, 396, 1684, 1596, 228, 7.61%, 0, 0, 3, 1057.59
1572071509, 0, 398, 1684, 1595, 228, 7.61%, 0, 0, 3, 1154.89
1572071626, 0, 398, 1685, 1596, 228, 7.61%, 0, 0, 3, 1146.24
1572071701, 0, 398, 1687, 1598, 228, 7.61%, 0, 0, 3, 1061.54
1572071707, 0, 398, 1688, 1599, 228, 7.61%, 0, 0, 3, 1006.13
1572071712, 0, 398, 1690, 1601, 228, 7.61%, 0, 0, 3, 992.68
1572071717, 0, 398, 1692, 1603, 228, 7.61%, 0, 0, 3, 977.94
1572071722, 0, 398, 1693, 1604, 228, 7.61%, 0, 0, 3, 964.09
1572071737, 0, 400, 1693, 1603, 227, 7.61%, 0, 0, 3, 1112.33
1572071768, 0, 400, 1694, 1604, 227, 7.63%, 0, 0, 3, 1225.97
1572071798, 0, 400, 1695, 1605, 227, 7.63%, 0, 0, 3, 1228.84
1572071854, 0, 400, 1699, 1609, 227, 7.65%, 0, 0, 3, 1165.25
1572071935, 0, 400, 1703, 1613, 227, 7.65%, 0, 0, 3, 987.07
1572071946, 0, 400, 1704, 1614, 227, 7.65%, 0, 0, 3, 949.02
1572071956, 0, 400, 1706, 1616, 227, 7.65%, 0, 0, 3, 966.75
1572071961, 0, 400, 1707, 1617, 227, 7.65%, 0, 0, 3, 984.15
1572071966, 0, 400, 1708, 1618, 227, 7.66%, 0, 0, 3, 993.40
1572071971, 0, 408, 1708, 1617, 228, 7.66%, 0, 0, 3, 963.14
1572072597, 0, 410, 1708, 1616, 227, 7.66%, 0, 0, 3, 925.30
1572073229, 0, 424, 1708, 1615, 226, 7.66%, 0, 0, 3, 988.60
1572073792, 0, 437, 1708, 1614, 226, 7.66%, 0, 0, 3, 967.28
1572073873, 0, 437, 1712, 1618, 226, 7.67%, 0, 0, 3, 937.14
1572074067, 0, 437, 1713, 1619, 226, 7.67%, 0, 0, 3, 924.01
1572074276, 0, 437, 1714, 1620, 226, 7.67%, 0, 0, 3, 961.92
1572074403, 0, 439, 1714, 1619, 230, 7.67%, 0, 0, 3, 953.47
1572074500, 0, 439, 1715, 1620, 230, 7.67%, 0, 0, 3, 1132.69
1572074606, 0, 441, 1715, 1619, 230, 7.67%, 0, 0, 3, 1029.93
1572074805, 0, 457, 1715, 1618, 229, 7.67%, 0, 0, 3, 957.70
1572074846, 0, 457, 1716, 1619, 229, 7.67%, 0, 0, 3, 884.74
1572075411, 0, 477, 1717, 1619, 229, 7.68%, 0, 0, 3, 1041.57
1572075767, 0, 524, 1717, 1618, 228, 7.68%, 0, 0, 3, 997.62
1572076414, 0, 524, 1720, 1621, 228, 7.68%, 0, 0, 3, 1068.56
1572076419, 0, 524, 1721, 1622, 228, 7.68%, 0, 0, 3, 1069.63
1572076429, 0, 566, 1721, 1621, 227, 7.68%, 0, 0, 3, 962.55
1572076971, 0, 566, 1722, 1622, 227, 7.68%, 0, 0, 3, 969.34
1572077058, 0, 618, 1722, 1621, 228, 7.68%, 0, 0, 3, 972.13
1572077670, 0, 672, 1722, 1620, 227, 7.68%, 0, 0, 3, 997.17
1572078381, 0, 684, 1723, 1620, 226, 7.68%, 0, 0, 3, 1046.96
1572078687, 0, 714, 1724, 1620, 225, 7.68%, 0, 0, 3, 1142.65
1572078911, 0, 723, 1724, 1619, 224, 7.68%, 0, 0, 3, 1062.17
1572079358, 0, 743, 1724, 1618, 223, 7.68%, 0, 0, 3, 877.87
1572080461, 0, 745, 1725, 1618, 222, 7.68%, 0, 0, 3, 989.95
1572080578, 0, 755, 1726, 1618, 221, 7.68%, 0, 0, 3, 1147.21
1572080792, 0, 761, 1726, 1617, 220, 7.68%, 0, 0, 3, 945.46
1572081844, 0, 773, 1726, 1616, 220, 7.68%, 0, 0, 3, 970.12
1572082069, 0, 774, 1726, 1615, 219, 7.68%, 0, 0, 3, 1153.26
1572082094, 0, 774, 1727, 1616, 219, 7.68%, 0, 0, 3, 1166.21
1572082456, 0, 779, 1728, 1616, 218, 7.68%, 0, 0, 3, 1008.68
1572083497, 0, 791, 1728, 1615, 218, 7.68%, 0, 0, 3, 841.89
1572084130, 0, 802, 1728, 1614, 217, 7.68%, 0, 0, 3, 965.08
1572084689, 0, 802, 1730, 1616, 217, 7.68%, 0, 0, 3, 974.23
1572084694, 0, 805, 1730, 1615, 216, 7.68%, 0, 0, 3, 977.26
1572085436, 0, 807, 1730, 1614, 215, 7.68%, 0, 0, 3, 1060.65
1572086256, 0, 810, 1730, 1613, 214, 7.68%, 0, 0, 3, 978.06
1572087025, 0, 810, 1731, 1614, 214, 7.68%, 0, 0, 3, 1002.99
1572087118, 0, 811, 1731, 1613, 214, 7.68%, 0, 0, 3, 927.42
1572087680, 0, 814, 1731, 1612, 214, 7.68%, 0, 0, 3, 972.01
1572087792, 0, 814, 1732, 1613, 214, 7.68%, 0, 0, 3, 1105.64
1572087930, 0, 852, 1733, 1613, 213, 7.68%, 0, 0, 3, 1108.54
1572088311, 0, 853, 1733, 1612, 212, 7.68%, 0, 0, 3, 1034.28
1572088322, 0, 853, 1734, 1613, 212, 7.68%, 0, 0, 3, 954.55
1572088393, 0, 853, 1735, 1614, 212, 7.68%, 0, 0, 3, 945.52
1572088581, 0, 853, 1736, 1615, 212, 7.68%, 0, 0, 3, 914.46
1572088922, 0, 864, 1736, 1614, 213, 7.68%, 0, 0, 3, 937.43
1572089049, 0, 864, 1737, 1615, 213, 7.68%, 0, 0, 3, 953.29
1572089069, 0, 864, 1738, 1616, 213, 7.68%, 0, 0, 3, 947.25
1572089508, 0, 865, 1738, 1615, 213, 7.68%, 0, 0, 3, 911.50
1572089595, 0, 865, 1739, 1616, 213, 7.68%, 0, 0, 3, 915.97
1572090180, 0, 868, 1739, 1615, 212, 7.68%, 0, 0, 3, 918.34
1572090995, 0, 876, 1739, 1614, 211, 7.68%, 0, 0, 3, 926.45
1572091694, 0, 880, 1739, 1613, 210, 7.68%, 0, 0, 3, 1052.16
1572091801, 0, 880, 1740, 1614, 210, 7.69%, 0, 0, 3, 1143.74
1572091826, 0, 880, 1741, 1615, 210, 7.69%, 0, 0, 3, 1070.36
1572091831, 0, 898, 1741, 1614, 210, 7.69%, 0, 0, 3, 1030.97
1572092300, 0, 906, 1741, 1613, 209, 7.69%, 0, 0, 3, 988.53
1572092422, 0, 906, 1742, 1614, 209, 7.70%, 0, 0, 3, 1013.80
1572092755, 0, 910, 1742, 1613, 208, 7.70%, 0, 0, 3, 1021.57
1572093273, 0, 930, 1742, 1612, 208, 7.70%, 0, 0, 3, 1127.82
1572093696, 0, 939, 1742, 1611, 207, 7.70%, 0, 0, 3, 987.29
1572093798, 0, 939, 1743, 1612, 207, 7.70%, 0, 0, 3, 928.45
1572094486, 0, 959, 1743, 1611, 207, 7.70%, 0, 0, 3, 969.28
1572094894, 0, 959, 1744, 1612, 207, 7.70%, 0, 0, 3, 1057.49
1572094899, 0, 973, 1745, 1612, 206, 7.70%, 0, 0, 3, 987.65
1572094945, 0, 973, 1746, 1613, 206, 7.70%, 0, 0, 3, 850.67
1572095632, 0, 973, 1747, 1614, 206, 7.70%, 0, 0, 3, 923.29
1572095805, 0, 990, 1747, 1613, 205, 7.70%, 0, 0, 3, 987.74
1572096411, 0, 997, 1747, 1612, 204, 7.70%, 0, 0, 3, 962.94
1572096965, 0, 1001, 1747, 1611, 203, 7.70%, 0, 0, 3, 1017.38
1572097546, 0, 1003, 1747, 1610, 202, 7.70%, 0, 0, 3, 1063.93
1572097944, 0, 1006, 1747, 1609, 201, 7.70%, 0, 0, 3, 1016.27
1572098418, 0, 1006, 1748, 1610, 201, 7.70%, 0, 0, 3, 938.29
1572098515, 0, 1011, 1748, 1609, 200, 7.70%, 0, 0, 3, 1046.02
1572099133, 0, 1018, 1748, 1608, 199, 7.70%, 0, 0, 3, 1029.45
1572099422, 0, 1018, 1749, 1609, 199, 7.70%, 0, 0, 3, 930.29
1572099814, 0, 1025, 1749, 1608, 199, 7.70%, 0, 0, 3, 939.49
1572100714, 0, 1027, 1749, 1607, 198, 7.70%, 0, 0, 3, 861.90
1572101510, 0, 1030, 1750, 1607, 197, 7.70%, 0, 0, 3, 926.89
1572101541, 0, 1030, 1751, 1608, 197, 7.70%, 0, 0, 3, 967.01
1572101546, 0, 1030, 1752, 1609, 197, 7.71%, 0, 0, 3, 973.42
1572101607, 0, 1030, 1753, 1610, 197, 7.71%, 0, 0, 3, 953.16
1572101973, 0, 1030, 1754, 1611, 197, 7.71%, 0, 0, 3, 959.13
1572102100, 0, 1038, 1754, 1610, 195, 7.71%, 0, 0, 3, 977.46
1572102598, 0, 1040, 1754, 1609, 194, 7.71%, 0, 0, 3, 940.17
1572102715, 0, 1041, 1754, 1608, 193, 7.71%, 0, 0, 3, 1144.40
1572103345, 0, 1061, 1754, 1607, 192, 7.71%, 0, 0, 3, 775.91
1572104284, 0, 1061, 1755, 1608, 192, 7.71%, 0, 0, 3, 718.95
1572104453, 0, 1063, 1755, 1607, 192, 7.71%, 0, 0, 3, 981.60
1572104509, 0, 1063, 1756, 1608, 192, 7.71%, 0, 0, 3, 1063.12
1572104722, 0, 1073, 1756, 1607, 191, 7.71%, 0, 0, 3, 1071.23
1572105517, 0, 1076, 1756, 1606, 190, 7.71%, 0, 0, 3, 998.88
1572106276, 0, 1077, 1756, 1605, 189, 7.71%, 0, 0, 3, 985.14
1572106455, 0, 1077, 1757, 1606, 189, 7.71%, 0, 0, 3, 867.68
1572107311, 0, 1086, 1758, 1606, 188, 7.71%, 0, 0, 3, 974.69
1572107514, 0, 1087, 1758, 1605, 187, 7.71%, 0, 0, 3, 1018.17
1572108038, 0, 1091, 1758, 1604, 186, 7.71%, 0, 0, 3, 927.12
1572108802, 0, 1093, 1758, 1603, 185, 7.71%, 0, 0, 3, 871.67
1572109536, 0, 1103, 1758, 1602, 184, 7.71%, 0, 0, 3, 892.14
1572110115, 0, 1107, 1759, 1602, 183, 7.71%, 0, 0, 3, 1096.95
1572110680, 0, 1108, 1759, 1601, 182, 7.71%, 0, 0, 3, 936.64
1572110762, 0, 1108, 1760, 1602, 182, 7.71%, 0, 0, 3, 913.72
1572111052, 0, 1108, 1761, 1603, 182, 7.71%, 0, 0, 3, 938.25
1572111306, 0, 1111, 1761, 1602, 182, 7.71%, 0, 0, 3, 1019.55
1572111397, 0, 1111, 1762, 1603, 182, 7.71%, 0, 0, 3, 1163.94
1572111489, 0, 1112, 1762, 1602, 181, 7.71%, 0, 0, 3, 1113.54
1572111555, 0, 1112, 1763, 1603, 181, 7.71%, 0, 0, 3, 1099.59
1572112037, 0, 1127, 1763, 1602, 181, 7.71%, 0, 0, 3, 1033.02
1572112068, 0, 1127, 1764, 1603, 181, 7.71%, 0, 0, 3, 1206.78
1572112256, 0, 1136, 1764, 1602, 181, 7.71%, 0, 0, 3, 1116.94
1572112592, 0, 1137, 1764, 1601, 180, 7.71%, 0, 0, 3, 883.36
1572113214, 0, 1143, 1766, 1602, 179, 7.71%, 0, 0, 3, 977.55
1572113520, 0, 1143, 1767, 1603, 179, 7.71%, 0, 0, 3, 1103.48
1572113723, 0, 1145, 1767, 1602, 178, 7.71%, 0, 0, 3, 975.82
1572114524, 0, 1150, 1767, 1601, 177, 7.71%, 0, 0, 3, 904.89
1572114626, 0, 1150, 1768, 1602, 177, 7.71%, 0, 0, 3, 1141.56
1572114717, 0, 1151, 1768, 1601, 176, 7.71%, 0, 0, 3, 967.66
1572115319, 0, 1151, 1769, 1602, 176, 7.71%, 0, 0, 3, 860.20
1572115426, 0, 1153, 1769, 1601, 176, 7.71%, 0, 0, 3, 854.61
1572115467, 0, 1153, 1770, 1602, 176, 7.71%, 0, 0, 3, 746.23
1572115585, 0, 1153, 1771, 1603, 176, 7.71%, 0, 0, 3, 800.53
1572116229, 0, 1153, 1772, 1604, 176, 7.71%, 0, 0, 3, 834.00
1572116234, 0, 1162, 1772, 1603, 176, 7.71%, 0, 0, 3, 1098.88
1572116443, 0, 1164, 1772, 1602, 175, 7.71%, 0, 0, 3, 1017.78
1572116479, 0, 1164, 1773, 1603, 175, 7.71%, 0, 0, 3, 963.98
1572117515, 0, 1169, 1773, 1602, 174, 7.71%, 0, 0, 3, 912.92
1572117744, 0, 1169, 1774, 1603, 174, 7.71%, 0, 0, 3, 916.10
1572118197, 0, 1172, 1775, 1603, 173, 7.71%, 0, 0, 3, 1054.60
1572118227, 0, 1172, 1776, 1604, 173, 7.71%, 0, 0, 3, 1048.05
1572118634, 0, 1175, 1776, 1603, 172, 7.71%, 0, 0, 3, 980.25
1572119170, 0, 1178, 1776, 1602, 171, 7.71%, 0, 0, 3, 934.82
1572119211, 0, 1178, 1777, 1603, 171, 7.71%, 0, 0, 3, 926.83
