# unix_time, cycles_done, cur_path, paths_total, pending_total, pending_favs, map_size, unique_crashes, unique_hangs, max_depth, execs_per_sec
1572440485, 0, 0, 1, 1, 1, 3.44%, 0, 0, 1, 1333.33
1572440490, 0, 0, 60, 60, 1, 5.09%, 0, 0, 2, 1272.08
1572440495, 0, 0, 93, 93, 1, 5.14%, 0, 0, 2, 1304.75
1572440516, 0, 0, 202, 202, 1, 5.60%, 0, 0, 2, 1206.04
1572440521, 0, 0, 246, 246, 1, 5.69%, 0, 0, 2, 1286.71
1572440551, 0, 0, 251, 251, 1, 5.69%, 0, 0, 2, 610.11
1572440556, 0, 0, 254, 254, 1, 5.69%, 0, 0, 2, 593.35
1572440561, 0, 0, 275, 275, 1, 5.77%, 0, 0, 2, 583.32
1572440571, 0, 0, 285, 285, 1, 5.78%, 0, 0, 2, 609.42
1572440617, 0, 0, 291, 291, 1, 5.80%, 0, 0, 2, 600.34
1572440622, 0, 0, 306, 306, 1, 5.84%, 0, 0, 2, 563.59
1572440632, 0, 0, 321, 321, 1, 5.85%, 0, 0, 2, 555.78
1572440637, 0, 0, 342, 342, 1, 5.88%, 0, 0, 2, 578.83
1572440642, 0, 0, 358, 358, 1, 5.89%, 0, 0, 2, 565.83
1572440647, 0, 0, 369, 369, 1, 5.92%, 0, 0, 2, 569.72
1572440677, 0, 0, 376, 376, 1, 5.92%, 0, 0, 2, 523.86
1572440682, 0, 0, 401, 401, 1, 6.04%, 0, 0, 2, 534.96
1572440687, 0, 0, 403, 403, 1, 6.04%, 0, 0, 2, 584.22
1572440693, 0, 0, 406, 406, 1, 6.05%, 0, 0, 2, 540.98
1572440698, 0, 0, 410, 410, 1, 6.06%, 0, 0, 2, 561.08
1572440703, 0, 0, 414, 414, 1, 6.06%, 0, 0, 2, 556.91
1572440708, 0, 0, 418, 418, 1, 6.06%, 0, 0, 2, 566.38
1572440728, 0, 0, 421, 421, 1, 6.07%, 0, 0, 2, 543.01
1572440733, 0, 0, 426, 426, 1, 6.07%, 0, 0, 2, 533.96
1572440738, 0, 0, 427, 427, 1, 6.07%, 0, 0, 2, 589.49
1572440743, 0, 0, 432, 432, 1, 6.07%, 0, 0, 2, 546.06
1572440774, 0, 0, 435, 435, 1, 6.07%, 0, 0, 2, 480.80
1572440784, 0, 0, 444, 444, 1, 6.11%, 0, 0, 2, 522.10
1572440794, 0, 0, 569, 569, 1, 6.47%, 0, 0, 2, 491.95
1572440799, 0, 0, 756, 756, 1, 6.58%, 0, 0, 2, 469.93
1572440804, 0, 0, 861, 861, 1, 6.63%, 0, 0, 2, 460.27
1572440809, 0, 0, 929, 929, 1, 6.67%, 0, 0, 2, 454.05
1572440815, 0, 0, 976, 976, 1, 6.75%, 0, 0, 2, 442.45
1572440820, 0, 0, 1007, 1007, 1, 6.76%, 0, 0, 2, 446.68
1572440825, 0, 0, 1035, 1035, 1, 6.79%, 0, 0, 2, 435.83
1572440830, 0, 0, 1062, 1062, 1, 6.81%, 0, 0, 2, 439.77
1572440835, 0, 0, 1081, 1081, 1, 6.83%, 0, 0, 2, 433.78
1572440840, 0, 0, 1097, 1097, 1, 6.83%, 0, 0, 2, 435.85
1572440845, 0, 0, 1117, 1117, 1, 6.84%, 0, 0, 2, 443.27
1572440850, 0, 0, 1129, 1129, 1, 6.84%, 0, 0, 2, 434.51
1572440855, 0, 0, 1143, 1143, 1, 6.85%, 0, 0, 2, 436.83
1572440860, 0, 0, 1157, 1157, 1, 6.85%, 0, 0, 2, 439.38
1572440865, 0, 0, 1169, 1169, 1, 6.85%, 0, 0, 2, 439.38
1572440870, 0, 0, 1180, 1180, 1, 6.87%, 0, 0, 2, 439.13
1572440876, 0, 0, 1188, 1188, 1, 6.87%, 0, 0, 2, 439.04
1572440881, 0, 4, 1193, 1192, 227, 6.87%, 0, 0, 2, 448.72
1572440896, 0, 4, 1194, 1193, 227, 6.87%, 0, 0, 3, 422.18
1572440901, 0, 4, 1195, 1194, 227, 6.87%, 0, 0, 3, 424.89
1572440983, 0, 4, 1196, 1195, 227, 6.87%, 0, 0, 3, 419.71
1572440988, 0, 4, 1197, 1196, 227, 6.87%, 0, 0, 3, 423.28
1572441059, 0, 4, 1198, 1197, 227, 6.89%, 0, 0, 3, 421.64
1572441161, 0, 4, 1199, 1198, 227, 6.89%, 0, 0, 3, 424.41
1572441171, 0, 4, 1200, 1199, 227, 6.89%, 0, 0, 3, 428.90
1572441197, 0, 4, 1201, 1200, 227, 6.89%, 0, 0, 3, 421.77
1572441222, 0, 4, 1203, 1202, 227, 6.89%, 0, 0, 3, 419.94
1572441227, 0, 4, 1205, 1204, 227, 6.89%, 0, 0, 3, 419.03
1572441685, 0, 4, 1207, 1206, 227, 6.89%, 0, 0, 3, 947.43
1572441690, 0, 4, 1208, 1207, 227, 6.89%, 0, 0, 3, 934.70
1572441721, 0, 4, 1209, 1208, 227, 6.89%, 0, 0, 3, 938.82
1572441807, 0, 4, 1222, 1221, 227, 6.89%, 0, 0, 3, 952.93
1572441812, 0, 4, 1234, 1233, 227, 6.89%, 0, 0, 3, 952.55
1572441817, 0, 4, 1239, 1238, 227, 6.89%, 0, 0, 3, 955.62
1572441822, 0, 4, 1252, 1251, 227, 6.90%, 0, 0, 3, 952.51
1572441827, 0, 4, 1260, 1259, 227, 6.92%, 0, 0, 3, 951.61
1572441832, 0, 4, 1270, 1269, 227, 6.92%, 0, 0, 3, 952.45
1572441837, 0, 11, 1283, 1281, 233, 7.02%, 0, 0, 3, 952.92
1572442446, 0, 11, 1291, 1289, 233, 7.02%, 0, 0, 3, 953.24
1572442451, 0, 11, 1295, 1293, 233, 7.02%, 0, 0, 3, 957.41
1572442456, 0, 11, 1304, 1302, 233, 7.04%, 0, 0, 3, 956.63
1572442461, 0, 11, 1310, 1308, 233, 7.04%, 0, 0, 3, 948.93
1572442466, 0, 11, 1314, 1312, 233, 7.04%, 0, 0, 3, 957.01
1572442472, 0, 11, 1316, 1314, 233, 7.04%, 0, 0, 3, 951.07
1572442477, 0, 11, 1320, 1318, 233, 7.04%, 0, 0, 3, 940.42
1572442482, 0, 23, 1322, 1319, 233, 7.04%, 0, 0, 3, 1001.06
1572442487, 0, 23, 1328, 1325, 233, 7.06%, 0, 0, 3, 1024.12
1572442492, 0, 23, 1329, 1326, 233, 7.06%, 0, 0, 3, 1018.22
1572442558, 0, 23, 1331, 1328, 233, 7.06%, 0, 0, 3, 1036.80
1572442604, 0, 23, 1332, 1329, 233, 7.06%, 0, 0, 3, 1041.20
1572442619, 0, 23, 1334, 1331, 233, 7.06%, 0, 0, 3, 1039.44
1572442629, 0, 23, 1336, 1333, 233, 7.06%, 0, 0, 3, 1038.45
1572442634, 0, 23, 1338, 1335, 233, 7.06%, 0, 0, 3, 1026.34
1572442725, 0, 23, 1339, 1336, 233, 7.06%, 0, 0, 3, 1010.74
1572442923, 0, 23, 1340, 1337, 233, 7.07%, 0, 0, 3, 975.44
1572442928, 0, 23, 1341, 1338, 233, 7.07%, 0, 0, 3, 995.16
1572443040, 0, 23, 1342, 1339, 233, 7.07%, 0, 0, 3, 975.66
1572443046, 0, 23, 1347, 1344, 233, 7.07%, 0, 0, 3, 970.37
1572443051, 0, 23, 1354, 1351, 233, 7.07%, 0, 0, 3, 963.97
1572443056, 0, 23, 1356, 1353, 233, 7.07%, 0, 0, 3, 965.90
1572443061, 0, 23, 1360, 1357, 233, 7.07%, 0, 0, 3, 967.98
1572443066, 0, 23, 1369, 1366, 233, 7.08%, 0, 0, 3, 968.54
1572443071, 0, 23, 1374, 1371, 233, 7.08%, 0, 0, 3, 960.68
1572443076, 0, 43, 1376, 1372, 238, 7.09%, 0, 0, 3, 1066.97
1572443275, 0, 43, 1381, 1377, 238, 7.09%, 0, 0, 3, 995.26
1572443280, 0, 43, 1391, 1387, 238, 7.10%, 0, 0, 3, 977.43
1572443285, 0, 43, 1399, 1395, 238, 7.10%, 0, 0, 3, 973.34
1572443290, 0, 43, 1401, 1397, 238, 7.10%, 0, 0, 3, 972.32
1572443295, 0, 43, 1405, 1401, 238, 7.10%, 0, 0, 3, 970.68
1572443300, 0, 105, 1405, 1397, 239, 7.10%, 0, 0, 3, 961.51
1572443305, 0, 115, 1405, 1395, 237, 7.10%, 0, 0, 3, 1068.27
1572443331, 0, 115, 1408, 1398, 237, 7.12%, 0, 0, 3, 1227.54
1572443504, 0, 115, 1412, 1402, 237, 7.13%, 0, 0, 3, 1019.98
1572443509, 0, 115, 1416, 1406, 237, 7.13%, 0, 0, 3, 987.29
1572443514, 0, 115, 1422, 1412, 237, 7.13%, 0, 0, 3, 982.82
1572443519, 0, 115, 1427, 1417, 237, 7.14%, 0, 0, 3, 981.24
1572443524, 0, 115, 1431, 1421, 237, 7.15%, 0, 0, 3, 983.42
1572443529, 0, 119, 1433, 1421, 242, 7.15%, 0, 0, 3, 969.47
1572443565, 0, 119, 1434, 1422, 242, 7.15%, 0, 0, 3, 913.30
1572443570, 0, 119, 1435, 1423, 242, 7.15%, 0, 0, 3, 911.84
1572443621, 0, 119, 1436, 1424, 242, 7.15%, 0, 0, 3, 915.27
1572443647, 0, 119, 1437, 1425, 242, 7.15%, 0, 0, 3, 920.74
1572443776, 0, 119, 1438, 1426, 242, 7.15%, 0, 0, 3, 879.16
1572444513, 0, 119, 1439, 1427, 242, 7.15%, 0, 0, 3, 937.26
1572444518, 0, 119, 1442, 1430, 242, 7.15%, 0, 0, 3, 968.10
1572444523, 0, 119, 1443, 1431, 242, 7.15%, 0, 0, 3, 983.29
1572444529, 0, 119, 1448, 1436, 242, 7.16%, 0, 0, 3, 983.58
1572444534, 0, 119, 1458, 1446, 242, 7.16%, 0, 0, 3, 981.71
1572444544, 0, 119, 1461, 1449, 242, 7.16%, 0, 0, 3, 984.29
1572444549, 0, 119, 1463, 1451, 242, 7.16%, 0, 0, 3, 982.25
1572444554, 0, 122, 1464, 1450, 241, 7.16%, 0, 0, 3, 1024.73
1572444559, 0, 122, 1466, 1452, 241, 7.17%, 0, 0, 3, 1060.57
1572444631, 0, 122, 1467, 1453, 241, 7.17%, 0, 0, 3, 1060.46
1572444717, 0, 122, 1468, 1454, 241, 7.17%, 0, 0, 3, 440.39
1572444723, 0, 122, 1470, 1456, 241, 7.17%, 0, 0, 3, 436.84
1572445672, 0, 122, 1477, 1463, 241, 7.17%, 0, 0, 3, 918.71
1572445677, 0, 122, 1479, 1465, 241, 7.17%, 0, 0, 3, 927.83
1572445683, 0, 122, 1480, 1466, 241, 7.17%, 0, 0, 3, 952.33
1572445688, 0, 122, 1482, 1468, 241, 7.17%, 0, 0, 3, 960.77
1572445693, 0, 122, 1485, 1471, 241, 7.17%, 0, 0, 3, 962.29
1572445698, 0, 122, 1488, 1474, 241, 7.18%, 0, 0, 3, 954.92
1572445703, 0, 130, 1488, 1472, 246, 7.18%, 0, 0, 3, 960.37
1572445744, 0, 130, 1490, 1474, 246, 7.40%, 0, 0, 3, 915.74
1572445786, 0, 130, 1492, 1476, 246, 7.41%, 0, 0, 3, 915.18
1572445822, 0, 130, 1493, 1477, 246, 7.41%, 0, 0, 3, 920.18
1572445951, 0, 130, 1494, 1478, 246, 7.42%, 0, 0, 3, 915.88
1572446336, 0, 144, 1494, 1473, 245, 7.42%, 0, 0, 3, 951.99
1572446341, 0, 169, 1494, 1469, 241, 7.42%, 0, 0, 3, 957.71
1572446347, 0, 175, 1494, 1465, 238, 7.42%, 0, 0, 3, 959.08
1572446352, 0, 272, 1494, 1460, 233, 7.42%, 0, 0, 3, 959.07
1572446357, 0, 273, 1494, 1459, 232, 7.42%, 0, 0, 3, 1119.91
1572446444, 0, 273, 1495, 1460, 232, 7.42%, 0, 0, 3, 1199.02
1572446551, 0, 273, 1497, 1462, 232, 7.42%, 0, 0, 3, 1037.39
1572446556, 0, 273, 1502, 1467, 232, 7.42%, 0, 0, 3, 987.94
1572446561, 0, 273, 1503, 1468, 232, 7.42%, 0, 0, 3, 977.74
1572446566, 0, 273, 1505, 1470, 232, 7.42%, 0, 0, 3, 978.52
1572446571, 0, 273, 1507, 1472, 232, 7.42%, 0, 0, 3, 982.29
1572446576, 0, 273, 1509, 1474, 232, 7.42%, 0, 0, 3, 980.97
1572446581, 0, 273, 1512, 1477, 232, 7.42%, 0, 0, 3, 978.14
1572446586, 0, 274, 1514, 1478, 231, 7.42%, 0, 0, 3, 1101.96
1572446785, 0, 291, 1514, 1473, 226, 7.42%, 0, 0, 3, 979.93
1572446790, 0, 320, 1514, 1469, 222, 7.42%, 0, 0, 3, 962.20
1572446795, 0, 326, 1514, 1467, 220, 7.42%, 0, 0, 3, 1093.19
1572446857, 0, 326, 1515, 1468, 220, 7.43%, 0, 0, 3, 1239.23
1572446892, 0, 326, 1516, 1469, 220, 7.43%, 0, 0, 3, 1182.12
1572446989, 0, 332, 1516, 1468, 221, 7.43%, 0, 0, 3, 1025.40
1572446994, 0, 342, 1516, 1467, 220, 7.43%, 0, 0, 3, 1186.16
1572447187, 0, 356, 1516, 1465, 220, 7.43%, 0, 0, 3, 1008.23
1572447192, 0, 360, 1516, 1462, 217, 7.43%, 0, 0, 3, 1007.57
1572447223, 0, 360, 1522, 1468, 217, 7.43%, 0, 0, 3, 1166.67
1572447294, 0, 360, 1526, 1472, 217, 7.43%, 0, 0, 3, 1179.51
1572447315, 0, 360, 1527, 1473, 217, 7.43%, 0, 0, 3, 1162.52
1572447370, 0, 360, 1528, 1474, 217, 7.43%, 0, 0, 3, 1113.34
1572447395, 0, 360, 1530, 1476, 217, 7.43%, 0, 0, 3, 1028.72
1572447401, 0, 360, 1531, 1477, 217, 7.43%, 0, 0, 3, 991.39
1572447406, 0, 364, 1531, 1473, 215, 7.43%, 0, 0, 3, 955.79
1572448007, 0, 367, 1532, 1473, 215, 7.43%, 0, 0, 3, 398.74
1572448012, 0, 369, 1532, 1471, 213, 7.43%, 0, 0, 3, 444.72
1572448017, 0, 372, 1532, 1469, 211, 7.43%, 0, 0, 3, 454.13
1572448022, 0, 376, 1532, 1467, 209, 7.43%, 0, 0, 3, 457.95
1572448027, 0, 377, 1532, 1466, 208, 7.43%, 0, 0, 3, 473.15
1572448098, 0, 377, 1533, 1467, 208, 7.43%, 0, 0, 3, 463.15
1572448245, 0, 377, 1534, 1468, 208, 7.43%, 0, 0, 3, 487.32
1572448261, 0, 377, 1535, 1469, 208, 7.43%, 0, 0, 3, 472.31
1572448317, 0, 377, 1536, 1470, 208, 7.44%, 0, 0, 3, 436.94
1572448500, 0, 377, 1537, 1471, 208, 7.44%, 0, 0, 3, 413.46
1572448515, 0, 378, 1537, 1470, 209, 7.44%, 0, 0, 3, 459.87
1572448591, 0, 378, 1538, 1471, 209, 7.44%, 0, 0, 3, 486.59
1572448663, 0, 378, 1539, 1472, 209, 7.45%, 0, 0, 3, 469.77
1572448739, 0, 378, 1540, 1473, 209, 7.45%, 0, 0, 3, 488.67
1572448811, 0, 378, 1541, 1474, 209, 7.45%, 0, 0, 3, 480.63
1572448999, 0, 381, 1541, 1473, 210, 7.45%, 0, 0, 3, 433.45
1572449075, 0, 381, 1542, 1474, 210, 7.45%, 0, 0, 3, 474.37
1572449288, 0, 381, 1543, 1475, 210, 7.45%, 0, 0, 3, 441.76
1572449482, 0, 395, 1543, 1474, 210, 7.45%, 0, 0, 3, 440.48
1572449487, 0, 404, 1543, 1472, 208, 7.45%, 0, 0, 3, 454.85
1572449492, 0, 410, 1543, 1470, 207, 7.45%, 0, 0, 3, 456.76
1572449497, 0, 420, 1543, 1468, 205, 7.45%, 0, 0, 3, 456.28
1572449502, 0, 486, 1543, 1466, 203, 7.45%, 0, 0, 3, 484.61
1572450095, 0, 511, 1543, 1465, 202, 7.45%, 0, 0, 3, 1093.01
1572450284, 0, 511, 1544, 1466, 202, 7.46%, 0, 0, 3, 1119.67
1572450360, 0, 511, 1545, 1467, 202, 7.46%, 0, 0, 3, 1116.73
1572450765, 0, 643, 1546, 1467, 204, 7.46%, 0, 0, 3, 1046.54
1572450919, 0, 643, 1547, 1468, 204, 7.46%, 0, 0, 3, 971.87
1572451395, 0, 686, 1547, 1467, 204, 7.46%, 0, 0, 3, 1049.27
1572451421, 0, 686, 1548, 1468, 204, 7.46%, 0, 0, 3, 1199.51
1572451797, 0, 686, 1552, 1472, 204, 7.47%, 0, 0, 3, 1192.93
1572451802, 0, 686, 1557, 1477, 204, 7.48%, 0, 0, 3, 1191.26
1572451812, 0, 686, 1559, 1479, 204, 7.48%, 0, 0, 3, 1186.65
1572451817, 0, 738, 1561, 1480, 207, 7.48%, 0, 0, 3, 1019.71
1572452516, 0, 738, 1564, 1483, 207, 7.48%, 0, 0, 3, 940.10
1572452521, 0, 739, 1564, 1482, 207, 7.48%, 0, 0, 3, 952.72
1572453998, 0, 741, 1564, 1481, 206, 7.48%, 0, 0, 3, 430.82
1572455170, 0, 741, 1568, 1485, 206, 7.48%, 0, 0, 3, 944.78
1572455175, 0, 741, 1571, 1488, 206, 7.49%, 0, 0, 3, 959.55
1572455180, 0, 741, 1575, 1492, 206, 7.49%, 0, 0, 3, 960.26
1572455190, 0, 741, 1577, 1494, 206, 7.49%, 0, 0, 3, 961.15
1572455195, 0, 741, 1581, 1498, 206, 7.50%, 0, 0, 3, 960.02
1572455205, 0, 763, 1581, 1497, 209, 7.50%, 0, 0, 3, 1010.90
1572455368, 0, 763, 1582, 1498, 209, 7.50%, 0, 0, 3, 1036.77
1572455759, 0, 771, 1582, 1497, 209, 7.50%, 0, 0, 3, 1056.90
1572456298, 0, 810, 1582, 1496, 208, 7.50%, 0, 0, 3, 1167.89
1572456395, 0, 811, 1582, 1495, 207, 7.50%, 0, 0, 3, 1053.39
1572456481, 0, 811, 1583, 1496, 207, 7.51%, 0, 0, 3, 879.33
1572456588, 0, 811, 1584, 1497, 207, 7.51%, 0, 0, 3, 866.08
1572456720, 0, 811, 1585, 1498, 207, 7.51%, 0, 0, 3, 870.47
1572457194, 0, 820, 1585, 1497, 207, 7.51%, 0, 0, 3, 878.46
1572457847, 0, 820, 1589, 1501, 207, 7.51%, 0, 0, 3, 881.52
1572457852, 0, 820, 1590, 1502, 207, 7.51%, 0, 0, 3, 887.82
1572457857, 0, 820, 1591, 1503, 207, 7.51%, 0, 0, 3, 886.29
1572457862, 0, 820, 1592, 1504, 207, 7.51%, 0, 0, 3, 885.50
1572457867, 0, 820, 1593, 1505, 207, 7.51%, 0, 0, 3, 884.29
1572457877, 0, 820, 1597, 1509, 207, 7.51%, 0, 0, 3, 888.61
1572457882, 0, 823, 1597, 1508, 207, 7.51%, 0, 0, 3, 988.61
1572457918, 0, 823, 1598, 1509, 207, 7.51%, 0, 0, 3, 1023.86
1572457949, 0, 823, 1599, 1510, 207, 7.51%, 0, 0, 3, 1030.36
1572458097, 0, 823, 1600, 1511, 207, 7.51%, 0, 0, 3, 1055.16
1572458403, 0, 823, 1601, 1512, 207, 7.52%, 0, 0, 3, 1045.66
1572458423, 0, 840, 1601, 1511, 211, 7.52%, 0, 0, 3, 969.64
1572460201, 0, 849, 1601, 1510, 210, 7.52%, 0, 0, 3, 410.47
1572460394, 0, 849, 1602, 1511, 210, 7.52%, 0, 0, 3, 458.09
1572460449, 0, 849, 1603, 1512, 210, 7.52%, 0, 0, 3, 453.76
1572461470, 0, 866, 1603, 1511, 210, 7.52%, 0, 0, 3, 1008.98
1572462060, 0, 868, 1603, 1510, 210, 7.52%, 0, 0, 3, 984.80
1572462574, 0, 872, 1603, 1509, 209, 7.52%, 0, 0, 3, 1104.98
1572462605, 0, 872, 1604, 1510, 209, 7.52%, 0, 0, 3, 1211.84
1572462636, 0, 872, 1605, 1511, 209, 7.52%, 0, 0, 3, 1238.45
1572462763, 0, 879, 1606, 1511, 210, 7.52%, 0, 0, 3, 1083.86
1572463173, 0, 887, 1606, 1510, 210, 7.52%, 0, 0, 3, 1066.03
1572463321, 0, 887, 1607, 1511, 210, 7.52%, 0, 0, 3, 1036.60
1572463453, 0, 890, 1607, 1510, 209, 7.52%, 0, 0, 3, 1082.50
1572463565, 0, 890, 1608, 1511, 209, 7.52%, 0, 0, 3, 1108.48
1572463877, 0, 897, 1609, 1511, 209, 7.52%, 0, 0, 3, 991.16
1572464534, 0, 898, 1609, 1510, 208, 7.52%, 0, 0, 3, 925.95
1572464575, 0, 898, 1610, 1511, 208, 7.53%, 0, 0, 3, 973.38
1572465561, 0, 898, 1611, 1512, 208, 7.53%, 0, 0, 3, 404.98
1572465642, 0, 898, 1612, 1513, 208, 7.53%, 0, 0, 3, 412.31
1572465785, 0, 928, 1612, 1512, 207, 7.53%, 0, 0, 3, 429.43
1572466947, 0, 937, 1612, 1511, 207, 7.53%, 0, 0, 3, 431.68
1572467302, 0, 937, 1613, 1512, 207, 7.53%, 0, 0, 3, 393.63
1572467552, 0, 937, 1614, 1513, 207, 7.54%, 0, 0, 3, 950.64
1572468012, 0, 944, 1615, 1513, 207, 7.54%, 0, 0, 3, 965.73
1572468038, 0, 944, 1616, 1514, 207, 7.54%, 0, 0, 3, 958.75
1572468555, 0, 951, 1616, 1513, 207, 7.54%, 0, 0, 3, 952.44
1572469192, 0, 957, 1617, 1513, 207, 7.54%, 0, 0, 3, 1038.67
1572469284, 0, 957, 1618, 1514, 207, 7.54%, 0, 0, 3, 1104.98
1572469672, 0, 957, 1619, 1515, 207, 7.54%, 0, 0, 3, 1091.37
1572469677, 0, 962, 1620, 1515, 208, 7.54%, 0, 0, 3, 850.83
1572471436, 0, 962, 1621, 1516, 208, 7.54%, 0, 0, 3, 208.25
1572471441, 0, 963, 1621, 1515, 209, 7.54%, 0, 0, 3, 344.80
1572472228, 0, 963, 1622, 1516, 209, 7.54%, 0, 0, 3, 359.93
1572473384, 0, 963, 1624, 1518, 209, 7.54%, 0, 0, 3, 371.87
1572473394, 0, 971, 1624, 1517, 209, 7.54%, 0, 0, 3, 412.32
1572474418, 0, 973, 1624, 1516, 209, 7.54%, 0, 0, 3, 923.63
1572475053, 0, 976, 1624, 1515, 208, 7.54%, 0, 0, 3, 1014.34
1572475475, 0, 976, 1625, 1516, 208, 7.55%, 0, 0, 3, 1058.49
1572475522, 0, 976, 1626, 1517, 208, 7.55%, 0, 0, 3, 1079.12
1572475588, 0, 992, 1626, 1516, 207, 7.55%, 0, 0, 3, 970.09
1572476333, 0, 992, 1627, 1517, 207, 7.55%, 0, 0, 3, 950.31
1572476409, 0, 993, 1627, 1516, 207, 7.55%, 0, 0, 3, 983.35
1572477078, 0, 995, 1627, 1515, 207, 7.55%, 0, 0, 3, 971.37
1572478721, 0, 995, 1628, 1516, 207, 7.55%, 0, 0, 3, 411.02
1572478726, 0, 1004, 1628, 1515, 207, 7.55%, 0, 0, 3, 470.10
1572479658, 0, 1013, 1628, 1514, 206, 7.55%, 0, 0, 3, 452.96
1572479760, 0, 1013, 1629, 1515, 206, 7.55%, 0, 0, 3, 385.21
1572480310, 0, 1013, 1630, 1516, 206, 7.55%, 0, 0, 3, 910.33
1572480895, 0, 1027, 1630, 1515, 206, 7.55%, 0, 0, 3, 1041.09
1572481280, 0, 1033, 1630, 1514, 205, 7.55%, 0, 0, 3, 1027.75
1572481563, 0, 1033, 1631, 1515, 205, 7.58%, 0, 0, 3, 899.40
1572481927, 0, 1058, 1631, 1514, 204, 7.58%, 0, 0, 3, 925.96
1572482043, 0, 1058, 1632, 1515, 204, 7.59%, 0, 0, 3, 941.14
1572482073, 0, 1058, 1633, 1516, 204, 7.59%, 0, 0, 3, 979.19
1572482078, 0, 1058, 1634, 1517, 204, 7.59%, 0, 0, 3, 955.10
1572482489, 0, 1061, 1634, 1516, 204, 7.59%, 0, 0, 3, 977.60
1572482509, 0, 1061, 1635, 1517, 204, 7.59%, 0, 0, 3, 1083.40
1572483102, 0, 1061, 1636, 1518, 204, 7.59%, 0, 0, 3, 1076.87
1572483163, 0, 1064, 1636, 1517, 205, 7.59%, 0, 0, 3, 1084.94
1572483743, 0, 1064, 1637, 1518, 205, 7.59%, 0, 0, 3, 448.12
1572483748, 0, 1068, 1637, 1517, 204, 7.59%, 0, 0, 3, 468.69
1572484844, 0, 1072, 1637, 1516, 203, 7.59%, 0, 0, 3, 426.05
1572485316, 0, 1072, 1638, 1517, 203, 7.59%, 0, 0, 3, 391.78
1572486180, 0, 1098, 1638, 1516, 203, 7.59%, 0, 0, 3, 468.12
1572486586, 0, 1098, 1641, 1519, 203, 7.59%, 0, 0, 3, 1035.80
1572486591, 0, 1108, 1641, 1518, 202, 7.59%, 0, 0, 3, 1041.86
1572486627, 0, 1108, 1642, 1519, 202, 7.59%, 0, 0, 3, 1095.30
1572486632, 0, 1108, 1644, 1521, 202, 7.61%, 0, 0, 3, 1098.44
1572486851, 0, 1108, 1645, 1522, 202, 7.61%, 0, 0, 3, 1099.01
1572486856, 0, 1111, 1646, 1522, 202, 7.61%, 0, 0, 3, 1089.22
1572487225, 0, 1114, 1646, 1521, 201, 7.61%, 0, 0, 3, 1085.39
1572487308, 0, 1114, 1647, 1522, 201, 7.61%, 0, 0, 3, 907.86
1572487612, 0, 1114, 1648, 1523, 201, 7.61%, 0, 0, 3, 906.61
1572488213, 0, 1115, 1648, 1522, 202, 7.61%, 0, 0, 3, 1065.43
1572488386, 0, 1123, 1648, 1521, 201, 7.61%, 0, 0, 3, 992.63
1572488980, 0, 1134, 1648, 1520, 200, 7.61%, 0, 0, 3, 1038.38
1572489582, 0, 1137, 1648, 1519, 199, 7.61%, 0, 0, 3, 994.15
1572489696, 0, 1137, 1649, 1520, 199, 7.61%, 0, 0, 3, 907.53
1572490138, 0, 1161, 1649, 1519, 199, 7.61%, 0, 0, 3, 451.25
1572490204, 0, 1161, 1650, 1520, 199, 7.63%, 0, 0, 3, 489.48
1572490214, 0, 1161, 1651, 1521, 199, 7.63%, 0, 0, 3, 476.03
1572490290, 0, 1161, 1652, 1522, 199, 7.64%, 0, 0, 3, 475.92
1572490366, 0, 1161, 1653, 1523, 199, 7.65%, 0, 0, 3, 478.87
1572490569, 0, 1161, 1654, 1524, 199, 7.65%, 0, 0, 3, 449.98
1572490630, 0, 1172, 1654, 1523, 201, 7.65%, 0, 0, 3, 435.66
1572492165, 0, 1172, 1656, 1525, 201, 7.66%, 0, 0, 3, 395.72
1572492175, 0, 1173, 1656, 1524, 202, 7.66%, 0, 0, 3, 414.75
1572493283, 0, 1179, 1656, 1523, 201, 7.66%, 0, 0, 3, 983.27
1572493852, 0, 1181, 1656, 1522, 200, 7.66%, 0, 0, 3, 1053.82
1572493883, 0, 1181, 1657, 1523, 200, 7.66%, 0, 0, 3, 1133.20
1572494277, 0, 1184, 1657, 1522, 198, 7.66%, 0, 0, 3, 1117.25
1572495023, 0, 1184, 1658, 1523, 198, 7.66%, 0, 0, 3, 943.03
1572495028, 0, 1190, 1658, 1522, 195, 7.66%, 0, 0, 3, 926.13
1572495729, 0, 1190, 1659, 1523, 195, 7.66%, 0, 0, 3, 913.20
1572495951, 0, 1190, 1660, 1524, 195, 7.66%, 0, 0, 3, 914.33
1572495956, 0, 1192, 1661, 1524, 195, 7.66%, 0, 0, 3, 999.96
1572496196, 0, 1209, 1661, 1522, 193, 7.66%, 0, 0, 3, 943.17
1572497697, 0, 1210, 1661, 1521, 192, 7.66%, 0, 0, 3, 416.41
1572498743, 0, 1211, 1661, 1520, 191, 7.66%, 0, 0, 3, 450.02
1572499811, 0, 1211, 1662, 1521, 191, 7.66%, 0, 0, 4, 983.60
1572499816, 0, 1212, 1662, 1520, 190, 7.66%, 0, 0, 4, 973.76
1572500303, 0, 1215, 1662, 1519, 189, 7.66%, 0, 0, 4, 985.72
1572500308, 0, 1215, 1663, 1520, 189, 7.66%, 0, 0, 4, 970.98
1572500893, 0, 1216, 1664, 1520, 189, 7.66%, 0, 0, 4, 954.85
1572500898, 0, 1216, 1665, 1521, 189, 7.66%, 0, 0, 4, 945.74
1572501090, 0, 1216, 1666, 1522, 189, 7.66%, 0, 0, 4, 936.49
1572501378, 0, 1220, 1666, 1521, 188, 7.66%, 0, 0, 4, 1033.00
1572501404, 0, 1220, 1667, 1522, 188, 7.66%, 0, 0, 4, 1100.63
1572501886, 0, 1228, 1667, 1521, 188, 7.66%, 0, 0, 4, 988.17
1572503719, 0, 1228, 1668, 1522, 188, 7.66%, 0, 0, 4, 318.92
1572503724, 0, 1230, 1668, 1521, 187, 7.66%, 0, 0, 4, 389.39
1572503937, 0, 1230, 1669, 1522, 187, 7.66%, 0, 0, 4, 374.77
1572504115, 0, 1230, 1670, 1523, 187, 7.66%, 0, 0, 4, 374.27
1572505290, 0, 1231, 1670, 1522, 186, 7.66%, 0, 0, 4, 467.70
1572505295, 0, 1232, 1670, 1521, 185, 7.66%, 0, 0, 4, 426.77
1572505417, 0, 1232, 1671, 1522, 185, 7.66%, 0, 0, 4, 380.76
1572506360, 0, 1232, 1672, 1523, 185, 7.66%, 0, 0, 4, 943.08
1572506472, 0, 1235, 1673, 1523, 185, 7.66%, 0, 0, 4, 938.67
1572506477, 0, 1235, 1674, 1524, 185, 7.66%, 0, 0, 4, 915.51
1572506791, 0, 1235, 1675, 1525, 185, 7.66%, 0, 0, 4, 916.91
1572507243, 0, 1237, 1675, 1524, 186, 7.66%, 0, 0, 4, 997.71
1572507908, 0, 1242, 1675, 1523, 186, 7.66%, 0, 0, 4, 1040.04
1572508723, 0, 1244, 1675, 1522, 185, 7.66%, 0, 0, 4, 946.92
1572509323, 0, 1244, 1676, 1523, 185, 7.66%, 0, 0, 4, 400.18
1572509328, 0, 1245, 1676, 1522, 185, 7.66%, 0, 0, 4, 421.91
1572509333, 0, 1245, 1677, 1523, 185, 7.66%, 0, 0, 4, 388.50
1572509526, 0, 1245, 1678, 1524, 185, 7.66%, 0, 0, 4, 386.96
1572509689, 0, 1245, 1679, 1525, 185, 7.66%, 0, 0, 4, 380.44
1572509704, 0, 1245, 1680, 1526, 185, 7.66%, 0, 0, 4, 381.26
1572509714, 0, 1245, 1681, 1527, 185, 7.66%, 0, 0, 4, 382.51
1572509719, 0, 1245, 1682, 1528, 185, 7.66%, 0, 0, 4, 380.02
1572511334, 0, 1245, 1683, 1529, 185, 7.66%, 0, 0, 4, 386.73
1572511339, 0, 1248, 1683, 1528, 186, 7.66%, 0, 0, 4, 415.41
1572511344, 0, 1248, 1684, 1529, 186, 7.66%, 0, 0, 4, 400.82
1572511649, 0, 1248, 1685, 1530, 186, 7.66%, 0, 0, 4, 405.98
1572511654, 0, 1248, 1686, 1531, 186, 7.66%, 0, 0, 4, 398.87
1572511725, 0, 1248, 1687, 1532, 186, 7.66%, 0, 0, 4, 405.74
1572511760, 0, 1248, 1688, 1533, 186, 7.66%, 0, 0, 4, 401.04
1572512444, 0, 1248, 1689, 1534, 186, 7.66%, 0, 0, 4, 407.79
1572512702, 0, 1248, 1691, 1536, 186, 7.66%, 0, 0, 4, 411.25
1572512712, 0, 1248, 1692, 1537, 186, 7.66%, 0, 0, 4, 410.29
1572512717, 0, 1248, 1693, 1538, 186, 7.66%, 0, 0, 4, 407.89
1572512722, 0, 1248, 1694, 1539, 186, 7.66%, 0, 0, 4, 409.69
1572512727, 0, 1248, 1696, 1541, 186, 7.66%, 0, 0, 4, 410.46
1572512732, 0, 1248, 1697, 1542, 186, 7.66%, 0, 0, 4, 412.69
1572512742, 0, 1248, 1698, 1543, 186, 7.66%, 0, 0, 4, 411.02
1572512747, 0, 1248, 1699, 1544, 186, 7.66%, 0, 0, 4, 407.18
1572512757, 0, 1248, 1700, 1545, 186, 7.66%, 0, 0, 4, 408.06
1572512768, 0, 1248, 1701, 1546, 186, 7.66%, 0, 0, 4, 407.93
1572512783, 0, 1257, 1701, 1545, 187, 7.66%, 0, 0, 4, 375.33
1572512793, 0, 1257, 1702, 1546, 187, 7.66%, 0, 0, 4, 616.78
1572512808, 0, 1257, 1703, 1547, 187, 7.67%, 0, 0, 4, 646.07
1572512967, 0, 1257, 1704, 1548, 187, 7.67%, 0, 0, 4, 680.27
1572513778, 0, 1257, 1705, 1549, 187, 7.67%, 0, 0, 4, 672.14
1572514043, 0, 1258, 1705, 1548, 189, 7.67%, 0, 0, 4, 865.48
1572514058, 0, 1258, 1708, 1551, 189, 7.67%, 0, 0, 4, 960.88
1572514274, 0, 1258, 1709, 1552, 189, 7.68%, 0, 0, 4, 970.74
1572515045, 0, 1267, 1710, 1552, 190, 7.68%, 0, 0, 4, 967.56
1572515466, 0, 1267, 1711, 1553, 190, 7.68%, 0, 0, 4, 976.23
1572515501, 0, 1267, 1715, 1557, 190, 7.68%, 0, 0, 4, 978.58
1572515506, 0, 1267, 1716, 1558, 190, 7.68%, 0, 0, 4, 977.41
1572515532, 0, 1269, 1716, 1557, 189, 7.68%, 0, 0, 4, 992.38
1572515537, 0, 1269, 1717, 1558, 189, 7.68%, 0, 0, 4, 988.69
1572516243, 0, 1269, 1718, 1559, 189, 7.68%, 0, 0, 4, 404.63
1572516435, 0, 1280, 1718, 1558, 189, 7.68%, 0, 0, 4, 420.12
1572516526, 0, 1280, 1719, 1559, 189, 7.70%, 0, 0, 4, 391.36
1572516714, 0, 1280, 1722, 1562, 189, 7.73%, 0, 0, 4, 393.45
1572517033, 0, 1280, 1725, 1565, 189, 7.75%, 0, 0, 4, 396.09
1572517043, 0, 1280, 1728, 1568, 189, 7.77%, 0, 0, 4, 388.00
1572517817, 0, 1281, 1728, 1567, 195, 7.77%, 0, 0, 4, 414.93
1572517822, 0, 1281, 1729, 1568, 195, 7.77%, 0, 0, 4, 382.48
1572517953, 0, 1281, 1730, 1569, 195, 7.77%, 0, 0, 4, 371.09
1572518065, 0, 1281, 1731, 1570, 195, 7.77%, 0, 0, 4, 376.64
1572518375, 0, 1281, 1732, 1571, 195, 7.77%, 0, 0, 4, 373.73
1572518426, 0, 1281, 1733, 1572, 195, 7.77%, 0, 0, 4, 376.68
1572519900, 0, 1282, 1733, 1571, 195, 7.77%, 0, 0, 4, 935.26
1572520628, 0, 1285, 1733, 1570, 194, 7.77%, 0, 0, 4, 957.85
1572521122, 0, 1285, 1734, 1571, 194, 7.77%, 0, 0, 4, 954.89
1572521173, 0, 1285, 1735, 1572, 194, 7.77%, 0, 0, 4, 947.41
1572521224, 0, 1289, 1735, 1571, 195, 7.77%, 0, 0, 4, 1003.59
1572521240, 0, 1289, 1736, 1572, 195, 7.77%, 0, 0, 4, 1099.81
1572521291, 0, 1289, 1737, 1573, 195, 7.77%, 0, 0, 4, 1105.23
1572521720, 0, 1291, 1738, 1573, 195, 7.77%, 0, 0, 4, 1062.83
1572522149, 0, 1294, 1738, 1572, 194, 7.77%, 0, 0, 4, 965.31
1572522614, 0, 1303, 1738, 1571, 193, 7.77%, 0, 0, 4, 876.97
1572523623, 0, 1303, 1740, 1573, 193, 7.77%, 0, 0, 4, 379.47
1572523628, 0, 1303, 1741, 1574, 193, 7.77%, 0, 0, 4, 381.48
1572523644, 0, 1303, 1744, 1577, 193, 7.77%, 0, 0, 4, 389.18
1572523659, 0, 1303, 1746, 1579, 193, 7.77%, 0, 0, 4, 384.66
1572523664, 0, 1303, 1747, 1580, 193, 7.77%, 0, 0, 4, 390.61
1572523679, 0, 1303, 1748, 1581, 193, 7.78%, 0, 0, 4, 385.25
1572523684, 0, 1303, 1749, 1582, 193, 7.78%, 0, 0, 4, 385.41
1572523699, 0, 1303, 1750, 1583, 193, 7.78%, 0, 0, 4, 384.19
1572523705, 0, 1303, 1751, 1584, 193, 7.78%, 0, 0, 4, 389.20
1572523710, 0, 1306, 1751, 1583, 195, 7.78%, 0, 0, 4, 423.91
1572524817, 0, 1306, 1752, 1584, 195, 7.78%, 0, 0, 4, 395.24
1572525031, 0, 1313, 1752, 1583, 195, 7.78%, 0, 0, 4, 471.06
1572525482, 0, 1313, 1753, 1584, 195, 7.78%, 0, 0, 4, 462.62
1572525990, 0, 1321, 1753, 1583, 195, 7.78%, 0, 0, 4, 464.88
1572526821, 0, 1321, 1755, 1585, 195, 7.79%, 0, 0, 4, 1014.35
1572526826, 0, 1326, 1755, 1583, 194, 7.79%, 0, 0, 4, 1015.15
1572526857, 0, 1326, 1756, 1584, 194, 7.79%, 0, 0, 4, 1071.09
