# unix_time, cycles_done, cur_path, paths_total, pending_total, pending_favs, map_size, unique_crashes, unique_hangs, max_depth, execs_per_sec
1572714124, 0, 0, 1, 1, 1, 3.44%, 0, 0, 1, 1333.33
1572714129, 0, 0, 55, 55, 1, 5.09%, 0, 0, 2, 1266.15
1572714134, 0, 0, 93, 93, 1, 5.14%, 0, 0, 2, 1309.63
1572714155, 0, 0, 200, 200, 1, 5.60%, 0, 0, 2, 1206.25
1572714160, 0, 0, 246, 246, 1, 5.69%, 0, 0, 2, 1277.15
1572714186, 0, 0, 275, 275, 1, 5.77%, 0, 0, 2, 1232.88
1572714191, 0, 0, 285, 285, 1, 5.78%, 0, 0, 2, 1302.18
1572714211, 0, 0, 291, 291, 1, 5.80%, 0, 0, 2, 1298.38
1572714216, 0, 0, 306, 306, 1, 5.84%, 0, 0, 2, 1276.38
1572714222, 0, 0, 345, 345, 1, 5.88%, 0, 0, 2, 1252.28
1572714227, 0, 0, 369, 369, 1, 5.92%, 0, 0, 2, 1235.80
1572714242, 0, 0, 397, 397, 1, 6.03%, 0, 0, 2, 1134.71
1572714247, 0, 0, 406, 406, 1, 6.05%, 0, 0, 2, 1157.46
1572714252, 0, 0, 414, 414, 1, 6.06%, 0, 0, 2, 1188.43
1572714257, 0, 0, 418, 418, 1, 6.06%, 0, 0, 2, 1219.08
1572714262, 0, 0, 419, 419, 1, 6.06%, 0, 0, 2, 1165.52
1572714267, 0, 0, 427, 427, 1, 6.07%, 0, 0, 2, 1185.53
1572714272, 0, 0, 432, 432, 1, 6.07%, 0, 0, 2, 1183.50
1572714288, 0, 0, 435, 435, 1, 6.07%, 0, 0, 2, 1161.98
1572714293, 0, 0, 445, 445, 1, 6.11%, 0, 0, 2, 1116.94
1572714298, 0, 0, 801, 801, 1, 6.57%, 0, 0, 2, 1026.35
1572714303, 0, 0, 954, 954, 1, 6.70%, 0, 0, 2, 988.48
1572714308, 0, 0, 1039, 1039, 1, 6.84%, 0, 0, 2, 988.27
1572714313, 0, 0, 1087, 1087, 1, 6.85%, 0, 0, 2, 979.89
1572714318, 0, 0, 1126, 1126, 1, 6.90%, 0, 0, 2, 981.03
1572714323, 0, 0, 1158, 1158, 1, 6.91%, 0, 0, 2, 971.52
1572714328, 0, 0, 1175, 1175, 1, 6.93%, 0, 0, 2, 971.64
1572714333, 0, 4, 1197, 1196, 217, 6.94%, 0, 0, 2, 983.56
1572714343, 0, 4, 1200, 1199, 217, 6.94%, 0, 0, 3, 943.17
1572714379, 0, 4, 1201, 1200, 217, 6.94%, 0, 0, 3, 936.73
1572714414, 0, 4, 1202, 1201, 217, 6.96%, 0, 0, 3, 941.76
1572714475, 0, 4, 1203, 1202, 217, 6.96%, 0, 0, 3, 942.13
1572714480, 0, 4, 1204, 1203, 217, 6.96%, 0, 0, 3, 915.35
1572714491, 0, 4, 1205, 1204, 217, 6.96%, 0, 0, 3, 899.02
1572714861, 0, 4, 1207, 1206, 217, 6.96%, 0, 0, 3, 842.89
1572714866, 0, 4, 1208, 1207, 217, 6.96%, 0, 0, 3, 838.63
1572714901, 0, 4, 1209, 1208, 217, 6.96%, 0, 0, 3, 839.01
1572714992, 0, 4, 1214, 1213, 217, 6.96%, 0, 0, 3, 845.26
1572714997, 0, 4, 1223, 1222, 217, 6.96%, 0, 0, 3, 849.93
1572715002, 0, 4, 1231, 1230, 217, 6.96%, 0, 0, 3, 852.09
1572715007, 0, 4, 1238, 1237, 217, 6.96%, 0, 0, 3, 852.31
1572715012, 0, 4, 1243, 1242, 217, 6.96%, 0, 0, 3, 852.17
1572715018, 0, 4, 1253, 1252, 217, 6.97%, 0, 0, 3, 852.14
1572715023, 0, 4, 1258, 1257, 217, 6.97%, 0, 0, 3, 852.15
1572715028, 0, 4, 1262, 1261, 217, 6.97%, 0, 0, 3, 851.55
1572715033, 0, 23, 1266, 1264, 221, 6.97%, 0, 0, 3, 894.31
1572715038, 0, 23, 1273, 1271, 221, 6.99%, 0, 0, 3, 924.12
1572715043, 0, 23, 1274, 1272, 221, 6.99%, 0, 0, 3, 927.90
1572715048, 0, 23, 1275, 1273, 221, 6.99%, 0, 0, 3, 927.28
1572715115, 0, 23, 1278, 1276, 221, 6.99%, 0, 0, 3, 922.86
1572715120, 0, 23, 1279, 1277, 221, 6.99%, 0, 0, 3, 931.22
1572715161, 0, 23, 1280, 1278, 221, 6.99%, 0, 0, 3, 925.77
1572715171, 0, 23, 1281, 1279, 221, 6.99%, 0, 0, 3, 931.67
1572715186, 0, 23, 1283, 1281, 221, 6.99%, 0, 0, 3, 937.32
1572715196, 0, 23, 1285, 1283, 221, 6.99%, 0, 0, 3, 932.86
1572715207, 0, 23, 1286, 1284, 221, 6.99%, 0, 0, 3, 927.05
1572715217, 0, 23, 1288, 1286, 221, 6.99%, 0, 0, 3, 928.42
1572715528, 0, 23, 1289, 1287, 221, 6.99%, 0, 0, 3, 929.76
1572715645, 0, 23, 1290, 1288, 221, 6.99%, 0, 0, 3, 873.19
1572715650, 0, 23, 1292, 1290, 221, 6.99%, 0, 0, 3, 877.33
1572715655, 0, 23, 1301, 1299, 221, 7.00%, 0, 0, 3, 868.04
1572715660, 0, 23, 1306, 1304, 221, 7.01%, 0, 0, 3, 866.21
1572715665, 0, 23, 1316, 1314, 221, 7.01%, 0, 0, 3, 863.58
1572715670, 0, 23, 1322, 1320, 221, 7.02%, 0, 0, 3, 866.49
1572715676, 0, 23, 1332, 1330, 221, 7.03%, 0, 0, 3, 864.71
1572715681, 0, 23, 1338, 1336, 221, 7.03%, 0, 0, 3, 866.35
1572715686, 0, 23, 1342, 1340, 221, 7.03%, 0, 0, 3, 865.19
1572715691, 0, 105, 1349, 1344, 229, 7.03%, 0, 0, 3, 860.00
1572715696, 0, 115, 1349, 1341, 226, 7.03%, 0, 0, 3, 869.73
1572715727, 0, 115, 1352, 1344, 226, 7.05%, 0, 0, 3, 1085.67
1572715916, 0, 117, 1352, 1343, 228, 7.05%, 0, 0, 3, 917.94
1572715921, 0, 119, 1352, 1342, 227, 7.05%, 0, 0, 3, 847.55
1572715962, 0, 119, 1356, 1346, 227, 7.05%, 0, 0, 3, 819.66
1572716003, 0, 119, 1357, 1347, 227, 7.05%, 0, 0, 3, 821.03
1572716019, 0, 119, 1358, 1348, 227, 7.05%, 0, 0, 3, 818.97
1572716050, 0, 119, 1359, 1349, 227, 7.05%, 0, 0, 3, 820.64
1572716117, 0, 119, 1360, 1350, 227, 7.05%, 0, 0, 3, 817.85
1572716194, 0, 119, 1361, 1351, 227, 7.05%, 0, 0, 3, 824.57
1572716615, 0, 119, 1362, 1352, 227, 7.05%, 0, 0, 3, 829.96
1572716620, 0, 130, 1362, 1349, 229, 7.05%, 0, 0, 3, 850.95
1572716661, 0, 130, 1364, 1351, 229, 7.28%, 0, 0, 3, 819.91
1572716707, 0, 130, 1366, 1353, 229, 7.29%, 0, 0, 3, 820.74
1572716754, 0, 130, 1367, 1354, 229, 7.30%, 0, 0, 3, 820.82
1572716897, 0, 130, 1368, 1355, 229, 7.30%, 0, 0, 3, 821.66
1572717170, 0, 130, 1369, 1356, 229, 7.30%, 0, 0, 3, 824.03
1572717283, 0, 130, 1370, 1357, 229, 7.30%, 0, 0, 3, 838.70
1572717319, 0, 130, 1373, 1360, 229, 7.31%, 0, 0, 3, 838.67
1572717324, 0, 130, 1381, 1368, 229, 7.32%, 0, 0, 3, 846.34
1572717329, 0, 130, 1385, 1372, 229, 7.32%, 0, 0, 3, 844.71
1572717334, 0, 130, 1396, 1383, 229, 7.34%, 0, 0, 3, 843.84
1572717339, 0, 130, 1401, 1388, 229, 7.35%, 0, 0, 3, 846.85
1572717344, 0, 130, 1403, 1390, 229, 7.35%, 0, 0, 3, 847.68
1572717349, 0, 130, 1409, 1396, 229, 7.35%, 0, 0, 3, 847.42
1572717355, 0, 130, 1411, 1398, 229, 7.35%, 0, 0, 3, 847.72
1572717360, 0, 137, 1411, 1396, 241, 7.35%, 0, 0, 3, 840.34
1572717401, 0, 137, 1414, 1399, 241, 7.35%, 0, 0, 3, 819.79
1572717447, 0, 137, 1415, 1400, 241, 7.36%, 0, 0, 3, 819.96
1572717632, 0, 137, 1416, 1401, 241, 7.36%, 0, 0, 3, 822.12
1572718058, 0, 144, 1416, 1399, 242, 7.36%, 0, 0, 3, 844.94
1572718099, 0, 144, 1418, 1401, 242, 7.37%, 0, 0, 3, 818.43
1572718192, 0, 144, 1419, 1402, 242, 7.37%, 0, 0, 3, 819.99
1572718336, 0, 144, 1420, 1403, 242, 7.37%, 0, 0, 3, 820.76
1572718757, 0, 144, 1423, 1406, 242, 7.37%, 0, 0, 3, 838.62
1572718762, 0, 144, 1428, 1411, 242, 7.37%, 0, 0, 3, 843.70
1572718767, 0, 144, 1434, 1417, 242, 7.37%, 0, 0, 3, 845.12
1572718772, 0, 144, 1437, 1420, 242, 7.38%, 0, 0, 3, 848.68
1572718777, 0, 144, 1445, 1428, 242, 7.39%, 0, 0, 3, 841.92
1572718782, 0, 144, 1448, 1431, 242, 7.39%, 0, 0, 3, 845.66
1572718787, 0, 144, 1450, 1433, 242, 7.39%, 0, 0, 3, 844.97
1572718792, 0, 144, 1454, 1437, 242, 7.40%, 0, 0, 3, 846.35
1572718798, 0, 156, 1455, 1434, 252, 7.40%, 0, 0, 3, 856.53
1572718890, 0, 156, 1456, 1435, 252, 7.40%, 0, 0, 3, 824.28
1572719497, 0, 160, 1456, 1434, 252, 7.40%, 0, 0, 3, 832.96
1572720196, 0, 160, 1457, 1435, 252, 7.41%, 0, 0, 3, 829.49
1572720201, 0, 164, 1457, 1434, 250, 7.41%, 0, 0, 3, 831.44
1572720263, 0, 164, 1458, 1435, 250, 7.41%, 0, 0, 3, 819.44
1572720901, 0, 175, 1458, 1431, 247, 7.41%, 0, 0, 3, 850.89
1572720906, 0, 178, 1458, 1429, 245, 7.41%, 0, 0, 3, 851.16
1572721488, 0, 178, 1459, 1430, 245, 7.41%, 0, 0, 3, 834.58
1572721534, 0, 178, 1460, 1431, 245, 7.41%, 0, 0, 3, 835.13
1572721590, 0, 252, 1460, 1430, 244, 7.41%, 0, 0, 3, 843.40
1572721656, 0, 252, 1461, 1431, 244, 7.41%, 0, 0, 3, 1080.74
1572721687, 0, 252, 1462, 1432, 244, 7.41%, 0, 0, 3, 1099.57
1572721758, 0, 252, 1463, 1433, 244, 7.41%, 0, 0, 3, 1017.29
1572721814, 0, 268, 1463, 1431, 240, 7.41%, 0, 0, 3, 894.17
1572721953, 0, 268, 1464, 1432, 240, 7.41%, 0, 0, 3, 995.64
1572722039, 0, 268, 1467, 1435, 240, 7.41%, 0, 0, 3, 901.07
1572722044, 0, 268, 1469, 1437, 240, 7.41%, 0, 0, 3, 882.36
1572722049, 0, 268, 1470, 1438, 240, 7.41%, 0, 0, 3, 877.09
1572722055, 0, 268, 1473, 1441, 240, 7.43%, 0, 0, 3, 876.81
1572722060, 0, 268, 1477, 1445, 240, 7.43%, 0, 0, 3, 875.49
1572722065, 0, 268, 1480, 1448, 240, 7.43%, 0, 0, 3, 876.53
1572722070, 0, 268, 1481, 1449, 240, 7.43%, 0, 0, 3, 875.62
1572722075, 0, 273, 1481, 1447, 244, 7.43%, 0, 0, 3, 868.92
1572722172, 0, 273, 1482, 1448, 244, 7.43%, 0, 0, 3, 1115.97
1572722300, 0, 274, 1482, 1447, 243, 7.43%, 0, 0, 3, 1053.73
1572722361, 0, 274, 1483, 1448, 243, 7.44%, 0, 0, 3, 1095.52
1572722519, 0, 274, 1487, 1452, 243, 7.45%, 0, 0, 3, 897.86
1572722524, 0, 274, 1490, 1455, 243, 7.45%, 0, 0, 3, 880.99
1572722529, 0, 274, 1492, 1457, 243, 7.45%, 0, 0, 3, 880.56
1572722534, 0, 274, 1493, 1458, 243, 7.45%, 0, 0, 3, 878.45
1572722539, 0, 274, 1495, 1460, 243, 7.45%, 0, 0, 3, 874.06
1572722544, 0, 274, 1497, 1462, 243, 7.45%, 0, 0, 3, 877.86
1572722550, 0, 274, 1498, 1463, 243, 7.45%, 0, 0, 3, 880.36
1572722555, 0, 287, 1498, 1461, 244, 7.45%, 0, 0, 3, 866.98
1572723245, 0, 291, 1499, 1460, 242, 7.45%, 0, 0, 3, 843.30
1572723286, 0, 291, 1501, 1462, 242, 7.46%, 0, 0, 3, 821.09
1572723291, 0, 291, 1502, 1463, 242, 7.46%, 0, 0, 3, 824.28
1572723337, 0, 291, 1504, 1465, 242, 7.47%, 0, 0, 3, 828.34
1572723547, 0, 291, 1505, 1466, 242, 7.47%, 0, 0, 3, 826.10
1572723941, 0, 292, 1505, 1465, 244, 7.47%, 0, 0, 3, 838.78
1572724628, 0, 292, 1506, 1466, 244, 7.47%, 0, 0, 3, 837.01
1572724633, 0, 323, 1506, 1462, 241, 7.47%, 0, 0, 3, 854.21
1572724638, 0, 325, 1506, 1460, 239, 7.47%, 0, 0, 3, 933.67
1572724674, 0, 325, 1507, 1461, 239, 7.47%, 0, 0, 3, 1099.07
1572724705, 0, 325, 1509, 1463, 239, 7.47%, 0, 0, 3, 1065.68
1572724862, 0, 326, 1510, 1463, 241, 7.47%, 0, 0, 3, 1005.53
1572724929, 0, 326, 1511, 1464, 241, 7.48%, 0, 0, 3, 1093.90
1572724970, 0, 326, 1512, 1465, 241, 7.48%, 0, 0, 3, 1095.09
1572725082, 0, 335, 1512, 1463, 241, 7.48%, 0, 0, 3, 913.02
1572725306, 0, 335, 1517, 1468, 241, 7.48%, 0, 0, 3, 888.14
1572725311, 0, 335, 1519, 1470, 241, 7.48%, 0, 0, 3, 870.01
1572725316, 0, 335, 1521, 1472, 241, 7.49%, 0, 0, 3, 865.73
1572725322, 0, 335, 1523, 1474, 241, 7.49%, 0, 0, 3, 865.28
1572725327, 0, 335, 1525, 1476, 241, 7.49%, 0, 0, 3, 864.38
1572725332, 0, 335, 1528, 1479, 241, 7.49%, 0, 0, 3, 862.68
1572725342, 0, 347, 1528, 1477, 240, 7.49%, 0, 0, 3, 856.53
1572725347, 0, 356, 1528, 1475, 239, 7.49%, 0, 0, 3, 851.03
1572725479, 0, 356, 1529, 1476, 239, 7.49%, 0, 0, 3, 833.94
1572726033, 0, 356, 1534, 1481, 239, 7.49%, 0, 0, 3, 837.45
1572726043, 0, 356, 1535, 1482, 239, 7.49%, 0, 0, 3, 843.67
1572726053, 0, 356, 1536, 1483, 239, 7.50%, 0, 0, 3, 846.06
1572726063, 0, 356, 1537, 1484, 239, 7.50%, 0, 0, 3, 844.57
1572726068, 0, 356, 1538, 1485, 239, 7.50%, 0, 0, 3, 846.65
1572726074, 0, 358, 1539, 1485, 242, 7.50%, 0, 0, 3, 842.11
1572726760, 0, 359, 1539, 1484, 241, 7.50%, 0, 0, 3, 838.44
1572726801, 0, 359, 1541, 1486, 241, 7.50%, 0, 0, 3, 826.82
1572727447, 0, 359, 1542, 1487, 241, 7.50%, 0, 0, 3, 834.19
1572727453, 0, 360, 1542, 1486, 241, 7.50%, 0, 0, 3, 1016.73
1572727483, 0, 360, 1550, 1494, 241, 7.50%, 0, 0, 3, 1020.88
1572727565, 0, 360, 1554, 1498, 241, 7.50%, 0, 0, 3, 1042.44
1572727647, 0, 360, 1555, 1499, 241, 7.50%, 0, 0, 3, 995.01
1572727677, 0, 362, 1555, 1497, 239, 7.50%, 0, 0, 3, 893.36
1572728369, 0, 364, 1555, 1495, 237, 7.50%, 0, 0, 3, 846.41
1572728375, 0, 364, 1556, 1496, 237, 7.50%, 0, 0, 3, 905.22
1572728380, 0, 364, 1557, 1497, 237, 7.51%, 0, 0, 3, 917.00
1572728457, 0, 364, 1558, 1498, 237, 7.51%, 0, 0, 3, 917.53
1572728529, 0, 364, 1560, 1500, 237, 7.51%, 0, 0, 3, 919.68
1572729001, 0, 370, 1560, 1496, 235, 7.51%, 0, 0, 3, 860.26
1572729006, 0, 377, 1560, 1492, 231, 7.51%, 0, 0, 3, 860.95
1572729042, 0, 377, 1561, 1493, 231, 7.51%, 0, 0, 3, 1074.05
1572729114, 0, 377, 1562, 1494, 231, 7.51%, 0, 0, 3, 1050.41
1572729140, 0, 377, 1563, 1495, 231, 7.51%, 0, 0, 3, 990.48
1572729231, 0, 381, 1564, 1495, 231, 7.51%, 0, 0, 3, 963.43
1572729334, 0, 381, 1565, 1496, 231, 7.51%, 0, 0, 3, 1098.51
1572729365, 0, 381, 1567, 1498, 231, 7.52%, 0, 0, 3, 1045.83
1572729451, 0, 391, 1567, 1497, 232, 7.52%, 0, 0, 3, 913.04
1572729456, 0, 439, 1567, 1493, 228, 7.52%, 0, 0, 3, 869.53
1572729461, 0, 441, 1567, 1492, 227, 7.52%, 0, 0, 3, 1024.18
1572729671, 0, 441, 1568, 1493, 227, 7.52%, 0, 0, 3, 930.81
1572729676, 0, 441, 1571, 1496, 227, 7.52%, 0, 0, 3, 888.60
1572729681, 0, 441, 1572, 1497, 227, 7.52%, 0, 0, 3, 877.38
1572729686, 0, 441, 1574, 1499, 227, 7.52%, 0, 0, 3, 878.68
1572729706, 0, 441, 1575, 1500, 227, 7.52%, 0, 0, 3, 874.73
1572729711, 0, 460, 1575, 1499, 228, 7.52%, 0, 0, 3, 841.33
1572730410, 0, 470, 1575, 1498, 227, 7.52%, 0, 0, 3, 923.33
1572730614, 0, 475, 1577, 1499, 227, 7.52%, 0, 0, 3, 1000.93
1572731350, 0, 476, 1577, 1498, 226, 7.52%, 0, 0, 3, 876.13
1572731538, 0, 476, 1578, 1499, 226, 7.52%, 0, 0, 3, 881.68
1572731563, 0, 476, 1579, 1500, 226, 7.52%, 0, 0, 3, 882.17
1572731868, 0, 476, 1580, 1501, 226, 7.53%, 0, 0, 3, 883.06
1572731945, 0, 501, 1580, 1500, 226, 7.53%, 0, 0, 3, 943.92
1572732206, 0, 503, 1581, 1500, 226, 7.53%, 0, 0, 3, 1034.23
1572732434, 0, 503, 1582, 1501, 226, 7.53%, 0, 0, 3, 985.70
1572732692, 0, 507, 1582, 1500, 226, 7.53%, 0, 0, 3, 864.21
1572733396, 0, 528, 1583, 1500, 225, 7.53%, 0, 0, 3, 836.18
1572733572, 0, 528, 1584, 1501, 225, 7.53%, 0, 0, 3, 843.95
1572734078, 0, 528, 1585, 1502, 225, 7.53%, 0, 0, 3, 843.83
1572734083, 0, 529, 1585, 1501, 225, 7.53%, 0, 0, 3, 826.70
1572734770, 0, 553, 1585, 1500, 225, 7.53%, 0, 0, 3, 896.85
1572735140, 0, 553, 1586, 1501, 225, 7.53%, 0, 0, 3, 935.19
1572735145, 0, 579, 1586, 1500, 226, 7.53%, 0, 0, 3, 991.08
1572735590, 0, 583, 1586, 1499, 225, 7.53%, 0, 0, 3, 982.64
1572735829, 0, 583, 1587, 1500, 225, 7.53%, 0, 0, 3, 960.05
1572735875, 0, 590, 1588, 1500, 225, 7.53%, 0, 0, 3, 992.65
1572736345, 0, 592, 1588, 1499, 223, 7.53%, 0, 0, 3, 873.00
1572736506, 0, 592, 1589, 1500, 223, 7.53%, 0, 0, 3, 810.73
1572737388, 0, 605, 1589, 1499, 224, 7.53%, 0, 0, 3, 851.03
1572737941, 0, 639, 1589, 1498, 223, 7.53%, 0, 0, 3, 951.33
1572737961, 0, 639, 1590, 1499, 223, 7.53%, 0, 0, 3, 890.94
1572738219, 0, 647, 1590, 1498, 223, 7.53%, 0, 0, 3, 937.30
1572738796, 0, 647, 1591, 1499, 223, 7.53%, 0, 0, 3, 948.54
1572738802, 0, 650, 1591, 1498, 223, 7.53%, 0, 0, 3, 954.73
1572738914, 0, 650, 1592, 1499, 223, 7.53%, 0, 0, 3, 951.25
1572739568, 0, 656, 1592, 1498, 223, 7.53%, 0, 0, 3, 898.11
1572739578, 0, 656, 1593, 1499, 223, 7.53%, 0, 0, 3, 831.27
1572739772, 0, 656, 1594, 1500, 223, 7.53%, 0, 0, 3, 827.84
1572739777, 0, 656, 1595, 1501, 223, 7.53%, 0, 0, 3, 828.95
1572739986, 0, 656, 1596, 1502, 223, 7.53%, 0, 0, 3, 829.77
1572740062, 0, 656, 1597, 1503, 223, 7.53%, 0, 0, 3, 828.27
1572740648, 0, 660, 1597, 1502, 223, 7.53%, 0, 0, 3, 944.47
1572741416, 0, 670, 1598, 1502, 223, 7.53%, 0, 0, 3, 952.79
1572742031, 0, 675, 1598, 1501, 221, 7.53%, 0, 0, 3, 879.43
1572742984, 0, 682, 1599, 1501, 221, 7.53%, 0, 0, 3, 821.34
1572743277, 0, 682, 1600, 1502, 221, 7.53%, 0, 0, 3, 836.08
1572743651, 0, 689, 1600, 1501, 222, 7.53%, 0, 0, 3, 856.11
1572744201, 0, 689, 1602, 1503, 222, 7.53%, 0, 0, 3, 892.10
1572744206, 0, 710, 1602, 1502, 222, 7.53%, 0, 0, 3, 827.42
1572744211, 0, 710, 1603, 1503, 222, 7.53%, 0, 0, 3, 798.01
1572744378, 0, 710, 1604, 1504, 222, 7.53%, 0, 0, 3, 792.80
1572744389, 0, 710, 1605, 1505, 222, 7.53%, 0, 0, 3, 792.62
1572745044, 0, 710, 1606, 1506, 222, 7.53%, 0, 0, 3, 791.96
1572745260, 0, 710, 1612, 1512, 222, 7.54%, 0, 0, 3, 813.30
1572745265, 0, 710, 1614, 1514, 222, 7.54%, 0, 0, 3, 813.51
1572745271, 0, 710, 1617, 1517, 222, 7.54%, 0, 0, 3, 819.93
1572745276, 0, 710, 1619, 1519, 222, 7.54%, 0, 0, 3, 818.57
1572745281, 0, 710, 1621, 1521, 222, 7.54%, 0, 0, 3, 812.40
1572745296, 0, 714, 1622, 1521, 225, 7.54%, 0, 0, 3, 855.88
1572745690, 0, 723, 1622, 1520, 224, 7.54%, 0, 0, 3, 941.31
1572746395, 0, 732, 1622, 1519, 223, 7.54%, 0, 0, 3, 893.04
1572746793, 0, 732, 1623, 1520, 223, 7.55%, 0, 0, 3, 894.81
1572746844, 0, 734, 1623, 1519, 223, 7.55%, 0, 0, 3, 879.96
1572747695, 0, 734, 1624, 1520, 223, 7.55%, 0, 0, 3, 850.62
1572747700, 0, 741, 1624, 1519, 223, 7.55%, 0, 0, 3, 866.32
1572748216, 0, 742, 1625, 1519, 222, 7.55%, 0, 0, 3, 918.57
1572748814, 0, 746, 1625, 1518, 220, 7.55%, 0, 0, 3, 894.34
1572749488, 0, 773, 1626, 1518, 221, 7.55%, 0, 0, 3, 977.17
1572749742, 0, 773, 1627, 1519, 221, 7.55%, 0, 0, 3, 1058.72
1572749803, 0, 788, 1627, 1518, 219, 7.55%, 0, 0, 3, 1028.13
1572749907, 0, 788, 1628, 1519, 219, 7.55%, 0, 0, 3, 965.82
1572750617, 0, 806, 1628, 1518, 219, 7.55%, 0, 0, 3, 850.22
1572751326, 0, 807, 1628, 1517, 218, 7.55%, 0, 0, 3, 893.86
1572751628, 0, 814, 1628, 1516, 217, 7.55%, 0, 0, 3, 897.79
1572751781, 0, 814, 1629, 1517, 217, 7.55%, 0, 0, 3, 844.24
1572751807, 0, 814, 1630, 1518, 217, 7.55%, 0, 0, 3, 824.36
1572752311, 0, 814, 1632, 1520, 217, 7.55%, 0, 0, 3, 834.03
1572752316, 0, 819, 1632, 1519, 216, 7.55%, 0, 0, 3, 858.85
1572753249, 0, 831, 1632, 1518, 215, 7.55%, 0, 0, 3, 951.37
1572753802, 0, 836, 1632, 1517, 213, 7.55%, 0, 0, 3, 943.64
1572753870, 0, 836, 1633, 1518, 213, 7.55%, 0, 0, 3, 811.68
1572754501, 0, 843, 1633, 1517, 215, 7.55%, 0, 0, 3, 937.43
1572755002, 0, 844, 1633, 1516, 214, 7.55%, 0, 0, 3, 1041.64
1572755155, 0, 846, 1633, 1515, 213, 7.55%, 0, 0, 3, 1040.94
1572755645, 0, 849, 1633, 1514, 212, 7.55%, 0, 0, 3, 998.57
1572756339, 0, 853, 1633, 1513, 211, 7.55%, 0, 0, 3, 897.09
1572756514, 0, 853, 1634, 1514, 211, 7.55%, 0, 0, 3, 851.28
1572756899, 0, 853, 1635, 1515, 211, 7.55%, 0, 0, 3, 849.68
1572757032, 0, 854, 1635, 1514, 211, 7.55%, 0, 0, 3, 890.99
1572757818, 0, 864, 1635, 1513, 210, 7.55%, 0, 0, 3, 868.17
1572758467, 0, 867, 1635, 1512, 209, 7.55%, 0, 0, 3, 850.72
1572758691, 0, 867, 1636, 1513, 209, 7.55%, 0, 0, 3, 924.41
1572759028, 0, 870, 1636, 1512, 209, 7.55%, 0, 0, 3, 935.49
1572759685, 0, 872, 1636, 1511, 208, 7.55%, 0, 0, 3, 1039.60
1572759889, 0, 878, 1636, 1510, 207, 7.55%, 0, 0, 3, 941.88
1572759995, 0, 878, 1637, 1511, 207, 7.55%, 0, 0, 3, 1042.04
1572760031, 0, 884, 1638, 1511, 207, 7.56%, 0, 0, 3, 1034.14
1572760626, 0, 889, 1638, 1510, 206, 7.56%, 0, 0, 3, 921.86
1572761095, 0, 898, 1638, 1509, 205, 7.56%, 0, 0, 3, 900.32
1572761785, 0, 906, 1638, 1508, 204, 7.56%, 0, 0, 3, 855.85
1572762759, 0, 909, 1638, 1507, 203, 7.56%, 0, 0, 3, 834.82
1572763441, 0, 914, 1638, 1506, 201, 7.56%, 0, 0, 3, 829.53
1572763503, 0, 914, 1639, 1507, 201, 7.56%, 0, 0, 3, 819.15
1572763534, 0, 914, 1640, 1508, 201, 7.58%, 0, 0, 3, 819.83
1572763756, 0, 914, 1641, 1509, 201, 7.58%, 0, 0, 3, 821.21
1572764125, 0, 918, 1641, 1508, 201, 7.58%, 0, 0, 3, 937.37
1572764545, 0, 919, 1641, 1507, 200, 7.58%, 0, 0, 3, 957.01
1572765010, 0, 920, 1641, 1506, 199, 7.58%, 0, 0, 3, 879.47
1572765733, 0, 922, 1641, 1505, 199, 7.58%, 0, 0, 3, 840.78
1572766328, 0, 926, 1641, 1504, 198, 7.58%, 0, 0, 3, 922.87
1572767016, 0, 926, 1642, 1505, 198, 7.58%, 0, 0, 3, 856.12
1572767144, 0, 930, 1642, 1504, 199, 7.58%, 0, 0, 3, 868.55
1572767149, 0, 930, 1644, 1506, 199, 7.58%, 0, 0, 3, 858.17
1572767189, 0, 930, 1645, 1507, 199, 7.58%, 0, 0, 3, 855.84
1572767287, 0, 930, 1647, 1509, 199, 7.58%, 0, 0, 3, 862.24
1572767322, 0, 930, 1648, 1510, 199, 7.58%, 0, 0, 3, 852.30
1572767327, 0, 930, 1649, 1511, 199, 7.58%, 0, 0, 3, 853.24
1572767588, 0, 930, 1650, 1512, 199, 7.58%, 0, 0, 3, 858.90
1572767695, 0, 933, 1650, 1511, 202, 7.58%, 0, 0, 3, 980.33
1572768379, 0, 937, 1650, 1510, 201, 7.58%, 0, 0, 3, 1011.25
1572769016, 0, 941, 1650, 1509, 200, 7.58%, 0, 0, 3, 875.82
1572769120, 0, 941, 1651, 1510, 200, 7.58%, 0, 0, 3, 813.31
1572769705, 0, 941, 1652, 1511, 200, 7.58%, 0, 0, 3, 816.78
1572769710, 0, 958, 1653, 1511, 202, 7.58%, 0, 0, 3, 839.20
1572770391, 0, 960, 1653, 1510, 201, 7.58%, 0, 0, 3, 833.52
1572770550, 0, 960, 1654, 1511, 201, 7.58%, 0, 0, 3, 836.49
1572771102, 0, 960, 1655, 1512, 201, 7.58%, 0, 0, 3, 813.22
1572771107, 0, 968, 1655, 1511, 201, 7.58%, 0, 0, 3, 864.49
1572771907, 0, 987, 1655, 1510, 200, 7.58%, 0, 0, 3, 836.03
1572772603, 0, 987, 1657, 1512, 200, 7.58%, 0, 0, 3, 827.97
1572772608, 0, 991, 1657, 1511, 200, 7.58%, 0, 0, 3, 819.57
1572772654, 0, 991, 1660, 1514, 200, 7.60%, 0, 0, 3, 810.91
1572772751, 0, 991, 1661, 1515, 200, 7.62%, 0, 0, 3, 807.75
1572772756, 0, 991, 1662, 1516, 200, 7.62%, 0, 0, 3, 826.02
1572772909, 0, 991, 1663, 1517, 200, 7.62%, 0, 0, 3, 807.09
1572772914, 0, 991, 1665, 1519, 200, 7.64%, 0, 0, 3, 806.86
1572773303, 0, 992, 1665, 1518, 202, 7.64%, 0, 0, 3, 839.76
1572774442, 0, 994, 1666, 1518, 202, 7.64%, 0, 0, 3, 870.56
1572774458, 0, 994, 1667, 1519, 202, 7.64%, 0, 0, 3, 850.01
1572774612, 0, 994, 1668, 1520, 202, 7.64%, 0, 0, 3, 848.08
1572774674, 0, 994, 1669, 1521, 202, 7.64%, 0, 0, 3, 847.86
1572774720, 0, 994, 1670, 1522, 202, 7.64%, 0, 0, 3, 847.71
1572775118, 0, 996, 1670, 1521, 202, 7.64%, 0, 0, 3, 797.69
1572775892, 0, 998, 1670, 1520, 202, 7.64%, 0, 0, 3, 886.84
1572776410, 0, 1005, 1670, 1519, 201, 7.64%, 0, 0, 3, 965.67
1572776487, 0, 1005, 1671, 1520, 201, 7.64%, 0, 0, 3, 976.20
1572776963, 0, 1005, 1673, 1522, 201, 7.65%, 0, 0, 3, 974.41
1572776968, 0, 1005, 1674, 1523, 201, 7.65%, 0, 0, 3, 966.96
1572776973, 0, 1005, 1675, 1524, 201, 7.65%, 0, 0, 3, 964.62
1572776984, 0, 1009, 1675, 1523, 201, 7.65%, 0, 0, 3, 999.75
1572777493, 0, 1013, 1675, 1522, 200, 7.65%, 0, 0, 3, 893.41
1572778729, 0, 1022, 1675, 1521, 200, 7.65%, 0, 0, 3, 727.67
1572779425, 0, 1029, 1675, 1520, 199, 7.65%, 0, 0, 3, 854.36
1572779470, 0, 1029, 1676, 1521, 199, 7.65%, 0, 0, 3, 840.76
1572780111, 0, 1034, 1676, 1520, 199, 7.65%, 0, 0, 3, 1028.28
1572780440, 0, 1035, 1677, 1520, 199, 7.65%, 0, 0, 3, 1022.50
1572781209, 0, 1038, 1677, 1519, 198, 7.65%, 0, 0, 3, 848.72
1572781804, 0, 1041, 1677, 1518, 197, 7.65%, 0, 0, 3, 864.83
1572782510, 0, 1045, 1677, 1517, 196, 7.65%, 0, 0, 3, 838.27
1572782814, 0, 1045, 1679, 1519, 196, 7.65%, 0, 0, 3, 797.01
1572783214, 0, 1045, 1680, 1520, 196, 7.65%, 0, 0, 3, 806.93
1572783220, 0, 1051, 1680, 1519, 196, 7.65%, 0, 0, 3, 932.14
1572783649, 0, 1051, 1681, 1520, 196, 7.65%, 0, 0, 3, 978.41
1572783654, 0, 1057, 1681, 1519, 196, 7.65%, 0, 0, 3, 1022.98
1572783659, 0, 1057, 1682, 1520, 196, 7.65%, 0, 0, 3, 1041.23
1572783664, 0, 1057, 1683, 1521, 196, 7.65%, 0, 0, 3, 1041.08
1572783790, 0, 1057, 1684, 1522, 196, 7.65%, 0, 0, 3, 1038.34
1572783880, 0, 1057, 1685, 1523, 196, 7.65%, 0, 0, 3, 1008.06
1572783886, 0, 1061, 1685, 1522, 196, 7.65%, 0, 0, 3, 1022.63
1572784141, 0, 1062, 1685, 1521, 195, 7.65%, 0, 0, 3, 963.24
1572784182, 0, 1062, 1686, 1522, 195, 7.65%, 0, 0, 3, 857.50
1572784847, 0, 1065, 1686, 1521, 195, 7.65%, 0, 0, 3, 912.46
1572785632, 0, 1071, 1686, 1520, 194, 7.65%, 0, 0, 3, 881.62
1572786278, 0, 1088, 1687, 1520, 194, 7.65%, 0, 0, 3, 859.65
1572787289, 0, 1091, 1688, 1520, 195, 7.65%, 0, 0, 3, 847.28
1572788026, 0, 1091, 1690, 1522, 195, 7.65%, 0, 0, 3, 815.69
1572788031, 0, 1098, 1690, 1521, 195, 7.65%, 0, 0, 3, 828.75
1572788228, 0, 1098, 1691, 1522, 195, 7.65%, 0, 0, 3, 816.53
1572788326, 0, 1098, 1692, 1523, 195, 7.65%, 0, 0, 3, 819.39
1572788702, 0, 1103, 1692, 1522, 196, 7.65%, 0, 0, 3, 923.89
