# unix_time, cycles_done, cur_path, paths_total, pending_total, pending_favs, map_size, unique_crashes, unique_hangs, max_depth, execs_per_sec
1572033130, 0, 0, 1, 1, 1, 3.44%, 0, 0, 1, 1333.33
1572033135, 0, 0, 65, 65, 1, 5.10%, 0, 0, 2, 1310.31
1572033140, 0, 0, 93, 93, 1, 5.14%, 0, 0, 2, 1364.91
1572033161, 0, 0, 220, 220, 1, 5.63%, 0, 0, 2, 1219.75
1572033166, 0, 0, 246, 246, 1, 5.69%, 0, 0, 2, 1286.53
1572033186, 0, 0, 253, 253, 1, 5.69%, 0, 0, 2, 1310.70
1572033191, 0, 0, 275, 275, 1, 5.77%, 0, 0, 2, 1257.09
1572033196, 0, 0, 285, 285, 1, 5.78%, 0, 0, 2, 1285.30
1572033217, 0, 0, 291, 291, 1, 5.80%, 0, 0, 2, 1299.61
1572033222, 0, 0, 306, 306, 1, 5.84%, 0, 0, 2, 1283.21
1572033227, 0, 0, 348, 348, 1, 5.88%, 0, 0, 2, 1253.83
1572033232, 0, 0, 369, 369, 1, 5.92%, 0, 0, 2, 1234.65
1572033248, 0, 0, 394, 394, 1, 6.03%, 0, 0, 2, 1112.34
1572033253, 0, 0, 406, 406, 1, 6.05%, 0, 0, 2, 1126.45
1572033258, 0, 0, 414, 414, 1, 6.06%, 0, 0, 2, 1162.41
1572033263, 0, 0, 418, 418, 1, 6.06%, 0, 0, 2, 1225.43
1572033268, 0, 0, 419, 419, 1, 6.06%, 0, 0, 2, 1191.57
1572033273, 0, 0, 427, 427, 1, 6.07%, 0, 0, 2, 1190.20
1572033278, 0, 0, 432, 432, 1, 6.07%, 0, 0, 2, 1202.66
1572033293, 0, 0, 435, 435, 1, 6.07%, 0, 0, 2, 1133.89
1572033298, 0, 0, 444, 444, 1, 6.11%, 0, 0, 2, 1136.54
1572033303, 0, 0, 750, 750, 1, 6.56%, 0, 0, 2, 1040.70
1572033308, 0, 0, 933, 933, 1, 6.73%, 0, 0, 2, 1003.75
1572033313, 0, 0, 1017, 1017, 1, 6.78%, 0, 0, 2, 1007.78
1572033319, 0, 0, 1073, 1073, 1, 6.80%, 0, 0, 2, 1002.67
1572033324, 0, 0, 1114, 1114, 1, 6.82%, 0, 0, 2, 1000.18
1572033329, 0, 0, 1152, 1152, 1, 6.85%, 0, 0, 2, 995.73
1572033334, 0, 0, 1182, 1182, 1, 6.98%, 0, 0, 2, 1001.54
1572033339, 0, 4, 1208, 1207, 225, 6.99%, 0, 0, 2, 998.88
1572033349, 0, 4, 1209, 1208, 225, 6.99%, 0, 0, 3, 947.19
1572033385, 0, 4, 1210, 1209, 225, 6.99%, 0, 0, 3, 952.69
1572033483, 0, 4, 1211, 1210, 225, 6.99%, 0, 0, 3, 951.54
1572033493, 0, 4, 1215, 1214, 225, 6.99%, 0, 0, 3, 945.41
1572033523, 0, 4, 1216, 1215, 225, 6.99%, 0, 0, 3, 898.36
1572033559, 0, 4, 1217, 1216, 225, 6.99%, 0, 0, 3, 952.71
1572033830, 0, 4, 1218, 1217, 225, 6.99%, 0, 0, 3, 946.03
1572033835, 0, 4, 1219, 1218, 225, 6.99%, 0, 0, 3, 942.75
1572033952, 0, 4, 1231, 1230, 225, 7.00%, 0, 0, 3, 927.99
1572033957, 0, 4, 1240, 1239, 225, 7.01%, 0, 0, 3, 955.08
1572033962, 0, 4, 1251, 1250, 225, 7.03%, 0, 0, 3, 923.35
1572033967, 0, 4, 1258, 1257, 225, 7.03%, 0, 0, 3, 921.15
1572033972, 0, 4, 1270, 1269, 225, 7.04%, 0, 0, 3, 916.61
1572033977, 0, 4, 1278, 1277, 225, 7.04%, 0, 0, 3, 949.62
1572033982, 0, 4, 1283, 1282, 225, 7.04%, 0, 0, 3, 960.43
1572033988, 0, 23, 1286, 1284, 234, 7.04%, 0, 0, 3, 1013.13
1572033993, 0, 23, 1292, 1290, 234, 7.06%, 0, 0, 3, 1047.62
1572034059, 0, 23, 1294, 1292, 234, 7.06%, 0, 0, 3, 1035.48
1572034064, 0, 23, 1295, 1293, 234, 7.06%, 0, 0, 3, 1038.90
1572034105, 0, 23, 1296, 1294, 234, 7.06%, 0, 0, 3, 1019.46
1572034115, 0, 23, 1297, 1295, 234, 7.06%, 0, 0, 3, 1055.57
1572034125, 0, 23, 1299, 1297, 234, 7.06%, 0, 0, 3, 1031.20
1572034135, 0, 23, 1300, 1298, 234, 7.06%, 0, 0, 3, 1033.31
1572034232, 0, 23, 1302, 1300, 234, 7.06%, 0, 0, 3, 984.60
1572034435, 0, 23, 1303, 1301, 234, 7.06%, 0, 0, 3, 967.63
1572034547, 0, 23, 1304, 1302, 234, 7.06%, 0, 0, 3, 1009.14
1572034552, 0, 23, 1315, 1313, 234, 7.08%, 0, 0, 3, 977.84
1572034557, 0, 23, 1324, 1322, 234, 7.08%, 0, 0, 3, 956.77
1572034562, 0, 23, 1336, 1334, 234, 7.10%, 0, 0, 3, 943.96
1572034567, 0, 23, 1344, 1342, 234, 7.10%, 0, 0, 3, 954.52
1572034572, 0, 23, 1348, 1346, 234, 7.10%, 0, 0, 3, 911.87
1572034578, 0, 23, 1351, 1349, 234, 7.10%, 0, 0, 3, 947.80
1572034583, 0, 23, 1355, 1353, 234, 7.10%, 0, 0, 3, 929.93
1572034588, 0, 26, 1355, 1352, 244, 7.10%, 0, 0, 3, 971.66
1572035162, 0, 26, 1359, 1356, 244, 7.10%, 0, 0, 3, 893.58
1572035167, 0, 26, 1362, 1359, 244, 7.10%, 0, 0, 3, 898.60
1572035172, 0, 26, 1368, 1365, 244, 7.11%, 0, 0, 3, 952.82
1572035177, 0, 26, 1373, 1370, 244, 7.11%, 0, 0, 3, 951.50
1572035182, 0, 26, 1377, 1374, 244, 7.11%, 0, 0, 3, 950.95
1572035187, 0, 26, 1382, 1379, 244, 7.12%, 0, 0, 3, 945.66
1572035192, 0, 26, 1389, 1386, 244, 7.12%, 0, 0, 3, 964.22
1572035197, 0, 34, 1390, 1386, 245, 7.12%, 0, 0, 3, 1013.42
1572035776, 0, 36, 1390, 1385, 244, 7.12%, 0, 0, 3, 913.91
1572036346, 0, 36, 1392, 1387, 244, 7.12%, 0, 0, 3, 993.49
1572036351, 0, 42, 1392, 1386, 243, 7.12%, 0, 0, 3, 1109.79
1572036453, 0, 42, 1393, 1387, 243, 7.12%, 0, 0, 3, 1115.91
1572036554, 0, 42, 1398, 1392, 243, 7.12%, 0, 0, 3, 993.38
1572036560, 0, 42, 1402, 1396, 243, 7.13%, 0, 0, 3, 936.45
1572036565, 0, 42, 1407, 1401, 243, 7.13%, 0, 0, 3, 945.10
1572036570, 0, 42, 1412, 1406, 243, 7.14%, 0, 0, 3, 901.32
1572036575, 0, 42, 1417, 1411, 243, 7.14%, 0, 0, 3, 905.66
1572036580, 0, 42, 1421, 1415, 243, 7.14%, 0, 0, 3, 931.33
1572036585, 0, 42, 1424, 1418, 243, 7.14%, 0, 0, 3, 970.90
1572036590, 0, 59, 1424, 1417, 247, 7.14%, 0, 0, 3, 1112.81
1572036789, 0, 59, 1427, 1420, 247, 7.14%, 0, 0, 3, 1027.89
1572036794, 0, 59, 1433, 1426, 247, 7.15%, 0, 0, 3, 1007.88
1572036799, 0, 59, 1441, 1434, 247, 7.22%, 0, 0, 3, 1001.45
1572036804, 0, 59, 1444, 1437, 247, 7.22%, 0, 0, 3, 1002.33
1572036809, 0, 59, 1447, 1440, 247, 7.22%, 0, 0, 3, 991.33
1572036814, 0, 59, 1451, 1444, 247, 7.22%, 0, 0, 3, 989.02
1572036819, 0, 99, 1457, 1449, 248, 7.22%, 0, 0, 3, 983.76
1572037448, 0, 103, 1457, 1448, 247, 7.22%, 0, 0, 3, 1021.68
1572037473, 0, 103, 1458, 1449, 247, 7.22%, 0, 0, 3, 1252.70
1572037478, 0, 103, 1459, 1450, 247, 7.22%, 0, 0, 3, 1193.53
1572037535, 0, 103, 1460, 1451, 247, 7.22%, 0, 0, 3, 1214.88
1572037550, 0, 103, 1461, 1452, 247, 7.22%, 0, 0, 3, 1178.23
1572037616, 0, 103, 1462, 1453, 247, 7.22%, 0, 0, 3, 1118.55
1572037636, 0, 103, 1464, 1455, 247, 7.22%, 0, 0, 3, 953.92
1572037641, 0, 103, 1465, 1456, 247, 7.22%, 0, 0, 3, 907.00
1572037646, 0, 103, 1469, 1460, 247, 7.23%, 0, 0, 3, 941.43
1572037651, 0, 103, 1470, 1461, 247, 7.23%, 0, 0, 3, 975.46
1572037656, 0, 103, 1472, 1463, 247, 7.23%, 0, 0, 3, 990.59
1572037661, 0, 103, 1476, 1467, 247, 7.25%, 0, 0, 3, 988.70
1572037667, 0, 103, 1478, 1469, 247, 7.26%, 0, 0, 3, 964.69
1572037672, 0, 113, 1479, 1469, 252, 7.26%, 0, 0, 3, 946.72
1572037707, 0, 113, 1480, 1470, 252, 7.26%, 0, 0, 3, 883.84
1572037727, 0, 113, 1481, 1471, 252, 7.26%, 0, 0, 3, 916.58
1572037748, 0, 113, 1482, 1472, 252, 7.26%, 0, 0, 3, 940.16
1572037758, 0, 113, 1483, 1473, 252, 7.26%, 0, 0, 3, 948.02
1572037788, 0, 113, 1484, 1474, 252, 7.26%, 0, 0, 3, 921.88
1572037911, 0, 113, 1485, 1475, 252, 7.26%, 0, 0, 3, 932.90
1572038297, 0, 115, 1485, 1474, 252, 7.26%, 0, 0, 3, 1118.96
1572038323, 0, 115, 1488, 1477, 252, 7.28%, 0, 0, 3, 1201.69
1572038495, 0, 116, 1489, 1477, 254, 7.28%, 0, 0, 3, 1024.72
1572038739, 0, 116, 1490, 1478, 254, 7.28%, 0, 0, 3, 914.25
1572039119, 0, 117, 1491, 1478, 253, 7.28%, 0, 0, 3, 946.29
1572039145, 0, 117, 1492, 1479, 253, 7.29%, 0, 0, 3, 1257.43
1572039282, 0, 117, 1493, 1480, 253, 7.29%, 0, 0, 3, 1129.16
1572039302, 0, 119, 1493, 1479, 254, 7.29%, 0, 0, 3, 1018.38
1572039343, 0, 119, 1494, 1480, 254, 7.29%, 0, 0, 3, 922.99
1572039424, 0, 119, 1495, 1481, 254, 7.29%, 0, 0, 3, 931.94
1572039938, 0, 121, 1495, 1480, 254, 7.29%, 0, 0, 3, 930.59
1572040570, 0, 121, 1498, 1483, 254, 7.29%, 0, 0, 3, 929.93
1572040575, 0, 121, 1502, 1487, 254, 7.30%, 0, 0, 3, 946.11
1572040580, 0, 121, 1504, 1489, 254, 7.30%, 0, 0, 3, 951.44
1572040585, 0, 121, 1505, 1490, 254, 7.30%, 0, 0, 3, 938.07
1572040590, 0, 121, 1509, 1494, 254, 7.30%, 0, 0, 3, 952.28
1572040600, 0, 121, 1511, 1496, 254, 7.30%, 0, 0, 3, 951.67
1572040605, 0, 129, 1512, 1496, 252, 7.30%, 0, 0, 3, 1059.41
1572040631, 0, 129, 1513, 1497, 252, 7.30%, 0, 0, 3, 1175.33
1572040767, 0, 129, 1514, 1498, 252, 7.30%, 0, 0, 3, 1094.35
1572040793, 0, 129, 1518, 1502, 252, 7.30%, 0, 0, 3, 1020.08
1572040798, 0, 129, 1521, 1505, 252, 7.30%, 0, 0, 3, 985.26
1572040803, 0, 129, 1525, 1509, 252, 7.30%, 0, 0, 3, 976.52
1572040808, 0, 129, 1526, 1510, 252, 7.31%, 0, 0, 3, 1005.47
1572040813, 0, 129, 1528, 1512, 252, 7.33%, 0, 0, 3, 1009.09
1572040818, 0, 129, 1529, 1513, 252, 7.33%, 0, 0, 3, 1007.61
1572040823, 0, 130, 1530, 1513, 255, 7.33%, 0, 0, 3, 975.57
1572040859, 0, 130, 1531, 1514, 255, 7.54%, 0, 0, 3, 921.22
1572040899, 0, 130, 1533, 1516, 255, 7.56%, 0, 0, 3, 936.40
1572040940, 0, 130, 1534, 1517, 255, 7.56%, 0, 0, 3, 915.28
1572041066, 0, 130, 1535, 1518, 255, 7.56%, 0, 0, 3, 936.96
1572041454, 0, 136, 1535, 1517, 257, 7.56%, 0, 0, 3, 1044.60
1572041484, 0, 136, 1536, 1518, 257, 7.56%, 0, 0, 3, 1182.68
1572041652, 0, 136, 1539, 1521, 257, 7.56%, 0, 0, 3, 1030.05
1572041657, 0, 137, 1539, 1520, 257, 7.56%, 0, 0, 3, 963.26
1572041698, 0, 137, 1541, 1522, 257, 7.57%, 0, 0, 3, 879.48
1572041738, 0, 137, 1542, 1523, 257, 7.57%, 0, 0, 3, 915.60
1572041911, 0, 137, 1543, 1524, 257, 7.57%, 0, 0, 3, 900.59
1572042293, 0, 143, 1543, 1523, 259, 7.57%, 0, 0, 3, 1159.71
1572042318, 0, 143, 1545, 1525, 259, 7.57%, 0, 0, 3, 1212.53
1572042486, 0, 144, 1545, 1524, 258, 7.57%, 0, 0, 3, 1043.54
1572042527, 0, 144, 1546, 1525, 258, 7.57%, 0, 0, 3, 919.81
1572042735, 0, 144, 1547, 1526, 258, 7.58%, 0, 0, 3, 897.11
1572043117, 0, 147, 1547, 1525, 259, 7.58%, 0, 0, 3, 935.51
1572043199, 0, 147, 1548, 1526, 259, 7.58%, 0, 0, 3, 925.30
1572043755, 0, 148, 1548, 1525, 258, 7.58%, 0, 0, 3, 953.58
1572043811, 0, 148, 1549, 1526, 258, 7.58%, 0, 0, 3, 921.58
1572044386, 0, 149, 1549, 1525, 257, 7.58%, 0, 0, 3, 1014.57
1572044417, 0, 149, 1550, 1526, 257, 7.58%, 0, 0, 3, 1211.50
1572044585, 0, 151, 1550, 1525, 256, 7.58%, 0, 0, 3, 1003.22
1572045213, 0, 151, 1552, 1527, 256, 7.58%, 0, 0, 3, 942.75
1572045218, 0, 151, 1554, 1529, 256, 7.58%, 0, 0, 3, 906.80
1572045223, 0, 151, 1555, 1530, 256, 7.58%, 0, 0, 3, 896.22
1572045228, 0, 151, 1556, 1531, 256, 7.58%, 0, 0, 3, 921.18
1572045239, 0, 151, 1557, 1532, 256, 7.58%, 0, 0, 3, 968.38
1572045249, 0, 153, 1557, 1531, 255, 7.58%, 0, 0, 3, 1073.40
1572045274, 0, 153, 1558, 1532, 255, 7.58%, 0, 0, 3, 1258.35
1572045448, 0, 154, 1558, 1531, 254, 7.58%, 0, 0, 3, 1177.35
1572045473, 0, 154, 1559, 1532, 254, 7.58%, 0, 0, 3, 1212.99
1572045640, 0, 154, 1561, 1534, 254, 7.59%, 0, 0, 3, 1048.59
1572045645, 0, 154, 1563, 1536, 254, 7.59%, 0, 0, 3, 1004.73
1572045656, 0, 154, 1567, 1540, 254, 7.59%, 0, 0, 3, 1005.10
1572045666, 0, 154, 1569, 1542, 254, 7.59%, 0, 0, 3, 970.53
1572045671, 0, 154, 1572, 1545, 254, 7.59%, 0, 0, 3, 962.15
1572045676, 0, 160, 1573, 1545, 256, 7.60%, 0, 0, 3, 928.19
1572046302, 0, 160, 1574, 1546, 256, 7.60%, 0, 0, 3, 906.04
1572046307, 0, 169, 1574, 1545, 255, 7.60%, 0, 0, 3, 1118.72
1572046500, 0, 170, 1574, 1544, 254, 7.60%, 0, 0, 3, 953.42
1572046536, 0, 170, 1575, 1545, 254, 7.60%, 0, 0, 3, 932.42
1572046775, 0, 170, 1577, 1547, 254, 7.60%, 0, 0, 3, 888.12
1572047130, 0, 170, 1579, 1549, 254, 7.61%, 0, 0, 3, 965.57
1572047135, 0, 174, 1579, 1548, 255, 7.61%, 0, 0, 3, 960.18
1572047748, 0, 174, 1581, 1550, 255, 7.61%, 0, 0, 3, 929.71
1572047753, 0, 175, 1581, 1549, 254, 7.61%, 0, 0, 3, 927.73
1572048373, 0, 176, 1581, 1548, 253, 7.61%, 0, 0, 3, 952.42
1572048992, 0, 178, 1581, 1547, 252, 7.61%, 0, 0, 3, 947.99
1572049611, 0, 186, 1581, 1546, 251, 7.61%, 0, 0, 3, 871.03
1572050223, 0, 186, 1582, 1547, 251, 7.61%, 0, 0, 3, 937.73
1572050228, 0, 190, 1582, 1546, 251, 7.61%, 0, 0, 3, 939.69
1572050851, 0, 198, 1582, 1545, 251, 7.61%, 0, 0, 3, 1095.38
1572051034, 0, 212, 1582, 1544, 250, 7.61%, 0, 0, 3, 1094.44
1572051237, 0, 240, 1582, 1543, 249, 7.61%, 0, 0, 3, 1078.83
1572051430, 0, 243, 1582, 1542, 248, 7.61%, 0, 0, 3, 1105.10
1572051628, 0, 247, 1582, 1541, 248, 7.61%, 0, 0, 3, 1018.76
1572052240, 0, 253, 1582, 1540, 247, 7.61%, 0, 0, 3, 968.03
1572052245, 0, 253, 1583, 1541, 247, 7.61%, 0, 0, 3, 1033.92
1572052317, 0, 253, 1584, 1542, 247, 7.61%, 0, 0, 3, 1052.63
1572052358, 0, 253, 1585, 1543, 247, 7.61%, 0, 0, 3, 1045.11
1572052805, 0, 255, 1585, 1542, 247, 7.61%, 0, 0, 3, 967.81
1572053422, 0, 268, 1586, 1542, 246, 7.61%, 0, 0, 3, 1061.72
1572053543, 0, 268, 1587, 1543, 246, 7.62%, 0, 0, 3, 1075.77
1572053620, 0, 273, 1588, 1543, 246, 7.62%, 0, 0, 3, 1011.71
1572053712, 0, 273, 1589, 1544, 246, 7.62%, 0, 0, 3, 1166.78
1572053823, 0, 274, 1589, 1543, 245, 7.62%, 0, 0, 3, 1071.26
1572054022, 0, 276, 1590, 1543, 244, 7.62%, 0, 0, 3, 1013.53
1572054592, 0, 287, 1590, 1542, 243, 7.62%, 0, 0, 3, 883.91
1572055212, 0, 288, 1591, 1542, 242, 7.62%, 0, 0, 3, 942.11
1572055247, 0, 288, 1592, 1543, 242, 7.62%, 0, 0, 3, 936.98
1572055486, 0, 288, 1593, 1544, 242, 7.62%, 0, 0, 3, 934.21
1572055511, 0, 288, 1594, 1545, 242, 7.62%, 0, 0, 3, 944.55
1572055838, 0, 289, 1594, 1544, 243, 7.62%, 0, 0, 3, 1028.30
1572055899, 0, 289, 1595, 1545, 243, 7.62%, 0, 0, 3, 1224.46
1572055925, 0, 289, 1596, 1546, 243, 7.62%, 0, 0, 3, 1229.60
1572056036, 0, 290, 1598, 1547, 243, 7.62%, 0, 0, 3, 987.11
1572056158, 0, 290, 1599, 1548, 243, 7.62%, 0, 0, 3, 884.34
1572056510, 0, 290, 1600, 1549, 243, 7.62%, 0, 0, 3, 951.83
1572056673, 0, 291, 1600, 1548, 242, 7.62%, 0, 0, 3, 884.63
1572056709, 0, 291, 1601, 1549, 242, 7.62%, 0, 0, 3, 905.43
1572056714, 0, 291, 1602, 1550, 242, 7.62%, 0, 0, 3, 878.06
1572056754, 0, 291, 1603, 1551, 242, 7.63%, 0, 0, 3, 939.59
1572056942, 0, 291, 1604, 1552, 242, 7.63%, 0, 0, 3, 929.98
1572057294, 0, 293, 1604, 1551, 243, 7.63%, 0, 0, 3, 932.52
1572057920, 0, 317, 1604, 1550, 242, 7.63%, 0, 0, 3, 957.41
1572058528, 0, 319, 1604, 1549, 242, 7.63%, 0, 0, 3, 942.50
1572059140, 0, 320, 1604, 1548, 241, 7.63%, 0, 0, 3, 964.01
1572059752, 0, 323, 1605, 1548, 240, 7.63%, 0, 0, 3, 1102.51
1572059951, 0, 324, 1606, 1548, 238, 7.64%, 0, 0, 3, 1046.87
1572060048, 0, 324, 1607, 1549, 238, 7.64%, 0, 0, 3, 1208.93
1572060149, 0, 325, 1608, 1549, 239, 7.64%, 0, 0, 3, 994.43
1572060180, 0, 325, 1609, 1550, 239, 7.65%, 0, 0, 3, 1176.18
1572060215, 0, 325, 1610, 1551, 239, 7.65%, 0, 0, 3, 1204.28
1572060353, 0, 326, 1610, 1550, 239, 7.65%, 0, 0, 3, 1078.33
1572060414, 0, 326, 1611, 1551, 239, 7.66%, 0, 0, 3, 1256.85
1572060551, 0, 332, 1611, 1550, 239, 7.66%, 0, 0, 3, 1046.77
1572061108, 0, 335, 1611, 1549, 238, 7.66%, 0, 0, 3, 1070.00
1572061302, 0, 335, 1612, 1550, 238, 7.66%, 0, 0, 3, 1058.57
1572061307, 0, 343, 1612, 1549, 237, 7.66%, 0, 0, 3, 1166.04
1572061500, 0, 353, 1612, 1548, 236, 7.66%, 0, 0, 3, 1057.25
1572061700, 0, 353, 1616, 1552, 236, 7.67%, 0, 0, 3, 999.27
1572061705, 0, 353, 1617, 1553, 236, 7.67%, 0, 0, 3, 991.29
1572061710, 0, 353, 1619, 1555, 236, 7.67%, 0, 0, 3, 987.38
1572061715, 0, 353, 1620, 1556, 236, 7.67%, 0, 0, 3, 995.92
1572061720, 0, 353, 1621, 1557, 236, 7.67%, 0, 0, 3, 998.76
1572061725, 0, 353, 1623, 1559, 236, 7.67%, 0, 0, 3, 998.36
1572061730, 0, 356, 1625, 1560, 237, 7.67%, 0, 0, 3, 945.56
1572062345, 0, 358, 1625, 1559, 236, 7.67%, 0, 0, 3, 932.54
1572062966, 0, 360, 1625, 1558, 235, 7.67%, 0, 0, 3, 1083.42
1572062991, 0, 360, 1629, 1562, 235, 7.67%, 0, 0, 3, 1234.33
1572062997, 0, 360, 1630, 1563, 235, 7.67%, 0, 0, 3, 1230.98
1572063068, 0, 360, 1633, 1566, 235, 7.67%, 0, 0, 3, 1101.23
1572063144, 0, 360, 1634, 1567, 235, 7.67%, 0, 0, 3, 1116.06
1572063170, 0, 361, 1635, 1567, 233, 7.67%, 0, 0, 3, 957.24
1572063205, 0, 361, 1638, 1570, 233, 7.69%, 0, 0, 3, 909.61
1572063256, 0, 361, 1639, 1571, 233, 7.69%, 0, 0, 3, 839.61
1572063801, 0, 363, 1639, 1570, 236, 7.69%, 0, 0, 3, 930.70
1572064432, 0, 364, 1639, 1569, 235, 7.69%, 0, 0, 3, 969.55
1572065001, 0, 367, 1639, 1568, 234, 7.69%, 0, 0, 3, 927.63
1572065626, 0, 368, 1640, 1568, 234, 7.69%, 0, 0, 3, 922.93
1572066262, 0, 370, 1640, 1567, 233, 7.69%, 0, 0, 3, 906.04
1572066883, 0, 372, 1640, 1566, 232, 7.69%, 0, 0, 3, 925.18
1572067500, 0, 373, 1640, 1565, 231, 7.69%, 0, 0, 3, 968.56
1572068125, 0, 376, 1641, 1565, 231, 7.69%, 0, 0, 3, 944.71
1572068252, 0, 376, 1642, 1566, 231, 7.70%, 0, 0, 3, 894.10
1572068756, 0, 377, 1642, 1565, 231, 7.70%, 0, 0, 3, 903.89
1572068872, 0, 377, 1643, 1566, 231, 7.70%, 0, 0, 3, 1106.33
1572068958, 0, 381, 1643, 1565, 230, 7.70%, 0, 0, 3, 1147.27
1572068989, 0, 381, 1644, 1566, 230, 7.70%, 0, 0, 3, 1242.40
1572069075, 0, 381, 1645, 1567, 230, 7.70%, 0, 0, 3, 1161.64
1572069152, 0, 391, 1645, 1566, 230, 7.70%, 0, 0, 3, 1082.25
1572069243, 0, 391, 1646, 1567, 230, 7.70%, 0, 0, 3, 1242.54
1572069350, 0, 395, 1646, 1566, 230, 7.70%, 0, 0, 3, 1178.72
1572069467, 0, 395, 1647, 1567, 230, 7.70%, 0, 0, 3, 1094.62
1572069548, 0, 396, 1647, 1566, 229, 7.70%, 0, 0, 3, 1207.09
1572069578, 0, 396, 1648, 1567, 229, 7.70%, 0, 0, 3, 1246.03
1572069746, 0, 397, 1649, 1567, 229, 7.70%, 0, 0, 3, 1113.30
1572069944, 0, 397, 1652, 1570, 229, 7.70%, 0, 0, 3, 1032.90
1572069949, 0, 397, 1655, 1573, 229, 7.70%, 0, 0, 3, 1015.67
1572069954, 0, 397, 1657, 1575, 229, 7.71%, 0, 0, 3, 1004.03
1572069960, 0, 397, 1659, 1577, 229, 7.71%, 0, 0, 3, 978.80
1572069970, 0, 397, 1660, 1578, 229, 7.71%, 0, 0, 3, 997.57
1572069975, 0, 398, 1660, 1577, 229, 7.71%, 0, 0, 3, 983.28
1572070097, 0, 398, 1661, 1578, 229, 7.71%, 0, 0, 3, 1152.02
1572070174, 0, 409, 1661, 1577, 229, 7.71%, 0, 0, 3, 964.46
1572070804, 0, 410, 1661, 1576, 228, 7.71%, 0, 0, 3, 930.97
1572071426, 0, 417, 1661, 1575, 227, 7.71%, 0, 0, 3, 926.41
1572072053, 0, 420, 1661, 1574, 226, 7.71%, 0, 0, 3, 1156.12
1572072252, 0, 437, 1661, 1573, 225, 7.71%, 0, 0, 3, 978.97
1572072333, 0, 437, 1663, 1575, 225, 7.71%, 0, 0, 3, 945.54
1572072522, 0, 437, 1666, 1578, 225, 7.71%, 0, 0, 3, 934.51
1572072860, 0, 439, 1666, 1577, 225, 7.71%, 0, 0, 3, 1052.22
1572073058, 0, 441, 1667, 1577, 224, 7.71%, 0, 0, 3, 1053.00
1572073251, 0, 448, 1667, 1576, 223, 7.71%, 0, 0, 3, 1232.11
1572073414, 0, 460, 1667, 1575, 222, 7.71%, 0, 0, 3, 992.70
1572073419, 0, 460, 1668, 1576, 222, 7.71%, 0, 0, 3, 937.33
1572073567, 0, 460, 1669, 1577, 222, 7.71%, 0, 0, 3, 904.17
1572074063, 0, 463, 1669, 1576, 222, 7.71%, 0, 0, 3, 957.31
1572074767, 0, 463, 1670, 1577, 222, 7.72%, 0, 0, 3, 978.45
1572074788, 0, 463, 1671, 1578, 222, 7.73%, 0, 0, 3, 1030.26
1572074946, 0, 494, 1671, 1577, 223, 7.73%, 0, 0, 3, 1068.25
1572075288, 0, 496, 1671, 1576, 222, 7.73%, 0, 0, 3, 1113.14
1572075740, 0, 523, 1671, 1575, 221, 7.73%, 0, 0, 3, 1083.53
1572076143, 0, 523, 1676, 1580, 221, 7.73%, 0, 0, 3, 1072.15
1572076148, 0, 523, 1677, 1581, 221, 7.73%, 0, 0, 3, 1084.27
1572076153, 0, 523, 1679, 1583, 221, 7.74%, 0, 0, 3, 1096.39
1572076158, 0, 523, 1680, 1584, 221, 7.74%, 0, 0, 3, 1097.34
1572076163, 0, 523, 1682, 1586, 221, 7.74%, 0, 0, 3, 1100.58
1572076168, 0, 523, 1684, 1588, 221, 7.74%, 0, 0, 3, 1089.76
1572076173, 0, 541, 1684, 1587, 219, 7.74%, 0, 0, 3, 1106.75
1572076632, 0, 574, 1684, 1586, 218, 7.74%, 0, 0, 3, 1103.99
1572077080, 0, 588, 1685, 1586, 218, 7.75%, 0, 0, 3, 1111.62
1572077581, 0, 596, 1685, 1585, 217, 7.75%, 0, 0, 3, 978.64
1572078256, 0, 611, 1685, 1584, 217, 7.75%, 0, 0, 3, 941.56
1572078836, 0, 617, 1686, 1584, 216, 7.75%, 0, 0, 3, 952.07
1572079539, 0, 627, 1686, 1583, 215, 7.75%, 0, 0, 3, 1049.46
1572079759, 0, 641, 1686, 1582, 214, 7.75%, 0, 0, 3, 1050.20
1572079769, 0, 641, 1687, 1583, 214, 7.75%, 0, 0, 3, 1023.62
1572079958, 0, 641, 1688, 1584, 214, 7.75%, 0, 0, 3, 1057.15
1572080493, 0, 641, 1689, 1585, 214, 7.75%, 0, 0, 3, 1017.78
1572080499, 0, 652, 1689, 1584, 214, 7.75%, 0, 0, 3, 1049.59
1572081084, 0, 661, 1689, 1583, 213, 7.75%, 0, 0, 3, 1100.97
1572081334, 0, 661, 1690, 1584, 213, 7.75%, 0, 0, 3, 1180.87
1572081339, 0, 673, 1690, 1583, 212, 7.75%, 0, 0, 3, 1137.04
1572081741, 0, 688, 1690, 1582, 211, 7.75%, 0, 0, 3, 1081.19
1572081971, 0, 688, 1691, 1583, 211, 7.75%, 0, 0, 3, 957.13
1572082358, 0, 693, 1691, 1582, 211, 7.75%, 0, 0, 3, 956.14
1572082919, 0, 710, 1691, 1581, 211, 7.75%, 0, 0, 3, 993.49
1572083536, 0, 730, 1691, 1580, 210, 7.75%, 0, 0, 3, 945.61
1572084072, 0, 730, 1692, 1581, 210, 7.75%, 0, 0, 3, 1010.30
1572084190, 0, 730, 1695, 1584, 210, 7.75%, 0, 0, 3, 913.13
1572084195, 0, 730, 1696, 1585, 210, 7.75%, 0, 0, 3, 927.11
1572084205, 0, 735, 1696, 1584, 209, 7.75%, 0, 0, 3, 931.90
1572084323, 0, 735, 1697, 1585, 209, 7.75%, 0, 0, 3, 923.96
1572084363, 0, 735, 1698, 1586, 209, 7.75%, 0, 0, 3, 917.47
1572084792, 0, 737, 1698, 1585, 209, 7.75%, 0, 0, 3, 975.81
1572084920, 0, 737, 1699, 1586, 209, 7.75%, 0, 0, 3, 1002.08
1572085027, 0, 737, 1700, 1587, 209, 7.75%, 0, 0, 3, 1005.68
1572085332, 0, 761, 1701, 1587, 209, 7.76%, 0, 0, 3, 1017.47
1572085812, 0, 767, 1703, 1588, 208, 7.76%, 0, 0, 3, 1031.10
1572086409, 0, 799, 1703, 1587, 207, 7.76%, 0, 0, 3, 1219.79
1572086506, 0, 804, 1704, 1587, 206, 7.76%, 0, 0, 3, 1108.14
1572087046, 0, 811, 1704, 1586, 205, 7.76%, 0, 0, 3, 1042.93
1572087657, 0, 834, 1704, 1585, 204, 7.76%, 0, 0, 3, 873.57
1572088392, 0, 839, 1704, 1584, 204, 7.76%, 0, 0, 3, 1088.81
1572088815, 0, 840, 1704, 1583, 204, 7.76%, 0, 0, 3, 1127.38
1572089030, 0, 869, 1705, 1583, 204, 7.76%, 0, 0, 3, 1104.83
1572089734, 0, 881, 1705, 1582, 203, 7.76%, 0, 0, 3, 1053.46
1572089974, 0, 883, 1705, 1581, 202, 7.76%, 0, 0, 3, 1109.85
1572090652, 0, 884, 1705, 1580, 201, 7.76%, 0, 0, 3, 1084.87
1572090891, 0, 892, 1705, 1579, 200, 7.76%, 0, 0, 3, 1062.21
1572091480, 0, 900, 1705, 1578, 199, 7.76%, 0, 0, 3, 1039.12
1572091526, 0, 900, 1706, 1579, 199, 7.76%, 0, 0, 3, 1104.93
1572092003, 0, 904, 1706, 1578, 199, 7.76%, 0, 0, 3, 1029.60
1572092519, 0, 906, 1706, 1577, 198, 7.76%, 0, 0, 3, 949.29
1572093136, 0, 908, 1706, 1576, 197, 7.76%, 0, 0, 3, 952.83
1572093761, 0, 915, 1707, 1576, 196, 7.76%, 0, 0, 3, 993.83
1572094020, 0, 915, 1708, 1577, 196, 7.76%, 0, 0, 3, 1070.72
1572094689, 0, 929, 1708, 1576, 196, 7.76%, 0, 0, 3, 1008.34
1572094694, 0, 929, 1709, 1577, 196, 7.76%, 0, 0, 3, 968.39
1572094929, 0, 929, 1710, 1578, 196, 7.76%, 0, 0, 3, 966.54
1572095311, 0, 929, 1712, 1580, 196, 7.76%, 0, 0, 3, 915.36
1572095316, 0, 939, 1712, 1579, 195, 7.76%, 0, 0, 3, 1061.62
1572095434, 0, 941, 1712, 1578, 194, 7.76%, 0, 0, 3, 1153.01
1572095565, 0, 941, 1713, 1579, 194, 7.77%, 0, 0, 3, 1120.23
1572095667, 0, 943, 1713, 1578, 194, 7.77%, 0, 0, 3, 980.06
1572096090, 0, 954, 1713, 1577, 193, 7.77%, 0, 0, 3, 931.91
1572096763, 0, 956, 1714, 1577, 192, 7.77%, 0, 0, 3, 1113.86
1572096788, 0, 956, 1715, 1578, 192, 7.77%, 0, 0, 3, 1247.72
1572096875, 0, 961, 1715, 1577, 192, 7.77%, 0, 0, 3, 1171.98
1572097114, 0, 961, 1716, 1578, 192, 7.77%, 0, 0, 3, 1097.50
1572097414, 0, 961, 1719, 1581, 192, 7.77%, 0, 0, 3, 1047.27
1572097419, 0, 961, 1720, 1582, 192, 7.77%, 0, 0, 3, 968.60
1572097429, 0, 966, 1720, 1581, 193, 7.77%, 0, 0, 3, 958.66
1572098331, 0, 968, 1720, 1580, 192, 7.77%, 0, 0, 3, 974.74
1572098917, 0, 989, 1720, 1579, 191, 7.77%, 0, 0, 3, 1144.49
1572099090, 0, 994, 1721, 1579, 190, 7.77%, 0, 0, 3, 1068.21
1572099201, 0, 994, 1722, 1580, 190, 7.77%, 0, 0, 3, 989.06
1572099231, 0, 994, 1723, 1581, 190, 7.77%, 0, 0, 3, 941.31
1572100097, 0, 994, 1725, 1583, 190, 7.77%, 0, 0, 3, 969.61
1572100102, 0, 999, 1725, 1582, 189, 7.77%, 0, 0, 3, 1085.09
1572100327, 0, 999, 1726, 1583, 189, 7.77%, 0, 0, 3, 1111.23
1572100639, 0, 1016, 1726, 1582, 189, 7.77%, 0, 0, 3, 989.56
1572100755, 0, 1016, 1727, 1583, 189, 7.77%, 0, 0, 3, 1096.63
1572101340, 0, 1022, 1727, 1582, 188, 7.77%, 0, 0, 3, 1076.93
1572101864, 0, 1026, 1727, 1581, 187, 7.77%, 0, 0, 3, 907.55
1572102352, 0, 1026, 1729, 1583, 187, 7.77%, 0, 0, 3, 925.77
1572102357, 0, 1039, 1729, 1582, 186, 7.77%, 0, 0, 3, 961.84
1572102841, 0, 1041, 1729, 1581, 185, 7.77%, 0, 0, 3, 1045.67
1572103652, 0, 1042, 1729, 1580, 184, 7.77%, 0, 0, 3, 1072.02
1572104166, 0, 1063, 1729, 1579, 183, 7.77%, 0, 0, 3, 1053.11
1572104400, 0, 1066, 1729, 1578, 182, 7.77%, 0, 0, 3, 1111.98
1572104670, 0, 1082, 1729, 1577, 181, 7.77%, 0, 0, 3, 1003.45
1572104869, 0, 1082, 1730, 1578, 181, 7.77%, 0, 0, 3, 1008.45
1572105202, 0, 1083, 1730, 1577, 181, 7.77%, 0, 0, 3, 1133.62
1572105304, 0, 1083, 1731, 1578, 181, 7.77%, 0, 0, 3, 1187.55
1572105350, 0, 1084, 1731, 1577, 180, 7.77%, 0, 0, 3, 1138.18
1572105680, 0, 1088, 1731, 1576, 179, 7.77%, 0, 0, 3, 1094.38
1572106118, 0, 1101, 1731, 1575, 178, 7.77%, 0, 0, 3, 1017.86
1572106574, 0, 1105, 1731, 1574, 177, 7.77%, 0, 0, 3, 1015.78
1572106743, 0, 1113, 1731, 1573, 176, 7.77%, 0, 0, 3, 1116.65
1572107457, 0, 1113, 1735, 1577, 176, 7.77%, 0, 0, 3, 1079.99
1572107666, 0, 1124, 1735, 1576, 175, 7.77%, 0, 0, 3, 992.28
1572108268, 0, 1127, 1735, 1575, 174, 7.77%, 0, 0, 3, 909.85
1572108349, 0, 1127, 1736, 1576, 174, 7.77%, 0, 0, 3, 1018.54
1572108725, 0, 1128, 1736, 1575, 174, 7.77%, 0, 0, 3, 979.29
1572109350, 0, 1129, 1736, 1574, 173, 7.77%, 0, 0, 3, 1090.33
1572109473, 0, 1151, 1737, 1574, 172, 7.77%, 0, 0, 3, 1148.53
1572109696, 0, 1152, 1737, 1573, 171, 7.77%, 0, 0, 3, 1007.65
1572109732, 0, 1152, 1741, 1577, 171, 7.81%, 0, 0, 3, 912.86
1572109773, 0, 1152, 1743, 1579, 171, 7.83%, 0, 0, 3, 928.41
1572109808, 0, 1152, 1745, 1581, 171, 7.83%, 0, 0, 3, 935.90
1572109976, 0, 1152, 1749, 1585, 171, 7.86%, 0, 0, 3, 948.48
1572110369, 0, 1158, 1749, 1584, 175, 7.86%, 0, 0, 3, 952.28
1572110828, 0, 1161, 1749, 1583, 174, 7.86%, 0, 0, 3, 1072.94
1572111477, 0, 1162, 1749, 1582, 173, 7.86%, 0, 0, 3, 1075.08
1572111497, 0, 1162, 1750, 1583, 173, 7.86%, 0, 0, 3, 999.86
1572112006, 0, 1163, 1750, 1582, 173, 7.86%, 0, 0, 3, 1092.65
1572112128, 0, 1164, 1750, 1581, 172, 7.86%, 0, 0, 3, 1026.69
1572112651, 0, 1165, 1750, 1580, 171, 7.86%, 0, 0, 3, 1064.08
1572113285, 0, 1168, 1750, 1579, 170, 7.86%, 0, 0, 3, 1100.14
1572113891, 0, 1175, 1750, 1578, 169, 7.86%, 0, 0, 3, 1074.06
1572114386, 0, 1175, 1751, 1579, 169, 7.86%, 0, 0, 3, 955.88
1572114509, 0, 1193, 1751, 1578, 169, 7.86%, 0, 0, 3, 947.21
1572114601, 0, 1193, 1752, 1579, 169, 7.86%, 0, 0, 3, 952.56
1572114672, 0, 1193, 1753, 1580, 169, 7.86%, 0, 0, 3, 925.18
1572114789, 0, 1193, 1754, 1581, 169, 7.86%, 0, 0, 3, 948.38
1572115147, 0, 1198, 1754, 1580, 168, 7.86%, 0, 0, 3, 886.03
1572115300, 0, 1198, 1755, 1581, 168, 7.86%, 0, 0, 3, 981.13
1572115717, 0, 1203, 1755, 1580, 167, 7.86%, 0, 0, 3, 949.55
1572115819, 0, 1203, 1756, 1581, 167, 7.86%, 0, 0, 3, 918.29
1572115951, 0, 1203, 1757, 1582, 167, 7.86%, 0, 0, 3, 931.50
1572116497, 0, 1216, 1757, 1581, 167, 7.86%, 0, 0, 3, 1056.03
1572116884, 0, 1219, 1758, 1581, 166, 7.86%, 0, 0, 4, 994.27
1572117425, 0, 1219, 1759, 1582, 166, 7.86%, 0, 0, 4, 952.05
1572117430, 0, 1229, 1759, 1581, 166, 7.86%, 0, 0, 4, 918.15
1572118181, 0, 1235, 1759, 1580, 165, 7.86%, 0, 0, 4, 975.81
1572118187, 0, 1235, 1760, 1581, 165, 7.86%, 0, 0, 4, 976.27
1572118222, 0, 1235, 1761, 1582, 165, 7.86%, 0, 0, 4, 906.42
1572118664, 0, 1235, 1763, 1584, 165, 7.86%, 0, 0, 4, 990.99
1572118679, 0, 1235, 1764, 1585, 165, 7.86%, 0, 0, 4, 1003.46
1572118776, 0, 1237, 1764, 1584, 165, 7.86%, 0, 0, 4, 1082.33
1572119271, 0, 1238, 1764, 1583, 164, 7.86%, 0, 0, 4, 1024.69
1572119408, 0, 1238, 1765, 1584, 164, 7.86%, 0, 0, 4, 969.12
