# unix_time, cycles_done, cur_path, paths_total, pending_total, pending_favs, map_size, unique_crashes, unique_hangs, max_depth, execs_per_sec
1572353367, 0, 0, 1, 1, 1, 0.57%, 0, 0, 1, 25.08
1572353393, 0, 0, 12, 12, 1, 0.68%, 0, 0, 2, 36.54
1572353408, 0, 0, 18, 18, 1, 0.70%, 0, 0, 2, 334.78
1572353413, 0, 0, 30, 30, 1, 0.76%, 0, 0, 2, 31.75
1572353418, 0, 0, 54, 54, 1, 0.97%, 1, 0, 2, 28.04
1572353423, 0, 0, 63, 63, 1, 0.98%, 1, 0, 2, 25.31
1572353428, 0, 0, 68, 68, 1, 0.99%, 1, 0, 2, 33.75
1572353433, 0, 0, 73, 73, 1, 0.99%, 1, 0, 2, 37.37
1572353439, 0, 0, 75, 75, 1, 0.99%, 1, 0, 2, 33.72
1572353444, 0, 0, 78, 78, 1, 0.99%, 1, 0, 2, 34.62
1572353454, 0, 0, 84, 84, 1, 0.99%, 1, 0, 2, 31.95
1572353459, 0, 0, 87, 87, 1, 0.99%, 1, 0, 2, 31.30
1572353464, 0, 0, 88, 88, 1, 0.99%, 1, 0, 2, 31.62
1572353474, 0, 0, 91, 91, 1, 0.99%, 1, 0, 2, 33.11
1572353479, 0, 0, 92, 92, 1, 0.99%, 1, 0, 2, 28.39
1572353484, 0, 0, 95, 95, 1, 0.99%, 1, 0, 2, 27.04
1572353489, 0, 0, 97, 97, 1, 0.99%, 1, 0, 2, 26.40
1572353494, 0, 0, 101, 101, 1, 0.99%, 1, 0, 2, 30.88
1572353500, 0, 0, 109, 109, 1, 0.99%, 1, 0, 2, 27.97
1572353505, 0, 0, 110, 110, 1, 0.99%, 1, 0, 2, 29.52
1572353510, 0, 0, 113, 113, 1, 0.99%, 1, 0, 2, 31.56
1572353520, 0, 0, 115, 115, 1, 0.99%, 1, 0, 2, 31.34
1572353535, 0, 0, 116, 116, 1, 0.99%, 1, 0, 2, 28.86
1572353540, 0, 0, 117, 117, 1, 0.99%, 1, 0, 2, 29.30
1572353555, 0, 0, 119, 119, 1, 0.99%, 1, 0, 2, 30.69
1572353565, 0, 0, 120, 120, 1, 0.99%, 1, 0, 2, 29.41
1572353571, 0, 0, 125, 125, 1, 0.99%, 1, 0, 2, 28.97
1572353576, 0, 0, 126, 126, 1, 0.99%, 1, 0, 2, 31.54
1572353586, 0, 0, 127, 127, 1, 0.99%, 1, 0, 2, 29.09
1572353596, 0, 0, 128, 128, 1, 0.99%, 1, 0, 2, 30.04
1572353606, 0, 0, 131, 131, 1, 0.99%, 1, 0, 2, 29.27
1572353611, 0, 0, 132, 132, 1, 0.99%, 1, 0, 2, 26.90
1572353621, 0, 0, 133, 133, 1, 0.99%, 1, 0, 2, 29.31
1572353626, 0, 0, 135, 135, 1, 0.99%, 1, 0, 2, 29.73
1572353637, 0, 0, 138, 138, 1, 0.99%, 1, 0, 2, 32.73
1572353642, 0, 0, 140, 140, 1, 0.99%, 1, 0, 2, 35.88
1572353647, 0, 0, 141, 141, 1, 0.99%, 1, 0, 2, 31.42
1572353652, 0, 0, 142, 142, 1, 0.99%, 1, 0, 2, 29.21
1572353657, 0, 0, 143, 143, 1, 0.99%, 1, 0, 2, 29.88
1572353662, 0, 0, 144, 144, 1, 0.99%, 1, 0, 2, 28.55
1572353677, 0, 0, 145, 145, 1, 0.99%, 1, 0, 2, 29.64
1572353682, 0, 0, 146, 146, 1, 0.99%, 1, 0, 2, 30.68
1572353693, 0, 0, 147, 147, 1, 0.99%, 1, 0, 2, 29.49
1572353718, 0, 0, 149, 149, 1, 0.99%, 1, 0, 2, 29.92
1572353729, 0, 0, 152, 152, 1, 0.99%, 1, 0, 2, 28.05
1572353734, 0, 0, 153, 153, 1, 0.99%, 1, 0, 2, 26.44
1572353739, 0, 0, 154, 154, 1, 0.99%, 1, 0, 2, 28.18
1572353744, 0, 0, 155, 155, 1, 0.99%, 1, 0, 2, 28.39
1572353790, 0, 0, 156, 156, 1, 0.99%, 1, 0, 2, 31.08
1572353795, 0, 0, 158, 158, 1, 0.99%, 1, 0, 2, 31.32
1572353800, 0, 0, 159, 159, 1, 0.99%, 1, 0, 2, 29.55
1572353820, 0, 0, 160, 160, 1, 0.99%, 1, 0, 2, 30.94
1572353825, 0, 0, 161, 161, 1, 0.99%, 1, 0, 2, 28.98
1572353876, 0, 0, 162, 162, 1, 1.00%, 1, 0, 2, 28.76
1572353922, 0, 0, 164, 164, 1, 1.00%, 1, 0, 2, 29.99
1572354085, 0, 0, 165, 165, 1, 1.00%, 1, 0, 2, 29.45
1572354090, 0, 0, 166, 166, 1, 1.00%, 1, 0, 2, 28.91
1572354105, 0, 0, 167, 167, 1, 1.00%, 1, 0, 2, 26.81
1572354115, 0, 0, 168, 168, 1, 1.00%, 1, 0, 2, 30.68
1572354156, 0, 0, 169, 169, 1, 1.00%, 1, 0, 2, 31.60
1572354161, 0, 0, 170, 170, 1, 1.00%, 1, 0, 2, 30.97
1572354192, 0, 0, 171, 171, 1, 1.00%, 1, 0, 2, 27.48
1572354303, 0, 0, 172, 172, 1, 1.00%, 1, 0, 2, 30.89
1572354380, 0, 0, 173, 173, 1, 1.00%, 1, 0, 2, 28.85
1572354568, 0, 0, 174, 174, 1, 1.00%, 1, 0, 2, 29.47
1572354859, 0, 0, 175, 175, 1, 1.00%, 1, 0, 2, 30.06
1572355195, 0, 0, 176, 176, 1, 1.00%, 1, 0, 2, 48.66
1572355588, 0, 0, 177, 177, 1, 1.00%, 1, 0, 2, 46.90
1572355629, 0, 0, 179, 179, 1, 1.00%, 1, 0, 2, 51.64
1572355762, 0, 0, 180, 180, 1, 1.00%, 1, 0, 2, 49.99
1572355910, 0, 0, 181, 181, 1, 1.00%, 1, 0, 2, 46.75
1572356058, 0, 0, 182, 182, 1, 1.00%, 1, 0, 2, 48.88
1572356237, 0, 0, 183, 183, 1, 1.00%, 1, 0, 2, 48.54
1572356324, 0, 0, 184, 184, 1, 1.00%, 1, 0, 2, 47.18
1572356334, 0, 0, 185, 185, 1, 1.00%, 1, 0, 2, 51.12
1572356749, 0, 0, 186, 186, 1, 1.00%, 1, 0, 2, 47.29
1572357164, 0, 0, 187, 187, 1, 1.00%, 1, 0, 2, 52.16
1572357312, 0, 0, 188, 188, 1, 1.00%, 1, 0, 2, 48.37
1572357420, 0, 0, 189, 189, 1, 1.00%, 1, 0, 2, 49.00
1572357446, 0, 0, 190, 190, 1, 1.00%, 1, 0, 2, 50.69
1572357594, 0, 0, 191, 191, 1, 1.00%, 1, 0, 2, 48.24
1572357804, 0, 0, 192, 192, 1, 1.00%, 1, 0, 2, 49.92
1572359218, 0, 0, 193, 193, 1, 1.00%, 1, 0, 2, 50.70
1572359306, 0, 0, 194, 194, 1, 1.00%, 1, 0, 2, 51.23
1572364388, 0, 0, 195, 195, 1, 1.00%, 1, 0, 2, 46.95
1572366036, 0, 0, 196, 196, 1, 1.00%, 1, 0, 2, 47.19
1572366185, 0, 0, 197, 197, 1, 1.00%, 1, 0, 2, 46.95
1572366190, 0, 0, 198, 198, 1, 1.00%, 1, 0, 2, 46.30
1572366303, 0, 0, 200, 200, 1, 1.00%, 1, 0, 2, 48.40
1572366308, 0, 0, 202, 202, 1, 1.00%, 1, 0, 2, 48.30
1572369325, 0, 0, 203, 203, 1, 1.00%, 1, 0, 2, 46.44
1572372172, 0, 0, 204, 204, 1, 1.00%, 1, 0, 2, 46.36
1572372346, 0, 0, 205, 205, 1, 1.00%, 1, 0, 2, 46.96
1572382412, 0, 0, 206, 206, 1, 1.00%, 1, 0, 2, 45.03
1572382772, 0, 0, 208, 208, 1, 1.03%, 1, 0, 2, 45.14
1572382818, 0, 0, 209, 209, 1, 1.03%, 1, 0, 2, 44.82
1572382890, 0, 0, 211, 211, 1, 1.03%, 1, 0, 2, 44.60
1572382957, 0, 0, 212, 212, 1, 1.03%, 1, 0, 2, 44.63
1572382962, 0, 0, 215, 215, 1, 1.03%, 1, 0, 2, 40.00
1572382977, 0, 0, 216, 216, 1, 1.03%, 1, 0, 2, 44.35
1572382982, 0, 0, 218, 218, 1, 1.03%, 1, 0, 2, 44.27
1572382992, 0, 0, 219, 219, 1, 1.03%, 1, 0, 2, 42.30
1572382997, 0, 0, 220, 220, 1, 1.03%, 1, 0, 2, 43.98
1572383018, 0, 0, 221, 221, 1, 1.03%, 1, 0, 2, 43.25
1572383033, 0, 0, 222, 222, 1, 1.03%, 1, 0, 2, 44.26
1572383044, 0, 0, 223, 223, 1, 1.03%, 1, 0, 2, 44.59
1572383049, 0, 0, 224, 224, 1, 1.03%, 1, 0, 2, 45.08
1572383079, 0, 0, 226, 226, 1, 1.03%, 1, 0, 2, 44.38
1572383084, 0, 0, 227, 227, 1, 1.03%, 1, 0, 2, 44.23
1572383089, 0, 0, 228, 228, 1, 1.03%, 1, 0, 2, 44.34
1572383146, 0, 0, 229, 229, 1, 1.03%, 1, 0, 2, 44.47
1572383171, 0, 0, 235, 235, 1, 1.06%, 1, 0, 2, 49.33
1572383181, 0, 0, 243, 243, 1, 1.08%, 1, 0, 2, 63.97
1572400787, 0, 0, 244, 244, 1, 1.08%, 1, 0, 2, 26.86
1572408713, 0, 0, 245, 245, 1, 1.08%, 1, 0, 2, 45.82
1572410479, 0, 0, 246, 246, 1, 1.08%, 1, 0, 2, 44.18
1572410659, 0, 0, 247, 247, 1, 1.08%, 1, 0, 2, 42.54
1572410932, 0, 0, 248, 248, 1, 1.08%, 1, 0, 2, 44.83
1572411055, 0, 0, 250, 250, 1, 1.08%, 1, 0, 2, 47.71
1572411066, 0, 0, 255, 255, 1, 1.16%, 1, 0, 2, 58.56
1572412715, 0, 0, 256, 256, 1, 1.16%, 1, 0, 2, 55.27
1572431083, 0, 0, 257, 257, 1, 1.16%, 1, 0, 2, 27.78
1572437975, 0, 0, 258, 258, 1, 1.16%, 1, 0, 2, 44.99
1572438453, 0, 0, 261, 261, 1, 1.18%, 1, 0, 2, 50.81
