# unix_time, cycles_done, cur_path, paths_total, pending_total, pending_favs, map_size, unique_crashes, unique_hangs, max_depth, execs_per_sec
1572714531, 0, 0, 1, 1, 1, 0.57%, 0, 0, 1, 34.33
1572714546, 0, 0, 10, 10, 1, 0.68%, 0, 0, 2, 102.29
1572714551, 0, 0, 12, 12, 1, 0.68%, 0, 0, 2, 54.57
1572714556, 0, 0, 20, 20, 1, 0.74%, 0, 0, 2, 41.83
1572714562, 0, 0, 51, 51, 1, 0.97%, 1, 0, 2, 424.66
1572714567, 0, 0, 66, 66, 1, 0.98%, 1, 0, 2, 49.78
1572714572, 0, 0, 73, 73, 1, 0.99%, 1, 0, 2, 55.72
1572714577, 0, 0, 77, 77, 1, 0.99%, 1, 0, 2, 53.27
1572714582, 0, 0, 80, 80, 1, 0.99%, 1, 0, 2, 50.65
1572714587, 0, 0, 87, 87, 1, 0.99%, 1, 0, 2, 50.20
1572714593, 0, 0, 88, 88, 1, 0.99%, 1, 0, 2, 46.41
1572714598, 0, 0, 91, 91, 1, 0.99%, 1, 0, 2, 48.56
1572714603, 0, 0, 94, 94, 1, 0.99%, 1, 0, 2, 42.86
1572714608, 0, 0, 99, 99, 1, 0.99%, 1, 0, 2, 46.12
1572714613, 0, 0, 109, 109, 1, 0.99%, 1, 0, 2, 45.02
1572714618, 0, 0, 112, 112, 1, 0.99%, 1, 0, 2, 49.10
1572714624, 0, 0, 113, 113, 1, 0.99%, 1, 0, 2, 45.55
1572714629, 0, 0, 115, 115, 1, 0.99%, 1, 0, 2, 46.00
1572714639, 0, 0, 117, 117, 1, 0.99%, 1, 0, 2, 46.92
1572714649, 0, 0, 119, 119, 1, 0.99%, 1, 0, 2, 47.73
1572714654, 0, 0, 120, 120, 1, 0.99%, 1, 0, 2, 46.98
1572714659, 0, 0, 125, 125, 1, 0.99%, 1, 0, 2, 53.24
1572714665, 0, 0, 126, 126, 1, 0.99%, 1, 0, 2, 47.33
1572714670, 0, 0, 127, 127, 1, 0.99%, 1, 0, 2, 45.97
1572714675, 0, 0, 128, 128, 1, 0.99%, 1, 0, 2, 46.86
1572714680, 0, 0, 130, 130, 1, 0.99%, 1, 0, 2, 49.70
1572714685, 0, 0, 132, 132, 1, 0.99%, 1, 0, 2, 42.87
1572714695, 0, 0, 135, 135, 1, 0.99%, 1, 0, 2, 45.93
1572714700, 0, 0, 136, 136, 1, 0.99%, 1, 0, 2, 45.84
1572714705, 0, 0, 140, 140, 1, 0.99%, 1, 0, 2, 51.28
1572714710, 0, 0, 142, 142, 1, 0.99%, 1, 0, 2, 47.54
1572714715, 0, 0, 144, 144, 1, 0.99%, 1, 0, 2, 47.52
1572714731, 0, 0, 146, 146, 1, 0.99%, 1, 0, 2, 47.16
1572714736, 0, 0, 147, 147, 1, 0.99%, 1, 0, 2, 47.10
1572714756, 0, 0, 149, 149, 1, 0.99%, 1, 0, 2, 45.61
1572714761, 0, 0, 152, 152, 1, 0.99%, 1, 0, 2, 43.20
1572714766, 0, 0, 154, 154, 1, 0.99%, 1, 0, 2, 44.61
1572714772, 0, 0, 155, 155, 1, 0.99%, 1, 0, 2, 44.56
1572714802, 0, 0, 158, 158, 1, 0.99%, 1, 0, 2, 49.71
1572714807, 0, 0, 159, 159, 1, 0.99%, 1, 0, 2, 45.74
1572714823, 0, 0, 161, 161, 1, 0.99%, 1, 0, 2, 46.07
1572714858, 0, 0, 162, 162, 1, 1.00%, 1, 0, 2, 44.16
1572714884, 0, 0, 164, 164, 1, 1.00%, 1, 0, 2, 47.14
1572714991, 0, 0, 166, 166, 1, 1.00%, 1, 0, 2, 47.66
1572715006, 0, 0, 167, 167, 1, 1.00%, 1, 0, 2, 42.08
1572715011, 0, 0, 168, 168, 1, 1.00%, 1, 0, 2, 43.77
1572715037, 0, 0, 169, 169, 1, 1.00%, 1, 0, 2, 45.70
1572715042, 0, 0, 170, 170, 1, 1.00%, 1, 0, 2, 44.76
1572715057, 0, 0, 171, 171, 1, 1.00%, 1, 0, 2, 43.47
1572715129, 0, 0, 172, 172, 1, 1.00%, 1, 0, 2, 46.97
1572715175, 0, 0, 173, 173, 1, 1.00%, 1, 0, 2, 48.73
1572715298, 0, 0, 174, 174, 1, 1.00%, 1, 0, 2, 44.99
1572715488, 0, 0, 175, 175, 1, 1.00%, 1, 0, 2, 43.54
1572715840, 0, 0, 176, 176, 1, 1.00%, 1, 0, 2, 43.87
1572716275, 0, 0, 177, 177, 1, 1.00%, 1, 0, 2, 42.79
1572716320, 0, 0, 179, 179, 1, 1.00%, 1, 0, 2, 47.19
1572716468, 0, 0, 180, 180, 1, 1.00%, 1, 0, 2, 44.82
1572716631, 0, 0, 181, 181, 1, 1.00%, 1, 0, 2, 42.40
1572716794, 0, 0, 182, 182, 1, 1.00%, 1, 0, 2, 44.55
1572716993, 0, 0, 183, 183, 1, 1.00%, 1, 0, 2, 44.24
1572717091, 0, 0, 184, 184, 1, 1.00%, 1, 0, 2, 42.71
1572717101, 0, 0, 185, 185, 1, 1.00%, 1, 0, 2, 46.55
1572717560, 0, 0, 186, 186, 1, 1.00%, 1, 0, 2, 43.12
1572718024, 0, 0, 187, 187, 1, 1.00%, 1, 0, 2, 44.32
1572718182, 0, 0, 188, 188, 1, 1.00%, 1, 0, 2, 45.25
1572718300, 0, 0, 189, 189, 1, 1.00%, 1, 0, 2, 45.21
1572718331, 0, 0, 190, 190, 1, 1.00%, 1, 0, 2, 47.55
1572718494, 0, 0, 191, 191, 1, 1.00%, 1, 0, 2, 44.77
1572718729, 0, 0, 192, 192, 1, 1.00%, 1, 0, 2, 45.37
1572720293, 0, 0, 193, 193, 1, 1.00%, 1, 0, 2, 46.15
1572720385, 0, 0, 194, 194, 1, 1.00%, 1, 0, 2, 47.02
1572724525, 0, 0, 195, 195, 1, 1.00%, 1, 0, 2, 43.56
1572726344, 0, 0, 196, 196, 1, 1.00%, 1, 0, 2, 43.46
1572726508, 0, 0, 197, 197, 1, 1.00%, 1, 0, 2, 43.05
1572726514, 0, 0, 198, 198, 1, 1.00%, 1, 0, 2, 43.54
1572726641, 0, 0, 200, 200, 1, 1.00%, 1, 0, 2, 43.91
1572726646, 0, 0, 202, 202, 1, 1.00%, 1, 0, 2, 44.01
1572729973, 0, 0, 203, 203, 1, 1.00%, 1, 0, 2, 42.82
1572733116, 0, 0, 204, 204, 1, 1.00%, 1, 0, 2, 41.79
1572733309, 0, 0, 205, 205, 1, 1.00%, 1, 0, 2, 42.17
1572742324, 0, 0, 206, 206, 1, 1.00%, 1, 0, 2, 40.98
1572742719, 0, 0, 208, 208, 1, 1.03%, 1, 0, 2, 40.91
1572742765, 0, 0, 209, 209, 1, 1.03%, 1, 0, 2, 40.78
1572742851, 0, 0, 211, 211, 1, 1.03%, 1, 0, 2, 40.84
1572742922, 0, 0, 212, 212, 1, 1.03%, 1, 0, 2, 40.67
1572742927, 0, 0, 215, 215, 1, 1.03%, 1, 0, 2, 36.71
1572742942, 0, 0, 216, 216, 1, 1.03%, 1, 0, 2, 40.50
1572742947, 0, 0, 217, 217, 1, 1.03%, 1, 0, 2, 40.45
1572742952, 0, 0, 218, 218, 1, 1.03%, 1, 0, 2, 40.52
1572742962, 0, 0, 219, 219, 1, 1.03%, 1, 0, 2, 39.31
1572742967, 0, 0, 220, 220, 1, 1.03%, 1, 0, 2, 40.15
1572742988, 0, 0, 221, 221, 1, 1.03%, 1, 0, 2, 39.91
1572743008, 0, 0, 222, 222, 1, 1.03%, 1, 0, 2, 40.53
1572743018, 0, 0, 223, 223, 1, 1.03%, 1, 0, 2, 40.98
1572743023, 0, 0, 224, 224, 1, 1.03%, 1, 0, 2, 41.05
1572743054, 0, 0, 225, 225, 1, 1.03%, 1, 0, 2, 40.44
1572743059, 0, 0, 226, 226, 1, 1.03%, 1, 0, 2, 40.47
1572743064, 0, 0, 228, 228, 1, 1.03%, 1, 0, 2, 40.52
1572743125, 0, 0, 229, 229, 1, 1.03%, 1, 0, 2, 40.55
1572743155, 0, 0, 235, 235, 1, 1.06%, 1, 0, 2, 47.08
1572743166, 0, 0, 238, 238, 1, 1.07%, 1, 0, 2, 52.08
1572743171, 0, 0, 243, 243, 1, 1.08%, 1, 0, 2, 47.20
1572761816, 0, 0, 244, 244, 1, 1.08%, 1, 0, 2, 42.95
1572768664, 0, 0, 245, 245, 1, 1.08%, 1, 0, 2, 41.65
1572770626, 0, 0, 246, 246, 1, 1.08%, 1, 0, 2, 40.40
1572770826, 0, 0, 247, 247, 1, 1.08%, 1, 0, 2, 39.06
1572771124, 0, 0, 248, 248, 1, 1.08%, 1, 0, 2, 40.37
1572771263, 0, 0, 250, 250, 1, 1.08%, 1, 0, 2, 43.74
1572771273, 0, 0, 255, 255, 1, 1.16%, 1, 0, 2, 39.68
1572773104, 0, 0, 256, 256, 1, 1.16%, 1, 0, 2, 47.14
