# unix_time, cycles_done, cur_path, paths_total, pending_total, pending_favs, map_size, unique_crashes, unique_hangs, max_depth, execs_per_sec
1571945973, 0, 0, 1, 1, 1, 0.57%, 0, 0, 1, 44.69
1571945989, 0, 0, 12, 12, 1, 0.68%, 0, 0, 2, 64.82
1571945999, 0, 0, 29, 29, 1, 0.76%, 0, 0, 2, 45.65
1571946004, 0, 0, 59, 59, 1, 0.97%, 1, 0, 2, 45.43
1571946009, 0, 0, 69, 69, 1, 0.99%, 1, 0, 2, 56.05
1571946014, 0, 0, 75, 75, 1, 0.99%, 1, 0, 2, 56.29
1571946019, 0, 0, 78, 78, 1, 0.99%, 1, 0, 2, 52.18
1571946024, 0, 0, 85, 85, 1, 0.99%, 1, 0, 2, 53.73
1571946029, 0, 0, 88, 88, 1, 0.99%, 1, 0, 2, 50.51
1571946035, 0, 0, 90, 90, 1, 0.99%, 1, 0, 2, 51.35
1571946040, 0, 0, 93, 93, 1, 0.99%, 1, 0, 2, 46.45
1571946045, 0, 0, 99, 99, 1, 0.99%, 1, 0, 2, 48.54
1571946050, 0, 0, 109, 109, 1, 0.99%, 1, 0, 2, 59.00
1571946055, 0, 0, 112, 112, 1, 0.99%, 1, 0, 2, 53.59
1571946060, 0, 0, 114, 114, 1, 0.99%, 1, 0, 2, 52.67
1571946065, 0, 0, 115, 115, 1, 0.99%, 1, 0, 2, 49.62
1571946070, 0, 0, 116, 116, 1, 0.99%, 1, 0, 2, 49.58
1571946075, 0, 0, 117, 117, 1, 0.99%, 1, 0, 2, 48.92
1571946080, 0, 0, 118, 118, 1, 0.99%, 1, 0, 2, 51.17
1571946086, 0, 0, 119, 119, 1, 0.99%, 1, 0, 2, 48.91
1571946091, 0, 0, 124, 124, 1, 0.99%, 1, 0, 2, 57.45
1571946096, 0, 0, 126, 126, 1, 0.99%, 1, 0, 2, 50.45
1571946101, 0, 0, 127, 127, 1, 0.99%, 1, 0, 2, 50.55
1571946106, 0, 0, 128, 128, 1, 0.99%, 1, 0, 2, 50.08
1571946111, 0, 0, 130, 130, 1, 0.99%, 1, 0, 2, 50.67
1571946116, 0, 0, 132, 132, 1, 0.99%, 1, 0, 2, 47.40
1571946121, 0, 0, 135, 135, 1, 0.99%, 1, 0, 2, 54.78
1571946132, 0, 0, 138, 138, 1, 0.99%, 1, 0, 2, 50.75
1571946137, 0, 0, 141, 141, 1, 0.99%, 1, 0, 2, 49.16
1571946142, 0, 0, 143, 143, 1, 0.99%, 1, 0, 2, 49.76
1571946147, 0, 0, 144, 144, 1, 0.99%, 1, 0, 2, 49.71
1571946157, 0, 0, 146, 146, 1, 0.99%, 1, 0, 2, 50.42
1571946162, 0, 0, 147, 147, 1, 0.99%, 1, 0, 2, 49.55
1571946178, 0, 0, 149, 149, 1, 0.99%, 1, 0, 2, 52.25
1571946183, 0, 0, 150, 150, 1, 0.99%, 1, 0, 2, 50.24
1571946188, 0, 0, 153, 153, 1, 0.99%, 1, 0, 2, 46.59
1571946193, 0, 0, 155, 155, 1, 0.99%, 1, 0, 2, 49.06
1571946223, 0, 0, 159, 159, 1, 0.99%, 1, 0, 2, 53.18
1571946239, 0, 0, 161, 161, 1, 0.99%, 1, 0, 2, 51.75
1571946270, 0, 0, 162, 162, 1, 1.00%, 1, 0, 2, 49.38
1571946295, 0, 0, 163, 163, 1, 1.00%, 1, 0, 2, 48.75
1571946300, 0, 0, 164, 164, 1, 1.00%, 1, 0, 2, 46.67
1571946392, 0, 0, 165, 165, 1, 1.00%, 1, 0, 2, 51.42
1571946397, 0, 0, 166, 166, 1, 1.00%, 1, 0, 2, 49.09
1571946407, 0, 0, 167, 167, 1, 1.00%, 1, 0, 2, 45.00
1571946413, 0, 0, 168, 168, 1, 1.00%, 1, 0, 2, 48.21
1571946438, 0, 0, 170, 170, 1, 1.00%, 1, 0, 2, 50.95
1571946454, 0, 0, 171, 171, 1, 1.00%, 1, 0, 2, 45.99
1571946525, 0, 0, 172, 172, 1, 1.00%, 1, 0, 2, 48.38
1571946571, 0, 0, 173, 173, 1, 1.00%, 1, 0, 2, 42.62
1571946684, 0, 0, 174, 174, 1, 1.00%, 1, 0, 2, 47.53
1571946863, 0, 0, 175, 175, 1, 1.00%, 1, 0, 2, 42.87
1571947211, 0, 0, 176, 176, 1, 1.00%, 1, 0, 2, 44.50
1571947630, 0, 0, 177, 177, 1, 1.00%, 1, 0, 2, 42.78
1571947676, 0, 0, 179, 179, 1, 1.00%, 1, 0, 2, 47.70
1571947819, 0, 0, 180, 180, 1, 1.00%, 1, 0, 2, 46.12
1571947987, 0, 0, 181, 181, 1, 1.00%, 1, 0, 2, 40.53
1571948146, 0, 0, 182, 182, 1, 1.00%, 1, 0, 2, 43.02
1571948350, 0, 0, 183, 183, 1, 1.00%, 1, 0, 2, 44.81
1571948442, 0, 0, 184, 184, 1, 1.00%, 1, 0, 2, 43.77
1571948453, 0, 0, 185, 185, 1, 1.00%, 1, 0, 2, 48.76
1571948908, 0, 0, 186, 186, 1, 1.00%, 1, 0, 2, 45.44
1571949348, 0, 0, 187, 187, 1, 1.00%, 1, 0, 2, 48.99
1571949497, 0, 0, 188, 188, 1, 1.00%, 1, 0, 2, 48.96
1571949620, 0, 0, 189, 189, 1, 1.00%, 1, 0, 2, 42.95
1571949651, 0, 0, 190, 190, 1, 1.00%, 1, 0, 2, 46.68
1571949814, 0, 0, 191, 191, 1, 1.00%, 1, 0, 2, 46.12
1571950044, 0, 0, 192, 192, 1, 1.00%, 1, 0, 2, 46.31
1571951588, 0, 0, 193, 193, 1, 1.00%, 1, 0, 2, 45.04
1571951680, 0, 0, 194, 194, 1, 1.00%, 1, 0, 2, 48.50
1571955798, 0, 0, 195, 195, 1, 1.00%, 1, 0, 2, 45.95
1571957604, 0, 0, 196, 196, 1, 1.00%, 1, 0, 2, 40.28
1571957773, 0, 0, 197, 197, 1, 1.00%, 1, 0, 2, 39.51
1571957778, 0, 0, 198, 198, 1, 1.00%, 1, 0, 2, 40.08
1571957901, 0, 0, 200, 200, 1, 1.00%, 1, 0, 2, 47.21
1571957906, 0, 0, 202, 202, 1, 1.00%, 1, 0, 2, 44.13
1571961215, 0, 0, 203, 203, 1, 1.00%, 1, 0, 2, 40.45
1571964345, 0, 0, 204, 204, 1, 1.00%, 1, 0, 2, 41.51
1571964539, 0, 0, 205, 205, 1, 1.00%, 1, 0, 2, 43.93
1571973519, 0, 0, 206, 206, 1, 1.00%, 1, 0, 2, 41.25
1571973916, 0, 0, 208, 208, 1, 1.03%, 1, 0, 2, 40.08
1571973967, 0, 0, 209, 209, 1, 1.03%, 1, 0, 2, 40.47
1571974049, 0, 0, 211, 211, 1, 1.03%, 1, 0, 2, 39.81
1571974120, 0, 0, 212, 212, 1, 1.03%, 1, 0, 2, 39.84
1571974125, 0, 0, 214, 214, 1, 1.03%, 1, 0, 2, 39.78
1571974130, 0, 0, 215, 215, 1, 1.03%, 1, 0, 2, 37.05
1571974145, 0, 0, 216, 216, 1, 1.03%, 1, 0, 2, 39.77
1571974150, 0, 0, 218, 218, 1, 1.03%, 1, 0, 2, 39.19
1571974160, 0, 0, 219, 219, 1, 1.03%, 1, 0, 2, 37.75
1571974171, 0, 0, 220, 220, 1, 1.03%, 1, 0, 2, 39.07
1571974191, 0, 0, 221, 221, 1, 1.03%, 1, 0, 2, 41.78
1571974206, 0, 0, 222, 222, 1, 1.03%, 1, 0, 2, 42.15
1571974217, 0, 0, 223, 223, 1, 1.03%, 1, 0, 2, 42.47
1571974222, 0, 0, 224, 224, 1, 1.03%, 1, 0, 2, 42.96
1571974252, 0, 0, 225, 225, 1, 1.03%, 1, 0, 2, 42.12
1571974257, 0, 0, 227, 227, 1, 1.03%, 1, 0, 2, 42.40
1571974262, 0, 0, 228, 228, 1, 1.03%, 1, 0, 2, 42.27
1571974324, 0, 0, 229, 229, 1, 1.03%, 1, 0, 2, 39.83
1571974349, 0, 0, 231, 231, 1, 1.03%, 1, 0, 2, 48.70
1571974354, 0, 0, 235, 235, 1, 1.06%, 1, 0, 2, 43.09
1571974365, 0, 0, 243, 243, 1, 1.08%, 1, 0, 2, 57.96
1571992789, 0, 0, 244, 244, 1, 1.08%, 1, 0, 2, 42.65
1571999547, 0, 0, 245, 245, 1, 1.08%, 1, 0, 2, 42.96
1572001478, 0, 0, 246, 246, 1, 1.08%, 1, 0, 2, 40.42
1572001677, 0, 0, 247, 247, 1, 1.08%, 1, 0, 2, 40.40
1572001965, 0, 0, 248, 248, 1, 1.08%, 1, 0, 2, 41.13
1572002098, 0, 0, 250, 250, 1, 1.08%, 1, 0, 2, 44.09
1572002108, 0, 0, 253, 253, 1, 1.16%, 1, 0, 2, 48.44
1572002114, 0, 0, 255, 255, 1, 1.16%, 1, 0, 2, 47.03
1572003901, 0, 0, 256, 256, 1, 1.16%, 1, 0, 2, 48.85
1572022779, 0, 0, 257, 257, 1, 1.16%, 1, 0, 2, 41.95
1572028471, 0, 0, 258, 258, 1, 1.16%, 1, 0, 2, 42.83
1572029002, 0, 0, 261, 261, 1, 1.18%, 1, 0, 2, 48.26
1572032274, 0, 0, 263, 263, 1, 1.18%, 1, 0, 2, 53.86
