# unix_time, cycles_done, cur_path, paths_total, pending_total, pending_favs, map_size, unique_crashes, unique_hangs, max_depth, execs_per_sec
1571945583, 0, 0, 1, 1, 1, 0.57%, 0, 0, 1, 45.45
1571945599, 0, 0, 12, 12, 1, 0.68%, 0, 0, 2, 65.28
1571945609, 0, 0, 31, 31, 1, 0.76%, 0, 0, 2, 47.61
1571945614, 0, 0, 63, 63, 1, 0.98%, 1, 0, 2, 58.02
1571945619, 0, 0, 70, 70, 1, 0.99%, 1, 0, 2, 59.50
1571945624, 0, 0, 77, 77, 1, 0.99%, 1, 0, 2, 61.29
1571945629, 0, 0, 80, 80, 1, 0.99%, 1, 0, 2, 56.48
1571945635, 0, 0, 87, 87, 1, 0.99%, 1, 0, 2, 55.24
1571945640, 0, 0, 88, 88, 1, 0.99%, 1, 0, 2, 53.07
1571945645, 0, 0, 91, 91, 1, 0.99%, 1, 0, 2, 53.26
1571945650, 0, 0, 97, 97, 1, 0.99%, 1, 0, 2, 49.06
1571945655, 0, 0, 108, 108, 1, 0.99%, 1, 0, 2, 49.89
1571945660, 0, 0, 112, 112, 1, 0.99%, 1, 0, 2, 56.86
1571945666, 0, 0, 113, 113, 1, 0.99%, 1, 0, 2, 52.15
1571945671, 0, 0, 115, 115, 1, 0.99%, 1, 0, 2, 52.76
1571945676, 0, 0, 116, 116, 1, 0.99%, 1, 0, 2, 52.34
1571945681, 0, 0, 117, 117, 1, 0.99%, 1, 0, 2, 52.26
1571945686, 0, 0, 118, 118, 1, 0.99%, 1, 0, 2, 52.29
1571945691, 0, 0, 120, 120, 1, 0.99%, 1, 0, 2, 54.12
1571945697, 0, 0, 125, 125, 1, 0.99%, 1, 0, 2, 58.93
1571945702, 0, 0, 126, 126, 1, 0.99%, 1, 0, 2, 51.80
1571945707, 0, 0, 127, 127, 1, 0.99%, 1, 0, 2, 51.41
1571945712, 0, 0, 128, 128, 1, 0.99%, 1, 0, 2, 50.85
1571945717, 0, 0, 131, 131, 1, 0.99%, 1, 0, 2, 50.56
1571945722, 0, 0, 132, 132, 1, 0.99%, 1, 0, 2, 48.82
1571945727, 0, 0, 135, 135, 1, 0.99%, 1, 0, 2, 53.29
1571945732, 0, 0, 136, 136, 1, 0.99%, 1, 0, 2, 51.89
1571945737, 0, 0, 141, 141, 1, 0.99%, 1, 0, 2, 59.24
1571945742, 0, 0, 142, 142, 1, 0.99%, 1, 0, 2, 53.12
1571945747, 0, 0, 144, 144, 1, 0.99%, 1, 0, 2, 51.93
1571945757, 0, 0, 145, 145, 1, 0.99%, 1, 0, 2, 50.68
1571945763, 0, 0, 146, 146, 1, 0.99%, 1, 0, 2, 50.02
1571945768, 0, 0, 147, 147, 1, 0.99%, 1, 0, 2, 51.11
1571945778, 0, 0, 149, 149, 1, 0.99%, 1, 0, 2, 54.47
1571945783, 0, 0, 150, 150, 1, 0.99%, 1, 0, 2, 53.61
1571945788, 0, 0, 153, 153, 1, 0.99%, 1, 0, 2, 48.64
1571945793, 0, 0, 155, 155, 1, 0.99%, 1, 0, 2, 51.47
1571945824, 0, 0, 159, 159, 1, 0.99%, 1, 0, 2, 54.53
1571945839, 0, 0, 161, 161, 1, 0.99%, 1, 0, 2, 51.98
1571945870, 0, 0, 162, 162, 1, 1.00%, 1, 0, 2, 51.45
1571945895, 0, 0, 164, 164, 1, 1.00%, 1, 0, 2, 50.91
1571945988, 0, 0, 166, 166, 1, 1.00%, 1, 0, 2, 51.98
1571945998, 0, 0, 167, 167, 1, 1.00%, 1, 0, 2, 45.46
1571946004, 0, 0, 168, 168, 1, 1.00%, 1, 0, 2, 49.08
1571946029, 0, 0, 169, 169, 1, 1.00%, 1, 0, 2, 49.09
1571946034, 0, 0, 170, 170, 1, 1.00%, 1, 0, 2, 47.50
1571946049, 0, 0, 171, 171, 1, 1.00%, 1, 0, 2, 46.12
1571946120, 0, 0, 172, 172, 1, 1.00%, 1, 0, 2, 47.48
1571946160, 0, 0, 173, 173, 1, 1.00%, 1, 0, 2, 50.28
1571946276, 0, 0, 174, 174, 1, 1.00%, 1, 0, 2, 48.26
1571946453, 0, 0, 175, 175, 1, 1.00%, 1, 0, 2, 44.10
1571946798, 0, 0, 176, 176, 1, 1.00%, 1, 0, 2, 44.18
1571947226, 0, 0, 177, 177, 1, 1.00%, 1, 0, 2, 45.56
1571947277, 0, 0, 179, 179, 1, 1.00%, 1, 0, 2, 44.70
1571947419, 0, 0, 180, 180, 1, 1.00%, 1, 0, 2, 46.92
1571947583, 0, 0, 181, 181, 1, 1.00%, 1, 0, 2, 43.40
1571947751, 0, 0, 182, 182, 1, 1.00%, 1, 0, 2, 42.36
1571947950, 0, 0, 183, 183, 1, 1.00%, 1, 0, 2, 43.75
1571948048, 0, 0, 184, 184, 1, 1.00%, 1, 0, 2, 40.60
1571948058, 0, 0, 185, 185, 1, 1.00%, 1, 0, 2, 44.72
1571948527, 0, 0, 186, 186, 1, 1.00%, 1, 0, 2, 40.46
1571948996, 0, 0, 187, 187, 1, 1.00%, 1, 0, 2, 46.48
1571949154, 0, 0, 188, 188, 1, 1.00%, 1, 0, 2, 41.44
1571949266, 0, 0, 189, 189, 1, 1.00%, 1, 0, 2, 49.68
1571949302, 0, 0, 190, 190, 1, 1.00%, 1, 0, 2, 42.41
1571949464, 0, 0, 191, 191, 1, 1.00%, 1, 0, 2, 47.32
1571949704, 0, 0, 192, 192, 1, 1.00%, 1, 0, 2, 43.60
1571951297, 0, 0, 193, 193, 1, 1.00%, 1, 0, 2, 48.85
1571951383, 0, 0, 194, 194, 1, 1.00%, 1, 0, 2, 43.96
1571955627, 0, 0, 195, 195, 1, 1.00%, 1, 0, 2, 43.55
1571957482, 0, 0, 196, 196, 1, 1.00%, 1, 0, 2, 39.72
1571957655, 0, 0, 197, 197, 1, 1.00%, 1, 0, 2, 42.95
1571957660, 0, 0, 198, 198, 1, 1.00%, 1, 0, 2, 40.74
1571957798, 0, 0, 202, 202, 1, 1.00%, 1, 0, 2, 42.93
1571961230, 0, 0, 203, 203, 1, 1.00%, 1, 0, 2, 42.04
1571964479, 0, 0, 204, 204, 1, 1.00%, 1, 0, 2, 43.26
1571964683, 0, 0, 205, 205, 1, 1.00%, 1, 0, 2, 38.87
1571973902, 0, 0, 206, 206, 1, 1.00%, 1, 0, 2, 41.62
1571974301, 0, 0, 208, 208, 1, 1.03%, 1, 0, 2, 41.79
1571974347, 0, 0, 209, 209, 1, 1.03%, 1, 0, 2, 39.01
1571974434, 0, 0, 211, 211, 1, 1.03%, 1, 0, 2, 40.28
1571974500, 0, 0, 212, 212, 1, 1.03%, 1, 0, 2, 43.12
1571974506, 0, 0, 214, 214, 1, 1.03%, 1, 0, 2, 41.60
1571974511, 0, 0, 215, 215, 1, 1.03%, 1, 0, 2, 39.10
1571974526, 0, 0, 216, 216, 1, 1.03%, 1, 0, 2, 41.07
1571974531, 0, 0, 218, 218, 1, 1.03%, 1, 0, 2, 41.05
1571974541, 0, 0, 219, 219, 1, 1.03%, 1, 0, 2, 39.31
1571974546, 0, 0, 220, 220, 1, 1.03%, 1, 0, 2, 40.59
1571974572, 0, 0, 221, 221, 1, 1.03%, 1, 0, 2, 40.83
1571974587, 0, 0, 222, 222, 1, 1.03%, 1, 0, 2, 41.18
1571974597, 0, 0, 223, 223, 1, 1.03%, 1, 0, 2, 41.21
1571974603, 0, 0, 224, 224, 1, 1.03%, 1, 0, 2, 41.77
1571974634, 0, 0, 225, 225, 1, 1.03%, 1, 0, 2, 40.66
1571974639, 0, 0, 226, 226, 1, 1.03%, 1, 0, 2, 40.02
1571974644, 0, 0, 228, 228, 1, 1.03%, 1, 0, 2, 40.66
1571974705, 0, 0, 229, 229, 1, 1.03%, 1, 0, 2, 41.36
1571974731, 0, 0, 230, 230, 1, 1.03%, 1, 0, 2, 39.97
1571974736, 0, 0, 235, 235, 1, 1.06%, 1, 0, 2, 44.55
1571974746, 0, 0, 239, 239, 1, 1.07%, 1, 0, 2, 47.48
1571974751, 0, 0, 243, 243, 1, 1.08%, 1, 0, 2, 44.58
1571993710, 0, 0, 244, 244, 1, 1.08%, 1, 0, 2, 41.04
1572000736, 0, 0, 245, 245, 1, 1.08%, 1, 0, 2, 40.10
1572002716, 0, 0, 246, 246, 1, 1.08%, 1, 0, 2, 39.62
1572002916, 0, 0, 247, 247, 1, 1.08%, 1, 0, 2, 40.66
1572003213, 0, 0, 248, 248, 1, 1.08%, 1, 0, 2, 40.27
1572003347, 0, 0, 250, 250, 1, 1.08%, 1, 0, 2, 44.46
1572003357, 0, 0, 252, 252, 1, 1.16%, 1, 0, 2, 43.49
1572003362, 0, 0, 255, 255, 1, 1.16%, 1, 0, 2, 44.38
1572005187, 0, 0, 256, 256, 1, 1.16%, 1, 0, 2, 47.18
1572024590, 0, 0, 257, 257, 1, 1.16%, 1, 0, 2, 43.76
1572030487, 0, 0, 258, 258, 1, 1.16%, 1, 0, 2, 40.87
1572031039, 0, 0, 261, 261, 1, 1.18%, 1, 0, 2, 46.79
