# unix_time, cycles_done, cur_path, paths_total, pending_total, pending_favs, map_size, unique_crashes, unique_hangs, max_depth, execs_per_sec
1571945607, 0, 0, 1, 1, 1, 0.57%, 0, 0, 1, 46.78
1571945622, 0, 0, 12, 12, 1, 0.68%, 0, 0, 2, 65.02
1571945632, 0, 0, 33, 33, 1, 0.76%, 0, 0, 2, 55.23
1571945637, 0, 0, 63, 63, 1, 0.98%, 1, 0, 2, 56.90
1571945642, 0, 0, 73, 73, 1, 0.99%, 1, 0, 2, 66.57
1571945648, 0, 0, 77, 77, 1, 0.99%, 1, 0, 2, 60.02
1571945653, 0, 0, 83, 83, 1, 0.99%, 1, 0, 2, 62.78
1571945658, 0, 0, 87, 87, 1, 0.99%, 1, 0, 2, 56.38
1571945663, 0, 0, 88, 88, 1, 0.99%, 1, 0, 2, 53.19
1571945668, 0, 0, 93, 93, 1, 0.99%, 1, 0, 2, 52.55
1571945673, 0, 0, 97, 97, 1, 0.99%, 1, 0, 2, 49.75
1571945678, 0, 0, 109, 109, 1, 0.99%, 1, 0, 2, 51.36
1571945683, 0, 0, 112, 112, 1, 0.99%, 1, 0, 2, 55.42
1571945688, 0, 0, 114, 114, 1, 0.99%, 1, 0, 2, 55.88
1571945693, 0, 0, 115, 115, 1, 0.99%, 1, 0, 2, 52.27
1571945698, 0, 0, 116, 116, 1, 0.99%, 1, 0, 2, 53.14
1571945703, 0, 0, 117, 117, 1, 0.99%, 1, 0, 2, 51.36
1571945708, 0, 0, 119, 119, 1, 0.99%, 1, 0, 2, 54.81
1571945713, 0, 0, 120, 120, 1, 0.99%, 1, 0, 2, 52.70
1571945719, 0, 0, 125, 125, 1, 0.99%, 1, 0, 2, 57.90
1571945724, 0, 0, 126, 126, 1, 0.99%, 1, 0, 2, 52.88
1571945729, 0, 0, 127, 127, 1, 0.99%, 1, 0, 2, 52.31
1571945734, 0, 0, 128, 128, 1, 0.99%, 1, 0, 2, 51.67
1571945739, 0, 0, 132, 132, 1, 0.99%, 1, 0, 2, 50.47
1571945744, 0, 0, 133, 133, 1, 0.99%, 1, 0, 2, 53.71
1571945749, 0, 0, 135, 135, 1, 0.99%, 1, 0, 2, 52.58
1571945754, 0, 0, 138, 138, 1, 0.99%, 1, 0, 2, 55.05
1571945760, 0, 0, 141, 141, 1, 0.99%, 1, 0, 2, 54.98
1571945765, 0, 0, 143, 143, 1, 0.99%, 1, 0, 2, 54.04
1571945770, 0, 0, 144, 144, 1, 0.99%, 1, 0, 2, 51.97
1571945780, 0, 0, 146, 146, 1, 0.99%, 1, 0, 2, 52.71
1571945785, 0, 0, 147, 147, 1, 0.99%, 1, 0, 2, 51.66
1571945801, 0, 0, 149, 149, 1, 0.99%, 1, 0, 2, 53.15
1571945806, 0, 0, 152, 152, 1, 0.99%, 1, 0, 2, 50.40
1571945811, 0, 0, 155, 155, 1, 0.99%, 1, 0, 2, 52.80
1571945842, 0, 0, 159, 159, 1, 0.99%, 1, 0, 2, 56.33
1571945857, 0, 0, 161, 161, 1, 0.99%, 1, 0, 2, 52.37
1571945888, 0, 0, 162, 162, 1, 1.00%, 1, 0, 2, 51.49
1571945908, 0, 0, 163, 163, 1, 1.00%, 1, 0, 2, 52.96
1571945913, 0, 0, 164, 164, 1, 1.00%, 1, 0, 2, 51.46
1571946001, 0, 0, 165, 165, 1, 1.00%, 1, 0, 2, 50.84
1571946006, 0, 0, 166, 166, 1, 1.00%, 1, 0, 2, 49.88
1571946016, 0, 0, 167, 167, 1, 1.00%, 1, 0, 2, 46.84
1571946021, 0, 0, 168, 168, 1, 1.00%, 1, 0, 2, 48.35
1571946047, 0, 0, 170, 170, 1, 1.00%, 1, 0, 2, 50.48
1571946062, 0, 0, 171, 171, 1, 1.00%, 1, 0, 2, 46.49
1571946129, 0, 0, 172, 172, 1, 1.00%, 1, 0, 2, 50.09
1571946175, 0, 0, 173, 173, 1, 1.00%, 1, 0, 2, 48.23
1571946287, 0, 0, 174, 174, 1, 1.00%, 1, 0, 2, 48.00
1571946457, 0, 0, 175, 175, 1, 1.00%, 1, 0, 2, 46.49
1571946790, 0, 0, 176, 176, 1, 1.00%, 1, 0, 2, 49.44
1571947205, 0, 0, 177, 177, 1, 1.00%, 1, 0, 2, 44.76
1571947251, 0, 0, 179, 179, 1, 1.00%, 1, 0, 2, 48.26
1571947389, 0, 0, 180, 180, 1, 1.00%, 1, 0, 2, 51.90
1571947547, 0, 0, 181, 181, 1, 1.00%, 1, 0, 2, 43.60
1571947706, 0, 0, 182, 182, 1, 1.00%, 1, 0, 2, 42.69
1571947904, 0, 0, 183, 183, 1, 1.00%, 1, 0, 2, 46.73
1571948002, 0, 0, 184, 184, 1, 1.00%, 1, 0, 2, 45.03
1571948012, 0, 0, 185, 185, 1, 1.00%, 1, 0, 2, 48.76
1571948472, 0, 0, 186, 186, 1, 1.00%, 1, 0, 2, 45.87
1571948933, 0, 0, 187, 187, 1, 1.00%, 1, 0, 2, 52.00
1571949087, 0, 0, 188, 188, 1, 1.00%, 1, 0, 2, 49.85
1571949199, 0, 0, 189, 189, 1, 1.00%, 1, 0, 2, 46.25
1571949230, 0, 0, 190, 190, 1, 1.00%, 1, 0, 2, 50.07
1571949388, 0, 0, 191, 191, 1, 1.00%, 1, 0, 2, 49.22
1571949618, 0, 0, 192, 192, 1, 1.00%, 1, 0, 2, 45.55
1571951182, 0, 0, 193, 193, 1, 1.00%, 1, 0, 2, 43.74
1571951279, 0, 0, 194, 194, 1, 1.00%, 1, 0, 2, 42.05
1571955409, 0, 0, 195, 195, 1, 1.00%, 1, 0, 2, 46.22
1571957221, 0, 0, 196, 196, 1, 1.00%, 1, 0, 2, 46.51
1571957389, 0, 0, 198, 198, 1, 1.00%, 1, 0, 2, 46.35
1571957522, 0, 0, 200, 200, 1, 1.00%, 1, 0, 2, 41.05
1571957527, 0, 0, 202, 202, 1, 1.00%, 1, 0, 2, 42.84
1571960872, 0, 0, 203, 203, 1, 1.00%, 1, 0, 2, 38.84
1571964022, 0, 0, 204, 204, 1, 1.00%, 1, 0, 2, 41.95
1571964220, 0, 0, 205, 205, 1, 1.00%, 1, 0, 2, 42.68
1571973217, 0, 0, 206, 206, 1, 1.00%, 1, 0, 2, 42.57
1571973609, 0, 0, 208, 208, 1, 1.03%, 1, 0, 2, 39.82
1571973660, 0, 0, 209, 209, 1, 1.03%, 1, 0, 2, 39.92
1571973742, 0, 0, 210, 210, 1, 1.03%, 1, 0, 2, 39.52
1571973747, 0, 0, 211, 211, 1, 1.03%, 1, 0, 2, 39.70
1571973813, 0, 0, 212, 212, 1, 1.03%, 1, 0, 2, 42.40
1571973818, 0, 0, 214, 214, 1, 1.03%, 1, 0, 2, 42.16
1571973823, 0, 0, 215, 215, 1, 1.03%, 1, 0, 2, 41.12
1571973834, 0, 0, 216, 216, 1, 1.03%, 1, 0, 2, 42.19
1571973839, 0, 0, 217, 217, 1, 1.03%, 1, 0, 2, 42.14
1571973844, 0, 0, 218, 218, 1, 1.03%, 1, 0, 2, 41.93
1571973854, 0, 0, 219, 219, 1, 1.03%, 1, 0, 2, 40.44
1571973859, 0, 0, 220, 220, 1, 1.03%, 1, 0, 2, 40.21
1571973880, 0, 0, 221, 221, 1, 1.03%, 1, 0, 2, 38.63
1571973900, 0, 0, 222, 222, 1, 1.03%, 1, 0, 2, 39.02
1571973911, 0, 0, 223, 223, 1, 1.03%, 1, 0, 2, 39.41
1571973916, 0, 0, 224, 224, 1, 1.03%, 1, 0, 2, 39.91
1571973952, 0, 0, 226, 226, 1, 1.03%, 1, 0, 2, 39.37
1571973957, 0, 0, 228, 228, 1, 1.03%, 1, 0, 2, 39.24
1571974018, 0, 0, 229, 229, 1, 1.03%, 1, 0, 2, 42.14
1571974049, 0, 0, 235, 235, 1, 1.06%, 1, 0, 2, 48.61
1571974060, 0, 0, 239, 239, 1, 1.07%, 1, 0, 2, 51.28
1571974065, 0, 0, 243, 243, 1, 1.08%, 1, 0, 2, 47.99
1571992595, 0, 0, 244, 244, 1, 1.08%, 1, 0, 2, 43.04
1571999401, 0, 0, 245, 245, 1, 1.08%, 1, 0, 2, 43.14
1572001356, 0, 0, 246, 246, 1, 1.08%, 1, 0, 2, 38.66
1572001555, 0, 0, 247, 247, 1, 1.08%, 1, 0, 2, 40.94
1572001845, 0, 0, 248, 248, 1, 1.08%, 1, 0, 2, 41.23
1572001978, 0, 0, 250, 250, 1, 1.08%, 1, 0, 2, 45.26
1572001988, 0, 0, 253, 253, 1, 1.16%, 1, 0, 2, 45.15
1572001993, 0, 0, 255, 255, 1, 1.16%, 1, 0, 2, 49.11
1572003777, 0, 0, 256, 256, 1, 1.16%, 1, 0, 2, 51.88
1572022699, 0, 0, 257, 257, 1, 1.16%, 1, 0, 2, 42.22
1572028417, 0, 0, 258, 258, 1, 1.16%, 1, 0, 2, 39.69
1572028948, 0, 0, 261, 261, 1, 1.18%, 1, 0, 2, 47.56
