# unix_time, cycles_done, cur_path, paths_total, pending_total, pending_favs, map_size, unique_crashes, unique_hangs, max_depth, execs_per_sec
1572353378, 0, 0, 1, 1, 1, 0.57%, 0, 0, 1, 24.84
1572353403, 0, 0, 11, 11, 1, 0.68%, 0, 0, 2, 38.81
1572353409, 0, 0, 12, 12, 1, 0.68%, 0, 0, 2, 28.92
1572353424, 0, 0, 29, 29, 1, 0.76%, 0, 0, 2, 26.27
1572353429, 0, 0, 53, 53, 1, 0.97%, 1, 0, 2, 54.15
1572353434, 0, 0, 63, 63, 1, 0.98%, 1, 0, 2, 41.22
1572353439, 0, 0, 68, 68, 1, 0.99%, 1, 0, 2, 38.48
1572353444, 0, 0, 73, 73, 1, 0.99%, 1, 0, 2, 40.03
1572353449, 0, 0, 74, 74, 1, 0.99%, 1, 0, 2, 32.01
1572353454, 0, 0, 77, 77, 1, 0.99%, 1, 0, 2, 31.69
1572353459, 0, 0, 78, 78, 1, 0.99%, 1, 0, 2, 29.13
1572353464, 0, 0, 84, 84, 1, 0.99%, 1, 0, 2, 32.97
1572353469, 0, 0, 87, 87, 1, 0.99%, 1, 0, 2, 32.52
1572353474, 0, 0, 88, 88, 1, 0.99%, 1, 0, 2, 32.12
1572353485, 0, 0, 90, 90, 1, 0.99%, 1, 0, 2, 30.10
1572353490, 0, 0, 91, 91, 1, 0.99%, 1, 0, 2, 28.77
1572353495, 0, 0, 95, 95, 1, 0.99%, 1, 0, 2, 27.02
1572353500, 0, 0, 97, 97, 1, 0.99%, 1, 0, 2, 26.32
1572353505, 0, 0, 101, 101, 1, 0.99%, 1, 0, 2, 31.80
1572353510, 0, 0, 109, 109, 1, 0.99%, 1, 0, 2, 39.69
1572353516, 0, 0, 110, 110, 1, 0.99%, 1, 0, 2, 32.65
1572353521, 0, 0, 113, 113, 1, 0.99%, 1, 0, 2, 32.93
1572353531, 0, 0, 115, 115, 1, 0.99%, 1, 0, 2, 31.58
1572353546, 0, 0, 116, 116, 1, 0.99%, 1, 0, 2, 28.66
1572353551, 0, 0, 117, 117, 1, 0.99%, 1, 0, 2, 28.85
1572353567, 0, 0, 119, 119, 1, 0.99%, 1, 0, 2, 30.82
1572353577, 0, 0, 120, 120, 1, 0.99%, 1, 0, 2, 29.57
1572353582, 0, 0, 125, 125, 1, 0.99%, 1, 0, 2, 29.19
1572353592, 0, 0, 126, 126, 1, 0.99%, 1, 0, 2, 28.13
1572353597, 0, 0, 127, 127, 1, 0.99%, 1, 0, 2, 29.22
1572353607, 0, 0, 128, 128, 1, 0.99%, 1, 0, 2, 29.87
1572353617, 0, 0, 131, 131, 1, 0.99%, 1, 0, 2, 29.27
1572353623, 0, 0, 132, 132, 1, 0.99%, 1, 0, 2, 26.85
1572353633, 0, 0, 133, 133, 1, 0.99%, 1, 0, 2, 28.93
1572353638, 0, 0, 135, 135, 1, 0.99%, 1, 0, 2, 29.55
1572353648, 0, 0, 138, 138, 1, 0.99%, 1, 0, 2, 32.46
1572353653, 0, 0, 140, 140, 1, 0.99%, 1, 0, 2, 36.46
1572353658, 0, 0, 141, 141, 1, 0.99%, 1, 0, 2, 31.21
1572353664, 0, 0, 142, 142, 1, 0.99%, 1, 0, 2, 30.10
1572353669, 0, 0, 143, 143, 1, 0.99%, 1, 0, 2, 29.61
1572353674, 0, 0, 144, 144, 1, 0.99%, 1, 0, 2, 28.37
1572353689, 0, 0, 145, 145, 1, 0.99%, 1, 0, 2, 29.40
1572353694, 0, 0, 146, 146, 1, 0.99%, 1, 0, 2, 30.04
1572353705, 0, 0, 147, 147, 1, 0.99%, 1, 0, 2, 29.04
1572353730, 0, 0, 149, 149, 1, 0.99%, 1, 0, 2, 29.43
1572353740, 0, 0, 152, 152, 1, 0.99%, 1, 0, 2, 27.99
1572353746, 0, 0, 153, 153, 1, 0.99%, 1, 0, 2, 26.76
1572353751, 0, 0, 154, 154, 1, 0.99%, 1, 0, 2, 28.23
1572353756, 0, 0, 155, 155, 1, 0.99%, 1, 0, 2, 28.91
1572353802, 0, 0, 156, 156, 1, 0.99%, 1, 0, 2, 30.29
1572353807, 0, 0, 159, 159, 1, 0.99%, 1, 0, 2, 33.41
1572353833, 0, 0, 160, 160, 1, 0.99%, 1, 0, 2, 29.88
1572353838, 0, 0, 161, 161, 1, 0.99%, 1, 0, 2, 29.80
1572353889, 0, 0, 162, 162, 1, 1.00%, 1, 0, 2, 29.49
1572353930, 0, 0, 163, 163, 1, 1.00%, 1, 0, 2, 30.49
1572353935, 0, 0, 164, 164, 1, 1.00%, 1, 0, 2, 30.22
1572354098, 0, 0, 165, 165, 1, 1.00%, 1, 0, 2, 29.33
1572354103, 0, 0, 166, 166, 1, 1.00%, 1, 0, 2, 28.83
1572354118, 0, 0, 167, 167, 1, 1.00%, 1, 0, 2, 26.36
1572354129, 0, 0, 168, 168, 1, 1.00%, 1, 0, 2, 29.07
1572354169, 0, 0, 169, 169, 1, 1.00%, 1, 0, 2, 29.57
1572354175, 0, 0, 170, 170, 1, 1.00%, 1, 0, 2, 29.49
1572354200, 0, 0, 171, 171, 1, 1.00%, 1, 0, 2, 27.09
1572354317, 0, 0, 172, 172, 1, 1.00%, 1, 0, 2, 30.12
1572354388, 0, 0, 173, 173, 1, 1.00%, 1, 0, 2, 32.77
1572354581, 0, 0, 174, 174, 1, 1.00%, 1, 0, 2, 28.63
1572354871, 0, 0, 175, 175, 1, 1.00%, 1, 0, 2, 29.33
1572355205, 0, 0, 176, 176, 1, 1.00%, 1, 0, 2, 48.77
1572355600, 0, 0, 177, 177, 1, 1.00%, 1, 0, 2, 47.26
1572355646, 0, 0, 179, 179, 1, 1.00%, 1, 0, 2, 48.33
1572355774, 0, 0, 180, 180, 1, 1.00%, 1, 0, 2, 52.46
1572355928, 0, 0, 181, 181, 1, 1.00%, 1, 0, 2, 46.01
1572356072, 0, 0, 182, 182, 1, 1.00%, 1, 0, 2, 50.21
1572356257, 0, 0, 183, 183, 1, 1.00%, 1, 0, 2, 47.26
1572356345, 0, 0, 184, 184, 1, 1.00%, 1, 0, 2, 46.55
1572356355, 0, 0, 185, 185, 1, 1.00%, 1, 0, 2, 48.94
1572356772, 0, 0, 186, 186, 1, 1.00%, 1, 0, 2, 47.43
1572357194, 0, 0, 187, 187, 1, 1.00%, 1, 0, 2, 48.99
1572357339, 0, 0, 188, 188, 1, 1.00%, 1, 0, 2, 49.32
1572357447, 0, 0, 189, 189, 1, 1.00%, 1, 0, 2, 49.62
1572357478, 0, 0, 190, 190, 1, 1.00%, 1, 0, 2, 48.58
1572357627, 0, 0, 191, 191, 1, 1.00%, 1, 0, 2, 47.81
1572357837, 0, 0, 192, 192, 1, 1.00%, 1, 0, 2, 49.89
1572359265, 0, 0, 193, 193, 1, 1.00%, 1, 0, 2, 50.55
1572359347, 0, 0, 194, 194, 1, 1.00%, 1, 0, 2, 51.17
1572364448, 0, 0, 195, 195, 1, 1.00%, 1, 0, 2, 48.33
1572366114, 0, 0, 196, 196, 1, 1.00%, 1, 0, 2, 47.61
1572366263, 0, 0, 197, 197, 1, 1.00%, 1, 0, 2, 47.30
1572366268, 0, 0, 198, 198, 1, 1.00%, 1, 0, 2, 47.43
1572366387, 0, 0, 202, 202, 1, 1.00%, 1, 0, 2, 49.96
1572369440, 0, 0, 203, 203, 1, 1.00%, 1, 0, 2, 45.85
1572372316, 0, 0, 204, 204, 1, 1.00%, 1, 0, 2, 46.76
1572372497, 0, 0, 205, 205, 1, 1.00%, 1, 0, 2, 46.24
1572382621, 0, 0, 206, 206, 1, 1.00%, 1, 0, 2, 44.47
1572382987, 0, 0, 208, 208, 1, 1.03%, 1, 0, 2, 44.53
1572383028, 0, 0, 209, 209, 1, 1.03%, 1, 0, 2, 44.36
1572383106, 0, 0, 211, 211, 1, 1.03%, 1, 0, 2, 44.19
1572383173, 0, 0, 212, 212, 1, 1.03%, 1, 0, 2, 44.14
1572383178, 0, 0, 215, 215, 1, 1.03%, 1, 0, 2, 39.94
1572383194, 0, 0, 216, 216, 1, 1.03%, 1, 0, 2, 43.97
1572383199, 0, 0, 218, 218, 1, 1.03%, 1, 0, 2, 43.87
1572383209, 0, 0, 219, 219, 1, 1.03%, 1, 0, 2, 41.88
1572383214, 0, 0, 220, 220, 1, 1.03%, 1, 0, 2, 43.30
1572383235, 0, 0, 221, 221, 1, 1.03%, 1, 0, 2, 42.92
1572383250, 0, 0, 222, 222, 1, 1.03%, 1, 0, 2, 44.09
1572383260, 0, 0, 223, 223, 1, 1.03%, 1, 0, 2, 44.05
1572383266, 0, 0, 224, 224, 1, 1.03%, 1, 0, 2, 44.51
1572383296, 0, 0, 225, 225, 1, 1.03%, 1, 0, 2, 44.02
1572383301, 0, 0, 227, 227, 1, 1.03%, 1, 0, 2, 43.96
1572383307, 0, 0, 228, 228, 1, 1.03%, 1, 0, 2, 44.00
1572383363, 0, 0, 229, 229, 1, 1.03%, 1, 0, 2, 44.08
1572383389, 0, 0, 235, 235, 1, 1.06%, 1, 0, 2, 49.69
1572383399, 0, 0, 243, 243, 1, 1.08%, 1, 0, 2, 65.82
1572401421, 0, 0, 244, 244, 1, 1.08%, 1, 0, 2, 28.14
1572409128, 0, 0, 245, 245, 1, 1.08%, 1, 0, 2, 45.25
1572410911, 0, 0, 246, 246, 1, 1.08%, 1, 0, 2, 44.11
1572411091, 0, 0, 247, 247, 1, 1.08%, 1, 0, 2, 41.93
1572411364, 0, 0, 248, 248, 1, 1.08%, 1, 0, 2, 44.35
1572411487, 0, 0, 250, 250, 1, 1.08%, 1, 0, 2, 54.69
1572411498, 0, 0, 251, 251, 1, 1.16%, 1, 0, 2, 56.65
1572411503, 0, 0, 255, 255, 1, 1.16%, 1, 0, 2, 56.20
1572413162, 0, 0, 256, 256, 1, 1.16%, 1, 0, 2, 52.43
1572432084, 0, 0, 257, 257, 1, 1.16%, 1, 0, 2, 27.98
1572438592, 0, 0, 258, 258, 1, 1.16%, 1, 0, 2, 44.71
1572439077, 0, 0, 261, 261, 1, 1.18%, 1, 0, 2, 52.15
