# unix_time, cycles_done, cur_path, paths_total, pending_total, pending_favs, map_size, unique_crashes, unique_hangs, max_depth, execs_per_sec
1571945991, 0, 0, 1, 1, 1, 0.57%, 0, 0, 1, 45.20
1571946006, 0, 0, 12, 12, 1, 0.68%, 0, 0, 2, 65.40
1571946016, 0, 0, 25, 25, 1, 0.74%, 0, 0, 2, 44.78
1571946022, 0, 0, 57, 57, 1, 0.97%, 1, 0, 2, 46.88
1571946027, 0, 0, 68, 68, 1, 0.99%, 1, 0, 2, 58.62
1571946032, 0, 0, 74, 74, 1, 0.99%, 1, 0, 2, 55.73
1571946037, 0, 0, 78, 78, 1, 0.99%, 1, 0, 2, 52.20
1571946042, 0, 0, 84, 84, 1, 0.99%, 1, 0, 2, 51.60
1571946047, 0, 0, 87, 87, 1, 0.99%, 1, 0, 2, 49.42
1571946052, 0, 0, 90, 90, 1, 0.99%, 1, 0, 2, 54.11
1571946057, 0, 0, 93, 93, 1, 0.99%, 1, 0, 2, 49.40
1571946062, 0, 0, 97, 97, 1, 0.99%, 1, 0, 2, 46.31
1571946068, 0, 0, 109, 109, 1, 0.99%, 1, 0, 2, 59.65
1571946073, 0, 0, 112, 112, 1, 0.99%, 1, 0, 2, 55.47
1571946078, 0, 0, 113, 113, 1, 0.99%, 1, 0, 2, 49.67
1571946083, 0, 0, 115, 115, 1, 0.99%, 1, 0, 2, 49.76
1571946088, 0, 0, 116, 116, 1, 0.99%, 1, 0, 2, 51.05
1571946093, 0, 0, 117, 117, 1, 0.99%, 1, 0, 2, 49.94
1571946103, 0, 0, 119, 119, 1, 0.99%, 1, 0, 2, 48.97
1571946108, 0, 0, 124, 124, 1, 0.99%, 1, 0, 2, 61.30
1571946113, 0, 0, 126, 126, 1, 0.99%, 1, 0, 2, 53.28
1571946118, 0, 0, 127, 127, 1, 0.99%, 1, 0, 2, 50.68
1571946124, 0, 0, 128, 128, 1, 0.99%, 1, 0, 2, 51.93
1571946129, 0, 0, 130, 130, 1, 0.99%, 1, 0, 2, 52.87
1571946134, 0, 0, 132, 132, 1, 0.99%, 1, 0, 2, 45.91
1571946139, 0, 0, 133, 133, 1, 0.99%, 1, 0, 2, 48.96
1571946144, 0, 0, 135, 135, 1, 0.99%, 1, 0, 2, 49.42
1571946149, 0, 0, 138, 138, 1, 0.99%, 1, 0, 2, 51.83
1571946154, 0, 0, 141, 141, 1, 0.99%, 1, 0, 2, 53.69
1571946159, 0, 0, 143, 143, 1, 0.99%, 1, 0, 2, 52.02
1571946164, 0, 0, 144, 144, 1, 0.99%, 1, 0, 2, 47.75
1571946175, 0, 0, 145, 145, 1, 0.99%, 1, 0, 2, 47.74
1571946180, 0, 0, 147, 147, 1, 0.99%, 1, 0, 2, 51.39
1571946195, 0, 0, 149, 149, 1, 0.99%, 1, 0, 2, 53.51
1571946200, 0, 0, 150, 150, 1, 0.99%, 1, 0, 2, 51.57
1571946205, 0, 0, 153, 153, 1, 0.99%, 1, 0, 2, 46.75
1571946210, 0, 0, 155, 155, 1, 0.99%, 1, 0, 2, 49.75
1571946241, 0, 0, 158, 158, 1, 0.99%, 1, 0, 2, 51.99
1571946246, 0, 0, 159, 159, 1, 0.99%, 1, 0, 2, 50.16
1571946256, 0, 0, 160, 160, 1, 0.99%, 1, 0, 2, 49.68
1571946261, 0, 0, 161, 161, 1, 0.99%, 1, 0, 2, 48.54
1571946292, 0, 0, 162, 162, 1, 1.00%, 1, 0, 2, 49.42
1571946312, 0, 0, 163, 163, 1, 1.00%, 1, 0, 2, 50.97
1571946317, 0, 0, 164, 164, 1, 1.00%, 1, 0, 2, 49.13
1571946409, 0, 0, 165, 165, 1, 1.00%, 1, 0, 2, 51.58
1571946414, 0, 0, 166, 166, 1, 1.00%, 1, 0, 2, 48.70
1571946424, 0, 0, 167, 167, 1, 1.00%, 1, 0, 2, 44.82
1571946429, 0, 0, 168, 168, 1, 1.00%, 1, 0, 2, 48.23
1571946454, 0, 0, 170, 170, 1, 1.00%, 1, 0, 2, 51.72
1571946475, 0, 0, 171, 171, 1, 1.00%, 1, 0, 2, 45.96
1571946541, 0, 0, 172, 172, 1, 1.00%, 1, 0, 2, 45.84
1571946587, 0, 0, 173, 173, 1, 1.00%, 1, 0, 2, 45.50
1571946705, 0, 0, 174, 174, 1, 1.00%, 1, 0, 2, 43.82
1571946879, 0, 0, 175, 175, 1, 1.00%, 1, 0, 2, 42.77
1571947226, 0, 0, 176, 176, 1, 1.00%, 1, 0, 2, 44.36
1571947649, 0, 0, 177, 177, 1, 1.00%, 1, 0, 2, 40.62
1571947695, 0, 0, 179, 179, 1, 1.00%, 1, 0, 2, 48.26
1571947838, 0, 0, 180, 180, 1, 1.00%, 1, 0, 2, 43.78
1571948002, 0, 0, 181, 181, 1, 1.00%, 1, 0, 2, 43.50
1571948156, 0, 0, 182, 182, 1, 1.00%, 1, 0, 2, 47.94
1571948355, 0, 0, 183, 183, 1, 1.00%, 1, 0, 2, 41.72
1571948448, 0, 0, 184, 184, 1, 1.00%, 1, 0, 2, 45.28
1571948463, 0, 0, 185, 185, 1, 1.00%, 1, 0, 2, 47.51
1571948917, 0, 0, 186, 186, 1, 1.00%, 1, 0, 2, 47.71
1571949353, 0, 0, 187, 187, 1, 1.00%, 1, 0, 2, 47.77
1571949506, 0, 0, 188, 188, 1, 1.00%, 1, 0, 2, 46.07
1571949618, 0, 0, 189, 189, 1, 1.00%, 1, 0, 2, 47.78
1571949654, 0, 0, 190, 190, 1, 1.00%, 1, 0, 2, 46.06
1571949813, 0, 0, 191, 191, 1, 1.00%, 1, 0, 2, 45.96
1571950048, 0, 0, 192, 192, 1, 1.00%, 1, 0, 2, 43.75
1571951571, 0, 0, 193, 193, 1, 1.00%, 1, 0, 2, 47.66
1571951668, 0, 0, 194, 194, 1, 1.00%, 1, 0, 2, 45.73
1571955735, 0, 0, 195, 195, 1, 1.00%, 1, 0, 2, 45.79
1571957533, 0, 0, 196, 196, 1, 1.00%, 1, 0, 2, 46.59
1571957708, 0, 0, 198, 198, 1, 1.00%, 1, 0, 2, 44.45
1571957836, 0, 0, 200, 200, 1, 1.00%, 1, 0, 2, 42.35
1571957841, 0, 0, 202, 202, 1, 1.00%, 1, 0, 2, 44.93
1571961119, 0, 0, 203, 203, 1, 1.00%, 1, 0, 2, 44.64
1571964252, 0, 0, 204, 204, 1, 1.00%, 1, 0, 2, 45.01
1571964440, 0, 0, 205, 205, 1, 1.00%, 1, 0, 2, 42.71
1571973347, 0, 0, 206, 206, 1, 1.00%, 1, 0, 2, 39.92
1571973744, 0, 0, 208, 208, 1, 1.03%, 1, 0, 2, 43.01
1571973790, 0, 0, 209, 209, 1, 1.03%, 1, 0, 2, 39.55
1571973877, 0, 0, 211, 211, 1, 1.03%, 1, 0, 2, 41.46
1571973948, 0, 0, 214, 214, 1, 1.03%, 1, 0, 2, 39.27
1571973953, 0, 0, 215, 215, 1, 1.03%, 1, 0, 2, 36.47
1571973968, 0, 0, 216, 216, 1, 1.03%, 1, 0, 2, 42.46
1571973973, 0, 0, 218, 218, 1, 1.03%, 1, 0, 2, 42.21
1571973983, 0, 0, 219, 219, 1, 1.03%, 1, 0, 2, 40.11
1571973993, 0, 0, 220, 220, 1, 1.03%, 1, 0, 2, 38.23
1571974014, 0, 0, 221, 221, 1, 1.03%, 1, 0, 2, 40.38
1571974029, 0, 0, 222, 222, 1, 1.03%, 1, 0, 2, 42.46
1571974039, 0, 0, 223, 223, 1, 1.03%, 1, 0, 2, 42.72
1571974044, 0, 0, 224, 224, 1, 1.03%, 1, 0, 2, 41.20
1571974080, 0, 0, 226, 226, 1, 1.03%, 1, 0, 2, 39.11
1571974085, 0, 0, 227, 227, 1, 1.03%, 1, 0, 2, 39.01
1571974090, 0, 0, 228, 228, 1, 1.03%, 1, 0, 2, 39.32
1571974146, 0, 0, 229, 229, 1, 1.03%, 1, 0, 2, 42.25
1571974177, 0, 0, 235, 235, 1, 1.06%, 1, 0, 2, 47.35
1571974187, 0, 0, 237, 237, 1, 1.07%, 1, 0, 2, 51.57
1571974192, 0, 0, 243, 243, 1, 1.08%, 1, 0, 2, 44.35
1571992641, 0, 0, 244, 244, 1, 1.08%, 1, 0, 2, 41.80
1571999380, 0, 0, 245, 245, 1, 1.08%, 1, 0, 2, 40.82
1572001306, 0, 0, 246, 246, 1, 1.08%, 1, 0, 2, 40.78
1572001503, 0, 0, 247, 247, 1, 1.08%, 1, 0, 2, 42.56
1572001793, 0, 0, 248, 248, 1, 1.08%, 1, 0, 2, 42.58
1572001925, 0, 0, 250, 250, 1, 1.08%, 1, 0, 2, 44.58
1572001930, 0, 0, 251, 251, 1, 1.16%, 1, 0, 2, 51.42
1572001935, 0, 0, 255, 255, 1, 1.16%, 1, 0, 2, 45.29
1572003721, 0, 0, 256, 256, 1, 1.16%, 1, 0, 2, 47.40
1572022503, 0, 0, 257, 257, 1, 1.16%, 1, 0, 2, 41.53
1572028153, 0, 0, 258, 258, 1, 1.16%, 1, 0, 2, 39.17
1572028679, 0, 0, 261, 261, 1, 1.18%, 1, 0, 2, 46.04
1572031975, 0, 0, 263, 263, 1, 1.18%, 1, 0, 2, 55.67
