# unix_time, cycles_done, cur_path, paths_total, pending_total, pending_favs, map_size, unique_crashes, unique_hangs, max_depth, execs_per_sec
1572353347, 0, 0, 1, 1, 1, 0.57%, 0, 0, 1, 21.45
1572353372, 0, 0, 11, 11, 1, 0.68%, 0, 0, 2, 39.83
1572353377, 0, 0, 12, 12, 1, 0.68%, 0, 0, 2, 28.98
1572353393, 0, 0, 27, 27, 1, 0.76%, 0, 0, 2, 26.12
1572353398, 0, 0, 52, 52, 1, 0.97%, 1, 0, 2, 53.56
1572353403, 0, 0, 63, 63, 1, 0.98%, 1, 0, 2, 43.16
1572353408, 0, 0, 68, 68, 1, 0.99%, 1, 0, 2, 40.08
1572353413, 0, 0, 71, 71, 1, 0.99%, 1, 0, 2, 35.03
1572353418, 0, 0, 74, 74, 1, 0.99%, 1, 0, 2, 31.88
1572353423, 0, 0, 77, 77, 1, 0.99%, 1, 0, 2, 32.47
1572353428, 0, 0, 78, 78, 1, 0.99%, 1, 0, 2, 29.57
1572353433, 0, 0, 84, 84, 1, 0.99%, 1, 0, 2, 33.85
1572353439, 0, 0, 87, 87, 1, 0.99%, 1, 0, 2, 32.59
1572353449, 0, 0, 88, 88, 1, 0.99%, 1, 0, 2, 28.19
1572353454, 0, 0, 90, 90, 1, 0.99%, 1, 0, 2, 30.71
1572353459, 0, 0, 91, 91, 1, 0.99%, 1, 0, 2, 29.42
1572353464, 0, 0, 94, 94, 1, 0.99%, 1, 0, 2, 27.00
1572353469, 0, 0, 97, 97, 1, 0.99%, 1, 0, 2, 26.51
1572353474, 0, 0, 101, 101, 1, 0.99%, 1, 0, 2, 33.25
1572353479, 0, 0, 109, 109, 1, 0.99%, 1, 0, 2, 30.75
1572353484, 0, 0, 110, 110, 1, 0.99%, 1, 0, 2, 31.62
1572353489, 0, 0, 112, 112, 1, 0.99%, 1, 0, 2, 30.42
1572353494, 0, 0, 113, 113, 1, 0.99%, 1, 0, 2, 28.64
1572353499, 0, 0, 114, 114, 1, 0.99%, 1, 0, 2, 29.44
1572353504, 0, 0, 115, 115, 1, 0.99%, 1, 0, 2, 28.91
1572353515, 0, 0, 116, 116, 1, 0.99%, 1, 0, 2, 30.24
1572353520, 0, 0, 117, 117, 1, 0.99%, 1, 0, 2, 30.88
1572353535, 0, 0, 118, 118, 1, 0.99%, 1, 0, 2, 28.53
1572353540, 0, 0, 119, 119, 1, 0.99%, 1, 0, 2, 27.99
1572353545, 0, 0, 120, 120, 1, 0.99%, 1, 0, 2, 29.17
1572353550, 0, 0, 124, 124, 1, 0.99%, 1, 0, 2, 26.15
1572353555, 0, 0, 125, 125, 1, 0.99%, 1, 0, 2, 28.49
1572353560, 0, 0, 126, 126, 1, 0.99%, 1, 0, 2, 29.32
1572353565, 0, 0, 127, 127, 1, 0.99%, 1, 0, 2, 30.87
1572353580, 0, 0, 128, 128, 1, 0.99%, 1, 0, 2, 28.19
1572353585, 0, 0, 130, 130, 1, 0.99%, 1, 0, 2, 30.85
1572353591, 0, 0, 132, 132, 1, 0.99%, 1, 0, 2, 27.42
1572353601, 0, 0, 133, 133, 1, 0.99%, 1, 0, 2, 30.98
1572353606, 0, 0, 135, 135, 1, 0.99%, 1, 0, 2, 30.24
1572353616, 0, 0, 136, 136, 1, 0.99%, 1, 0, 2, 29.32
1572353621, 0, 0, 138, 138, 1, 0.99%, 1, 0, 2, 29.91
1572353626, 0, 0, 141, 141, 1, 0.99%, 1, 0, 2, 32.99
1572353631, 0, 0, 142, 142, 1, 0.99%, 1, 0, 2, 31.46
1572353637, 0, 0, 143, 143, 1, 0.99%, 1, 0, 2, 31.02
1572353642, 0, 0, 144, 144, 1, 0.99%, 1, 0, 2, 30.28
1572353662, 0, 0, 145, 145, 1, 0.99%, 1, 0, 2, 28.29
1572353667, 0, 0, 146, 146, 1, 0.99%, 1, 0, 2, 28.64
1572353672, 0, 0, 147, 147, 1, 0.99%, 1, 0, 2, 30.00
1572353698, 0, 0, 149, 149, 1, 0.99%, 1, 0, 2, 31.89
1572353708, 0, 0, 150, 150, 1, 0.99%, 1, 0, 2, 29.27
1572353713, 0, 0, 152, 152, 1, 0.99%, 1, 0, 2, 27.08
1572353719, 0, 0, 153, 153, 1, 0.99%, 1, 0, 2, 25.96
1572353724, 0, 0, 155, 155, 1, 0.99%, 1, 0, 2, 29.08
1572353775, 0, 0, 156, 156, 1, 0.99%, 1, 0, 2, 29.09
1572353780, 0, 0, 159, 159, 1, 0.99%, 1, 0, 2, 30.96
1572353805, 0, 0, 160, 160, 1, 0.99%, 1, 0, 2, 28.21
1572353810, 0, 0, 161, 161, 1, 0.99%, 1, 0, 2, 28.10
1572353862, 0, 0, 162, 162, 1, 1.00%, 1, 0, 2, 28.17
1572353903, 0, 0, 163, 163, 1, 1.00%, 1, 0, 2, 28.78
1572353908, 0, 0, 164, 164, 1, 1.00%, 1, 0, 2, 28.40
1572354066, 0, 0, 165, 165, 1, 1.00%, 1, 0, 2, 31.49
1572354071, 0, 0, 166, 166, 1, 1.00%, 1, 0, 2, 30.54
1572354092, 0, 0, 167, 167, 1, 1.00%, 1, 0, 2, 26.48
1572354102, 0, 0, 168, 168, 1, 1.00%, 1, 0, 2, 29.42
1572354143, 0, 0, 169, 169, 1, 1.00%, 1, 0, 2, 29.58
1572354148, 0, 0, 170, 170, 1, 1.00%, 1, 0, 2, 29.67
1572354174, 0, 0, 171, 171, 1, 1.00%, 1, 0, 2, 26.95
1572354291, 0, 0, 172, 172, 1, 1.00%, 1, 0, 2, 28.89
1572354363, 0, 0, 173, 173, 1, 1.00%, 1, 0, 2, 29.54
1572354557, 0, 0, 174, 174, 1, 1.00%, 1, 0, 2, 28.40
1572354848, 0, 0, 175, 175, 1, 1.00%, 1, 0, 2, 27.97
1572355191, 0, 0, 176, 176, 1, 1.00%, 1, 0, 2, 48.77
1572355585, 0, 0, 177, 177, 1, 1.00%, 1, 0, 2, 47.35
1572355626, 0, 0, 179, 179, 1, 1.00%, 1, 0, 2, 52.37
1572355759, 0, 0, 180, 180, 1, 1.00%, 1, 0, 2, 51.52
1572355913, 0, 0, 181, 181, 1, 1.00%, 1, 0, 2, 45.84
1572356057, 0, 0, 182, 182, 1, 1.00%, 1, 0, 2, 49.95
1572356236, 0, 0, 183, 183, 1, 1.00%, 1, 0, 2, 50.18
1572356323, 0, 0, 184, 184, 1, 1.00%, 1, 0, 2, 49.82
1572356339, 0, 0, 185, 185, 1, 1.00%, 1, 0, 2, 48.43
1572356755, 0, 0, 186, 186, 1, 1.00%, 1, 0, 2, 46.67
1572357173, 0, 0, 187, 187, 1, 1.00%, 1, 0, 2, 51.56
1572357322, 0, 0, 188, 188, 1, 1.00%, 1, 0, 2, 48.46
1572357429, 0, 0, 189, 189, 1, 1.00%, 1, 0, 2, 48.62
1572357455, 0, 0, 190, 190, 1, 1.00%, 1, 0, 2, 50.77
1572357603, 0, 0, 191, 191, 1, 1.00%, 1, 0, 2, 49.51
1572357819, 0, 0, 192, 192, 1, 1.00%, 1, 0, 2, 47.26
1572359237, 0, 0, 193, 193, 1, 1.00%, 1, 0, 2, 51.09
1572359319, 0, 0, 194, 194, 1, 1.00%, 1, 0, 2, 50.97
1572364426, 0, 0, 195, 195, 1, 1.00%, 1, 0, 2, 47.05
1572366086, 0, 0, 196, 196, 1, 1.00%, 1, 0, 2, 47.36
1572366235, 0, 0, 197, 197, 1, 1.00%, 1, 0, 2, 46.33
1572366241, 0, 0, 198, 198, 1, 1.00%, 1, 0, 2, 46.83
1572366354, 0, 0, 200, 200, 1, 1.00%, 1, 0, 2, 47.81
1572366359, 0, 0, 202, 202, 1, 1.00%, 1, 0, 2, 47.78
1572369404, 0, 0, 203, 203, 1, 1.00%, 1, 0, 2, 45.39
1572372272, 0, 0, 204, 204, 1, 1.00%, 1, 0, 2, 47.13
1572372452, 0, 0, 205, 205, 1, 1.00%, 1, 0, 2, 46.04
1572382563, 0, 0, 206, 206, 1, 1.00%, 1, 0, 2, 44.85
1572382929, 0, 0, 208, 208, 1, 1.03%, 1, 0, 2, 44.59
1572382970, 0, 0, 209, 209, 1, 1.03%, 1, 0, 2, 44.64
1572383048, 0, 0, 211, 211, 1, 1.03%, 1, 0, 2, 44.46
1572383115, 0, 0, 214, 214, 1, 1.03%, 1, 0, 2, 44.19
1572383120, 0, 0, 215, 215, 1, 1.03%, 1, 0, 2, 41.96
1572383135, 0, 0, 217, 217, 1, 1.03%, 1, 0, 2, 44.32
1572383140, 0, 0, 218, 218, 1, 1.03%, 1, 0, 2, 44.32
1572383150, 0, 0, 219, 219, 1, 1.03%, 1, 0, 2, 43.04
1572383156, 0, 0, 220, 220, 1, 1.03%, 1, 0, 2, 43.88
1572383176, 0, 0, 221, 221, 1, 1.03%, 1, 0, 2, 43.82
1572383191, 0, 0, 222, 222, 1, 1.03%, 1, 0, 2, 44.03
1572383202, 0, 0, 223, 223, 1, 1.03%, 1, 0, 2, 44.70
1572383207, 0, 0, 224, 224, 1, 1.03%, 1, 0, 2, 45.00
1572383237, 0, 0, 226, 226, 1, 1.03%, 1, 0, 2, 44.15
1572383243, 0, 0, 228, 228, 1, 1.03%, 1, 0, 2, 44.17
1572383299, 0, 0, 229, 229, 1, 1.03%, 1, 0, 2, 44.55
1572383324, 0, 0, 231, 231, 1, 1.03%, 1, 0, 2, 50.93
1572383329, 0, 0, 235, 235, 1, 1.06%, 1, 0, 2, 47.23
1572383340, 0, 0, 243, 243, 1, 1.08%, 1, 0, 2, 58.42
1572401247, 0, 0, 244, 244, 1, 1.08%, 1, 0, 2, 27.01
1572409010, 0, 0, 245, 245, 1, 1.08%, 1, 0, 2, 45.74
1572410785, 0, 0, 246, 246, 1, 1.08%, 1, 0, 2, 43.92
1572410970, 0, 0, 247, 247, 1, 1.08%, 1, 0, 2, 43.71
1572411244, 0, 0, 248, 248, 1, 1.08%, 1, 0, 2, 44.80
1572411367, 0, 0, 250, 250, 1, 1.08%, 1, 0, 2, 46.29
1572411372, 0, 0, 251, 251, 1, 1.16%, 1, 0, 2, 57.89
1572411377, 0, 0, 255, 255, 1, 1.16%, 1, 0, 2, 57.78
1572413033, 0, 0, 256, 256, 1, 1.16%, 1, 0, 2, 54.74
1572431803, 0, 0, 257, 257, 1, 1.16%, 1, 0, 2, 28.42
1572438424, 0, 0, 258, 258, 1, 1.16%, 1, 0, 2, 44.92
1572438909, 0, 0, 261, 261, 1, 1.18%, 1, 0, 2, 50.63
