# unix_time, cycles_done, cur_path, paths_total, pending_total, pending_favs, map_size, unique_crashes, unique_hangs, max_depth, execs_per_sec
1567499891, 0, 0, 1, 1, 1, 0.64%, 0, 0, 1, 2666.67
1567499896, 390, 8, 10, 0, 0, 0.75%, 0, 0, 5, 557.73
1567499901, 843, 0, 11, 0, 0, 0.76%, 0, 0, 5, 592.23
1567499906, 1167, 11, 16, 0, 0, 0.88%, 0, 0, 8, 595.81
1567499911, 1447, 14, 20, 0, 0, 0.98%, 0, 0, 9, 599.14
1567499916, 1706, 0, 23, 0, 0, 0.99%, 0, 0, 9, 605.85
1567499921, 1952, 25, 28, 0, 0, 1.00%, 0, 0, 10, 614.86
1567499926, 2149, 0, 33, 0, 0, 1.01%, 0, 0, 12, 603.68
1567499931, 2327, 36, 40, 0, 0, 1.05%, 0, 0, 15, 614.34
1567499936, 2455, 13, 50, 0, 0, 1.06%, 0, 0, 15, 611.45
1567499941, 2566, 51, 55, 1, 0, 1.06%, 0, 0, 15, 611.41
1567499947, 2671, 13, 62, 0, 0, 1.08%, 0, 0, 15, 621.76
1567499952, 2754, 62, 77, 0, 0, 1.14%, 0, 0, 15, 631.45
1567499957, 2828, 61, 84, 0, 0, 1.14%, 0, 0, 15, 596.87
1567499962, 2889, 77, 87, 0, 0, 1.15%, 0, 0, 15, 561.10
1567499967, 2951, 61, 90, 0, 0, 1.16%, 0, 0, 15, 559.21
1567499972, 3008, 37, 91, 0, 0, 1.16%, 0, 0, 15, 566.21
1567499977, 3063, 94, 95, 0, 0, 1.24%, 0, 0, 15, 562.95
1567499982, 3117, 10, 101, 1, 0, 1.25%, 0, 0, 17, 578.48
1567499987, 3167, 23, 103, 0, 0, 1.25%, 0, 0, 17, 587.88
1567499992, 3218, 34, 103, 0, 0, 1.25%, 0, 0, 17, 585.43
1567499998, 3267, 68, 103, 0, 0, 1.25%, 0, 0, 17, 581.98
1567500003, 3315, 104, 108, 0, 0, 1.26%, 0, 0, 17, 556.25
1567500008, 3362, 79, 114, 1, 0, 1.26%, 0, 0, 19, 559.14
1567500013, 3404, 117, 119, 0, 0, 1.27%, 0, 0, 19, 543.81
1567500018, 3448, 0, 121, 0, 0, 1.28%, 0, 0, 19, 523.00
1567500023, 3489, 13, 122, 0, 0, 1.28%, 0, 0, 19, 508.13
1567500028, 3530, 108, 123, 0, 0, 1.28%, 0, 0, 19, 515.37
1567500033, 3569, 104, 125, 1, 0, 1.29%, 0, 0, 20, 507.33
1567500038, 3608, 127, 129, 2, 0, 1.29%, 0, 0, 23, 537.79
1567500043, 3648, 131, 137, 0, 0, 1.29%, 0, 0, 23, 600.23
1567500049, 3691, 7, 142, 0, 0, 1.29%, 0, 0, 24, 560.70
1567500054, 3729, 138, 145, 0, 0, 1.29%, 0, 0, 24, 546.92
1567500059, 3769, 139, 153, 2, 0, 1.29%, 0, 0, 24, 573.33
1567500064, 3805, 108, 154, 0, 0, 1.29%, 0, 0, 24, 485.07
1567500069, 3839, 58, 155, 0, 0, 1.29%, 0, 0, 24, 446.06
1567500074, 3873, 92, 158, 0, 0, 1.29%, 0, 0, 25, 465.28
1567500079, 3907, 6, 158, 0, 0, 1.29%, 0, 0, 25, 447.13
1567500085, 3939, 61, 159, 0, 0, 1.30%, 0, 0, 25, 436.04
1567500090, 3973, 72, 160, 0, 0, 1.34%, 0, 0, 25, 447.32
1567500095, 4004, 101, 160, 0, 0, 1.34%, 0, 0, 25, 434.70
1567500100, 4037, 48, 161, 0, 0, 1.34%, 0, 0, 25, 450.84
1567500105, 4068, 89, 161, 0, 0, 1.34%, 0, 0, 25, 434.91
1567500110, 4100, 89, 161, 0, 0, 1.34%, 0, 0, 25, 436.48
1567500115, 4133, 69, 161, 0, 0, 1.34%, 0, 0, 25, 444.88
1567500120, 4166, 26, 161, 0, 0, 1.34%, 0, 0, 25, 442.02
1567500125, 4198, 14, 162, 0, 0, 1.34%, 0, 0, 25, 433.94
1567500131, 4230, 121, 162, 0, 0, 1.34%, 0, 0, 25, 441.05
1567500136, 4263, 52, 163, 1, 0, 1.34%, 0, 0, 25, 445.25
1567500141, 4296, 159, 163, 0, 0, 1.34%, 0, 0, 25, 451.48
1567500146, 4329, 45, 164, 0, 0, 1.34%, 0, 0, 25, 443.25
1567500151, 4361, 46, 164, 0, 0, 1.34%, 0, 0, 25, 444.60
1567500156, 4392, 97, 164, 0, 0, 1.34%, 0, 0, 25, 436.53
1567500161, 4425, 14, 169, 0, 0, 1.38%, 0, 0, 25, 450.70
1567500166, 4453, 136, 170, 0, 0, 1.39%, 0, 0, 25, 428.18
1567500171, 4483, 120, 178, 0, 0, 1.45%, 0, 0, 25, 453.40
1567500176, 4510, 44, 183, 0, 0, 1.46%, 0, 0, 25, 456.31
1567500182, 4535, 62, 188, 0, 0, 1.47%, 0, 0, 25, 449.04
1567500187, 4560, 61, 201, 0, 0, 1.76%, 0, 0, 25, 469.96
1567500192, 4583, 37, 207, 0, 0, 1.77%, 0, 0, 25, 442.64
1567500197, 4606, 31, 207, 0, 0, 1.77%, 0, 0, 25, 433.69
1567500202, 4628, 195, 207, 0, 0, 1.77%, 0, 0, 25, 432.57
1567500207, 4651, 62, 211, 0, 0, 1.77%, 0, 0, 25, 427.23
1567500212, 4673, 164, 211, 0, 0, 1.77%, 0, 0, 25, 432.62
1567500217, 4696, 158, 214, 0, 0, 1.78%, 0, 0, 25, 449.48
1567500223, 4719, 23, 214, 0, 0, 1.78%, 0, 0, 25, 445.08
1567500228, 4741, 68, 214, 0, 0, 1.78%, 0, 0, 25, 439.43
1567500233, 4763, 116, 215, 0, 0, 1.78%, 0, 0, 25, 445.79
1567500238, 4785, 168, 215, 0, 0, 1.78%, 0, 0, 25, 432.72
1567500243, 4808, 0, 215, 0, 0, 1.78%, 0, 0, 25, 429.18
1567500248, 4829, 207, 217, 1, 0, 1.78%, 0, 0, 25, 435.27
1567500253, 4853, 81, 218, 0, 0, 1.78%, 0, 0, 25, 455.72
1567500258, 4876, 33, 218, 0, 0, 1.78%, 0, 0, 25, 444.15
1567500263, 4898, 68, 220, 0, 0, 1.80%, 0, 0, 25, 449.21
1567500269, 4921, 72, 221, 0, 0, 1.80%, 0, 0, 25, 445.35
1567500274, 4944, 44, 221, 0, 0, 1.80%, 0, 0, 25, 462.31
1567500279, 4967, 7, 221, 0, 0, 1.80%, 0, 0, 25, 473.73
1567500284, 4989, 168, 221, 0, 0, 1.80%, 0, 0, 25, 485.83
1567500289, 5012, 183, 222, 0, 0, 1.81%, 0, 0, 25, 477.59
1567500294, 5035, 65, 222, 0, 0, 1.81%, 0, 0, 25, 476.03
1567500299, 5057, 194, 228, 0, 0, 1.91%, 0, 0, 25, 486.77
1567500304, 5081, 21, 230, 0, 0, 1.92%, 0, 0, 25, 487.38
1567500309, 5103, 178, 230, 0, 0, 1.92%, 0, 0, 25, 486.84
1567500315, 5125, 220, 234, 0, 0, 1.95%, 0, 0, 25, 488.79
1567500320, 5147, 108, 236, 0, 0, 1.95%, 0, 0, 25, 495.09
1567500325, 5169, 178, 237, 0, 0, 1.95%, 0, 0, 25, 473.09
1567500330, 5191, 217, 238, 0, 0, 1.96%, 0, 0, 25, 475.17
1567500335, 5214, 160, 241, 1, 0, 1.96%, 0, 0, 25, 480.31
1567500340, 5236, 183, 241, 0, 0, 1.96%, 0, 0, 25, 474.15
1567500345, 5258, 18, 244, 0, 0, 1.99%, 0, 0, 25, 463.72
1567500350, 5276, 248, 256, 1, 0, 2.06%, 0, 0, 25, 448.44
1567500355, 5294, 199, 260, 0, 0, 2.26%, 0, 0, 25, 445.29
1567500360, 5311, 263, 271, 1, 0, 2.37%, 0, 0, 25, 458.86
1567500365, 5328, 139, 287, 0, 0, 2.46%, 0, 0, 25, 467.36
1567500370, 5344, 298, 301, 3, 3, 2.55%, 0, 0, 27, 467.46
1567500376, 5359, 286, 318, 4, 0, 2.61%, 0, 0, 27, 492.32
1567500381, 5374, 210, 335, 4, 0, 2.65%, 0, 0, 27, 490.42
1567500386, 5388, 294, 352, 6, 0, 2.73%, 0, 0, 28, 476.00
1567500391, 5401, 370, 371, 3, 1, 2.92%, 0, 0, 28, 484.14
1567500396, 5415, 286, 395, 2, 0, 3.10%, 0, 0, 29, 485.05
1567500401, 5428, 226, 408, 6, 0, 3.14%, 0, 0, 30, 465.50
1567500406, 5440, 140, 423, 4, 0, 3.19%, 0, 0, 31, 467.18
1567500411, 5451, 395, 431, 4, 0, 3.20%, 0, 0, 31, 440.46
1567500416, 5462, 308, 438, 2, 0, 3.22%, 0, 0, 31, 446.92
1567500421, 5474, 141, 448, 1, 0, 3.39%, 0, 0, 32, 447.44
1567500426, 5485, 457, 459, 3, 0, 3.45%, 0, 0, 32, 449.29
1567500431, 5497, 85, 468, 2, 0, 3.48%, 0, 0, 32, 454.24
1567500437, 5508, 372, 475, 2, 0, 3.49%, 0, 0, 32, 446.75
1567500442, 5520, 77, 479, 1, 0, 3.49%, 0, 0, 32, 436.92
1567500447, 5531, 342, 486, 1, 0, 3.57%, 0, 0, 32, 457.52
1567500452, 5542, 420, 492, 0, 0, 3.60%, 0, 0, 32, 455.59
1567500457, 5554, 70, 498, 2, 0, 3.60%, 0, 0, 32, 459.91
1567500462, 5564, 505, 506, 2, 0, 3.62%, 0, 0, 32, 455.20
1567500467, 5575, 391, 509, 1, 0, 3.63%, 0, 0, 32, 451.86
1567500473, 5586, 62, 513, 1, 0, 3.64%, 0, 0, 32, 476.91
1567500478, 5596, 489, 516, 1, 0, 3.65%, 0, 0, 32, 459.77
1567500483, 5607, 463, 524, 2, 0, 3.67%, 0, 0, 32, 475.57
1567500488, 5618, 324, 527, 0, 0, 3.67%, 0, 0, 32, 492.06
1567500493, 5629, 18, 533, 3, 0, 3.67%, 0, 0, 32, 475.84
1567500498, 5637, 102, 535, 0, 0, 3.68%, 0, 0, 32, 666.16
1567500503, 5644, 212, 541, 2, 0, 3.69%, 0, 0, 33, 880.62
1567500508, 5649, 547, 548, 4, 1, 3.70%, 0, 0, 34, 675.01
1567500513, 5656, 543, 555, 2, 0, 3.71%, 0, 0, 35, 853.69
1567500519, 5665, 543, 564, 3, 0, 3.72%, 0, 0, 35, 613.81
1567500524, 5674, 475, 574, 3, 0, 3.73%, 0, 0, 36, 585.21
1567500529, 5684, 565, 583, 4, 0, 3.74%, 0, 0, 36, 557.89
1567500534, 5692, 511, 593, 4, 0, 3.75%, 0, 0, 36, 669.23
1567500539, 5700, 0, 598, 1, 0, 3.76%, 0, 0, 36, 810.64
1567500544, 5710, 389, 611, 3, 0, 3.77%, 0, 0, 36, 559.84
1567500549, 5717, 615, 620, 3, 0, 3.79%, 0, 0, 36, 734.56
1567500555, 5725, 474, 624, 1, 0, 3.80%, 0, 0, 36, 787.77
1567500560, 5733, 172, 634, 6, 0, 3.80%, 0, 0, 36, 179.75
1567500565, 5738, 102, 639, 4, 0, 3.81%, 0, 0, 36, 1079.19
1567500570, 5745, 543, 648, 7, 0, 3.82%, 0, 0, 37, 793.50
1567500575, 5750, 653, 654, 4, 1, 3.82%, 0, 0, 37, 899.13
1567500580, 5757, 544, 658, 0, 0, 3.84%, 0, 0, 37, 784.93
1567500585, 5765, 574, 664, 0, 0, 3.85%, 0, 0, 37, 636.89
1567500591, 5774, 543, 669, 1, 0, 3.86%, 0, 0, 37, 229.52
1567500596, 5781, 9, 677, 3, 0, 3.86%, 0, 0, 37, 522.96
1567500601, 5785, 680, 682, 2, 0, 3.86%, 0, 0, 38, 765.05
1567500606, 5790, 685, 687, 3, 1, 3.87%, 0, 0, 38, 829.25
1567500611, 5793, 691, 695, 6, 0, 3.87%, 0, 0, 38, 1120.12
1567500616, 5794, 696, 697, 7, 1, 3.87%, 0, 0, 38, 779.33
1567500621, 5799, 242, 700, 6, 0, 3.89%, 0, 0, 38, 916.94
1567500626, 5802, 689, 701, 3, 0, 3.89%, 0, 0, 38, 981.75
1567500632, 5805, 704, 705, 3, 0, 3.91%, 0, 0, 38, 1310.32
1567500637, 5813, 701, 708, 3, 0, 3.91%, 0, 0, 38, 544.21
1567500642, 5818, 710, 711, 1, 1, 3.92%, 0, 0, 38, 880.47
1567500647, 5822, 715, 716, 3, 0, 3.92%, 0, 0, 38, 905.28
1567500652, 5828, 0, 720, 2, 0, 3.94%, 0, 0, 38, 894.11
1567500657, 5833, 721, 722, 1, 0, 3.94%, 0, 0, 38, 937.58
1567500662, 5840, 416, 723, 0, 0, 3.94%, 0, 0, 38, 695.11
1567500667, 5849, 685, 725, 0, 0, 3.96%, 0, 0, 38, 496.98
1567500672, 5855, 728, 730, 3, 0, 3.96%, 0, 0, 38, 743.00
1567500677, 5861, 638, 732, 1, 0, 3.96%, 0, 0, 38, 823.64
1567500683, 5869, 719, 734, 0, 0, 3.97%, 0, 0, 38, 662.89
1567500688, 5879, 618, 734, 0, 0, 3.97%, 0, 0, 38, 471.39
1567500693, 5886, 736, 738, 3, 0, 3.97%, 0, 0, 38, 711.98
1567500698, 5891, 697, 740, 2, 0, 3.97%, 0, 0, 38, 788.18
1567500703, 5897, 740, 741, 1, 0, 3.97%, 0, 0, 38, 945.87
1567500708, 5902, 742, 745, 2, 0, 3.97%, 0, 0, 38, 925.92
1567500713, 5907, 543, 752, 2, 0, 3.98%, 0, 0, 38, 988.43
1567500718, 5911, 757, 758, 2, 0, 3.98%, 0, 0, 38, 1176.74
1567500723, 5918, 490, 763, 2, 0, 3.99%, 0, 0, 38, 250.49
1567500728, 5922, 758, 768, 3, 0, 3.99%, 0, 0, 38, 788.73
1567500734, 5928, 776, 777, 5, 0, 3.99%, 0, 0, 38, 966.04
1567500739, 5935, 331, 797, 6, 0, 4.05%, 0, 0, 38, 1054.94
1567500744, 5938, 219, 800, 3, 0, 4.05%, 0, 0, 38, 1184.69
1567500749, 5945, 0, 812, 7, 0, 4.07%, 0, 0, 38, 966.71
1567500754, 5951, 799, 817, 6, 0, 4.08%, 0, 0, 38, 727.34
1567500759, 5955, 809, 820, 2, 0, 4.08%, 0, 0, 38, 860.96
1567500764, 5960, 825, 826, 6, 1, 4.09%, 0, 0, 38, 1728.45
1567500770, 5965, 831, 833, 6, 0, 4.09%, 0, 0, 38, 859.13
1567500775, 5972, 514, 839, 6, 0, 4.09%, 0, 0, 38, 1416.11
1567500780, 5975, 743, 844, 4, 0, 4.09%, 0, 0, 38, 1120.50
1567500785, 5977, 845, 846, 3, 0, 4.09%, 0, 0, 38, 964.95
1567500790, 5986, 597, 852, 1, 0, 4.10%, 0, 0, 38, 600.36
1567500795, 5991, 853, 860, 4, 0, 4.10%, 0, 0, 39, 844.82
1567500800, 5996, 685, 863, 2, 0, 4.10%, 0, 0, 39, 668.77
1567500806, 6002, 863, 864, 2, 1, 4.10%, 0, 0, 39, 804.98
1567500811, 6009, 248, 873, 5, 0, 4.11%, 0, 0, 39, 304.96
1567500816, 6015, 875, 876, 2, 0, 4.11%, 0, 0, 39, 637.47
1567500821, 6023, 597, 880, 2, 0, 4.13%, 0, 0, 39, 601.79
1567500826, 6031, 452, 883, 1, 0, 4.14%, 0, 0, 39, 299.14
1567500831, 6035, 789, 888, 1, 0, 4.14%, 0, 0, 39, 595.99
1567500837, 6041, 458, 894, 3, 0, 4.14%, 0, 0, 39, 804.89
1567500842, 6047, 70, 900, 7, 0, 4.14%, 0, 0, 40, 646.79
1567500847, 6054, 183, 907, 6, 0, 4.15%, 0, 0, 40, 670.46
1567500852, 6058, 892, 913, 7, 0, 4.16%, 0, 0, 40, 997.26
1567500857, 6065, 869, 920, 1, 0, 4.17%, 0, 0, 40, 710.87
1567500862, 6074, 252, 930, 1, 0, 4.18%, 0, 0, 40, 576.28
1567500867, 6082, 182, 944, 9, 0, 4.19%, 0, 0, 40, 524.25
1567500873, 6088, 941, 955, 10, 0, 4.21%, 0, 0, 40, 704.41
1567500878, 6093, 567, 961, 9, 0, 4.21%, 0, 0, 40, 710.78
1567500883, 6100, 829, 973, 3, 0, 4.35%, 0, 0, 40, 717.01
1567500888, 6107, 745, 982, 4, 0, 4.37%, 0, 0, 41, 598.40
1567500893, 6110, 990, 992, 8, 0, 4.37%, 0, 0, 42, 767.86
1567500898, 6116, 997, 998, 5, 1, 4.39%, 0, 0, 42, 716.88
1567500903, 6123, 412, 1006, 2, 0, 4.40%, 0, 0, 42, 747.62
1567500909, 6130, 1013, 1016, 4, 2, 4.44%, 0, 0, 42, 613.73
1567500914, 6137, 964, 1022, 1, 0, 4.46%, 1, 0, 42, 568.80
1567500919, 6144, 1035, 1036, 9, 1, 4.50%, 1, 0, 43, 623.56
1567500924, 6151, 414, 1048, 5, 0, 4.52%, 1, 0, 44, 688.89
1567500929, 6157, 188, 1054, 3, 0, 4.53%, 1, 0, 44, 634.49
1567500934, 6163, 1057, 1058, 2, 1, 4.54%, 1, 0, 44, 632.55
1567500939, 6170, 1066, 1068, 5, 0, 4.58%, 1, 0, 44, 722.52
1567500944, 6178, 412, 1076, 5, 0, 4.59%, 1, 0, 44, 691.49
1567500949, 6185, 333, 1083, 2, 0, 4.60%, 1, 0, 44, 749.43
1567500954, 6192, 210, 1093, 2, 0, 4.62%, 1, 0, 44, 653.01
1567500960, 6199, 1083, 1105, 6, 0, 4.65%, 1, 0, 45, 605.39
1567500965, 6204, 1100, 1117, 5, 0, 4.67%, 1, 0, 45, 613.20
1567500970, 6211, 610, 1129, 7, 0, 4.73%, 1, 0, 45, 682.70
1567500975, 6218, 1141, 1142, 9, 1, 4.77%, 1, 0, 46, 625.99
1567500980, 6224, 245, 1153, 6, 0, 4.78%, 1, 0, 46, 674.54
1567500985, 6230, 766, 1159, 7, 0, 4.79%, 1, 0, 46, 607.55
1567500990, 6236, 1157, 1168, 7, 0, 4.80%, 1, 0, 46, 564.51
1567500995, 6242, 1171, 1181, 8, 0, 4.80%, 1, 0, 46, 665.97
1567501000, 6247, 1186, 1187, 3, 1, 4.81%, 1, 0, 46, 779.75
1567501006, 6255, 763, 1195, 1, 0, 4.83%, 1, 0, 46, 614.18
1567501011, 6261, 1100, 1201, 2, 0, 4.84%, 1, 0, 46, 592.96
1567501016, 6268, 276, 1206, 1, 0, 4.84%, 1, 0, 47, 599.98
1567501021, 6274, 655, 1216, 6, 0, 4.84%, 1, 0, 47, 542.57
1567501026, 6280, 665, 1223, 5, 0, 4.85%, 1, 0, 47, 559.77
1567501031, 6286, 442, 1235, 9, 0, 4.86%, 1, 0, 48, 583.67
1567501036, 6292, 375, 1246, 9, 0, 4.87%, 1, 0, 48, 669.07
1567501042, 6297, 906, 1252, 4, 0, 4.87%, 1, 0, 48, 729.02
1567501047, 6303, 1249, 1258, 5, 0, 4.90%, 1, 0, 48, 672.45
1567501052, 6308, 1113, 1262, 5, 0, 4.90%, 1, 0, 48, 809.11
1567501057, 6314, 1182, 1268, 5, 0, 4.91%, 1, 0, 48, 553.78
1567501062, 6318, 1273, 1274, 3, 1, 4.91%, 1, 0, 48, 514.59
1567501067, 6323, 1281, 1282, 5, 0, 4.93%, 1, 0, 48, 750.36
1567501072, 6329, 313, 1285, 1, 0, 4.93%, 1, 0, 48, 591.62
1567501078, 6334, 1291, 1292, 3, 0, 4.95%, 1, 0, 48, 604.28
1567501083, 6341, 1173, 1297, 3, 0, 4.97%, 1, 0, 48, 544.94
1567501088, 6346, 948, 1302, 1, 0, 4.97%, 1, 0, 48, 733.35
1567501093, 6352, 1052, 1305, 1, 0, 4.97%, 1, 0, 48, 556.82
1567501098, 6358, 1214, 1308, 2, 0, 4.97%, 1, 0, 48, 496.51
1567501103, 6364, 698, 1311, 2, 0, 4.97%, 1, 0, 48, 528.69
1567501108, 6368, 1315, 1316, 2, 0, 4.98%, 1, 0, 48, 902.43
1567501113, 6374, 458, 1320, 1, 0, 4.98%, 1, 0, 48, 404.64
1567501119, 6378, 1324, 1327, 5, 1, 4.99%, 1, 0, 48, 650.40
1567501124, 6381, 1327, 1328, 3, 0, 4.99%, 1, 0, 48, 834.24
1567501129, 6383, 1326, 1331, 4, 0, 4.99%, 1, 0, 48, 896.31
1567501134, 6386, 1100, 1333, 2, 0, 4.99%, 1, 0, 48, 733.81
1567501139, 6387, 1336, 1338, 5, 0, 4.99%, 1, 0, 48, 875.19
1567501144, 6391, 1006, 1340, 1, 0, 5.00%, 1, 0, 48, 689.59
1567501149, 6392, 1342, 1343, 2, 0, 5.00%, 1, 0, 48, 846.54
1567501154, 6396, 1344, 1345, 3, 0, 5.00%, 1, 0, 48, 598.92
1567501159, 6399, 1309, 1346, 2, 0, 5.00%, 1, 0, 48, 709.06
1567501164, 6401, 1347, 1348, 1, 0, 5.00%, 1, 0, 48, 864.43
1567501169, 6406, 95, 1350, 1, 0, 5.00%, 1, 0, 48, 585.80
1567501174, 6410, 1329, 1354, 3, 0, 5.01%, 1, 0, 48, 656.73
1567501180, 6412, 1356, 1357, 4, 0, 5.01%, 1, 0, 48, 957.91
1567501185, 6415, 1358, 1360, 3, 0, 5.01%, 1, 0, 48, 993.92
1567501190, 6418, 1181, 1363, 1, 0, 5.01%, 1, 0, 48, 1020.37
1567501195, 6422, 1363, 1366, 2, 0, 5.01%, 1, 0, 48, 776.24
1567501200, 6425, 1371, 1373, 4, 0, 5.01%, 1, 0, 48, 1087.05
1567501205, 6427, 1376, 1378, 6, 0, 5.12%, 1, 0, 48, 853.49
1567501210, 6428, 1375, 1381, 7, 0, 5.12%, 1, 0, 48, 849.77
1567501215, 6432, 1377, 1382, 5, 0, 5.12%, 1, 0, 48, 272.73
1567501220, 6433, 1372, 1384, 5, 0, 5.12%, 1, 0, 48, 680.47
1567501225, 6435, 1382, 1388, 7, 0, 5.12%, 1, 0, 48, 934.87
1567501230, 6436, 724, 1388, 3, 0, 5.12%, 1, 0, 48, 185.29
1567501235, 6438, 638, 1390, 3, 0, 5.12%, 1, 0, 48, 581.39
1567501240, 6439, 1384, 1391, 3, 0, 5.12%, 1, 0, 48, 665.19
1567501246, 6441, 1314, 1393, 2, 0, 5.12%, 1, 0, 48, 600.71
1567501251, 6444, 349, 1397, 4, 0, 5.12%, 1, 0, 48, 746.88
1567501256, 6446, 1397, 1399, 3, 0, 5.12%, 1, 0, 48, 673.46
1567501261, 6448, 1401, 1402, 5, 0, 5.12%, 1, 0, 48, 552.81
1567501266, 6451, 1399, 1405, 5, 0, 5.12%, 1, 0, 48, 687.61
1567501271, 6451, 1402, 1405, 3, 0, 5.12%, 1, 0, 48, 654.03
1567501276, 6454, 1345, 1408, 4, 0, 5.12%, 1, 0, 48, 255.89
1567501281, 6456, 1407, 1411, 4, 0, 5.12%, 1, 0, 48, 911.47
1567501286, 6461, 1405, 1415, 3, 0, 5.13%, 1, 0, 48, 681.33
1567501291, 6463, 397, 1417, 3, 0, 5.13%, 1, 0, 48, 435.18
1567501296, 6466, 158, 1419, 1, 0, 5.13%, 1, 0, 48, 806.06
1567501302, 6469, 1420, 1421, 2, 1, 5.14%, 1, 0, 48, 662.54
1567501307, 6476, 0, 1427, 6, 0, 5.14%, 1, 0, 48, 520.11
1567501312, 6478, 1429, 1432, 7, 0, 5.14%, 1, 0, 48, 964.58
1567501317, 6482, 192, 1434, 2, 0, 5.15%, 1, 0, 48, 781.10
1567501322, 6483, 1435, 1436, 3, 0, 5.15%, 1, 0, 48, 660.11
1567501327, 6486, 1388, 1437, 1, 0, 5.15%, 1, 0, 48, 666.25
1567501332, 6487, 597, 1441, 4, 0, 5.15%, 1, 0, 48, 474.68
1567501337, 6488, 1438, 1443, 5, 0, 5.15%, 1, 0, 48, 390.95
1567501343, 6489, 1441, 1443, 4, 0, 5.15%, 1, 0, 48, 390.47
1567501348, 6492, 612, 1445, 4, 0, 5.15%, 1, 0, 48, 445.37
1567501353, 6492, 1440, 1446, 5, 0, 5.15%, 1, 0, 48, 317.94
1567501358, 6497, 188, 1446, 1, 0, 5.15%, 1, 0, 48, 431.31
1567501363, 6502, 95, 1450, 3, 0, 5.15%, 1, 0, 48, 696.94
1567501368, 6504, 1447, 1452, 3, 0, 5.15%, 1, 0, 48, 716.59
1567501373, 6507, 1451, 1454, 2, 0, 5.15%, 1, 0, 48, 555.09
1567501378, 6512, 122, 1455, 1, 0, 5.15%, 1, 0, 49, 629.59
1567501383, 6517, 169, 1460, 4, 0, 5.15%, 1, 0, 49, 635.85
1567501389, 6520, 1371, 1461, 2, 0, 5.15%, 1, 0, 49, 665.91
1567501394, 6525, 141, 1464, 2, 0, 5.18%, 1, 0, 49, 571.16
1567501399, 6528, 1081, 1465, 2, 0, 5.18%, 1, 0, 49, 546.62
1567501404, 6534, 766, 1469, 2, 0, 5.18%, 1, 0, 49, 544.10
1567501409, 6537, 1419, 1472, 2, 1, 5.18%, 1, 0, 49, 759.53
1567501414, 6544, 439, 1475, 1, 0, 5.20%, 1, 0, 49, 544.85
1567501419, 6550, 442, 1477, 1, 0, 5.20%, 1, 0, 49, 473.26
1567501424, 6555, 1133, 1479, 1, 0, 5.20%, 1, 0, 49, 605.28
1567501430, 6562, 843, 1481, 1, 0, 5.20%, 1, 0, 49, 573.15
1567501435, 6564, 1482, 1483, 2, 0, 5.20%, 1, 0, 49, 393.44
1567501445, 6568, 548, 1484, 1, 0, 5.20%, 1, 0, 49, 1026.34
1567501450, 6572, 1084, 1487, 1, 0, 5.20%, 1, 0, 49, 716.01
1567501455, 6573, 1491, 1492, 5, 0, 5.20%, 1, 0, 49, 414.09
1567501465, 6574, 1489, 1493, 5, 0, 5.20%, 1, 0, 49, 318.61
1567501471, 6576, 1496, 1498, 7, 0, 5.20%, 1, 0, 49, 600.99
1567501476, 6577, 1490, 1498, 5, 0, 5.20%, 1, 0, 49, 382.83
1567501481, 6577, 1495, 1498, 4, 0, 5.20%, 1, 0, 49, 312.44
1567501486, 6581, 1497, 1501, 2, 0, 5.20%, 1, 0, 49, 580.13
1567501491, 6587, 386, 1504, 2, 0, 5.20%, 1, 0, 49, 518.35
1567501496, 6593, 612, 1507, 0, 0, 5.21%, 1, 0, 49, 516.75
1567501501, 6599, 863, 1516, 3, 0, 5.22%, 1, 0, 49, 676.77
1567501506, 6605, 782, 1522, 5, 0, 5.22%, 1, 0, 49, 598.39
1567501511, 6611, 499, 1531, 7, 0, 5.26%, 1, 0, 49, 525.45
1567501516, 6617, 1252, 1537, 4, 0, 5.27%, 1, 0, 49, 622.80
1567501522, 6623, 1114, 1542, 2, 0, 5.30%, 1, 0, 49, 597.31
1567501527, 6628, 1534, 1549, 2, 0, 5.31%, 1, 0, 49, 638.17
1567501532, 6633, 273, 1552, 0, 0, 5.32%, 1, 0, 49, 797.26
1567501537, 6638, 1063, 1554, 1, 0, 5.32%, 2, 0, 49, 568.02
1567501542, 6646, 408, 1558, 1, 0, 5.32%, 2, 0, 49, 632.47
1567501547, 6651, 1561, 1562, 2, 1, 5.35%, 2, 0, 49, 688.52
1567501552, 6657, 580, 1565, 1, 0, 5.35%, 2, 0, 49, 604.75
1567501558, 6663, 396, 1568, 0, 0, 5.35%, 2, 0, 49, 559.41
1567501563, 6668, 1457, 1571, 2, 0, 5.36%, 3, 0, 49, 505.56
1567501568, 6674, 187, 1574, 1, 0, 5.38%, 3, 0, 49, 476.70
1567501573, 6679, 190, 1581, 2, 0, 5.38%, 3, 0, 49, 669.64
1567501578, 6684, 567, 1588, 2, 0, 5.40%, 3, 0, 49, 667.14
1567501583, 6688, 1590, 1591, 2, 0, 5.40%, 3, 0, 49, 736.73
1567501588, 6694, 1194, 1594, 1, 0, 5.40%, 3, 0, 49, 587.95
1567501593, 6699, 1037, 1598, 2, 0, 5.43%, 3, 0, 49, 646.45
1567501598, 6705, 413, 1602, 2, 0, 5.43%, 3, 0, 49, 512.48
1567501603, 6710, 1583, 1605, 3, 0, 5.45%, 3, 0, 49, 492.95
1567501609, 6716, 217, 1608, 2, 0, 5.45%, 3, 0, 49, 504.35
1567501614, 6718, 1609, 1611, 3, 0, 5.45%, 3, 0, 49, 589.22
1567501624, 6719, 1561, 1611, 2, 0, 5.45%, 3, 0, 49, 264.88
1567501629, 6724, 189, 1617, 4, 0, 5.46%, 3, 0, 49, 497.27
1567501634, 6724, 1608, 1617, 4, 0, 5.46%, 3, 0, 49, 274.51
1567501644, 6724, 1616, 1617, 3, 0, 5.46%, 3, 0, 49, 278.40
1567501649, 6725, 1614, 1617, 2, 0, 5.46%, 3, 0, 49, 360.97
1567501655, 6728, 1590, 1618, 1, 0, 5.46%, 3, 0, 49, 424.23
1567501660, 6733, 1615, 1619, 2, 0, 5.46%, 3, 0, 49, 396.59
1567501670, 6735, 1618, 1620, 2, 0, 5.46%, 3, 0, 49, 326.87
1567501680, 6738, 0, 1621, 1, 0, 5.46%, 3, 0, 49, 514.94
1567501685, 6740, 1622, 1623, 1, 0, 5.47%, 3, 0, 49, 485.58
1567501695, 6743, 743, 1624, 0, 0, 5.47%, 3, 0, 49, 326.89
1567501701, 6747, 1271, 1626, 1, 0, 5.47%, 3, 0, 49, 554.89
1567501706, 6750, 1624, 1628, 2, 0, 5.47%, 3, 0, 49, 773.54
1567501711, 6751, 1628, 1633, 6, 0, 5.47%, 3, 0, 49, 350.07
1567501716, 6751, 1632, 1633, 5, 0, 5.47%, 3, 0, 49, 235.75
1567501721, 6753, 743, 1634, 5, 0, 5.47%, 3, 0, 49, 299.97
1567501726, 6755, 1310, 1636, 6, 0, 5.47%, 3, 0, 49, 384.96
1567501732, 6755, 1631, 1636, 6, 0, 5.47%, 3, 0, 49, 210.87
1567501737, 6757, 1625, 1637, 5, 0, 5.47%, 3, 0, 49, 306.83
1567501742, 6758, 1629, 1638, 5, 0, 5.47%, 3, 0, 49, 316.92
1567501747, 6759, 1386, 1638, 4, 0, 5.47%, 3, 0, 49, 252.67
1567501752, 6762, 1637, 1638, 3, 0, 5.47%, 3, 0, 49, 435.61
1567501757, 6766, 1626, 1638, 2, 0, 5.47%, 3, 0, 49, 385.38
1567501762, 6768, 1522, 1639, 2, 0, 5.47%, 3, 0, 49, 411.61
1567501767, 6768, 1630, 1639, 2, 0, 5.47%, 3, 0, 49, 299.32
1567501772, 6770, 37, 1640, 1, 0, 5.47%, 3, 0, 49, 652.40
1567501778, 6774, 1567, 1642, 3, 0, 5.47%, 3, 0, 49, 451.45
1567501783, 6778, 1586, 1644, 3, 0, 5.47%, 3, 0, 49, 491.30
1567501788, 6780, 1629, 1644, 1, 0, 5.47%, 3, 0, 49, 647.14
1567501793, 6785, 1608, 1645, 2, 0, 5.47%, 3, 0, 49, 452.74
1567501798, 6786, 1640, 1645, 2, 0, 5.47%, 3, 0, 49, 241.09
1567501808, 6788, 1644, 1647, 3, 0, 5.47%, 3, 0, 49, 1294.97
1567501813, 6790, 1647, 1648, 1, 0, 5.47%, 3, 0, 49, 214.89
1567501829, 6792, 743, 1649, 1, 0, 5.47%, 3, 0, 49, 230.52
1567501834, 6795, 1650, 1651, 2, 1, 5.48%, 3, 0, 49, 477.69
1567501839, 6798, 12, 1651, 0, 0, 5.48%, 3, 0, 49, 593.55
1567501844, 6801, 1441, 1655, 3, 0, 5.48%, 3, 0, 49, 582.60
1567501849, 6803, 1653, 1658, 4, 0, 5.48%, 3, 0, 49, 626.83
1567501854, 6805, 1655, 1659, 3, 0, 5.48%, 3, 0, 49, 546.62
1567501865, 6806, 1660, 1661, 4, 1, 5.48%, 3, 0, 49, 388.11
1567501870, 6809, 1661, 1663, 3, 0, 5.48%, 3, 0, 49, 740.56
1567501875, 6810, 1658, 1663, 2, 0, 5.48%, 3, 0, 49, 586.94
1567501880, 6813, 1540, 1663, 0, 0, 5.48%, 3, 0, 49, 660.25
1567501885, 6819, 571, 1664, 1, 0, 5.48%, 3, 0, 49, 503.66
1567501890, 6824, 1663, 1667, 3, 0, 5.48%, 4, 0, 49, 483.93
1567501895, 6825, 1621, 1667, 1, 0, 5.48%, 4, 0, 49, 642.38
1567501900, 6829, 1667, 1668, 2, 0, 5.48%, 4, 0, 49, 374.19
1567501921, 6829, 1668, 1669, 2, 0, 5.48%, 4, 0, 49, 103.45
1567501941, 6835, 522, 1671, 0, 0, 5.48%, 4, 0, 49, 418.23
1567501946, 6840, 1010, 1677, 3, 0, 5.48%, 5, 0, 49, 507.15
1567501951, 6845, 601, 1682, 1, 0, 5.48%, 5, 0, 49, 775.98
1567501956, 6850, 993, 1685, 2, 0, 5.49%, 5, 0, 49, 568.03
1567501961, 6855, 1674, 1688, 2, 0, 5.50%, 6, 0, 49, 510.59
1567501967, 6860, 1693, 1694, 2, 0, 5.51%, 6, 0, 49, 593.63
1567501972, 6865, 1354, 1698, 2, 0, 5.51%, 7, 0, 49, 581.64
1567501977, 6871, 911, 1705, 4, 0, 5.53%, 7, 0, 49, 597.80
1567501982, 6876, 1004, 1708, 2, 0, 5.53%, 7, 0, 49, 612.70
1567501987, 6881, 456, 1717, 4, 0, 5.54%, 7, 0, 49, 632.13
1567501992, 6886, 1362, 1722, 3, 0, 5.57%, 7, 0, 49, 612.88
1567501997, 6890, 1725, 1730, 4, 0, 5.57%, 7, 0, 49, 669.88
1567502002, 6895, 724, 1737, 3, 0, 5.59%, 7, 0, 49, 730.05
1567502007, 6900, 1010, 1740, 3, 0, 5.59%, 7, 0, 49, 580.34
1567502012, 6905, 1748, 1749, 6, 1, 5.61%, 7, 0, 49, 727.29
1567502017, 6909, 944, 1753, 1, 0, 5.62%, 8, 0, 49, 186.42
1567502023, 6914, 139, 1762, 2, 0, 5.64%, 8, 0, 49, 1057.70
1567502028, 6918, 1765, 1776, 6, 0, 5.69%, 8, 0, 49, 864.99
1567502033, 6922, 1588, 1784, 3, 0, 5.73%, 8, 0, 49, 819.27
1567502038, 6927, 1216, 1790, 1, 0, 5.74%, 8, 0, 49, 706.01
1567502043, 6932, 1303, 1795, 2, 0, 5.75%, 8, 0, 50, 600.95
1567502048, 6937, 716, 1800, 1, 0, 5.75%, 9, 0, 50, 664.71
1567502053, 6942, 1077, 1802, 1, 0, 5.77%, 9, 0, 50, 528.67
1567502058, 6947, 1118, 1806, 3, 0, 5.77%, 9, 0, 50, 507.29
1567502063, 6952, 324, 1812, 2, 0, 5.78%, 9, 0, 50, 657.16
1567502069, 6957, 541, 1817, 4, 0, 5.78%, 9, 0, 50, 570.67
1567502074, 6962, 1005, 1819, 2, 0, 5.79%, 9, 0, 50, 298.59
1567502079, 6967, 1824, 1826, 6, 1, 5.79%, 9, 0, 51, 494.69
1567502084, 6971, 1823, 1829, 4, 0, 5.80%, 9, 0, 51, 784.04
1567502089, 6976, 1073, 1830, 1, 0, 5.80%, 9, 0, 51, 592.74
1567502094, 6981, 911, 1833, 1, 0, 5.81%, 10, 0, 51, 601.80
1567502099, 6986, 1461, 1835, 0, 0, 5.81%, 10, 0, 51, 526.56
1567502104, 6992, 504, 1839, 1, 0, 5.81%, 10, 0, 51, 509.41
1567502110, 6995, 1842, 1844, 2, 0, 5.81%, 10, 0, 51, 107.16
1567502130, 6998, 1586, 1845, 1, 0, 5.81%, 11, 0, 51, 891.85
1567502135, 7002, 1844, 1847, 2, 0, 5.81%, 11, 0, 51, 715.66
1567502140, 7004, 1852, 1854, 3, 0, 5.81%, 11, 0, 51, 110.04
1567502161, 7004, 1853, 1854, 2, 0, 5.81%, 11, 0, 51, 107.96
1567502176, 7006, 719, 1855, 2, 0, 5.81%, 11, 0, 51, 219.69
1567502181, 7007, 1854, 1855, 2, 0, 5.81%, 11, 0, 51, 332.01
1567502187, 7012, 962, 1857, 1, 0, 5.81%, 11, 0, 51, 457.29
1567502192, 7015, 1482, 1858, 1, 0, 5.81%, 11, 0, 51, 492.20
1567502197, 7018, 1857, 1862, 5, 0, 5.81%, 11, 0, 51, 383.17
1567502202, 7021, 1856, 1862, 4, 0, 5.81%, 11, 0, 51, 426.67
1567502207, 7021, 1859, 1862, 4, 0, 5.81%, 11, 0, 51, 172.03
1567502222, 7022, 173, 1862, 3, 0, 5.81%, 11, 0, 51, 108.17
1567502227, 7022, 1860, 1862, 3, 0, 5.81%, 11, 0, 51, 109.79
1567502243, 7027, 1414, 1863, 3, 0, 5.81%, 11, 0, 51, 421.28
1567502248, 7027, 1861, 1864, 4, 0, 5.81%, 11, 0, 51, 186.26
1567502263, 7030, 1091, 1864, 3, 0, 5.81%, 11, 0, 51, 268.44
1567502268, 7031, 1858, 1865, 4, 0, 5.81%, 11, 0, 51, 177.44
1567502279, 7032, 1441, 1865, 2, 0, 5.81%, 11, 0, 51, 791.33
1567502284, 7035, 1863, 1866, 3, 0, 5.81%, 11, 0, 51, 203.81
1567502289, 7037, 1449, 1866, 1, 0, 5.81%, 11, 0, 51, 529.45
1567502294, 7040, 1639, 1867, 1, 0, 5.81%, 11, 0, 51, 549.05
1567502299, 7043, 1466, 1867, 0, 0, 5.81%, 11, 0, 51, 488.69
1567502304, 7047, 719, 1867, 0, 0, 5.81%, 11, 0, 51, 365.01
1567502309, 7051, 504, 1867, 0, 0, 5.81%, 11, 0, 51, 347.33
1567502314, 7051, 1868, 1869, 2, 0, 5.81%, 11, 0, 51, 173.47
1567502335, 7052, 1867, 1869, 1, 0, 5.81%, 11, 0, 51, 112.12
1567502360, 7056, 1858, 1869, 0, 0, 5.81%, 11, 0, 51, 417.28
1567502365, 7059, 1869, 1870, 1, 0, 5.81%, 11, 0, 51, 422.86
1567502371, 7062, 287, 1871, 0, 0, 5.82%, 11, 0, 51, 340.65
1567502376, 7066, 388, 1872, 0, 0, 5.82%, 11, 0, 51, 64.68
1567502381, 7070, 1613, 1872, 0, 0, 5.82%, 11, 0, 51, 439.94
1567502386, 7072, 1872, 1873, 1, 0, 5.82%, 11, 0, 51, 463.55
1567502391, 7075, 1852, 1873, 0, 0, 5.82%, 11, 0, 51, 315.29
1567502396, 7079, 1646, 1873, 0, 0, 5.82%, 11, 0, 51, 365.40
1567502401, 7082, 1842, 1874, 1, 0, 5.82%, 11, 0, 51, 311.44
1567502406, 7083, 1873, 1874, 1, 0, 5.82%, 11, 0, 51, 172.20
1567502416, 7084, 1861, 1874, 0, 0, 5.82%, 11, 0, 51, 174.36
1567502422, 7088, 853, 1875, 1, 0, 5.82%, 11, 0, 51, 314.16
1567502427, 7091, 1874, 1877, 3, 0, 5.82%, 11, 0, 51, 307.67
1567502432, 7092, 1842, 1877, 2, 0, 5.82%, 11, 0, 51, 368.56
1567502437, 7093, 1875, 1877, 2, 0, 5.82%, 11, 0, 51, 188.63
1567502453, 7096, 1876, 1881, 4, 0, 5.82%, 11, 0, 51, 71.16
1567502473, 7097, 1878, 1881, 3, 0, 5.82%, 11, 0, 51, 651.98
1567502478, 7099, 1389, 1881, 1, 0, 5.82%, 11, 0, 51, 522.54
1567502483, 7103, 1881, 1883, 3, 0, 5.82%, 11, 0, 51, 430.19
1567502493, 7105, 1441, 1883, 2, 0, 5.82%, 11, 0, 51, 283.79
1567502498, 7107, 1882, 1886, 5, 0, 5.82%, 11, 0, 51, 440.20
1567502504, 7108, 1880, 1887, 4, 0, 5.82%, 11, 0, 51, 254.83
1567502509, 7109, 1886, 1887, 2, 0, 5.82%, 11, 0, 51, 560.59
1567502514, 7113, 717, 1887, 1, 0, 5.82%, 11, 0, 51, 512.51
1567502519, 7113, 1885, 1887, 1, 0, 5.82%, 11, 0, 51, 226.47
1567502529, 7117, 184, 1888, 1, 0, 5.82%, 11, 0, 51, 295.54
1567502534, 7117, 1887, 1889, 2, 0, 5.82%, 11, 0, 51, 165.10
1567502554, 7120, 69, 1890, 2, 0, 5.82%, 11, 0, 51, 402.74
1567502560, 7120, 1888, 1890, 2, 0, 5.82%, 11, 0, 51, 197.89
1567502580, 7120, 1889, 1890, 1, 0, 5.82%, 11, 0, 51, 94.85
1567502600, 7123, 719, 1890, 0, 0, 5.82%, 11, 0, 51, 228.64
1567502605, 7125, 1876, 1893, 2, 0, 5.82%, 11, 0, 51, 222.07
1567502610, 7126, 1892, 1893, 1, 0, 5.82%, 11, 0, 51, 70.61
1567502631, 7128, 689, 1893, 0, 0, 5.82%, 11, 0, 51, 292.25
1567502636, 7131, 1863, 1893, 0, 0, 5.82%, 11, 0, 51, 309.46
1567502641, 7134, 719, 1895, 2, 0, 5.82%, 11, 0, 51, 246.69
1567502646, 7135, 1895, 1896, 2, 0, 5.82%, 11, 0, 51, 544.02
1567502651, 7137, 863, 1896, 1, 0, 5.82%, 11, 0, 51, 334.54
1567502656, 7140, 1216, 1897, 2, 0, 5.82%, 11, 0, 51, 283.89
1567502661, 7144, 1114, 1897, 2, 0, 5.82%, 11, 0, 51, 350.51
1567502667, 7147, 0, 1898, 2, 0, 5.82%, 11, 0, 51, 433.05
1567502672, 7147, 1894, 1898, 2, 0, 5.82%, 11, 0, 51, 277.69
1567502677, 7148, 1860, 1898, 1, 0, 5.82%, 11, 0, 51, 269.80
1567502682, 7150, 375, 1899, 0, 0, 5.82%, 11, 0, 51, 697.44
1567502687, 7153, 1842, 1900, 1, 0, 5.82%, 11, 0, 51, 391.93
1567502692, 7157, 438, 1901, 1, 0, 5.82%, 11, 0, 51, 344.48
1567502697, 7159, 1351, 1901, 0, 0, 5.82%, 11, 0, 51, 628.38
1567502703, 7162, 1858, 1901, 0, 0, 5.82%, 11, 0, 51, 380.59
1567502708, 7165, 1387, 1902, 0, 0, 5.82%, 11, 0, 51, 542.77
1567502713, 7168, 1495, 1903, 1, 0, 5.82%, 11, 0, 51, 336.35
1567502718, 7171, 1437, 1903, 1, 0, 5.82%, 11, 0, 51, 286.76
1567502723, 7174, 1902, 1905, 2, 0, 5.82%, 11, 0, 51, 385.18
1567502728, 7177, 948, 1907, 2, 0, 5.82%, 11, 0, 51, 408.65
1567502733, 7178, 1904, 1907, 1, 0, 5.82%, 11, 0, 51, 81.33
1567502764, 7182, 1655, 1908, 0, 0, 5.82%, 11, 0, 51, 412.22
1567502769, 7185, 1908, 1909, 1, 1, 5.83%, 11, 0, 51, 692.67
1567502774, 7190, 684, 1910, 0, 0, 5.83%, 11, 0, 51, 501.58
1567502779, 7195, 1061, 1913, 1, 0, 5.83%, 11, 0, 51, 462.64
1567502784, 7200, 408, 1918, 2, 0, 5.84%, 11, 0, 51, 566.88
1567502790, 7205, 365, 1925, 4, 0, 5.85%, 11, 0, 52, 597.32
1567502795, 7209, 1730, 1929, 4, 0, 5.85%, 11, 0, 52, 569.13
1567502800, 7215, 21, 1935, 7, 0, 5.85%, 11, 0, 52, 564.96
1567502805, 7219, 1501, 1939, 4, 0, 5.87%, 11, 0, 53, 671.01
1567502810, 7224, 1433, 1940, 1, 0, 5.88%, 11, 0, 53, 631.55
1567502815, 7229, 1947, 1948, 3, 1, 5.89%, 11, 0, 53, 584.63
1567502820, 7235, 1012, 1954, 3, 0, 5.90%, 11, 0, 53, 571.68
1567502825, 7240, 1161, 1960, 5, 0, 5.91%, 11, 0, 54, 589.72
1567502830, 7245, 1018, 1962, 0, 0, 5.91%, 11, 0, 54, 701.04
1567502836, 7249, 1964, 1971, 4, 0, 5.96%, 11, 0, 55, 699.56
1567502841, 7254, 1061, 1976, 1, 0, 5.96%, 11, 0, 56, 680.72
1567502846, 7258, 1448, 1982, 3, 0, 6.05%, 11, 0, 56, 1080.46
1567502851, 7263, 1977, 1986, 4, 0, 6.05%, 11, 0, 56, 729.08
1567502856, 7268, 570, 1993, 3, 0, 6.05%, 12, 0, 56, 783.47
1567502861, 7273, 624, 1998, 3, 0, 6.05%, 12, 0, 56, 625.79
1567502866, 7278, 812, 2005, 5, 0, 6.07%, 12, 0, 56, 618.59
1567502871, 7282, 1194, 2010, 3, 0, 6.07%, 12, 0, 56, 832.48
1567502877, 7286, 2012, 2020, 8, 0, 6.07%, 12, 0, 56, 100.10
1567502882, 7290, 2023, 2024, 4, 1, 6.08%, 12, 0, 56, 746.71
1567502887, 7294, 62, 2026, 2, 0, 6.08%, 12, 0, 56, 1038.14
1567502892, 7298, 1508, 2030, 3, 0, 6.08%, 12, 0, 56, 719.60
1567502897, 7303, 1247, 2035, 5, 0, 6.08%, 12, 0, 56, 597.70
1567502902, 7308, 1056, 2038, 4, 0, 6.09%, 12, 0, 56, 567.93
1567502907, 7313, 703, 2042, 2, 0, 6.10%, 13, 0, 56, 666.64
1567502913, 7318, 878, 2046, 4, 0, 6.10%, 13, 0, 56, 579.92
1567502918, 7323, 522, 2050, 3, 0, 6.10%, 13, 0, 56, 605.92
1567502923, 7327, 1936, 2060, 9, 0, 6.10%, 13, 0, 56, 642.00
1567502928, 7331, 1296, 2066, 6, 0, 6.12%, 13, 0, 57, 703.64
1567502933, 7335, 1576, 2069, 3, 0, 6.12%, 13, 0, 57, 889.29
1567502938, 7341, 1018, 2072, 1, 0, 6.18%, 13, 0, 57, 700.68
1567502943, 7345, 2073, 2074, 3, 0, 6.18%, 13, 0, 57, 713.39
1567502948, 7350, 1215, 2078, 0, 0, 6.18%, 13, 0, 57, 648.57
1567502953, 7355, 1118, 2080, 1, 0, 6.18%, 13, 0, 57, 559.87
1567502958, 7359, 1161, 2084, 1, 0, 6.20%, 14, 0, 57, 211.00
1567502964, 7364, 1303, 2087, 1, 0, 6.22%, 14, 0, 57, 494.12
1567502969, 7369, 2088, 2092, 3, 0, 6.22%, 14, 0, 57, 552.47
1567502974, 7374, 2097, 2098, 3, 1, 6.23%, 14, 0, 57, 711.04
1567502979, 7379, 1061, 2101, 2, 0, 6.23%, 14, 0, 57, 654.11
1567502984, 7384, 346, 2102, 0, 0, 6.24%, 14, 0, 57, 656.37
1567502989, 7388, 1933, 2105, 2, 0, 6.24%, 15, 0, 57, 526.32
1567502994, 7392, 1858, 2108, 1, 0, 6.24%, 15, 0, 57, 546.40
1567502999, 7396, 1399, 2112, 3, 0, 6.24%, 15, 0, 57, 200.61
1567503005, 7400, 1953, 2114, 0, 0, 6.25%, 15, 0, 57, 417.61
1567503010, 7404, 1640, 2114, 0, 0, 6.25%, 15, 0, 57, 399.07
1567503015, 7408, 724, 2114, 0, 0, 6.25%, 15, 0, 57, 341.98
1567503020, 7411, 2115, 2116, 1, 0, 6.25%, 15, 0, 57, 401.22
1567503025, 7412, 2116, 2117, 1, 0, 6.25%, 15, 0, 57, 308.43
1567503035, 7415, 766, 2117, 0, 0, 6.25%, 15, 0, 57, 310.03
1567503041, 7419, 139, 2118, 1, 0, 6.25%, 15, 0, 57, 332.34
1567503046, 7422, 1852, 2118, 1, 0, 6.25%, 15, 0, 57, 373.88
1567503051, 7426, 653, 2118, 0, 0, 6.25%, 15, 0, 57, 489.38
1567503056, 7429, 1440, 2119, 1, 0, 6.25%, 15, 0, 57, 497.16
1567503061, 7431, 504, 2119, 0, 0, 6.25%, 15, 0, 57, 482.27
1567503066, 7434, 1495, 2119, 0, 0, 6.25%, 15, 0, 57, 396.10
1567503071, 7436, 783, 2120, 0, 0, 6.25%, 15, 0, 57, 554.77
1567503076, 7440, 541, 2120, 0, 0, 6.25%, 15, 0, 57, 416.22
1567503081, 7443, 195, 2120, 0, 0, 6.25%, 15, 0, 57, 328.10
1567503086, 7446, 273, 2120, 0, 0, 6.25%, 15, 0, 57, 306.78
1567503092, 7450, 79, 2121, 0, 0, 6.25%, 15, 0, 57, 318.95
1567503097, 7453, 528, 2122, 0, 0, 6.25%, 15, 0, 57, 1240.07
1567503102, 7456, 408, 2123, 1, 0, 6.25%, 15, 0, 57, 254.27
1567503107, 7458, 2122, 2124, 2, 0, 6.25%, 15, 0, 57, 57.87
1567503138, 7459, 743, 2124, 1, 0, 6.25%, 15, 0, 57, 472.64
1567503143, 7461, 2123, 2124, 1, 0, 6.25%, 15, 0, 57, 505.51
1567503148, 7464, 2070, 2125, 1, 0, 6.25%, 15, 0, 57, 262.49
1567503153, 7467, 743, 2125, 0, 0, 6.25%, 15, 0, 57, 461.13
1567503158, 7471, 651, 2126, 1, 0, 6.25%, 15, 0, 57, 441.34
1567503163, 7472, 1853, 2127, 1, 0, 6.25%, 15, 0, 57, 460.67
1567503168, 7474, 219, 2127, 0, 0, 6.25%, 15, 0, 57, 488.81
1567503173, 7477, 842, 2127, 0, 0, 6.25%, 15, 0, 57, 400.20
1567503178, 7479, 2122, 2127, 0, 0, 6.25%, 15, 0, 57, 51.55
1567503183, 7482, 1868, 2127, 0, 0, 6.25%, 15, 0, 57, 397.94
1567503189, 7485, 2122, 2127, 0, 0, 6.25%, 15, 0, 57, 66.35
1567503194, 7489, 187, 2127, 0, 0, 6.25%, 15, 0, 57, 212.58
1567503199, 7490, 2127, 2131, 4, 0, 6.25%, 15, 0, 57, 247.23
1567503209, 7493, 684, 2131, 3, 0, 6.25%, 15, 0, 57, 276.29
1567503214, 7494, 2131, 2132, 4, 0, 6.25%, 15, 0, 57, 323.62
1567503219, 7495, 2129, 2132, 3, 0, 6.25%, 15, 0, 57, 322.35
1567503224, 7495, 2130, 2132, 2, 0, 6.25%, 15, 0, 57, 403.87
1567503229, 7497, 2128, 2132, 1, 0, 6.25%, 15, 0, 57, 359.26
1567503234, 7500, 719, 2132, 0, 0, 6.25%, 15, 0, 57, 425.85
1567503240, 7503, 1895, 2133, 1, 0, 6.25%, 15, 0, 57, 377.41
1567503245, 7507, 1605, 2135, 2, 0, 6.25%, 15, 0, 58, 473.37
1567503250, 7510, 1132, 2135, 1, 0, 6.25%, 15, 0, 58, 663.50
1567503255, 7513, 1904, 2135, 1, 0, 6.25%, 15, 0, 58, 276.06
1567503260, 7515, 2135, 2136, 2, 1, 6.25%, 15, 0, 58, 481.07
1567503265, 7518, 1433, 2139, 2, 0, 6.25%, 15, 0, 58, 605.74
1567503270, 7521, 236, 2140, 2, 0, 6.25%, 15, 0, 58, 200.74
1567503275, 7522, 2138, 2141, 2, 0, 6.29%, 15, 0, 58, 507.59
1567503280, 7525, 719, 2142, 1, 0, 6.29%, 15, 0, 58, 661.30
1567503286, 7528, 441, 2144, 2, 0, 6.29%, 15, 0, 58, 614.68
1567503291, 7528, 2143, 2145, 3, 0, 6.29%, 15, 0, 58, 366.89
1567503296, 7530, 2144, 2145, 2, 0, 6.29%, 15, 0, 58, 282.82
1567503306, 7533, 1457, 2145, 1, 0, 6.29%, 15, 0, 58, 310.58
1567503311, 7535, 2083, 2145, 1, 0, 6.29%, 15, 0, 58, 233.37
1567503317, 7537, 641, 2146, 0, 0, 6.30%, 15, 0, 58, 609.21
1567503322, 7540, 1336, 2147, 1, 0, 6.30%, 15, 0, 58, 377.35
1567503327, 7542, 2147, 2148, 2, 1, 6.30%, 15, 0, 58, 602.99
1567503332, 7545, 1399, 2149, 1, 0, 6.30%, 15, 0, 58, 572.94
1567503337, 7547, 1860, 2150, 1, 0, 6.30%, 16, 0, 58, 481.19
1567503342, 7550, 1887, 2150, 1, 0, 6.30%, 16, 0, 58, 347.86
1567503347, 7553, 1660, 2152, 2, 0, 6.30%, 16, 0, 58, 548.31
1567503352, 7555, 2153, 2154, 2, 1, 6.30%, 17, 0, 58, 1218.69
1567503358, 7558, 2152, 2154, 1, 0, 6.30%, 17, 0, 58, 257.11
1567503363, 7560, 2146, 2155, 2, 0, 6.30%, 17, 0, 58, 303.79
1567503373, 7562, 684, 2156, 2, 0, 6.30%, 17, 0, 58, 244.81
1567503378, 7564, 1314, 2157, 1, 0, 6.30%, 17, 0, 58, 458.32
1567503383, 7566, 1889, 2158, 2, 0, 6.30%, 17, 0, 58, 192.92
1567503388, 7568, 1269, 2160, 3, 0, 6.31%, 17, 0, 58, 503.81
1567503393, 7571, 2161, 2162, 4, 1, 6.32%, 17, 0, 58, 493.34
1567503399, 7573, 1271, 2162, 2, 0, 6.32%, 17, 0, 58, 644.20
1567503404, 7576, 1639, 2163, 3, 0, 6.32%, 17, 0, 58, 400.19
1567503409, 7576, 2164, 2165, 4, 0, 6.32%, 17, 0, 58, 260.53
1567503414, 7577, 0, 2165, 3, 0, 6.32%, 17, 0, 58, 214.66
1567503419, 7579, 2165, 2166, 3, 1, 6.32%, 17, 0, 58, 538.48
1567503424, 7582, 409, 2166, 1, 0, 6.32%, 17, 0, 58, 501.35
1567503429, 7584, 2166, 2167, 2, 0, 6.32%, 17, 0, 58, 559.18
1567503434, 7588, 697, 2167, 1, 0, 6.32%, 17, 0, 58, 407.89
1567503439, 7589, 2167, 2168, 2, 0, 6.32%, 17, 0, 58, 243.72
1567503450, 7592, 2157, 2169, 1, 0, 6.34%, 17, 0, 58, 407.49
1567503455, 7596, 14, 2169, 0, 0, 6.34%, 17, 0, 58, 413.92
1567503460, 7599, 1118, 2169, 0, 0, 6.34%, 17, 0, 58, 364.80
1567503465, 7602, 2171, 2172, 2, 0, 6.34%, 18, 0, 58, 469.05
1567503470, 7607, 1193, 2174, 2, 0, 6.34%, 18, 0, 58, 480.89
1567503475, 7612, 1787, 2178, 2, 0, 6.34%, 18, 0, 58, 574.81
1567503480, 7616, 2178, 2183, 3, 0, 6.34%, 18, 0, 58, 599.87
1567503485, 7621, 395, 2185, 3, 0, 6.34%, 19, 0, 58, 561.94
1567503490, 7625, 1273, 2189, 2, 0, 6.35%, 19, 0, 58, 643.49
1567503495, 7629, 1532, 2191, 0, 0, 6.35%, 19, 0, 58, 589.71
1567503501, 7633, 2193, 2195, 1, 0, 6.35%, 19, 0, 58, 609.28
1567503506, 7638, 726, 2198, 2, 0, 6.35%, 19, 0, 58, 665.10
1567503511, 7642, 1978, 2202, 3, 0, 6.36%, 19, 0, 58, 609.66
1567503516, 7646, 2093, 2206, 1, 0, 6.36%, 19, 0, 58, 706.74
1567503521, 7651, 1591, 2208, 1, 0, 6.36%, 19, 0, 58, 576.86
1567503526, 7655, 2208, 2213, 3, 0, 6.36%, 19, 0, 58, 633.58
1567503531, 7660, 2213, 2218, 4, 0, 6.37%, 19, 0, 58, 631.24
1567503536, 7665, 597, 2218, 0, 0, 6.37%, 19, 0, 58, 532.64
1567503542, 7669, 1936, 2221, 1, 0, 6.37%, 19, 0, 58, 508.04
1567503547, 7673, 2220, 2228, 5, 0, 6.38%, 19, 0, 58, 789.54
1567503552, 7677, 2221, 2232, 5, 0, 6.38%, 19, 0, 58, 695.08
1567503557, 7679, 945, 2236, 4, 0, 6.40%, 19, 0, 59, 905.57
1567503562, 7684, 1069, 2245, 6, 0, 6.44%, 19, 0, 59, 663.50
1567503567, 7689, 54, 2247, 3, 0, 6.44%, 19, 0, 59, 580.48
1567503572, 7693, 1190, 2251, 3, 0, 6.45%, 19, 0, 59, 622.81
1567503577, 7697, 1362, 2254, 2, 0, 6.45%, 19, 0, 59, 641.81
1567503582, 7700, 1362, 2256, 2, 0, 6.45%, 19, 0, 59, 1117.33
1567503587, 7704, 2224, 2259, 3, 0, 6.45%, 20, 0, 59, 2.73
1567503593, 7709, 0, 2262, 1, 0, 6.46%, 20, 0, 59, 618.23
1567503598, 7713, 1770, 2267, 1, 0, 6.47%, 20, 0, 59, 635.11
1567503603, 7718, 71, 2269, 1, 0, 6.47%, 20, 0, 59, 582.40
1567503608, 7722, 1216, 2275, 3, 0, 6.47%, 20, 0, 59, 630.53
1567503613, 7725, 1736, 2277, 1, 0, 6.47%, 20, 0, 60, 692.06
1567503618, 7730, 1516, 2280, 1, 0, 6.47%, 21, 0, 60, 582.59
1567503623, 7735, 159, 2282, 1, 0, 6.47%, 21, 0, 60, 514.83
1567503629, 7739, 2095, 2286, 2, 0, 6.47%, 21, 0, 60, 523.98
1567503634, 7744, 62, 2290, 1, 0, 6.48%, 21, 0, 60, 540.74
1567503639, 7748, 827, 2291, 0, 0, 6.48%, 21, 0, 60, 558.09
1567503644, 7753, 337, 2292, 0, 0, 6.48%, 21, 0, 60, 525.78
1567503649, 7757, 1510, 2294, 0, 0, 6.48%, 22, 0, 60, 570.11
1567503654, 7762, 782, 2301, 3, 0, 6.50%, 22, 0, 60, 575.28
1567503659, 7766, 1164, 2306, 5, 0, 6.50%, 22, 0, 60, 612.07
1567503664, 7770, 1799, 2310, 3, 0, 6.50%, 23, 0, 60, 599.80
1567503669, 7775, 205, 2314, 1, 0, 6.52%, 23, 0, 60, 633.73
1567503674, 7779, 1418, 2315, 2, 0, 6.52%, 23, 0, 60, 490.10
1567503680, 7783, 1239, 2318, 0, 0, 6.52%, 23, 0, 60, 606.06
1567503685, 7788, 88, 2321, 2, 0, 6.52%, 23, 0, 60, 529.18
1567503690, 7792, 785, 2323, 1, 0, 6.52%, 23, 0, 60, 578.59
1567503695, 7796, 2324, 2325, 1, 1, 6.52%, 23, 0, 60, 591.95
1567503700, 7801, 636, 2327, 1, 0, 6.52%, 23, 0, 60, 516.22
1567503705, 7805, 1345, 2329, 1, 0, 6.52%, 23, 0, 60, 520.69
1567503710, 7809, 1967, 2332, 4, 0, 6.52%, 23, 0, 60, 460.83
1567503715, 7812, 964, 2334, 1, 0, 6.53%, 23, 0, 60, 714.20
1567503720, 7815, 2334, 2335, 2, 0, 6.53%, 23, 0, 60, 336.34
1567503725, 7818, 1776, 2337, 2, 0, 6.53%, 23, 0, 60, 472.40
1567503731, 7821, 2338, 2339, 3, 1, 6.53%, 23, 0, 60, 494.03
1567503736, 7824, 766, 2340, 1, 0, 6.53%, 23, 0, 60, 630.61
1567503741, 7827, 1495, 2340, 1, 0, 6.53%, 23, 0, 60, 228.65
1567503746, 7828, 2341, 2342, 2, 0, 6.53%, 23, 0, 60, 168.89
1567503766, 7831, 315, 2343, 2, 0, 6.53%, 23, 0, 60, 205.65
1567503771, 7831, 2340, 2344, 3, 0, 6.53%, 23, 0, 61, 165.87
1567503782, 7833, 1626, 2344, 2, 0, 6.53%, 23, 0, 61, 237.78
1567503787, 7835, 1199, 2345, 2, 0, 6.53%, 23, 0, 61, 378.61
1567503792, 7836, 2345, 2346, 2, 1, 6.53%, 23, 0, 61, 591.33
1567503797, 7838, 2342, 2346, 1, 0, 6.53%, 23, 0, 61, 807.88
1567503802, 7840, 2348, 2349, 2, 1, 6.53%, 23, 0, 61, 1032.09
1567503807, 7843, 1895, 2349, 1, 0, 6.53%, 23, 0, 61, 266.17
1567503812, 7845, 684, 2350, 1, 0, 6.53%, 23, 0, 61, 90.45
1567503818, 7848, 684, 2351, 1, 0, 6.53%, 24, 0, 61, 517.70
1567503823, 7851, 684, 2354, 4, 0, 6.53%, 24, 0, 61, 385.64
1567503828, 7853, 743, 2356, 5, 0, 6.53%, 24, 0, 61, 213.14
1567503833, 7854, 1172, 2356, 3, 0, 6.53%, 24, 0, 61, 670.54
1567503838, 7856, 163, 2357, 1, 0, 6.53%, 24, 0, 61, 922.67
1567503843, 7858, 1876, 2359, 2, 0, 6.53%, 24, 0, 61, 690.81
1567503848, 7859, 2359, 2360, 2, 1, 6.53%, 24, 0, 61, 234.69
1567503853, 7861, 1876, 2362, 3, 0, 6.53%, 24, 0, 61, 359.98
1567503858, 7862, 1316, 2363, 1, 0, 6.53%, 24, 0, 61, 886.12
1567503864, 7864, 2362, 2363, 1, 0, 6.53%, 24, 0, 61, 504.41
1567503869, 7865, 2364, 2365, 2, 1, 6.53%, 24, 0, 61, 605.43
1567503874, 7868, 2365, 2366, 2, 1, 6.54%, 24, 0, 61, 583.88
1567503879, 7871, 216, 2366, 0, 0, 6.54%, 24, 0, 61, 78.28
1567503884, 7873, 2119, 2367, 0, 0, 6.54%, 24, 0, 61, 662.76
1567503889, 7875, 2367, 2368, 1, 0, 6.54%, 24, 0, 61, 503.68
1567503894, 7877, 743, 2369, 1, 0, 6.54%, 24, 0, 61, 404.00
1567503899, 7879, 2370, 2371, 3, 1, 6.54%, 24, 0, 62, 559.96
1567503904, 7880, 2368, 2371, 2, 0, 6.54%, 24, 0, 62, 276.93
1567503920, 7882, 2372, 2373, 2, 1, 6.55%, 24, 0, 62, 368.49
1567503925, 7883, 2373, 2374, 1, 0, 6.55%, 24, 0, 62, 330.37
1567503940, 7886, 2143, 2374, 0, 0, 6.55%, 24, 0, 62, 273.35
1567503945, 7889, 1382, 2378, 3, 0, 6.55%, 24, 0, 62, 477.36
1567503950, 7890, 2377, 2378, 2, 0, 6.55%, 24, 0, 62, 595.40
1567503955, 7892, 1859, 2379, 2, 0, 6.55%, 24, 0, 62, 95.80
1567503960, 7894, 2379, 2380, 3, 0, 6.55%, 24, 0, 62, 479.82
1567503965, 7896, 1614, 2380, 2, 0, 6.55%, 24, 0, 62, 471.88
1567503971, 7897, 2071, 2380, 1, 0, 6.55%, 24, 0, 62, 502.33
1567503976, 7899, 2375, 2382, 3, 0, 6.55%, 24, 0, 62, 435.48
1567503981, 7902, 1229, 2382, 1, 0, 6.55%, 24, 0, 62, 448.83
1567503986, 7903, 2381, 2383, 2, 0, 6.55%, 24, 0, 62, 264.48
1567503996, 7905, 698, 2383, 1, 0, 6.55%, 24, 0, 62, 241.23
1567504001, 7908, 303, 2384, 1, 0, 6.55%, 24, 0, 62, 1845.92
1567504006, 7910, 2368, 2386, 3, 0, 6.55%, 24, 0, 62, 300.46
1567504012, 7912, 766, 2386, 1, 0, 6.55%, 24, 0, 62, 678.05
1567504017, 7915, 684, 2386, 0, 0, 6.55%, 24, 0, 62, 305.48
1567504022, 7918, 182, 2386, 0, 0, 6.55%, 24, 0, 62, 292.83
1567504027, 7920, 1876, 2387, 0, 0, 6.55%, 24, 0, 62, 306.93
1567504032, 7921, 2390, 2391, 3, 1, 6.55%, 24, 0, 62, 634.75
1567504037, 7924, 2039, 2393, 3, 0, 6.55%, 24, 0, 62, 481.66
1567504042, 7925, 2389, 2393, 2, 0, 6.55%, 24, 0, 62, 652.49
1567504047, 7928, 1372, 2393, 1, 0, 6.55%, 24, 0, 62, 437.03
1567504053, 7932, 384, 2393, 1, 0, 6.55%, 24, 0, 62, 366.92
1567504058, 7933, 2391, 2394, 2, 0, 6.55%, 24, 0, 63, 522.30
1567504063, 7935, 2122, 2394, 0, 0, 6.55%, 24, 0, 63, 71.94
1567504068, 7938, 323, 2394, 0, 0, 6.55%, 24, 0, 63, 436.82
1567504073, 7941, 684, 2395, 1, 0, 6.55%, 24, 0, 63, 432.88
1567504078, 7943, 2119, 2396, 2, 0, 6.55%, 24, 0, 63, 339.63
1567504083, 7946, 1375, 2398, 2, 0, 6.56%, 24, 0, 63, 1235.49
1567504088, 7948, 1876, 2399, 2, 0, 6.56%, 24, 0, 63, 128.04
1567504093, 7948, 2399, 2400, 3, 0, 6.56%, 24, 0, 63, 153.92
1567504098, 7949, 1667, 2400, 2, 0, 6.56%, 24, 0, 63, 189.91
1567504103, 7951, 1253, 2401, 1, 0, 6.56%, 24, 0, 63, 527.46
1567504109, 7953, 2401, 2404, 4, 0, 6.56%, 24, 0, 63, 660.19
1567504114, 7955, 2402, 2405, 4, 0, 6.56%, 24, 0, 63, 1308.59
1567504119, 7955, 2404, 2405, 2, 0, 6.56%, 24, 0, 63, 136.60
1567504129, 7958, 690, 2407, 3, 0, 6.56%, 24, 0, 63, 272.17
1567504134, 7959, 2405, 2408, 3, 0, 6.56%, 24, 0, 63, 455.44
1567504139, 7959, 2406, 2408, 2, 0, 6.56%, 24, 0, 63, 450.16
1567504144, 7961, 2407, 2408, 1, 0, 6.56%, 24, 0, 63, 390.98
1567504155, 7964, 167, 2408, 0, 0, 6.56%, 24, 0, 63, 277.51
1567504160, 7967, 743, 2410, 1, 0, 6.56%, 24, 0, 63, 328.19
1567504165, 7968, 2408, 2410, 1, 0, 6.56%, 24, 0, 63, 406.23
1567504170, 7971, 684, 2411, 0, 0, 6.56%, 24, 0, 63, 587.06
1567504175, 7974, 1320, 2412, 0, 0, 6.57%, 24, 0, 63, 453.44
1567504180, 7977, 1330, 2413, 1, 0, 6.57%, 24, 0, 63, 372.84
1567504185, 7979, 2372, 2413, 0, 0, 6.57%, 24, 0, 63, 302.95
1567504190, 7982, 1961, 2413, 0, 0, 6.57%, 24, 0, 63, 300.33
1567504195, 7985, 2144, 2414, 1, 0, 6.57%, 24, 0, 63, 327.79
1567504201, 7987, 2413, 2414, 1, 0, 6.57%, 24, 0, 63, 557.16
1567504206, 7989, 2127, 2414, 0, 0, 6.57%, 24, 0, 63, 442.58
1567504211, 7993, 719, 2414, 0, 0, 6.57%, 24, 0, 63, 392.91
1567504216, 7996, 1437, 2414, 0, 0, 6.57%, 24, 0, 63, 356.50
1567504221, 7997, 2415, 2416, 1, 0, 6.57%, 24, 0, 63, 237.78
1567504242, 8001, 1629, 2418, 2, 0, 6.57%, 24, 0, 63, 319.57
1567504247, 8003, 1608, 2418, 0, 0, 6.57%, 24, 0, 63, 501.89
1567504252, 8005, 1415, 2418, 0, 0, 6.57%, 24, 0, 63, 453.83
1567504257, 8008, 1657, 2421, 2, 0, 6.57%, 24, 0, 63, 398.76
1567504262, 8010, 254, 2423, 3, 0, 6.57%, 24, 0, 63, 468.40
1567504267, 8012, 541, 2423, 1, 0, 6.57%, 24, 0, 63, 657.37
1567504272, 8012, 2419, 2423, 1, 0, 6.57%, 24, 0, 63, 321.02
1567504277, 8016, 1008, 2423, 0, 0, 6.57%, 24, 0, 63, 376.49
1567504282, 8018, 2423, 2424, 1, 0, 6.57%, 24, 0, 63, 368.26
1567504287, 8022, 684, 2424, 0, 0, 6.57%, 24, 0, 63, 509.77
1567504293, 8026, 918, 2428, 0, 0, 6.61%, 24, 0, 63, 499.16
1567504298, 8030, 1352, 2430, 0, 0, 6.63%, 24, 0, 63, 490.57
1567504303, 8034, 2064, 2433, 2, 0, 6.63%, 24, 0, 63, 482.88
1567504308, 8038, 2312, 2436, 2, 0, 6.63%, 24, 0, 63, 554.55
1567504313, 8043, 346, 2437, 2, 0, 6.63%, 24, 0, 63, 498.70
1567504318, 8046, 1004, 2439, 2, 0, 6.63%, 24, 0, 63, 731.02
1567504323, 8050, 279, 2441, 1, 0, 6.63%, 25, 0, 63, 638.31
1567504328, 8053, 2442, 2446, 2, 0, 6.64%, 25, 0, 63, 704.86
1567504333, 8058, 638, 2446, 0, 0, 6.64%, 25, 0, 63, 558.25
1567504339, 8062, 1750, 2450, 1, 0, 6.64%, 25, 0, 63, 626.70
1567504344, 8067, 884, 2453, 1, 0, 6.65%, 25, 0, 63, 519.64
1567504349, 8071, 2211, 2455, 1, 0, 6.65%, 25, 0, 63, 499.85
1567504354, 8075, 964, 2456, 2, 0, 6.65%, 25, 0, 63, 468.97
1567504359, 8079, 1069, 2459, 2, 0, 6.65%, 25, 0, 63, 577.07
1567504364, 8083, 1720, 2463, 2, 0, 6.66%, 25, 0, 63, 629.67
1567504369, 8087, 2038, 2463, 0, 0, 6.66%, 25, 0, 63, 563.99
1567504374, 8092, 1071, 2465, 0, 0, 6.67%, 25, 0, 63, 523.42
1567504379, 8096, 544, 2469, 1, 0, 6.67%, 25, 0, 63, 607.49
1567504384, 8100, 1044, 2472, 3, 0, 6.67%, 25, 0, 63, 510.26
1567504390, 8104, 1679, 2476, 3, 0, 6.67%, 25, 0, 63, 539.73
1567504395, 8109, 558, 2479, 3, 0, 6.67%, 25, 0, 63, 564.31
1567504400, 8113, 180, 2482, 2, 0, 6.69%, 25, 0, 63, 642.32
1567504405, 8117, 1037, 2487, 2, 0, 6.70%, 25, 0, 63, 652.09
1567504410, 8121, 797, 2488, 1, 0, 6.70%, 25, 0, 63, 551.91
1567504415, 8125, 1588, 2490, 2, 0, 6.70%, 25, 0, 63, 549.87
1567504420, 8129, 2490, 2494, 3, 0, 6.71%, 25, 0, 63, 636.38
1567504426, 8133, 169, 2500, 2, 0, 6.71%, 25, 0, 63, 1014.78
1567504431, 8137, 1660, 2504, 2, 0, 6.72%, 25, 0, 63, 600.52
1567504436, 8141, 2297, 2506, 2, 0, 6.73%, 25, 0, 63, 548.12
1567504441, 8145, 1965, 2508, 2, 0, 6.73%, 25, 0, 63, 609.19
1567504446, 8148, 2507, 2510, 2, 0, 6.73%, 25, 0, 63, 539.75
1567504451, 8151, 2512, 2513, 2, 0, 6.73%, 26, 0, 63, 1083.24
1567504456, 8156, 1829, 2521, 6, 0, 6.73%, 26, 0, 63, 737.24
1567504462, 8160, 669, 2521, 2, 0, 6.73%, 26, 0, 63, 662.64
1567504467, 8164, 1505, 2526, 1, 0, 6.74%, 26, 0, 63, 612.52
1567504472, 8168, 1505, 2531, 2, 0, 6.76%, 27, 0, 63, 629.62
1567504477, 8172, 836, 2536, 2, 0, 6.76%, 28, 0, 63, 700.64
1567504482, 8176, 829, 2538, 3, 0, 6.76%, 28, 0, 63, 618.54
1567504487, 8180, 1727, 2543, 3, 0, 6.76%, 28, 0, 63, 593.25
1567504492, 8184, 1598, 2547, 3, 0, 6.76%, 28, 0, 63, 606.04
1567504497, 8188, 987, 2549, 2, 0, 6.76%, 28, 0, 63, 677.09
1567504502, 8192, 2211, 2551, 1, 0, 6.77%, 28, 0, 63, 630.73
1567504507, 8196, 2554, 2555, 3, 0, 6.78%, 28, 0, 63, 590.99
1567504513, 8201, 117, 2557, 2, 0, 6.78%, 28, 0, 63, 513.95
1567504518, 8204, 1119, 2559, 2, 0, 6.78%, 28, 0, 63, 529.52
1567504523, 8208, 1822, 2563, 3, 0, 6.78%, 28, 0, 63, 519.43
1567504528, 8212, 89, 2564, 2, 0, 6.78%, 28, 0, 63, 909.09
1567504533, 8215, 2469, 2565, 1, 0, 6.78%, 30, 0, 63, 591.44
1567504538, 8219, 2112, 2566, 1, 0, 6.78%, 30, 0, 63, 493.22
1567504543, 8223, 1995, 2568, 2, 0, 6.78%, 30, 0, 63, 491.50
1567504548, 8227, 2241, 2570, 0, 0, 6.78%, 30, 0, 63, 577.13
1567504553, 8231, 2253, 2571, 0, 0, 6.78%, 30, 0, 63, 488.58
1567504558, 8236, 2040, 2576, 3, 0, 6.79%, 31, 0, 63, 475.09
1567504564, 8240, 1679, 2578, 3, 0, 6.79%, 31, 0, 63, 480.07
1567504569, 8244, 1765, 2582, 5, 0, 6.79%, 31, 0, 63, 495.56
1567504574, 8247, 2545, 2583, 2, 0, 6.79%, 31, 0, 63, 612.16
1567504579, 8251, 785, 2583, 1, 0, 6.79%, 31, 0, 63, 450.49
1567504584, 8254, 1164, 2584, 1, 0, 6.79%, 31, 0, 63, 492.59
1567504589, 8256, 940, 2584, 0, 0, 6.79%, 31, 0, 63, 171.70
1567504594, 8259, 1629, 2585, 1, 0, 6.79%, 31, 0, 63, 331.26
1567504599, 8262, 1379, 2585, 0, 0, 6.79%, 31, 0, 63, 407.26
1567504604, 8265, 812, 2585, 0, 0, 6.79%, 31, 0, 63, 355.48
1567504609, 8268, 489, 2585, 0, 0, 6.79%, 31, 0, 63, 338.55
1567504614, 8270, 1853, 2586, 1, 0, 6.79%, 31, 0, 64, 371.45
1567504620, 8272, 2577, 2586, 0, 0, 6.79%, 31, 0, 64, 436.22
1567504625, 8275, 1858, 2586, 0, 0, 6.79%, 31, 0, 64, 458.10
1567504630, 8278, 1294, 2586, 0, 0, 6.79%, 31, 0, 64, 422.30
1567504635, 8281, 2127, 2587, 1, 0, 6.79%, 31, 0, 64, 362.57
1567504640, 8283, 2586, 2587, 1, 0, 6.79%, 31, 0, 64, 455.95
1567504645, 8286, 2145, 2587, 0, 0, 6.79%, 31, 0, 64, 431.14
1567504650, 8288, 2468, 2588, 1, 0, 6.79%, 31, 0, 64, 405.30
1567504655, 8291, 259, 2588, 0, 0, 6.79%, 31, 0, 64, 419.56
1567504661, 8293, 2122, 2588, 0, 0, 6.79%, 31, 0, 64, 65.29
1567504666, 8296, 2101, 2589, 1, 0, 6.79%, 31, 0, 64, 380.58
1567504671, 8298, 2588, 2589, 1, 0, 6.79%, 31, 0, 64, 362.17
1567504681, 8300, 244, 2589, 0, 0, 6.79%, 31, 0, 64, 242.49
1567504686, 8303, 684, 2589, 0, 0, 6.79%, 31, 0, 64, 326.25
1567504691, 8306, 173, 2589, 0, 0, 6.79%, 31, 0, 64, 355.39
1567504696, 8308, 1892, 2589, 0, 0, 6.79%, 31, 0, 64, 320.48
1567504701, 8310, 1439, 2592, 2, 0, 6.80%, 31, 0, 64, 437.06
1567504706, 8310, 2591, 2592, 2, 0, 6.80%, 31, 0, 64, 382.33
1567504712, 8311, 2589, 2592, 1, 0, 6.80%, 31, 0, 64, 484.12
1567504717, 8314, 1439, 2592, 0, 0, 6.80%, 31, 0, 64, 354.47
1567504722, 8315, 2592, 2593, 1, 1, 6.80%, 31, 0, 64, 433.39
1567504727, 8317, 2594, 2596, 3, 2, 6.80%, 31, 0, 64, 474.03
1567504732, 8318, 1640, 2596, 1, 0, 6.80%, 31, 0, 64, 551.87
1567504737, 8319, 1904, 2597, 1, 0, 6.81%, 31, 0, 64, 473.12
1567504742, 8321, 2593, 2597, 1, 0, 6.81%, 31, 0, 64, 446.52
1567504747, 8324, 1491, 2597, 0, 0, 6.81%, 31, 0, 64, 358.44
1567504752, 8327, 716, 2598, 1, 0, 6.81%, 31, 0, 64, 336.22
1567504758, 8328, 2597, 2601, 4, 0, 6.81%, 31, 0, 64, 363.22
1567504763, 8330, 2479, 2602, 3, 0, 6.81%, 31, 0, 64, 368.47
1567504768, 8331, 1877, 2602, 1, 0, 6.81%, 31, 0, 64, 653.31
1567504773, 8333, 1083, 2602, 0, 0, 6.81%, 31, 0, 64, 182.56
1567504778, 8336, 1662, 2602, 0, 0, 6.81%, 31, 0, 64, 313.49
1567504783, 8338, 2602, 2605, 3, 0, 6.81%, 31, 0, 64, 306.42
1567504788, 8339, 2603, 2605, 2, 0, 6.81%, 31, 0, 64, 363.93
1567504793, 8341, 1885, 2606, 2, 0, 6.81%, 31, 0, 64, 410.58
1567504798, 8343, 2592, 2606, 2, 0, 6.81%, 31, 0, 64, 212.15
1567504803, 8345, 2605, 2606, 1, 0, 6.81%, 31, 0, 64, 605.24
1567504809, 8346, 2388, 2606, 0, 0, 6.81%, 31, 0, 64, 441.48
1567504814, 8349, 1842, 2606, 0, 0, 6.81%, 31, 0, 64, 333.79
1567504819, 8351, 2606, 2607, 1, 1, 6.81%, 31, 0, 64, 518.66
1567504824, 8354, 1628, 2607, 0, 0, 6.81%, 31, 0, 64, 368.76
1567504829, 8357, 1205, 2608, 0, 0, 6.81%, 31, 0, 64, 577.51
1567504834, 8360, 412, 2608, 0, 0, 6.81%, 31, 0, 64, 562.94
1567504839, 8363, 313, 2609, 0, 0, 6.81%, 31, 0, 64, 180.30
1567504844, 8364, 2610, 2611, 2, 0, 6.81%, 31, 0, 64, 199.97
1567504870, 8365, 2404, 2611, 1, 0, 6.81%, 31, 0, 64, 167.34
1567504875, 8366, 2129, 2611, 0, 0, 6.81%, 31, 0, 64, 341.94
1567504880, 8369, 2354, 2612, 1, 0, 6.81%, 31, 0, 64, 328.27
1567504885, 8372, 2405, 2612, 1, 0, 6.81%, 31, 0, 64, 351.39
1567504890, 8374, 2611, 2612, 1, 0, 6.81%, 31, 0, 64, 375.24
1567504895, 8375, 2612, 2613, 1, 0, 6.81%, 31, 0, 64, 435.82
1567504900, 8376, 2613, 2614, 1, 0, 6.81%, 31, 0, 64, 121.80
1567504916, 8378, 174, 2614, 0, 0, 6.81%, 31, 0, 64, 462.66
1567504921, 8381, 1379, 2614, 0, 0, 6.81%, 31, 0, 64, 254.23
1567504926, 8384, 1447, 2615, 1, 1, 6.82%, 31, 0, 64, 337.06
1567504931, 8386, 2603, 2615, 0, 0, 6.82%, 31, 0, 64, 231.31
1567504936, 8390, 1161, 2615, 0, 0, 6.82%, 31, 0, 64, 339.92
1567504941, 8393, 1019, 2615, 0, 0, 6.82%, 31, 0, 64, 144.58
1567504946, 8395, 2122, 2615, 0, 0, 6.82%, 31, 0, 64, 238.39
1567504951, 8398, 1044, 2616, 1, 0, 6.82%, 31, 0, 64, 295.76
1567504956, 8400, 2341, 2616, 1, 0, 6.82%, 31, 0, 64, 269.64
1567504962, 8402, 2615, 2617, 2, 0, 6.82%, 31, 0, 64, 1307.39
1567504967, 8405, 766, 2617, 1, 0, 6.82%, 31, 0, 64, 228.24
1567504972, 8405, 2617, 2618, 2, 0, 6.82%, 31, 0, 64, 324.70
1567504977, 8408, 1489, 2620, 3, 0, 6.82%, 31, 0, 64, 354.66
1567504982, 8408, 2618, 2620, 2, 0, 6.82%, 31, 0, 64, 362.97
1567504987, 8408, 2619, 2620, 1, 0, 6.82%, 31, 0, 64, 441.29
1567504992, 8412, 173, 2620, 0, 0, 6.82%, 31, 0, 64, 376.84
1567504997, 8414, 2603, 2621, 1, 0, 6.82%, 31, 0, 64, 325.55
1567505002, 8417, 606, 2621, 1, 0, 6.82%, 31, 0, 64, 105.98
1567505008, 8419, 2620, 2621, 1, 0, 6.82%, 31, 0, 64, 434.72
1567505013, 8422, 1371, 2622, 1, 0, 6.82%, 31, 0, 64, 351.65
1567505018, 8425, 743, 2622, 1, 0, 6.82%, 31, 0, 64, 322.51
1567505023, 8427, 684, 2622, 1, 0, 6.82%, 31, 0, 64, 223.02
1567505028, 8427, 2621, 2622, 1, 0, 6.82%, 31, 0, 64, 149.64
1567505049, 8430, 697, 2622, 0, 0, 6.82%, 31, 0, 64, 412.92
1567505054, 8432, 149, 2622, 0, 0, 6.82%, 31, 0, 64, 392.96
1567505059, 8434, 2612, 2622, 0, 0, 6.82%, 31, 0, 64, 345.91
1567505064, 8437, 1622, 2624, 2, 0, 6.82%, 31, 0, 65, 317.67
1567505069, 8439, 862, 2624, 1, 0, 6.82%, 31, 0, 65, 405.60
1567505074, 8441, 1630, 2624, 1, 0, 6.82%, 31, 0, 65, 343.39
1567505079, 8443, 724, 2625, 1, 0, 6.82%, 31, 0, 66, 1638.75
1567505084, 8445, 2603, 2625, 1, 0, 6.82%, 31, 0, 66, 258.65
1567505090, 8448, 1387, 2625, 0, 0, 6.82%, 31, 0, 66, 318.33
1567505095, 8450, 1199, 2626, 0, 0, 6.82%, 31, 0, 66, 1363.08
1567505100, 8451, 2627, 2628, 1, 0, 6.82%, 31, 0, 66, 965.10
1567505105, 8454, 543, 2629, 1, 0, 6.82%, 31, 0, 66, 216.32
1567505110, 8456, 2606, 2630, 2, 0, 6.82%, 31, 0, 66, 294.34
1567505115, 8459, 2161, 2630, 2, 0, 6.82%, 31, 0, 66, 309.46
1567505120, 8462, 2146, 2630, 1, 0, 6.82%, 31, 0, 66, 288.09
1567505125, 8464, 2630, 2631, 2, 0, 6.82%, 31, 0, 66, 310.48
1567505130, 8466, 2341, 2631, 1, 0, 6.82%, 31, 0, 66, 384.06
1567505135, 8466, 2628, 2631, 1, 0, 6.82%, 31, 0, 66, 368.01
1567505140, 8468, 2614, 2632, 1, 0, 6.82%, 31, 0, 66, 289.84
1567505145, 8471, 743, 2634, 2, 0, 6.82%, 31, 0, 66, 323.65
1567505150, 8473, 2186, 2634, 2, 0, 6.82%, 31, 0, 66, 285.88
1567505156, 8473, 2631, 2634, 2, 0, 6.82%, 31, 0, 66, 137.82
1567505176, 8475, 1162, 2635, 1, 0, 6.82%, 31, 0, 66, 592.70
1567505181, 8478, 684, 2637, 1, 0, 6.82%, 31, 0, 66, 486.84
1567505186, 8481, 1695, 2637, 1, 0, 6.82%, 31, 0, 66, 404.26
1567505191, 8481, 2636, 2637, 1, 0, 6.82%, 31, 0, 66, 172.32
1567505212, 8484, 2283, 2637, 0, 0, 6.82%, 31, 0, 66, 502.41
1567505217, 8489, 21, 2641, 2, 0, 6.83%, 31, 0, 66, 475.50
1567505222, 8492, 2289, 2642, 1, 0, 6.83%, 31, 0, 66, 490.05
1567505227, 8496, 2640, 2647, 4, 0, 6.84%, 31, 0, 66, 616.31
1567505232, 8501, 1822, 2652, 3, 0, 6.85%, 31, 0, 66, 565.70
1567505238, 8505, 2312, 2657, 4, 0, 6.86%, 32, 0, 66, 603.62
1567505243, 8509, 619, 2658, 2, 0, 6.86%, 32, 0, 66, 680.39
1567505248, 8513, 169, 2659, 1, 0, 6.86%, 32, 0, 66, 625.74
1567505253, 8516, 2662, 2663, 3, 0, 6.86%, 32, 0, 66, 598.48
1567505258, 8521, 944, 2665, 1, 0, 6.86%, 32, 0, 66, 590.32
1567505263, 8525, 1032, 2668, 2, 0, 6.86%, 33, 0, 66, 541.22
1567505268, 8529, 904, 2670, 1, 0, 6.87%, 33, 0, 66, 576.91
1567505273, 8533, 950, 2672, 2, 0, 6.87%, 33, 0, 66, 574.39
1567505278, 8537, 2255, 2675, 3, 0, 6.87%, 33, 0, 66, 545.38
1567505283, 8541, 2424, 2676, 1, 0, 6.87%, 33, 0, 66, 549.67
1567505289, 8545, 1987, 2677, 1, 0, 6.87%, 33, 0, 66, 491.63
1567505294, 8549, 2553, 2682, 3, 0, 6.88%, 33, 0, 66, 507.05
1567505299, 8554, 1961, 2687, 4, 0, 6.88%, 33, 0, 66, 504.26
1567505304, 8558, 1186, 2687, 1, 0, 6.88%, 35, 0, 66, 553.85
1567505309, 8561, 2689, 2690, 1, 0, 6.90%, 35, 0, 66, 679.46
1567505314, 8565, 2280, 2692, 1, 0, 6.90%, 35, 0, 66, 555.50
1567505319, 8569, 1533, 2693, 0, 0, 6.90%, 36, 0, 66, 511.32
1567505324, 8573, 1191, 2693, 0, 0, 6.90%, 36, 0, 66, 476.11
1567505329, 8577, 782, 2694, 0, 0, 6.90%, 36, 0, 66, 487.34
1567505334, 8581, 1161, 2695, 0, 0, 6.90%, 36, 0, 66, 485.77
1567505340, 8585, 1253, 2697, 1, 0, 6.90%, 36, 0, 66, 589.15
1567505345, 8589, 2700, 2701, 3, 1, 6.90%, 36, 0, 66, 539.27
1567505350, 8593, 2686, 2701, 1, 0, 6.90%, 36, 0, 66, 502.45
1567505355, 8597, 2052, 2703, 0, 0, 6.90%, 36, 0, 66, 536.85
1567505360, 8601, 2095, 2706, 2, 0, 6.91%, 36, 0, 66, 521.83
1567505365, 8605, 1877, 2710, 3, 0, 6.91%, 36, 0, 66, 623.20
1567505370, 8609, 878, 2712, 1, 0, 6.91%, 36, 0, 66, 673.47
1567505375, 8613, 247, 2714, 1, 0, 6.91%, 36, 0, 66, 548.91
1567505380, 8616, 2717, 2719, 4, 2, 6.92%, 36, 0, 66, 620.33
1567505386, 8620, 2468, 2723, 3, 0, 6.94%, 36, 0, 66, 549.21
1567505391, 8624, 862, 2724, 2, 0, 6.94%, 36, 0, 66, 587.00
1567505396, 8628, 255, 2727, 4, 0, 6.94%, 36, 0, 66, 523.62
1567505401, 8631, 2724, 2731, 5, 0, 6.95%, 36, 0, 66, 583.23
1567505406, 8635, 2321, 2732, 2, 0, 6.95%, 37, 0, 66, 531.06
1567505411, 8639, 2324, 2734, 2, 0, 6.96%, 37, 0, 66, 498.63
1567505416, 8643, 1043, 2735, 1, 0, 6.96%, 37, 0, 66, 577.21
1567505421, 8647, 969, 2738, 2, 0, 6.96%, 37, 0, 66, 570.05
1567505426, 8651, 245, 2741, 3, 0, 6.96%, 37, 0, 66, 562.69
1567505432, 8654, 2460, 2742, 2, 0, 6.96%, 37, 0, 66, 498.89
1567505437, 8658, 1957, 2745, 4, 0, 6.96%, 37, 0, 66, 546.84
1567505442, 8662, 1191, 2746, 1, 0, 6.96%, 37, 0, 66, 539.36
1567505447, 8666, 1720, 2748, 1, 0, 6.96%, 37, 0, 66, 475.61
1567505452, 8670, 2298, 2752, 2, 0, 6.96%, 37, 0, 66, 589.72
1567505457, 8674, 2335, 2758, 2, 0, 6.96%, 37, 0, 66, 651.81
1567505462, 8678, 1957, 2762, 3, 0, 6.96%, 37, 0, 66, 540.80
1567505467, 8682, 1870, 2762, 1, 0, 6.96%, 37, 0, 66, 526.08
1567505472, 8687, 1043, 2765, 2, 0, 6.96%, 37, 0, 66, 473.20
1567505477, 8691, 787, 2768, 2, 0, 6.96%, 37, 0, 66, 472.39
1567505482, 8694, 2529, 2770, 2, 0, 6.97%, 37, 0, 66, 555.76
1567505488, 8698, 2429, 2772, 2, 0, 6.97%, 37, 0, 66, 518.06
1567505493, 8702, 1720, 2773, 1, 0, 6.97%, 37, 0, 66, 529.13
1567505498, 8706, 1521, 2774, 1, 0, 6.97%, 37, 0, 66, 546.68
1567505503, 8710, 395, 2775, 0, 0, 6.97%, 37, 0, 66, 544.47
1567505508, 8714, 410, 2776, 0, 0, 6.97%, 37, 0, 66, 476.27
1567505513, 8718, 85, 2778, 1, 0, 6.97%, 37, 0, 66, 487.37
1567505518, 8721, 2468, 2780, 1, 0, 6.97%, 37, 0, 66, 522.91
1567505523, 8725, 1924, 2781, 1, 0, 6.98%, 37, 0, 66, 488.45
1567505528, 8727, 2781, 2782, 1, 0, 6.98%, 37, 0, 66, 604.92
1567505533, 8731, 2655, 2782, 0, 0, 6.98%, 37, 0, 66, 477.25
1567505539, 8735, 1622, 2783, 0, 0, 6.98%, 37, 0, 66, 443.97
1567505544, 8738, 2656, 2784, 0, 0, 6.98%, 37, 0, 66, 372.46
1567505549, 8741, 1881, 2784, 0, 0, 6.98%, 37, 0, 66, 250.24
1567505554, 8743, 2001, 2785, 1, 0, 6.98%, 37, 0, 66, 254.83
1567505559, 8744, 2784, 2785, 1, 0, 6.98%, 37, 0, 66, 376.02
1567505564, 8746, 2161, 2785, 0, 0, 6.98%, 37, 0, 66, 325.43
1567505569, 8749, 1877, 2785, 0, 0, 6.98%, 37, 0, 66, 341.59
1567505574, 8751, 2785, 2786, 1, 0, 6.98%, 37, 0, 66, 384.26
1567505579, 8753, 2391, 2786, 0, 0, 6.98%, 37, 0, 66, 356.51
1567505584, 8756, 1885, 2786, 0, 0, 6.98%, 37, 0, 66, 333.02
1567505590, 8759, 1608, 2787, 1, 0, 6.98%, 37, 0, 66, 334.57
1567505595, 8762, 163, 2787, 0, 0, 6.98%, 37, 0, 66, 577.37
1567505600, 8764, 2127, 2787, 0, 0, 6.98%, 37, 0, 66, 389.16
1567505605, 8766, 2192, 2788, 0, 0, 6.98%, 37, 0, 66, 450.22
1567505610, 8768, 2636, 2789, 0, 0, 6.98%, 37, 0, 66, 322.12
1567505615, 8771, 766, 2790, 1, 0, 6.98%, 37, 0, 66, 334.04
1567505620, 8773, 2138, 2791, 2, 0, 6.98%, 37, 0, 66, 308.45
1567505625, 8776, 1842, 2791, 2, 0, 6.98%, 37, 0, 66, 347.78
1567505631, 8778, 273, 2793, 2, 0, 7.00%, 37, 0, 66, 553.13
1567505636, 8780, 2185, 2795, 4, 0, 7.00%, 38, 0, 66, 372.62
1567505641, 8782, 489, 2796, 2, 0, 7.00%, 38, 0, 66, 629.93
1567505646, 8783, 2349, 2797, 2, 0, 7.01%, 38, 0, 66, 514.17
1567505651, 8784, 2795, 2797, 2, 0, 7.01%, 38, 0, 66, 405.31
1567505656, 8786, 2340, 2798, 1, 0, 7.01%, 38, 0, 66, 367.33
1567505661, 8788, 766, 2798, 0, 0, 7.01%, 38, 0, 66, 450.70
1567505666, 8789, 2798, 2799, 1, 0, 7.01%, 38, 0, 66, 369.16
1567505671, 8790, 1904, 2799, 0, 0, 7.01%, 38, 0, 66, 322.47
1567505676, 8792, 2364, 2799, 0, 0, 7.01%, 38, 0, 66, 321.01
1567505681, 8793, 2801, 2803, 3, 1, 7.02%, 38, 0, 66, 437.12
1567505687, 8794, 2800, 2803, 2, 0, 7.02%, 38, 0, 66, 547.88
1567505692, 8796, 2621, 2803, 1, 0, 7.02%, 38, 0, 66, 351.22
1567505697, 8798, 664, 2804, 0, 0, 7.02%, 38, 0, 66, 605.51
1567505702, 8800, 601, 2805, 1, 0, 7.02%, 38, 0, 66, 344.55
1567505707, 8802, 2391, 2806, 2, 0, 7.02%, 38, 0, 66, 358.61
1567505712, 8805, 1629, 2809, 5, 0, 7.02%, 38, 0, 66, 371.65
1567505717, 8805, 2804, 2809, 5, 0, 7.02%, 38, 0, 66, 272.35
1567505722, 8805, 2806, 2809, 4, 0, 7.02%, 38, 0, 66, 265.08
1567505727, 8807, 684, 2809, 2, 0, 7.02%, 38, 0, 66, 591.03
1567505732, 8808, 2552, 2809, 2, 0, 7.02%, 38, 0, 66, 325.36
1567505738, 8810, 2805, 2810, 3, 0, 7.02%, 38, 0, 66, 326.22
1567505743, 8811, 2325, 2810, 1, 0, 7.02%, 38, 0, 66, 468.21
1567505748, 8813, 2370, 2811, 2, 0, 7.02%, 38, 0, 66, 194.50
1567505753, 8815, 1052, 2813, 3, 0, 7.02%, 38, 0, 66, 347.09
1567505758, 8815, 2813, 2817, 7, 0, 7.02%, 38, 0, 66, 352.93
1567505763, 8816, 2167, 2817, 5, 0, 7.02%, 38, 0, 66, 334.42
1567505768, 8816, 2812, 2817, 5, 0, 7.02%, 38, 0, 66, 155.29
1567505789, 8817, 653, 2817, 4, 0, 7.02%, 38, 0, 66, 98.66
1567505794, 8817, 2816, 2817, 3, 0, 7.02%, 38, 0, 66, 293.55
1567505799, 8818, 2814, 2817, 2, 0, 7.02%, 38, 0, 66, 541.27
1567505804, 8821, 247, 2817, 1, 0, 7.02%, 38, 0, 66, 329.73
1567505809, 8822, 2807, 2817, 1, 0, 7.02%, 38, 0, 66, 401.82
1567505814, 8823, 2817, 2818, 1, 1, 7.02%, 38, 0, 66, 493.78
1567505819, 8825, 2796, 2818, 0, 0, 7.02%, 38, 0, 66, 377.63
1567505824, 8828, 1376, 2819, 1, 0, 7.02%, 38, 0, 66, 363.47
1567505829, 8829, 2354, 2821, 2, 0, 7.02%, 38, 0, 66, 532.27
1567505834, 8829, 2820, 2821, 2, 0, 7.02%, 38, 0, 66, 368.40
1567505840, 8830, 2819, 2821, 1, 0, 7.02%, 38, 0, 66, 322.46
1567505845, 8832, 1416, 2821, 0, 0, 7.02%, 38, 0, 66, 310.09
1567505850, 8834, 2368, 2821, 0, 0, 7.02%, 38, 0, 66, 294.67
1567505855, 8836, 2368, 2822, 0, 0, 7.02%, 38, 0, 66, 396.43
1567505860, 8839, 1120, 2823, 1, 0, 7.02%, 38, 0, 66, 327.34
1567505865, 8840, 2822, 2823, 1, 0, 7.02%, 38, 0, 66, 326.53
1567505870, 8841, 2617, 2823, 0, 0, 7.02%, 38, 0, 66, 328.41
1567505875, 8844, 1315, 2824, 1, 0, 7.02%, 38, 0, 66, 328.72
1567505880, 8845, 2824, 2825, 2, 1, 7.03%, 38, 0, 66, 273.99
1567505885, 8847, 2372, 2825, 1, 0, 7.03%, 38, 0, 66, 412.68
1567505891, 8847, 2825, 2826, 2, 0, 7.03%, 38, 0, 66, 222.46
1567505896, 8848, 1355, 2826, 1, 0, 7.03%, 38, 0, 66, 213.83
1567505901, 8850, 1858, 2826, 1, 0, 7.03%, 38, 0, 66, 270.73
1567505906, 8851, 1876, 2826, 0, 0, 7.03%, 38, 0, 66, 360.21
1567505911, 8853, 1123, 2826, 0, 0, 7.03%, 38, 0, 66, 298.83
1567505916, 8855, 2364, 2827, 1, 0, 7.03%, 38, 0, 66, 304.45
1567505921, 8857, 2817, 2828, 2, 0, 7.03%, 38, 0, 66, 316.97
1567505927, 8859, 2621, 2828, 2, 0, 7.03%, 38, 0, 66, 265.83
1567505932, 8860, 2826, 2829, 2, 0, 7.03%, 39, 0, 66, 187.16
1567505937, 8862, 1076, 2831, 3, 0, 7.03%, 39, 0, 66, 345.16
1567505942, 8862, 2829, 2833, 5, 0, 7.03%, 39, 0, 66, 317.34
1567505947, 8864, 1360, 2833, 3, 0, 7.03%, 39, 0, 66, 535.80
1567505952, 8865, 2830, 2833, 3, 0, 7.03%, 39, 0, 66, 351.63
1567505957, 8867, 2341, 2833, 2, 0, 7.03%, 39, 0, 66, 296.97
1567505962, 8869, 2093, 2835, 2, 0, 7.03%, 39, 0, 66, 205.35
1567505967, 8871, 187, 2836, 2, 0, 7.03%, 39, 0, 66, 403.31
1567505972, 8873, 1887, 2836, 2, 0, 7.03%, 39, 0, 66, 337.62
1567505978, 8875, 2802, 2837, 3, 0, 7.03%, 39, 0, 66, 298.60
1567505983, 8875, 2834, 2838, 3, 0, 7.03%, 39, 0, 66, 174.23
1567505993, 8875, 2837, 2838, 2, 0, 7.03%, 39, 0, 66, 207.10
1567505998, 8876, 2836, 2839, 2, 0, 7.03%, 39, 0, 66, 270.62
1567506008, 8878, 2838, 2839, 1, 0, 7.03%, 39, 0, 66, 471.20
1567506013, 8881, 1861, 2839, 0, 0, 7.03%, 39, 0, 66, 387.67
1567506019, 8883, 1451, 2840, 1, 0, 7.03%, 39, 0, 66, 286.16
1567506024, 8884, 543, 2840, 0, 0, 7.03%, 39, 0, 66, 382.94
1567506029, 8886, 1887, 2840, 0, 0, 7.03%, 39, 0, 66, 320.66
1567506034, 8889, 481, 2841, 1, 0, 7.03%, 39, 0, 66, 325.72
1567506039, 8890, 2582, 2842, 2, 0, 7.03%, 39, 0, 66, 226.34
1567506044, 8893, 2146, 2842, 2, 0, 7.03%, 39, 0, 66, 323.45
1567506049, 8895, 1374, 2843, 2, 0, 7.03%, 39, 0, 66, 407.21
1567506054, 8897, 863, 2844, 2, 0, 7.03%, 39, 0, 66, 437.50
1567506059, 8899, 2594, 2844, 2, 0, 7.03%, 39, 0, 66, 394.11
1567506064, 8899, 2841, 2844, 2, 0, 7.03%, 39, 0, 66, 314.81
1567506070, 8900, 2840, 2844, 1, 0, 7.03%, 39, 0, 66, 420.40
1567506075, 8902, 2146, 2846, 2, 0, 7.03%, 39, 0, 66, 405.60
1567506080, 8903, 2845, 2847, 2, 0, 7.05%, 39, 0, 66, 316.12
1567506085, 8905, 1389, 2848, 1, 0, 7.05%, 39, 0, 66, 526.84
1567506090, 8907, 2804, 2849, 2, 0, 7.05%, 39, 0, 66, 384.95
1567506095, 8909, 2101, 2850, 2, 0, 7.05%, 39, 0, 66, 401.26
1567506100, 8911, 1399, 2851, 2, 0, 7.05%, 39, 0, 66, 530.09
1567506105, 8912, 2851, 2852, 2, 1, 7.05%, 39, 0, 66, 533.32
1567506110, 8914, 2237, 2853, 2, 0, 7.05%, 39, 0, 66, 181.07
1567506116, 8915, 2853, 2854, 3, 0, 7.05%, 39, 0, 66, 362.49
1567506121, 8916, 2850, 2855, 3, 0, 7.05%, 39, 0, 66, 389.64
1567506126, 8918, 2116, 2856, 3, 0, 7.05%, 39, 0, 66, 313.69
1567506131, 8920, 1439, 2857, 3, 0, 7.05%, 39, 0, 66, 531.03
1567506136, 8920, 2852, 2857, 3, 0, 7.05%, 39, 0, 66, 75.97
1567506151, 8922, 1489, 2858, 2, 0, 7.05%, 39, 0, 66, 584.96
