# unix_time, cycles_done, cur_path, paths_total, pending_total, pending_favs, map_size, unique_crashes, unique_hangs, max_depth, execs_per_sec
1567499954, 0, 0, 1, 1, 1, 0.64%, 0, 0, 1, 2666.67
1567499959, 344, 15, 19, 0, 0, 0.89%, 0, 0, 7, 536.36
1567499965, 548, 27, 28, 0, 0, 0.94%, 0, 0, 8, 558.39
1567499970, 668, 27, 40, 0, 0, 1.23%, 0, 0, 11, 578.35
1567499975, 777, 40, 44, 0, 0, 1.28%, 0, 0, 11, 560.78
1567499980, 861, 11, 61, 0, 0, 1.35%, 0, 0, 11, 617.76
1567499985, 931, 27, 64, 0, 0, 1.35%, 0, 0, 11, 606.97
1567499990, 996, 39, 67, 0, 0, 1.41%, 0, 0, 11, 595.07
1567499995, 1044, 30, 92, 0, 0, 1.57%, 0, 0, 13, 645.79
1567500000, 1088, 7, 94, 0, 0, 1.57%, 0, 0, 13, 603.27
1567500005, 1126, 0, 97, 0, 0, 1.59%, 0, 0, 13, 575.96
1567500011, 1164, 27, 101, 0, 0, 1.62%, 0, 0, 13, 561.20
1567500016, 1201, 41, 110, 0, 0, 1.64%, 0, 0, 16, 559.04
1567500021, 1237, 21, 114, 1, 0, 1.64%, 0, 0, 16, 528.66
1567500026, 1274, 15, 120, 2, 0, 1.68%, 0, 0, 16, 544.13
1567500031, 1305, 142, 143, 1, 1, 1.81%, 0, 0, 19, 624.86
1567500036, 1337, 6, 154, 2, 0, 1.82%, 0, 0, 20, 548.69
1567500041, 1365, 153, 157, 0, 0, 1.83%, 0, 0, 20, 564.83
1567500047, 1392, 100, 165, 0, 0, 1.84%, 0, 0, 22, 566.65
1567500052, 1418, 145, 169, 0, 0, 1.85%, 0, 0, 22, 554.94
1567500057, 1445, 83, 173, 0, 0, 1.86%, 0, 0, 22, 552.73
1567500062, 1469, 143, 174, 0, 0, 1.86%, 0, 0, 22, 503.49
1567500067, 1492, 148, 176, 0, 0, 1.86%, 0, 0, 22, 474.35
1567500072, 1515, 84, 185, 0, 0, 1.88%, 0, 0, 22, 482.70
1567500077, 1537, 104, 189, 0, 0, 1.88%, 0, 0, 22, 479.41
1567500082, 1559, 163, 192, 0, 0, 1.89%, 0, 0, 22, 466.66
1567500087, 1580, 157, 193, 0, 0, 1.90%, 0, 0, 22, 462.45
1567500093, 1601, 176, 194, 0, 0, 1.90%, 0, 0, 22, 440.51
1567500098, 1622, 164, 194, 0, 0, 1.90%, 0, 0, 22, 452.20
1567500103, 1642, 161, 198, 1, 0, 1.90%, 0, 0, 22, 470.11
1567500108, 1661, 174, 201, 0, 0, 1.90%, 0, 0, 22, 467.87
1567500113, 1681, 36, 206, 1, 0, 1.90%, 0, 0, 22, 493.47
1567500118, 1700, 76, 206, 0, 0, 1.90%, 0, 0, 22, 477.04
1567500123, 1719, 85, 207, 0, 0, 1.90%, 0, 0, 22, 468.26
1567500128, 1738, 0, 208, 0, 0, 1.90%, 0, 0, 22, 469.72
1567500134, 1757, 124, 212, 1, 0, 1.90%, 0, 0, 23, 485.89
1567500139, 1777, 52, 215, 0, 0, 1.93%, 0, 0, 23, 486.11
1567500144, 1796, 158, 217, 0, 0, 1.94%, 0, 0, 23, 472.32
1567500149, 1816, 36, 220, 0, 0, 1.95%, 0, 0, 23, 465.31
1567500154, 1834, 75, 221, 0, 0, 1.95%, 0, 0, 23, 440.20
1567500159, 1853, 15, 221, 0, 0, 1.95%, 0, 0, 23, 458.35
1567500164, 1871, 77, 222, 0, 0, 1.96%, 0, 0, 23, 460.04
1567500169, 1889, 59, 223, 0, 0, 1.96%, 0, 0, 23, 465.53
1567500174, 1907, 149, 224, 0, 0, 1.99%, 0, 0, 23, 461.71
1567500180, 1926, 25, 225, 0, 0, 1.99%, 0, 0, 23, 456.04
1567500185, 1943, 213, 230, 0, 0, 2.10%, 0, 0, 23, 477.45
1567500190, 1960, 160, 233, 1, 0, 2.52%, 0, 0, 23, 464.93
1567500195, 1976, 183, 238, 2, 0, 2.57%, 0, 0, 23, 469.19
1567500200, 1993, 50, 239, 0, 0, 2.58%, 0, 0, 23, 463.33
1567500205, 2009, 47, 243, 0, 0, 2.62%, 0, 0, 23, 483.89
1567500210, 2024, 176, 248, 0, 0, 2.63%, 0, 0, 23, 470.65
1567500215, 2041, 97, 249, 0, 0, 2.63%, 0, 0, 23, 463.19
1567500220, 2057, 189, 253, 0, 0, 2.64%, 0, 0, 23, 477.68
1567500225, 2073, 183, 257, 0, 0, 2.64%, 0, 0, 24, 468.69
1567500231, 2090, 166, 260, 0, 0, 2.65%, 0, 0, 24, 461.61
1567500236, 2106, 239, 265, 1, 0, 2.66%, 0, 0, 24, 459.58
1567500241, 2122, 14, 267, 0, 0, 2.66%, 0, 0, 24, 458.79
1567500246, 2137, 162, 268, 0, 0, 2.66%, 0, 0, 24, 447.91
1567500251, 2153, 76, 269, 0, 0, 2.67%, 0, 0, 24, 451.93
1567500256, 2169, 205, 271, 0, 0, 2.68%, 0, 0, 24, 456.39
1567500261, 2185, 140, 272, 0, 0, 2.68%, 0, 0, 24, 453.83
1567500266, 2200, 229, 273, 0, 0, 2.69%, 0, 0, 24, 457.72
1567500272, 2216, 143, 275, 0, 0, 2.69%, 0, 0, 24, 489.42
1567500277, 2231, 235, 277, 0, 0, 2.69%, 0, 0, 24, 499.62
1567500282, 2246, 205, 296, 0, 0, 2.82%, 0, 0, 24, 577.67
1567500287, 2260, 159, 306, 0, 0, 2.85%, 0, 0, 26, 525.15
1567500292, 2274, 79, 325, 2, 0, 2.92%, 0, 0, 29, 549.35
1567500297, 2287, 306, 339, 1, 0, 3.00%, 0, 0, 31, 550.56
1567500302, 2301, 244, 355, 2, 0, 3.06%, 0, 0, 32, 549.16
1567500308, 2314, 14, 369, 1, 0, 3.08%, 0, 0, 32, 546.82
1567500313, 2326, 378, 379, 3, 1, 3.10%, 0, 0, 32, 545.06
1567500318, 2338, 347, 385, 0, 0, 3.12%, 0, 0, 32, 524.96
1567500323, 2350, 353, 401, 0, 0, 3.15%, 0, 0, 32, 529.70
1567500328, 2361, 346, 402, 0, 0, 3.15%, 0, 0, 32, 505.24
1567500333, 2373, 179, 406, 0, 0, 3.16%, 0, 0, 32, 496.73
1567500338, 2385, 88, 409, 0, 0, 3.16%, 0, 0, 32, 493.81
1567500343, 2396, 303, 411, 0, 0, 3.16%, 0, 0, 32, 489.37
1567500348, 2407, 47, 412, 0, 0, 3.16%, 0, 0, 32, 459.78
1567500353, 2417, 313, 415, 0, 0, 3.17%, 0, 0, 32, 441.55
1567500359, 2427, 228, 416, 0, 0, 3.17%, 0, 0, 32, 441.37
1567500364, 2437, 322, 425, 1, 0, 3.19%, 0, 0, 32, 471.77
1567500369, 2447, 374, 428, 1, 0, 3.19%, 0, 0, 32, 454.31
1567500374, 2457, 351, 432, 0, 0, 3.20%, 0, 0, 32, 443.21
1567500379, 2466, 60, 432, 0, 0, 3.20%, 0, 0, 32, 448.88
1567500384, 2474, 296, 432, 0, 0, 3.20%, 0, 0, 32, 437.84
1567500390, 2483, 52, 432, 0, 0, 3.20%, 0, 0, 32, 441.98
1567500395, 2491, 376, 434, 0, 0, 3.20%, 0, 0, 32, 447.52
1567500400, 2500, 170, 435, 0, 0, 3.20%, 0, 0, 32, 449.85
1567500405, 2509, 249, 436, 0, 0, 3.20%, 0, 0, 32, 446.44
1567500410, 2517, 436, 437, 1, 1, 3.21%, 0, 0, 32, 438.97
1567500415, 2526, 170, 438, 0, 0, 3.21%, 0, 0, 32, 436.56
1567500420, 2534, 430, 438, 0, 0, 3.21%, 0, 0, 32, 442.60
1567500425, 2543, 260, 438, 0, 0, 3.21%, 0, 0, 32, 451.01
1567500430, 2552, 92, 438, 0, 0, 3.21%, 0, 0, 32, 444.40
1567500436, 2561, 36, 438, 0, 0, 3.21%, 0, 0, 32, 443.20
1567500441, 2570, 86, 440, 1, 0, 3.22%, 0, 0, 32, 441.92
1567500446, 2579, 248, 440, 0, 0, 3.22%, 0, 0, 32, 460.22
1567500451, 2589, 0, 443, 1, 0, 3.22%, 0, 0, 32, 454.22
1567500456, 2598, 342, 443, 0, 0, 3.22%, 0, 0, 32, 471.05
1567500461, 2608, 6, 443, 0, 0, 3.22%, 0, 0, 32, 461.21
1567500466, 2617, 239, 443, 0, 0, 3.22%, 0, 0, 32, 451.97
1567500472, 2627, 88, 443, 0, 0, 3.22%, 0, 0, 32, 460.58
1567500477, 2637, 123, 446, 0, 0, 3.22%, 0, 0, 32, 468.00
1567500482, 2647, 38, 447, 0, 0, 3.22%, 0, 0, 32, 473.71
1567500487, 2657, 22, 449, 1, 0, 3.22%, 0, 0, 32, 471.91
1567500492, 2666, 302, 451, 0, 0, 3.22%, 0, 0, 32, 477.96
1567500497, 2677, 11, 451, 0, 0, 3.22%, 0, 0, 32, 481.01
1567500502, 2687, 88, 452, 0, 0, 3.22%, 0, 0, 32, 487.61
1567500507, 2698, 53, 452, 0, 0, 3.22%, 0, 0, 32, 521.24
1567500512, 2708, 62, 453, 1, 0, 3.22%, 0, 0, 32, 508.26
1567500517, 2717, 362, 453, 0, 0, 3.22%, 0, 0, 32, 498.32
1567500522, 2727, 149, 455, 0, 0, 3.22%, 0, 0, 32, 490.76
1567500528, 2736, 270, 455, 0, 0, 3.22%, 0, 0, 32, 481.26
1567500533, 2746, 349, 457, 0, 0, 3.23%, 0, 0, 32, 492.12
1567500538, 2756, 312, 457, 0, 0, 3.23%, 0, 0, 32, 515.64
1567500543, 2766, 57, 458, 1, 0, 3.23%, 0, 0, 33, 483.33
1567500548, 2775, 341, 459, 0, 0, 3.23%, 0, 0, 33, 508.18
1567500553, 2785, 92, 460, 1, 0, 3.23%, 0, 0, 33, 500.12
1567500558, 2794, 177, 466, 2, 0, 3.23%, 0, 0, 34, 486.00
1567500563, 2803, 467, 468, 1, 0, 3.23%, 0, 0, 34, 588.90
1567500569, 2811, 389, 470, 0, 0, 3.23%, 0, 0, 34, 645.72
1567500574, 2821, 268, 471, 0, 0, 3.23%, 0, 0, 34, 529.24
1567500579, 2831, 51, 472, 0, 0, 3.23%, 0, 0, 34, 503.08
1567500584, 2840, 403, 473, 0, 0, 3.23%, 0, 0, 34, 536.81
1567500589, 2850, 392, 473, 0, 0, 3.23%, 0, 0, 34, 502.36
1567500594, 2860, 363, 473, 0, 0, 3.23%, 0, 0, 34, 508.54
1567500599, 2870, 461, 474, 0, 0, 3.23%, 0, 0, 34, 495.57
1567500604, 2881, 174, 474, 0, 0, 3.23%, 0, 0, 34, 497.76
1567500609, 2891, 351, 476, 1, 0, 3.23%, 0, 0, 34, 527.11
1567500614, 2901, 419, 479, 1, 0, 3.23%, 0, 0, 35, 522.93
1567500619, 2911, 390, 479, 0, 0, 3.23%, 0, 0, 35, 504.39
1567500625, 2922, 84, 481, 1, 0, 3.23%, 0, 0, 35, 508.16
1567500630, 2932, 390, 481, 0, 0, 3.23%, 0, 0, 35, 520.55
1567500635, 2943, 157, 481, 0, 0, 3.23%, 0, 0, 35, 499.54
1567500640, 2953, 264, 482, 1, 0, 3.23%, 0, 0, 35, 505.43
1567500645, 2964, 19, 485, 0, 0, 3.25%, 0, 0, 35, 610.33
1567500650, 2974, 90, 485, 0, 0, 3.25%, 0, 0, 35, 512.37
1567500655, 2983, 428, 489, 1, 0, 3.25%, 0, 0, 35, 617.04
1567500660, 2993, 350, 490, 1, 0, 3.25%, 0, 0, 35, 517.84
1567500666, 3003, 125, 490, 0, 0, 3.25%, 0, 0, 35, 485.37
1567500671, 3013, 62, 490, 0, 0, 3.25%, 0, 0, 35, 483.01
1567500676, 3023, 445, 492, 0, 0, 3.25%, 0, 0, 35, 513.84
1567500681, 3033, 426, 496, 0, 0, 3.25%, 0, 0, 35, 536.05
1567500686, 3043, 79, 496, 0, 0, 3.25%, 0, 0, 35, 494.50
1567500691, 3052, 353, 497, 1, 0, 3.25%, 0, 0, 35, 486.09
1567500696, 3062, 85, 499, 0, 0, 3.26%, 0, 0, 35, 537.39
1567500701, 3064, 502, 503, 1, 1, 3.28%, 0, 0, 35, 1176.32
1567500706, 3069, 509, 511, 5, 0, 3.28%, 0, 0, 35, 1084.25
1567500711, 3074, 243, 513, 2, 0, 3.28%, 0, 0, 35, 971.73
1567500716, 3082, 236, 517, 4, 0, 3.28%, 0, 0, 35, 717.03
1567500722, 3086, 515, 517, 1, 0, 3.28%, 0, 0, 35, 976.75
1567500727, 3093, 487, 518, 0, 0, 3.28%, 0, 0, 35, 800.56
1567500732, 3103, 402, 521, 2, 0, 3.28%, 0, 0, 35, 550.01
1567500737, 3110, 521, 522, 1, 0, 3.28%, 0, 0, 35, 746.50
1567500742, 3121, 83, 529, 3, 0, 3.28%, 0, 0, 35, 650.22
1567500747, 3123, 177, 529, 0, 0, 3.28%, 0, 0, 35, 967.07
1567500752, 3132, 513, 532, 2, 0, 3.28%, 0, 0, 35, 596.14
1567500757, 3142, 484, 534, 0, 0, 3.28%, 0, 0, 35, 532.83
1567500763, 3151, 535, 537, 2, 2, 3.30%, 0, 0, 35, 637.85
1567500768, 3155, 513, 538, 0, 0, 3.30%, 0, 0, 35, 762.22
1567500773, 3165, 419, 540, 0, 0, 3.30%, 0, 0, 35, 577.38
1567500778, 3175, 284, 543, 0, 0, 3.31%, 0, 0, 35, 557.92
1567500783, 3185, 218, 544, 0, 0, 3.31%, 0, 0, 35, 562.47
1567500788, 3195, 19, 545, 1, 0, 3.31%, 0, 0, 35, 501.85
1567500793, 3204, 171, 547, 2, 0, 3.31%, 0, 0, 35, 493.20
1567500798, 3214, 74, 547, 0, 0, 3.31%, 0, 0, 35, 525.34
1567500804, 3223, 43, 548, 0, 0, 3.31%, 0, 0, 35, 480.89
1567500809, 3233, 27, 549, 0, 0, 3.31%, 0, 0, 35, 512.38
1567500814, 3242, 392, 549, 0, 0, 3.31%, 0, 0, 35, 498.94
1567500819, 3251, 542, 549, 0, 0, 3.31%, 0, 0, 35, 493.60
1567500824, 3261, 171, 550, 0, 0, 3.31%, 0, 0, 35, 490.31
1567500829, 3270, 371, 552, 0, 0, 3.31%, 0, 0, 35, 514.19
1567500834, 3280, 234, 555, 0, 0, 3.31%, 0, 0, 35, 522.42
1567500839, 3290, 237, 557, 0, 0, 3.31%, 0, 0, 35, 537.88
1567500844, 3299, 422, 560, 0, 0, 3.32%, 0, 0, 35, 503.55
1567500849, 3309, 161, 564, 0, 0, 3.32%, 0, 0, 35, 516.13
1567500855, 3319, 30, 565, 0, 0, 3.32%, 0, 0, 35, 510.34
1567500860, 3328, 116, 568, 1, 0, 3.32%, 0, 0, 35, 541.64
1567500865, 3337, 330, 571, 0, 0, 3.32%, 0, 0, 35, 513.32
1567500870, 3346, 212, 571, 0, 0, 3.32%, 0, 0, 35, 467.04
1567500875, 3355, 214, 571, 0, 0, 3.32%, 0, 0, 35, 466.66
1567500880, 3365, 189, 571, 0, 0, 3.32%, 0, 0, 35, 499.24
1567500885, 3374, 231, 572, 0, 0, 3.32%, 0, 0, 35, 486.04
1567500890, 3383, 175, 572, 0, 0, 3.32%, 0, 0, 35, 468.10
1567500895, 3393, 420, 574, 1, 0, 3.32%, 0, 0, 35, 522.44
1567500900, 3403, 45, 575, 1, 0, 3.32%, 0, 0, 35, 492.64
1567500906, 3412, 243, 576, 1, 0, 3.32%, 0, 0, 35, 491.59
1567500911, 3421, 275, 576, 0, 0, 3.32%, 0, 0, 35, 487.61
1567500916, 3430, 284, 576, 0, 0, 3.32%, 0, 0, 35, 477.61
1567500921, 3440, 46, 577, 0, 0, 3.32%, 0, 0, 35, 498.71
1567500926, 3449, 190, 577, 0, 0, 3.32%, 0, 0, 35, 487.85
1567500931, 3456, 578, 579, 2, 0, 3.32%, 0, 0, 35, 600.80
1567500936, 3465, 398, 580, 0, 0, 3.32%, 0, 0, 35, 520.88
1567500941, 3471, 581, 582, 2, 0, 3.32%, 0, 0, 35, 596.35
1567500946, 3479, 73, 583, 1, 0, 3.32%, 0, 0, 35, 612.21
1567500951, 3488, 192, 584, 0, 0, 3.32%, 0, 0, 35, 513.05
1567500957, 3494, 584, 585, 1, 0, 3.32%, 0, 0, 35, 543.11
1567500962, 3504, 27, 586, 0, 0, 3.32%, 0, 0, 35, 534.21
1567500967, 3513, 99, 587, 1, 0, 3.32%, 0, 0, 35, 500.07
1567500972, 3517, 165, 587, 0, 0, 3.32%, 0, 0, 35, 581.80
1567500977, 3526, 11, 587, 0, 0, 3.32%, 0, 0, 35, 488.99
1567500982, 3534, 483, 587, 0, 0, 3.32%, 0, 0, 35, 487.97
1567500987, 3543, 375, 587, 0, 0, 3.32%, 0, 0, 35, 480.04
1567500993, 3552, 389, 587, 0, 0, 3.32%, 0, 0, 35, 498.27
1567500998, 3561, 513, 588, 1, 0, 3.32%, 0, 0, 35, 518.37
1567501003, 3571, 349, 590, 2, 0, 3.33%, 0, 0, 35, 504.21
1567501008, 3576, 228, 590, 1, 0, 3.33%, 0, 0, 35, 550.99
1567501013, 3585, 164, 591, 0, 0, 3.33%, 0, 0, 35, 504.62
1567501018, 3594, 357, 591, 0, 0, 3.33%, 0, 0, 35, 491.62
1567501023, 3603, 322, 591, 0, 0, 3.33%, 0, 0, 35, 487.11
1567501028, 3612, 363, 591, 0, 0, 3.33%, 0, 0, 35, 491.77
1567501033, 3621, 351, 591, 0, 0, 3.33%, 0, 0, 35, 486.76
1567501038, 3630, 390, 591, 0, 0, 3.33%, 0, 0, 35, 495.99
1567501044, 3639, 484, 591, 0, 0, 3.33%, 0, 0, 35, 493.71
1567501049, 3648, 591, 592, 1, 0, 3.33%, 0, 0, 35, 502.93
1567501054, 3656, 156, 592, 0, 0, 3.33%, 0, 0, 35, 526.14
1567501059, 3665, 214, 593, 1, 0, 3.33%, 0, 0, 35, 495.27
1567501064, 3674, 473, 594, 1, 0, 3.33%, 0, 0, 35, 507.74
1567501069, 3684, 236, 594, 0, 0, 3.33%, 0, 0, 35, 517.38
1567501074, 3693, 247, 594, 0, 0, 3.33%, 0, 0, 35, 490.19
1567501079, 3702, 313, 594, 0, 0, 3.33%, 0, 0, 35, 487.82
1567501085, 3711, 324, 594, 0, 0, 3.33%, 0, 0, 35, 475.54
1567501090, 3720, 404, 594, 0, 0, 3.33%, 0, 0, 35, 486.52
1567501095, 3730, 81, 594, 0, 0, 3.33%, 0, 0, 35, 486.25
1567501100, 3739, 361, 594, 0, 0, 3.33%, 0, 0, 35, 488.61
1567501105, 3748, 454, 594, 0, 0, 3.33%, 0, 0, 35, 486.49
1567501110, 3758, 357, 594, 0, 0, 3.33%, 0, 0, 35, 500.59
1567501115, 3767, 419, 594, 0, 0, 3.33%, 0, 0, 35, 482.81
1567501121, 3775, 594, 595, 1, 0, 3.33%, 0, 0, 35, 504.52
1567501126, 3781, 351, 595, 0, 0, 3.33%, 0, 0, 35, 499.89
1567501131, 3791, 6, 595, 0, 0, 3.33%, 0, 0, 35, 494.95
1567501136, 3800, 437, 595, 0, 0, 3.33%, 0, 0, 35, 496.43
1567501141, 3810, 341, 595, 0, 0, 3.33%, 0, 0, 35, 497.90
1567501146, 3819, 595, 596, 1, 0, 3.33%, 0, 0, 35, 537.34
1567501151, 3828, 96, 596, 0, 0, 3.33%, 0, 0, 35, 552.32
1567501156, 3838, 52, 596, 0, 0, 3.33%, 0, 0, 35, 512.08
1567501161, 3847, 303, 596, 0, 0, 3.33%, 0, 0, 35, 496.88
1567501166, 3856, 596, 597, 1, 0, 3.33%, 0, 0, 35, 579.76
1567501172, 3864, 270, 599, 0, 0, 3.34%, 0, 0, 35, 663.89
1567501177, 3871, 501, 603, 0, 0, 3.35%, 0, 0, 37, 794.43
1567501182, 3878, 324, 606, 0, 0, 3.35%, 0, 0, 38, 830.77
1567501187, 3886, 0, 608, 0, 0, 3.35%, 0, 0, 38, 879.96
1567501192, 3893, 26, 609, 0, 0, 3.36%, 0, 0, 38, 690.66
1567501197, 3901, 612, 613, 1, 0, 3.36%, 0, 0, 38, 642.27
1567501202, 3906, 615, 616, 1, 1, 3.36%, 0, 0, 39, 960.95
1567501208, 3916, 177, 616, 0, 0, 3.36%, 0, 0, 39, 621.66
1567501213, 3922, 382, 618, 0, 0, 3.36%, 0, 0, 39, 761.71
1567501218, 3930, 141, 620, 1, 0, 3.36%, 0, 0, 40, 721.72
1567501223, 3938, 177, 623, 1, 0, 3.36%, 0, 0, 40, 280.70
1567501228, 3943, 624, 625, 1, 1, 3.37%, 0, 0, 40, 717.71
1567501233, 3952, 275, 629, 1, 0, 3.37%, 0, 0, 40, 710.54
1567501238, 3962, 0, 629, 0, 0, 3.37%, 0, 0, 40, 570.68
1567501243, 3971, 503, 630, 0, 0, 3.37%, 0, 0, 40, 543.17
1567501248, 3981, 257, 631, 0, 0, 3.37%, 0, 0, 40, 522.43
1567501253, 3990, 227, 634, 0, 0, 3.37%, 0, 0, 40, 709.20
1567501258, 3999, 59, 635, 0, 0, 3.37%, 0, 0, 40, 674.69
1567501264, 4009, 47, 635, 0, 0, 3.37%, 0, 0, 40, 553.08
1567501269, 4016, 451, 636, 0, 0, 3.37%, 0, 0, 40, 696.61
1567501274, 4027, 82, 636, 0, 0, 3.37%, 0, 0, 40, 587.22
1567501279, 4034, 636, 639, 1, 0, 3.37%, 0, 0, 41, 699.09
1567501284, 4043, 365, 639, 0, 0, 3.37%, 0, 0, 41, 566.43
1567501289, 4051, 639, 641, 1, 0, 3.37%, 0, 0, 41, 668.15
1567501294, 4058, 642, 643, 1, 0, 3.37%, 0, 0, 41, 794.89
1567501299, 4068, 40, 643, 0, 0, 3.37%, 0, 0, 41, 575.12
1567501304, 4077, 168, 644, 0, 0, 3.37%, 0, 0, 41, 544.97
1567501309, 4086, 215, 646, 0, 0, 3.42%, 0, 0, 41, 572.71
1567501314, 4095, 545, 647, 0, 0, 3.42%, 0, 0, 41, 532.43
1567501319, 4105, 583, 648, 0, 0, 3.42%, 0, 0, 41, 535.40
1567501324, 4116, 36, 649, 1, 0, 3.42%, 0, 0, 41, 533.42
1567501330, 4123, 15, 649, 0, 0, 3.42%, 0, 0, 41, 634.47
1567501335, 4133, 135, 650, 0, 0, 3.42%, 0, 0, 41, 548.23
1567501340, 4143, 272, 653, 1, 0, 3.42%, 0, 0, 41, 565.03
1567501345, 4152, 484, 655, 0, 0, 3.42%, 0, 0, 41, 634.67
1567501350, 4160, 656, 657, 2, 1, 3.42%, 0, 0, 41, 664.92
1567501355, 4167, 602, 659, 0, 0, 3.42%, 0, 0, 42, 698.47
1567501360, 4176, 171, 661, 0, 0, 3.42%, 0, 0, 42, 580.92
1567501365, 4184, 662, 663, 2, 0, 3.42%, 0, 0, 43, 610.45
1567501371, 4189, 92, 663, 0, 0, 3.42%, 0, 0, 43, 667.36
1567501376, 4198, 367, 665, 0, 0, 3.42%, 0, 0, 43, 575.76
1567501381, 4206, 176, 667, 1, 0, 3.42%, 0, 0, 43, 624.62
1567501386, 4212, 420, 668, 0, 0, 3.42%, 0, 0, 43, 650.95
1567501391, 4221, 143, 669, 0, 0, 3.42%, 0, 0, 43, 672.11
1567501396, 4229, 483, 669, 0, 0, 3.42%, 0, 0, 43, 518.40
1567501401, 4238, 389, 669, 0, 0, 3.42%, 0, 0, 43, 500.34
1567501406, 4247, 185, 669, 0, 0, 3.42%, 0, 0, 43, 490.28
1567501411, 4256, 322, 669, 0, 0, 3.42%, 0, 0, 43, 502.74
1567501417, 4265, 183, 669, 0, 0, 3.42%, 0, 0, 43, 478.31
1567501422, 4273, 537, 669, 0, 0, 3.42%, 0, 0, 43, 486.41
1567501427, 4282, 388, 670, 1, 0, 3.42%, 0, 0, 43, 487.96
1567501432, 4284, 583, 670, 0, 0, 3.42%, 0, 0, 43, 467.16
1567501437, 4294, 492, 670, 0, 0, 3.42%, 0, 0, 43, 537.65
1567501442, 4304, 589, 670, 0, 0, 3.42%, 0, 0, 43, 556.26
1567501447, 4313, 212, 672, 0, 0, 3.42%, 0, 0, 43, 579.18
1567501452, 4322, 281, 672, 0, 0, 3.42%, 0, 0, 43, 521.79
1567501457, 4332, 261, 672, 0, 0, 3.42%, 0, 0, 43, 530.04
1567501462, 4342, 54, 672, 0, 0, 3.42%, 0, 0, 43, 533.65
1567501468, 4351, 536, 672, 0, 0, 3.42%, 0, 0, 43, 523.65
1567501473, 4361, 328, 672, 0, 0, 3.42%, 0, 0, 43, 518.07
1567501478, 4371, 357, 672, 0, 0, 3.42%, 0, 0, 43, 545.82
1567501483, 4381, 219, 672, 0, 0, 3.42%, 0, 0, 43, 540.66
1567501488, 4390, 402, 675, 0, 0, 3.43%, 0, 0, 43, 530.55
1567501493, 4399, 361, 675, 0, 0, 3.43%, 0, 0, 43, 491.44
1567501498, 4408, 386, 676, 0, 0, 3.43%, 0, 0, 43, 498.45
1567501503, 4415, 261, 679, 1, 0, 3.43%, 0, 0, 43, 695.85
1567501508, 4423, 360, 679, 0, 0, 3.43%, 0, 0, 43, 661.06
1567501513, 4429, 679, 680, 1, 0, 3.43%, 0, 0, 43, 462.64
1567501519, 4433, 74, 680, 0, 0, 3.43%, 0, 0, 43, 399.24
1567501524, 4441, 405, 680, 0, 0, 3.43%, 0, 0, 43, 465.60
1567501529, 4450, 538, 680, 0, 0, 3.43%, 0, 0, 43, 495.04
1567501534, 4459, 675, 681, 1, 0, 3.43%, 0, 0, 43, 484.08
1567501539, 4465, 680, 681, 1, 0, 3.43%, 0, 0, 43, 377.50
1567501544, 4468, 58, 681, 0, 0, 3.43%, 0, 0, 43, 329.09
1567501549, 4477, 218, 681, 0, 0, 3.43%, 0, 0, 43, 455.74
1567501554, 4486, 69, 681, 0, 0, 3.43%, 0, 0, 43, 475.40
1567501559, 4495, 145, 682, 1, 0, 3.43%, 0, 0, 43, 482.49
1567501564, 4503, 650, 682, 0, 0, 3.43%, 0, 0, 43, 488.37
1567501569, 4512, 646, 682, 0, 0, 3.43%, 0, 0, 43, 479.91
1567501574, 4521, 649, 682, 0, 0, 3.43%, 0, 0, 43, 490.36
1567501580, 4530, 575, 682, 0, 0, 3.43%, 0, 0, 43, 482.03
1567501585, 4540, 160, 683, 0, 0, 3.43%, 0, 0, 43, 512.90
1567501590, 4549, 268, 683, 0, 0, 3.43%, 0, 0, 43, 488.91
1567501595, 4558, 454, 683, 0, 0, 3.43%, 0, 0, 43, 481.42
1567501600, 4567, 431, 684, 0, 0, 3.43%, 0, 0, 43, 481.05
1567501605, 4576, 234, 684, 0, 0, 3.43%, 0, 0, 43, 480.83
1567501610, 4585, 268, 685, 0, 0, 3.43%, 0, 0, 43, 498.98
1567501615, 4595, 52, 686, 0, 0, 3.43%, 0, 0, 43, 566.56
1567501621, 4605, 7, 687, 1, 0, 3.43%, 0, 0, 43, 542.58
1567501626, 4612, 689, 690, 1, 0, 3.43%, 0, 0, 43, 639.24
1567501631, 4620, 184, 690, 0, 0, 3.43%, 0, 0, 43, 586.30
1567501636, 4630, 174, 691, 1, 0, 3.43%, 0, 0, 43, 553.87
1567501641, 4639, 234, 692, 0, 0, 3.43%, 0, 0, 43, 677.79
1567501646, 4648, 692, 693, 1, 0, 3.43%, 0, 0, 43, 671.23
1567501651, 4657, 417, 694, 1, 0, 3.43%, 0, 0, 43, 622.53
1567501656, 4661, 694, 696, 1, 0, 3.44%, 0, 0, 43, 888.11
1567501661, 4667, 697, 698, 1, 0, 3.44%, 0, 0, 44, 727.26
1567501666, 4676, 96, 700, 0, 0, 3.44%, 0, 0, 44, 738.46
1567501672, 4685, 538, 702, 2, 0, 3.44%, 0, 0, 44, 567.73
1567501677, 4694, 246, 703, 0, 0, 3.44%, 0, 0, 44, 626.73
1567501682, 4703, 538, 703, 0, 0, 3.44%, 0, 0, 44, 535.12
1567501687, 4713, 383, 703, 0, 0, 3.44%, 0, 0, 44, 535.25
1567501692, 4723, 670, 704, 0, 0, 3.44%, 0, 0, 44, 551.45
1567501697, 4733, 75, 704, 0, 0, 3.44%, 0, 0, 44, 497.77
1567501702, 4742, 127, 704, 0, 0, 3.44%, 0, 0, 44, 488.13
1567501707, 4751, 558, 704, 0, 0, 3.44%, 0, 0, 44, 508.17
1567501712, 4759, 706, 707, 1, 0, 3.44%, 0, 0, 44, 785.70
1567501717, 4769, 170, 707, 0, 0, 3.44%, 0, 0, 44, 629.96
1567501723, 4777, 492, 711, 1, 0, 3.44%, 0, 0, 44, 718.80
1567501728, 4786, 536, 711, 0, 0, 3.44%, 0, 0, 44, 604.17
1567501733, 4794, 273, 713, 0, 0, 3.44%, 0, 0, 44, 881.76
1567501738, 4804, 43, 715, 0, 0, 3.44%, 0, 0, 44, 643.73
1567501743, 4813, 658, 715, 0, 0, 3.44%, 0, 0, 44, 570.83
1567501748, 4820, 312, 719, 0, 0, 3.44%, 0, 0, 44, 1876.04
1567501753, 4830, 52, 719, 0, 0, 3.44%, 0, 0, 44, 794.70
1567501758, 4839, 220, 719, 0, 0, 3.44%, 0, 0, 44, 560.28
1567501763, 4848, 150, 720, 0, 0, 3.44%, 0, 0, 44, 624.32
1567501768, 4858, 365, 720, 0, 0, 3.44%, 0, 0, 44, 546.35
1567501774, 4868, 266, 721, 1, 0, 3.44%, 0, 0, 44, 522.13
1567501779, 4876, 246, 721, 0, 0, 3.44%, 0, 0, 44, 621.78
1567501784, 4885, 372, 721, 0, 0, 3.44%, 0, 0, 44, 508.63
1567501789, 4894, 588, 722, 1, 0, 3.44%, 0, 0, 44, 491.12
1567501794, 4902, 722, 723, 1, 0, 3.44%, 0, 0, 44, 484.60
1567501799, 4905, 304, 723, 0, 0, 3.44%, 0, 0, 44, 416.21
1567501804, 4915, 145, 723, 0, 0, 3.44%, 0, 0, 44, 528.79
1567501809, 4924, 160, 723, 0, 0, 3.44%, 0, 0, 44, 524.61
1567501815, 4933, 402, 723, 0, 0, 3.44%, 0, 0, 44, 536.35
1567501820, 4943, 260, 723, 0, 0, 3.44%, 0, 0, 44, 564.19
1567501825, 4952, 665, 723, 0, 0, 3.44%, 0, 0, 44, 566.24
1567501830, 4962, 26, 723, 0, 0, 3.44%, 0, 0, 44, 527.20
1567501835, 4971, 177, 723, 0, 0, 3.44%, 0, 0, 44, 533.87
1567501840, 4980, 26, 724, 0, 0, 3.44%, 0, 0, 44, 619.58
1567501845, 4987, 345, 725, 0, 0, 3.44%, 0, 0, 44, 271.33
1567501850, 4991, 725, 726, 1, 0, 3.44%, 0, 0, 44, 308.74
1567501860, 4998, 108, 727, 0, 0, 3.44%, 0, 0, 44, 610.92
1567501865, 5002, 473, 728, 0, 0, 3.44%, 0, 0, 45, 560.21
1567501870, 5011, 542, 728, 0, 0, 3.44%, 0, 0, 45, 525.95
1567501876, 5021, 84, 728, 0, 0, 3.44%, 0, 0, 45, 519.67
1567501881, 5029, 558, 729, 1, 0, 3.44%, 0, 0, 45, 501.98
1567501886, 5033, 728, 729, 1, 0, 3.44%, 0, 0, 45, 359.82
1567501896, 5042, 729, 730, 1, 0, 3.44%, 0, 0, 45, 538.58
1567501901, 5050, 428, 730, 0, 0, 3.44%, 0, 0, 45, 598.81
1567501906, 5060, 394, 730, 0, 0, 3.44%, 0, 0, 45, 563.17
1567501911, 5070, 143, 730, 0, 0, 3.44%, 0, 0, 45, 539.77
1567501916, 5080, 108, 730, 0, 0, 3.44%, 0, 0, 45, 551.40
1567501922, 5089, 690, 730, 0, 0, 3.44%, 0, 0, 45, 532.75
1567501927, 5095, 722, 731, 0, 0, 3.44%, 0, 0, 45, 635.07
1567501932, 5105, 687, 731, 0, 0, 3.44%, 0, 0, 45, 558.32
1567501937, 5115, 228, 731, 0, 0, 3.44%, 0, 0, 45, 515.38
1567501942, 5123, 363, 731, 0, 0, 3.44%, 0, 0, 45, 468.24
1567501947, 5132, 367, 731, 0, 0, 3.44%, 0, 0, 45, 487.86
1567501952, 5141, 302, 731, 0, 0, 3.44%, 0, 0, 45, 481.91
1567501957, 5150, 148, 731, 0, 0, 3.44%, 0, 0, 45, 483.17
1567501962, 5159, 0, 731, 0, 0, 3.44%, 0, 0, 45, 482.93
1567501968, 5167, 714, 731, 0, 0, 3.44%, 0, 0, 45, 486.72
1567501973, 5176, 179, 733, 1, 0, 3.44%, 0, 0, 45, 510.39
1567501978, 5184, 536, 733, 0, 0, 3.44%, 0, 0, 45, 524.08
1567501983, 5193, 507, 734, 1, 0, 3.44%, 0, 0, 46, 479.18
1567501988, 5199, 733, 734, 1, 0, 3.44%, 0, 0, 46, 656.19
1567501993, 5208, 371, 734, 0, 0, 3.44%, 0, 0, 46, 520.48
1567501998, 5217, 227, 734, 0, 0, 3.44%, 0, 0, 46, 489.75
1567502003, 5224, 212, 735, 0, 0, 3.44%, 0, 0, 46, 664.49
1567502009, 5233, 47, 735, 0, 0, 3.44%, 0, 0, 46, 511.15
1567502014, 5241, 731, 735, 0, 0, 3.44%, 0, 0, 46, 505.70
1567502019, 5251, 59, 735, 0, 0, 3.44%, 0, 0, 46, 496.64
1567502024, 5260, 14, 736, 0, 0, 3.44%, 0, 0, 46, 542.40
1567502029, 5268, 638, 737, 0, 0, 3.44%, 0, 0, 46, 510.43
1567502034, 5277, 696, 738, 0, 0, 3.44%, 0, 0, 46, 503.09
1567502039, 5287, 44, 739, 1, 0, 3.44%, 0, 0, 46, 499.04
1567502044, 5294, 132, 739, 0, 0, 3.44%, 0, 0, 46, 586.49
1567502049, 5302, 687, 740, 0, 0, 3.45%, 0, 0, 46, 552.42
1567502054, 5311, 437, 740, 0, 0, 3.45%, 0, 0, 46, 496.73
1567502059, 5320, 388, 740, 0, 0, 3.45%, 0, 0, 46, 487.98
1567502064, 5329, 238, 740, 0, 0, 3.45%, 0, 0, 46, 490.61
1567502070, 5337, 602, 741, 0, 0, 3.45%, 0, 0, 46, 585.72
1567502075, 5345, 741, 742, 1, 0, 3.45%, 0, 0, 47, 563.45
1567502080, 5352, 248, 742, 0, 0, 3.45%, 0, 0, 47, 551.04
1567502085, 5361, 270, 742, 0, 0, 3.45%, 0, 0, 47, 494.55
1567502090, 5370, 52, 742, 0, 0, 3.45%, 0, 0, 47, 482.13
1567502095, 5379, 129, 742, 0, 0, 3.45%, 0, 0, 47, 493.31
1567502100, 5388, 148, 742, 0, 0, 3.45%, 0, 0, 47, 486.60
1567502105, 5397, 256, 743, 0, 0, 3.45%, 0, 0, 47, 495.42
1567502110, 5406, 402, 743, 0, 0, 3.45%, 0, 0, 47, 505.51
1567502115, 5417, 38, 743, 0, 0, 3.45%, 0, 0, 47, 547.19
1567502120, 5427, 58, 743, 0, 0, 3.45%, 0, 0, 47, 544.01
1567502125, 5432, 381, 745, 0, 0, 3.45%, 0, 0, 47, 975.21
1567502130, 5442, 83, 745, 0, 0, 3.45%, 0, 0, 47, 591.38
1567502136, 5451, 396, 745, 0, 0, 3.45%, 0, 0, 47, 516.60
1567502141, 5461, 259, 745, 0, 0, 3.45%, 0, 0, 47, 521.71
1567502146, 5471, 634, 746, 1, 0, 3.45%, 0, 0, 47, 549.93
1567502151, 5480, 523, 747, 1, 0, 3.45%, 0, 0, 47, 686.65
1567502156, 5489, 601, 748, 0, 0, 3.45%, 0, 0, 47, 666.92
1567502161, 5499, 534, 748, 0, 0, 3.45%, 0, 0, 47, 561.36
1567502166, 5509, 387, 748, 0, 0, 3.45%, 0, 0, 47, 551.54
1567502171, 5519, 86, 748, 0, 0, 3.45%, 0, 0, 47, 550.11
1567502176, 5528, 303, 748, 0, 0, 3.45%, 0, 0, 47, 534.75
1567502182, 5537, 383, 748, 0, 0, 3.45%, 0, 0, 47, 547.70
1567502187, 5545, 661, 748, 0, 0, 3.45%, 0, 0, 47, 497.67
1567502192, 5554, 672, 748, 0, 0, 3.45%, 0, 0, 47, 516.29
1567502197, 5563, 376, 749, 1, 0, 3.45%, 0, 0, 47, 514.28
1567502202, 5567, 748, 749, 1, 0, 3.45%, 0, 0, 47, 350.19
1567502207, 5571, 116, 749, 0, 0, 3.45%, 0, 0, 47, 368.56
1567502212, 5581, 6, 749, 0, 0, 3.45%, 0, 0, 47, 521.92
1567502217, 5590, 244, 750, 1, 0, 3.45%, 0, 0, 47, 537.49
1567502222, 5599, 104, 750, 0, 0, 3.45%, 0, 0, 47, 574.99
1567502227, 5608, 392, 750, 0, 0, 3.45%, 0, 0, 47, 555.06
1567502233, 5618, 343, 750, 0, 0, 3.45%, 0, 0, 47, 550.82
1567502238, 5628, 304, 750, 0, 0, 3.45%, 0, 0, 47, 560.07
1567502243, 5637, 40, 750, 0, 0, 3.45%, 0, 0, 47, 504.85
1567502248, 5646, 367, 750, 0, 0, 3.45%, 0, 0, 47, 538.55
1567502253, 5656, 304, 750, 0, 0, 3.45%, 0, 0, 47, 546.36
1567502258, 5665, 724, 750, 0, 0, 3.45%, 0, 0, 47, 539.32
1567502263, 5675, 309, 750, 0, 0, 3.45%, 0, 0, 47, 515.65
1567502268, 5684, 504, 750, 0, 0, 3.45%, 0, 0, 47, 520.54
1567502273, 5694, 372, 750, 0, 0, 3.45%, 0, 0, 47, 534.95
1567502279, 5704, 57, 751, 1, 0, 3.45%, 0, 0, 47, 528.06
1567502284, 5712, 751, 752, 1, 0, 3.45%, 0, 0, 47, 520.93
1567502289, 5720, 216, 752, 0, 0, 3.45%, 0, 0, 47, 562.03
1567502294, 5729, 170, 752, 0, 0, 3.45%, 0, 0, 47, 501.25
1567502299, 5738, 229, 753, 0, 0, 3.45%, 0, 0, 47, 504.98
1567502304, 5746, 559, 753, 0, 0, 3.45%, 0, 0, 47, 472.83
1567502309, 5755, 351, 753, 0, 0, 3.45%, 0, 0, 47, 486.02
1567502314, 5764, 583, 753, 0, 0, 3.45%, 0, 0, 47, 523.72
1567502319, 5774, 268, 753, 0, 0, 3.45%, 0, 0, 47, 524.13
1567502324, 5782, 329, 754, 0, 0, 3.45%, 0, 0, 47, 692.97
1567502330, 5791, 401, 755, 0, 0, 3.45%, 0, 0, 47, 706.23
1567502335, 5797, 755, 756, 1, 0, 3.45%, 0, 0, 47, 693.62
1567502340, 5806, 718, 756, 0, 0, 3.45%, 0, 0, 47, 560.36
1567502345, 5817, 68, 756, 0, 0, 3.45%, 0, 0, 47, 527.06
1567502350, 5827, 21, 756, 0, 0, 3.45%, 0, 0, 47, 542.49
1567502355, 5836, 737, 756, 0, 0, 3.45%, 0, 0, 47, 550.07
1567502360, 5843, 756, 757, 1, 0, 3.45%, 0, 0, 47, 673.60
1567502365, 5851, 50, 758, 0, 0, 3.45%, 0, 0, 47, 589.93
1567502370, 5860, 329, 758, 0, 0, 3.45%, 0, 0, 47, 540.06
1567502375, 5869, 218, 758, 0, 0, 3.45%, 0, 0, 47, 514.58
1567502380, 5877, 758, 759, 1, 1, 3.45%, 0, 0, 47, 521.47
1567502385, 5886, 556, 759, 0, 0, 3.45%, 0, 0, 47, 553.09
1567502391, 5895, 759, 761, 1, 0, 3.45%, 0, 0, 47, 554.72
1567502396, 5905, 145, 761, 0, 0, 3.45%, 0, 0, 47, 518.37
1567502401, 5914, 116, 761, 0, 0, 3.45%, 0, 0, 47, 514.36
1567502406, 5922, 761, 762, 1, 1, 3.59%, 0, 0, 47, 666.09
1567502411, 5931, 284, 764, 0, 0, 3.66%, 0, 0, 47, 690.97
1567502416, 5939, 630, 766, 0, 0, 3.66%, 0, 0, 47, 678.37
1567502421, 5948, 487, 767, 0, 0, 3.66%, 0, 0, 47, 569.10
1567502426, 5955, 771, 773, 2, 0, 3.75%, 0, 0, 47, 757.01
1567502432, 5962, 605, 779, 1, 0, 3.78%, 0, 0, 47, 210.47
1567502437, 5969, 474, 783, 0, 0, 3.78%, 0, 0, 47, 973.30
1567502442, 5977, 788, 789, 1, 1, 3.79%, 0, 0, 47, 867.98
1567502447, 5986, 309, 792, 0, 0, 3.79%, 0, 0, 48, 765.16
1567502452, 5994, 492, 795, 1, 0, 3.79%, 0, 0, 48, 651.71
1567502457, 6004, 26, 796, 0, 0, 3.79%, 0, 0, 48, 608.75
1567502462, 6011, 302, 802, 1, 0, 3.82%, 0, 0, 49, 828.84
1567502467, 6020, 436, 803, 0, 0, 3.85%, 0, 0, 49, 656.16
1567502473, 6027, 805, 810, 1, 0, 3.88%, 0, 0, 50, 761.06
1567502478, 6035, 503, 813, 0, 0, 3.89%, 0, 0, 51, 728.95
1567502483, 6041, 312, 819, 0, 0, 3.98%, 0, 0, 51, 970.78
1567502488, 6047, 825, 827, 2, 1, 4.03%, 0, 0, 53, 936.00
1567502493, 6055, 104, 834, 4, 0, 4.03%, 0, 0, 54, 784.39
1567502498, 6061, 836, 838, 2, 0, 4.06%, 0, 0, 54, 830.61
1567502503, 6068, 58, 845, 3, 0, 4.09%, 0, 0, 54, 917.99
1567502508, 6074, 190, 850, 2, 0, 4.11%, 0, 0, 54, 1028.57
1567502514, 6079, 227, 855, 0, 0, 4.14%, 0, 0, 55, 1057.90
1567502519, 6086, 558, 858, 0, 0, 4.15%, 0, 0, 55, 826.19
1567502524, 6091, 862, 869, 5, 0, 4.17%, 0, 0, 55, 1007.33
1567502529, 6096, 859, 872, 2, 0, 4.18%, 0, 0, 55, 986.52
1567502534, 6103, 438, 878, 3, 0, 4.19%, 0, 0, 56, 845.22
1567502539, 6109, 594, 882, 1, 0, 4.25%, 0, 0, 56, 880.26
1567502544, 6116, 271, 889, 3, 0, 4.25%, 0, 0, 57, 871.66
1567502549, 6119, 881, 892, 1, 0, 4.25%, 0, 0, 57, 979.40
1567502555, 6124, 896, 897, 2, 1, 4.26%, 0, 0, 57, 980.80
1567502560, 6131, 706, 900, 2, 0, 4.26%, 0, 0, 58, 763.16
1567502565, 6138, 132, 903, 1, 0, 4.27%, 0, 0, 58, 783.23
1567502570, 6145, 104, 903, 0, 0, 4.27%, 0, 0, 58, 668.92
1567502575, 6153, 670, 903, 0, 0, 4.27%, 0, 0, 58, 575.65
1567502580, 6162, 341, 904, 0, 0, 4.27%, 0, 0, 58, 573.16
1567502585, 6169, 722, 905, 0, 0, 4.27%, 0, 0, 58, 666.00
1567502590, 6177, 190, 907, 0, 0, 4.27%, 0, 0, 58, 696.18
1567502595, 6184, 222, 912, 2, 0, 4.27%, 0, 0, 58, 804.33
1567502601, 6190, 340, 912, 0, 0, 4.27%, 0, 0, 58, 731.17
1567502606, 6198, 353, 912, 0, 0, 4.27%, 0, 0, 58, 565.66
1567502611, 6205, 866, 915, 1, 0, 4.27%, 0, 0, 58, 670.36
1567502616, 6214, 216, 916, 2, 0, 4.27%, 0, 0, 58, 582.63
1567502621, 6220, 915, 916, 1, 0, 4.27%, 0, 0, 58, 663.79
1567502626, 6228, 367, 916, 0, 0, 4.27%, 0, 0, 58, 613.77
1567502631, 6236, 364, 917, 0, 0, 4.28%, 0, 0, 58, 542.46
1567502636, 6244, 74, 917, 0, 0, 4.28%, 0, 0, 58, 514.39
1567502641, 6250, 553, 918, 0, 0, 4.28%, 0, 0, 58, 692.11
1567502646, 6255, 922, 923, 1, 1, 4.28%, 0, 0, 58, 826.09
1567502652, 6263, 116, 925, 0, 0, 4.29%, 0, 0, 59, 678.15
1567502657, 6270, 487, 928, 2, 0, 4.29%, 0, 0, 60, 569.15
1567502662, 6275, 930, 931, 2, 1, 4.29%, 0, 0, 60, 790.70
1567502667, 6280, 276, 933, 0, 0, 4.30%, 0, 0, 60, 872.38
1567502672, 6287, 536, 936, 1, 0, 4.30%, 0, 0, 60, 690.36
1567502677, 6293, 284, 938, 0, 0, 4.30%, 0, 0, 60, 746.54
1567502682, 6301, 399, 939, 1, 0, 4.30%, 0, 0, 61, 570.00
1567502687, 6308, 941, 942, 1, 1, 4.32%, 0, 0, 61, 655.88
1567502692, 6316, 879, 943, 1, 0, 4.32%, 0, 0, 61, 537.13
1567502698, 6324, 63, 943, 0, 0, 4.32%, 0, 0, 61, 650.00
1567502703, 6330, 227, 945, 0, 0, 4.32%, 0, 0, 61, 738.53
1567502708, 6337, 946, 947, 2, 1, 4.33%, 0, 0, 61, 593.42
1567502713, 6344, 258, 949, 0, 0, 4.34%, 0, 0, 61, 736.96
1567502718, 6351, 375, 950, 0, 0, 4.34%, 0, 0, 61, 641.82
1567502723, 6357, 769, 951, 0, 0, 4.34%, 0, 0, 61, 700.26
1567502728, 6365, 69, 954, 0, 0, 4.35%, 0, 0, 62, 634.76
1567502733, 6372, 748, 956, 1, 0, 4.35%, 0, 0, 62, 575.27
1567502738, 6379, 957, 959, 4, 0, 4.35%, 0, 0, 62, 736.85
1567502743, 6384, 601, 959, 1, 0, 4.35%, 0, 0, 62, 773.79
1567502748, 6389, 900, 962, 0, 0, 4.35%, 0, 0, 62, 926.68
1567502754, 6397, 393, 965, 0, 0, 4.37%, 0, 0, 62, 722.28
1567502759, 6404, 745, 969, 1, 0, 4.37%, 0, 0, 62, 708.82
1567502764, 6409, 431, 970, 0, 0, 4.37%, 0, 0, 62, 669.81
1567502769, 6417, 156, 972, 1, 0, 4.37%, 0, 0, 62, 598.12
1567502774, 6423, 664, 975, 0, 0, 4.37%, 0, 0, 62, 685.11
1567502779, 6428, 978, 979, 1, 0, 4.38%, 0, 0, 62, 739.86
1567502784, 6435, 670, 981, 0, 0, 4.38%, 0, 0, 62, 654.13
1567502789, 6442, 0, 984, 0, 0, 4.38%, 0, 0, 62, 743.80
1567502795, 6448, 986, 987, 2, 1, 4.41%, 0, 0, 62, 688.90
1567502800, 6454, 540, 991, 0, 0, 4.41%, 0, 0, 62, 788.63
1567502805, 6461, 649, 994, 2, 0, 4.43%, 0, 0, 62, 569.91
1567502810, 6466, 401, 1000, 1, 0, 4.43%, 0, 0, 62, 923.70
1567502815, 6471, 351, 1003, 0, 0, 4.43%, 0, 0, 62, 927.56
1567502820, 6476, 227, 1009, 1, 0, 4.44%, 0, 0, 62, 933.13
1567502825, 6481, 179, 1014, 2, 0, 4.44%, 0, 0, 62, 872.57
1567502830, 6486, 52, 1016, 0, 0, 4.44%, 0, 0, 62, 937.75
1567502835, 6492, 405, 1019, 0, 0, 4.45%, 0, 0, 62, 702.41
1567502841, 6498, 381, 1024, 1, 0, 4.45%, 0, 0, 62, 779.18
1567502846, 6504, 368, 1031, 5, 0, 4.45%, 0, 0, 63, 683.51
1567502851, 6509, 100, 1035, 4, 0, 4.45%, 0, 0, 63, 907.27
1567502856, 6513, 1032, 1038, 2, 0, 4.45%, 0, 0, 63, 233.94
1567502861, 6518, 855, 1041, 2, 0, 4.45%, 0, 0, 63, 998.86
1567502866, 6522, 649, 1046, 2, 0, 4.46%, 0, 0, 63, 1026.43
1567502871, 6524, 1048, 1051, 3, 0, 4.47%, 0, 0, 63, 1196.86
1567502876, 6530, 672, 1056, 3, 0, 4.48%, 0, 0, 63, 963.11
1567502881, 6535, 227, 1059, 1, 0, 4.48%, 0, 0, 65, 949.52
1567502886, 6541, 838, 1066, 3, 0, 4.49%, 0, 0, 65, 766.41
1567502891, 6546, 1072, 1073, 5, 0, 4.53%, 0, 0, 66, 890.78
1567502897, 6551, 396, 1076, 2, 0, 4.55%, 0, 0, 66, 921.38
1567502902, 6555, 309, 1081, 2, 0, 4.55%, 0, 0, 68, 154.23
1567502907, 6559, 1081, 1083, 2, 0, 4.55%, 0, 0, 68, 986.44
1567502912, 6564, 1074, 1089, 4, 0, 4.55%, 0, 0, 68, 817.26
1567502917, 6568, 1091, 1092, 3, 0, 4.55%, 0, 0, 68, 964.46
1567502922, 6572, 57, 1093, 1, 0, 4.55%, 0, 0, 68, 869.94
1567502927, 6578, 1057, 1099, 3, 0, 4.55%, 0, 0, 68, 707.72
1567502933, 6582, 310, 1102, 1, 0, 4.55%, 0, 0, 68, 991.45
1567502938, 6587, 1107, 1108, 2, 1, 4.56%, 0, 0, 68, 1232.88
1567502943, 6592, 1111, 1112, 3, 1, 4.56%, 0, 0, 68, 345.42
1567502948, 6599, 166, 1115, 0, 0, 4.57%, 0, 0, 68, 671.42
1567502953, 6603, 1122, 1123, 5, 1, 4.57%, 0, 0, 68, 799.40
1567502958, 6609, 53, 1126, 3, 0, 4.57%, 0, 0, 69, 786.41
1567502963, 6613, 1130, 1132, 6, 0, 4.58%, 0, 0, 69, 739.93
1567502969, 6616, 1120, 1134, 3, 0, 4.58%, 0, 0, 69, 927.16
1567502974, 6620, 880, 1138, 2, 0, 4.58%, 0, 0, 69, 258.60
1567502979, 6625, 1136, 1142, 3, 0, 4.59%, 0, 0, 69, 705.08
1567502984, 6631, 624, 1145, 1, 0, 4.61%, 0, 0, 69, 760.98
1567502989, 6638, 491, 1145, 0, 0, 4.61%, 0, 0, 69, 547.43
1567502994, 6645, 583, 1147, 1, 0, 4.61%, 0, 0, 69, 532.04
1567503000, 6651, 948, 1150, 0, 0, 4.62%, 0, 0, 69, 609.54
1567503005, 6658, 0, 1152, 0, 0, 4.62%, 0, 0, 69, 645.48
1567503010, 6662, 678, 1158, 1, 0, 4.64%, 0, 0, 69, 834.90
1567503015, 6667, 1153, 1163, 3, 0, 4.64%, 0, 0, 69, 837.54
1567503020, 6672, 221, 1165, 2, 0, 4.64%, 0, 0, 69, 795.32
1567503025, 6678, 396, 1166, 1, 0, 4.64%, 0, 0, 70, 754.25
1567503030, 6685, 0, 1167, 0, 0, 4.64%, 0, 0, 70, 728.89
1567503035, 6690, 59, 1168, 0, 0, 4.64%, 0, 0, 70, 726.04
1567503040, 6695, 1034, 1170, 1, 0, 4.64%, 0, 0, 70, 615.03
1567503046, 6701, 342, 1170, 0, 0, 4.64%, 0, 0, 70, 684.55
1567503051, 6707, 587, 1171, 0, 0, 4.64%, 0, 0, 70, 629.83
1567503056, 6713, 244, 1172, 0, 0, 4.64%, 0, 0, 70, 693.37
1567503061, 6720, 76, 1174, 1, 0, 4.65%, 0, 0, 70, 623.68
1567503066, 6726, 507, 1174, 0, 0, 4.65%, 0, 0, 70, 572.59
1567503071, 6731, 1175, 1176, 1, 0, 4.65%, 0, 0, 70, 794.38
1567503076, 6737, 936, 1178, 0, 0, 4.65%, 0, 0, 70, 606.75
1567503081, 6743, 1063, 1179, 0, 0, 4.65%, 0, 0, 70, 659.88
1567503086, 6751, 213, 1181, 0, 0, 4.66%, 0, 0, 70, 554.39
1567503091, 6758, 14, 1182, 1, 0, 4.66%, 0, 0, 70, 512.77
1567503097, 6763, 454, 1182, 0, 0, 4.66%, 0, 0, 70, 602.47
1567503102, 6769, 1031, 1184, 0, 0, 4.66%, 0, 0, 70, 625.91
1567503107, 6776, 748, 1187, 2, 0, 4.67%, 0, 0, 70, 574.08
1567503112, 6784, 10, 1189, 2, 0, 4.67%, 0, 0, 70, 607.52
1567503117, 6790, 1187, 1190, 1, 0, 4.67%, 0, 0, 70, 672.37
1567503122, 6795, 72, 1194, 2, 0, 4.67%, 0, 0, 70, 819.48
1567503127, 6801, 259, 1194, 0, 0, 4.67%, 0, 0, 70, 766.56
1567503132, 6808, 638, 1195, 1, 0, 4.67%, 0, 0, 70, 596.39
1567503137, 6815, 270, 1196, 1, 0, 4.67%, 0, 0, 70, 590.19
1567503143, 6819, 1196, 1200, 2, 0, 4.68%, 0, 0, 70, 813.30
1567503148, 6825, 157, 1202, 0, 0, 4.68%, 0, 0, 70, 753.35
1567503153, 6831, 394, 1203, 0, 0, 4.68%, 0, 0, 70, 609.00
1567503158, 6837, 1204, 1205, 1, 1, 4.69%, 0, 0, 70, 679.03
1567503163, 6845, 168, 1205, 0, 0, 4.69%, 0, 0, 70, 567.68
1567503168, 6852, 394, 1207, 1, 0, 4.69%, 0, 0, 70, 571.14
1567503173, 6858, 450, 1207, 0, 0, 4.69%, 0, 0, 70, 579.84
1567503178, 6865, 19, 1208, 0, 0, 4.69%, 0, 0, 70, 589.28
1567503183, 6871, 1174, 1209, 1, 0, 4.69%, 0, 0, 70, 512.31
1567503189, 6875, 1210, 1211, 1, 0, 4.69%, 0, 0, 70, 893.55
1567503194, 6882, 484, 1211, 0, 0, 4.69%, 0, 0, 70, 577.15
1567503199, 6888, 92, 1212, 0, 0, 4.69%, 0, 0, 70, 616.08
1567503204, 6893, 1026, 1213, 0, 0, 4.69%, 0, 0, 70, 718.01
1567503209, 6900, 760, 1215, 1, 0, 4.69%, 0, 0, 70, 680.90
1567503214, 6908, 128, 1215, 0, 0, 4.69%, 0, 0, 70, 567.29
1567503219, 6915, 395, 1216, 0, 0, 4.69%, 0, 0, 70, 545.82
1567503224, 6921, 70, 1219, 0, 0, 4.69%, 0, 0, 70, 784.24
1567503230, 6927, 807, 1223, 2, 0, 4.69%, 0, 0, 70, 626.05
1567503235, 6934, 536, 1223, 0, 0, 4.69%, 0, 0, 70, 544.16
1567503240, 6940, 427, 1224, 0, 0, 4.69%, 0, 0, 70, 662.37
1567503245, 6945, 1228, 1229, 1, 1, 4.71%, 0, 0, 70, 804.55
1567503250, 6951, 38, 1231, 0, 0, 4.71%, 0, 0, 70, 761.96
1567503255, 6958, 38, 1232, 1, 0, 4.71%, 0, 0, 70, 558.04
1567503260, 6963, 104, 1235, 1, 0, 4.71%, 0, 0, 70, 817.31
1567503265, 6968, 869, 1239, 1, 0, 4.71%, 0, 0, 70, 748.34
1567503271, 6973, 503, 1240, 0, 0, 4.71%, 0, 0, 70, 751.83
1567503276, 6980, 1199, 1242, 2, 0, 4.71%, 0, 0, 70, 578.40
1567503281, 6986, 389, 1246, 3, 0, 4.72%, 0, 0, 70, 675.62
1567503286, 6989, 1116, 1250, 4, 0, 4.72%, 0, 0, 70, 784.27
1567503291, 6995, 514, 1256, 4, 0, 4.72%, 0, 0, 70, 813.04
1567503296, 6999, 1132, 1259, 1, 0, 4.72%, 0, 0, 71, 841.64
1567503301, 7007, 34, 1261, 0, 0, 4.73%, 0, 0, 71, 677.04
1567503306, 7012, 1264, 1265, 2, 1, 4.74%, 0, 0, 71, 792.37
1567503311, 7017, 1145, 1266, 1, 0, 4.74%, 0, 0, 72, 660.61
1567503316, 7022, 304, 1269, 2, 0, 4.74%, 0, 0, 72, 732.87
1567503322, 7028, 436, 1274, 2, 0, 4.76%, 0, 0, 72, 666.80
1567503327, 7032, 908, 1278, 2, 0, 4.79%, 0, 0, 72, 728.71
1567503332, 7038, 437, 1279, 0, 0, 4.80%, 0, 0, 72, 713.68
1567503337, 7045, 347, 1280, 0, 0, 4.81%, 0, 0, 73, 539.35
1567503342, 7050, 189, 1286, 3, 0, 4.82%, 0, 0, 73, 796.14
1567503347, 7054, 1284, 1289, 3, 0, 4.82%, 0, 0, 73, 931.20
1567503352, 7060, 803, 1292, 1, 0, 4.82%, 0, 0, 73, 718.94
1567503358, 7065, 229, 1295, 1, 0, 4.83%, 0, 0, 73, 802.00
1567503363, 7069, 1299, 1300, 2, 0, 4.83%, 0, 0, 73, 897.32
1567503368, 7077, 111, 1303, 4, 0, 4.83%, 0, 0, 73, 644.98
1567503373, 7082, 1242, 1306, 3, 0, 4.83%, 0, 0, 74, 677.92
1567503378, 7088, 1305, 1308, 2, 0, 4.83%, 0, 0, 74, 813.79
1567503383, 7095, 1311, 1313, 4, 0, 4.84%, 0, 0, 74, 687.49
1567503388, 7101, 659, 1316, 2, 0, 4.84%, 0, 0, 74, 725.92
1567503393, 7104, 393, 1317, 0, 0, 4.84%, 0, 0, 74, 882.10
1567503399, 7110, 767, 1319, 0, 0, 4.84%, 0, 0, 74, 748.56
1567503404, 7116, 1323, 1324, 3, 1, 4.85%, 0, 0, 74, 651.95
1567503409, 7121, 1320, 1327, 2, 0, 4.85%, 0, 0, 74, 842.87
1567503414, 7126, 414, 1329, 0, 0, 4.85%, 0, 0, 74, 791.10
1567503419, 7131, 1330, 1332, 2, 0, 4.85%, 0, 0, 74, 693.69
1567503424, 7135, 1334, 1336, 3, 0, 4.85%, 0, 0, 74, 932.10
1567503429, 7141, 1114, 1338, 0, 0, 4.85%, 0, 0, 74, 685.63
1567503435, 7148, 645, 1342, 2, 0, 4.85%, 0, 0, 74, 559.34
1567503440, 7153, 383, 1346, 1, 0, 4.85%, 0, 0, 74, 1069.92
1567503445, 7160, 1130, 1347, 0, 0, 4.85%, 0, 0, 74, 714.66
1567503450, 7167, 1341, 1349, 1, 0, 4.86%, 0, 0, 74, 561.33
1567503455, 7173, 1351, 1352, 1, 0, 4.86%, 0, 0, 74, 660.48
1567503460, 7178, 1353, 1354, 1, 0, 4.86%, 0, 0, 74, 786.53
1567503465, 7185, 428, 1355, 0, 0, 4.86%, 0, 0, 74, 599.68
1567503470, 7191, 856, 1360, 1, 0, 4.87%, 0, 0, 75, 648.16
1567503476, 7194, 1360, 1362, 2, 0, 4.87%, 0, 0, 76, 720.47
1567503481, 7201, 382, 1363, 1, 0, 4.87%, 0, 0, 76, 334.77
1567503486, 7206, 1364, 1365, 1, 1, 4.87%, 0, 0, 77, 569.57
1567503491, 7212, 807, 1369, 0, 0, 4.87%, 0, 0, 77, 698.62
1567503496, 7219, 445, 1370, 0, 0, 4.87%, 0, 0, 77, 527.12
1567503501, 7225, 1372, 1373, 1, 1, 4.87%, 0, 0, 78, 599.33
1567503506, 7229, 475, 1374, 0, 0, 4.87%, 0, 0, 78, 556.76
1567503511, 7234, 416, 1378, 2, 0, 4.87%, 0, 0, 79, 754.09
1567503516, 7240, 1278, 1381, 3, 0, 4.87%, 0, 0, 79, 564.25
1567503521, 7245, 397, 1382, 1, 0, 4.87%, 0, 0, 79, 660.42
1567503526, 7250, 1383, 1384, 1, 0, 4.87%, 0, 0, 79, 664.89
1567503532, 7256, 1098, 1384, 0, 0, 4.87%, 0, 0, 79, 539.20
1567503537, 7262, 436, 1384, 0, 0, 4.87%, 0, 0, 79, 503.07
1567503542, 7268, 760, 1384, 0, 0, 4.87%, 0, 0, 79, 498.60
1567503547, 7275, 14, 1385, 1, 0, 4.87%, 0, 0, 79, 501.20
1567503552, 7280, 454, 1386, 1, 0, 4.87%, 0, 0, 79, 567.52
1567503557, 7284, 1387, 1388, 1, 0, 4.87%, 0, 0, 79, 814.04
1567503562, 7288, 1388, 1390, 1, 0, 4.87%, 0, 0, 79, 739.89
1567503567, 7294, 52, 1391, 0, 0, 4.87%, 0, 0, 79, 674.36
1567503573, 7299, 53, 1392, 0, 0, 4.87%, 0, 0, 79, 602.81
1567503578, 7305, 272, 1393, 1, 0, 4.87%, 0, 0, 79, 519.63
1567503583, 7309, 1395, 1396, 3, 0, 4.87%, 0, 0, 79, 795.58
1567503588, 7313, 176, 1396, 1, 0, 4.87%, 0, 0, 79, 600.53
1567503593, 7319, 328, 1396, 0, 0, 4.87%, 0, 0, 79, 546.65
1567503598, 7325, 386, 1396, 0, 0, 4.87%, 0, 0, 79, 505.46
1567503603, 7330, 340, 1398, 1, 0, 4.87%, 0, 0, 79, 634.56
1567503608, 7336, 367, 1399, 0, 0, 4.87%, 0, 0, 79, 573.47
1567503613, 7342, 1371, 1400, 1, 0, 4.87%, 0, 0, 79, 521.66
1567503618, 7349, 69, 1402, 0, 0, 4.90%, 0, 0, 79, 529.41
1567503624, 7355, 10, 1402, 0, 0, 4.90%, 0, 0, 79, 474.93
1567503629, 7361, 103, 1407, 1, 0, 4.91%, 0, 0, 79, 546.06
1567503634, 7367, 347, 1407, 1, 0, 4.91%, 0, 0, 79, 506.43
1567503639, 7372, 1408, 1411, 3, 0, 4.92%, 0, 0, 79, 659.30
1567503644, 7377, 1412, 1413, 2, 0, 4.92%, 0, 0, 79, 618.51
1567503649, 7383, 40, 1414, 1, 0, 4.92%, 0, 0, 79, 531.97
1567503654, 7387, 1416, 1418, 3, 0, 4.92%, 0, 0, 79, 775.43
1567503659, 7393, 222, 1419, 0, 0, 4.92%, 0, 0, 79, 679.99
1567503664, 7399, 259, 1420, 0, 0, 4.92%, 0, 0, 79, 518.72
1567503669, 7404, 455, 1422, 0, 0, 4.92%, 0, 0, 79, 720.25
1567503675, 7410, 1139, 1423, 1, 0, 4.92%, 0, 0, 79, 528.34
1567503680, 7416, 1423, 1424, 1, 0, 4.92%, 0, 0, 79, 517.68
1567503685, 7421, 1005, 1424, 0, 0, 4.92%, 0, 0, 79, 516.10
1567503690, 7427, 536, 1426, 0, 0, 4.93%, 0, 0, 79, 590.16
1567503695, 7433, 1191, 1427, 1, 0, 4.93%, 0, 0, 79, 502.47
1567503700, 7440, 179, 1428, 0, 0, 4.93%, 0, 0, 79, 504.77
1567503705, 7446, 883, 1428, 0, 0, 4.93%, 0, 0, 79, 484.94
1567503710, 7453, 0, 1429, 1, 0, 4.93%, 0, 0, 79, 470.44
1567503715, 7459, 6, 1430, 1, 0, 4.93%, 0, 0, 79, 614.59
1567503720, 7464, 1420, 1432, 1, 0, 4.93%, 0, 0, 79, 603.82
1567503725, 7469, 217, 1435, 2, 0, 4.93%, 0, 0, 79, 727.71
1567503731, 7474, 491, 1436, 1, 0, 4.93%, 0, 0, 79, 761.97
1567503736, 7479, 1278, 1437, 0, 0, 4.93%, 0, 0, 79, 665.70
1567503741, 7486, 558, 1437, 0, 0, 4.93%, 0, 0, 79, 536.31
1567503746, 7492, 156, 1438, 0, 0, 4.93%, 0, 0, 79, 676.87
1567503751, 7498, 912, 1440, 1, 0, 4.93%, 0, 0, 79, 696.11
1567503756, 7504, 953, 1442, 1, 0, 4.93%, 0, 0, 79, 742.84
1567503761, 7510, 916, 1444, 1, 0, 4.93%, 0, 0, 79, 795.28
1567503766, 7517, 580, 1446, 1, 0, 4.93%, 0, 0, 79, 579.24
1567503772, 7524, 620, 1446, 0, 0, 4.93%, 0, 0, 79, 572.39
1567503777, 7532, 14, 1447, 0, 0, 4.95%, 0, 0, 79, 556.27
1567503782, 7538, 1174, 1448, 1, 0, 4.95%, 0, 0, 79, 494.06
1567503787, 7544, 350, 1449, 0, 0, 4.95%, 0, 0, 79, 602.01
1567503792, 7551, 403, 1449, 0, 0, 4.95%, 0, 0, 79, 546.70
1567503797, 7558, 335, 1453, 3, 0, 4.95%, 0, 0, 79, 547.77
1567503802, 7562, 261, 1454, 1, 0, 4.95%, 0, 0, 79, 754.98
1567503807, 7567, 1306, 1457, 1, 0, 4.95%, 0, 0, 80, 725.64
1567503813, 7574, 630, 1457, 0, 0, 4.95%, 0, 0, 80, 572.11
1567503818, 7581, 135, 1459, 0, 0, 4.95%, 0, 0, 80, 528.27
1567503823, 7587, 540, 1461, 0, 0, 4.95%, 0, 0, 80, 566.18
1567503828, 7594, 229, 1465, 1, 0, 4.96%, 0, 0, 80, 541.48
1567503833, 7599, 855, 1466, 1, 0, 4.96%, 0, 0, 80, 619.03
1567503838, 7604, 1465, 1469, 1, 0, 4.96%, 0, 0, 81, 760.14
1567503843, 7609, 1474, 1475, 5, 0, 4.96%, 0, 0, 81, 789.92
1567503848, 7613, 1472, 1475, 1, 0, 4.96%, 0, 0, 81, 918.81
1567503853, 7619, 159, 1477, 1, 0, 4.96%, 0, 0, 81, 280.25
1567503858, 7625, 807, 1477, 0, 0, 4.96%, 0, 0, 81, 531.66
1567503863, 7630, 411, 1480, 1, 0, 4.97%, 0, 0, 81, 752.73
1567503869, 7636, 158, 1482, 0, 0, 4.97%, 0, 0, 81, 745.73
1567503874, 7640, 1482, 1483, 1, 0, 4.97%, 0, 1, 81, 497.31
1567503879, 7645, 1015, 1485, 1, 0, 4.97%, 0, 1, 81, 592.46
1567503884, 7651, 1348, 1486, 0, 0, 4.97%, 0, 1, 81, 610.66
1567503889, 7658, 948, 1489, 2, 0, 4.97%, 0, 1, 81, 559.46
1567503894, 7663, 1492, 1493, 4, 0, 4.97%, 0, 1, 81, 723.18
1567503899, 7668, 1444, 1495, 1, 0, 4.97%, 0, 1, 81, 794.04
1567503904, 7675, 1337, 1498, 4, 0, 4.97%, 0, 1, 81, 594.28
1567503910, 7681, 513, 1500, 2, 0, 4.97%, 0, 1, 81, 751.78
1567503915, 7688, 145, 1500, 1, 0, 4.97%, 0, 1, 81, 695.64
1567503920, 7694, 867, 1501, 1, 0, 4.97%, 0, 1, 81, 565.16
1567503925, 7700, 561, 1504, 1, 0, 4.97%, 0, 1, 81, 633.11
1567503930, 7706, 1507, 1508, 4, 0, 4.97%, 0, 1, 81, 689.13
1567503935, 7712, 192, 1509, 1, 0, 4.97%, 0, 1, 81, 745.96
1567503940, 7718, 83, 1511, 1, 0, 4.97%, 0, 1, 81, 695.29
1567503945, 7724, 391, 1513, 1, 0, 5.03%, 0, 1, 81, 584.58
1567503950, 7730, 1515, 1516, 4, 1, 5.03%, 0, 1, 81, 579.39
1567503955, 7736, 382, 1519, 2, 0, 5.03%, 0, 1, 81, 620.87
1567503961, 7741, 52, 1521, 1, 0, 5.03%, 0, 1, 81, 776.71
1567503966, 7747, 436, 1522, 1, 0, 5.03%, 0, 1, 82, 582.37
1567503971, 7753, 1469, 1523, 0, 0, 5.03%, 0, 1, 82, 570.58
1567503976, 7760, 484, 1525, 2, 0, 5.03%, 0, 1, 82, 521.13
1567503981, 7765, 1521, 1525, 0, 0, 5.03%, 0, 1, 82, 590.94
1567503986, 7772, 1348, 1526, 1, 0, 5.03%, 0, 1, 82, 521.38
1567503991, 7779, 63, 1528, 0, 0, 5.03%, 0, 1, 82, 683.88
1567503996, 7785, 227, 1533, 2, 0, 5.04%, 0, 1, 82, 641.67
1567504001, 7791, 160, 1535, 2, 0, 5.04%, 0, 1, 82, 634.03
1567504006, 7796, 1026, 1537, 0, 0, 5.05%, 0, 1, 82, 669.52
1567504012, 7803, 171, 1539, 0, 0, 5.06%, 0, 1, 82, 605.79
1567504017, 7809, 1191, 1539, 0, 0, 5.06%, 0, 1, 82, 504.46
1567504022, 7815, 1425, 1540, 0, 0, 5.06%, 0, 1, 82, 567.02
1567504027, 7822, 145, 1542, 1, 0, 5.06%, 0, 1, 83, 617.71
1567504032, 7828, 1000, 1545, 2, 0, 5.06%, 0, 1, 83, 573.53
1567504037, 7834, 0, 1547, 1, 0, 5.06%, 0, 1, 83, 709.86
1567504042, 7841, 53, 1548, 1, 0, 5.06%, 0, 1, 83, 554.43
1567504047, 7847, 1117, 1551, 4, 0, 5.06%, 0, 1, 83, 499.09
1567504053, 7852, 560, 1553, 0, 0, 5.06%, 0, 1, 83, 793.26
1567504058, 7857, 869, 1555, 0, 0, 5.06%, 0, 1, 83, 740.23
1567504063, 7864, 682, 1557, 2, 0, 5.06%, 0, 1, 83, 550.52
1567504068, 7870, 1348, 1557, 0, 0, 5.06%, 0, 1, 83, 557.89
1567504073, 7877, 637, 1559, 0, 0, 5.06%, 0, 1, 83, 538.32
1567504078, 7883, 973, 1562, 0, 0, 5.06%, 0, 1, 83, 588.69
1567504083, 7889, 1543, 1564, 1, 0, 5.06%, 0, 1, 83, 558.07
1567504088, 7894, 401, 1565, 0, 0, 5.06%, 0, 1, 83, 580.77
1567504094, 7899, 1522, 1569, 0, 0, 5.07%, 0, 1, 83, 713.67
1567504099, 7906, 1292, 1569, 0, 0, 5.07%, 0, 1, 83, 541.33
1567504104, 7912, 403, 1575, 1, 0, 5.07%, 0, 1, 83, 712.32
1567504109, 7916, 266, 1577, 0, 0, 5.07%, 0, 1, 83, 810.31
1567504114, 7920, 1577, 1578, 1, 0, 5.07%, 0, 1, 83, 782.20
1567504119, 7925, 445, 1580, 0, 0, 5.07%, 0, 1, 83, 802.61
1567504124, 7931, 95, 1582, 1, 0, 5.07%, 0, 1, 83, 723.18
1567504130, 7936, 310, 1583, 0, 0, 5.07%, 0, 1, 83, 652.00
1567504135, 7942, 309, 1584, 0, 0, 5.07%, 0, 1, 83, 600.28
1567504140, 7947, 1585, 1586, 1, 0, 5.07%, 0, 1, 83, 662.31
1567504145, 7953, 558, 1586, 0, 0, 5.07%, 0, 1, 83, 583.86
1567504150, 7959, 1586, 1587, 1, 0, 5.07%, 0, 1, 83, 619.96
1567504155, 7964, 455, 1587, 0, 0, 5.07%, 0, 1, 83, 606.03
1567504160, 7968, 363, 1591, 0, 0, 5.07%, 0, 1, 83, 757.81
1567504165, 7975, 50, 1593, 0, 0, 5.08%, 0, 1, 84, 602.08
1567504170, 7980, 1259, 1594, 0, 0, 5.08%, 0, 1, 84, 593.64
1567504175, 7986, 222, 1598, 2, 0, 5.08%, 0, 1, 84, 692.92
1567504181, 7991, 1227, 1599, 1, 0, 5.08%, 0, 1, 84, 627.77
1567504186, 7997, 1548, 1599, 1, 0, 5.08%, 0, 1, 84, 534.92
1567504191, 8004, 54, 1599, 1, 0, 5.08%, 0, 1, 84, 509.14
1567504196, 8009, 56, 1599, 0, 0, 5.08%, 0, 1, 84, 597.87
1567504201, 8015, 371, 1600, 0, 0, 5.08%, 0, 1, 84, 549.86
1567504206, 8021, 1600, 1601, 1, 0, 5.08%, 0, 1, 84, 546.87
1567504211, 8027, 166, 1602, 0, 0, 5.08%, 0, 1, 84, 612.12
1567504216, 8033, 159, 1603, 0, 0, 5.08%, 0, 1, 84, 540.72
1567504221, 8038, 398, 1604, 0, 0, 5.08%, 0, 1, 84, 604.17
1567504226, 8045, 43, 1604, 0, 0, 5.08%, 0, 1, 84, 551.72
1567504232, 8051, 351, 1604, 0, 0, 5.08%, 0, 1, 84, 547.48
1567504237, 8058, 65, 1604, 0, 0, 5.08%, 0, 1, 84, 551.70
1567504242, 8064, 27, 1604, 0, 0, 5.08%, 0, 1, 84, 500.10
1567504247, 8070, 97, 1606, 2, 0, 5.08%, 0, 1, 84, 499.80
1567504252, 8075, 962, 1606, 1, 0, 5.08%, 0, 1, 84, 584.50
1567504257, 8081, 57, 1607, 0, 0, 5.08%, 0, 1, 84, 604.57
1567504262, 8087, 372, 1607, 0, 0, 5.08%, 0, 1, 84, 530.63
1567504268, 8093, 536, 1608, 1, 0, 5.08%, 0, 1, 84, 509.26
1567504273, 8099, 351, 1608, 0, 0, 5.08%, 0, 1, 84, 566.17
1567504278, 8104, 244, 1610, 1, 0, 5.08%, 0, 1, 84, 735.37
1567504283, 8110, 301, 1610, 1, 0, 5.08%, 0, 1, 84, 544.25
1567504288, 8116, 221, 1610, 0, 0, 5.08%, 0, 1, 84, 540.69
1567504293, 8122, 243, 1611, 1, 0, 5.08%, 0, 1, 84, 496.62
1567504298, 8128, 27, 1612, 1, 0, 5.08%, 0, 1, 84, 500.21
1567504303, 8133, 1536, 1612, 1, 0, 5.08%, 0, 1, 84, 487.22
1567504308, 8138, 1612, 1613, 1, 0, 5.08%, 0, 1, 85, 580.66
1567504313, 8144, 324, 1614, 1, 0, 5.08%, 0, 1, 85, 551.86
1567504318, 8150, 491, 1614, 1, 0, 5.08%, 0, 1, 85, 513.62
1567504323, 8155, 1613, 1615, 2, 0, 5.08%, 0, 1, 85, 555.89
1567504329, 8161, 270, 1616, 1, 0, 5.09%, 0, 1, 85, 557.03
1567504334, 8165, 536, 1616, 0, 0, 5.09%, 0, 1, 85, 617.19
1567504339, 8170, 1199, 1617, 0, 0, 5.09%, 0, 1, 85, 630.81
1567504344, 8176, 361, 1618, 0, 0, 5.11%, 0, 1, 85, 521.69
1567504349, 8182, 359, 1619, 1, 0, 5.11%, 0, 1, 86, 490.37
1567504354, 8187, 1160, 1619, 0, 0, 5.11%, 0, 1, 86, 590.45
1567504359, 8192, 1199, 1621, 1, 0, 5.11%, 0, 1, 86, 644.75
1567504364, 8195, 1622, 1624, 3, 0, 5.11%, 0, 1, 86, 917.86
1567504369, 8201, 501, 1624, 0, 0, 5.11%, 0, 1, 86, 614.33
1567504375, 8207, 1191, 1626, 0, 0, 5.11%, 0, 1, 86, 540.41
1567504380, 8213, 1623, 1628, 1, 0, 5.11%, 0, 1, 86, 518.14
1567504385, 8219, 869, 1628, 0, 0, 5.11%, 0, 1, 86, 547.43
1567504390, 8225, 1393, 1629, 0, 0, 5.11%, 0, 1, 86, 505.78
1567504395, 8230, 97, 1630, 0, 0, 5.11%, 0, 1, 86, 510.39
1567504400, 8236, 84, 1630, 0, 0, 5.11%, 0, 1, 86, 477.15
1567504405, 8242, 87, 1630, 0, 0, 5.11%, 0, 1, 86, 471.67
1567504411, 8248, 15, 1632, 2, 0, 5.11%, 0, 1, 86, 463.94
1567504416, 8251, 1631, 1633, 1, 0, 5.11%, 0, 1, 86, 786.80
1567504421, 8258, 73, 1633, 0, 0, 5.11%, 0, 1, 86, 531.62
1567504426, 8264, 376, 1633, 0, 0, 5.11%, 0, 1, 86, 498.60
1567504431, 8270, 1240, 1634, 1, 0, 5.11%, 0, 1, 86, 479.55
1567504436, 8276, 1111, 1637, 3, 0, 5.12%, 0, 1, 86, 544.37
1567504441, 8281, 656, 1639, 3, 0, 5.12%, 0, 1, 87, 664.10
1567504446, 8286, 1054, 1639, 1, 0, 5.12%, 0, 1, 87, 629.21
1567504452, 8291, 1478, 1640, 0, 0, 5.12%, 0, 1, 87, 676.54
1567504457, 8295, 216, 1642, 0, 0, 5.12%, 0, 1, 87, 672.23
1567504462, 8300, 1359, 1644, 1, 0, 5.12%, 0, 1, 87, 617.40
1567504467, 8306, 400, 1645, 1, 0, 5.12%, 0, 1, 87, 643.54
1567504472, 8311, 981, 1645, 0, 0, 5.12%, 0, 1, 87, 565.18
1567504477, 8317, 379, 1648, 1, 0, 5.12%, 0, 1, 87, 545.83
1567504482, 8322, 1575, 1649, 0, 0, 5.12%, 0, 1, 87, 479.49
1567504487, 8329, 227, 1652, 3, 0, 5.12%, 0, 1, 87, 492.91
1567504492, 8331, 1651, 1653, 1, 0, 5.12%, 0, 1, 87, 733.04
1567504498, 8338, 47, 1654, 0, 0, 5.12%, 0, 1, 87, 541.61
1567504503, 8342, 1160, 1656, 0, 0, 5.12%, 0, 1, 87, 705.58
1567504508, 8348, 148, 1659, 1, 0, 5.12%, 0, 1, 87, 716.18
1567504513, 8353, 1113, 1659, 0, 0, 5.12%, 0, 1, 87, 612.93
1567504518, 8359, 1660, 1661, 1, 1, 5.13%, 0, 1, 87, 541.77
1567504523, 8364, 1661, 1664, 2, 0, 5.13%, 0, 1, 87, 634.13
1567504528, 8370, 234, 1664, 0, 0, 5.13%, 0, 1, 87, 610.79
1567504533, 8376, 193, 1664, 0, 0, 5.13%, 0, 1, 87, 499.32
1567504539, 8382, 61, 1664, 0, 0, 5.13%, 0, 1, 87, 474.85
1567504544, 8387, 247, 1665, 0, 0, 5.13%, 0, 1, 87, 525.32
1567504549, 8391, 156, 1667, 1, 0, 5.13%, 0, 1, 87, 680.74
1567504554, 8396, 1406, 1667, 0, 0, 5.13%, 0, 1, 87, 545.76
1567504559, 8403, 38, 1668, 0, 0, 5.13%, 0, 1, 87, 495.09
1567504564, 8408, 270, 1672, 3, 0, 5.13%, 0, 1, 87, 712.30
1567504569, 8411, 962, 1674, 2, 0, 5.13%, 0, 1, 87, 702.88
1567504574, 8415, 426, 1675, 1, 0, 5.13%, 0, 1, 87, 760.09
1567504580, 8420, 1349, 1676, 0, 0, 5.17%, 0, 1, 87, 722.70
1567504585, 8424, 1676, 1678, 1, 0, 5.17%, 0, 1, 87, 829.24
1567504590, 8429, 1462, 1681, 2, 0, 5.17%, 0, 1, 87, 709.37
1567504595, 8435, 391, 1684, 1, 0, 5.18%, 0, 1, 87, 617.24
1567504600, 8439, 1209, 1684, 0, 0, 5.18%, 0, 1, 87, 712.01
1567504605, 8445, 1522, 1685, 1, 0, 5.18%, 0, 1, 88, 537.42
1567504610, 8450, 234, 1687, 1, 0, 5.18%, 0, 1, 88, 708.09
1567504615, 8454, 799, 1689, 0, 0, 5.18%, 0, 1, 88, 694.59
1567504621, 8459, 1687, 1690, 0, 0, 5.18%, 0, 1, 88, 653.09
1567504626, 8466, 313, 1693, 2, 0, 5.18%, 0, 1, 88, 552.12
1567504631, 8471, 1694, 1695, 3, 1, 5.19%, 0, 1, 88, 614.37
1567504636, 8477, 60, 1695, 1, 0, 5.19%, 0, 1, 88, 583.61
1567504641, 8481, 1659, 1695, 0, 0, 5.19%, 0, 1, 88, 602.72
1567504646, 8484, 1696, 1697, 1, 0, 5.19%, 0, 1, 88, 894.20
1567504651, 8491, 166, 1697, 0, 0, 5.19%, 0, 1, 88, 573.74
1567504656, 8497, 351, 1698, 1, 0, 5.19%, 0, 1, 88, 508.22
1567504662, 8503, 166, 1698, 0, 0, 5.19%, 0, 1, 88, 528.50
1567504667, 8509, 295, 1699, 0, 0, 5.19%, 0, 1, 88, 513.57
1567504672, 8515, 985, 1700, 1, 0, 5.19%, 0, 1, 88, 514.28
1567504677, 8519, 1699, 1701, 1, 0, 5.19%, 0, 1, 88, 803.09
1567504682, 8524, 790, 1704, 1, 0, 5.19%, 0, 1, 88, 744.64
1567504687, 8529, 430, 1706, 1, 0, 5.19%, 0, 1, 88, 644.30
1567504692, 8534, 1026, 1712, 4, 0, 5.19%, 0, 1, 88, 750.69
1567504697, 8537, 1713, 1714, 2, 0, 5.20%, 0, 1, 88, 874.43
1567504702, 8542, 1059, 1714, 0, 0, 5.20%, 0, 1, 88, 706.62
1567504707, 8548, 1716, 1717, 1, 1, 5.22%, 0, 1, 88, 634.08
1567504713, 8553, 189, 1719, 1, 0, 5.22%, 0, 1, 88, 631.68
1567504718, 8558, 1424, 1721, 2, 0, 5.22%, 0, 1, 88, 629.68
1567504723, 8562, 1027, 1721, 1, 0, 5.22%, 0, 1, 88, 627.12
1567504728, 8567, 1672, 1721, 0, 0, 5.22%, 0, 1, 88, 636.12
1567504733, 8572, 1522, 1727, 3, 0, 5.22%, 0, 1, 88, 687.20
1567504738, 8578, 811, 1728, 3, 0, 5.22%, 0, 1, 88, 579.02
1567504743, 8582, 435, 1729, 1, 0, 5.22%, 0, 1, 88, 780.12
1567504748, 8587, 1292, 1731, 1, 0, 5.22%, 0, 1, 88, 428.61
1567504753, 8590, 1236, 1731, 0, 0, 5.22%, 0, 1, 88, 532.42
1567504759, 8594, 1734, 1735, 2, 0, 5.23%, 0, 1, 88, 815.20
1567504764, 8599, 1026, 1735, 0, 0, 5.23%, 0, 1, 88, 678.83
1567504769, 8605, 1736, 1737, 1, 1, 5.24%, 0, 1, 88, 598.06
1567504774, 8611, 1577, 1740, 2, 0, 5.24%, 0, 1, 88, 552.81
1567504779, 8617, 215, 1742, 1, 0, 5.24%, 0, 1, 88, 671.00
1567504784, 8622, 190, 1744, 0, 0, 5.24%, 0, 1, 88, 711.20
1567504789, 8627, 428, 1746, 0, 0, 5.24%, 0, 1, 88, 680.17
1567504794, 8633, 414, 1747, 0, 0, 5.24%, 0, 1, 88, 607.21
1567504799, 8639, 26, 1749, 0, 0, 5.24%, 0, 1, 88, 602.56
1567504804, 8644, 1656, 1752, 1, 0, 5.24%, 0, 1, 88, 595.40
1567504810, 8650, 1753, 1754, 1, 0, 5.24%, 0, 1, 88, 599.83
1567504815, 8656, 1463, 1754, 0, 0, 5.24%, 0, 1, 88, 531.43
1567504820, 8660, 670, 1757, 1, 0, 5.24%, 0, 1, 88, 557.50
1567504825, 8665, 350, 1760, 0, 0, 5.24%, 0, 1, 88, 701.57
1567504830, 8670, 1761, 1764, 2, 0, 5.25%, 0, 1, 88, 586.05
1567504835, 8673, 1763, 1765, 1, 0, 5.26%, 0, 1, 88, 760.79
1567504840, 8679, 454, 1766, 1, 0, 5.26%, 0, 1, 88, 559.51
1567504845, 8684, 317, 1767, 0, 0, 5.26%, 0, 1, 88, 764.19
1567504851, 8689, 1770, 1772, 4, 0, 5.26%, 0, 1, 88, 739.49
1567504856, 8695, 54, 1773, 1, 0, 5.26%, 0, 1, 88, 847.24
1567504861, 8700, 1772, 1775, 3, 0, 5.26%, 0, 1, 88, 643.77
1567504866, 8706, 243, 1775, 1, 0, 5.26%, 0, 1, 88, 633.09
1567504871, 8711, 908, 1776, 1, 0, 5.26%, 0, 1, 88, 609.33
1567504876, 8717, 456, 1777, 0, 0, 5.26%, 0, 1, 88, 576.20
1567504881, 8723, 108, 1777, 0, 0, 5.26%, 0, 1, 88, 512.84
1567504886, 8728, 962, 1777, 0, 0, 5.26%, 0, 1, 88, 505.50
1567504891, 8734, 718, 1778, 1, 0, 5.26%, 0, 1, 88, 541.92
1567504897, 8740, 536, 1778, 1, 0, 5.26%, 0, 1, 88, 542.41
1567504902, 8746, 243, 1779, 1, 0, 5.26%, 0, 1, 88, 687.24
1567504907, 8750, 868, 1779, 0, 0, 5.26%, 0, 1, 88, 676.39
1567504912, 8756, 1463, 1779, 0, 0, 5.26%, 0, 1, 88, 581.74
1567504917, 8762, 1219, 1779, 0, 0, 5.26%, 0, 1, 88, 522.14
1567504922, 8768, 379, 1779, 0, 0, 5.26%, 0, 1, 88, 522.22
1567504927, 8774, 169, 1779, 0, 0, 5.26%, 0, 1, 88, 517.75
1567504932, 8780, 57, 1780, 1, 0, 5.26%, 0, 1, 88, 528.81
1567504937, 8784, 1131, 1780, 0, 0, 5.26%, 0, 1, 88, 677.39
1567504943, 8790, 372, 1780, 0, 0, 5.26%, 0, 1, 88, 554.71
1567504948, 8796, 164, 1781, 0, 0, 5.26%, 0, 1, 88, 589.83
1567504953, 8802, 7, 1781, 0, 0, 5.26%, 0, 1, 88, 524.87
1567504958, 8806, 353, 1782, 0, 0, 5.26%, 0, 1, 88, 657.97
1567504963, 8812, 351, 1782, 0, 0, 5.26%, 0, 1, 88, 555.69
1567504968, 8817, 88, 1785, 1, 0, 5.26%, 0, 1, 88, 613.35
1567504973, 8821, 658, 1787, 2, 0, 5.26%, 0, 1, 88, 732.34
1567504978, 8823, 1787, 1788, 2, 0, 5.26%, 0, 1, 88, 837.73
1567504983, 8829, 1711, 1791, 2, 0, 5.26%, 0, 1, 88, 659.76
1567504988, 8836, 218, 1791, 2, 0, 5.26%, 0, 1, 88, 568.67
1567504994, 8839, 1243, 1794, 2, 0, 5.27%, 0, 1, 88, 517.29
1567504999, 8844, 293, 1795, 0, 0, 5.27%, 0, 1, 88, 698.07
1567505004, 8850, 143, 1796, 1, 0, 5.27%, 0, 1, 88, 556.15
1567505009, 8855, 259, 1798, 1, 0, 5.27%, 0, 1, 88, 616.39
1567505014, 8860, 61, 1801, 1, 0, 5.27%, 0, 1, 88, 658.17
1567505019, 8865, 473, 1801, 0, 0, 5.27%, 0, 1, 88, 574.77
1567505024, 8871, 473, 1802, 1, 0, 5.27%, 0, 1, 88, 535.24
1567505029, 8877, 1122, 1802, 0, 0, 5.27%, 0, 1, 88, 553.48
1567505035, 8883, 1782, 1803, 1, 0, 5.27%, 0, 1, 88, 551.38
1567505040, 8889, 99, 1803, 0, 0, 5.27%, 0, 1, 88, 603.12
1567505045, 8893, 1803, 1805, 2, 0, 5.27%, 0, 1, 88, 804.20
1567505050, 8899, 501, 1805, 1, 0, 5.27%, 0, 1, 88, 594.64
1567505055, 8905, 536, 1805, 1, 0, 5.27%, 0, 1, 88, 539.29
1567505060, 8910, 1800, 1805, 0, 0, 5.27%, 0, 1, 88, 544.19
1567505065, 8916, 436, 1805, 0, 0, 5.27%, 0, 1, 88, 511.59
1567505070, 8921, 1805, 1807, 2, 0, 5.27%, 0, 1, 88, 538.50
1567505075, 8927, 157, 1810, 2, 0, 5.27%, 0, 1, 88, 515.75
1567505080, 8932, 540, 1810, 1, 0, 5.27%, 0, 1, 88, 557.29
1567505085, 8936, 1809, 1810, 1, 0, 5.27%, 0, 1, 88, 391.95
1567505090, 8941, 1694, 1810, 0, 0, 5.27%, 0, 1, 88, 454.27
1567505095, 8947, 540, 1811, 1, 0, 5.27%, 0, 1, 88, 495.16
1567505101, 8951, 1812, 1813, 1, 0, 5.28%, 0, 1, 88, 694.78
1567505106, 8957, 329, 1814, 1, 0, 5.28%, 0, 1, 88, 553.49
1567505111, 8963, 338, 1814, 1, 0, 5.28%, 0, 1, 88, 515.65
1567505116, 8967, 748, 1814, 0, 0, 5.28%, 0, 1, 88, 584.83
1567505121, 8971, 916, 1815, 0, 0, 5.28%, 0, 1, 88, 687.11
1567505126, 8977, 270, 1817, 1, 0, 5.28%, 0, 1, 88, 594.10
1567505131, 8982, 456, 1818, 0, 0, 5.28%, 0, 1, 88, 612.43
1567505136, 8988, 1627, 1818, 0, 0, 5.28%, 0, 1, 88, 549.91
1567505141, 8994, 1349, 1818, 0, 0, 5.28%, 0, 1, 88, 509.21
1567505147, 9000, 760, 1818, 0, 0, 5.28%, 0, 1, 88, 490.38
1567505152, 9005, 1819, 1820, 1, 0, 5.28%, 0, 1, 88, 574.56
1567505157, 9010, 971, 1820, 0, 0, 5.28%, 0, 1, 88, 553.94
1567505162, 9015, 398, 1823, 0, 0, 5.34%, 0, 1, 88, 743.60
1567505167, 9021, 1160, 1825, 2, 0, 5.34%, 0, 1, 88, 573.79
1567505172, 9024, 1826, 1827, 2, 1, 5.34%, 0, 1, 88, 759.53
1567505177, 9030, 175, 1829, 1, 0, 5.34%, 0, 1, 88, 670.50
1567505182, 9034, 1829, 1830, 1, 0, 5.34%, 0, 1, 88, 670.04
1567505187, 9039, 1291, 1831, 0, 0, 5.34%, 0, 1, 88, 657.93
1567505193, 9046, 128, 1831, 0, 0, 5.34%, 0, 1, 88, 575.94
1567505198, 9051, 347, 1834, 1, 0, 5.34%, 0, 1, 88, 729.17
1567505203, 9057, 1308, 1835, 0, 0, 5.34%, 0, 1, 88, 602.58
1567505208, 9064, 105, 1835, 0, 0, 5.34%, 0, 1, 88, 557.11
1567505213, 9069, 1406, 1836, 1, 0, 5.34%, 0, 1, 88, 494.71
1567505218, 9074, 1833, 1836, 0, 0, 5.34%, 0, 1, 88, 509.40
1567505223, 9080, 451, 1836, 0, 0, 5.34%, 0, 1, 88, 480.05
1567505229, 9085, 376, 1837, 0, 0, 5.34%, 0, 1, 88, 607.60
1567505234, 9091, 58, 1838, 1, 0, 5.34%, 0, 1, 88, 513.90
1567505239, 9095, 534, 1839, 1, 0, 5.34%, 0, 1, 88, 587.94
1567505244, 9099, 1839, 1840, 1, 0, 5.34%, 0, 1, 88, 663.00
1567505249, 9104, 1840, 1842, 2, 0, 5.34%, 0, 1, 88, 643.10
1567505254, 9107, 1842, 1845, 3, 0, 5.34%, 0, 1, 88, 759.15
1567505259, 9110, 348, 1845, 0, 0, 5.34%, 0, 1, 88, 598.25
1567505264, 9115, 689, 1846, 0, 0, 5.34%, 0, 1, 88, 531.52
1567505269, 9121, 10, 1846, 0, 0, 5.34%, 0, 1, 88, 495.62
1567505274, 9123, 1846, 1848, 2, 0, 5.34%, 0, 1, 89, 674.78
1567505279, 9129, 1189, 1848, 1, 0, 5.34%, 0, 1, 89, 517.74
1567505285, 9133, 1252, 1849, 1, 0, 5.34%, 0, 1, 89, 567.47
1567505290, 9138, 802, 1850, 0, 0, 5.34%, 0, 1, 89, 653.86
1567505295, 9143, 1780, 1850, 0, 0, 5.34%, 0, 1, 89, 523.99
1567505300, 9149, 802, 1850, 0, 0, 5.34%, 0, 1, 89, 490.03
1567505305, 9154, 1469, 1853, 2, 0, 5.35%, 0, 1, 89, 516.68
1567505310, 9159, 1656, 1853, 0, 0, 5.35%, 0, 1, 89, 540.18
1567505315, 9165, 372, 1853, 0, 0, 5.35%, 0, 1, 89, 482.53
1567505320, 9170, 1668, 1853, 0, 0, 5.35%, 0, 1, 89, 467.02
1567505325, 9176, 484, 1853, 0, 0, 5.35%, 0, 1, 89, 464.09
1567505331, 9181, 1844, 1853, 0, 0, 5.35%, 0, 1, 89, 476.63
1567505336, 9187, 1131, 1854, 1, 0, 5.35%, 0, 1, 89, 488.75
1567505341, 9192, 1295, 1855, 1, 0, 5.35%, 0, 1, 89, 519.60
1567505346, 9196, 1476, 1856, 0, 0, 5.35%, 0, 1, 89, 633.48
1567505351, 9202, 60, 1857, 0, 0, 5.35%, 0, 1, 89, 613.88
1567505356, 9207, 161, 1859, 0, 0, 5.35%, 0, 1, 89, 584.52
1567505361, 9212, 1600, 1859, 0, 0, 5.35%, 0, 1, 89, 510.11
1567505366, 9218, 59, 1861, 1, 0, 5.35%, 0, 1, 89, 525.32
1567505372, 9223, 650, 1863, 3, 0, 5.35%, 0, 1, 89, 489.57
1567505377, 9228, 1111, 1863, 1, 0, 5.35%, 0, 1, 89, 527.03
1567505382, 9234, 88, 1863, 0, 0, 5.35%, 0, 1, 89, 520.24
1567505387, 9239, 1501, 1863, 0, 0, 5.35%, 0, 1, 89, 485.41
1567505392, 9245, 780, 1864, 1, 0, 5.35%, 0, 1, 89, 472.71
1567505397, 9251, 12, 1864, 0, 0, 5.35%, 0, 1, 89, 495.83
1567505402, 9255, 1089, 1866, 0, 0, 5.36%, 0, 1, 89, 597.62
1567505407, 9260, 715, 1867, 0, 0, 5.36%, 0, 1, 89, 557.59
1567505413, 9265, 1651, 1869, 1, 0, 5.36%, 0, 1, 89, 569.75
1567505418, 9271, 890, 1869, 1, 0, 5.36%, 0, 1, 89, 497.18
1567505423, 9275, 31, 1872, 1, 0, 5.36%, 0, 1, 89, 827.52
1567505428, 9279, 1872, 1873, 2, 0, 5.36%, 0, 1, 89, 677.42
1567505433, 9285, 593, 1873, 0, 0, 5.36%, 0, 1, 89, 517.62
1567505438, 9291, 36, 1874, 1, 0, 5.36%, 0, 1, 89, 489.45
1567505443, 9296, 1026, 1874, 1, 0, 5.36%, 0, 1, 89, 481.52
1567505448, 9302, 30, 1874, 1, 0, 5.36%, 0, 1, 89, 474.23
1567505454, 9305, 1874, 1875, 1, 0, 5.36%, 0, 1, 89, 575.99
1567505459, 9308, 1537, 1875, 0, 0, 5.36%, 0, 1, 89, 517.07
1567505464, 9314, 157, 1876, 0, 0, 5.37%, 0, 1, 89, 535.03
1567505469, 9319, 46, 1879, 0, 0, 5.38%, 0, 1, 89, 616.56
1567505474, 9324, 1075, 1879, 0, 0, 5.38%, 0, 1, 89, 497.94
1567505479, 9329, 1600, 1880, 0, 0, 5.38%, 0, 1, 89, 492.25
1567505484, 9335, 157, 1881, 0, 0, 5.38%, 0, 1, 89, 472.20
1567505489, 9340, 214, 1882, 0, 0, 5.38%, 0, 1, 89, 531.21
1567505494, 9345, 1292, 1883, 1, 0, 5.38%, 0, 1, 89, 487.90
1567505499, 9349, 1864, 1884, 0, 0, 5.40%, 0, 1, 89, 554.05
1567505504, 9355, 419, 1884, 0, 0, 5.40%, 0, 1, 89, 485.15
1567505510, 9360, 1790, 1885, 1, 0, 5.40%, 0, 1, 89, 471.44
1567505515, 9366, 189, 1885, 0, 0, 5.40%, 0, 1, 89, 508.44
1567505520, 9371, 522, 1887, 1, 0, 5.40%, 0, 1, 89, 550.34
1567505525, 9376, 411, 1888, 0, 0, 5.41%, 0, 1, 89, 633.04
1567505530, 9382, 177, 1889, 1, 0, 5.41%, 0, 1, 89, 518.07
1567505535, 9387, 658, 1889, 0, 0, 5.41%, 0, 1, 89, 538.44
1567505540, 9392, 1894, 1895, 3, 0, 5.42%, 0, 1, 89, 568.35
1567505546, 9398, 99, 1897, 3, 0, 5.42%, 0, 1, 89, 592.94
1567505551, 9402, 1062, 1899, 2, 0, 5.42%, 0, 1, 89, 722.88
1567505556, 9407, 243, 1900, 0, 0, 5.42%, 0, 1, 89, 1031.09
1567505561, 9413, 371, 1902, 2, 0, 5.42%, 0, 1, 89, 608.52
1567505566, 9417, 1900, 1902, 1, 0, 5.42%, 0, 1, 89, 675.50
1567505571, 9422, 1458, 1902, 0, 0, 5.42%, 0, 1, 89, 564.23
1567505576, 9428, 175, 1903, 0, 0, 5.42%, 0, 1, 89, 531.76
1567505581, 9433, 1467, 1903, 0, 0, 5.42%, 0, 1, 89, 496.41
1567505587, 9439, 840, 1904, 1, 0, 5.42%, 0, 1, 89, 480.45
1567505592, 9445, 94, 1906, 2, 0, 5.42%, 0, 1, 89, 501.26
1567505597, 9447, 1885, 1906, 0, 0, 5.42%, 0, 1, 89, 660.29
1567505602, 9453, 1761, 1909, 2, 0, 5.43%, 0, 1, 89, 569.61
1567505607, 9459, 100, 1909, 0, 0, 5.43%, 0, 1, 89, 549.80
1567505612, 9464, 437, 1910, 0, 0, 5.43%, 0, 1, 89, 662.77
1567505617, 9470, 166, 1911, 1, 0, 5.43%, 0, 1, 89, 522.48
1567505622, 9475, 1238, 1912, 1, 0, 5.43%, 0, 1, 89, 538.05
1567505627, 9479, 1747, 1915, 1, 0, 5.43%, 0, 1, 89, 694.81
1567505632, 9484, 1864, 1918, 2, 0, 5.43%, 0, 1, 89, 614.55
1567505637, 9489, 411, 1920, 2, 0, 5.43%, 0, 1, 89, 743.31
1567505643, 9493, 1718, 1920, 0, 0, 5.43%, 0, 1, 89, 662.47
1567505648, 9499, 401, 1924, 2, 0, 5.44%, 0, 1, 89, 654.35
1567505653, 9505, 106, 1928, 5, 0, 5.44%, 0, 1, 89, 570.97
1567505658, 9507, 1926, 1928, 3, 0, 5.44%, 0, 1, 89, 708.80
1567505663, 9512, 1364, 1928, 2, 0, 5.44%, 0, 1, 89, 554.82
1567505668, 9515, 1927, 1928, 1, 0, 5.44%, 0, 1, 89, 554.14
1567505673, 9521, 395, 1929, 1, 0, 5.44%, 0, 1, 89, 501.95
1567505678, 9526, 465, 1932, 3, 0, 5.44%, 0, 1, 89, 655.88
1567505684, 9530, 1779, 1932, 1, 0, 5.44%, 0, 1, 89, 644.18
1567505689, 9536, 228, 1934, 1, 0, 5.44%, 0, 1, 89, 657.89
1567505694, 9540, 1037, 1934, 0, 0, 5.44%, 0, 1, 89, 730.39
1567505699, 9546, 365, 1935, 0, 0, 5.44%, 0, 1, 89, 623.53
1567505704, 9551, 1922, 1935, 0, 0, 5.44%, 0, 1, 89, 513.36
1567505709, 9557, 431, 1938, 2, 0, 5.44%, 0, 1, 89, 548.44
1567505714, 9561, 1016, 1938, 0, 0, 5.44%, 0, 1, 89, 785.45
1567505719, 9566, 536, 1940, 0, 0, 5.44%, 0, 1, 89, 713.27
1567505724, 9570, 1942, 1943, 1, 0, 5.44%, 0, 1, 89, 773.59
1567505729, 9575, 361, 1945, 1, 0, 5.45%, 0, 1, 89, 681.42
1567505734, 9579, 1943, 1946, 2, 0, 5.45%, 0, 1, 89, 727.35
1567505739, 9583, 1947, 1949, 2, 0, 5.45%, 0, 1, 89, 737.09
1567505745, 9586, 1743, 1949, 0, 0, 5.45%, 0, 1, 89, 631.28
1567505750, 9591, 1932, 1951, 0, 0, 5.46%, 0, 1, 89, 651.79
1567505755, 9597, 389, 1951, 0, 0, 5.46%, 0, 1, 89, 556.00
1567505760, 9603, 104, 1951, 0, 0, 5.46%, 0, 1, 89, 551.17
1567505765, 9608, 1244, 1951, 0, 0, 5.46%, 0, 1, 89, 526.12
1567505770, 9614, 84, 1952, 0, 0, 5.46%, 0, 1, 90, 545.25
1567505775, 9620, 6, 1953, 0, 0, 5.46%, 0, 1, 90, 590.16
1567505780, 9625, 1721, 1954, 1, 0, 5.46%, 0, 1, 90, 559.41
1567505786, 9630, 649, 1957, 1, 0, 5.46%, 0, 1, 90, 852.75
1567505791, 9634, 24, 1957, 0, 0, 5.46%, 0, 1, 90, 723.45
1567505796, 9639, 1740, 1958, 0, 0, 5.47%, 0, 1, 90, 574.44
1567505801, 9645, 234, 1958, 0, 0, 5.47%, 0, 1, 90, 519.99
1567505806, 9650, 504, 1959, 1, 0, 5.47%, 0, 1, 90, 501.26
1567505811, 9654, 332, 1960, 0, 0, 5.47%, 0, 1, 90, 764.53
1567505816, 9659, 1537, 1961, 1, 0, 5.47%, 0, 1, 90, 554.48
1567505821, 9664, 492, 1961, 0, 0, 5.47%, 0, 1, 90, 551.21
1567505827, 9668, 1962, 1963, 1, 1, 5.47%, 0, 1, 90, 755.37
1567505832, 9674, 43, 1963, 0, 0, 5.47%, 0, 1, 90, 594.94
1567505837, 9678, 6, 1964, 0, 0, 5.47%, 0, 1, 90, 588.95
1567505842, 9683, 1419, 1964, 0, 0, 5.47%, 0, 1, 90, 543.04
1567505847, 9688, 0, 1966, 0, 0, 5.47%, 0, 1, 90, 601.29
1567505852, 9693, 193, 1967, 0, 0, 5.47%, 0, 1, 90, 590.34
1567505857, 9698, 338, 1967, 0, 0, 5.47%, 0, 1, 90, 506.59
1567505862, 9703, 589, 1968, 0, 0, 5.47%, 0, 1, 90, 512.42
1567505868, 9709, 269, 1968, 0, 0, 5.47%, 0, 1, 90, 540.09
1567505873, 9714, 1461, 1968, 0, 0, 5.47%, 0, 1, 90, 527.57
1567505878, 9719, 1968, 1969, 1, 0, 5.47%, 0, 1, 90, 548.94
1567505883, 9724, 248, 1969, 0, 0, 5.47%, 0, 1, 90, 559.00
1567505888, 9729, 1589, 1969, 0, 0, 5.47%, 0, 1, 90, 526.48
1567505893, 9734, 1969, 1970, 1, 1, 5.48%, 0, 1, 90, 741.08
1567505898, 9740, 244, 1971, 0, 0, 5.48%, 0, 1, 90, 590.24
1567505903, 9745, 1931, 1971, 0, 0, 5.48%, 0, 1, 90, 539.90
1567505908, 9751, 399, 1972, 1, 0, 5.48%, 0, 1, 90, 527.38
1567505914, 9756, 1098, 1972, 0, 0, 5.48%, 0, 1, 90, 519.26
1567505919, 9762, 58, 1972, 0, 0, 5.48%, 0, 1, 90, 521.25
1567505924, 9765, 1974, 1975, 2, 0, 5.48%, 0, 1, 90, 652.18
1567505929, 9770, 728, 1975, 1, 0, 5.48%, 0, 1, 90, 560.74
1567505934, 9775, 1975, 1976, 2, 0, 5.48%, 0, 1, 90, 616.17
1567505939, 9780, 1972, 1976, 1, 0, 5.48%, 0, 1, 90, 572.62
1567505944, 9786, 1760, 1977, 0, 0, 5.48%, 0, 1, 90, 629.61
1567505949, 9792, 345, 1977, 0, 0, 5.48%, 0, 1, 90, 534.68
1567505954, 9797, 1899, 1977, 0, 0, 5.48%, 0, 1, 90, 518.12
1567505959, 9803, 492, 1978, 0, 0, 5.48%, 0, 1, 90, 534.01
1567505964, 9808, 558, 1979, 0, 0, 5.48%, 0, 1, 90, 521.58
1567505970, 9813, 1890, 1979, 0, 0, 5.48%, 0, 1, 90, 494.40
1567505975, 9819, 72, 1981, 1, 0, 5.48%, 0, 1, 90, 574.98
1567505980, 9824, 1338, 1983, 1, 0, 5.48%, 0, 1, 90, 551.59
1567505985, 9828, 1615, 1984, 1, 0, 5.48%, 0, 1, 90, 593.39
1567505990, 9834, 295, 1984, 0, 0, 5.48%, 0, 1, 90, 568.24
1567505995, 9840, 52, 1984, 0, 0, 5.48%, 0, 1, 90, 532.14
1567506000, 9845, 340, 1984, 0, 0, 5.48%, 0, 1, 90, 509.36
1567506006, 9851, 70, 1985, 1, 0, 5.48%, 0, 1, 90, 525.64
1567506011, 9852, 1984, 1985, 1, 0, 5.48%, 0, 1, 90, 418.25
1567506016, 9857, 1913, 1985, 0, 0, 5.48%, 0, 1, 90, 466.15
1567506021, 9863, 400, 1985, 0, 0, 5.48%, 0, 1, 90, 500.19
1567506026, 9868, 1871, 1986, 0, 0, 5.48%, 0, 1, 90, 521.80
1567506031, 9874, 174, 1986, 0, 0, 5.48%, 0, 1, 90, 500.80
1567506036, 9878, 1986, 1987, 1, 1, 5.51%, 0, 1, 90, 690.05
1567506041, 9884, 501, 1987, 0, 0, 5.51%, 0, 1, 90, 542.40
1567506046, 9889, 1950, 1987, 0, 0, 5.51%, 0, 1, 90, 513.69
1567506052, 9894, 1483, 1990, 2, 0, 5.51%, 0, 1, 91, 620.01
1567506057, 9896, 1990, 1991, 3, 0, 5.51%, 0, 1, 91, 589.72
1567506062, 9902, 38, 1991, 0, 0, 5.51%, 0, 1, 91, 695.63
1567506067, 9908, 24, 1991, 0, 0, 5.51%, 0, 1, 91, 563.20
1567506072, 9913, 1199, 1991, 0, 0, 5.51%, 0, 1, 91, 527.42
1567506077, 9918, 1761, 1992, 0, 0, 5.51%, 0, 1, 91, 558.47
1567506082, 9924, 693, 1993, 1, 0, 5.51%, 0, 1, 91, 544.95
1567506088, 9928, 1911, 1994, 0, 0, 5.51%, 0, 1, 91, 672.61
1567506093, 9934, 222, 1995, 1, 0, 5.51%, 0, 1, 91, 522.46
1567506098, 9939, 672, 1996, 1, 0, 5.51%, 0, 1, 91, 540.80
1567506103, 9944, 1180, 1997, 0, 0, 5.51%, 0, 1, 91, 568.57
1567506108, 9950, 246, 1997, 0, 0, 5.51%, 0, 1, 91, 516.24
1567506113, 9955, 492, 1997, 0, 0, 5.51%, 0, 1, 91, 495.11
1567506118, 9961, 10, 1997, 0, 0, 5.51%, 0, 1, 91, 494.73
1567506123, 9966, 1560, 1997, 0, 0, 5.51%, 0, 1, 91, 513.98
1567506128, 9971, 1501, 1999, 1, 0, 5.51%, 0, 1, 91, 575.49
1567506133, 9975, 927, 2000, 1, 0, 5.51%, 0, 1, 91, 638.92
1567506138, 9980, 1542, 2001, 1, 0, 5.51%, 0, 1, 91, 606.35
1567506143, 9986, 1645, 2001, 0, 0, 5.51%, 0, 1, 91, 584.92
