# unix_time, cycles_done, cur_path, paths_total, pending_total, pending_favs, map_size, unique_crashes, unique_hangs, max_depth, execs_per_sec
1570554181, 0, 0, 1, 1, 1, 0.43%, 0, 0, 1, 2000.00
1570554186, 0, 0, 20, 20, 1, 0.86%, 0, 0, 2, 3112.49
1570554191, 0, 7, 22, 19, 12, 0.87%, 0, 0, 3, 3295.00
1570554196, 0, 12, 34, 26, 15, 0.94%, 0, 0, 3, 3311.23
1570554201, 0, 17, 39, 28, 17, 0.97%, 0, 0, 3, 3422.82
1570554206, 0, 19, 41, 28, 17, 0.99%, 0, 0, 3, 3451.00
1570554211, 0, 34, 45, 22, 11, 1.07%, 0, 0, 4, 3266.43
1570554216, 0, 37, 60, 34, 17, 1.28%, 0, 0, 4, 3276.22
1570554221, 0, 40, 63, 34, 21, 1.33%, 0, 0, 4, 3398.73
1570554226, 0, 42, 69, 38, 24, 1.47%, 0, 0, 4, 3421.26
1570554231, 0, 43, 72, 40, 24, 1.48%, 0, 0, 5, 3493.34
1570554237, 0, 46, 75, 40, 23, 1.48%, 0, 0, 5, 3356.05
1570554242, 0, 50, 84, 45, 27, 1.49%, 0, 0, 5, 3242.83
1570554247, 0, 55, 89, 46, 28, 1.50%, 0, 0, 5, 3217.15
1570554252, 0, 58, 123, 77, 32, 1.60%, 0, 0, 5, 3231.43
1570554257, 0, 60, 168, 121, 49, 1.72%, 0, 0, 5, 3335.98
1570554262, 0, 62, 173, 125, 62, 1.72%, 0, 0, 5, 3392.52
1570554267, 0, 64, 173, 123, 60, 1.72%, 0, 0, 5, 3545.70
1570554272, 0, 65, 173, 122, 59, 1.72%, 0, 0, 5, 3607.85
1570554277, 0, 70, 187, 133, 67, 1.84%, 0, 0, 6, 3439.70
1570554283, 0, 71, 193, 138, 72, 1.87%, 0, 0, 6, 3506.61
1570554288, 0, 75, 194, 136, 71, 1.87%, 0, 0, 6, 3314.40
1570554293, 0, 83, 194, 133, 69, 1.87%, 0, 0, 6, 3303.91
1570554298, 0, 91, 196, 132, 66, 1.88%, 0, 0, 6, 3281.10
1570554303, 0, 98, 197, 129, 64, 1.88%, 0, 0, 6, 3247.80
1570554308, 0, 103, 198, 127, 61, 1.88%, 0, 0, 6, 3262.88
1570554313, 0, 107, 205, 131, 63, 1.91%, 0, 0, 6, 3236.00
1570554318, 0, 110, 206, 129, 60, 1.91%, 0, 0, 6, 3231.10
1570554323, 0, 115, 209, 129, 60, 1.92%, 0, 0, 6, 3253.21
1570554328, 0, 119, 209, 125, 56, 1.92%, 0, 0, 6, 3196.44
1570554333, 0, 122, 210, 123, 53, 1.92%, 0, 0, 6, 3214.40
1570554338, 0, 125, 219, 129, 59, 1.93%, 0, 0, 6, 3231.79
1570554343, 0, 129, 220, 127, 56, 1.93%, 0, 0, 6, 3242.63
1570554349, 0, 151, 227, 127, 54, 1.95%, 0, 0, 6, 3223.44
1570554354, 0, 169, 235, 128, 53, 1.98%, 0, 0, 6, 3173.03
1570554359, 0, 173, 240, 131, 53, 1.98%, 0, 0, 6, 3339.15
1570554364, 0, 175, 241, 130, 52, 1.98%, 0, 0, 6, 3247.72
1570554369, 0, 178, 245, 132, 52, 1.99%, 0, 0, 6, 3253.70
1570554374, 0, 180, 245, 130, 51, 1.99%, 0, 0, 6, 3241.79
1570554379, 0, 182, 245, 128, 49, 1.99%, 0, 0, 6, 3172.38
1570554384, 0, 183, 259, 141, 57, 2.85%, 0, 0, 6, 3232.70
1570554389, 0, 185, 259, 140, 56, 2.85%, 0, 0, 6, 3488.86
1570554394, 0, 187, 262, 141, 55, 2.88%, 0, 0, 7, 3442.85
1570554399, 0, 188, 265, 143, 56, 2.89%, 0, 0, 7, 3434.26
1570554404, 0, 190, 265, 141, 57, 2.89%, 0, 0, 7, 3426.46
1570554409, 0, 191, 265, 140, 56, 2.89%, 0, 0, 7, 3368.32
1570554414, 0, 194, 265, 138, 54, 2.89%, 0, 0, 7, 3263.90
1570554420, 0, 202, 267, 134, 48, 2.89%, 0, 0, 7, 3001.56
1570554425, 0, 210, 268, 128, 43, 2.89%, 0, 0, 7, 2834.76
1570554430, 0, 220, 272, 124, 35, 2.89%, 0, 0, 7, 3098.03
1570554435, 0, 233, 278, 121, 34, 2.90%, 0, 0, 7, 2927.98
1570554440, 0, 246, 282, 117, 27, 2.92%, 0, 0, 7, 2862.73
1570554445, 0, 246, 311, 146, 27, 2.96%, 0, 0, 7, 49.66
1570554450, 0, 248, 329, 163, 33, 3.02%, 0, 0, 7, 1727.29
1570554455, 0, 248, 337, 171, 33, 3.04%, 0, 0, 7, 185.73
1570554461, 0, 251, 433, 266, 43, 3.41%, 0, 0, 7, 49.68
1570554466, 0, 251, 494, 327, 43, 3.53%, 0, 0, 7, 2575.62
1570554471, 0, 251, 559, 392, 43, 3.57%, 0, 0, 7, 2088.39
1570554476, 0, 259, 604, 436, 105, 3.62%, 0, 0, 7, 2089.94
1570554481, 0, 260, 604, 435, 104, 3.62%, 0, 0, 7, 3115.42
1570554486, 0, 262, 607, 436, 105, 3.65%, 0, 0, 8, 3394.28
1570554492, 0, 263, 607, 435, 104, 3.65%, 0, 0, 8, 3351.48
1570554497, 0, 264, 607, 434, 103, 3.65%, 0, 0, 8, 3339.64
1570554502, 0, 284, 618, 435, 93, 3.65%, 0, 0, 8, 1919.65
1570554507, 0, 284, 625, 442, 93, 3.66%, 0, 0, 8, 3084.58
1570554512, 0, 304, 627, 443, 91, 3.66%, 0, 0, 8, 2301.01
1570554517, 0, 305, 627, 442, 91, 3.66%, 0, 0, 8, 2501.17
1570554527, 0, 306, 627, 441, 90, 3.66%, 0, 0, 8, 2298.64
1570554537, 0, 316, 630, 443, 89, 3.67%, 0, 0, 8, 49.27
1570554543, 0, 319, 630, 442, 90, 3.67%, 0, 0, 8, 1024.87
1570554548, 0, 319, 631, 443, 90, 3.68%, 0, 0, 8, 1556.41
1570554553, 0, 324, 633, 444, 90, 3.68%, 0, 0, 8, 2374.14
1570554558, 0, 333, 634, 444, 89, 3.68%, 0, 0, 8, 2139.90
1570554564, 0, 333, 637, 447, 89, 3.70%, 0, 0, 8, 3144.28
1570554569, 0, 336, 637, 446, 90, 3.70%, 0, 0, 8, 3104.01
1570554579, 0, 337, 638, 446, 89, 3.70%, 0, 0, 8, 1473.14
1570554584, 0, 337, 639, 447, 89, 3.70%, 0, 0, 8, 379.27
1570554589, 0, 338, 642, 449, 89, 3.70%, 0, 0, 8, 450.00
1570554595, 0, 338, 644, 451, 89, 3.72%, 0, 0, 8, 49.68
1570554600, 0, 348, 645, 451, 91, 3.73%, 0, 0, 8, 75.92
1570554610, 0, 363, 647, 452, 90, 3.74%, 0, 0, 8, 49.61
1570554615, 0, 364, 647, 451, 91, 3.74%, 0, 0, 8, 2106.74
1570554621, 0, 364, 648, 452, 91, 3.75%, 0, 0, 8, 1564.91
1570554626, 0, 365, 649, 452, 91, 3.75%, 0, 0, 8, 2737.62
1570554636, 0, 368, 652, 454, 90, 3.75%, 0, 0, 8, 49.64
1570554641, 0, 376, 653, 454, 90, 3.75%, 0, 0, 8, 2022.86
1570554646, 0, 376, 656, 457, 90, 3.76%, 0, 0, 8, 1560.04
1570554651, 0, 377, 658, 458, 90, 3.76%, 0, 0, 8, 2640.00
1570554662, 0, 378, 660, 459, 90, 3.77%, 0, 0, 8, 47.11
1570554667, 0, 379, 660, 458, 91, 3.77%, 0, 0, 8, 1945.27
1570554677, 0, 382, 661, 458, 90, 3.77%, 0, 0, 8, 2755.00
1570554688, 0, 394, 663, 459, 90, 3.77%, 0, 0, 8, 49.59
1570554693, 0, 395, 663, 458, 89, 3.77%, 0, 0, 8, 2459.72
1570554703, 0, 400, 665, 459, 88, 3.77%, 0, 0, 8, 2737.62
1570554709, 0, 400, 666, 460, 88, 3.77%, 0, 0, 8, 305.37
1570554714, 0, 405, 666, 459, 88, 3.77%, 0, 0, 8, 2386.17
1570554719, 0, 407, 666, 458, 87, 3.77%, 0, 0, 8, 2023.99
1570554724, 0, 407, 667, 459, 87, 3.77%, 0, 0, 8, 1482.30
1570554729, 0, 410, 668, 459, 86, 3.77%, 0, 0, 8, 84.65
1570554740, 0, 412, 676, 466, 85, 3.78%, 0, 0, 8, 49.66
1570554745, 0, 413, 678, 467, 89, 3.78%, 0, 0, 8, 2050.45
1570554750, 0, 413, 681, 470, 89, 3.78%, 0, 0, 8, 1550.64
1570554755, 0, 418, 683, 471, 89, 3.79%, 0, 0, 8, 1669.88
1570554760, 0, 418, 685, 473, 89, 3.79%, 0, 0, 8, 221.75
1570554765, 0, 419, 691, 478, 91, 3.81%, 0, 0, 8, 49.67
1570554770, 0, 420, 692, 478, 93, 3.81%, 0, 0, 8, 1946.76
1570554776, 0, 420, 693, 479, 93, 3.81%, 0, 0, 8, 1485.02
1570554781, 0, 421, 694, 479, 92, 3.81%, 0, 0, 8, 545.00
1570554791, 0, 423, 695, 479, 91, 3.81%, 0, 0, 8, 49.61
1570554797, 0, 425, 697, 480, 91, 3.81%, 0, 0, 8, 2062.17
1570554802, 0, 425, 705, 488, 91, 3.84%, 0, 0, 8, 1570.00
1570554807, 0, 426, 708, 490, 98, 3.84%, 0, 0, 8, 560.62
1570554812, 0, 426, 710, 492, 98, 3.85%, 0, 0, 8, 1478.61
1570554817, 0, 430, 712, 493, 98, 3.86%, 0, 0, 8, 48.78
1570554823, 0, 431, 716, 496, 99, 3.86%, 0, 0, 8, 2050.48
1570554828, 0, 431, 717, 497, 99, 3.86%, 0, 0, 8, 1599.64
1570554833, 0, 433, 718, 497, 98, 3.86%, 0, 0, 8, 1497.00
1570554838, 0, 433, 720, 499, 98, 3.87%, 0, 0, 8, 322.15
1570554843, 0, 434, 723, 501, 97, 3.88%, 0, 0, 8, 49.66
1570554848, 0, 437, 724, 501, 100, 3.88%, 0, 0, 8, 473.29
1570554853, 0, 437, 728, 505, 100, 3.92%, 0, 0, 8, 158.68
1570554859, 0, 438, 729, 505, 103, 3.92%, 0, 0, 8, 540.00
1570554869, 0, 445, 730, 505, 102, 3.94%, 0, 0, 8, 62.00
1570554874, 0, 447, 732, 506, 102, 3.94%, 0, 0, 8, 2127.82
1570554879, 0, 447, 735, 509, 102, 3.94%, 0, 0, 8, 1488.39
1570554884, 0, 473, 736, 509, 101, 3.94%, 0, 0, 8, 1605.00
1570554890, 0, 473, 739, 512, 101, 3.94%, 0, 0, 8, 256.72
1570554895, 0, 486, 741, 512, 101, 3.94%, 0, 0, 8, 2623.10
1570554900, 0, 486, 742, 513, 101, 3.94%, 0, 0, 8, 2505.00
1570554905, 0, 489, 743, 513, 101, 3.94%, 0, 0, 8, 2656.02
1570554910, 0, 489, 748, 518, 101, 3.94%, 0, 0, 8, 1488.39
1570554921, 0, 491, 750, 519, 100, 3.94%, 0, 0, 8, 2177.03
1570554926, 0, 491, 751, 520, 100, 3.94%, 0, 0, 8, 2680.00
1570554931, 0, 502, 753, 521, 99, 3.94%, 0, 0, 8, 1912.15
1570554936, 0, 502, 756, 524, 99, 3.94%, 0, 0, 8, 299.52
1570554941, 0, 505, 761, 528, 99, 3.95%, 0, 0, 8, 325.00
1570554946, 0, 511, 764, 530, 101, 3.96%, 0, 0, 8, 510.18
1570554951, 0, 511, 765, 531, 101, 3.96%, 0, 0, 8, 1588.76
1570554962, 0, 518, 765, 530, 103, 3.96%, 0, 0, 8, 2685.60
1570554972, 0, 519, 767, 531, 102, 3.96%, 0, 0, 8, 172.97
1570554977, 0, 535, 777, 540, 102, 3.97%, 0, 0, 8, 1600.44
1570554983, 0, 535, 796, 559, 102, 4.00%, 0, 0, 8, 1567.78
1570554988, 0, 550, 803, 565, 113, 4.00%, 0, 0, 8, 1661.76
1570554993, 0, 551, 803, 564, 112, 4.00%, 0, 0, 8, 2232.21
1570554998, 0, 551, 804, 565, 112, 4.00%, 0, 0, 8, 176.27
1570555004, 0, 565, 809, 568, 110, 4.00%, 0, 0, 8, 846.59
1570555009, 0, 565, 814, 573, 110, 4.01%, 0, 0, 8, 100.40
1570555014, 0, 565, 816, 575, 110, 4.01%, 0, 0, 8, 1193.44
1570555019, 0, 566, 816, 574, 112, 4.01%, 0, 0, 8, 1744.69
1570555030, 0, 567, 820, 577, 111, 4.06%, 0, 0, 8, 2116.41
1570555040, 0, 568, 827, 583, 115, 4.06%, 0, 0, 8, 1697.25
1570555045, 0, 570, 830, 585, 117, 4.06%, 0, 0, 8, 2125.85
1570555050, 0, 570, 832, 587, 117, 4.10%, 0, 0, 8, 1491.67
1570555056, 0, 573, 838, 592, 117, 4.10%, 0, 0, 8, 2227.08
1570555061, 0, 573, 839, 593, 117, 4.10%, 0, 0, 8, 453.68
1570555066, 0, 576, 841, 594, 117, 4.10%, 0, 0, 8, 2696.16
1570555071, 0, 576, 842, 595, 117, 4.10%, 0, 0, 8, 274.98
1570555076, 0, 586, 859, 611, 117, 4.10%, 0, 0, 8, 2456.67
1570555082, 0, 586, 864, 616, 117, 4.10%, 0, 0, 8, 2630.32
1570555087, 0, 597, 865, 615, 116, 4.10%, 0, 0, 8, 2673.24
1570555097, 0, 605, 866, 614, 114, 4.10%, 0, 0, 9, 2908.85
1570555102, 0, 606, 866, 613, 114, 4.10%, 0, 0, 9, 3480.47
1570555107, 0, 611, 867, 612, 112, 4.10%, 0, 0, 9, 2949.56
1570555113, 0, 611, 868, 613, 112, 4.10%, 0, 0, 9, 377.64
1570555118, 0, 612, 872, 616, 112, 4.10%, 0, 0, 9, 1289.93
1570555123, 0, 613, 875, 618, 112, 4.10%, 0, 0, 9, 836.32
1570555129, 0, 613, 879, 622, 112, 4.10%, 0, 0, 9, 202.90
1570555134, 0, 614, 880, 622, 112, 4.10%, 0, 0, 9, 77.75
1570555139, 0, 614, 881, 623, 112, 4.10%, 0, 0, 9, 1068.11
1570555144, 0, 615, 890, 631, 112, 4.10%, 0, 0, 9, 49.54
1570555149, 0, 620, 893, 633, 113, 4.10%, 0, 0, 9, 2246.53
1570555159, 0, 622, 893, 632, 112, 4.10%, 0, 0, 9, 3016.25
1570555170, 0, 626, 894, 632, 111, 4.10%, 0, 0, 9, 49.60
1570555175, 0, 627, 895, 632, 110, 4.10%, 0, 0, 9, 2142.55
1570555185, 0, 628, 896, 632, 109, 4.10%, 0, 0, 9, 1733.83
1570555195, 0, 629, 896, 631, 108, 4.10%, 0, 0, 9, 2200.00
1570555200, 0, 630, 896, 630, 107, 4.10%, 0, 0, 9, 2191.85
1570555211, 0, 634, 896, 629, 106, 4.10%, 0, 0, 9, 364.11
1570555216, 0, 635, 896, 628, 105, 4.10%, 0, 0, 9, 2774.77
1570555227, 0, 642, 897, 627, 103, 4.10%, 0, 0, 9, 73.98
1570555237, 0, 643, 897, 626, 102, 4.10%, 0, 0, 9, 1752.47
1570555253, 0, 645, 898, 625, 100, 4.10%, 0, 0, 9, 1025.91
1570555258, 0, 646, 898, 624, 100, 4.10%, 0, 0, 9, 80.00
1570555269, 0, 647, 898, 623, 99, 4.10%, 0, 0, 9, 49.66
1570555274, 0, 650, 899, 623, 99, 4.10%, 0, 0, 9, 2526.77
1570555284, 0, 651, 900, 623, 98, 4.10%, 0, 0, 9, 2375.00
1570555295, 0, 654, 906, 628, 99, 4.13%, 0, 0, 9, 49.64
1570555300, 0, 656, 906, 627, 101, 4.13%, 0, 0, 9, 2042.69
1570555310, 0, 658, 906, 626, 100, 4.13%, 0, 0, 9, 525.00
1570555321, 0, 659, 906, 625, 99, 4.13%, 0, 0, 9, 1410.80
1570555331, 0, 665, 908, 625, 97, 4.14%, 0, 0, 9, 2743.63
1570555336, 0, 669, 910, 626, 96, 4.15%, 0, 0, 9, 78.05
1570555346, 0, 670, 911, 626, 98, 4.15%, 0, 0, 9, 2624.92
1570555357, 0, 671, 911, 625, 97, 4.15%, 0, 0, 9, 1603.04
1570555362, 0, 672, 911, 624, 96, 4.15%, 0, 0, 9, 1938.28
1570555367, 0, 672, 913, 626, 96, 4.16%, 0, 0, 9, 1717.18
1570555373, 0, 679, 915, 627, 95, 4.16%, 0, 0, 9, 56.64
1570555378, 0, 682, 916, 627, 97, 4.16%, 0, 0, 9, 1978.37
1570555389, 0, 683, 918, 628, 96, 4.19%, 0, 0, 9, 530.00
1570555394, 0, 683, 926, 636, 96, 4.23%, 0, 0, 9, 1463.78
1570555399, 0, 685, 926, 635, 103, 4.23%, 0, 0, 9, 49.63
1570555404, 0, 686, 926, 634, 102, 4.23%, 0, 0, 9, 1611.91
1570555414, 0, 687, 926, 633, 101, 4.23%, 0, 0, 9, 530.00
1570555425, 0, 694, 928, 634, 100, 4.28%, 0, 0, 9, 49.66
1570555430, 0, 696, 928, 633, 101, 4.28%, 0, 0, 9, 2094.95
1570555435, 0, 696, 931, 636, 101, 4.29%, 0, 0, 9, 2855.00
1570555440, 0, 697, 931, 635, 103, 4.29%, 0, 0, 9, 2751.24
1570555451, 0, 700, 931, 634, 102, 4.29%, 0, 0, 9, 49.69
1570555456, 0, 701, 931, 633, 101, 4.29%, 0, 0, 9, 2109.79
1570555466, 0, 702, 931, 632, 100, 4.29%, 0, 0, 9, 540.00
1570555471, 0, 702, 932, 633, 100, 4.29%, 0, 0, 9, 1507.46
1570555477, 0, 703, 934, 634, 99, 4.29%, 0, 0, 9, 49.69
1570555482, 0, 706, 934, 633, 98, 4.29%, 0, 0, 9, 2067.29
1570555492, 0, 707, 934, 632, 97, 4.29%, 0, 0, 9, 78.26
1570555503, 0, 708, 934, 631, 96, 4.29%, 0, 0, 9, 48.89
1570555508, 0, 711, 934, 630, 95, 4.29%, 0, 0, 9, 2056.23
1570555518, 0, 712, 936, 631, 94, 4.30%, 0, 0, 9, 2742.57
1570555528, 0, 714, 937, 631, 93, 4.30%, 0, 0, 9, 49.66
1570555533, 0, 715, 937, 630, 92, 4.30%, 0, 0, 9, 2052.91
1570555539, 0, 715, 938, 631, 92, 4.30%, 0, 0, 9, 1466.60
1570555544, 0, 720, 938, 630, 92, 4.30%, 0, 0, 9, 530.00
1570555549, 0, 720, 939, 631, 92, 4.30%, 0, 0, 9, 2545.53
1570555554, 0, 721, 939, 630, 91, 4.30%, 0, 0, 9, 62.00
1570555559, 0, 722, 939, 629, 90, 4.30%, 0, 0, 9, 2098.03
1570555569, 0, 724, 940, 629, 89, 4.30%, 0, 0, 9, 78.07
1570555580, 0, 725, 944, 632, 88, 4.37%, 0, 0, 9, 49.57
1570555585, 0, 726, 944, 631, 89, 4.37%, 0, 0, 9, 2032.90
1570555591, 0, 726, 945, 632, 89, 4.37%, 0, 0, 9, 1526.26
1570555596, 0, 727, 946, 632, 89, 4.37%, 0, 0, 9, 2765.00
1570555606, 0, 736, 947, 632, 89, 4.37%, 0, 0, 9, 49.61
1570555611, 0, 737, 947, 631, 88, 4.37%, 0, 0, 9, 2032.32
1570555622, 0, 748, 948, 631, 87, 4.37%, 0, 0, 9, 1774.44
1570555637, 0, 753, 951, 633, 86, 4.38%, 0, 0, 9, 640.00
1570555642, 0, 755, 953, 634, 86, 4.38%, 0, 0, 9, 2151.63
1570555647, 0, 755, 954, 635, 86, 4.38%, 0, 0, 9, 2307.66
1570555652, 0, 757, 954, 634, 86, 4.38%, 0, 0, 9, 2188.12
1570555657, 0, 757, 955, 635, 86, 4.38%, 0, 0, 9, 393.00
1570555662, 0, 759, 955, 634, 85, 4.38%, 0, 0, 9, 47.58
1570555667, 0, 760, 956, 634, 84, 4.38%, 0, 0, 9, 1559.86
1570555673, 0, 760, 958, 636, 84, 4.38%, 0, 0, 9, 2810.00
1570555678, 0, 762, 959, 636, 85, 4.38%, 0, 0, 9, 2571.72
1570555683, 0, 763, 959, 635, 84, 4.38%, 0, 0, 9, 3051.20
1570555688, 0, 764, 960, 635, 84, 4.43%, 0, 0, 9, 2945.02
1570555693, 0, 768, 964, 638, 83, 4.44%, 0, 0, 9, 1859.83
1570555703, 0, 769, 966, 639, 84, 4.45%, 0, 0, 9, 49.23
1570555708, 0, 769, 967, 640, 84, 4.45%, 0, 0, 9, 2176.51
1570555713, 0, 770, 970, 642, 85, 4.45%, 0, 0, 9, 860.00
1570555719, 0, 771, 970, 641, 85, 4.45%, 0, 0, 9, 2090.34
1570555724, 0, 771, 971, 642, 85, 4.45%, 0, 0, 9, 223.40
1570555729, 0, 772, 972, 642, 84, 4.45%, 0, 0, 9, 2039.14
1570555740, 0, 773, 974, 643, 83, 4.45%, 0, 0, 9, 2354.81
1570555745, 0, 773, 976, 645, 83, 4.45%, 0, 0, 9, 136.36
1570555750, 0, 777, 978, 646, 83, 4.45%, 0, 0, 9, 1783.98
1570555760, 0, 778, 979, 646, 83, 4.45%, 0, 0, 9, 2367.51
1570555771, 0, 779, 980, 646, 82, 4.45%, 0, 0, 9, 1784.50
1570555781, 0, 780, 982, 647, 81, 4.45%, 0, 0, 9, 73.77
1570555791, 0, 781, 986, 650, 80, 4.45%, 0, 0, 9, 1330.00
1570555802, 0, 782, 988, 651, 80, 4.46%, 0, 0, 9, 2265.00
1570555812, 0, 788, 996, 658, 80, 4.46%, 0, 0, 9, 2335.00
1570555817, 0, 788, 998, 660, 80, 4.46%, 0, 0, 9, 2600.00
1570555822, 0, 794, 1006, 667, 80, 4.46%, 0, 0, 9, 72.40
1570555827, 0, 794, 1009, 670, 80, 4.46%, 0, 0, 9, 287.43
1570555832, 0, 810, 1012, 672, 79, 4.47%, 0, 0, 9, 1604.91
1570555837, 0, 810, 1013, 673, 79, 4.48%, 0, 0, 9, 96.51
1570555848, 0, 814, 1014, 673, 82, 4.48%, 0, 0, 9, 755.43
1570555853, 0, 814, 1016, 675, 82, 4.48%, 0, 0, 9, 1338.65
1570555858, 0, 814, 1017, 676, 82, 4.49%, 0, 0, 9, 787.19
1570555863, 0, 814, 1018, 677, 82, 4.49%, 0, 0, 9, 1517.74
1570555868, 0, 815, 1019, 677, 83, 4.49%, 0, 0, 9, 199.25
1570555884, 0, 819, 1026, 683, 82, 4.51%, 0, 0, 9, 303.42
1570555889, 0, 823, 1027, 683, 88, 4.52%, 0, 0, 9, 2421.50
1570555894, 0, 823, 1028, 684, 88, 4.52%, 0, 0, 9, 2590.00
1570555899, 0, 825, 1028, 683, 87, 4.52%, 0, 0, 9, 1868.63
1570555909, 0, 826, 1028, 682, 86, 4.52%, 0, 0, 9, 1870.56
1570555915, 0, 826, 1030, 684, 86, 4.52%, 0, 0, 9, 2569.20
1570555920, 0, 826, 1037, 691, 86, 4.52%, 0, 0, 9, 2024.80
1570555925, 0, 826, 1072, 726, 86, 4.52%, 0, 0, 9, 1942.35
1570555930, 0, 826, 1091, 745, 86, 4.53%, 0, 0, 9, 1999.30
1570555935, 0, 830, 1102, 755, 86, 4.57%, 0, 0, 9, 49.62
1570555945, 0, 838, 1103, 755, 93, 4.57%, 0, 0, 9, 2590.33
1570555950, 0, 839, 1103, 754, 93, 4.57%, 0, 0, 9, 1679.36
1570555960, 0, 857, 1103, 753, 92, 4.57%, 0, 0, 9, 1768.57
1570555975, 0, 867, 1118, 766, 98, 5.16%, 0, 0, 10, 2634.86
1570555980, 0, 867, 1119, 767, 98, 5.16%, 0, 0, 10, 49.56
1570555985, 0, 869, 1120, 766, 96, 5.16%, 0, 0, 10, 75.79
1570555996, 0, 871, 1123, 768, 95, 5.16%, 0, 0, 10, 49.58
1570556001, 0, 872, 1123, 767, 95, 5.16%, 0, 0, 10, 2103.30
1570556007, 0, 872, 1124, 768, 95, 5.16%, 0, 0, 10, 1710.73
1570556012, 0, 877, 1125, 768, 94, 5.16%, 0, 0, 10, 77.05
1570556023, 0, 884, 1132, 773, 92, 5.16%, 0, 0, 10, 49.67
1570556028, 0, 886, 1133, 773, 94, 5.16%, 0, 0, 10, 901.29
1570556038, 0, 887, 1134, 773, 93, 5.16%, 0, 0, 10, 2800.00
1570556043, 0, 887, 1136, 775, 93, 5.16%, 0, 0, 10, 118.08
1570556049, 0, 888, 1141, 779, 92, 5.16%, 0, 0, 10, 347.22
1570556054, 0, 897, 1141, 778, 93, 5.16%, 0, 0, 10, 2015.65
1570556064, 0, 898, 1141, 777, 92, 5.16%, 0, 0, 10, 79.44
1570556075, 0, 901, 1144, 779, 92, 5.17%, 0, 0, 10, 352.81
1570556085, 0, 902, 1144, 778, 93, 5.17%, 0, 0, 10, 1451.67
1570556091, 0, 903, 1144, 777, 92, 5.17%, 0, 0, 10, 2129.27
1570556101, 0, 904, 1144, 776, 91, 5.17%, 0, 0, 10, 1712.29
1570556106, 0, 904, 1146, 778, 91, 5.17%, 0, 0, 10, 288.24
1570556111, 0, 905, 1151, 782, 90, 5.21%, 0, 0, 10, 49.60
1570556116, 0, 905, 1158, 789, 90, 5.24%, 0, 0, 10, 2018.71
1570556121, 0, 907, 1161, 791, 97, 5.25%, 0, 0, 10, 2587.44
1570556127, 0, 908, 1161, 790, 99, 5.25%, 0, 0, 10, 1821.05
1570556137, 0, 909, 1161, 789, 98, 5.25%, 0, 0, 10, 2483.91
1570556147, 0, 910, 1161, 788, 97, 5.25%, 0, 0, 10, 2382.84
1570556158, 0, 911, 1164, 790, 98, 5.25%, 0, 0, 10, 2048.96
1570556163, 0, 912, 1165, 790, 97, 5.25%, 0, 0, 10, 1884.40
1570556173, 0, 913, 1166, 790, 96, 5.25%, 0, 0, 10, 2487.56
1570556184, 0, 914, 1166, 789, 96, 5.25%, 0, 0, 10, 221.97
1570556194, 0, 915, 1170, 792, 95, 5.25%, 0, 0, 10, 260.12
1570556199, 0, 917, 1172, 792, 93, 5.25%, 0, 0, 10, 695.67
1570556209, 0, 922, 1172, 788, 89, 5.25%, 0, 0, 10, 2555.00
1570556214, 0, 922, 1174, 790, 89, 5.26%, 0, 0, 10, 2352.65
1570556220, 0, 923, 1174, 789, 88, 5.26%, 0, 0, 10, 412.56
1570556231, 0, 924, 1174, 788, 87, 5.26%, 0, 0, 10, 329.97
1570556236, 0, 925, 1174, 787, 86, 5.26%, 0, 0, 10, 77.27
1570556246, 0, 939, 1174, 779, 78, 5.26%, 0, 0, 10, 2195.00
1570556256, 0, 940, 1179, 783, 77, 5.28%, 0, 0, 10, 1910.43
1570556266, 0, 941, 1181, 784, 80, 5.28%, 0, 0, 10, 1237.68
1570556272, 0, 942, 1182, 784, 80, 5.29%, 0, 0, 10, 2132.50
1570556282, 0, 944, 1186, 787, 80, 5.32%, 0, 0, 10, 2259.26
1570556292, 0, 945, 1186, 786, 82, 5.32%, 0, 0, 10, 205.36
1570556297, 0, 949, 1187, 786, 81, 5.32%, 0, 0, 10, 1929.50
1570556308, 0, 959, 1192, 788, 78, 5.34%, 0, 0, 10, 74.35
1570556313, 0, 959, 1199, 795, 78, 5.35%, 0, 0, 10, 2798.46
1570556318, 0, 961, 1199, 794, 88, 5.35%, 0, 0, 10, 49.64
1570556323, 0, 962, 1200, 794, 87, 5.35%, 0, 0, 10, 1686.09
1570556328, 0, 962, 1201, 795, 87, 5.35%, 0, 0, 10, 2855.00
1570556334, 0, 963, 1205, 798, 86, 5.35%, 0, 0, 10, 1590.00
1570556344, 0, 964, 1205, 797, 86, 5.35%, 0, 0, 10, 2620.34
1570556354, 0, 967, 1205, 796, 85, 5.35%, 0, 0, 10, 2609.20
1570556365, 0, 972, 1206, 796, 84, 5.36%, 0, 0, 10, 140.54
1570556375, 0, 974, 1206, 795, 84, 5.36%, 0, 0, 10, 134.85
1570556381, 0, 977, 1206, 794, 83, 5.36%, 0, 0, 10, 1968.17
1570556391, 0, 985, 1206, 793, 82, 5.36%, 0, 0, 10, 1830.09
1570556401, 0, 1007, 1207, 793, 81, 5.36%, 0, 0, 10, 1838.90
1570556406, 0, 1007, 1234, 820, 81, 5.36%, 0, 0, 10, 1243.02
1570556411, 0, 1009, 1237, 822, 82, 5.36%, 0, 0, 10, 476.17
1570556416, 0, 1009, 1238, 823, 82, 5.36%, 0, 0, 10, 1375.10
1570556427, 0, 1009, 1239, 824, 82, 5.36%, 0, 0, 10, 1397.53
1570556432, 0, 1011, 1239, 823, 82, 5.36%, 0, 0, 10, 1205.00
1570556442, 0, 1011, 1240, 824, 82, 5.36%, 0, 0, 10, 144.12
1570556447, 0, 1012, 1242, 825, 82, 5.37%, 0, 0, 10, 137.10
1570556452, 0, 1012, 1243, 826, 82, 5.37%, 0, 0, 10, 49.56
1570556462, 0, 1014, 1244, 826, 85, 5.37%, 0, 0, 10, 1724.01
1570556478, 0, 1019, 1250, 831, 85, 5.37%, 0, 0, 10, 747.01
1570556483, 0, 1019, 1259, 840, 85, 5.37%, 0, 0, 10, 1441.88
1570556493, 0, 1019, 1261, 842, 85, 5.37%, 0, 0, 10, 178.23
1570556498, 0, 1020, 1262, 842, 85, 5.37%, 0, 0, 10, 49.57
1570556509, 0, 1021, 1263, 842, 84, 5.38%, 0, 0, 10, 242.46
1570556514, 0, 1022, 1263, 841, 83, 5.38%, 0, 0, 10, 70.84
1570556524, 0, 1024, 1264, 841, 82, 5.38%, 0, 0, 10, 139.54
1570556535, 0, 1026, 1265, 841, 82, 5.38%, 0, 0, 10, 2263.12
1570556540, 0, 1038, 1277, 852, 82, 5.38%, 0, 0, 10, 1853.92
1570556545, 0, 1038, 1278, 853, 82, 5.39%, 0, 0, 10, 1650.00
1570556550, 0, 1038, 1280, 855, 82, 5.39%, 0, 0, 10, 1558.09
1570556555, 0, 1038, 1312, 887, 82, 5.39%, 0, 0, 10, 1828.41
1570556560, 0, 1038, 1333, 908, 82, 5.39%, 0, 0, 10, 1977.02
1570556565, 0, 1038, 1348, 923, 82, 5.39%, 0, 0, 10, 1887.54
1570556571, 0, 1092, 1352, 926, 85, 5.39%, 0, 0, 10, 1471.42
1570556581, 0, 1094, 1353, 926, 85, 5.40%, 0, 0, 10, 127.32
1570556586, 0, 1095, 1353, 925, 84, 5.40%, 0, 0, 10, 2373.25
1570556596, 0, 1096, 1353, 924, 83, 5.40%, 0, 0, 10, 1978.95
1570556607, 0, 1097, 1354, 924, 82, 5.40%, 0, 0, 10, 77.15
1570556612, 0, 1097, 1355, 925, 82, 5.40%, 0, 0, 10, 277.11
1570556617, 0, 1100, 1355, 924, 83, 5.40%, 0, 0, 10, 2277.39
1570556627, 0, 1101, 1355, 923, 82, 5.40%, 0, 0, 10, 2307.03
1570556638, 0, 1102, 1355, 922, 81, 5.40%, 0, 0, 10, 49.58
1570556643, 0, 1106, 1357, 923, 80, 5.42%, 0, 0, 11, 2524.27
1570556648, 0, 1109, 1361, 926, 84, 5.43%, 0, 0, 11, 2658.65
1570556653, 0, 1110, 1363, 927, 84, 5.43%, 0, 0, 11, 2684.51
1570556658, 0, 1111, 1366, 929, 83, 5.43%, 0, 0, 11, 2858.19
1570556663, 0, 1113, 1366, 928, 82, 5.43%, 0, 0, 11, 3015.34
1570556668, 0, 1116, 1367, 927, 80, 5.44%, 0, 0, 11, 2921.25
1570556673, 0, 1121, 1367, 926, 80, 5.44%, 0, 0, 11, 2442.77
1570556683, 0, 1126, 1367, 925, 79, 5.44%, 0, 0, 11, 2794.83
1570556694, 0, 1131, 1374, 931, 78, 5.44%, 0, 0, 11, 49.59
1570556699, 0, 1138, 1377, 933, 79, 5.44%, 0, 0, 11, 2008.77
1570556709, 0, 1139, 1381, 936, 79, 5.44%, 0, 0, 11, 2515.00
1570556720, 0, 1141, 1381, 935, 78, 5.44%, 0, 0, 11, 109.29
1570556725, 0, 1142, 1381, 934, 77, 5.44%, 0, 0, 11, 2405.32
1570556735, 0, 1143, 1381, 933, 76, 5.44%, 0, 0, 11, 1811.85
1570556745, 0, 1144, 1384, 935, 75, 5.46%, 0, 0, 11, 2562.49
1570556751, 0, 1144, 1386, 937, 75, 5.47%, 0, 0, 11, 286.30
1570556756, 0, 1146, 1393, 943, 78, 5.50%, 0, 0, 11, 49.65
1570556761, 0, 1149, 1394, 943, 83, 5.50%, 0, 0, 11, 2493.16
1570556766, 0, 1149, 1397, 946, 83, 5.51%, 0, 0, 11, 49.59
1570556771, 0, 1154, 1397, 944, 82, 5.51%, 0, 0, 11, 77.61
1570556782, 0, 1158, 1397, 942, 80, 5.51%, 0, 0, 11, 1383.68
1570556792, 0, 1159, 1397, 941, 79, 5.51%, 0, 0, 11, 215.52
1570556797, 0, 1160, 1397, 940, 78, 5.51%, 0, 0, 11, 1702.37
1570556807, 0, 1161, 1397, 939, 77, 5.51%, 0, 0, 11, 76.50
1570556818, 0, 1162, 1397, 938, 76, 5.51%, 0, 0, 11, 2527.82
1570556828, 0, 1165, 1397, 937, 75, 5.51%, 0, 0, 11, 235.79
1570556839, 0, 1173, 1398, 937, 74, 5.51%, 0, 0, 11, 288.62
1570556844, 0, 1174, 1398, 936, 74, 5.51%, 0, 0, 11, 2137.64
1570556849, 0, 1174, 1399, 937, 74, 5.52%, 0, 0, 11, 482.87
1570556854, 0, 1175, 1399, 936, 74, 5.52%, 0, 0, 11, 2495.27
1570556859, 0, 1175, 1400, 937, 74, 5.52%, 0, 0, 11, 228.00
1570556864, 0, 1176, 1400, 936, 74, 5.52%, 0, 0, 11, 236.08
1570556870, 0, 1177, 1400, 935, 73, 5.52%, 0, 0, 11, 1939.49
1570556880, 0, 1178, 1400, 934, 72, 5.52%, 0, 0, 11, 72.16
1570556891, 0, 1180, 1400, 933, 71, 5.52%, 0, 0, 11, 1655.29
1570556901, 0, 1181, 1400, 932, 70, 5.52%, 0, 0, 11, 237.53
1570556907, 0, 1183, 1401, 932, 69, 5.52%, 0, 0, 11, 76.92
1570556918, 0, 1184, 1401, 931, 68, 5.52%, 0, 0, 11, 215.75
1570556923, 0, 1185, 1401, 930, 67, 5.52%, 0, 0, 11, 1933.42
1570556933, 0, 1187, 1401, 929, 66, 5.52%, 0, 0, 11, 2361.92
1570556939, 0, 1188, 1404, 931, 65, 5.55%, 0, 0, 11, 101.08
1570556949, 0, 1190, 1404, 930, 67, 5.55%, 0, 0, 11, 451.71
1570556954, 0, 1191, 1404, 929, 66, 5.55%, 0, 0, 11, 80.39
1570556965, 0, 1192, 1404, 928, 65, 5.55%, 0, 0, 11, 439.73
1570556970, 0, 1193, 1404, 927, 64, 5.55%, 0, 0, 11, 352.10
1570556980, 0, 1194, 1404, 926, 63, 5.55%, 0, 0, 11, 103.11
1570556986, 0, 1195, 1404, 925, 62, 5.55%, 0, 0, 11, 206.14
1570556996, 0, 1196, 1404, 924, 61, 5.55%, 0, 0, 11, 103.29
1570557001, 0, 1197, 1404, 923, 60, 5.55%, 0, 0, 11, 1888.64
1570557012, 0, 1198, 1404, 922, 59, 5.55%, 0, 0, 11, 48.65
1570557017, 0, 1203, 1407, 924, 58, 5.55%, 0, 0, 11, 800.92
1570557027, 0, 1205, 1407, 923, 58, 5.55%, 0, 0, 11, 2648.22
1570557037, 0, 1207, 1417, 932, 57, 5.55%, 0, 0, 11, 2453.55
1570557042, 0, 1207, 1419, 934, 57, 5.55%, 0, 0, 11, 168.14
1570557047, 0, 1237, 1421, 935, 58, 5.55%, 0, 0, 11, 76.39
1570557063, 0, 1238, 1425, 938, 59, 5.55%, 0, 0, 11, 1973.27
1570557068, 0, 1238, 1429, 942, 59, 5.55%, 0, 0, 11, 49.50
1570557078, 0, 1239, 1433, 945, 59, 5.55%, 0, 0, 11, 1625.79
1570557083, 0, 1239, 1435, 947, 59, 5.55%, 0, 0, 11, 1394.66
1570557094, 0, 1239, 1436, 948, 59, 5.55%, 0, 0, 11, 171.62
1570557099, 0, 1240, 1437, 948, 58, 5.55%, 0, 0, 11, 76.21
1570557114, 0, 1241, 1438, 948, 58, 5.55%, 0, 0, 11, 875.58
1570557129, 0, 1242, 1439, 948, 58, 5.55%, 0, 0, 11, 720.60
1570557145, 0, 1242, 1440, 949, 58, 5.55%, 0, 0, 11, 691.65
1570557150, 0, 1243, 1441, 949, 58, 5.55%, 0, 0, 11, 1046.04
1570557155, 0, 1243, 1442, 950, 58, 5.55%, 0, 0, 11, 48.42
1570557165, 0, 1244, 1443, 950, 57, 5.55%, 0, 0, 11, 70.42
1570557181, 0, 1260, 1444, 950, 56, 5.55%, 0, 0, 11, 1700.36
1570557186, 0, 1260, 1445, 951, 56, 5.55%, 0, 0, 11, 291.47
1570557202, 0, 1262, 1445, 950, 55, 5.55%, 0, 0, 11, 2627.51
1570557207, 0, 1263, 1445, 949, 54, 5.55%, 0, 0, 11, 2118.28
1570557217, 0, 1264, 1445, 948, 53, 5.55%, 0, 0, 11, 2503.24
1570557227, 0, 1277, 1447, 949, 52, 5.56%, 0, 0, 11, 1994.23
1570557233, 0, 1277, 1449, 951, 52, 5.56%, 0, 0, 11, 2015.73
1570557238, 0, 1304, 1450, 951, 55, 5.56%, 0, 0, 11, 1962.18
1570557253, 0, 1348, 1450, 949, 54, 5.56%, 0, 0, 11, 2502.49
1570557258, 0, 1351, 1450, 948, 53, 5.56%, 0, 0, 11, 49.60
1570557263, 0, 1352, 1450, 947, 52, 5.56%, 0, 0, 11, 2468.21
1570557274, 0, 1353, 1451, 947, 51, 5.56%, 0, 0, 11, 2231.30
1570557284, 0, 1354, 1452, 947, 50, 5.56%, 0, 0, 11, 73.57
1570557295, 0, 1355, 1453, 947, 50, 5.56%, 0, 0, 12, 2758.48
1570557300, 0, 1356, 1453, 946, 50, 5.56%, 0, 0, 12, 2787.39
1570557305, 0, 1358, 1454, 945, 49, 5.56%, 0, 0, 12, 2940.74
1570557310, 0, 1361, 1455, 945, 48, 5.56%, 0, 0, 12, 2740.00
1570557315, 0, 1365, 1456, 945, 47, 5.56%, 0, 0, 12, 2770.61
1570557320, 0, 1366, 1457, 945, 46, 5.56%, 0, 0, 12, 2792.93
1570557325, 0, 1368, 1461, 948, 46, 5.56%, 0, 0, 12, 46.70
1570557331, 0, 1370, 1465, 951, 47, 5.56%, 0, 0, 12, 2081.84
1570557341, 0, 1375, 1466, 951, 47, 5.56%, 0, 0, 12, 86.67
1570557352, 0, 1376, 1467, 951, 46, 5.56%, 0, 0, 12, 90.54
1570557357, 0, 1382, 1467, 950, 45, 5.56%, 0, 0, 12, 2170.10
1570557362, 0, 1382, 1468, 951, 45, 5.57%, 0, 0, 12, 90.23
1570557367, 0, 1383, 1470, 952, 46, 5.59%, 0, 0, 12, 1785.91
1570557372, 0, 1383, 1471, 953, 46, 5.59%, 0, 0, 12, 2512.44
1570557378, 0, 1384, 1471, 952, 47, 5.59%, 0, 0, 12, 2072.60
1570557388, 0, 1385, 1473, 953, 46, 5.59%, 0, 0, 12, 49.59
1570557393, 0, 1386, 1474, 953, 46, 5.59%, 0, 0, 12, 2489.72
1570557398, 0, 1386, 1475, 954, 46, 5.59%, 0, 0, 12, 83.98
1570557403, 0, 1387, 1477, 955, 47, 5.60%, 0, 0, 12, 73.75
1570557414, 0, 1388, 1479, 956, 47, 5.60%, 0, 0, 12, 1674.28
1570557419, 0, 1388, 1480, 957, 47, 5.60%, 0, 0, 12, 1940.81
1570557425, 0, 1389, 1482, 958, 48, 5.61%, 0, 0, 12, 1912.70
1570557430, 0, 1390, 1483, 958, 49, 5.61%, 0, 0, 12, 67.31
1570557436, 0, 1390, 1484, 959, 49, 5.61%, 0, 0, 12, 1819.51
1570557441, 0, 1391, 1485, 959, 50, 5.61%, 0, 0, 12, 298.22
1570557446, 0, 1391, 1487, 961, 50, 5.62%, 0, 0, 12, 2519.97
1570557451, 0, 1392, 1488, 961, 51, 5.63%, 0, 0, 12, 2186.02
1570557457, 0, 1393, 1490, 962, 51, 5.64%, 0, 0, 12, 1600.45
1570557467, 0, 1394, 1490, 961, 52, 5.64%, 0, 0, 12, 1712.28
1570557478, 0, 1396, 1490, 960, 51, 5.64%, 0, 0, 12, 49.58
1570557483, 0, 1397, 1490, 959, 50, 5.64%, 0, 0, 12, 844.39
1570557493, 0, 1398, 1491, 959, 49, 5.64%, 0, 0, 12, 86.09
1570557504, 0, 1399, 1492, 959, 48, 5.64%, 0, 0, 12, 215.75
1570557509, 0, 1401, 1492, 958, 48, 5.64%, 0, 0, 12, 1948.04
1570557514, 0, 1401, 1493, 959, 48, 5.64%, 0, 0, 12, 2765.55
1570557519, 0, 1402, 1493, 958, 47, 5.64%, 0, 0, 12, 488.97
1570557530, 0, 1403, 1494, 958, 46, 5.65%, 0, 0, 12, 451.36
1570557535, 0, 1406, 1494, 957, 46, 5.65%, 0, 0, 12, 78.20
1570557545, 0, 1407, 1499, 961, 45, 5.65%, 0, 0, 12, 1684.26
1570557556, 0, 1409, 1499, 960, 45, 5.65%, 0, 0, 12, 290.29
1570557566, 0, 1419, 1502, 962, 45, 5.65%, 0, 0, 12, 1534.22
1570557571, 0, 1420, 1502, 961, 45, 5.65%, 0, 0, 12, 1336.23
1570557587, 0, 1420, 1503, 962, 45, 5.65%, 0, 0, 12, 1331.65
1570557592, 0, 1421, 1505, 963, 45, 5.65%, 0, 0, 12, 76.34
1570557607, 0, 1424, 1506, 963, 45, 5.65%, 0, 0, 12, 1562.30
1570557623, 0, 1437, 1506, 962, 44, 5.65%, 0, 0, 12, 1612.69
1570557643, 0, 1438, 1510, 965, 43, 5.65%, 0, 0, 12, 78.12
1570557648, 0, 1438, 1511, 966, 43, 5.65%, 0, 0, 12, 49.64
1570557659, 0, 1439, 1511, 965, 42, 5.65%, 0, 0, 12, 558.68
1570557679, 0, 1445, 1511, 964, 41, 5.65%, 0, 0, 12, 2105.95
1570557690, 0, 1446, 1512, 964, 42, 5.65%, 0, 0, 12, 298.81
1570557705, 0, 1448, 1519, 970, 41, 5.65%, 0, 0, 12, 1150.00
1570557710, 0, 1451, 1522, 972, 41, 5.65%, 0, 0, 12, 2076.32
1570557720, 0, 1452, 1523, 972, 41, 5.65%, 0, 0, 13, 2169.90
1570557725, 0, 1453, 1523, 971, 41, 5.65%, 0, 0, 13, 2590.28
1570557730, 0, 1456, 1523, 970, 40, 5.65%, 0, 0, 13, 2705.07
1570557736, 0, 1458, 1523, 969, 39, 5.65%, 0, 0, 13, 53.61
1570557741, 0, 1459, 1524, 969, 38, 5.65%, 0, 0, 13, 2092.97
1570557746, 0, 1459, 1525, 970, 38, 5.65%, 0, 0, 13, 1544.65
1570557751, 0, 1464, 1526, 970, 37, 5.65%, 0, 0, 13, 2326.81
1570557762, 0, 1467, 1529, 972, 36, 5.66%, 0, 0, 13, 330.78
1570557772, 0, 1468, 1529, 971, 38, 5.66%, 0, 0, 13, 1336.92
1570557777, 0, 1469, 1531, 972, 37, 5.67%, 0, 0, 13, 1619.96
1570557788, 0, 1470, 1531, 971, 37, 5.67%, 0, 0, 13, 1564.27
1570557798, 0, 1473, 1531, 970, 36, 5.67%, 0, 0, 13, 91.13
1570557803, 0, 1474, 1533, 971, 35, 5.67%, 0, 0, 13, 554.68
1570557813, 0, 1475, 1534, 971, 35, 5.67%, 0, 0, 13, 83.36
1570557824, 0, 1476, 1534, 970, 34, 5.67%, 0, 0, 13, 425.88
1570557834, 0, 1478, 1534, 969, 33, 5.67%, 0, 0, 13, 2025.00
1570557839, 0, 1479, 1534, 968, 32, 5.67%, 0, 0, 13, 1857.94
1570557849, 0, 1480, 1534, 967, 31, 5.67%, 0, 0, 13, 1083.50
1570557855, 0, 1480, 1536, 969, 31, 5.69%, 1, 0, 13, 222.22
1570557860, 0, 1481, 1536, 968, 32, 5.69%, 1, 0, 13, 215.75
1570557865, 0, 1482, 1536, 967, 31, 5.69%, 1, 0, 13, 2488.98
1570557876, 0, 1483, 1536, 966, 30, 5.69%, 1, 0, 13, 1799.76
1570557886, 0, 1485, 1536, 965, 29, 5.69%, 1, 0, 13, 2511.10
1570557896, 0, 1486, 1536, 964, 28, 5.69%, 1, 0, 13, 49.63
1570557901, 0, 1487, 1536, 963, 27, 5.69%, 1, 0, 13, 2032.55
1570557906, 0, 1487, 1537, 964, 27, 5.69%, 1, 0, 13, 1469.47
1570557912, 0, 1488, 1537, 963, 26, 5.69%, 1, 0, 13, 1785.84
1570557922, 0, 1491, 1537, 962, 25, 5.69%, 1, 0, 13, 2471.73
1570557932, 0, 1493, 1537, 961, 24, 5.69%, 1, 0, 13, 444.44
1570557937, 0, 1494, 1538, 961, 23, 5.69%, 1, 0, 13, 76.05
1570557948, 0, 1500, 1539, 961, 22, 5.69%, 1, 0, 13, 1523.39
1570557953, 0, 1500, 1540, 962, 22, 5.69%, 1, 0, 13, 1123.35
1570557958, 0, 1502, 1540, 961, 22, 5.69%, 1, 0, 13, 823.26
1570557973, 0, 1504, 1540, 960, 21, 5.69%, 1, 0, 13, 1516.55
1570557994, 0, 1511, 1544, 963, 20, 5.69%, 1, 0, 13, 2002.34
1570557999, 0, 1511, 1545, 964, 20, 5.69%, 1, 0, 13, 130.76
1570558004, 0, 1517, 1545, 963, 19, 5.69%, 1, 0, 13, 1758.68
1570558015, 0, 1521, 1546, 963, 18, 5.69%, 1, 0, 13, 2712.18
1570558025, 0, 1526, 1547, 962, 17, 5.69%, 1, 0, 14, 2406.51
1570558035, 0, 1527, 1548, 962, 16, 5.70%, 1, 0, 14, 2107.01
1570558045, 0, 1528, 1549, 962, 17, 5.70%, 1, 0, 14, 2519.97
1570558055, 0, 1530, 1550, 962, 16, 5.70%, 1, 0, 14, 215.75
1570558060, 0, 1533, 1550, 961, 16, 5.70%, 1, 0, 14, 2496.11
1570558071, 0, 1534, 1552, 962, 15, 5.72%, 1, 0, 14, 69.12
1570558082, 0, 1535, 1552, 961, 16, 5.72%, 1, 0, 14, 48.90
1570558087, 0, 1536, 1552, 960, 15, 5.72%, 1, 0, 14, 2452.28
1570558098, 0, 1538, 1553, 960, 14, 5.72%, 1, 0, 14, 1941.08
1570558108, 0, 1546, 1553, 959, 14, 5.72%, 1, 0, 14, 2330.31
1570558113, 0, 1547, 1553, 958, 13, 5.72%, 1, 0, 14, 1984.48
1570558118, 0, 1547, 1554, 959, 13, 5.73%, 1, 0, 15, 280.37
1570558123, 0, 1548, 1554, 958, 13, 5.73%, 1, 0, 15, 49.58
1570558133, 0, 1549, 1554, 957, 12, 5.73%, 1, 0, 15, 1087.79
1570558139, 0, 1550, 1557, 959, 11, 5.74%, 1, 0, 15, 2245.14
1570558149, 0, 1551, 1558, 959, 13, 5.74%, 1, 0, 15, 82.60
1570558154, 0, 1551, 1559, 960, 13, 5.74%, 1, 0, 15, 2342.51
1570558160, 0, 1552, 1561, 961, 14, 5.74%, 1, 0, 15, 431.71
1570558170, 0, 1553, 1561, 960, 13, 5.74%, 1, 0, 15, 1450.00
1570558175, 0, 1554, 1561, 959, 12, 5.74%, 1, 0, 15, 1679.60
1570558185, 0, 1555, 1561, 958, 11, 5.74%, 1, 0, 15, 112.68
1570558196, 0, 1556, 1561, 957, 10, 5.74%, 1, 0, 15, 111.86
1570558201, 0, 1557, 1561, 956, 9, 5.74%, 1, 0, 15, 1979.40
1570558206, 0, 1557, 1562, 957, 9, 5.74%, 1, 0, 16, 2398.02
1570558212, 0, 1558, 1562, 956, 9, 5.74%, 1, 0, 16, 1803.88
1570558222, 0, 1561, 1562, 955, 8, 5.74%, 1, 0, 16, 1685.83
1570558227, 0, 1561, 1562, 955, 8, 5.74%, 2, 0, 16, 296.60
1570558232, 1, 6, 1562, 954, 7, 5.74%, 2, 0, 16, 2739.51
1570558237, 1, 474, 1562, 948, 4, 5.74%, 2, 0, 16, 2176.72
1570558248, 1, 490, 1562, 947, 4, 5.74%, 2, 0, 16, 1850.00
1570558258, 1, 507, 1562, 946, 3, 5.74%, 2, 0, 16, 203.91
1570558263, 1, 545, 1563, 946, 3, 5.74%, 2, 0, 16, 2384.58
1570558283, 1, 557, 1563, 945, 3, 5.74%, 2, 0, 16, 2586.16
1570558294, 1, 583, 1563, 943, 3, 5.74%, 2, 0, 16, 2547.77
1570558304, 1, 641, 1564, 943, 3, 5.74%, 2, 0, 16, 1705.61
1570558320, 1, 653, 1564, 942, 3, 5.74%, 2, 0, 16, 2740.00
1570558325, 1, 870, 1564, 941, 3, 5.74%, 2, 0, 16, 1885.86
1570558335, 1, 885, 1564, 940, 2, 5.74%, 2, 0, 16, 2786.53
1570558345, 1, 950, 1564, 939, 2, 5.74%, 2, 0, 16, 49.61
1570558351, 1, 958, 1566, 940, 2, 5.74%, 2, 0, 16, 854.54
1570558356, 1, 958, 1568, 942, 2, 5.74%, 2, 0, 16, 61.03
1570558367, 1, 1123, 1570, 943, 2, 5.74%, 2, 0, 16, 49.60
1570558372, 1, 1164, 1570, 942, 1, 5.74%, 2, 0, 16, 2167.08
1570558377, 1, 1164, 1571, 943, 1, 5.74%, 2, 0, 16, 1575.87
1570558382, 1, 1164, 1573, 945, 1, 5.74%, 2, 0, 16, 2134.36
1570558387, 1, 1199, 1574, 945, 1, 5.74%, 2, 0, 16, 407.25
1570558392, 1, 1232, 1576, 946, 1, 5.74%, 2, 0, 16, 1966.17
1570558398, 1, 1232, 1579, 949, 1, 5.74%, 2, 0, 16, 342.34
1570558403, 1, 1266, 1579, 948, 1, 5.74%, 2, 0, 16, 79.50
1570558418, 1, 1267, 1580, 948, 0, 5.75%, 2, 0, 16, 2093.19
1570558428, 1, 1513, 1583, 950, 1, 5.75%, 2, 0, 16, 1839.63
1570558443, 1, 1513, 1621, 988, 1, 5.75%, 2, 0, 16, 1892.60
1570558448, 1, 1513, 1653, 1020, 1, 5.75%, 2, 0, 16, 1917.05
1570558454, 1, 1513, 1690, 1057, 1, 5.75%, 2, 0, 16, 1918.72
1570558459, 1, 1579, 1709, 1075, 2, 5.75%, 2, 0, 16, 1762.73
1570558474, 1, 1639, 1712, 1077, 1, 5.75%, 2, 0, 16, 127.19
1570558797, 1, 1639, 1713, 1078, 1, 5.75%, 2, 0, 16, 81.66
1570558812, 1, 1639, 1715, 1080, 1, 5.75%, 2, 0, 16, 205.29
1570558817, 1, 1639, 1717, 1082, 1, 5.75%, 2, 0, 16, 220.79
1570558828, 1, 1639, 1721, 1086, 1, 5.75%, 2, 0, 16, 202.19
1570558833, 1, 1639, 1724, 1089, 1, 5.75%, 2, 0, 16, 206.57
1570558838, 1, 1639, 1725, 1090, 1, 5.75%, 2, 0, 16, 206.65
1570558863, 1, 1639, 1729, 1094, 1, 5.75%, 2, 0, 16, 205.74
1570558868, 1, 1639, 1733, 1098, 1, 5.75%, 2, 0, 16, 204.50
1570558874, 1, 1639, 1735, 1100, 1, 5.75%, 2, 0, 16, 199.86
1570558889, 1, 1639, 1740, 1105, 1, 5.75%, 2, 0, 16, 210.81
1570558899, 1, 1639, 1744, 1109, 1, 5.75%, 2, 0, 16, 203.19
1570558915, 1, 1639, 1745, 1110, 1, 5.75%, 2, 0, 16, 224.54
1570558920, 1, 1639, 1746, 1111, 1, 5.75%, 2, 0, 16, 219.37
1570558925, 1, 1643, 1746, 1110, 1, 5.75%, 2, 0, 16, 1565.44
1570558940, 1, 1643, 1747, 1111, 1, 5.75%, 2, 0, 16, 1942.47
1570558945, 1, 1643, 1755, 1119, 1, 5.75%, 2, 0, 16, 1945.15
1570558950, 1, 1643, 1768, 1132, 1, 5.75%, 2, 0, 16, 1884.66
1570558955, 1, 1644, 1777, 1140, 1, 5.75%, 2, 0, 16, 1765.40
1570558976, 1, 1644, 1778, 1141, 1, 5.75%, 2, 0, 16, 1844.53
1570558986, 1, 1644, 1783, 1146, 1, 5.75%, 2, 0, 16, 1813.75
1570558991, 1, 1644, 1786, 1149, 1, 5.75%, 2, 0, 16, 1777.76
1570558996, 1, 1644, 1793, 1156, 1, 5.75%, 2, 0, 16, 1859.72
1570559001, 1, 1644, 1800, 1163, 1, 5.75%, 2, 0, 16, 1799.28
1570559006, 1, 1746, 1803, 1165, 4, 5.76%, 2, 0, 16, 2444.78
1570559016, 1, 1785, 1804, 1165, 3, 5.76%, 2, 0, 16, 1013.66
1570559022, 1, 1785, 1805, 1166, 3, 5.76%, 2, 0, 16, 159.14
1570559062, 1, 1785, 1813, 1174, 3, 5.76%, 2, 0, 16, 1563.38
1570559067, 1, 1785, 1820, 1181, 3, 5.76%, 2, 0, 16, 1540.00
1570559073, 1, 1785, 1830, 1191, 3, 5.77%, 2, 0, 16, 1594.48
1570559078, 1, 1785, 1837, 1198, 3, 5.77%, 2, 0, 16, 1496.53
1570559083, 1, 1802, 1848, 1207, 7, 5.84%, 2, 0, 16, 2278.62
1570559088, 1, 1802, 1849, 1208, 7, 5.84%, 2, 0, 16, 321.11
1570559093, 1, 1824, 1850, 1208, 7, 5.84%, 2, 0, 16, 1941.76
1570559099, 1, 1824, 1851, 1209, 7, 5.84%, 2, 0, 16, 1581.73
1570559104, 1, 1824, 1854, 1212, 7, 5.86%, 2, 0, 16, 1543.96
1570559124, 1, 1824, 1855, 1213, 7, 5.86%, 2, 0, 16, 1539.14
1570559149, 1, 1824, 1867, 1225, 7, 5.86%, 2, 0, 16, 1573.17
1570559155, 1, 1824, 1877, 1235, 7, 5.86%, 2, 0, 16, 1575.72
1570559160, 1, 1825, 1877, 1234, 12, 5.86%, 2, 0, 16, 1707.17
1570559165, 1, 1825, 1878, 1235, 12, 5.86%, 2, 0, 16, 1601.26
1570559175, 1, 1825, 1879, 1236, 12, 5.86%, 2, 0, 16, 1744.97
1570559191, 1, 1825, 1881, 1238, 12, 5.86%, 2, 0, 16, 1953.79
1570559196, 1, 1826, 1881, 1237, 11, 5.86%, 2, 0, 16, 1519.28
1570559206, 1, 1826, 1882, 1238, 11, 5.86%, 2, 0, 16, 1433.89
1570559267, 1, 1826, 1886, 1242, 11, 5.86%, 2, 0, 16, 1455.65
1570559272, 1, 1826, 1894, 1250, 11, 5.86%, 2, 0, 16, 1480.33
1570559277, 1, 1826, 1898, 1254, 11, 5.86%, 2, 0, 16, 1468.14
1570559282, 1, 1826, 1901, 1257, 11, 5.86%, 2, 0, 16, 1451.91
1570559288, 1, 1835, 1903, 1258, 11, 5.86%, 2, 0, 16, 1547.60
1570559313, 1, 1837, 1917, 1271, 11, 5.90%, 2, 0, 16, 2454.62
1570559318, 1, 1849, 1923, 1275, 19, 5.90%, 2, 0, 17, 2684.54
1570559323, 1, 1849, 1924, 1276, 19, 5.90%, 2, 0, 17, 1811.76
1570559328, 1, 1850, 1924, 1275, 19, 5.90%, 2, 0, 17, 2299.44
1570559385, 1, 1850, 1927, 1278, 19, 5.90%, 2, 0, 17, 1591.05
1570559390, 1, 1852, 1927, 1277, 19, 5.90%, 2, 0, 17, 1524.81
1570559400, 1, 1852, 1928, 1278, 19, 5.90%, 2, 0, 17, 1134.14
1570559420, 1, 1852, 1929, 1279, 19, 5.91%, 2, 0, 17, 268.71
1570559446, 1, 1853, 1930, 1279, 19, 5.91%, 2, 0, 17, 1435.26
1570559451, 1, 1853, 1931, 1280, 19, 5.91%, 2, 0, 17, 1466.82
1570559471, 1, 1853, 1932, 1281, 19, 5.91%, 2, 0, 17, 1487.17
1570559496, 1, 1853, 1934, 1283, 19, 5.91%, 2, 0, 17, 1530.13
1570559501, 1, 1853, 1939, 1288, 19, 5.91%, 2, 0, 17, 1542.41
1570559506, 1, 1853, 1942, 1291, 19, 5.91%, 2, 0, 17, 1585.45
1570559511, 1, 1853, 1945, 1294, 19, 5.91%, 2, 0, 17, 1583.11
1570559517, 1, 1854, 1947, 1295, 21, 5.92%, 2, 0, 17, 1459.08
1570559527, 1, 1854, 1948, 1296, 21, 5.92%, 2, 0, 17, 1570.11
1570559573, 1, 1854, 1952, 1300, 21, 5.92%, 2, 0, 17, 1557.40
1570559578, 1, 1854, 1954, 1302, 21, 5.92%, 2, 0, 17, 1543.01
1570559583, 1, 1872, 1954, 1301, 21, 5.92%, 2, 0, 17, 1504.86
1570559634, 1, 1874, 1954, 1300, 20, 5.92%, 2, 0, 17, 1473.07
1570559695, 1, 1874, 1960, 1306, 20, 5.97%, 2, 0, 17, 1482.40
1570559700, 1, 1874, 1967, 1313, 20, 5.98%, 2, 0, 17, 1438.37
1570559705, 1, 1874, 1969, 1315, 20, 5.98%, 2, 0, 17, 1472.21
1570559711, 1, 1874, 1977, 1323, 20, 5.98%, 2, 0, 17, 1486.64
1570559716, 1, 1874, 1981, 1327, 20, 5.98%, 2, 0, 17, 1397.94
1570559721, 1, 1904, 1983, 1327, 24, 5.98%, 2, 0, 17, 2573.02
1570559726, 1, 1905, 1983, 1326, 23, 5.98%, 2, 0, 17, 2927.65
1570559731, 1, 1907, 1983, 1324, 21, 5.98%, 2, 0, 17, 2937.40
1570559736, 1, 1909, 1983, 1323, 20, 5.98%, 2, 0, 17, 2986.89
1570559741, 1, 1912, 1983, 1321, 18, 5.98%, 2, 0, 17, 2944.57
1570559746, 1, 1913, 1983, 1320, 17, 5.98%, 2, 0, 17, 3039.32
1570559751, 1, 1914, 1983, 1319, 16, 5.98%, 2, 0, 17, 3013.39
1570559756, 1, 1916, 1983, 1317, 15, 5.98%, 2, 0, 17, 2993.80
1570559761, 1, 1920, 1986, 1319, 14, 5.98%, 2, 0, 18, 2670.66
1570559772, 1, 1925, 1986, 1318, 13, 5.98%, 2, 0, 18, 1614.40
1570559777, 1, 1925, 1987, 1319, 13, 5.98%, 2, 0, 18, 1279.07
1570559812, 1, 1928, 1987, 1318, 12, 5.98%, 2, 0, 18, 1543.33
1570559817, 1, 1928, 1988, 1319, 12, 5.99%, 2, 0, 18, 1507.31
1570559822, 1, 1928, 1990, 1321, 12, 5.99%, 2, 0, 18, 1542.93
1570559868, 1, 1928, 1995, 1326, 12, 5.99%, 2, 0, 18, 1534.95
1570559873, 1, 1928, 2000, 1331, 12, 5.99%, 2, 0, 18, 1523.51
1570559879, 1, 1931, 2001, 1331, 13, 5.99%, 2, 0, 18, 1472.65
1570559935, 1, 1931, 2008, 1338, 13, 5.99%, 2, 0, 18, 1500.62
1570559945, 1, 1945, 2008, 1337, 12, 5.99%, 2, 0, 18, 1417.17
1570559955, 1, 1945, 2009, 1338, 12, 5.99%, 2, 0, 18, 1388.63
1570560016, 1, 1945, 2013, 1342, 12, 5.99%, 2, 0, 18, 1417.11
1570560026, 1, 1945, 2018, 1347, 12, 5.99%, 2, 0, 18, 1439.89
1570560031, 1, 1953, 2018, 1346, 11, 5.99%, 2, 0, 18, 1435.86
1570560082, 1, 1958, 2021, 1348, 10, 6.01%, 2, 0, 18, 1314.51
1570560087, 1, 1958, 2023, 1350, 10, 6.02%, 2, 0, 18, 1237.75
1570560092, 1, 1958, 2026, 1353, 10, 6.03%, 2, 0, 18, 1258.86
1570560174, 1, 1958, 2033, 1360, 10, 6.03%, 2, 0, 18, 1284.55
1570560179, 1, 1958, 2042, 1369, 10, 6.03%, 2, 0, 18, 1243.18
1570560184, 1, 1958, 2048, 1375, 10, 6.03%, 2, 0, 18, 1308.31
1570560189, 1, 1958, 2051, 1378, 10, 6.03%, 2, 0, 18, 1292.35
1570560195, 1, 1964, 2051, 1377, 14, 6.03%, 2, 0, 18, 1414.95
1570560241, 1, 1964, 2055, 1381, 14, 6.03%, 2, 0, 18, 1449.59
1570560246, 1, 1964, 2056, 1382, 14, 6.03%, 2, 0, 18, 1406.83
1570560251, 1, 1974, 2057, 1382, 14, 6.03%, 2, 0, 18, 1415.73
1570560256, 1, 1974, 2058, 1383, 14, 6.04%, 2, 0, 18, 1374.31
1570560261, 1, 1974, 2059, 1384, 14, 6.04%, 2, 0, 18, 1361.24
1570560317, 1, 1974, 2062, 1387, 14, 6.04%, 2, 0, 18, 1406.23
1570560322, 1, 1974, 2065, 1390, 14, 6.04%, 2, 0, 18, 1468.50
1570560327, 1, 1981, 2066, 1390, 14, 6.04%, 2, 0, 18, 1857.71
1570560332, 1, 1982, 2068, 1391, 14, 6.05%, 2, 0, 18, 2814.80
1570560337, 1, 1988, 2068, 1390, 14, 6.05%, 2, 0, 18, 1881.10
1570560342, 1, 1988, 2069, 1391, 14, 6.05%, 2, 0, 19, 1390.00
1570560388, 1, 1988, 2071, 1393, 14, 6.05%, 2, 0, 19, 1536.16
1570560393, 1, 2000, 2072, 1393, 13, 6.05%, 2, 0, 19, 1619.04
1570560398, 1, 2000, 2073, 1394, 13, 6.05%, 2, 0, 19, 1436.67
1570560409, 1, 2000, 2074, 1395, 13, 6.05%, 2, 0, 19, 242.17
1570560424, 1, 2000, 2083, 1404, 13, 6.05%, 2, 0, 19, 1695.73
1570560429, 1, 2000, 2087, 1408, 13, 6.05%, 2, 0, 19, 1668.73
1570560434, 1, 2000, 2090, 1411, 13, 6.05%, 2, 0, 19, 1747.98
1570560439, 1, 2019, 2097, 1417, 14, 6.05%, 2, 0, 19, 1525.15
1570560531, 1, 2019, 2098, 1418, 14, 6.05%, 2, 0, 19, 1296.13
1570560536, 1, 2019, 2100, 1420, 14, 6.05%, 2, 0, 19, 1309.53
1570560541, 1, 2022, 2102, 1421, 15, 6.06%, 2, 0, 19, 1261.78
1570560597, 1, 2022, 2103, 1422, 15, 6.06%, 2, 0, 19, 993.47
1570560633, 1, 2022, 2107, 1426, 15, 6.07%, 2, 0, 19, 1276.89
1570560638, 1, 2022, 2111, 1430, 15, 6.07%, 2, 0, 19, 1248.79
1570560643, 1, 2022, 2113, 1432, 15, 6.07%, 2, 0, 19, 1314.47
1570560648, 1, 2022, 2115, 1434, 15, 6.07%, 2, 0, 19, 1323.05
1570560653, 1, 2037, 2120, 1438, 18, 6.08%, 2, 0, 19, 1305.51
1570560663, 1, 2037, 2121, 1439, 18, 6.08%, 2, 0, 19, 1288.99
1570560720, 1, 2037, 2124, 1442, 18, 6.08%, 2, 0, 19, 1398.59
1570560725, 1, 2037, 2126, 1444, 18, 6.08%, 2, 0, 19, 1376.64
1570560730, 1, 2037, 2131, 1449, 18, 6.08%, 2, 0, 19, 1417.24
1570560735, 1, 2045, 2131, 1448, 19, 6.08%, 2, 0, 19, 1422.50
1570560740, 1, 2045, 2132, 1449, 19, 6.08%, 2, 0, 19, 161.55
1570560791, 1, 2047, 2132, 1448, 18, 6.08%, 2, 0, 19, 1376.12
1570560806, 1, 2047, 2133, 1449, 18, 6.08%, 2, 0, 19, 1094.17
1570560863, 1, 2047, 2134, 1450, 18, 6.08%, 2, 0, 19, 1408.12
1570560883, 1, 2055, 2136, 1451, 17, 6.08%, 2, 0, 19, 1251.37
1570560888, 1, 2055, 2137, 1452, 17, 6.09%, 2, 0, 19, 1263.11
1570560975, 1, 2055, 2140, 1455, 17, 6.09%, 2, 0, 19, 1341.06
1570560980, 1, 2055, 2143, 1458, 17, 6.09%, 2, 0, 19, 1322.36
1570560985, 1, 2055, 2146, 1461, 17, 6.09%, 2, 0, 19, 1379.23
1570560995, 1, 2056, 2146, 1460, 18, 6.09%, 2, 0, 19, 1329.08
1570561006, 1, 2056, 2147, 1461, 18, 6.09%, 2, 0, 19, 963.30
1570561061, 1, 2056, 2148, 1462, 18, 6.09%, 2, 0, 19, 1407.08
1570561067, 1, 2064, 2148, 1461, 17, 6.09%, 2, 0, 19, 1416.92
1570561072, 1, 2064, 2149, 1462, 17, 6.09%, 2, 0, 19, 791.78
1570561112, 1, 2066, 2150, 1462, 16, 6.09%, 2, 0, 19, 1582.73
1570561118, 1, 2067, 2154, 1465, 15, 6.09%, 2, 0, 19, 2647.55
1570561123, 1, 2072, 2154, 1464, 15, 6.09%, 2, 0, 19, 2050.64
1570561128, 1, 2072, 2155, 1465, 15, 6.09%, 2, 0, 20, 1674.16
1570561153, 1, 2092, 2157, 1466, 14, 6.09%, 2, 0, 20, 1714.39
1570561189, 1, 2097, 2157, 1465, 13, 6.09%, 2, 0, 20, 1531.55
1570561261, 1, 2100, 2158, 1465, 12, 6.09%, 2, 0, 20, 1348.42
1570561353, 1, 2100, 2160, 1467, 12, 6.09%, 2, 0, 20, 1297.25
1570561358, 1, 2102, 2160, 1466, 12, 6.09%, 2, 0, 20, 2370.00
1570561363, 1, 2102, 2161, 1467, 12, 6.09%, 2, 0, 20, 79.73
1570561369, 1, 2106, 2163, 1468, 12, 6.09%, 2, 0, 20, 685.50
1570561374, 1, 2106, 2164, 1469, 12, 6.10%, 2, 0, 20, 1167.95
1570561445, 1, 2106, 2166, 1471, 12, 6.10%, 2, 0, 20, 1333.38
1570561450, 1, 2106, 2170, 1475, 12, 6.10%, 2, 0, 20, 1335.76
1570561456, 1, 2106, 2173, 1478, 12, 6.10%, 2, 0, 20, 1330.27
1570561461, 1, 2108, 2177, 1481, 13, 6.10%, 2, 0, 20, 1283.07
1570561471, 1, 2108, 2178, 1482, 13, 6.10%, 2, 0, 20, 1360.13
1570561532, 1, 2108, 2180, 1484, 13, 6.10%, 2, 0, 20, 1327.21
1570561537, 1, 2108, 2183, 1487, 13, 6.10%, 2, 0, 20, 1405.29
1570561542, 1, 2108, 2186, 1490, 13, 6.10%, 2, 0, 20, 1418.97
1570561547, 1, 2115, 2187, 1490, 12, 6.10%, 2, 0, 20, 1213.59
1570561572, 1, 2115, 2188, 1491, 12, 6.10%, 2, 0, 20, 1145.62
1570561714, 1, 2128, 2189, 1491, 12, 6.10%, 2, 0, 20, 1233.04
1570561755, 1, 2128, 2190, 1492, 12, 6.10%, 2, 0, 20, 1419.03
1570561786, 1, 2134, 2192, 1493, 12, 6.10%, 2, 0, 20, 1269.83
1570561888, 1, 2136, 2193, 1493, 11, 6.10%, 2, 0, 20, 1248.94
1570561980, 1, 2159, 2194, 1492, 9, 6.10%, 2, 0, 20, 2406.10
1570561990, 1, 2159, 2195, 1493, 9, 6.10%, 2, 0, 21, 1897.34
1570562036, 1, 2161, 2197, 1494, 8, 6.10%, 2, 0, 21, 42.19
1570562046, 1, 2162, 2198, 1494, 8, 6.10%, 2, 0, 21, 714.25
1570562128, 1, 2174, 2199, 1494, 7, 6.10%, 2, 0, 21, 1328.36
1570562133, 1, 2174, 2200, 1495, 7, 6.10%, 2, 0, 21, 1325.26
1570562199, 1, 2183, 2201, 1495, 6, 6.10%, 2, 0, 21, 1304.51
1570562276, 1, 2183, 2203, 1497, 6, 6.10%, 2, 0, 21, 1324.01
1570562281, 1, 2186, 2203, 1496, 6, 6.10%, 2, 0, 21, 1328.12
1570562317, 1, 2186, 2204, 1497, 6, 6.10%, 2, 0, 21, 1581.27
1570562322, 1, 2188, 2207, 1499, 5, 6.10%, 2, 0, 21, 786.31
1570562327, 1, 2188, 2208, 1500, 5, 6.10%, 2, 0, 21, 1213.43
1570562393, 1, 2195, 2209, 1500, 5, 6.10%, 2, 0, 21, 1446.53
1570562398, 1, 2195, 2210, 1501, 5, 6.10%, 2, 0, 22, 1452.65
1570562409, 1, 2207, 2211, 1501, 4, 6.10%, 2, 0, 22, 1631.92
1570562419, 1, 2207, 2212, 1502, 4, 6.10%, 2, 0, 22, 1353.64
1570562480, 1, 2209, 2212, 1501, 3, 6.10%, 2, 0, 22, 1877.52
1570562490, 1, 2212, 2214, 1502, 3, 6.10%, 2, 0, 24, 1700.00
1570562501, 1, 2213, 2214, 1501, 3, 6.10%, 2, 0, 24, 430.74
1570562511, 2, 82, 2214, 1500, 2, 6.10%, 2, 0, 24, 2591.48
1570562517, 2, 361, 2214, 1499, 2, 6.10%, 2, 0, 24, 351.15
1570562527, 2, 465, 2214, 1498, 2, 6.10%, 2, 0, 24, 2010.00
1570562532, 2, 483, 2214, 1497, 2, 6.10%, 2, 0, 24, 2128.02
1570562542, 2, 633, 2214, 1496, 1, 6.10%, 2, 0, 24, 78.00
1570562558, 2, 652, 2214, 1495, 1, 6.10%, 2, 0, 24, 49.50
1570562568, 2, 876, 2214, 1494, 1, 6.10%, 2, 0, 24, 2786.44
1570562578, 2, 889, 2214, 1493, 1, 6.10%, 2, 0, 24, 49.61
1570562583, 2, 893, 2214, 1492, 0, 6.10%, 2, 0, 24, 2080.48
1570562593, 2, 920, 2214, 1491, 0, 6.10%, 2, 0, 24, 141.41
1570562598, 2, 938, 2214, 1491, 0, 6.10%, 2, 0, 24, 111.86
1570562608, 2, 952, 2214, 1490, 0, 6.10%, 2, 0, 24, 49.55
1570562613, 2, 953, 2215, 1490, 0, 6.10%, 2, 0, 24, 2321.60
1570562624, 2, 965, 2215, 1489, 0, 6.10%, 2, 0, 24, 2303.21
1570562634, 2, 970, 2215, 1488, 0, 6.10%, 2, 0, 24, 116.07
1570562645, 2, 975, 2215, 1487, 0, 6.10%, 2, 0, 24, 213.90
1570562655, 2, 978, 2215, 1486, 0, 6.10%, 2, 0, 24, 1789.24
1570562666, 2, 987, 2216, 1486, 0, 6.10%, 2, 0, 24, 112.41
1570562676, 2, 991, 2216, 1485, 0, 6.10%, 2, 0, 24, 86.15
1570562686, 2, 995, 2217, 1485, 0, 6.10%, 2, 0, 24, 2040.00
1570562697, 2, 996, 2218, 1485, 0, 6.10%, 2, 0, 24, 2606.77
1570562707, 2, 999, 2219, 1485, 0, 6.10%, 2, 0, 24, 1832.75
1570562717, 2, 1000, 2219, 1484, 0, 6.10%, 2, 0, 24, 2160.61
1570562728, 2, 1005, 2219, 1483, 0, 6.10%, 2, 0, 24, 157.39
1570562738, 2, 1008, 2219, 1482, 0, 6.10%, 2, 0, 24, 2260.00
1570562748, 2, 1017, 2219, 1481, 0, 6.10%, 2, 0, 24, 1747.98
1570562764, 2, 1025, 2219, 1480, 0, 6.10%, 2, 0, 24, 1509.16
1570562774, 2, 1027, 2219, 1479, 0, 6.10%, 2, 0, 24, 1872.12
1570562784, 2, 1029, 2219, 1478, 0, 6.10%, 2, 0, 24, 1968.06
1570562794, 2, 1033, 2219, 1477, 0, 6.10%, 2, 0, 24, 1815.08
1570562810, 2, 1036, 2219, 1475, 0, 6.10%, 2, 0, 24, 294.87
1570562820, 2, 1039, 2219, 1474, 0, 6.10%, 2, 0, 24, 1323.11
1570562835, 2, 1040, 2219, 1473, 0, 6.10%, 2, 0, 24, 1416.62
1570562846, 2, 1045, 2219, 1472, 0, 6.10%, 2, 0, 24, 2167.15
1570562856, 2, 1046, 2219, 1471, 0, 6.10%, 2, 0, 24, 1859.51
1570562866, 2, 1047, 2219, 1470, 0, 6.10%, 2, 0, 24, 2039.27
1570562881, 2, 1048, 2219, 1469, 0, 6.10%, 2, 0, 24, 1516.97
1570562892, 2, 1055, 2219, 1468, 0, 6.10%, 2, 0, 24, 2111.32
1570562902, 2, 1060, 2219, 1467, 0, 6.10%, 2, 0, 24, 1334.46
1570562918, 2, 1061, 2219, 1466, 0, 6.10%, 2, 0, 24, 2136.97
1570562923, 2, 1061, 2220, 1467, 0, 6.10%, 2, 0, 24, 146.19
1570562928, 2, 1077, 2220, 1466, 0, 6.10%, 2, 0, 24, 1891.76
1570562943, 2, 1081, 2220, 1465, 0, 6.10%, 2, 0, 24, 2232.86
1570562954, 2, 1085, 2220, 1464, 0, 6.10%, 2, 0, 24, 1350.00
1570562964, 2, 1088, 2220, 1463, 0, 6.10%, 2, 0, 24, 112.15
1570562974, 2, 1100, 2220, 1462, 0, 6.10%, 2, 0, 24, 175.99
1570562979, 2, 1119, 2220, 1462, 0, 6.10%, 2, 0, 24, 600.00
1570562984, 2, 1124, 2220, 1461, 0, 6.10%, 2, 0, 24, 1569.79
1570562995, 2, 1127, 2220, 1460, 0, 6.10%, 2, 0, 24, 2795.92
1570563005, 2, 1128, 2222, 1461, 0, 6.10%, 2, 0, 24, 49.60
1570563010, 2, 1307, 2222, 1460, 1, 6.10%, 2, 0, 24, 2172.10
1570563031, 2, 1347, 2222, 1459, 1, 6.10%, 2, 0, 24, 1819.52
1570563041, 2, 1539, 2222, 1458, 1, 6.10%, 2, 0, 24, 156.10
1570563051, 2, 1648, 2223, 1458, 1, 6.10%, 2, 0, 24, 2230.14
1570563071, 2, 1648, 2224, 1459, 1, 6.10%, 2, 0, 24, 1648.92
1570563087, 2, 1648, 2237, 1472, 1, 6.10%, 2, 0, 24, 1602.00
1570563092, 2, 1648, 2251, 1486, 1, 6.10%, 2, 0, 24, 1626.70
1570563097, 2, 1648, 2263, 1498, 1, 6.10%, 2, 0, 24, 1752.69
1570563102, 2, 2107, 2266, 1500, 1, 6.10%, 2, 0, 24, 1346.55
1570563204, 2, 2107, 2277, 1511, 1, 6.10%, 2, 0, 24, 1279.46
1570563209, 2, 2107, 2282, 1516, 1, 6.10%, 2, 0, 24, 1318.55
1570563214, 2, 2107, 2288, 1522, 1, 6.10%, 2, 0, 24, 1326.22
1570563219, 2, 2107, 2290, 1524, 1, 6.10%, 2, 0, 24, 1279.12
1570563224, 2, 2109, 2290, 1523, 1, 6.10%, 2, 0, 24, 1292.53
1570563235, 2, 2109, 2291, 1524, 1, 6.10%, 2, 0, 24, 73.91
1570563316, 2, 2113, 2292, 1524, 1, 6.10%, 2, 0, 24, 1335.30
1570563321, 2, 2113, 2293, 1525, 1, 6.10%, 2, 0, 24, 219.96
1570563377, 2, 2160, 2293, 1524, 1, 6.10%, 2, 0, 24, 49.59
1570563388, 2, 2221, 2294, 1524, 1, 6.10%, 2, 0, 24, 49.47
1570563393, 2, 2271, 2294, 1523, 1, 6.10%, 2, 0, 24, 2287.55
1570564046, 2, 2271, 2308, 1537, 1, 6.10%, 2, 0, 24, 757.98
1570564051, 2, 2271, 2320, 1549, 1, 6.10%, 2, 0, 24, 766.33
1570564056, 2, 2271, 2326, 1555, 1, 6.10%, 2, 0, 24, 790.00
1570564061, 2, 2271, 2336, 1565, 1, 6.10%, 2, 0, 24, 766.33
1570564067, 2, 2271, 2339, 1568, 1, 6.10%, 2, 0, 24, 761.58
1570564072, 2, 2271, 2343, 1572, 1, 6.10%, 2, 0, 24, 774.09
1570564077, 2, 2293, 2346, 1574, 1, 6.10%, 2, 0, 24, 2559.31
1570564087, 2, 2297, 2347, 1574, 0, 6.10%, 2, 0, 24, 1496.01
1570564415, 2, 2297, 2350, 1577, 0, 6.10%, 2, 0, 24, 957.64
1570564420, 2, 2297, 2354, 1581, 0, 6.11%, 2, 0, 24, 991.14
1570564425, 2, 2297, 2355, 1582, 0, 6.11%, 2, 0, 24, 998.08
1570564430, 2, 2297, 2358, 1585, 0, 6.11%, 2, 0, 24, 961.14
1570564436, 2, 2304, 2359, 1585, 2, 6.11%, 2, 0, 24, 529.71
1570565159, 2, 2304, 2360, 1586, 2, 6.11%, 2, 0, 24, 396.21
1570567341, 2, 2304, 2363, 1589, 2, 6.11%, 2, 0, 24, 414.40
1570567346, 2, 2304, 2367, 1593, 2, 6.11%, 2, 0, 24, 416.38
1570567351, 2, 2304, 2371, 1597, 2, 6.11%, 2, 0, 24, 419.01
1570567362, 2, 2304, 2372, 1598, 2, 6.11%, 2, 0, 24, 431.10
1570567367, 2, 2304, 2373, 1599, 2, 6.11%, 2, 0, 24, 427.20
1570567372, 2, 2304, 2374, 1600, 2, 6.11%, 2, 0, 24, 436.57
1570567387, 2, 2304, 2375, 1601, 2, 6.11%, 2, 0, 24, 440.48
1570567392, 2, 2344, 2377, 1602, 3, 6.11%, 2, 0, 24, 502.23
1570567402, 2, 2350, 2377, 1601, 3, 6.11%, 2, 0, 24, 1406.34
1570567458, 2, 2350, 2378, 1602, 3, 6.11%, 2, 0, 24, 847.96
1570567792, 2, 2350, 2381, 1605, 3, 6.11%, 2, 0, 24, 894.45
1570567797, 2, 2350, 2384, 1608, 3, 6.11%, 2, 0, 24, 926.33
1570567802, 2, 2350, 2387, 1611, 3, 6.11%, 2, 0, 24, 932.30
1570567807, 2, 2359, 2388, 1611, 2, 6.11%, 2, 0, 24, 789.02
1570567853, 2, 2359, 2389, 1612, 2, 6.11%, 2, 0, 24, 405.10
1570569823, 2, 2359, 2390, 1613, 2, 6.11%, 2, 0, 24, 765.45
1570570721, 2, 2380, 2390, 1612, 1, 6.11%, 2, 0, 24, 414.05
1570570875, 2, 2380, 2391, 1613, 1, 6.11%, 2, 0, 24, 581.26
1570571743, 3, 657, 2391, 1612, 1, 6.11%, 2, 0, 24, 708.85
1570571753, 3, 795, 2391, 1611, 1, 6.11%, 2, 0, 24, 151.64
1570571763, 3, 866, 2391, 1610, 1, 6.11%, 2, 0, 24, 73.22
1570571774, 3, 878, 2391, 1609, 1, 6.11%, 2, 0, 24, 49.70
1570571784, 3, 1279, 2391, 1608, 1, 6.11%, 2, 0, 24, 1905.00
1570571799, 3, 1461, 2391, 1607, 1, 6.11%, 2, 0, 24, 2097.88
1570571809, 3, 1565, 2391, 1606, 1, 6.11%, 2, 0, 24, 1037.03
1570571820, 3, 1595, 2391, 1605, 1, 6.11%, 2, 0, 24, 1261.31
1570571840, 3, 1707, 2391, 1604, 1, 6.11%, 2, 0, 24, 1676.13
1570571886, 3, 1792, 2392, 1604, 1, 6.11%, 2, 0, 24, 1684.55
1570571901, 3, 1792, 2394, 1606, 1, 6.11%, 2, 0, 24, 1752.40
1570571911, 3, 1860, 2395, 1606, 1, 6.11%, 2, 0, 24, 1777.56
1570571973, 3, 1973, 2395, 1605, 1, 6.11%, 2, 0, 24, 1377.95
1570572055, 3, 2052, 2395, 1604, 1, 6.11%, 2, 0, 24, 1261.85
1570572111, 3, 2089, 2395, 1603, 1, 6.11%, 2, 0, 24, 1465.95
1570572142, 3, 2089, 2396, 1604, 1, 6.11%, 2, 0, 24, 872.74
1570572162, 3, 2101, 2397, 1604, 1, 6.11%, 2, 0, 24, 1369.10
1570572259, 3, 2205, 2397, 1603, 1, 6.11%, 2, 0, 24, 1289.76
1570572331, 3, 2205, 2403, 1609, 1, 6.11%, 2, 0, 24, 1395.59
1570572336, 3, 2205, 2405, 1611, 1, 6.11%, 2, 0, 24, 1408.54
1570572341, 3, 2205, 2406, 1612, 1, 6.11%, 2, 0, 24, 1460.92
1570572346, 3, 2208, 2408, 1613, 0, 6.11%, 2, 0, 24, 1400.26
1570572449, 3, 2222, 2408, 1612, 0, 6.11%, 2, 0, 24, 1055.47
1570572485, 3, 2222, 2409, 1613, 0, 6.11%, 2, 0, 24, 1842.30
1570572490, 3, 2228, 2409, 1612, 0, 6.11%, 2, 0, 24, 1393.05
1570572596, 3, 2228, 2414, 1617, 0, 6.11%, 2, 0, 24, 1337.06
1570572601, 3, 2228, 2416, 1619, 0, 6.11%, 2, 0, 24, 1333.88
1570572606, 3, 2228, 2417, 1620, 0, 6.11%, 2, 0, 24, 1395.20
1570572611, 3, 2228, 2420, 1623, 0, 6.11%, 2, 0, 24, 1434.92
1570572617, 3, 2231, 2421, 1623, 0, 6.11%, 2, 0, 24, 148.12
