# unix_time, cycles_done, cur_path, paths_total, pending_total, pending_favs, map_size, unique_crashes, unique_hangs, max_depth, execs_per_sec
1567513269, 0, 0, 1, 1, 1, 0.43%, 0, 0, 1, 1600.00
1567513274, 361, 12, 13, 0, 0, 0.59%, 0, 0, 8, 368.21
1567513279, 579, 15, 18, 0, 0, 0.67%, 0, 0, 10, 432.30
1567513284, 767, 17, 23, 0, 0, 0.68%, 0, 0, 11, 453.58
1567513289, 915, 0, 27, 0, 0, 0.74%, 0, 0, 11, 451.89
1567513294, 1047, 23, 27, 0, 0, 0.74%, 0, 0, 11, 449.26
1567513299, 1183, 7, 27, 0, 0, 0.74%, 0, 0, 11, 446.49
1567513305, 1313, 17, 30, 0, 0, 0.75%, 0, 0, 11, 460.84
1567513310, 1433, 38, 39, 1, 0, 1.03%, 0, 0, 12, 485.20
1567513315, 1534, 24, 43, 0, 0, 1.03%, 0, 0, 13, 475.81
1567513320, 1634, 42, 45, 0, 0, 1.04%, 0, 0, 13, 469.06
1567513325, 1730, 22, 45, 0, 0, 1.04%, 0, 0, 13, 465.23
1567513330, 1822, 25, 56, 0, 0, 1.25%, 0, 0, 17, 531.27
1567513335, 1899, 25, 79, 0, 0, 1.32%, 0, 0, 21, 594.47
1567513340, 1961, 44, 91, 0, 0, 1.34%, 0, 0, 22, 573.02
1567513345, 2022, 106, 108, 0, 0, 1.36%, 0, 0, 27, 596.70
1567513350, 2062, 114, 134, 5, 0, 2.30%, 0, 0, 27, 401.99
1567513355, 2088, 167, 184, 10, 0, 2.44%, 0, 0, 31, 537.12
1567513361, 2105, 106, 236, 7, 0, 2.59%, 0, 0, 34, 582.45
1567513366, 2118, 251, 266, 6, 0, 2.70%, 0, 0, 42, 562.53
1567513371, 2127, 284, 291, 7, 0, 2.75%, 0, 0, 46, 700.82
1567513376, 2141, 303, 314, 4, 0, 2.76%, 0, 0, 47, 677.71
1567513381, 2158, 37, 334, 2, 0, 2.81%, 0, 0, 49, 520.85
1567513386, 2176, 353, 355, 4, 1, 2.82%, 0, 0, 49, 606.50
1567513391, 2185, 369, 372, 10, 1, 2.82%, 0, 0, 49, 810.00
1567513396, 2190, 384, 386, 9, 1, 2.84%, 0, 0, 49, 122.35
1567513401, 2201, 393, 409, 11, 0, 2.88%, 0, 0, 49, 500.58
1567513406, 2206, 422, 425, 10, 0, 2.88%, 0, 0, 50, 86.96
1567513411, 2211, 413, 434, 7, 0, 2.93%, 0, 0, 51, 1352.78
1567513416, 2219, 446, 457, 9, 0, 2.97%, 0, 0, 52, 349.71
1567513421, 2228, 478, 479, 9, 1, 3.01%, 0, 0, 54, 625.84
1567513427, 2237, 489, 501, 16, 1, 3.09%, 0, 0, 55, 735.00
1567513432, 2244, 511, 513, 8, 0, 3.10%, 0, 0, 55, 595.55
1567513437, 2249, 264, 522, 6, 0, 3.12%, 0, 0, 56, 604.63
1567513442, 2258, 464, 539, 7, 0, 3.14%, 0, 0, 56, 563.10
1567513447, 2267, 554, 556, 10, 1, 3.20%, 0, 0, 58, 516.09
1567513452, 2270, 535, 557, 5, 0, 3.20%, 0, 0, 58, 88.37
1567513457, 2290, 563, 564, 1, 1, 3.20%, 0, 0, 60, 749.88
1567513462, 2300, 570, 571, 1, 1, 3.20%, 0, 0, 60, 435.99
1567513467, 2307, 574, 575, 2, 1, 3.20%, 0, 0, 60, 288.72
1567513472, 2311, 579, 580, 2, 1, 3.21%, 0, 0, 60, 244.08
1567513478, 2317, 578, 586, 5, 0, 3.21%, 0, 0, 60, 245.96
1567513483, 2320, 590, 591, 5, 1, 3.21%, 0, 0, 60, 239.98
1567513488, 2325, 594, 595, 5, 1, 3.21%, 0, 0, 60, 257.63
1567513493, 2330, 600, 603, 8, 1, 3.22%, 0, 0, 60, 241.64
1567513498, 2333, 604, 605, 5, 1, 3.22%, 0, 0, 60, 276.98
1567513503, 2339, 108, 606, 1, 0, 3.22%, 0, 0, 60, 260.40
1567513508, 2346, 612, 613, 3, 1, 3.23%, 0, 0, 60, 285.78
1567513513, 2354, 0, 616, 2, 0, 3.23%, 0, 0, 60, 289.23
1567513518, 2361, 137, 620, 0, 0, 3.23%, 0, 0, 60, 323.49
1567513523, 2378, 29, 621, 0, 0, 3.23%, 0, 0, 60, 448.79
1567513528, 2400, 562, 621, 0, 0, 3.23%, 0, 0, 60, 517.24
1567513533, 2419, 623, 625, 2, 1, 3.26%, 0, 0, 60, 493.28
1567513539, 2429, 545, 633, 1, 0, 3.29%, 0, 0, 60, 435.23
1567513544, 2438, 616, 645, 4, 0, 3.30%, 0, 0, 62, 390.18
1567513549, 2444, 650, 654, 5, 0, 3.31%, 0, 0, 62, 644.44
1567513554, 2448, 656, 659, 4, 0, 3.31%, 0, 0, 62, 355.95
1567513559, 2456, 559, 669, 1, 0, 3.35%, 0, 0, 62, 77.81
1567513564, 2461, 674, 680, 6, 0, 3.35%, 0, 0, 62, 121.95
1567513569, 2469, 687, 688, 5, 1, 3.35%, 0, 0, 62, 312.48
1567513574, 2477, 697, 704, 9, 0, 3.36%, 0, 0, 62, 75.83
1567513579, 2481, 0, 704, 3, 0, 3.36%, 0, 0, 62, 677.43
1567513585, 2485, 706, 710, 3, 0, 3.37%, 0, 0, 62, 77.62
1567513590, 2494, 557, 719, 2, 0, 3.38%, 0, 0, 62, 452.73
1567513595, 2502, 724, 729, 4, 0, 3.39%, 0, 0, 62, 68.99
1567513600, 2509, 207, 734, 1, 0, 3.39%, 0, 0, 62, 719.40
1567513605, 2520, 506, 740, 1, 0, 3.39%, 0, 0, 62, 612.98
1567513610, 2532, 752, 754, 8, 1, 3.51%, 0, 0, 62, 514.72
1567513615, 2540, 762, 763, 10, 1, 3.54%, 0, 0, 62, 334.48
1567513620, 2544, 754, 772, 12, 0, 3.58%, 0, 0, 62, 390.54
1567513625, 2547, 749, 777, 8, 0, 3.58%, 0, 0, 62, 361.71
1567513630, 2553, 537, 793, 10, 0, 3.61%, 0, 0, 63, 440.49
1567513636, 2557, 596, 799, 11, 0, 3.62%, 0, 0, 63, 266.08
1567513641, 2560, 809, 811, 20, 1, 3.63%, 0, 0, 63, 221.44
1567513646, 2565, 680, 817, 20, 0, 3.63%, 0, 0, 63, 280.01
1567513651, 2568, 827, 829, 25, 2, 3.65%, 0, 0, 63, 268.60
1567513656, 2570, 809, 835, 25, 0, 3.65%, 0, 0, 64, 151.52
1567513661, 2570, 834, 836, 18, 0, 3.65%, 0, 0, 64, 115.74
1567513666, 2573, 840, 841, 17, 1, 3.65%, 0, 0, 64, 505.56
1567513672, 2577, 816, 851, 21, 0, 3.65%, 0, 0, 64, 339.13
1567513677, 2577, 850, 851, 17, 0, 3.65%, 0, 0, 64, 203.02
1567513682, 2581, 451, 855, 14, 0, 3.66%, 0, 0, 64, 267.99
1567513687, 2584, 861, 862, 16, 1, 3.69%, 0, 0, 64, 223.47
1567513692, 2587, 868, 869, 15, 1, 3.69%, 0, 0, 64, 288.24
1567513697, 2592, 838, 880, 19, 1, 3.72%, 0, 0, 64, 273.29
1567513702, 2594, 840, 887, 23, 0, 3.72%, 0, 0, 64, 193.25
1567513707, 2595, 884, 889, 20, 0, 3.72%, 0, 0, 64, 202.20
1567513712, 2596, 885, 891, 17, 0, 3.72%, 0, 0, 64, 233.89
1567513717, 2600, 899, 902, 23, 1, 3.74%, 0, 0, 64, 255.68
1567513722, 2603, 895, 905, 18, 0, 3.74%, 0, 0, 64, 240.52
1567513728, 2604, 880, 905, 13, 0, 3.74%, 0, 0, 64, 199.86
1567513733, 2606, 908, 909, 12, 1, 3.75%, 0, 0, 64, 196.37
1567513738, 2612, 888, 923, 19, 1, 3.76%, 0, 0, 65, 286.20
1567513743, 2614, 928, 931, 19, 0, 3.78%, 0, 0, 66, 312.58
1567513748, 2616, 918, 934, 14, 0, 3.78%, 0, 0, 66, 321.21
1567513753, 2618, 921, 938, 12, 0, 3.78%, 0, 0, 66, 282.89
1567513758, 2621, 942, 943, 11, 0, 3.79%, 0, 0, 66, 220.68
1567513763, 2624, 951, 953, 18, 1, 3.80%, 0, 0, 66, 195.86
1567513769, 2626, 946, 957, 15, 0, 3.80%, 0, 0, 66, 226.91
1567513774, 2628, 929, 961, 14, 0, 3.80%, 0, 0, 66, 271.09
1567513779, 2631, 934, 966, 13, 0, 3.80%, 0, 0, 66, 250.62
1567513784, 2633, 809, 967, 7, 0, 3.80%, 0, 0, 66, 231.96
1567513789, 2636, 954, 972, 7, 0, 3.81%, 0, 0, 66, 208.71
1567513794, 2639, 966, 977, 8, 0, 3.81%, 0, 0, 67, 188.91
1567513799, 2640, 977, 978, 5, 0, 3.81%, 0, 0, 67, 140.41
1567513805, 2645, 909, 985, 6, 0, 3.83%, 0, 0, 67, 380.09
1567513810, 2651, 137, 989, 4, 0, 3.83%, 0, 0, 67, 365.00
1567513815, 2653, 989, 992, 5, 0, 3.83%, 0, 0, 67, 218.20
1567513820, 2661, 596, 998, 2, 0, 3.85%, 0, 0, 67, 374.14
1567513825, 2671, 131, 1009, 4, 0, 3.85%, 0, 0, 67, 408.51
1567513830, 2675, 1011, 1017, 7, 0, 3.86%, 0, 0, 67, 588.28
1567513835, 2681, 1000, 1023, 5, 0, 3.86%, 0, 0, 67, 530.05
1567513840, 2687, 1028, 1029, 5, 1, 3.86%, 0, 0, 67, 372.33
1567513845, 2694, 905, 1040, 7, 0, 3.87%, 0, 0, 67, 392.87
1567513850, 2698, 1046, 1047, 6, 1, 3.87%, 0, 0, 67, 413.49
1567513855, 2702, 1040, 1051, 4, 0, 3.89%, 0, 0, 67, 308.94
1567513861, 2706, 1057, 1058, 7, 1, 3.90%, 0, 0, 69, 278.69
1567513866, 2708, 1053, 1063, 8, 0, 3.90%, 0, 0, 69, 222.98
1567513871, 2713, 1056, 1079, 19, 0, 3.91%, 0, 0, 70, 750.00
1567513876, 2713, 1078, 1080, 15, 0, 3.91%, 0, 0, 70, 519.03
1567513881, 2714, 1041, 1082, 16, 0, 3.91%, 0, 0, 70, 115.46
1567513886, 2714, 1073, 1085, 15, 0, 3.91%, 0, 0, 70, 542.97
1567513892, 2714, 1079, 1086, 14, 0, 3.91%, 0, 0, 70, 80.65
1567513902, 2714, 1085, 1086, 12, 0, 3.91%, 0, 0, 70, 287.59
1567513912, 2715, 1084, 1090, 11, 0, 3.91%, 0, 0, 70, 384.03
1567513922, 2716, 1089, 1090, 8, 0, 3.91%, 0, 0, 70, 232.22
