# unix_time, cycles_done, cur_path, paths_total, pending_total, pending_favs, map_size, unique_crashes, unique_hangs, max_depth, execs_per_sec
1567629654, 0, 0, 1, 1, 1, 0.43%, 0, 0, 1, 2666.67
1567629659, 0, 0, 19, 19, 1, 0.66%, 0, 0, 2, 3206.06
1567629665, 0, 5, 27, 26, 14, 0.95%, 0, 0, 3, 3309.50
1567629670, 0, 9, 28, 25, 14, 0.96%, 0, 0, 3, 3378.37
1567629675, 0, 12, 38, 33, 14, 0.98%, 0, 0, 3, 3278.28
1567629680, 0, 12, 41, 36, 14, 0.98%, 0, 0, 3, 3243.85
1567629685, 0, 13, 42, 36, 18, 0.98%, 0, 0, 3, 3263.65
1567629690, 0, 18, 45, 36, 18, 1.04%, 0, 0, 3, 3294.62
1567629695, 0, 21, 55, 44, 17, 1.44%, 0, 0, 3, 3223.99
1567629700, 0, 21, 58, 47, 17, 2.01%, 0, 0, 3, 3169.95
1567629705, 0, 23, 66, 54, 23, 2.03%, 0, 0, 3, 3224.49
1567629710, 0, 23, 72, 60, 23, 2.04%, 0, 0, 3, 3245.58
1567629716, 0, 24, 78, 65, 29, 2.06%, 0, 0, 3, 3202.63
1567629721, 0, 27, 80, 64, 30, 2.07%, 0, 0, 4, 3308.07
1567629726, 0, 37, 103, 83, 28, 2.20%, 0, 0, 4, 3263.53
1567629731, 0, 37, 110, 90, 28, 2.20%, 0, 0, 4, 3238.61
1567629736, 0, 43, 115, 94, 42, 2.27%, 0, 0, 4, 3237.50
1567629741, 0, 47, 115, 91, 40, 2.27%, 0, 0, 4, 3227.94
1567629746, 0, 51, 116, 90, 38, 2.28%, 0, 0, 4, 3084.66
1567629752, 0, 55, 116, 88, 37, 2.28%, 0, 0, 4, 364.41
1567629757, 0, 55, 120, 92, 37, 2.31%, 0, 0, 4, 2019.97
1567629767, 0, 55, 135, 107, 37, 2.46%, 0, 0, 4, 1788.85
1567629772, 0, 55, 147, 119, 37, 2.61%, 0, 0, 4, 1559.26
1567629777, 0, 55, 163, 135, 37, 2.75%, 0, 0, 4, 1448.99
1567629782, 0, 55, 175, 147, 37, 2.83%, 0, 0, 4, 1428.93
1567629788, 0, 55, 181, 153, 37, 2.87%, 0, 0, 4, 1385.90
1567629793, 0, 66, 186, 154, 55, 2.89%, 0, 0, 4, 2747.67
1567629798, 0, 69, 191, 158, 59, 2.90%, 0, 0, 4, 3145.29
1567629803, 0, 74, 194, 158, 63, 2.91%, 0, 0, 4, 3216.32
1567629808, 0, 77, 195, 156, 62, 2.91%, 0, 0, 4, 3270.70
1567629813, 0, 79, 196, 155, 60, 2.92%, 0, 0, 5, 3325.81
1567629818, 0, 81, 199, 156, 59, 2.92%, 0, 0, 5, 3254.75
1567629823, 0, 82, 200, 156, 58, 2.92%, 0, 0, 5, 3242.11
1567629829, 0, 83, 210, 165, 58, 2.93%, 0, 0, 5, 3231.29
1567629834, 0, 89, 213, 165, 56, 2.93%, 0, 0, 5, 3246.61
1567629839, 0, 89, 218, 170, 56, 2.94%, 0, 0, 5, 3234.88
1567629844, 0, 92, 222, 173, 57, 2.94%, 0, 0, 5, 3260.22
1567629849, 0, 98, 226, 176, 59, 2.94%, 0, 0, 5, 3256.78
1567629854, 0, 100, 228, 177, 58, 2.94%, 0, 0, 5, 3264.53
1567629859, 0, 110, 242, 189, 56, 3.04%, 0, 0, 5, 3265.70
1567629864, 0, 110, 247, 194, 56, 3.04%, 0, 0, 5, 3253.36
1567629869, 0, 114, 249, 193, 66, 3.05%, 0, 0, 5, 3223.22
1567629875, 0, 114, 253, 197, 66, 3.06%, 0, 0, 5, 3181.59
1567629880, 0, 114, 254, 198, 66, 3.06%, 0, 0, 5, 3203.57
1567629885, 0, 115, 254, 197, 68, 3.06%, 0, 0, 5, 79.12
1567629890, 0, 116, 257, 199, 68, 3.07%, 0, 0, 5, 2472.51
1567629895, 0, 116, 266, 208, 68, 3.10%, 0, 0, 5, 2610.28
1567629900, 0, 116, 277, 219, 68, 3.11%, 0, 0, 5, 2594.48
1567629905, 0, 117, 280, 221, 71, 3.11%, 0, 0, 5, 2795.64
1567629910, 0, 118, 285, 225, 70, 3.11%, 0, 0, 5, 2761.13
1567629915, 0, 118, 291, 231, 70, 3.13%, 0, 0, 5, 2773.49
1567629921, 0, 123, 297, 235, 69, 3.17%, 0, 0, 5, 2739.32
1567629926, 0, 123, 316, 254, 69, 3.24%, 0, 0, 5, 1574.71
1567629931, 0, 123, 326, 264, 69, 3.24%, 0, 0, 5, 1753.41
1567629936, 0, 123, 366, 304, 69, 3.27%, 0, 0, 5, 2127.55
1567629941, 0, 123, 396, 334, 69, 3.36%, 0, 0, 5, 1902.43
1567629946, 0, 133, 418, 355, 95, 3.38%, 0, 0, 5, 247.10
1567629952, 0, 133, 420, 357, 95, 3.39%, 0, 0, 5, 1953.72
1567629957, 0, 133, 437, 374, 95, 3.40%, 0, 0, 5, 950.59
1567629962, 0, 133, 461, 398, 95, 3.44%, 0, 0, 5, 1383.77
1567629967, 0, 133, 479, 416, 95, 3.56%, 0, 0, 5, 1343.16
1567629972, 0, 133, 499, 436, 95, 3.56%, 0, 0, 5, 1437.27
1567629977, 0, 145, 503, 439, 107, 3.57%, 0, 0, 5, 72.18
1567629982, 0, 145, 506, 442, 107, 3.57%, 0, 0, 5, 1830.43
1567629987, 0, 145, 511, 447, 107, 3.58%, 0, 0, 5, 2109.96
1567629992, 0, 149, 515, 449, 106, 3.58%, 0, 0, 5, 2426.29
1567629998, 0, 149, 525, 459, 106, 3.64%, 0, 0, 5, 1577.22
1567630003, 0, 149, 531, 465, 106, 3.69%, 0, 0, 5, 1340.04
1567630008, 0, 149, 535, 469, 106, 3.69%, 0, 0, 5, 2392.31
1567630013, 0, 149, 556, 490, 106, 3.71%, 0, 0, 5, 1433.79
1567630018, 0, 149, 573, 507, 106, 3.75%, 0, 0, 5, 1331.91
1567630023, 0, 151, 594, 527, 122, 3.77%, 0, 0, 5, 1269.16
1567630028, 0, 151, 595, 528, 122, 3.77%, 0, 0, 5, 49.65
1567630033, 0, 151, 599, 532, 122, 3.78%, 0, 0, 5, 2405.29
1567630038, 0, 151, 611, 544, 122, 3.78%, 0, 0, 5, 1815.86
1567630044, 0, 151, 619, 552, 122, 3.81%, 0, 0, 5, 1538.93
1567630049, 0, 151, 625, 558, 122, 3.81%, 0, 0, 5, 1419.57
1567630054, 0, 157, 626, 558, 128, 3.82%, 0, 0, 5, 1416.10
1567630064, 0, 157, 628, 560, 128, 3.82%, 0, 0, 5, 1908.52
1567630069, 0, 157, 631, 563, 128, 3.82%, 0, 0, 5, 1581.44
1567630074, 0, 157, 635, 567, 128, 3.82%, 0, 0, 5, 1520.41
1567630079, 0, 166, 636, 567, 127, 3.82%, 0, 0, 5, 86.59
1567630090, 0, 166, 641, 572, 127, 3.83%, 0, 0, 5, 2100.40
1567630095, 0, 166, 644, 575, 127, 3.84%, 0, 0, 5, 1792.23
1567630100, 0, 169, 648, 578, 127, 3.84%, 0, 0, 5, 2277.87
1567630105, 0, 174, 649, 578, 127, 3.84%, 0, 0, 5, 509.79
1567630120, 0, 181, 653, 581, 126, 3.98%, 0, 0, 5, 2422.87
1567630125, 0, 182, 662, 589, 134, 4.04%, 0, 0, 5, 3068.47
1567630130, 0, 182, 672, 599, 134, 4.05%, 0, 0, 5, 3202.85
1567630135, 0, 183, 687, 613, 142, 4.09%, 0, 0, 5, 3202.53
1567630140, 0, 183, 700, 626, 142, 4.12%, 0, 0, 5, 3251.77
1567630146, 0, 184, 700, 625, 151, 4.12%, 0, 0, 5, 3255.13
1567630151, 0, 186, 701, 624, 149, 4.12%, 0, 0, 5, 3289.50
1567630156, 0, 190, 701, 620, 145, 4.12%, 0, 0, 5, 3259.62
1567630161, 0, 194, 709, 624, 149, 4.20%, 0, 0, 5, 3337.22
1567630166, 0, 202, 715, 628, 150, 4.21%, 0, 0, 6, 3358.54
1567630171, 0, 202, 724, 637, 150, 4.21%, 0, 0, 6, 3292.84
1567630176, 0, 207, 727, 638, 148, 4.22%, 0, 0, 6, 3270.45
1567630181, 0, 207, 731, 642, 148, 4.22%, 0, 0, 6, 3253.95
1567630186, 0, 218, 732, 639, 146, 4.22%, 0, 0, 6, 3269.82
1567630192, 0, 220, 733, 639, 145, 4.22%, 0, 0, 6, 3282.23
1567630197, 0, 221, 736, 641, 144, 4.22%, 0, 0, 6, 3286.16
1567630202, 0, 224, 738, 642, 143, 4.22%, 0, 0, 6, 3273.15
1567630207, 0, 230, 743, 645, 143, 4.22%, 0, 0, 6, 3271.53
1567630212, 0, 230, 750, 652, 143, 4.24%, 0, 0, 6, 3270.35
1567630217, 0, 237, 755, 655, 143, 4.24%, 0, 0, 6, 3248.51
1567630222, 0, 237, 759, 659, 143, 4.25%, 0, 0, 6, 3254.92
1567630227, 0, 238, 764, 663, 147, 4.25%, 0, 0, 6, 3254.72
1567630232, 0, 247, 766, 663, 146, 4.25%, 0, 0, 6, 3253.80
1567630237, 0, 249, 767, 662, 144, 4.25%, 0, 0, 6, 3079.06
1567630253, 0, 250, 767, 661, 143, 4.25%, 0, 0, 6, 2135.00
1567630258, 0, 250, 768, 662, 143, 4.25%, 0, 0, 6, 364.01
1567630263, 0, 250, 775, 669, 143, 4.26%, 0, 0, 6, 2251.15
1567630268, 0, 250, 778, 672, 143, 4.26%, 0, 0, 6, 1953.55
1567630273, 0, 250, 783, 677, 143, 4.27%, 0, 0, 6, 2031.61
1567630278, 0, 251, 784, 677, 145, 4.27%, 0, 0, 6, 504.67
1567630283, 0, 254, 787, 679, 144, 4.28%, 0, 0, 6, 75.00
1567630289, 0, 254, 794, 686, 144, 4.30%, 0, 0, 6, 54.77
1567630294, 0, 254, 798, 690, 144, 4.31%, 0, 0, 6, 2752.14
1567630299, 0, 265, 799, 690, 152, 4.32%, 0, 0, 6, 1297.90
1567630309, 0, 265, 804, 695, 152, 4.32%, 0, 0, 6, 1805.70
1567630319, 0, 265, 812, 703, 152, 4.32%, 0, 0, 6, 1456.93
1567630324, 0, 265, 815, 706, 152, 4.32%, 0, 0, 6, 1567.78
1567630330, 0, 280, 816, 706, 151, 4.32%, 0, 0, 6, 2113.02
1567630335, 0, 283, 816, 705, 150, 4.32%, 0, 0, 6, 298.70
1567630345, 0, 285, 816, 704, 149, 4.32%, 0, 0, 6, 77.59
1567630360, 0, 293, 816, 703, 148, 4.32%, 0, 0, 6, 1589.64
1567630371, 0, 295, 819, 705, 147, 4.33%, 0, 0, 6, 1461.17
1567630376, 0, 295, 826, 712, 147, 4.37%, 0, 0, 6, 203.97
1567630381, 0, 295, 834, 720, 147, 4.37%, 0, 0, 6, 1784.75
1567630386, 0, 295, 838, 724, 147, 4.37%, 0, 0, 6, 1880.48
1567630391, 0, 295, 846, 732, 147, 4.37%, 0, 0, 6, 1909.89
1567630396, 0, 304, 851, 736, 157, 4.39%, 0, 0, 6, 1284.77
1567630401, 0, 304, 854, 739, 157, 4.40%, 0, 0, 6, 1921.17
1567630406, 0, 305, 855, 739, 160, 4.40%, 0, 0, 6, 1767.50
1567630417, 0, 305, 856, 740, 160, 4.40%, 0, 0, 6, 1714.87
1567630422, 0, 305, 861, 745, 160, 4.40%, 0, 0, 6, 1782.95
1567630427, 0, 305, 863, 747, 160, 4.40%, 0, 0, 6, 1700.69
1567630437, 0, 306, 865, 748, 160, 4.40%, 0, 0, 6, 1406.22
1567630452, 0, 307, 865, 747, 159, 4.40%, 0, 0, 6, 75.40
1567630457, 0, 307, 866, 748, 159, 4.40%, 0, 0, 6, 127.66
1567630463, 0, 310, 866, 747, 158, 4.40%, 0, 0, 6, 1333.04
1567630473, 0, 310, 867, 748, 158, 4.40%, 0, 0, 6, 1899.28
1567630478, 0, 310, 871, 752, 158, 4.40%, 0, 0, 6, 1763.25
1567630483, 0, 310, 874, 755, 158, 4.40%, 0, 0, 6, 1801.49
1567630488, 0, 310, 875, 756, 158, 4.40%, 0, 0, 6, 1754.26
1567630494, 0, 312, 875, 755, 158, 4.40%, 0, 0, 6, 1298.53
1567630504, 0, 312, 877, 757, 158, 4.40%, 0, 0, 6, 1434.19
1567630509, 0, 365, 880, 759, 157, 4.41%, 0, 0, 6, 1292.25
1567630519, 0, 365, 882, 761, 157, 4.41%, 0, 0, 6, 1801.67
1567630524, 0, 365, 886, 765, 157, 4.41%, 0, 0, 6, 1816.48
1567630529, 0, 365, 887, 766, 157, 4.41%, 0, 0, 6, 1755.24
1567630534, 0, 365, 888, 767, 157, 4.41%, 0, 0, 6, 1821.22
1567630539, 0, 371, 891, 769, 158, 4.41%, 0, 0, 6, 1405.50
1567630545, 0, 371, 892, 770, 158, 4.41%, 0, 0, 6, 165.24
1567630555, 0, 371, 914, 792, 158, 4.42%, 0, 0, 6, 1504.79
1567630560, 0, 371, 922, 800, 158, 4.43%, 0, 0, 6, 1632.34
1567630565, 0, 371, 930, 808, 158, 4.44%, 0, 0, 6, 1655.85
1567630570, 0, 371, 936, 814, 158, 4.44%, 0, 0, 6, 1602.57
1567630575, 0, 373, 937, 814, 164, 4.44%, 0, 0, 6, 788.58
1567630586, 0, 373, 941, 818, 164, 4.44%, 0, 0, 6, 1805.62
1567630591, 0, 373, 943, 820, 164, 4.44%, 0, 0, 6, 1856.08
1567630596, 0, 373, 945, 822, 164, 4.44%, 0, 0, 6, 1718.34
1567630601, 0, 374, 946, 822, 164, 4.44%, 0, 0, 6, 75.85
1567630611, 0, 374, 948, 824, 164, 4.44%, 0, 0, 6, 1842.06
1567630616, 0, 379, 948, 823, 163, 4.44%, 0, 0, 6, 1425.74
1567630627, 0, 379, 949, 824, 163, 4.44%, 0, 0, 6, 1895.07
1567630632, 0, 387, 957, 831, 162, 4.46%, 0, 0, 6, 712.47
1567630642, 0, 387, 963, 837, 162, 4.47%, 0, 0, 6, 1527.50
1567630647, 0, 387, 966, 840, 162, 4.48%, 0, 0, 6, 1618.09
1567630652, 0, 387, 975, 849, 162, 4.49%, 0, 0, 6, 1727.42
1567630658, 0, 388, 984, 857, 173, 4.50%, 0, 0, 6, 1710.30
1567630663, 0, 388, 985, 858, 173, 4.51%, 0, 0, 6, 96.15
1567630673, 0, 388, 995, 868, 173, 4.51%, 0, 0, 6, 1399.09
1567630678, 0, 388, 1002, 875, 173, 4.51%, 0, 0, 6, 1571.06
1567630683, 0, 388, 1008, 881, 173, 4.52%, 0, 0, 6, 1763.72
1567630688, 0, 388, 1010, 883, 173, 4.52%, 0, 0, 6, 1650.56
1567630694, 0, 399, 1014, 886, 175, 4.52%, 0, 0, 6, 63.87
1567630704, 0, 413, 1015, 886, 175, 4.52%, 0, 0, 6, 1434.00
1567630720, 0, 415, 1015, 885, 174, 4.52%, 0, 0, 6, 2345.00
1567630730, 0, 416, 1016, 885, 173, 4.52%, 0, 0, 6, 921.17
1567630745, 0, 419, 1016, 884, 173, 4.52%, 0, 0, 6, 1049.50
1567630756, 0, 458, 1025, 892, 172, 4.52%, 0, 0, 6, 79.37
1567630761, 0, 458, 1026, 893, 172, 4.52%, 0, 0, 6, 200.00
1567630766, 0, 458, 1039, 906, 172, 4.53%, 0, 0, 6, 1537.79
1567630771, 0, 458, 1045, 912, 172, 4.53%, 0, 0, 6, 1465.42
1567630776, 0, 458, 1053, 920, 172, 4.53%, 0, 0, 6, 1488.65
1567630781, 0, 458, 1057, 924, 172, 4.53%, 0, 0, 6, 1505.38
1567630786, 0, 467, 1068, 934, 171, 4.58%, 0, 0, 6, 1523.84
1567630791, 0, 467, 1076, 942, 171, 4.62%, 0, 0, 6, 49.50
1567630802, 0, 467, 1086, 952, 171, 4.63%, 0, 0, 6, 1846.19
1567630807, 0, 467, 1095, 961, 171, 4.63%, 0, 0, 6, 1587.96
1567630812, 0, 467, 1101, 967, 171, 4.63%, 0, 0, 6, 1491.04
1567630817, 0, 467, 1107, 973, 171, 4.65%, 0, 0, 6, 1445.50
1567630822, 0, 492, 1110, 975, 185, 4.66%, 0, 0, 6, 1374.89
1567630832, 0, 499, 1110, 974, 184, 4.66%, 0, 0, 6, 455.21
1567630843, 0, 502, 1110, 973, 183, 4.66%, 0, 0, 6, 1195.10
1567630853, 0, 505, 1110, 972, 182, 4.66%, 0, 0, 6, 1367.79
1567630863, 0, 505, 1111, 973, 182, 4.66%, 0, 0, 6, 2382.96
1567630868, 0, 508, 1111, 972, 181, 4.66%, 0, 0, 6, 46.38
1567630878, 0, 516, 1112, 972, 180, 4.66%, 0, 0, 6, 75.98
1567630894, 0, 516, 1113, 973, 180, 4.66%, 0, 0, 6, 1588.55
1567630899, 0, 516, 1116, 976, 180, 4.66%, 0, 0, 6, 1248.01
1567630904, 0, 516, 1117, 977, 180, 4.66%, 0, 0, 6, 1268.87
1567630909, 0, 516, 1119, 979, 180, 4.66%, 0, 0, 6, 1225.97
1567630919, 0, 517, 1120, 979, 181, 4.66%, 0, 0, 6, 1897.06
1567630935, 0, 517, 1121, 980, 181, 4.66%, 0, 0, 6, 1523.56
1567630940, 0, 518, 1122, 980, 180, 4.66%, 0, 0, 6, 85.31
1567630945, 0, 518, 1123, 981, 180, 4.67%, 0, 0, 6, 49.59
1567630955, 0, 518, 1125, 983, 180, 4.67%, 0, 0, 6, 1264.67
1567630961, 0, 518, 1129, 987, 180, 4.67%, 0, 0, 6, 1251.53
1567630966, 0, 518, 1130, 988, 180, 4.67%, 0, 0, 6, 1242.68
1567630971, 0, 518, 1131, 989, 180, 4.67%, 0, 0, 6, 1242.64
1567630976, 0, 518, 1132, 990, 180, 4.67%, 0, 0, 6, 1387.53
1567630981, 0, 520, 1133, 990, 181, 4.67%, 0, 0, 6, 1906.40
1567631002, 0, 522, 1133, 989, 180, 4.67%, 0, 0, 6, 1150.49
1567631017, 0, 523, 1133, 988, 179, 4.67%, 0, 0, 6, 375.57
1567631032, 0, 523, 1136, 991, 179, 4.67%, 0, 0, 6, 1597.59
1567631043, 0, 523, 1137, 992, 179, 4.67%, 0, 0, 6, 1159.74
1567631053, 0, 523, 1138, 993, 179, 4.67%, 0, 0, 6, 1214.18
1567631058, 0, 523, 1141, 996, 179, 4.68%, 0, 0, 6, 1270.30
1567631063, 0, 525, 1142, 996, 179, 4.68%, 0, 0, 6, 1062.53
1567631068, 0, 525, 1143, 997, 179, 4.68%, 0, 0, 6, 1345.00
1567631079, 0, 526, 1146, 999, 180, 4.69%, 0, 0, 6, 1993.97
1567631094, 0, 526, 1149, 1002, 180, 4.69%, 0, 0, 6, 1613.65
1567631099, 0, 526, 1151, 1004, 180, 4.69%, 0, 0, 6, 1265.16
1567631104, 0, 526, 1152, 1005, 180, 4.69%, 0, 0, 6, 1296.48
1567631109, 0, 526, 1153, 1006, 180, 4.69%, 0, 0, 6, 1293.88
1567631115, 0, 526, 1155, 1008, 180, 4.69%, 0, 0, 6, 1236.10
1567631120, 0, 527, 1157, 1009, 180, 4.69%, 0, 0, 6, 1167.82
1567631140, 0, 528, 1158, 1009, 179, 4.69%, 0, 0, 6, 258.79
1567631160, 0, 530, 1158, 1008, 178, 4.69%, 0, 0, 6, 75.96
1567631166, 0, 530, 1160, 1010, 178, 4.71%, 0, 0, 6, 48.56
1567631176, 0, 530, 1162, 1012, 178, 4.72%, 0, 0, 6, 1528.60
1567631181, 0, 530, 1164, 1014, 178, 4.72%, 0, 0, 6, 1318.30
1567631191, 0, 530, 1165, 1015, 178, 4.73%, 0, 0, 6, 1234.99
1567631196, 0, 530, 1167, 1017, 178, 4.73%, 0, 0, 6, 1252.32
1567631201, 0, 549, 1168, 1017, 182, 4.73%, 0, 0, 6, 73.22
1567631217, 0, 549, 1169, 1018, 182, 4.73%, 0, 0, 6, 1835.80
1567631222, 0, 549, 1178, 1027, 182, 4.73%, 0, 0, 6, 1266.54
1567631227, 0, 549, 1182, 1031, 182, 4.73%, 0, 0, 6, 1144.83
1567631232, 0, 549, 1183, 1032, 182, 4.73%, 0, 0, 6, 1144.99
1567631237, 0, 549, 1186, 1035, 182, 4.73%, 0, 0, 6, 1195.16
1567631243, 0, 555, 1189, 1037, 182, 4.74%, 0, 0, 6, 72.83
1567631253, 0, 555, 1190, 1038, 182, 4.74%, 0, 0, 6, 2026.16
1567631258, 0, 555, 1204, 1052, 182, 4.74%, 0, 0, 6, 1413.74
1567631263, 0, 555, 1205, 1053, 182, 4.74%, 0, 0, 6, 1307.15
1567631273, 0, 555, 1208, 1056, 182, 4.74%, 0, 0, 6, 1313.15
1567631279, 0, 555, 1209, 1057, 182, 4.74%, 0, 0, 6, 1320.20
1567631284, 0, 557, 1209, 1056, 184, 4.74%, 0, 0, 6, 943.76
1567631294, 0, 564, 1209, 1055, 183, 4.74%, 0, 0, 6, 1993.03
1567631299, 0, 564, 1213, 1059, 183, 4.75%, 0, 0, 6, 1480.62
1567631304, 0, 564, 1214, 1060, 183, 4.76%, 0, 0, 6, 2598.34
1567631314, 0, 564, 1217, 1063, 183, 4.76%, 0, 0, 6, 1530.64
1567631319, 0, 564, 1219, 1065, 183, 4.76%, 0, 0, 6, 1371.67
1567631324, 0, 564, 1222, 1068, 183, 4.76%, 0, 0, 6, 1285.20
1567631335, 0, 564, 1224, 1070, 183, 4.76%, 0, 0, 6, 1294.26
1567631340, 0, 565, 1224, 1069, 186, 4.76%, 0, 0, 6, 2628.66
1567631350, 0, 565, 1225, 1070, 186, 4.76%, 0, 0, 6, 1791.56
1567631355, 0, 581, 1225, 1069, 185, 4.76%, 0, 0, 6, 76.22
1567631365, 0, 581, 1226, 1070, 185, 4.76%, 0, 0, 6, 253.57
1567631371, 0, 581, 1232, 1076, 185, 4.76%, 0, 0, 6, 1523.91
1567631376, 0, 581, 1237, 1081, 185, 4.77%, 0, 0, 6, 1354.63
1567631381, 0, 581, 1244, 1088, 185, 4.77%, 0, 0, 6, 1287.56
1567631386, 0, 581, 1245, 1089, 185, 4.77%, 0, 0, 6, 1305.33
1567631391, 0, 581, 1248, 1092, 185, 4.77%, 0, 0, 6, 1217.66
1567631396, 0, 592, 1248, 1091, 190, 4.77%, 0, 0, 6, 2399.06
1567631407, 0, 593, 1248, 1090, 189, 4.77%, 0, 0, 6, 2135.59
1567631422, 0, 594, 1248, 1089, 188, 4.77%, 0, 0, 6, 1342.23
1567631437, 0, 595, 1248, 1088, 187, 4.77%, 0, 0, 6, 77.82
1567631448, 0, 612, 1248, 1087, 186, 4.77%, 0, 0, 6, 1853.46
1567631463, 0, 614, 1248, 1086, 185, 4.77%, 0, 0, 6, 250.56
1567631473, 0, 614, 1249, 1087, 185, 4.77%, 0, 0, 6, 2051.26
1567631478, 0, 615, 1250, 1087, 184, 4.78%, 0, 0, 6, 1356.57
1567631488, 0, 617, 1255, 1091, 183, 4.79%, 0, 0, 6, 1769.32
1567631499, 0, 617, 1261, 1097, 183, 4.84%, 0, 0, 6, 2260.45
1567631504, 0, 617, 1262, 1098, 183, 4.84%, 0, 0, 6, 1692.86
1567631509, 0, 617, 1263, 1099, 183, 4.84%, 0, 0, 6, 1519.86
1567631519, 0, 626, 1263, 1098, 189, 4.84%, 0, 0, 6, 922.72
1567631529, 0, 626, 1266, 1101, 189, 4.84%, 0, 0, 6, 1886.09
1567631534, 0, 626, 1268, 1103, 189, 4.84%, 0, 0, 6, 1534.38
1567631544, 0, 632, 1269, 1103, 188, 4.84%, 0, 0, 6, 1338.08
1567631560, 0, 632, 1271, 1105, 188, 4.85%, 0, 0, 6, 1738.62
1567631565, 0, 639, 1274, 1107, 188, 4.85%, 0, 0, 6, 1518.65
1567631575, 0, 639, 1285, 1118, 188, 4.85%, 0, 0, 6, 1840.36
1567631580, 0, 639, 1290, 1123, 188, 4.85%, 0, 0, 6, 1968.42
1567631585, 0, 644, 1293, 1125, 193, 4.86%, 0, 0, 6, 1915.38
1567631595, 0, 644, 1295, 1127, 193, 4.86%, 0, 0, 6, 2158.66
1567631600, 0, 644, 1296, 1128, 193, 4.86%, 0, 0, 6, 1897.96
1567631611, 0, 647, 1296, 1127, 192, 4.86%, 0, 0, 6, 2630.52
1567631616, 0, 654, 1298, 1127, 192, 4.87%, 0, 0, 6, 2923.39
1567631621, 0, 655, 1306, 1134, 191, 4.91%, 0, 0, 6, 2943.99
1567631626, 0, 655, 1315, 1143, 191, 4.96%, 0, 0, 6, 2935.63
1567631631, 0, 660, 1315, 1141, 201, 4.96%, 0, 0, 6, 2943.12
1567631636, 0, 663, 1316, 1140, 199, 4.96%, 0, 0, 6, 2956.27
1567631641, 0, 666, 1317, 1140, 199, 4.96%, 0, 0, 6, 3025.81
1567631646, 0, 670, 1317, 1138, 197, 4.96%, 0, 0, 6, 3035.92
1567631652, 0, 672, 1317, 1136, 195, 4.96%, 0, 0, 6, 2983.38
1567631657, 0, 674, 1319, 1137, 194, 4.98%, 0, 0, 6, 2971.19
1567631662, 0, 681, 1325, 1141, 193, 4.98%, 0, 0, 6, 2931.71
1567631667, 0, 682, 1329, 1144, 197, 4.99%, 0, 0, 6, 2942.06
1567631672, 0, 684, 1331, 1144, 198, 4.99%, 0, 0, 6, 2945.01
1567631677, 0, 686, 1333, 1144, 198, 5.00%, 0, 0, 6, 2954.55
1567631682, 0, 688, 1337, 1146, 198, 5.00%, 0, 0, 6, 2940.33
1567631687, 0, 689, 1341, 1149, 199, 5.00%, 0, 0, 6, 2944.77
1567631692, 0, 695, 1343, 1149, 199, 5.03%, 0, 0, 6, 2961.84
1567631697, 0, 696, 1344, 1149, 199, 5.04%, 0, 0, 6, 2961.32
1567631702, 0, 701, 1358, 1161, 199, 5.07%, 0, 0, 6, 2910.08
1567631708, 0, 703, 1360, 1161, 207, 5.09%, 0, 0, 6, 2986.06
1567631713, 0, 706, 1366, 1164, 207, 5.12%, 0, 0, 6, 2941.72
1567631718, 0, 709, 1366, 1161, 207, 5.12%, 0, 0, 6, 2936.58
1567631723, 0, 710, 1369, 1163, 209, 5.20%, 0, 0, 7, 3034.89
1567631728, 0, 724, 1370, 1162, 207, 5.20%, 0, 0, 7, 3045.63
1567631733, 0, 731, 1372, 1163, 206, 5.20%, 0, 0, 7, 3009.90
1567631738, 0, 738, 1375, 1163, 203, 5.20%, 0, 0, 7, 2955.41
1567631743, 0, 747, 1376, 1162, 202, 5.20%, 0, 0, 7, 2962.39
1567631748, 0, 747, 1380, 1166, 202, 5.20%, 0, 0, 7, 2973.71
1567631753, 0, 748, 1382, 1167, 203, 5.21%, 0, 0, 7, 2966.12
1567631759, 0, 751, 1382, 1165, 201, 5.21%, 0, 0, 7, 2938.90
1567631764, 0, 752, 1383, 1165, 200, 5.21%, 0, 0, 7, 2951.65
1567631769, 0, 755, 1383, 1163, 198, 5.21%, 0, 0, 7, 2969.89
1567631774, 0, 755, 1385, 1165, 198, 5.21%, 0, 0, 7, 3018.56
1567631779, 0, 755, 1386, 1166, 198, 5.21%, 0, 0, 7, 2998.87
1567631784, 0, 756, 1386, 1165, 197, 5.21%, 0, 0, 7, 3010.45
1567631789, 0, 762, 1388, 1166, 197, 5.21%, 0, 0, 7, 2993.98
1567631794, 0, 764, 1388, 1165, 196, 5.21%, 0, 0, 7, 2991.88
1567631799, 0, 766, 1390, 1166, 195, 5.21%, 0, 0, 7, 73.15
1567631809, 0, 771, 1390, 1165, 194, 5.21%, 0, 0, 7, 1110.60
1567631820, 0, 771, 1391, 1166, 194, 5.21%, 0, 0, 7, 2201.26
1567631825, 0, 777, 1391, 1165, 193, 5.21%, 0, 0, 7, 2595.00
1567631835, 0, 780, 1393, 1166, 192, 5.23%, 0, 0, 7, 127.55
1567631840, 0, 780, 1394, 1167, 192, 5.23%, 0, 0, 7, 2266.72
1567631845, 0, 784, 1396, 1168, 192, 5.23%, 0, 0, 7, 77.67
1567631861, 0, 786, 1398, 1169, 191, 5.23%, 0, 0, 7, 820.28
1567631871, 0, 786, 1399, 1170, 191, 5.24%, 0, 0, 7, 1040.94
1567631876, 0, 787, 1399, 1169, 192, 5.24%, 0, 0, 7, 838.86
1567631891, 0, 788, 1399, 1168, 191, 5.24%, 0, 0, 7, 77.67
1567631897, 0, 788, 1400, 1169, 191, 5.24%, 0, 0, 7, 48.61
1567631907, 0, 789, 1402, 1170, 190, 5.24%, 0, 0, 7, 66.58
1567631912, 0, 789, 1403, 1171, 190, 5.24%, 0, 0, 7, 44.64
1567631922, 0, 789, 1406, 1174, 190, 5.24%, 0, 0, 7, 1552.36
1567631932, 0, 789, 1408, 1176, 190, 5.24%, 0, 0, 7, 1399.25
1567631937, 0, 790, 1408, 1175, 189, 5.24%, 0, 0, 7, 81.97
1567631943, 0, 790, 1409, 1176, 189, 5.24%, 0, 0, 7, 1000.00
1567631953, 0, 792, 1410, 1176, 188, 5.24%, 0, 0, 7, 1615.58
1567631959, 0, 792, 1416, 1182, 188, 5.24%, 0, 0, 7, 408.90
1567631969, 0, 793, 1416, 1181, 189, 5.24%, 0, 0, 7, 439.41
1567631974, 0, 793, 1417, 1182, 189, 5.24%, 0, 0, 7, 49.62
1567631985, 0, 794, 1417, 1181, 188, 5.24%, 0, 0, 7, 1864.50
1567632000, 0, 794, 1420, 1184, 188, 5.24%, 0, 0, 7, 1978.48
1567632005, 0, 794, 1421, 1185, 188, 5.24%, 0, 0, 7, 1564.34
1567632010, 0, 794, 1423, 1187, 188, 5.24%, 0, 0, 7, 1482.56
1567632015, 0, 795, 1423, 1186, 189, 5.24%, 0, 0, 7, 1283.87
1567632030, 0, 795, 1426, 1189, 189, 5.24%, 0, 0, 7, 1715.99
1567632045, 0, 800, 1428, 1190, 189, 5.25%, 0, 0, 7, 1414.94
1567632060, 0, 805, 1429, 1190, 188, 5.25%, 0, 0, 7, 1613.51
1567632071, 0, 810, 1429, 1189, 187, 5.25%, 0, 0, 7, 2222.21
1567632076, 0, 810, 1436, 1196, 187, 5.25%, 0, 0, 7, 49.66
1567632086, 0, 811, 1437, 1196, 186, 5.25%, 0, 0, 7, 144.00
1567632325, 0, 815, 1438, 1196, 185, 5.25%, 0, 0, 7, 1646.29
1567632336, 0, 817, 1438, 1195, 184, 5.25%, 0, 0, 7, 1706.45
1567632346, 0, 817, 1439, 1196, 184, 5.25%, 0, 0, 7, 1862.59
1567632351, 0, 818, 1439, 1195, 183, 5.25%, 0, 0, 7, 1469.44
1567632361, 0, 819, 1439, 1194, 182, 5.25%, 0, 0, 7, 1295.16
1567632371, 0, 820, 1439, 1193, 181, 5.25%, 0, 0, 7, 1578.20
1567632377, 0, 820, 1440, 1194, 181, 5.25%, 0, 0, 7, 1681.63
1567632382, 0, 820, 1441, 1195, 181, 5.25%, 0, 0, 7, 1917.77
1567632387, 0, 821, 1442, 1195, 180, 5.25%, 0, 0, 7, 1624.75
1567632397, 0, 821, 1443, 1196, 180, 5.25%, 0, 0, 7, 1260.74
1567632402, 0, 822, 1443, 1195, 179, 5.25%, 0, 0, 7, 930.79
1567632412, 0, 823, 1444, 1195, 178, 5.25%, 0, 0, 7, 1412.17
1567632422, 0, 823, 1445, 1196, 178, 5.25%, 0, 0, 7, 1239.00
1567632428, 0, 823, 1447, 1198, 178, 5.25%, 0, 0, 7, 1614.96
1567632433, 0, 825, 1447, 1197, 177, 5.25%, 0, 0, 7, 1516.60
1567632448, 0, 844, 1447, 1196, 176, 5.25%, 0, 0, 7, 1293.44
1567632463, 0, 848, 1447, 1195, 175, 5.25%, 0, 0, 7, 2396.36
1567632473, 0, 849, 1449, 1196, 174, 5.26%, 0, 0, 7, 1383.71
1567632484, 0, 849, 1451, 1198, 174, 5.26%, 0, 0, 7, 1745.90
1567632489, 0, 851, 1451, 1197, 173, 5.26%, 0, 0, 7, 1383.71
1567632499, 0, 852, 1451, 1196, 172, 5.26%, 0, 0, 7, 1254.24
1567632514, 0, 853, 1452, 1196, 171, 5.26%, 0, 0, 7, 1462.48
1567632525, 0, 855, 1453, 1196, 170, 5.26%, 0, 0, 7, 1468.74
1567632540, 0, 861, 1453, 1195, 169, 5.26%, 0, 0, 7, 1531.71
1567632545, 0, 861, 1454, 1196, 169, 5.26%, 0, 0, 7, 1939.71
1567632550, 0, 867, 1454, 1195, 168, 5.26%, 0, 0, 7, 1422.96
1567632560, 0, 878, 1454, 1194, 167, 5.26%, 0, 0, 7, 1438.26
1567632565, 0, 878, 1455, 1195, 167, 5.26%, 0, 0, 7, 181.96
1567632570, 0, 878, 1458, 1198, 167, 5.26%, 0, 0, 7, 1555.59
1567632581, 0, 884, 1458, 1197, 167, 5.26%, 0, 0, 7, 1522.20
1567632586, 0, 884, 1459, 1198, 167, 5.26%, 0, 0, 7, 2358.53
1567632591, 0, 885, 1460, 1198, 166, 5.26%, 0, 0, 7, 218.50
1567632601, 0, 902, 1460, 1197, 165, 5.26%, 0, 0, 7, 1658.94
1567632606, 0, 902, 1461, 1198, 165, 5.26%, 0, 0, 7, 1485.54
1567632617, 0, 902, 1463, 1200, 165, 5.26%, 0, 0, 7, 1725.64
1567632622, 0, 902, 1464, 1201, 165, 5.26%, 0, 0, 7, 1681.29
1567632627, 0, 902, 1465, 1202, 165, 5.26%, 0, 0, 7, 1671.11
1567632637, 0, 910, 1466, 1202, 166, 5.26%, 0, 0, 7, 1542.45
1567632652, 0, 916, 1467, 1202, 165, 5.26%, 0, 0, 7, 1649.82
1567632658, 0, 916, 1468, 1203, 165, 5.27%, 0, 0, 7, 2505.12
1567632673, 0, 939, 1470, 1204, 165, 5.27%, 0, 0, 7, 1525.94
1567632678, 0, 939, 1472, 1206, 165, 5.27%, 0, 0, 7, 1505.00
1567632688, 0, 952, 1473, 1206, 165, 5.27%, 0, 0, 7, 1382.01
1567632704, 0, 953, 1474, 1206, 164, 5.27%, 0, 0, 7, 1359.66
1567632714, 0, 954, 1474, 1205, 164, 5.27%, 0, 0, 7, 797.55
1567632724, 0, 955, 1474, 1204, 163, 5.27%, 0, 0, 7, 1690.87
1567632729, 0, 955, 1475, 1205, 163, 5.27%, 0, 0, 7, 1558.10
1567632734, 0, 955, 1476, 1206, 163, 5.27%, 0, 0, 7, 1347.49
1567632739, 0, 956, 1476, 1205, 163, 5.27%, 0, 0, 7, 2089.03
1567632744, 0, 956, 1477, 1206, 163, 5.28%, 0, 0, 7, 272.80
1567632750, 0, 959, 1479, 1207, 163, 5.28%, 0, 0, 7, 1770.34
1567632755, 0, 959, 1480, 1208, 163, 5.29%, 0, 0, 7, 1231.87
1567632760, 0, 959, 1481, 1209, 163, 5.29%, 0, 0, 7, 1084.76
1567632765, 0, 959, 1483, 1211, 163, 5.29%, 0, 0, 7, 1515.41
1567632770, 0, 959, 1484, 1212, 163, 5.29%, 0, 0, 7, 1734.96
1567632775, 0, 962, 1484, 1211, 165, 5.29%, 0, 0, 7, 1171.09
1567632780, 0, 962, 1485, 1212, 165, 5.29%, 0, 0, 7, 1986.06
1567632785, 0, 964, 1487, 1213, 165, 5.29%, 0, 0, 7, 1750.06
1567632801, 0, 965, 1489, 1214, 164, 5.29%, 0, 0, 7, 1340.00
1567632811, 0, 965, 1491, 1216, 164, 5.29%, 0, 0, 7, 1664.74
1567632816, 0, 967, 1492, 1216, 164, 5.30%, 0, 0, 7, 102.84
1567632821, 0, 967, 1493, 1217, 164, 5.30%, 0, 0, 7, 190.99
1567632827, 0, 969, 1494, 1217, 165, 5.30%, 0, 0, 7, 1549.96
1567632837, 0, 969, 1495, 1218, 165, 5.30%, 0, 0, 7, 1233.41
1567632842, 0, 976, 1495, 1217, 164, 5.30%, 0, 0, 7, 1457.61
1567632852, 0, 984, 1495, 1216, 163, 5.30%, 0, 0, 7, 1641.58
1567632857, 0, 984, 1496, 1217, 163, 5.30%, 0, 0, 7, 1528.97
1567632868, 0, 984, 1498, 1219, 163, 5.30%, 0, 0, 7, 1421.66
1567632873, 0, 996, 1498, 1218, 162, 5.30%, 0, 0, 7, 108.18
1567632883, 0, 996, 1500, 1220, 162, 5.30%, 0, 0, 7, 1411.29
1567632888, 0, 996, 1501, 1221, 162, 5.30%, 0, 0, 7, 1650.57
1567632893, 0, 997, 1504, 1223, 161, 5.30%, 0, 0, 7, 72.41
1567632909, 0, 997, 1509, 1228, 161, 5.30%, 0, 0, 7, 1918.95
1567632914, 0, 997, 1512, 1231, 161, 5.30%, 0, 0, 7, 1711.54
1567632924, 0, 1001, 1514, 1232, 162, 5.31%, 0, 0, 7, 1593.33
1567632939, 0, 1001, 1517, 1235, 162, 5.31%, 0, 0, 7, 1367.24
1567632944, 0, 1001, 1521, 1239, 162, 5.31%, 0, 0, 7, 1555.00
1567632949, 0, 1001, 1523, 1241, 162, 5.31%, 0, 0, 7, 1611.72
1567632954, 0, 1001, 1526, 1244, 162, 5.31%, 0, 0, 7, 1589.68
1567632960, 0, 1013, 1527, 1244, 164, 5.31%, 0, 0, 7, 77.67
1567632970, 0, 1015, 1527, 1243, 163, 5.31%, 0, 0, 7, 1495.69
1567632985, 0, 1017, 1527, 1242, 162, 5.31%, 0, 0, 7, 839.90
1567632995, 0, 1025, 1531, 1245, 162, 5.31%, 0, 0, 7, 77.98
1567633006, 0, 1029, 1532, 1245, 162, 5.31%, 0, 0, 7, 1878.69
1567633021, 0, 1029, 1538, 1251, 162, 5.31%, 0, 0, 7, 1678.54
1567633026, 0, 1029, 1540, 1253, 162, 5.31%, 0, 0, 7, 1435.58
1567633031, 0, 1029, 1543, 1256, 162, 5.31%, 0, 0, 7, 1472.15
1567633036, 0, 1029, 1547, 1260, 162, 5.31%, 0, 0, 7, 1483.33
1567633042, 0, 1045, 1547, 1259, 161, 5.31%, 0, 0, 7, 850.65
1567633052, 0, 1056, 1549, 1260, 160, 5.31%, 0, 0, 7, 750.00
1567633062, 0, 1056, 1554, 1265, 160, 5.31%, 0, 0, 7, 1622.37
1567633068, 0, 1056, 1557, 1268, 160, 5.31%, 0, 0, 7, 1625.74
1567633073, 0, 1056, 1559, 1270, 160, 5.31%, 0, 0, 7, 1567.70
1567633083, 0, 1058, 1559, 1269, 160, 5.31%, 0, 0, 7, 77.20
1567633093, 0, 1058, 1560, 1270, 160, 5.31%, 0, 0, 7, 1697.06
1567633098, 0, 1061, 1560, 1269, 159, 5.31%, 0, 0, 7, 1184.64
1567633114, 0, 1062, 1560, 1268, 158, 5.31%, 0, 0, 7, 1827.26
1567633124, 0, 1062, 1561, 1269, 158, 5.31%, 0, 0, 7, 2019.86
1567633129, 0, 1064, 1561, 1268, 157, 5.31%, 0, 0, 7, 2566.36
1567633139, 0, 1064, 1562, 1269, 157, 5.31%, 0, 0, 7, 1799.20
1567633145, 0, 1066, 1562, 1268, 156, 5.31%, 0, 0, 7, 2542.07
1567633155, 0, 1066, 1563, 1269, 156, 5.31%, 0, 0, 7, 2139.09
1567633160, 0, 1066, 1566, 1272, 156, 5.31%, 0, 0, 7, 1769.85
1567633165, 0, 1066, 1567, 1273, 156, 5.31%, 0, 0, 7, 1577.59
1567633175, 0, 1067, 1569, 1274, 155, 5.31%, 0, 0, 7, 1544.94
1567633180, 0, 1067, 1570, 1275, 155, 5.31%, 0, 0, 7, 49.72
1567633191, 0, 1068, 1573, 1277, 156, 5.31%, 0, 0, 7, 1753.62
1567633206, 0, 1069, 1574, 1277, 155, 5.31%, 0, 0, 7, 867.00
1567633221, 0, 1070, 1574, 1276, 154, 5.31%, 0, 0, 7, 2615.00
1567633237, 0, 1071, 1574, 1275, 153, 5.31%, 0, 0, 7, 1756.88
1567633247, 0, 1074, 1574, 1274, 152, 5.31%, 0, 0, 7, 1780.34
1567633262, 0, 1074, 1575, 1275, 152, 5.31%, 0, 0, 7, 1947.26
1567633267, 0, 1075, 1576, 1275, 151, 5.31%, 0, 0, 7, 2546.56
1567633278, 0, 1075, 1580, 1279, 151, 5.31%, 0, 0, 7, 1951.20
1567633288, 0, 1075, 1581, 1280, 151, 5.31%, 0, 0, 7, 1648.47
1567633298, 0, 1082, 1581, 1279, 151, 5.31%, 0, 0, 7, 1630.84
1567633314, 0, 1098, 1582, 1279, 151, 5.31%, 0, 0, 7, 1965.83
1567633329, 0, 1101, 1583, 1279, 151, 5.31%, 0, 0, 7, 1850.33
1567633334, 0, 1101, 1585, 1281, 151, 5.33%, 0, 0, 7, 1942.58
1567633344, 0, 1108, 1585, 1280, 152, 5.33%, 0, 0, 7, 1942.73
1567633359, 0, 1108, 1588, 1283, 152, 5.33%, 0, 0, 7, 1854.17
1567633370, 0, 1108, 1589, 1284, 152, 5.33%, 0, 0, 7, 1700.60
1567633380, 0, 1111, 1589, 1283, 151, 5.33%, 0, 0, 7, 470.00
1567633395, 0, 1117, 1590, 1283, 150, 5.33%, 0, 0, 7, 1533.40
1567633416, 0, 1117, 1592, 1285, 150, 5.33%, 0, 0, 7, 1517.83
1567633421, 0, 1117, 1593, 1286, 150, 5.33%, 0, 0, 7, 1149.74
1567633426, 0, 1117, 1595, 1288, 150, 5.33%, 0, 0, 7, 1214.98
1567633431, 0, 1117, 1596, 1289, 150, 5.33%, 0, 0, 7, 1192.46
1567633436, 0, 1117, 1597, 1290, 150, 5.33%, 0, 0, 7, 1190.75
1567633441, 0, 1121, 1599, 1291, 152, 5.37%, 0, 0, 7, 217.78
1567633462, 0, 1121, 1602, 1294, 152, 5.37%, 0, 0, 7, 1328.43
1567633467, 0, 1121, 1603, 1295, 152, 5.37%, 0, 0, 7, 1329.70
1567633472, 0, 1121, 1604, 1296, 152, 5.37%, 0, 0, 7, 1293.57
1567633477, 0, 1121, 1605, 1297, 152, 5.37%, 0, 0, 7, 1294.76
1567633487, 0, 1138, 1607, 1298, 151, 5.38%, 0, 0, 7, 71.86
1567633498, 0, 1138, 1609, 1300, 151, 5.38%, 0, 0, 7, 2026.53
1567633503, 0, 1138, 1610, 1301, 151, 5.38%, 0, 0, 7, 1581.94
1567633508, 0, 1142, 1610, 1300, 152, 5.38%, 0, 0, 7, 72.83
1567633523, 0, 1142, 1612, 1302, 152, 5.38%, 0, 0, 7, 1438.36
1567633529, 0, 1142, 1614, 1304, 152, 5.38%, 0, 0, 7, 1260.76
1567633549, 0, 1146, 1616, 1305, 151, 5.38%, 0, 0, 7, 842.86
1567633564, 0, 1146, 1617, 1306, 151, 5.38%, 0, 0, 7, 1700.38
1567633569, 0, 1153, 1619, 1307, 150, 5.39%, 0, 0, 7, 72.85
1567633585, 0, 1153, 1621, 1309, 150, 5.39%, 0, 0, 7, 1419.30
1567633590, 0, 1158, 1621, 1308, 150, 5.39%, 0, 0, 7, 1898.06
1567633605, 0, 1158, 1622, 1309, 150, 5.39%, 0, 0, 7, 1812.05
1567633610, 0, 1158, 1624, 1311, 150, 5.39%, 0, 0, 7, 1414.95
1567633621, 0, 1158, 1625, 1312, 150, 5.39%, 0, 0, 7, 1270.74
1567633631, 0, 1159, 1625, 1311, 149, 5.39%, 0, 0, 7, 1264.01
1567633646, 0, 1159, 1626, 1312, 149, 5.39%, 0, 0, 7, 1792.03
1567633652, 0, 1161, 1627, 1312, 148, 5.39%, 0, 0, 7, 72.41
1567633667, 0, 1161, 1628, 1313, 148, 5.39%, 0, 0, 7, 1631.16
1567633672, 0, 1164, 1628, 1312, 147, 5.39%, 0, 0, 7, 179.00
1567633688, 0, 1164, 1629, 1313, 147, 5.39%, 0, 0, 7, 1810.39
1567633693, 0, 1188, 1631, 1314, 146, 5.39%, 0, 0, 7, 362.40
1567633708, 0, 1188, 1634, 1317, 146, 5.39%, 0, 0, 7, 1509.27
1567633713, 0, 1188, 1636, 1319, 146, 5.39%, 0, 0, 7, 1334.27
1567633718, 0, 1188, 1637, 1320, 146, 5.39%, 0, 0, 7, 1280.43
1567633724, 0, 1188, 1639, 1322, 146, 5.39%, 0, 0, 7, 1233.27
1567633729, 0, 1188, 1640, 1323, 146, 5.39%, 0, 0, 7, 1282.90
1567633734, 0, 1209, 1640, 1322, 147, 5.39%, 0, 0, 7, 770.33
1567633749, 0, 1209, 1641, 1323, 147, 5.39%, 0, 0, 7, 1489.90
1567633754, 0, 1210, 1641, 1322, 146, 5.39%, 0, 0, 7, 162.74
1567633770, 0, 1210, 1643, 1324, 146, 5.39%, 0, 0, 7, 1480.93
1567633775, 0, 1210, 1644, 1325, 146, 5.39%, 0, 0, 7, 1361.08
1567633780, 0, 1210, 1645, 1326, 146, 5.39%, 0, 0, 7, 1265.18
1567633795, 0, 1211, 1645, 1325, 145, 5.39%, 0, 0, 7, 77.95
1567633810, 0, 1212, 1646, 1325, 144, 5.39%, 0, 0, 7, 1323.59
1567633826, 0, 1212, 1647, 1326, 144, 5.39%, 0, 0, 7, 1598.84
1567633831, 0, 1213, 1647, 1325, 143, 5.39%, 0, 0, 7, 2203.98
1567633847, 0, 1213, 1649, 1327, 143, 5.39%, 0, 0, 7, 1528.56
1567633852, 0, 1213, 1652, 1330, 143, 5.39%, 0, 0, 7, 1353.73
1567633857, 0, 1213, 1654, 1332, 143, 5.39%, 0, 0, 7, 1321.31
1567633873, 0, 1227, 1655, 1332, 142, 5.39%, 0, 0, 7, 827.10
1567633888, 0, 1228, 1655, 1331, 141, 5.39%, 0, 0, 7, 640.64
1567633908, 0, 1228, 1656, 1332, 141, 5.39%, 0, 0, 7, 1769.10
1567633914, 0, 1229, 1656, 1331, 140, 5.39%, 0, 0, 7, 81.70
1567633929, 0, 1233, 1656, 1330, 139, 5.39%, 0, 0, 7, 1806.68
1567633949, 0, 1233, 1657, 1331, 139, 5.39%, 0, 0, 7, 1714.02
1567633955, 0, 1236, 1657, 1330, 138, 5.39%, 0, 0, 7, 1963.21
1567633965, 0, 1236, 1658, 1331, 138, 5.39%, 0, 0, 7, 1802.37
1567633970, 0, 1239, 1659, 1331, 137, 5.39%, 0, 0, 7, 1152.42
1567633985, 0, 1239, 1662, 1334, 137, 5.39%, 0, 0, 7, 1610.51
1567633995, 0, 1244, 1662, 1333, 136, 5.39%, 0, 0, 7, 842.86
1567634016, 0, 1249, 1664, 1334, 135, 5.41%, 0, 0, 7, 1543.70
1567634027, 0, 1249, 1669, 1339, 135, 5.43%, 0, 0, 7, 1913.96
1567634032, 0, 1249, 1670, 1340, 135, 5.43%, 0, 0, 7, 1733.45
1567634037, 0, 1249, 1672, 1342, 135, 5.44%, 0, 0, 7, 1711.63
1567634042, 0, 1250, 1672, 1341, 139, 5.44%, 0, 0, 7, 1599.74
1567634057, 0, 1252, 1674, 1342, 138, 5.44%, 0, 0, 7, 75.40
1567634062, 0, 1252, 1676, 1344, 138, 5.45%, 0, 0, 7, 2434.62
1567634067, 0, 1253, 1677, 1344, 139, 5.45%, 0, 0, 7, 2004.55
1567634073, 0, 1253, 1678, 1345, 139, 5.46%, 0, 0, 7, 1568.73
1567634078, 0, 1253, 1679, 1346, 139, 5.46%, 0, 0, 7, 517.94
1567634083, 0, 1255, 1681, 1347, 140, 5.46%, 0, 0, 7, 374.30
1567634088, 0, 1255, 1682, 1348, 140, 5.47%, 0, 0, 7, 2112.37
1567634094, 0, 1255, 1683, 1349, 140, 5.47%, 0, 0, 7, 2159.89
1567634099, 0, 1256, 1687, 1352, 140, 5.48%, 0, 0, 7, 1404.01
1567634109, 0, 1257, 1689, 1353, 143, 5.48%, 0, 0, 7, 1783.79
1567634119, 0, 1257, 1691, 1355, 143, 5.48%, 0, 0, 7, 2277.65
1567634124, 0, 1267, 1691, 1354, 143, 5.48%, 0, 0, 7, 346.20
1567634139, 0, 1270, 1692, 1354, 142, 5.48%, 0, 0, 7, 257.14
1567634150, 0, 1270, 1693, 1355, 142, 5.48%, 0, 0, 7, 181.73
1567634175, 0, 1270, 1694, 1356, 142, 5.49%, 0, 0, 7, 160.39
1567634201, 0, 1272, 1694, 1355, 142, 5.49%, 0, 0, 7, 1295.00
1567634206, 0, 1272, 1696, 1357, 142, 5.49%, 0, 0, 7, 1902.94
1567634211, 0, 1272, 1697, 1358, 142, 5.49%, 0, 0, 7, 1908.05
1567634216, 0, 1272, 1698, 1359, 142, 5.49%, 0, 0, 7, 1966.82
1567634221, 0, 1274, 1698, 1358, 142, 5.49%, 0, 0, 7, 153.19
1567634226, 0, 1276, 1706, 1365, 142, 5.50%, 0, 0, 7, 76.26
1567634232, 0, 1276, 1711, 1370, 142, 5.50%, 0, 0, 7, 2122.49
1567634237, 0, 1276, 1718, 1377, 142, 5.50%, 0, 0, 7, 1723.84
1567634242, 0, 1276, 1721, 1380, 142, 5.50%, 0, 0, 7, 1787.29
1567634247, 0, 1276, 1724, 1383, 142, 5.50%, 0, 0, 7, 1747.21
1567634252, 0, 1276, 1727, 1386, 142, 5.50%, 0, 0, 7, 1732.48
1567634257, 0, 1277, 1729, 1387, 144, 5.50%, 0, 0, 7, 1729.00
1567634262, 0, 1279, 1730, 1387, 144, 5.50%, 0, 0, 7, 2037.69
1567634272, 0, 1279, 1733, 1390, 144, 5.50%, 0, 0, 7, 2372.45
1567634278, 0, 1279, 1734, 1391, 144, 5.50%, 0, 0, 7, 1987.31
1567634283, 0, 1279, 1735, 1392, 144, 5.50%, 0, 0, 7, 1952.40
1567634288, 0, 1283, 1736, 1392, 144, 5.50%, 0, 0, 7, 1885.09
1567634298, 0, 1283, 1739, 1395, 144, 5.50%, 0, 0, 7, 2003.31
1567634303, 0, 1283, 1740, 1396, 144, 5.50%, 0, 0, 7, 1927.32
1567634313, 0, 1285, 1741, 1396, 143, 5.50%, 0, 0, 7, 1790.16
1567634324, 0, 1287, 1742, 1396, 142, 5.50%, 0, 0, 7, 2078.38
1567634334, 0, 1292, 1742, 1395, 141, 5.50%, 0, 0, 7, 49.65
1567634339, 0, 1292, 1743, 1396, 141, 5.50%, 0, 0, 7, 2259.12
1567634344, 0, 1294, 1744, 1396, 140, 5.50%, 0, 0, 7, 70.78
1567634354, 0, 1297, 1745, 1396, 139, 5.50%, 0, 0, 7, 2595.97
1567634359, 0, 1298, 1759, 1409, 138, 5.52%, 0, 0, 7, 2874.68
1567634364, 0, 1300, 1762, 1411, 147, 5.53%, 0, 0, 7, 2924.85
1567634370, 0, 1302, 1763, 1410, 146, 5.53%, 0, 0, 7, 2911.76
1567634375, 0, 1304, 1763, 1409, 145, 5.53%, 0, 0, 7, 2915.74
1567634380, 0, 1308, 1765, 1409, 144, 5.53%, 0, 0, 7, 2937.29
1567634385, 0, 1313, 1766, 1408, 143, 5.53%, 0, 0, 7, 2931.39
1567634390, 0, 1314, 1769, 1410, 143, 5.53%, 0, 0, 7, 2946.61
1567634395, 0, 1317, 1772, 1411, 145, 5.53%, 0, 0, 7, 2959.68
1567634400, 0, 1318, 1776, 1414, 144, 5.53%, 0, 0, 7, 2942.06
1567634405, 0, 1318, 1779, 1417, 144, 5.54%, 0, 0, 7, 2932.04
1567634410, 0, 1321, 1780, 1416, 143, 5.54%, 0, 0, 7, 2943.36
1567634415, 0, 1323, 1781, 1415, 143, 5.54%, 0, 0, 7, 2939.83
1567634420, 0, 1326, 1782, 1414, 142, 5.54%, 0, 0, 7, 2954.39
1567634426, 0, 1328, 1782, 1413, 141, 5.54%, 0, 0, 7, 2889.91
1567634431, 0, 1330, 1787, 1416, 142, 5.55%, 0, 0, 7, 2923.48
1567634436, 0, 1332, 1788, 1415, 140, 5.55%, 0, 0, 7, 2899.87
1567634441, 0, 1335, 1788, 1413, 139, 5.55%, 0, 0, 7, 2923.91
1567634446, 0, 1338, 1788, 1411, 137, 5.55%, 0, 0, 7, 2932.93
1567634451, 0, 1341, 1790, 1412, 136, 5.55%, 0, 0, 7, 2947.58
1567634456, 0, 1342, 1793, 1414, 136, 5.55%, 0, 0, 7, 3007.98
1567634461, 0, 1350, 1793, 1412, 134, 5.55%, 0, 0, 7, 2971.20
1567634466, 0, 1350, 1797, 1416, 134, 5.55%, 0, 0, 7, 2917.96
1567634472, 0, 1352, 1799, 1416, 134, 5.56%, 0, 0, 7, 2949.92
1567634477, 0, 1353, 1802, 1418, 134, 5.56%, 0, 0, 7, 2960.28
1567634482, 0, 1355, 1802, 1416, 135, 5.56%, 0, 0, 7, 2991.25
1567634487, 0, 1358, 1802, 1413, 132, 5.56%, 0, 0, 7, 2959.61
1567634492, 0, 1361, 1802, 1410, 129, 5.56%, 0, 0, 7, 2924.78
1567634497, 0, 1364, 1805, 1410, 129, 5.59%, 0, 0, 7, 2973.67
1567634502, 0, 1366, 1806, 1409, 127, 5.63%, 0, 0, 8, 2950.68
1567634507, 0, 1367, 1811, 1413, 132, 5.66%, 0, 0, 8, 3038.20
1567634512, 0, 1368, 1814, 1415, 131, 5.68%, 0, 0, 8, 3053.60
1567634517, 0, 1372, 1816, 1415, 133, 5.70%, 0, 0, 8, 3054.67
1567634522, 0, 1372, 1823, 1422, 133, 5.71%, 0, 0, 8, 2990.30
1567634527, 0, 1379, 1824, 1422, 134, 5.71%, 0, 0, 8, 2986.78
1567634533, 0, 1379, 1827, 1425, 134, 5.71%, 0, 0, 8, 2995.88
1567634538, 0, 1379, 1829, 1427, 134, 5.71%, 0, 0, 8, 2987.74
1567634543, 0, 1380, 1829, 1426, 133, 5.71%, 0, 0, 8, 2974.98
1567634548, 0, 1387, 1829, 1425, 132, 5.71%, 0, 0, 8, 2978.34
1567634558, 0, 1391, 1831, 1426, 131, 5.72%, 0, 0, 8, 1864.65
1567634563, 0, 1391, 1832, 1427, 131, 5.73%, 0, 0, 8, 229.34
1567634569, 0, 1396, 1834, 1428, 134, 5.73%, 0, 0, 8, 2007.98
1567634574, 0, 1396, 1835, 1429, 134, 5.73%, 0, 0, 8, 1861.17
1567634584, 0, 1398, 1835, 1428, 133, 5.73%, 0, 0, 8, 1065.83
1567634600, 0, 1400, 1835, 1427, 132, 5.73%, 0, 0, 8, 1464.39
1567634615, 0, 1412, 1836, 1427, 131, 5.73%, 0, 0, 8, 420.72
1567634630, 0, 1417, 1839, 1429, 130, 5.73%, 0, 0, 8, 1916.26
1567634646, 0, 1421, 1839, 1428, 129, 5.73%, 0, 0, 8, 471.60
1567634651, 0, 1421, 1840, 1429, 129, 5.73%, 0, 0, 8, 49.62
1567634662, 0, 1427, 1844, 1432, 129, 5.73%, 0, 0, 8, 477.89
1567634677, 0, 1448, 1844, 1431, 129, 5.73%, 0, 0, 8, 1320.78
1567634687, 0, 1448, 1845, 1432, 129, 5.73%, 0, 0, 8, 1307.57
1567634692, 0, 1454, 1846, 1432, 128, 5.73%, 0, 0, 8, 1537.92
1567634698, 0, 1454, 1848, 1434, 128, 5.73%, 0, 0, 8, 154.29
1567634703, 0, 1460, 1848, 1433, 128, 5.73%, 0, 0, 8, 1714.52
1567634723, 0, 1467, 1850, 1434, 127, 5.73%, 0, 0, 8, 1662.47
1567634744, 0, 1467, 1852, 1436, 127, 5.73%, 0, 0, 8, 1888.82
1567634749, 0, 1467, 1855, 1439, 127, 5.73%, 0, 0, 8, 1458.76
1567634754, 0, 1467, 1856, 1440, 127, 5.73%, 0, 0, 8, 1384.68
1567634764, 0, 1467, 1857, 1441, 127, 5.73%, 0, 0, 8, 1239.56
1567634769, 0, 1470, 1857, 1440, 127, 5.73%, 0, 0, 8, 75.18
1567634779, 0, 1470, 1858, 1441, 127, 5.73%, 0, 0, 8, 1392.63
1567634784, 0, 1473, 1859, 1441, 126, 5.73%, 0, 0, 8, 1450.42
1567634794, 0, 1474, 1860, 1441, 125, 5.73%, 0, 0, 8, 1582.59
1567634800, 0, 1474, 1861, 1442, 125, 5.74%, 0, 0, 8, 1654.89
1567634805, 0, 1474, 1862, 1443, 125, 5.74%, 0, 0, 8, 1798.70
1567634810, 0, 1476, 1862, 1442, 126, 5.74%, 0, 0, 8, 1455.61
1567634820, 0, 1478, 1862, 1441, 125, 5.74%, 0, 0, 8, 1675.72
1567634825, 0, 1478, 1863, 1442, 125, 5.74%, 0, 0, 8, 1521.37
1567634830, 0, 1478, 1864, 1443, 125, 5.74%, 0, 0, 8, 1133.16
1567634835, 0, 1484, 1864, 1442, 125, 5.74%, 0, 0, 8, 813.61
1567634845, 0, 1488, 1866, 1443, 124, 5.75%, 0, 0, 8, 1458.23
1567634855, 0, 1490, 1866, 1442, 125, 5.75%, 0, 0, 8, 1569.65
1567634866, 0, 1490, 1868, 1444, 125, 5.75%, 0, 0, 8, 1806.81
1567634871, 0, 1490, 1869, 1445, 125, 5.75%, 0, 0, 8, 1791.09
1567634876, 0, 1491, 1869, 1444, 124, 5.75%, 0, 0, 8, 86.20
1567634886, 0, 1491, 1870, 1445, 124, 5.75%, 0, 0, 8, 1907.49
1567634891, 0, 1492, 1871, 1445, 123, 5.75%, 0, 0, 8, 1350.00
1567634902, 0, 1492, 1873, 1447, 123, 5.75%, 0, 0, 8, 1605.30
1567634907, 0, 1492, 1875, 1449, 123, 5.75%, 0, 0, 8, 1739.22
1567634922, 0, 1496, 1875, 1448, 122, 5.75%, 0, 0, 8, 2170.00
1567634927, 0, 1496, 1876, 1449, 122, 5.75%, 0, 0, 8, 1179.27
1567634938, 0, 1496, 1877, 1450, 122, 5.75%, 0, 0, 8, 1706.69
1567634943, 0, 1502, 1877, 1449, 121, 5.75%, 0, 0, 8, 46.03
1567634953, 0, 1510, 1877, 1448, 120, 5.75%, 0, 0, 8, 279.82
1567634969, 0, 1512, 1877, 1447, 119, 5.75%, 0, 0, 8, 1462.05
1567634984, 0, 1516, 1877, 1446, 118, 5.75%, 0, 0, 8, 1370.46
1567634994, 0, 1516, 1878, 1447, 118, 5.75%, 0, 0, 8, 138.66
1567634999, 0, 1516, 1879, 1448, 118, 5.75%, 0, 0, 8, 1353.33
1567635004, 0, 1520, 1879, 1447, 118, 5.75%, 0, 0, 8, 1395.20
1567635019, 0, 1520, 1881, 1449, 118, 5.75%, 0, 0, 8, 1553.41
1567635025, 0, 1555, 1881, 1448, 117, 5.75%, 0, 0, 8, 1620.00
1567635040, 0, 1555, 1886, 1453, 117, 5.75%, 0, 0, 8, 1365.97
1567635045, 0, 1555, 1890, 1457, 117, 5.75%, 0, 0, 8, 1467.12
1567635050, 0, 1555, 1892, 1459, 117, 5.75%, 0, 0, 8, 1491.67
1567635055, 0, 1555, 1894, 1461, 117, 5.75%, 0, 0, 8, 1420.82
1567635060, 0, 1568, 1894, 1460, 116, 5.75%, 0, 0, 8, 81.97
1567635070, 0, 1568, 1895, 1461, 116, 5.75%, 0, 0, 8, 2375.45
1567635076, 0, 1569, 1895, 1460, 115, 5.75%, 0, 0, 8, 82.13
1567635086, 0, 1569, 1896, 1461, 115, 5.75%, 0, 0, 8, 2414.22
1567635091, 0, 1569, 1898, 1463, 115, 5.75%, 0, 0, 8, 1797.17
1567635101, 0, 1575, 1898, 1462, 115, 5.75%, 0, 0, 8, 2536.56
1567635111, 0, 1577, 1898, 1461, 114, 5.75%, 0, 0, 8, 412.75
1567635127, 0, 1581, 1899, 1461, 114, 5.75%, 0, 0, 8, 1813.32
1567635142, 0, 1583, 1900, 1461, 113, 5.75%, 0, 0, 8, 1871.39
1567635147, 0, 1583, 1901, 1462, 113, 5.76%, 0, 0, 8, 1004.81
1567635157, 0, 1583, 1904, 1465, 113, 5.76%, 0, 0, 8, 1915.93
1567635163, 0, 1583, 1905, 1466, 113, 5.76%, 0, 0, 8, 1706.59
1567635178, 0, 1584, 1905, 1465, 113, 5.76%, 0, 0, 8, 1358.78
1567635188, 0, 1584, 1906, 1466, 113, 5.76%, 0, 0, 8, 2214.08
1567635193, 0, 1593, 1906, 1465, 112, 5.76%, 0, 0, 8, 80.87
1567635209, 0, 1593, 1907, 1466, 112, 5.76%, 0, 0, 8, 1876.99
1567635214, 0, 1593, 1909, 1468, 112, 5.76%, 0, 0, 8, 1348.98
1567635224, 0, 1597, 1909, 1467, 112, 5.76%, 0, 0, 8, 2305.00
1567635240, 0, 1597, 1911, 1469, 112, 5.76%, 0, 0, 8, 1873.77
1567635245, 0, 1598, 1917, 1474, 111, 5.78%, 0, 0, 8, 78.99
1567635250, 0, 1598, 1919, 1476, 111, 5.83%, 0, 0, 8, 48.69
1567635260, 0, 1598, 1922, 1479, 111, 5.83%, 0, 0, 8, 1483.11
1567635265, 0, 1598, 1927, 1484, 111, 5.83%, 0, 0, 8, 1233.04
1567635270, 0, 1598, 1928, 1485, 111, 5.83%, 0, 0, 8, 1323.82
1567635276, 0, 1598, 1929, 1486, 111, 5.83%, 0, 0, 8, 1246.03
1567635281, 0, 1606, 1931, 1487, 120, 5.84%, 0, 0, 8, 2179.73
1567635302, 0, 1608, 1932, 1487, 120, 5.84%, 0, 0, 8, 230.46
1567635317, 0, 1608, 1933, 1488, 120, 5.84%, 0, 0, 8, 1562.03
1567635322, 0, 1629, 1933, 1487, 119, 5.84%, 0, 0, 8, 72.31
1567635338, 0, 1630, 1933, 1486, 118, 5.84%, 0, 0, 8, 80.70
1567635353, 0, 1630, 1937, 1490, 118, 5.84%, 0, 0, 8, 1717.61
1567635358, 0, 1630, 1938, 1491, 118, 5.84%, 0, 0, 8, 1404.48
1567635379, 0, 1636, 1938, 1490, 117, 5.84%, 0, 0, 8, 78.18
1567635394, 0, 1662, 1941, 1492, 116, 5.84%, 0, 0, 8, 75.14
1567635405, 0, 1662, 1943, 1494, 116, 5.84%, 0, 0, 8, 2111.61
1567635410, 0, 1663, 1945, 1495, 117, 5.85%, 0, 0, 8, 75.24
1567635420, 0, 1663, 1947, 1497, 117, 5.85%, 0, 0, 8, 2103.41
1567635425, 0, 1663, 1949, 1499, 117, 5.85%, 0, 0, 8, 1767.51
1567635440, 0, 1664, 1949, 1498, 119, 5.85%, 0, 0, 8, 77.17
1567635445, 0, 1664, 1950, 1499, 119, 5.85%, 0, 0, 8, 2014.81
1567635450, 0, 1664, 1951, 1500, 119, 5.85%, 0, 0, 8, 1546.90
1567635455, 0, 1665, 1953, 1501, 118, 5.86%, 0, 0, 8, 1905.14
1567635466, 0, 1665, 1955, 1503, 118, 5.86%, 0, 0, 8, 2123.93
1567635471, 0, 1665, 1958, 1506, 118, 5.86%, 0, 0, 8, 1721.58
1567635476, 0, 1665, 1960, 1508, 118, 5.86%, 0, 0, 8, 1453.20
1567635481, 0, 1665, 1962, 1510, 118, 5.86%, 0, 0, 8, 1536.12
1567635486, 0, 1669, 1962, 1509, 120, 5.86%, 0, 0, 8, 1528.62
1567635496, 0, 1669, 1963, 1510, 120, 5.86%, 0, 0, 8, 2111.18
1567635502, 0, 1671, 1966, 1512, 119, 5.87%, 0, 0, 8, 875.62
1567635512, 0, 1671, 1967, 1513, 119, 5.87%, 0, 0, 8, 1909.12
1567635517, 0, 1673, 1968, 1513, 119, 5.88%, 0, 0, 8, 1549.40
1567635528, 0, 1674, 1970, 1514, 118, 5.88%, 0, 0, 8, 77.45
1567635538, 0, 1674, 1972, 1516, 118, 5.88%, 0, 0, 8, 2063.29
1567635543, 0, 1675, 1973, 1516, 117, 5.88%, 0, 0, 8, 1631.57
1567635553, 0, 1675, 1974, 1517, 117, 5.88%, 0, 0, 8, 2179.51
1567635558, 0, 1677, 1974, 1516, 117, 5.88%, 0, 0, 8, 53.40
1567635563, 0, 1677, 1975, 1517, 117, 5.89%, 0, 0, 8, 2407.85
1567635568, 0, 1677, 1976, 1518, 117, 5.89%, 0, 0, 8, 1958.32
1567635574, 0, 1678, 1976, 1517, 117, 5.89%, 0, 0, 8, 1545.14
1567635584, 0, 1678, 1978, 1519, 117, 5.89%, 0, 0, 8, 1685.06
1567635589, 0, 1680, 1978, 1518, 116, 5.89%, 0, 0, 8, 2060.88
1567635600, 0, 1681, 1979, 1518, 116, 5.89%, 0, 0, 8, 1743.23
1567635615, 0, 1681, 1982, 1521, 116, 5.89%, 0, 0, 8, 1804.56
1567635620, 0, 1683, 1982, 1520, 115, 5.89%, 0, 0, 8, 1714.71
1567635635, 0, 1684, 1983, 1520, 114, 5.89%, 0, 0, 8, 700.00
1567635645, 0, 1684, 1984, 1521, 114, 5.89%, 0, 0, 8, 1943.63
1567635650, 0, 1686, 1984, 1520, 113, 5.89%, 0, 0, 8, 2360.68
1567635660, 0, 1688, 1984, 1519, 112, 5.89%, 0, 0, 8, 1781.67
1567635670, 0, 1688, 1985, 1520, 112, 5.89%, 0, 0, 8, 1979.31
1567635676, 0, 1689, 1986, 1520, 112, 5.89%, 0, 0, 8, 1973.12
1567635686, 0, 1689, 1987, 1521, 112, 5.89%, 0, 0, 8, 1939.98
1567635691, 0, 1692, 1987, 1520, 112, 5.89%, 0, 0, 8, 176.07
1567635747, 0, 1696, 1988, 1520, 111, 5.89%, 0, 0, 8, 508.08
1567635757, 0, 1699, 1989, 1520, 110, 5.89%, 0, 0, 8, 1760.25
1567635768, 0, 1705, 1994, 1524, 109, 5.89%, 0, 0, 8, 1400.72
1567635773, 0, 1705, 1997, 1527, 109, 5.89%, 0, 0, 8, 2681.86
1567635778, 0, 1706, 2002, 1531, 115, 5.89%, 0, 0, 8, 2187.50
1567635783, 0, 1706, 2003, 1532, 115, 5.89%, 0, 0, 8, 2626.80
1567635788, 0, 1707, 2004, 1532, 115, 5.89%, 0, 0, 8, 440.00
1567635798, 0, 1715, 2004, 1531, 114, 5.89%, 0, 0, 8, 69.82
1567635808, 0, 1722, 2006, 1532, 113, 5.89%, 0, 0, 8, 2162.88
1567635814, 0, 1722, 2007, 1533, 113, 5.89%, 0, 0, 8, 2860.00
1567635819, 0, 1728, 2007, 1532, 112, 5.89%, 0, 0, 8, 282.72
1567635829, 0, 1732, 2010, 1534, 111, 5.89%, 0, 0, 8, 2034.82
1567635849, 0, 1732, 2014, 1538, 111, 5.89%, 0, 0, 8, 1519.55
1567635855, 0, 1732, 2017, 1541, 111, 5.89%, 0, 0, 8, 1302.75
1567635865, 0, 1732, 2019, 1543, 111, 5.89%, 0, 0, 8, 1303.04
1567635870, 0, 1732, 2020, 1544, 111, 5.89%, 0, 0, 8, 1297.00
1567635875, 0, 1735, 2020, 1543, 110, 5.89%, 0, 0, 8, 2233.73
1567635880, 0, 1735, 2021, 1544, 110, 5.89%, 0, 0, 8, 195.93
1567635885, 0, 1745, 2022, 1544, 110, 5.89%, 0, 0, 8, 2488.51
1567635890, 0, 1747, 2023, 1543, 109, 5.89%, 0, 0, 8, 2837.31
1567635895, 0, 1748, 2023, 1542, 108, 5.89%, 0, 0, 8, 2924.25
1567635901, 0, 1750, 2024, 1541, 106, 5.89%, 0, 0, 8, 2945.16
1567635906, 0, 1754, 2024, 1539, 104, 5.89%, 0, 0, 8, 2943.97
1567635911, 0, 1755, 2025, 1539, 103, 5.89%, 0, 0, 8, 2934.85
1567635916, 0, 1762, 2027, 1539, 102, 5.89%, 0, 0, 8, 2939.80
1567635921, 0, 1764, 2028, 1539, 101, 5.89%, 0, 0, 8, 2944.94
1567635926, 0, 1766, 2028, 1537, 99, 5.89%, 0, 0, 8, 2944.01
1567635931, 0, 1770, 2028, 1535, 97, 5.89%, 0, 0, 8, 2947.74
1567635936, 0, 1775, 2034, 1539, 98, 5.94%, 0, 0, 8, 2948.06
1567635941, 0, 1778, 2034, 1537, 96, 5.94%, 0, 0, 8, 2959.88
1567635946, 0, 1779, 2034, 1536, 95, 5.94%, 0, 0, 8, 2974.16
1567635951, 0, 1781, 2034, 1534, 93, 5.94%, 0, 0, 8, 2954.22
1567635957, 0, 1783, 2034, 1532, 91, 5.94%, 0, 0, 8, 2950.84
1567635962, 0, 1785, 2034, 1530, 89, 5.94%, 0, 0, 8, 2942.57
1567635967, 0, 1787, 2034, 1528, 87, 5.94%, 0, 0, 8, 2906.82
1567635972, 0, 1796, 2035, 1527, 85, 5.94%, 0, 0, 8, 2950.39
1567635977, 0, 1797, 2039, 1530, 85, 5.95%, 0, 0, 8, 2943.76
1567635982, 0, 1798, 2041, 1531, 85, 5.95%, 0, 0, 8, 2961.26
1567635987, 0, 1800, 2043, 1531, 83, 5.95%, 0, 0, 8, 3032.61
1567635992, 0, 1802, 2044, 1530, 82, 5.95%, 0, 0, 8, 3012.93
1567635997, 0, 1804, 2044, 1528, 80, 5.95%, 0, 0, 8, 3096.88
1567636002, 0, 1807, 2047, 1529, 81, 5.99%, 0, 0, 9, 2974.68
1567636008, 0, 1808, 2052, 1533, 83, 6.08%, 0, 0, 9, 2976.02
1567636013, 0, 1809, 2052, 1532, 83, 6.08%, 0, 0, 9, 2981.03
1567636018, 0, 1810, 2052, 1531, 82, 6.08%, 0, 0, 9, 2976.05
1567636023, 0, 1811, 2055, 1533, 81, 6.08%, 0, 0, 9, 3021.12
1567636028, 0, 1812, 2057, 1534, 81, 6.11%, 0, 0, 9, 2958.60
1567636033, 0, 1814, 2058, 1534, 80, 6.11%, 0, 0, 9, 2987.21
1567636038, 0, 1815, 2065, 1540, 82, 6.15%, 0, 0, 9, 2896.35
1567636043, 0, 1816, 2070, 1544, 83, 6.16%, 0, 0, 9, 2937.74
1567636048, 0, 1820, 2073, 1546, 82, 6.16%, 0, 0, 9, 2956.00
1567636054, 0, 1820, 2080, 1553, 82, 6.16%, 0, 0, 9, 2941.95
1567636059, 0, 1820, 2081, 1554, 82, 6.16%, 0, 0, 9, 2954.83
1567636064, 0, 1830, 2081, 1553, 83, 6.16%, 0, 0, 9, 1503.51
1567636074, 0, 1833, 2083, 1554, 82, 6.17%, 0, 0, 9, 1701.27
1567636079, 0, 1833, 2084, 1555, 82, 6.17%, 0, 0, 9, 430.55
1567636084, 0, 1833, 2087, 1558, 82, 6.17%, 0, 0, 9, 1429.90
1567636089, 0, 1833, 2088, 1559, 82, 6.18%, 0, 0, 9, 1873.39
1567636095, 0, 1833, 2089, 1560, 82, 6.18%, 0, 0, 9, 1787.84
1567636100, 0, 1840, 2089, 1559, 84, 6.18%, 0, 0, 9, 1105.00
1567636115, 0, 1840, 2090, 1560, 84, 6.18%, 0, 0, 9, 1289.30
1567636120, 0, 1841, 2092, 1561, 83, 6.18%, 0, 0, 9, 2775.00
1567636135, 0, 1842, 2093, 1561, 84, 6.18%, 0, 0, 9, 1376.94
1567636141, 0, 1842, 2095, 1563, 84, 6.18%, 0, 0, 9, 292.68
1567636157, 0, 1846, 2097, 1564, 84, 6.18%, 0, 0, 9, 1479.32
1567636162, 0, 1846, 2098, 1565, 84, 6.19%, 0, 0, 9, 1811.16
1567636167, 0, 1846, 2101, 1568, 84, 6.19%, 0, 0, 9, 1768.00
1567636172, 0, 1846, 2103, 1570, 84, 6.19%, 0, 0, 9, 1775.60
1567636182, 0, 1847, 2104, 1570, 85, 6.19%, 0, 0, 9, 1415.38
1567636192, 0, 1853, 2105, 1570, 85, 6.19%, 0, 0, 9, 1677.58
1567636208, 0, 1856, 2105, 1569, 85, 6.19%, 0, 0, 9, 2381.19
1567636228, 0, 1856, 2106, 1570, 85, 6.19%, 0, 0, 9, 1712.41
1567636233, 0, 1860, 2109, 1572, 84, 6.21%, 0, 0, 9, 1492.54
1567636243, 0, 1860, 2111, 1574, 84, 6.21%, 0, 0, 9, 1646.47
1567636249, 0, 1861, 2111, 1573, 86, 6.21%, 0, 0, 9, 1192.98
1567636259, 0, 1861, 2113, 1575, 86, 6.21%, 0, 0, 9, 1771.21
1567636264, 0, 1862, 2113, 1574, 85, 6.21%, 0, 0, 9, 1709.31
1567636279, 0, 1862, 2114, 1575, 85, 6.21%, 0, 0, 9, 1536.28
1567636285, 0, 1863, 2117, 1577, 84, 6.21%, 0, 0, 9, 1460.00
1567636295, 0, 1864, 2117, 1576, 84, 6.21%, 0, 0, 9, 1347.35
1567636305, 0, 1864, 2119, 1578, 84, 6.21%, 0, 0, 9, 1808.74
1567636310, 0, 1865, 2119, 1577, 83, 6.21%, 0, 0, 9, 1694.37
1567636326, 0, 1865, 2121, 1579, 83, 6.21%, 0, 0, 9, 1764.64
1567636331, 0, 1865, 2122, 1580, 83, 6.21%, 0, 0, 9, 1676.10
1567636336, 0, 1875, 2124, 1581, 83, 6.21%, 0, 0, 9, 1639.84
1567636351, 0, 1875, 2125, 1582, 83, 6.21%, 0, 0, 9, 1325.80
1567636356, 0, 1875, 2126, 1583, 83, 6.21%, 0, 0, 9, 1420.65
1567636361, 0, 1877, 2126, 1582, 82, 6.21%, 0, 0, 9, 2177.59
1567636377, 0, 1882, 2126, 1581, 81, 6.21%, 0, 0, 9, 76.39
1567636398, 0, 1882, 2139, 1594, 81, 6.21%, 0, 0, 9, 1276.44
1567636403, 0, 1882, 2140, 1595, 81, 6.21%, 0, 0, 9, 1353.68
1567636408, 0, 1882, 2144, 1599, 81, 6.21%, 0, 0, 9, 1397.75
1567636413, 0, 1897, 2146, 1600, 81, 6.21%, 0, 0, 9, 1267.76
1567636428, 0, 1897, 2147, 1601, 81, 6.21%, 0, 0, 9, 2096.67
1567636434, 0, 1898, 2147, 1600, 80, 6.21%, 0, 0, 9, 118.84
1567636444, 0, 1900, 2148, 1600, 79, 6.21%, 0, 0, 9, 1945.86
1567636460, 0, 1900, 2149, 1601, 79, 6.21%, 0, 0, 9, 1918.86
1567636465, 0, 1907, 2149, 1600, 78, 6.21%, 0, 0, 9, 71.13
1567636485, 0, 1911, 2149, 1599, 77, 6.21%, 0, 0, 9, 81.49
1567636491, 0, 1911, 2150, 1600, 77, 6.21%, 0, 0, 9, 49.64
1567636501, 0, 1911, 2151, 1601, 77, 6.21%, 0, 0, 9, 1793.31
1567636506, 0, 1911, 2154, 1604, 77, 6.21%, 0, 0, 9, 1345.10
1567636511, 0, 1911, 2155, 1605, 77, 6.22%, 0, 0, 9, 1279.29
1567636516, 0, 1911, 2156, 1606, 77, 6.22%, 0, 0, 9, 1213.94
1567636521, 0, 1914, 2156, 1605, 78, 6.22%, 0, 0, 9, 170.21
1567636526, 0, 1914, 2157, 1606, 78, 6.22%, 0, 0, 9, 1569.60
1567636542, 0, 1915, 2157, 1605, 77, 6.22%, 0, 0, 9, 2212.87
1567636562, 0, 1915, 2159, 1607, 77, 6.22%, 0, 0, 9, 1402.56
1567636567, 0, 1915, 2160, 1608, 77, 6.22%, 0, 0, 9, 1264.16
1567636572, 0, 1915, 2161, 1609, 77, 6.22%, 0, 0, 9, 1236.29
1567636577, 0, 1918, 2164, 1611, 76, 6.23%, 0, 0, 9, 75.79
1567636593, 0, 1918, 2165, 1612, 76, 6.23%, 0, 0, 9, 1620.12
1567636598, 0, 1918, 2168, 1615, 76, 6.23%, 0, 0, 9, 1330.44
1567636608, 0, 1918, 2169, 1616, 76, 6.23%, 0, 0, 9, 1269.68
1567636613, 0, 1922, 2169, 1615, 79, 6.23%, 0, 0, 9, 82.11
1567636629, 0, 1922, 2170, 1616, 79, 6.23%, 0, 0, 9, 1755.62
1567636634, 0, 1922, 2171, 1617, 79, 6.23%, 0, 0, 9, 1329.32
1567636639, 0, 1922, 2173, 1619, 79, 6.24%, 0, 0, 9, 1367.22
1567636644, 0, 1927, 2175, 1620, 79, 6.24%, 0, 0, 9, 1278.42
1567636665, 0, 1927, 2177, 1622, 79, 6.24%, 0, 0, 9, 1450.41
1567636675, 0, 1930, 2180, 1624, 79, 6.24%, 0, 0, 9, 1384.54
1567636695, 0, 1939, 2180, 1623, 78, 6.24%, 0, 0, 9, 1521.73
1567636705, 0, 1939, 2181, 1624, 78, 6.24%, 0, 0, 9, 1897.18
1567636711, 0, 1940, 2181, 1623, 77, 6.24%, 0, 0, 9, 1590.84
1567636721, 0, 1940, 2182, 1624, 77, 6.24%, 0, 0, 9, 2247.80
1567636726, 0, 1943, 2182, 1623, 76, 6.24%, 0, 0, 9, 79.75
1567636736, 0, 1943, 2183, 1624, 76, 6.24%, 0, 0, 9, 2036.85
1567636741, 0, 1943, 2185, 1626, 76, 6.24%, 0, 0, 9, 1833.50
1567636751, 0, 1944, 2185, 1625, 75, 6.24%, 0, 0, 9, 1983.84
1567636762, 0, 1944, 2186, 1626, 75, 6.24%, 0, 0, 9, 2025.17
1567636767, 0, 1947, 2187, 1626, 74, 6.24%, 0, 0, 9, 49.53
1567636777, 0, 1947, 2189, 1628, 74, 6.24%, 0, 0, 9, 1736.64
1567636782, 0, 1949, 2189, 1627, 73, 6.24%, 0, 0, 9, 1942.05
1567636792, 0, 1949, 2190, 1628, 73, 6.24%, 0, 0, 9, 2061.82
1567636797, 0, 1951, 2190, 1627, 72, 6.24%, 0, 0, 9, 2580.00
1567636807, 0, 1951, 2191, 1628, 72, 6.24%, 0, 0, 9, 2223.63
1567636812, 0, 1951, 2194, 1631, 72, 6.24%, 0, 0, 9, 1688.62
1567636817, 0, 1951, 2195, 1632, 72, 6.24%, 0, 0, 9, 1555.60
1567636823, 0, 1951, 2196, 1633, 72, 6.24%, 0, 0, 9, 1505.88
1567636828, 0, 1952, 2196, 1632, 71, 6.24%, 0, 0, 9, 2536.11
1567636844, 0, 1964, 2197, 1632, 70, 6.25%, 0, 0, 9, 1549.94
1567636854, 0, 1964, 2199, 1634, 70, 6.25%, 0, 0, 9, 1807.76
1567636859, 0, 1964, 2200, 1635, 70, 6.25%, 0, 0, 9, 1788.77
1567636864, 0, 1965, 2201, 1635, 69, 6.25%, 0, 0, 9, 1732.77
1567636879, 0, 1965, 2204, 1638, 69, 6.25%, 0, 0, 9, 1674.04
1567636890, 0, 1967, 2204, 1637, 69, 6.25%, 0, 0, 9, 1549.53
1567636905, 0, 1969, 2204, 1636, 68, 6.25%, 0, 0, 9, 1361.77
1567636915, 0, 1969, 2206, 1638, 68, 6.25%, 0, 0, 9, 1954.64
1567636920, 0, 1972, 2206, 1637, 67, 6.25%, 0, 0, 9, 1639.82
1567636936, 0, 1974, 2207, 1637, 66, 6.25%, 0, 0, 9, 1789.73
1567636951, 0, 1978, 2208, 1637, 65, 6.25%, 0, 0, 9, 1736.80
1567636966, 0, 1978, 2211, 1640, 65, 6.25%, 0, 0, 9, 1626.60
1567636981, 0, 1984, 2211, 1639, 64, 6.25%, 0, 0, 9, 2642.30
1567636992, 0, 1984, 2212, 1640, 64, 6.25%, 0, 0, 9, 1818.34
1567636997, 0, 1985, 2212, 1639, 63, 6.25%, 0, 0, 9, 180.14
1567637007, 0, 1992, 2212, 1638, 62, 6.25%, 0, 0, 9, 864.68
1567637012, 0, 1992, 2213, 1639, 62, 6.25%, 0, 0, 9, 2690.67
1567637017, 0, 1993, 2214, 1639, 61, 6.25%, 0, 0, 9, 1603.68
1567637022, 0, 1993, 2215, 1640, 61, 6.25%, 0, 0, 9, 2855.00
1567637028, 0, 1999, 2216, 1640, 61, 6.25%, 0, 0, 9, 1711.70
1567637043, 0, 2002, 2218, 1641, 60, 6.25%, 0, 0, 9, 1283.11
1567637048, 0, 2002, 2219, 1642, 60, 6.25%, 0, 0, 9, 1769.26
1567637053, 0, 2002, 2220, 1643, 60, 6.25%, 0, 0, 9, 1821.67
1567637058, 0, 2006, 2220, 1642, 60, 6.25%, 0, 0, 9, 345.85
1567637068, 0, 2020, 2220, 1641, 59, 6.25%, 0, 0, 9, 2115.14
1567637078, 0, 2022, 2221, 1641, 58, 6.25%, 0, 0, 9, 2371.78
1567637084, 0, 2024, 2225, 1644, 57, 6.25%, 0, 0, 9, 2854.49
1567637089, 0, 2024, 2233, 1652, 57, 6.25%, 0, 0, 9, 2932.63
1567637094, 0, 2025, 2233, 1651, 60, 6.25%, 0, 0, 9, 2936.06
1567637099, 0, 2028, 2236, 1653, 59, 6.25%, 0, 0, 9, 2950.41
1567637104, 0, 2028, 2239, 1656, 59, 6.26%, 0, 0, 9, 2955.27
1567637109, 0, 2031, 2242, 1658, 61, 6.26%, 0, 0, 9, 2961.69
1567637114, 0, 2033, 2261, 1676, 60, 6.37%, 0, 0, 9, 2986.88
1567637119, 0, 2035, 2261, 1675, 73, 6.37%, 0, 0, 9, 2961.78
1567637125, 0, 2043, 2261, 1673, 71, 6.37%, 0, 0, 9, 2992.79
1567637130, 0, 2045, 2268, 1679, 70, 6.40%, 0, 0, 10, 3008.94
1567637135, 0, 2048, 2271, 1681, 73, 6.41%, 0, 0, 10, 2957.43
1567637140, 0, 2049, 2272, 1681, 75, 6.41%, 0, 0, 10, 2871.78
1567637145, 0, 2052, 2272, 1679, 73, 6.41%, 0, 0, 10, 2987.49
1567637150, 0, 2055, 2272, 1678, 72, 6.41%, 0, 0, 10, 3029.72
1567637155, 0, 2056, 2278, 1683, 71, 6.44%, 0, 0, 10, 2982.69
1567637160, 0, 2056, 2281, 1686, 71, 6.44%, 0, 0, 10, 2948.83
1567637165, 0, 2059, 2281, 1684, 75, 6.44%, 0, 0, 10, 2979.37
1567637170, 0, 2060, 2284, 1686, 77, 6.45%, 0, 0, 10, 3057.21
1567637175, 0, 2061, 2284, 1685, 76, 6.45%, 0, 0, 10, 3059.26
1567637180, 0, 2064, 2285, 1685, 75, 6.45%, 0, 0, 10, 3078.88
1567637186, 0, 2065, 2288, 1687, 74, 6.46%, 0, 0, 10, 2997.45
1567637191, 0, 2065, 2295, 1694, 74, 6.50%, 0, 0, 10, 2961.86
1567637196, 0, 2067, 2295, 1693, 82, 6.50%, 0, 0, 10, 2929.21
1567637201, 0, 2067, 2300, 1698, 82, 6.50%, 0, 0, 10, 2930.07
1567637206, 0, 2067, 2301, 1699, 82, 6.50%, 0, 0, 10, 2957.79
1567637211, 0, 2073, 2301, 1697, 80, 6.50%, 0, 0, 10, 2947.43
1567637216, 0, 2082, 2302, 1697, 79, 6.50%, 0, 0, 10, 2904.89
1567637227, 0, 2082, 2303, 1698, 79, 6.50%, 0, 0, 10, 1959.11
1567637232, 0, 2082, 2304, 1699, 79, 6.50%, 0, 0, 10, 1879.33
1567637237, 0, 2083, 2305, 1699, 78, 6.50%, 0, 0, 10, 2104.92
1567637247, 0, 2087, 2306, 1699, 78, 6.50%, 0, 0, 10, 179.69
1567637252, 0, 2087, 2309, 1702, 78, 6.51%, 0, 0, 10, 165.47
1567637308, 0, 2091, 2309, 1701, 79, 6.51%, 0, 0, 10, 236.11
1567637313, 0, 2091, 2310, 1702, 79, 6.51%, 0, 0, 10, 49.52
1567637329, 0, 2093, 2310, 1701, 78, 6.51%, 0, 0, 10, 273.54
1567637344, 0, 2097, 2311, 1701, 77, 6.51%, 0, 0, 10, 108.18
1567637354, 0, 2097, 2312, 1702, 77, 6.51%, 0, 0, 10, 1732.63
1567637359, 0, 2097, 2315, 1705, 77, 6.51%, 0, 0, 10, 1799.51
1567637365, 0, 2097, 2317, 1707, 77, 6.51%, 0, 0, 10, 1786.03
1567637370, 0, 2103, 2317, 1706, 77, 6.51%, 0, 0, 10, 96.22
1567637380, 0, 2106, 2318, 1706, 76, 6.51%, 0, 0, 10, 1720.57
1567637390, 0, 2106, 2319, 1707, 76, 6.51%, 0, 0, 10, 1650.63
1567637395, 0, 2106, 2320, 1708, 76, 6.51%, 0, 0, 10, 1719.75
1567637400, 0, 2107, 2320, 1707, 75, 6.51%, 0, 0, 10, 1400.59
1567637411, 0, 2107, 2321, 1708, 75, 6.51%, 0, 0, 10, 1742.25
1567637416, 0, 2108, 2321, 1707, 74, 6.51%, 0, 0, 10, 1500.00
1567637426, 0, 2116, 2322, 1707, 73, 6.51%, 0, 0, 10, 1603.06
1567637442, 0, 2120, 2323, 1707, 72, 6.52%, 0, 0, 10, 2088.89
1567637452, 0, 2120, 2324, 1708, 72, 6.52%, 0, 0, 10, 1557.59
1567637457, 0, 2149, 2324, 1707, 72, 6.52%, 0, 0, 10, 328.23
1567637472, 0, 2149, 2327, 1710, 72, 6.52%, 0, 0, 10, 1512.80
1567637478, 0, 2149, 2328, 1711, 72, 6.52%, 0, 0, 10, 1390.14
1567637493, 0, 2152, 2328, 1710, 71, 6.52%, 0, 0, 10, 2145.32
1567637503, 0, 2154, 2329, 1710, 70, 6.52%, 0, 0, 10, 2094.50
1567637508, 0, 2154, 2330, 1711, 70, 6.52%, 0, 0, 10, 2424.79
1567637513, 0, 2154, 2331, 1712, 70, 6.52%, 0, 0, 10, 508.72
1567637523, 0, 2154, 2332, 1713, 70, 6.52%, 0, 0, 10, 2226.66
1567637529, 0, 2154, 2335, 1716, 70, 6.52%, 0, 0, 10, 1559.51
1567637539, 0, 2156, 2335, 1715, 71, 6.52%, 0, 0, 10, 1279.70
1567637559, 0, 2161, 2337, 1716, 70, 6.52%, 0, 0, 10, 2183.99
1567637564, 0, 2161, 2338, 1717, 70, 6.53%, 0, 0, 10, 1529.26
1567637580, 0, 2161, 2340, 1719, 70, 6.53%, 0, 0, 10, 1458.75
1567637585, 0, 2161, 2341, 1720, 70, 6.53%, 0, 0, 10, 1319.35
1567637595, 0, 2161, 2342, 1721, 70, 6.53%, 0, 0, 10, 1261.73
1567637600, 0, 2162, 2343, 1721, 72, 6.54%, 0, 0, 10, 1045.00
1567637616, 0, 2162, 2345, 1723, 72, 6.54%, 0, 0, 10, 1585.99
1567637626, 0, 2163, 2345, 1722, 72, 6.54%, 0, 0, 10, 77.32
1567637647, 0, 2168, 2345, 1721, 71, 6.54%, 0, 0, 10, 873.22
1567637652, 0, 2168, 2346, 1722, 71, 6.54%, 0, 0, 10, 1287.15
1567637682, 0, 2171, 2346, 1721, 71, 6.54%, 0, 0, 10, 70.13
1567637687, 0, 2171, 2349, 1724, 71, 6.55%, 0, 0, 10, 65.14
1567637926, 0, 2174, 2350, 1724, 74, 6.55%, 0, 0, 10, 2122.26
1567637952, 0, 2187, 2350, 1723, 73, 6.55%, 0, 0, 10, 1753.91
1567637962, 0, 2187, 2351, 1724, 73, 6.55%, 0, 0, 10, 1763.24
1567637967, 0, 2196, 2352, 1724, 73, 6.55%, 0, 0, 10, 2089.67
1567637978, 0, 2200, 2353, 1724, 73, 6.55%, 0, 0, 10, 1669.34
1567637988, 0, 2200, 2354, 1725, 73, 6.55%, 0, 0, 10, 2264.80
1567637993, 0, 2212, 2357, 1727, 72, 6.55%, 0, 0, 10, 69.44
1567638003, 0, 2214, 2360, 1729, 72, 6.55%, 0, 0, 10, 2136.46
1567638014, 0, 2216, 2361, 1729, 73, 6.55%, 0, 0, 10, 2256.08
1567638029, 0, 2222, 2362, 1729, 72, 6.55%, 0, 0, 10, 2808.91
1567638034, 0, 2223, 2365, 1731, 71, 6.55%, 0, 0, 10, 2943.27
1567638039, 0, 2232, 2365, 1729, 70, 6.55%, 0, 0, 10, 3013.12
1567638044, 0, 2232, 2368, 1732, 70, 6.55%, 0, 0, 10, 3061.95
1567638049, 0, 2232, 2372, 1736, 70, 6.55%, 0, 0, 10, 3019.50
1567638054, 0, 2235, 2372, 1734, 69, 6.55%, 0, 0, 10, 2960.91
1567638059, 0, 2236, 2374, 1735, 68, 6.55%, 0, 0, 10, 2972.73
1567638065, 0, 2236, 2378, 1739, 68, 6.55%, 0, 0, 10, 2991.72
1567638070, 0, 2236, 2380, 1741, 68, 6.56%, 0, 0, 10, 2982.19
1567638075, 0, 2243, 2383, 1742, 70, 6.56%, 0, 0, 10, 2997.48
1567638080, 0, 2244, 2383, 1741, 69, 6.56%, 0, 0, 10, 3022.56
1567638085, 0, 2245, 2383, 1740, 68, 6.56%, 0, 0, 10, 3026.16
1567638090, 0, 2246, 2383, 1739, 67, 6.56%, 0, 0, 10, 2986.59
1567638095, 0, 2249, 2383, 1737, 65, 6.56%, 0, 0, 10, 2934.35
1567638100, 0, 2250, 2383, 1736, 64, 6.56%, 0, 0, 10, 2988.66
1567638105, 0, 2251, 2385, 1737, 63, 6.57%, 0, 0, 10, 2995.07
1567638110, 0, 2253, 2385, 1736, 63, 6.57%, 0, 0, 10, 3035.69
1567638116, 0, 2256, 2386, 1735, 61, 6.58%, 0, 0, 10, 2990.91
1567638121, 0, 2257, 2387, 1735, 62, 6.58%, 0, 0, 10, 2991.67
1567638126, 0, 2258, 2387, 1734, 61, 6.58%, 0, 0, 10, 2988.02
1567638131, 0, 2263, 2387, 1732, 59, 6.58%, 0, 0, 10, 2962.16
1567638136, 0, 2264, 2388, 1732, 58, 6.58%, 0, 0, 11, 3031.33
1567638141, 0, 2268, 2392, 1735, 59, 6.58%, 0, 0, 11, 3023.19
1567638146, 0, 2269, 2394, 1736, 59, 6.59%, 0, 0, 11, 2964.45
1567638151, 0, 2270, 2396, 1737, 60, 6.69%, 0, 0, 11, 2923.59
1567638156, 0, 2272, 2398, 1738, 59, 6.70%, 0, 0, 11, 2948.20
1567638161, 0, 2274, 2400, 1739, 61, 6.71%, 0, 0, 11, 3045.54
1567638166, 0, 2275, 2400, 1738, 61, 6.71%, 0, 0, 11, 2990.82
1567638172, 0, 2278, 2400, 1736, 59, 6.71%, 0, 0, 11, 2956.65
1567638177, 0, 2279, 2401, 1736, 59, 6.72%, 0, 0, 11, 3038.92
1567638182, 0, 2281, 2401, 1735, 58, 6.72%, 0, 0, 11, 3063.52
1567638187, 0, 2282, 2401, 1734, 57, 6.72%, 0, 0, 11, 3103.52
1567638192, 0, 2283, 2401, 1733, 56, 6.72%, 0, 0, 11, 3080.48
1567638197, 0, 2284, 2401, 1732, 55, 6.72%, 0, 0, 11, 3055.26
1567638202, 0, 2285, 2403, 1733, 54, 6.72%, 0, 0, 11, 3019.19
1567638207, 0, 2287, 2405, 1734, 53, 6.72%, 0, 0, 11, 2981.41
1567638212, 0, 2287, 2406, 1735, 53, 6.73%, 0, 0, 11, 2962.07
1567638217, 0, 2289, 2406, 1734, 53, 6.73%, 0, 0, 11, 2904.44
1567638222, 0, 2291, 2407, 1734, 52, 6.74%, 0, 0, 11, 2941.30
1567638227, 0, 2292, 2407, 1733, 52, 6.74%, 0, 0, 11, 2949.26
1567638233, 0, 2294, 2408, 1733, 51, 6.74%, 0, 0, 11, 2981.10
1567638238, 0, 2304, 2409, 1733, 52, 6.76%, 0, 0, 11, 2714.92
1567638248, 0, 2304, 2410, 1734, 52, 6.76%, 0, 0, 11, 2102.67
1567638253, 0, 2306, 2412, 1735, 51, 6.77%, 0, 0, 11, 169.97
1567638314, 0, 2307, 2412, 1734, 52, 6.77%, 0, 0, 11, 195.53
1567638319, 0, 2307, 2414, 1736, 52, 6.77%, 0, 0, 11, 167.35
1567638375, 0, 2310, 2414, 1735, 53, 6.77%, 0, 0, 11, 1166.71
1567638391, 0, 2322, 2416, 1736, 52, 6.77%, 0, 0, 11, 1385.28
1567638401, 0, 2322, 2417, 1737, 52, 6.77%, 0, 0, 11, 1530.13
1567638407, 0, 2329, 2417, 1736, 52, 6.77%, 0, 0, 11, 292.35
1567638422, 0, 2329, 2418, 1737, 52, 6.77%, 0, 0, 11, 248.38
1567638427, 0, 2329, 2419, 1738, 52, 6.77%, 0, 0, 11, 1444.11
1567638432, 0, 2331, 2420, 1738, 52, 6.77%, 0, 0, 11, 1370.92
1567638437, 0, 2331, 2421, 1739, 52, 6.77%, 0, 0, 11, 1702.30
1567638448, 0, 2331, 2422, 1740, 52, 6.77%, 0, 0, 11, 2123.47
1567638453, 0, 2331, 2423, 1741, 52, 6.77%, 0, 0, 11, 1712.92
1567638458, 0, 2335, 2423, 1740, 52, 6.77%, 0, 0, 11, 1342.58
1567638463, 0, 2335, 2424, 1741, 52, 6.77%, 0, 0, 11, 1450.23
1567638479, 0, 2336, 2424, 1740, 52, 6.77%, 0, 0, 11, 1528.69
1567638499, 0, 2336, 2425, 1741, 52, 6.77%, 0, 0, 11, 1515.24
1567638504, 0, 2336, 2426, 1742, 52, 6.77%, 0, 0, 11, 1307.72
1567638510, 0, 2336, 2427, 1743, 52, 6.77%, 0, 0, 11, 1237.36
1567638515, 0, 2337, 2428, 1743, 51, 6.78%, 0, 0, 11, 81.62
1567638520, 0, 2337, 2429, 1744, 51, 6.78%, 0, 0, 11, 49.59
1567638530, 0, 2337, 2432, 1747, 51, 6.78%, 0, 0, 11, 1909.32
1567638535, 0, 2337, 2434, 1749, 51, 6.78%, 0, 0, 11, 1375.04
1567638551, 0, 2342, 2434, 1748, 52, 6.78%, 0, 0, 11, 2153.14
1567638571, 0, 2342, 2437, 1751, 52, 6.78%, 0, 0, 11, 1465.58
1567638576, 0, 2342, 2438, 1752, 52, 6.78%, 0, 0, 11, 1289.97
1567638587, 0, 2345, 2438, 1751, 51, 6.78%, 0, 0, 11, 1139.41
1567638597, 0, 2345, 2439, 1752, 51, 6.78%, 0, 0, 11, 49.60
1567638612, 0, 2345, 2442, 1755, 51, 6.78%, 0, 0, 11, 1233.03
1567638617, 0, 2345, 2445, 1758, 51, 6.78%, 0, 0, 11, 1209.91
1567638622, 0, 2345, 2446, 1759, 51, 6.78%, 0, 0, 11, 1188.17
1567638628, 0, 2345, 2448, 1761, 51, 6.78%, 0, 0, 11, 1122.38
1567638633, 0, 2346, 2448, 1760, 50, 6.78%, 0, 0, 11, 100.12
1567638882, 0, 2347, 2449, 1760, 50, 6.78%, 0, 0, 11, 158.12
1567639131, 0, 2348, 2450, 1760, 49, 6.78%, 0, 0, 11, 268.97
1567639381, 0, 2348, 2451, 1761, 49, 6.78%, 0, 0, 11, 168.10
1567639386, 0, 2349, 2451, 1760, 48, 6.78%, 0, 0, 11, 244.38
1567639396, 0, 2349, 2452, 1761, 48, 6.78%, 0, 0, 11, 250.14
1567639463, 0, 2351, 2452, 1760, 48, 6.78%, 0, 0, 11, 753.25
1567639473, 0, 2351, 2454, 1762, 48, 6.78%, 0, 0, 11, 1774.18
1567639483, 0, 2356, 2455, 1762, 47, 6.78%, 0, 0, 11, 49.59
1567639488, 0, 2356, 2456, 1763, 47, 6.78%, 0, 0, 11, 1697.80
1567639493, 0, 2358, 2456, 1762, 46, 6.78%, 0, 0, 11, 1404.35
1567639504, 0, 2359, 2457, 1762, 45, 6.78%, 0, 0, 11, 73.75
1567639509, 0, 2359, 2459, 1764, 45, 6.78%, 0, 0, 11, 2848.06
1567639514, 0, 2362, 2461, 1765, 45, 6.78%, 0, 0, 11, 2145.28
1567639519, 0, 2370, 2463, 1766, 45, 6.78%, 0, 0, 11, 2867.99
1567639524, 0, 2370, 2465, 1768, 45, 6.78%, 0, 0, 11, 3026.44
1567639529, 0, 2371, 2465, 1767, 46, 6.78%, 0, 0, 11, 3053.00
1567639534, 0, 2376, 2468, 1769, 45, 6.78%, 0, 0, 11, 3064.03
1567639539, 0, 2378, 2470, 1770, 45, 6.78%, 0, 0, 11, 3054.44
1567639545, 0, 2378, 2472, 1772, 45, 6.78%, 0, 0, 11, 3012.91
1567639550, 0, 2382, 2472, 1770, 43, 6.78%, 0, 0, 11, 2990.96
1567639555, 0, 2385, 2475, 1771, 42, 6.79%, 0, 0, 11, 3003.15
1567639560, 0, 2385, 2482, 1778, 42, 6.79%, 0, 0, 11, 2997.41
1567639565, 0, 2385, 2485, 1781, 42, 6.81%, 0, 0, 11, 2998.48
1567639570, 0, 2386, 2485, 1780, 50, 6.81%, 0, 0, 11, 3012.01
1567639576, 0, 2388, 2486, 1779, 48, 6.81%, 0, 0, 12, 3092.22
1567639581, 0, 2393, 2487, 1779, 48, 6.83%, 0, 0, 12, 3073.05
1567639586, 0, 2394, 2490, 1781, 47, 6.83%, 0, 0, 12, 2935.88
1567639591, 0, 2394, 2493, 1784, 47, 6.85%, 0, 0, 12, 2874.96
1567639596, 0, 2397, 2493, 1782, 49, 6.85%, 0, 0, 12, 2963.54
1567639601, 0, 2398, 2494, 1782, 48, 6.85%, 0, 0, 12, 2972.05
1567639606, 0, 2399, 2494, 1781, 48, 6.85%, 0, 0, 12, 3017.06
1567639611, 0, 2400, 2494, 1780, 47, 6.85%, 0, 0, 12, 3012.90
1567639616, 0, 2401, 2494, 1779, 46, 6.85%, 0, 0, 12, 3016.05
1567639621, 0, 2402, 2494, 1778, 45, 6.85%, 0, 0, 12, 3078.61
1567639626, 0, 2403, 2494, 1777, 44, 6.85%, 0, 0, 12, 3064.03
1567639631, 0, 2406, 2495, 1777, 43, 6.85%, 0, 0, 12, 3016.37
1567639637, 0, 2406, 2496, 1778, 43, 6.86%, 0, 0, 12, 2971.38
1567639642, 0, 2407, 2502, 1783, 43, 6.89%, 0, 0, 12, 3179.34
1567639647, 0, 2407, 2506, 1787, 43, 6.89%, 0, 0, 12, 3014.29
1567639652, 0, 2408, 2509, 1789, 47, 6.89%, 0, 0, 12, 2910.33
1567639657, 0, 2410, 2509, 1788, 48, 6.89%, 0, 0, 12, 192.27
1567639724, 0, 2411, 2509, 1787, 47, 6.89%, 0, 0, 12, 173.57
1567639785, 0, 2412, 2509, 1786, 46, 6.89%, 0, 0, 12, 183.99
1567639847, 0, 2413, 2509, 1785, 45, 6.89%, 0, 0, 12, 203.81
1567639913, 0, 2415, 2510, 1785, 44, 6.89%, 0, 0, 12, 1359.38
1567639923, 0, 2415, 2512, 1787, 44, 6.89%, 0, 0, 12, 1834.61
1567639928, 0, 2417, 2512, 1786, 43, 6.89%, 0, 0, 12, 411.69
1567639933, 0, 2417, 2513, 1787, 43, 6.89%, 0, 0, 12, 950.00
1567639954, 0, 2421, 2514, 1787, 42, 6.89%, 0, 0, 12, 1449.68
1567639959, 0, 2421, 2515, 1788, 42, 6.89%, 0, 0, 12, 210.44
1567639979, 0, 2421, 2516, 1789, 42, 6.89%, 0, 0, 12, 1326.01
1567639984, 0, 2421, 2517, 1790, 42, 6.89%, 0, 0, 12, 1298.93
1567639989, 0, 2421, 2518, 1791, 42, 6.89%, 0, 0, 12, 1350.40
1567639994, 0, 2427, 2519, 1791, 41, 6.90%, 0, 0, 12, 82.52
1567640010, 0, 2427, 2520, 1792, 41, 6.90%, 0, 0, 12, 1588.43
1567640015, 0, 2427, 2521, 1793, 41, 6.90%, 0, 0, 12, 1387.20
1567640020, 0, 2427, 2522, 1794, 41, 6.90%, 0, 0, 12, 1298.75
1567640030, 0, 2428, 2522, 1793, 41, 6.90%, 0, 0, 12, 2120.68
1567640050, 0, 2435, 2523, 1793, 41, 6.90%, 0, 0, 12, 1402.65
1567640071, 0, 2435, 2525, 1795, 41, 6.90%, 0, 0, 12, 1655.54
1567640076, 0, 2448, 2525, 1794, 40, 6.90%, 0, 0, 12, 106.66
1567640285, 0, 2451, 2526, 1794, 39, 6.90%, 0, 0, 12, 401.83
1567640316, 0, 2451, 2531, 1799, 39, 6.90%, 0, 0, 12, 1183.65
1567640321, 0, 2451, 2533, 1801, 39, 6.90%, 0, 0, 12, 1212.15
1567640326, 0, 2451, 2538, 1806, 39, 6.91%, 0, 0, 12, 1170.48
1567640332, 0, 2456, 2542, 1809, 42, 6.91%, 0, 0, 12, 1682.93
1567640337, 0, 2456, 2544, 1811, 42, 6.91%, 0, 0, 12, 2291.11
1567640342, 0, 2460, 2546, 1812, 41, 6.91%, 0, 0, 12, 2702.00
1567640347, 0, 2462, 2546, 1811, 40, 6.91%, 0, 0, 12, 2948.91
1567640352, 0, 2462, 2547, 1812, 40, 6.91%, 0, 0, 12, 3066.89
1567640357, 0, 2469, 2547, 1811, 39, 6.91%, 0, 0, 12, 3053.93
1567640362, 0, 2472, 2549, 1812, 38, 6.91%, 0, 0, 12, 3026.31
1567640367, 0, 2473, 2549, 1811, 37, 6.91%, 0, 0, 12, 3015.47
1567640372, 0, 2474, 2549, 1810, 36, 6.91%, 0, 0, 12, 2999.21
1567640377, 0, 2476, 2549, 1808, 34, 6.91%, 0, 0, 12, 2993.67
1567640382, 0, 2477, 2549, 1807, 33, 6.91%, 0, 0, 12, 3012.59
1567640387, 0, 2480, 2549, 1806, 32, 6.91%, 0, 0, 12, 3033.71
1567640393, 0, 2482, 2550, 1805, 30, 6.91%, 0, 0, 12, 2953.05
1567640398, 0, 2485, 2551, 1804, 28, 6.91%, 0, 0, 13, 2917.45
1567640403, 0, 2486, 2555, 1807, 27, 6.91%, 0, 0, 13, 2840.06
1567640408, 0, 2486, 2557, 1809, 27, 6.92%, 0, 0, 13, 2895.85
1567640413, 0, 2488, 2561, 1812, 28, 6.93%, 0, 0, 13, 2770.11
1567640418, 0, 2489, 2561, 1811, 30, 6.93%, 0, 0, 13, 2739.80
1567640423, 0, 2490, 2565, 1814, 29, 6.97%, 0, 0, 13, 2776.21
1567640428, 0, 2491, 2565, 1813, 31, 6.97%, 0, 0, 13, 2763.81
1567640433, 0, 2492, 2565, 1812, 30, 6.97%, 0, 0, 13, 2748.13
1567640438, 0, 2493, 2565, 1811, 29, 6.97%, 0, 0, 13, 2855.80
1567640443, 0, 2494, 2565, 1810, 28, 6.97%, 0, 0, 13, 3015.03
1567640448, 0, 2495, 2565, 1809, 27, 6.97%, 0, 0, 13, 2959.24
1567640453, 0, 2497, 2565, 1808, 26, 6.97%, 0, 0, 13, 3032.65
1567640458, 0, 2498, 2565, 1807, 25, 6.97%, 0, 0, 13, 3078.48
1567640463, 0, 2499, 2567, 1808, 25, 6.97%, 0, 0, 13, 2974.03
1567640468, 0, 2499, 2568, 1809, 25, 6.97%, 0, 0, 13, 2956.41
1567640474, 0, 2500, 2568, 1808, 24, 6.97%, 0, 0, 13, 3148.28
1567640479, 0, 2501, 2568, 1807, 23, 6.97%, 0, 0, 13, 3136.73
1567640484, 0, 2507, 2569, 1807, 22, 6.97%, 0, 0, 13, 2995.80
1567640489, 0, 2508, 2569, 1806, 22, 6.97%, 0, 0, 13, 2937.77
1567640499, 0, 2509, 2569, 1805, 21, 6.97%, 0, 0, 13, 166.49
1567640602, 0, 2509, 2570, 1806, 21, 6.97%, 0, 0, 13, 217.39
1567640607, 0, 2509, 2572, 1808, 21, 6.97%, 0, 0, 13, 429.65
1567640617, 0, 2518, 2572, 1807, 21, 6.97%, 0, 0, 13, 77.88
1567640632, 0, 2518, 2574, 1809, 21, 6.97%, 0, 0, 13, 1717.58
1567640643, 0, 2522, 2575, 1809, 20, 6.97%, 0, 0, 13, 290.61
1567640664, 0, 2529, 2576, 1809, 19, 6.97%, 0, 0, 13, 609.89
1567640695, 0, 2529, 2579, 1812, 19, 6.97%, 0, 0, 13, 1077.06
1567640700, 0, 2529, 2584, 1817, 19, 6.97%, 0, 0, 13, 1185.22
1567640705, 0, 2529, 2587, 1820, 19, 6.97%, 0, 0, 13, 1194.26
1567640710, 0, 2536, 2590, 1822, 19, 6.97%, 0, 0, 13, 1098.12
1567640740, 0, 2536, 2591, 1823, 19, 6.97%, 0, 0, 13, 1124.43
1567640751, 0, 2537, 2591, 1822, 18, 6.97%, 0, 0, 13, 1099.20
1567640781, 0, 2555, 2591, 1821, 17, 6.97%, 0, 0, 13, 2329.34
1567640786, 0, 2556, 2591, 1820, 16, 6.97%, 0, 0, 13, 2810.22
1567640791, 0, 2558, 2595, 1823, 15, 6.99%, 0, 0, 14, 2793.73
1567640797, 0, 2559, 2595, 1822, 18, 6.99%, 0, 0, 14, 2774.12
1567640802, 0, 2561, 2598, 1824, 17, 6.99%, 0, 0, 14, 2575.99
1567640807, 0, 2561, 2602, 1828, 17, 6.99%, 0, 0, 14, 2695.68
1567640812, 0, 2562, 2602, 1827, 21, 6.99%, 0, 0, 14, 2809.36
1567640817, 0, 2563, 2604, 1828, 22, 6.99%, 0, 0, 14, 2815.29
1567640822, 0, 2564, 2604, 1827, 21, 6.99%, 0, 0, 14, 2854.33
1567640827, 0, 2565, 2605, 1827, 20, 6.99%, 0, 0, 14, 2887.42
1567640837, 0, 2568, 2608, 1829, 19, 6.99%, 0, 0, 14, 2970.50
1567640842, 0, 2577, 2613, 1833, 18, 7.00%, 0, 0, 14, 611.09
1567640873, 0, 2577, 2614, 1834, 18, 7.00%, 0, 0, 14, 1118.25
1567640878, 0, 2577, 2616, 1836, 18, 7.00%, 0, 0, 14, 1139.15
1567640883, 0, 2577, 2617, 1837, 18, 7.00%, 0, 0, 14, 1153.89
1567640888, 0, 2579, 2618, 1837, 19, 7.00%, 0, 0, 14, 1091.32
1567640919, 0, 2583, 2619, 1837, 18, 7.00%, 0, 0, 14, 1033.20
1567640960, 0, 2583, 2622, 1840, 18, 7.00%, 0, 0, 14, 1116.66
1567640970, 0, 2583, 2623, 1841, 18, 7.00%, 0, 0, 14, 1182.70
1567640980, 0, 2591, 2624, 1841, 18, 7.00%, 0, 0, 14, 1429.59
1567640986, 0, 2592, 2624, 1840, 17, 7.00%, 0, 0, 14, 2535.04
1567640996, 0, 2593, 2624, 1839, 16, 7.00%, 0, 0, 14, 2735.53
1567641001, 0, 2594, 2624, 1838, 15, 7.00%, 0, 0, 14, 2743.42
1567641006, 0, 2595, 2625, 1838, 14, 7.00%, 0, 0, 15, 2932.97
1567641011, 0, 2596, 2625, 1837, 14, 7.00%, 0, 0, 15, 2884.47
1567641016, 0, 2597, 2626, 1837, 13, 7.00%, 0, 0, 15, 166.17
1567641021, 0, 2597, 2627, 1838, 13, 7.00%, 0, 0, 15, 191.87
1567641032, 0, 2597, 2628, 1839, 13, 7.00%, 0, 0, 15, 175.42
1567641057, 0, 2597, 2629, 1840, 13, 7.00%, 0, 0, 15, 165.80
1567641067, 0, 2600, 2629, 1839, 14, 7.00%, 0, 0, 15, 1700.34
1567641072, 0, 2600, 2630, 1840, 14, 7.00%, 0, 0, 15, 2708.98
1567641077, 0, 2602, 2630, 1838, 12, 7.00%, 0, 0, 15, 2846.33
1567641088, 0, 2603, 2630, 1837, 11, 7.00%, 0, 0, 15, 2842.11
1567641093, 0, 2609, 2631, 1837, 10, 7.00%, 0, 0, 15, 722.54
1567641129, 0, 2618, 2631, 1836, 9, 7.00%, 0, 0, 15, 975.89
1567641170, 0, 2618, 2632, 1837, 9, 7.00%, 0, 0, 15, 1165.08
1567641175, 0, 2618, 2634, 1839, 9, 7.00%, 0, 0, 15, 1139.19
1567641180, 0, 2618, 2635, 1840, 9, 7.00%, 0, 0, 15, 1165.93
1567641185, 0, 2624, 2635, 1839, 8, 7.00%, 0, 0, 15, 1202.47
1567641191, 0, 2627, 2636, 1839, 7, 7.00%, 0, 0, 16, 2498.88
1567641211, 0, 2627, 2637, 1840, 7, 7.00%, 0, 0, 16, 149.02
1567641247, 0, 2630, 2642, 1844, 6, 7.00%, 0, 0, 16, 81.08
1567641278, 0, 2630, 2646, 1848, 6, 7.00%, 0, 0, 16, 1066.05
1567641283, 0, 2630, 2647, 1849, 6, 7.00%, 0, 0, 16, 1169.78
1567641288, 0, 2630, 2650, 1852, 6, 7.00%, 0, 0, 16, 1101.04
1567641298, 0, 2636, 2651, 1852, 8, 7.00%, 0, 0, 16, 175.97
1567641349, 0, 2638, 2652, 1852, 7, 7.00%, 0, 0, 17, 711.93
1567641385, 0, 2638, 2653, 1853, 7, 7.00%, 0, 0, 17, 1139.61
1567641390, 0, 2638, 2656, 1856, 7, 7.00%, 0, 0, 17, 1119.07
1567641405, 0, 2641, 2656, 1855, 6, 7.00%, 0, 0, 17, 1168.29
1567641415, 0, 2641, 2658, 1857, 6, 7.02%, 0, 0, 17, 115.04
1567641436, 0, 2641, 2661, 1860, 6, 7.02%, 0, 0, 17, 1160.06
1567641441, 0, 2641, 2663, 1862, 6, 7.02%, 0, 0, 17, 1156.22
1567641446, 0, 2641, 2664, 1863, 6, 7.02%, 0, 0, 17, 1168.89
1567641451, 0, 2641, 2665, 1864, 6, 7.02%, 0, 0, 17, 1228.21
1567641456, 0, 2646, 2673, 1871, 7, 7.02%, 0, 0, 17, 117.17
1567641472, 0, 2646, 2674, 1872, 7, 7.02%, 0, 0, 17, 2207.85
1567641477, 0, 2646, 2675, 1873, 7, 7.02%, 0, 0, 17, 1613.40
1567641482, 0, 2657, 2676, 1873, 9, 7.02%, 0, 0, 18, 1270.35
1567641518, 0, 2657, 2678, 1875, 9, 7.02%, 0, 0, 18, 1186.34
1567641523, 0, 2657, 2679, 1876, 9, 7.02%, 0, 0, 18, 1145.98
1567641528, 0, 2657, 2680, 1877, 9, 7.02%, 0, 0, 18, 1130.22
1567641539, 0, 2660, 2683, 1879, 8, 7.02%, 0, 0, 18, 75.40
1567641570, 0, 2660, 2685, 1881, 8, 7.02%, 0, 0, 18, 1134.84
1567641575, 0, 2660, 2686, 1882, 8, 7.02%, 0, 0, 18, 1165.45
1567641580, 0, 2660, 2687, 1883, 8, 7.02%, 0, 0, 18, 1058.85
1567641585, 0, 2660, 2689, 1885, 8, 7.02%, 0, 0, 18, 1095.23
1567641590, 0, 2668, 2689, 1884, 9, 7.02%, 0, 0, 18, 779.90
1567641610, 0, 2668, 2691, 1886, 9, 7.02%, 0, 0, 18, 1474.49
1567641626, 0, 2670, 2692, 1886, 10, 7.02%, 0, 0, 18, 2132.88
1567641646, 0, 2672, 2692, 1885, 9, 7.02%, 0, 0, 18, 1619.97
1567641651, 0, 2672, 2693, 1886, 9, 7.02%, 0, 0, 18, 1198.63
1567641662, 0, 2672, 2694, 1887, 9, 7.02%, 0, 0, 18, 293.04
1567641672, 0, 2682, 2695, 1887, 9, 7.02%, 0, 0, 19, 582.31
1567641703, 0, 2682, 2697, 1889, 9, 7.02%, 0, 0, 19, 1114.03
1567641708, 0, 2682, 2698, 1890, 9, 7.02%, 0, 0, 19, 1129.14
1567641724, 0, 2685, 2699, 1890, 9, 7.02%, 0, 0, 19, 988.31
1567641754, 0, 2685, 2700, 1891, 9, 7.02%, 0, 0, 19, 1132.21
1567641764, 0, 2689, 2700, 1890, 8, 7.02%, 0, 0, 19, 81.60
1567641780, 0, 2689, 2702, 1892, 8, 7.02%, 0, 0, 19, 2228.30
1567641785, 0, 2689, 2703, 1893, 8, 7.02%, 0, 0, 19, 1669.26
1567641795, 0, 2691, 2708, 1897, 7, 7.02%, 0, 0, 19, 238.27
1567641816, 0, 2698, 2708, 1896, 7, 7.02%, 0, 0, 19, 1424.49
1567641826, 0, 2698, 2709, 1897, 7, 7.02%, 0, 0, 20, 971.22
1567641852, 0, 2700, 2711, 1898, 6, 7.02%, 0, 0, 20, 1190.04
1567641872, 0, 2700, 2712, 1899, 6, 7.02%, 0, 0, 20, 1470.11
1567641877, 0, 2700, 2717, 1904, 6, 7.02%, 0, 0, 20, 1381.93
1567641887, 0, 2700, 2719, 1906, 6, 7.02%, 0, 0, 20, 1273.00
1567641892, 0, 2707, 2723, 1909, 12, 7.02%, 0, 0, 20, 867.00
1567641913, 0, 2713, 2727, 1912, 12, 7.02%, 0, 0, 21, 1804.55
1567641918, 0, 2713, 2728, 1913, 12, 7.02%, 0, 0, 21, 49.62
1567641928, 0, 2713, 2729, 1914, 12, 7.02%, 0, 0, 21, 2041.37
1567641933, 0, 2713, 2730, 1915, 12, 7.02%, 0, 0, 21, 1649.01
1567641938, 0, 2715, 2733, 1917, 12, 7.02%, 0, 0, 21, 2427.86
1567641943, 0, 2715, 2738, 1922, 12, 7.02%, 0, 0, 21, 1551.69
1567641954, 0, 2715, 2739, 1923, 12, 7.02%, 0, 0, 21, 2403.87
1567641959, 0, 2715, 2740, 1924, 12, 7.02%, 0, 0, 21, 1650.02
1567641964, 0, 2716, 2740, 1923, 12, 7.02%, 0, 0, 21, 1379.93
1567641969, 0, 2716, 2741, 1924, 12, 7.02%, 0, 0, 21, 49.57
1567641985, 0, 2718, 2741, 1923, 11, 7.02%, 0, 0, 21, 2313.93
1567642005, 0, 2719, 2741, 1922, 10, 7.02%, 0, 0, 21, 1518.06
1567642031, 0, 2725, 2744, 1924, 9, 7.02%, 0, 0, 22, 838.10
1567642047, 0, 2736, 2744, 1923, 8, 7.02%, 0, 0, 22, 1830.24
1567642067, 0, 2736, 2746, 1925, 8, 7.02%, 0, 0, 22, 1663.39
1567642083, 0, 2741, 2748, 1926, 7, 7.02%, 0, 0, 23, 250.00
1567642103, 1, 264, 2748, 1925, 6, 7.02%, 0, 0, 23, 78.20
1567642119, 1, 333, 2748, 1924, 6, 7.02%, 0, 0, 23, 95.24
1567642134, 1, 333, 2749, 1925, 6, 7.02%, 0, 0, 23, 1774.97
1567642139, 1, 333, 2755, 1931, 6, 7.02%, 0, 0, 23, 1828.85
1567642144, 1, 333, 2757, 1933, 6, 7.02%, 0, 0, 23, 1736.16
1567642150, 1, 333, 2759, 1935, 6, 7.02%, 0, 0, 23, 1703.66
1567642155, 1, 394, 2760, 1935, 6, 7.02%, 0, 0, 23, 1363.49
1567642170, 1, 529, 2760, 1934, 6, 7.02%, 0, 0, 23, 257.14
1567642186, 1, 529, 2761, 1935, 6, 7.02%, 0, 0, 23, 1869.88
1567642191, 1, 580, 2762, 1935, 5, 7.02%, 0, 0, 23, 1513.92
1567642217, 1, 580, 2773, 1946, 5, 7.02%, 0, 0, 23, 1352.21
1567642222, 1, 580, 2788, 1961, 5, 7.02%, 0, 0, 23, 1310.10
1567642227, 1, 580, 2800, 1973, 5, 7.02%, 0, 0, 23, 1235.68
1567642232, 1, 580, 2806, 1979, 5, 7.02%, 0, 0, 23, 1255.39
1567642237, 1, 580, 2813, 1986, 5, 7.02%, 0, 0, 23, 1253.73
1567642242, 1, 607, 2815, 1987, 5, 7.02%, 0, 0, 23, 1241.59
1567642258, 1, 607, 2817, 1989, 5, 7.02%, 0, 0, 23, 1839.56
1567642263, 1, 628, 2817, 1988, 4, 7.02%, 0, 0, 23, 139.43
1567642319, 1, 778, 2817, 1987, 4, 7.02%, 0, 0, 23, 69.12
1567642329, 1, 826, 2817, 1986, 3, 7.02%, 0, 0, 23, 1489.93
1567642345, 1, 863, 2817, 1985, 2, 7.02%, 0, 0, 23, 1445.36
1567642360, 1, 863, 2818, 1986, 2, 7.02%, 0, 0, 23, 1532.42
1567642365, 1, 1037, 2818, 1985, 2, 7.02%, 0, 0, 23, 76.58
1567642375, 1, 1099, 2818, 1984, 2, 7.02%, 0, 0, 23, 2523.00
1567642391, 1, 1099, 2820, 1986, 2, 7.02%, 0, 0, 23, 1629.73
1567642396, 1, 1099, 2822, 1988, 2, 7.02%, 0, 0, 23, 1646.76
1567642401, 1, 1099, 2823, 1989, 2, 7.02%, 0, 0, 23, 1723.11
1567642406, 1, 1099, 2825, 1991, 2, 7.02%, 0, 0, 23, 1776.09
1567642411, 1, 1234, 2825, 1990, 2, 7.02%, 0, 0, 23, 770.36
1567642447, 1, 1234, 2827, 1992, 2, 7.02%, 0, 0, 23, 1212.01
1567642452, 1, 1234, 2834, 1999, 2, 7.02%, 0, 0, 23, 1025.85
1567642457, 1, 1234, 2838, 2003, 2, 7.02%, 0, 0, 23, 1043.00
1567642462, 1, 1234, 2843, 2008, 2, 7.02%, 0, 0, 23, 1045.53
1567642467, 1, 1234, 2846, 2011, 2, 7.02%, 0, 0, 23, 1123.06
1567642472, 1, 1234, 2848, 2013, 2, 7.02%, 0, 0, 23, 1043.77
1567642477, 1, 1268, 2851, 2015, 2, 7.02%, 0, 0, 23, 1115.95
1567642498, 1, 1407, 2852, 2015, 2, 7.02%, 0, 0, 23, 78.08
1567642513, 1, 1497, 2852, 2014, 1, 7.02%, 0, 0, 23, 1501.85
1567642533, 1, 1497, 2858, 2020, 1, 7.02%, 0, 0, 23, 1544.56
1567642539, 1, 1497, 2860, 2022, 1, 7.02%, 0, 0, 23, 1592.60
1567642544, 1, 1497, 2862, 2024, 1, 7.02%, 0, 0, 23, 1648.76
1567642554, 1, 1607, 2862, 2023, 1, 7.02%, 0, 0, 23, 81.60
1567642569, 1, 1607, 2864, 2025, 1, 7.02%, 0, 0, 23, 1159.18
1567642574, 1, 1607, 2865, 2026, 1, 7.02%, 0, 0, 23, 1436.35
1567642579, 1, 1679, 2865, 2025, 1, 7.02%, 0, 0, 23, 1435.24
1567642594, 1, 1721, 2866, 2025, 1, 7.02%, 0, 0, 23, 2059.98
1567642610, 1, 2010, 2866, 2023, 1, 7.02%, 0, 0, 23, 254.96
1567642615, 1, 2010, 2867, 2024, 1, 7.02%, 0, 0, 23, 261.56
1567642711, 1, 2010, 2872, 2029, 1, 7.02%, 0, 0, 23, 474.14
1567642717, 1, 2010, 2877, 2034, 1, 7.02%, 0, 0, 23, 635.89
1567642722, 1, 2010, 2879, 2036, 1, 7.02%, 0, 0, 23, 664.23
1567642727, 1, 2010, 2883, 2040, 1, 7.02%, 0, 0, 23, 665.01
1567642732, 1, 2010, 2885, 2042, 1, 7.02%, 0, 0, 23, 663.43
1567642737, 1, 2010, 2887, 2044, 1, 7.02%, 0, 0, 23, 700.35
1567642742, 1, 2010, 2889, 2046, 1, 7.02%, 0, 0, 23, 669.51
1567642747, 1, 2018, 2892, 2048, 1, 7.02%, 0, 0, 23, 958.08
1567642768, 1, 2018, 2894, 2050, 1, 7.02%, 0, 0, 23, 1949.80
1567642778, 1, 2182, 2894, 2049, 1, 7.02%, 0, 0, 23, 867.00
1567642793, 1, 2369, 2896, 2050, 1, 7.02%, 0, 0, 23, 2223.36
1567642803, 1, 2369, 2902, 2056, 1, 7.02%, 0, 0, 23, 2970.10
1567642808, 1, 2531, 2902, 2055, 1, 7.02%, 0, 0, 23, 671.55
1567642839, 1, 2531, 2903, 2056, 1, 7.02%, 0, 0, 23, 1236.93
1567642844, 1, 2531, 2906, 2059, 1, 7.02%, 0, 0, 23, 1280.10
1567642849, 1, 2531, 2907, 2060, 1, 7.02%, 0, 0, 23, 1278.06
1567642854, 1, 2656, 2907, 2059, 1, 7.02%, 0, 0, 23, 1199.52
1567642885, 1, 2656, 2909, 2061, 1, 7.02%, 0, 0, 23, 1187.29
1567642890, 1, 2656, 2915, 2067, 1, 7.02%, 0, 0, 23, 1269.69
1567642895, 1, 2656, 2917, 2069, 1, 7.02%, 0, 0, 23, 1300.09
1567642900, 1, 2656, 2919, 2071, 1, 7.02%, 0, 0, 23, 1315.88
1567642905, 1, 2658, 2919, 2070, 1, 7.02%, 0, 0, 23, 375.46
1567642941, 1, 2658, 2922, 2073, 1, 7.02%, 0, 0, 23, 1167.93
1567642946, 1, 2658, 2923, 2074, 1, 7.02%, 0, 0, 23, 1213.67
1567642951, 1, 2658, 2924, 2075, 1, 7.02%, 0, 0, 23, 1266.07
1567642961, 1, 2692, 2925, 2075, 1, 7.02%, 0, 0, 23, 198.95
1567642982, 1, 2698, 2926, 2075, 0, 7.02%, 0, 0, 23, 1543.97
1567642987, 1, 2699, 2926, 2075, 0, 7.02%, 0, 0, 23, 713.44
1567643017, 1, 2699, 2927, 2076, 0, 7.02%, 0, 0, 23, 1078.93
1567643023, 1, 2699, 2931, 2080, 0, 7.02%, 0, 0, 23, 1154.70
1567643028, 1, 2699, 2936, 2085, 0, 7.02%, 0, 0, 23, 1233.33
1567643033, 1, 2699, 2937, 2086, 0, 7.02%, 0, 0, 23, 1140.96
1567643038, 1, 2701, 2940, 2088, 0, 7.02%, 0, 0, 23, 1190.56
1567643063, 1, 2701, 2941, 2089, 0, 7.02%, 0, 0, 23, 1675.64
1567643068, 1, 2701, 2943, 2091, 0, 7.02%, 0, 0, 23, 1515.44
1567643073, 1, 2701, 2944, 2092, 0, 7.02%, 0, 0, 23, 1489.75
1567643079, 1, 2706, 2944, 2091, 0, 7.02%, 0, 0, 23, 1412.84
1567643104, 1, 2717, 2944, 2090, 0, 7.02%, 0, 0, 23, 2448.24
1567643125, 1, 2721, 2944, 2089, 0, 7.02%, 0, 0, 23, 1640.71
1567643151, 1, 2724, 2944, 2088, 0, 7.02%, 0, 0, 23, 80.93
1567643166, 1, 2729, 2944, 2087, 0, 7.02%, 0, 0, 23, 1817.36
1567643171, 1, 2729, 2945, 2088, 0, 7.02%, 0, 0, 23, 2491.90
1567643186, 1, 2734, 2946, 2088, 0, 7.02%, 0, 0, 23, 2407.96
1567643207, 1, 2734, 2947, 2089, 0, 7.02%, 0, 0, 23, 1655.78
1567643212, 1, 2745, 2947, 2088, 0, 7.02%, 0, 0, 23, 2467.66
1567643218, 1, 2745, 2948, 2089, 0, 7.02%, 0, 0, 23, 77.74
1567643233, 1, 2746, 2948, 2088, 0, 7.02%, 0, 0, 23, 2400.00
1567643238, 1, 2746, 2949, 2089, 0, 7.02%, 0, 0, 23, 1726.84
1567643254, 1, 2746, 2951, 2091, 0, 7.03%, 0, 0, 23, 1690.33
1567643259, 1, 2873, 2951, 2090, 1, 7.03%, 0, 0, 23, 279.64
1567643355, 1, 2873, 2952, 2091, 1, 7.03%, 0, 0, 23, 329.90
1567643360, 1, 2873, 2953, 2092, 1, 7.03%, 0, 0, 23, 607.50
1567643365, 1, 2879, 2953, 2091, 1, 7.03%, 0, 0, 23, 509.65
1567643468, 1, 2949, 2954, 2091, 1, 7.03%, 0, 0, 24, 811.51
1567643473, 1, 2949, 2955, 2092, 1, 7.03%, 0, 0, 24, 49.63
1567643488, 1, 2949, 2956, 2093, 1, 7.03%, 0, 0, 24, 1738.55
1567643493, 1, 2953, 2956, 2092, 1, 7.03%, 0, 0, 24, 1606.90
1567643503, 1, 2953, 2957, 2093, 1, 7.03%, 0, 0, 25, 127.41
1567643519, 1, 2956, 2959, 2094, 1, 7.03%, 0, 0, 26, 1584.08
1567643524, 1, 2956, 2960, 2095, 1, 7.03%, 0, 0, 26, 1653.04
1567643545, 1, 2957, 2960, 2094, 1, 7.03%, 0, 0, 26, 2242.39
1567643571, 1, 2958, 2961, 2094, 1, 7.03%, 0, 0, 27, 1443.85
1567643601, 1, 2960, 2963, 2095, 1, 7.03%, 0, 0, 28, 73.06
1567643617, 1, 2960, 2964, 2096, 1, 7.03%, 0, 0, 28, 1954.05
1567643632, 1, 2962, 2964, 2095, 0, 7.03%, 0, 0, 28, 307.49
1567643652, 1, 2963, 2964, 2094, 0, 7.03%, 0, 0, 28, 1642.34
1567643662, 1, 2963, 2967, 2097, 0, 7.03%, 0, 0, 29, 48.54
1567643683, 1, 2965, 2967, 2096, 0, 7.03%, 0, 0, 29, 818.60
1567643704, 1, 2965, 2968, 2097, 0, 7.03%, 0, 0, 30, 1727.57
1567643719, 2, 8, 2968, 2095, 0, 7.03%, 0, 0, 30, 2488.71
1567643724, 2, 22, 2968, 2094, 0, 7.03%, 0, 0, 30, 2978.79
1567643729, 2, 38, 2970, 2094, 0, 7.03%, 0, 0, 30, 3013.53
1567643734, 2, 46, 2970, 2091, 0, 7.03%, 0, 0, 30, 2883.29
1567643739, 2, 62, 2970, 2089, 0, 7.03%, 0, 0, 30, 2947.93
1567643744, 2, 79, 2970, 2087, 0, 7.03%, 0, 0, 30, 2971.60
1567643749, 2, 94, 2974, 2090, 0, 7.03%, 0, 0, 30, 2971.44
1567643754, 2, 97, 2975, 2090, 0, 7.03%, 0, 0, 30, 2991.61
1567643760, 2, 101, 2975, 2089, 0, 7.03%, 0, 0, 30, 3051.98
1567643765, 2, 105, 2977, 2089, 0, 7.03%, 0, 0, 30, 3025.95
1567643770, 2, 119, 2977, 2087, 0, 7.03%, 0, 0, 30, 2966.45
1567643775, 2, 129, 2977, 2087, 0, 7.03%, 0, 0, 30, 969.07
1567643785, 2, 138, 2977, 2086, 0, 7.03%, 0, 0, 30, 1268.20
1567643795, 2, 152, 2977, 2085, 0, 7.03%, 0, 0, 30, 2077.20
1567643811, 2, 152, 2980, 2088, 0, 7.03%, 0, 0, 30, 1682.34
1567643816, 2, 152, 2984, 2092, 0, 7.03%, 0, 0, 30, 1351.94
1567643821, 2, 152, 2988, 2096, 0, 7.03%, 0, 0, 30, 1351.54
1567643826, 2, 152, 2992, 2100, 0, 7.03%, 0, 0, 30, 1174.92
1567643831, 2, 152, 2993, 2101, 0, 7.03%, 0, 0, 30, 1183.96
1567643836, 2, 152, 2994, 2102, 0, 7.03%, 0, 0, 30, 1249.38
1567643841, 2, 156, 2994, 2101, 0, 7.03%, 0, 0, 30, 3074.95
1567643857, 2, 162, 2994, 2100, 0, 7.03%, 0, 0, 30, 49.52
1567643867, 2, 167, 2994, 2099, 0, 7.03%, 0, 0, 30, 297.47
1567643882, 2, 168, 2994, 2098, 0, 7.03%, 0, 0, 30, 76.24
1567643897, 2, 176, 2994, 2097, 0, 7.03%, 0, 0, 30, 1310.60
1567643912, 2, 190, 2994, 2096, 0, 7.03%, 0, 0, 30, 1862.43
1567643918, 2, 199, 2996, 2097, 0, 7.03%, 0, 0, 30, 2773.22
1567643923, 2, 203, 2996, 2095, 0, 7.03%, 0, 0, 30, 2984.49
1567643928, 2, 228, 2997, 2094, 0, 7.03%, 0, 0, 30, 2979.87
1567643933, 2, 252, 2997, 2092, 0, 7.03%, 0, 0, 30, 2827.22
1567643943, 2, 255, 2997, 2091, 0, 7.03%, 0, 0, 30, 418.59
1567643963, 2, 256, 2997, 2090, 0, 7.03%, 0, 0, 30, 1754.23
1567643974, 2, 260, 2997, 2089, 0, 7.03%, 0, 0, 30, 1630.90
1567643994, 2, 261, 2997, 2088, 0, 7.03%, 0, 0, 30, 160.06
1567644030, 2, 263, 2997, 2087, 0, 7.03%, 0, 0, 30, 1678.10
1567644051, 2, 267, 2997, 2086, 0, 7.03%, 0, 0, 30, 645.00
1567644066, 2, 271, 2997, 2085, 0, 7.03%, 0, 0, 30, 2132.97
1567644076, 2, 271, 3002, 2090, 0, 7.03%, 0, 0, 30, 1926.94
1567644081, 2, 271, 3004, 2092, 0, 7.03%, 0, 0, 30, 1855.33
1567644086, 2, 271, 3005, 2093, 0, 7.03%, 0, 0, 30, 1750.76
1567644091, 2, 279, 3008, 2095, 0, 7.03%, 0, 0, 30, 1602.86
1567644122, 2, 290, 3008, 2094, 0, 7.03%, 0, 0, 30, 823.17
1567644259, 2, 292, 3008, 2093, 0, 7.03%, 0, 0, 30, 77.84
1567644274, 2, 294, 3008, 2092, 0, 7.03%, 0, 0, 30, 1519.59
1567644285, 2, 296, 3008, 2091, 0, 7.03%, 0, 0, 30, 1397.72
1567644295, 2, 301, 3008, 2090, 0, 7.03%, 0, 0, 30, 1751.05
1567644310, 2, 302, 3008, 2089, 0, 7.03%, 0, 0, 30, 94.34
1567644321, 2, 314, 3009, 2089, 0, 7.03%, 0, 0, 30, 1553.68
1567644336, 2, 319, 3009, 2088, 0, 7.03%, 0, 0, 30, 1113.95
1567644347, 2, 320, 3009, 2087, 0, 7.03%, 0, 0, 30, 187.71
1567644357, 2, 323, 3009, 2086, 0, 7.03%, 0, 0, 30, 1789.23
1567644372, 2, 327, 3009, 2085, 0, 7.03%, 0, 0, 30, 75.00
1567644388, 2, 327, 3010, 2086, 0, 7.03%, 0, 0, 30, 1688.44
1567644393, 2, 328, 3010, 2085, 0, 7.03%, 0, 0, 30, 1402.86
1567644403, 2, 328, 3012, 2087, 0, 7.03%, 0, 0, 30, 1742.94
1567644408, 2, 328, 3014, 2089, 0, 7.03%, 0, 0, 30, 1701.01
1567644413, 2, 328, 3017, 2092, 0, 7.03%, 0, 0, 30, 1758.55
1567644418, 2, 328, 3019, 2094, 0, 7.03%, 0, 0, 30, 1733.59
1567644423, 2, 330, 3019, 2093, 0, 7.03%, 0, 0, 30, 1376.46
1567644439, 2, 336, 3019, 2092, 0, 7.03%, 0, 0, 30, 2720.97
1567644449, 2, 339, 3019, 2091, 0, 7.03%, 0, 0, 30, 1362.91
1567644459, 2, 340, 3019, 2090, 0, 7.03%, 0, 0, 30, 1494.05
1567644475, 2, 345, 3019, 2089, 0, 7.03%, 0, 0, 30, 94.34
1567644485, 2, 351, 3019, 2088, 0, 7.03%, 0, 0, 30, 2094.55
1567644496, 2, 352, 3019, 2087, 0, 7.03%, 0, 0, 30, 1627.93
1567644511, 2, 355, 3019, 2086, 0, 7.03%, 0, 0, 30, 1561.10
1567644527, 2, 357, 3019, 2085, 0, 7.03%, 0, 0, 30, 86.30
1567644861, 2, 362, 3019, 2084, 0, 7.03%, 0, 0, 30, 329.67
1567644887, 2, 363, 3020, 2084, 0, 7.03%, 0, 0, 30, 1336.63
1567644902, 2, 368, 3020, 2083, 0, 7.03%, 0, 0, 30, 1585.14
1567644917, 2, 375, 3020, 2082, 0, 7.03%, 0, 0, 30, 1370.94
1567644933, 2, 378, 3020, 2081, 0, 7.03%, 0, 0, 30, 447.38
1567644959, 2, 380, 3020, 2080, 0, 7.03%, 0, 0, 30, 1035.75
1567644974, 2, 381, 3020, 2079, 0, 7.03%, 0, 0, 30, 1634.18
1567644984, 2, 382, 3020, 2078, 0, 7.03%, 0, 0, 30, 563.28
1567645015, 2, 382, 3025, 2083, 0, 7.03%, 0, 0, 30, 1371.26
1567645020, 2, 382, 3028, 2086, 0, 7.03%, 0, 0, 30, 1270.37
1567645025, 2, 382, 3030, 2088, 0, 7.03%, 0, 0, 30, 1330.27
1567645030, 2, 382, 3031, 2089, 0, 7.03%, 0, 0, 30, 1359.14
1567645035, 2, 382, 3033, 2091, 0, 7.03%, 0, 0, 30, 1320.10
1567645040, 2, 385, 3033, 2090, 0, 7.03%, 0, 0, 30, 1249.13
1567645066, 2, 391, 3033, 2089, 0, 7.03%, 0, 0, 30, 1178.56
1567645081, 2, 393, 3033, 2088, 0, 7.03%, 0, 0, 30, 1572.96
1567645091, 2, 396, 3033, 2087, 0, 7.03%, 0, 0, 30, 1332.55
1567645107, 2, 404, 3033, 2086, 0, 7.03%, 0, 0, 30, 1447.67
1567645122, 2, 408, 3033, 2085, 0, 7.03%, 0, 0, 30, 1594.75
1567645137, 2, 419, 3033, 2084, 0, 7.03%, 0, 0, 30, 1432.65
1567645142, 2, 430, 3033, 2084, 0, 7.03%, 0, 0, 30, 952.08
1567645158, 2, 431, 3033, 2083, 0, 7.03%, 0, 0, 30, 1665.61
1567645183, 2, 439, 3033, 2082, 0, 7.03%, 0, 0, 30, 2310.00
1567645198, 2, 446, 3033, 2081, 0, 7.03%, 0, 0, 30, 189.94
1567645214, 2, 446, 3034, 2082, 0, 7.03%, 0, 0, 30, 1385.74
1567645219, 2, 451, 3034, 2081, 0, 7.03%, 0, 0, 30, 72.93
1567645234, 2, 454, 3034, 2080, 0, 7.03%, 0, 0, 30, 430.15
1567645250, 2, 456, 3034, 2079, 0, 7.03%, 0, 0, 30, 72.63
1567645265, 2, 457, 3034, 2078, 0, 7.03%, 0, 0, 30, 1423.56
1567645281, 2, 463, 3034, 2077, 0, 7.03%, 0, 0, 30, 1063.82
1567645291, 2, 468, 3034, 2076, 0, 7.03%, 0, 0, 30, 1251.19
1567645306, 2, 468, 3036, 2078, 0, 7.03%, 0, 0, 30, 1044.65
1567645311, 2, 468, 3037, 2079, 0, 7.03%, 0, 0, 30, 1312.80
1567645316, 2, 471, 3037, 2078, 0, 7.03%, 0, 0, 30, 1352.83
1567645332, 2, 472, 3038, 2078, 0, 7.03%, 0, 0, 30, 1400.84
1567645352, 2, 475, 3038, 2077, 0, 7.03%, 0, 0, 30, 2029.93
1567645368, 2, 490, 3039, 2077, 0, 7.03%, 0, 0, 30, 1373.02
1567645383, 2, 491, 3039, 2076, 0, 7.03%, 0, 0, 30, 1387.75
1567645409, 2, 493, 3039, 2075, 0, 7.03%, 0, 0, 30, 825.47
1567645429, 2, 494, 3039, 2074, 0, 7.03%, 0, 0, 30, 215.33
1567645475, 2, 497, 3039, 2073, 0, 7.03%, 0, 0, 30, 411.01
1567645490, 2, 498, 3039, 2072, 0, 7.03%, 0, 0, 30, 78.26
1567645506, 2, 500, 3040, 2072, 0, 7.03%, 0, 0, 30, 1463.06
1567645516, 2, 502, 3040, 2071, 0, 7.03%, 0, 0, 30, 2166.77
1567645521, 2, 511, 3040, 2071, 0, 7.03%, 0, 0, 30, 153.22
1567645628, 2, 512, 3040, 2070, 0, 7.03%, 0, 0, 30, 1186.97
1567645638, 2, 514, 3040, 2069, 0, 7.03%, 0, 0, 30, 2004.41
1567645659, 2, 522, 3041, 2069, 0, 7.03%, 0, 0, 30, 1631.46
1567645664, 2, 560, 3042, 2070, 0, 7.03%, 0, 0, 30, 1490.46
1567645684, 2, 562, 3042, 2069, 0, 7.03%, 0, 0, 30, 1608.23
1567645705, 2, 562, 3043, 2070, 0, 7.03%, 0, 0, 30, 1296.79
1567645710, 2, 563, 3043, 2069, 0, 7.03%, 0, 0, 30, 72.73
1567645726, 2, 564, 3044, 2069, 0, 7.03%, 0, 0, 30, 1794.29
1567645731, 2, 567, 3044, 2069, 0, 7.03%, 0, 0, 30, 73.35
1567645746, 2, 567, 3045, 2070, 0, 7.03%, 0, 0, 30, 1594.21
1567645751, 2, 570, 3045, 2069, 0, 7.03%, 0, 0, 30, 73.71
1567645767, 2, 572, 3045, 2068, 0, 7.03%, 0, 0, 30, 1472.38
1567645782, 2, 578, 3045, 2067, 0, 7.03%, 0, 0, 30, 1604.57
1567645802, 2, 582, 3045, 2066, 0, 7.03%, 0, 0, 30, 1525.53
1567645823, 2, 588, 3045, 2065, 0, 7.03%, 0, 0, 30, 533.53
1567645839, 2, 590, 3045, 2064, 0, 7.03%, 0, 0, 30, 1745.49
1567645854, 2, 598, 3045, 2063, 0, 7.03%, 0, 0, 30, 1829.76
1567645870, 2, 598, 3046, 2064, 0, 7.04%, 0, 0, 30, 2065.55
1567645875, 2, 598, 3047, 2065, 0, 7.04%, 0, 0, 30, 1722.91
1567645880, 2, 636, 3047, 2064, 1, 7.04%, 0, 0, 30, 87.48
1567645890, 2, 831, 3047, 2063, 1, 7.04%, 0, 0, 30, 1374.29
1567645905, 2, 958, 3047, 2062, 1, 7.04%, 0, 0, 30, 224.63
1567645921, 2, 1232, 3048, 2062, 1, 7.04%, 0, 0, 30, 1680.65
1567645941, 2, 1232, 3051, 2065, 1, 7.04%, 0, 0, 30, 1563.14
1567645946, 2, 1232, 3055, 2069, 1, 7.04%, 0, 0, 30, 1402.07
1567645951, 2, 1232, 3059, 2073, 1, 7.04%, 0, 0, 30, 1465.31
1567645956, 2, 1232, 3060, 2074, 1, 7.04%, 0, 0, 30, 1355.33
1567645961, 2, 1592, 3060, 2073, 1, 7.04%, 0, 0, 30, 162.87
1567646129, 2, 1676, 3060, 2072, 1, 7.04%, 0, 0, 30, 1926.36
1567646150, 2, 1744, 3060, 2071, 1, 7.04%, 0, 0, 30, 2238.39
1567646160, 2, 1744, 3062, 2073, 1, 7.04%, 0, 0, 30, 2080.89
1567646165, 2, 1917, 3062, 2072, 1, 7.04%, 0, 0, 30, 1900.65
1567646191, 2, 2007, 3062, 2071, 1, 7.04%, 0, 0, 30, 155.48
1567646201, 2, 2007, 3063, 2072, 1, 7.04%, 0, 0, 30, 1780.07
1567646206, 2, 2086, 3063, 2071, 1, 7.04%, 0, 0, 30, 1611.06
1567646211, 2, 2086, 3064, 2072, 1, 7.04%, 0, 0, 30, 1880.79
1567646217, 2, 2086, 3067, 2075, 1, 7.04%, 0, 0, 30, 2019.78
1567646222, 2, 2086, 3070, 2078, 1, 7.04%, 0, 0, 30, 1940.39
1567646227, 2, 2086, 3071, 2079, 1, 7.04%, 0, 0, 30, 1851.18
1567646232, 2, 2193, 3071, 2078, 2, 7.04%, 0, 0, 30, 1578.27
1567646253, 2, 2193, 3072, 2079, 2, 7.04%, 0, 0, 30, 1569.27
1567646258, 2, 2523, 3072, 2078, 2, 7.04%, 0, 0, 30, 1692.20
1567646278, 2, 2523, 3074, 2080, 2, 7.04%, 0, 0, 30, 1732.15
1567646284, 2, 2598, 3075, 2080, 2, 7.04%, 0, 0, 30, 2088.37
1567646294, 2, 2677, 3075, 2079, 2, 7.04%, 0, 0, 30, 785.15
1567646330, 2, 2677, 3079, 2083, 2, 7.04%, 0, 0, 30, 1209.62
1567646335, 2, 2677, 3081, 2085, 2, 7.04%, 0, 0, 30, 1304.17
1567646340, 2, 2677, 3084, 2088, 2, 7.04%, 0, 0, 30, 1240.71
1567646345, 2, 2677, 3087, 2091, 2, 7.04%, 0, 0, 30, 1212.82
1567646350, 2, 3037, 3087, 2090, 2, 7.04%, 0, 0, 30, 1006.76
1567646659, 2, 3037, 3097, 2100, 2, 7.04%, 0, 0, 30, 855.07
1567646664, 2, 3037, 3103, 2106, 2, 7.04%, 0, 0, 30, 839.02
1567646669, 2, 3037, 3106, 2109, 2, 7.04%, 0, 0, 30, 852.04
1567646674, 2, 3037, 3108, 2111, 2, 7.04%, 0, 0, 30, 852.57
1567646679, 2, 3037, 3110, 2113, 2, 7.04%, 0, 0, 30, 886.66
1567646684, 2, 3037, 3114, 2117, 2, 7.04%, 0, 0, 30, 900.30
1567646689, 2, 3045, 3116, 2118, 3, 7.05%, 0, 0, 30, 2285.36
1567646694, 2, 3064, 3116, 2117, 3, 7.05%, 0, 0, 30, 315.00
1567646704, 2, 3109, 3116, 2116, 2, 7.05%, 0, 0, 30, 2169.59
1567646709, 2, 3109, 3117, 2117, 2, 7.05%, 0, 0, 30, 1116.51
1567646720, 2, 3109, 3118, 2118, 2, 7.05%, 0, 0, 30, 815.16
1567647001, 2, 3109, 3120, 2120, 2, 7.05%, 0, 0, 30, 834.76
1567647006, 2, 3109, 3125, 2125, 2, 7.05%, 0, 0, 30, 828.27
1567647011, 2, 3109, 3127, 2127, 2, 7.05%, 0, 0, 30, 819.03
1567647016, 2, 3109, 3129, 2129, 2, 7.05%, 0, 0, 30, 838.63
1567647021, 2, 3115, 3130, 2129, 2, 7.05%, 0, 0, 30, 2055.08
1567647026, 2, 3124, 3130, 2128, 1, 7.05%, 0, 0, 30, 1455.18
1567647123, 2, 3124, 3131, 2129, 1, 7.05%, 0, 0, 30, 1190.04
1567647133, 2, 3126, 3132, 2129, 0, 7.05%, 0, 0, 30, 107.24
1567647153, 2, 3126, 3133, 2130, 0, 7.05%, 0, 0, 30, 99.54
1567700475, 2, 3126, 3137, 2134, 0, 7.05%, 0, 0, 30, 95.57
1567700481, 2, 3126, 3140, 2137, 0, 7.05%, 0, 0, 30, 99.88
1567700486, 2, 3126, 3141, 2138, 0, 7.05%, 0, 0, 30, 100.63
1567700537, 2, 3126, 3142, 2139, 0, 7.05%, 0, 0, 30, 98.33
1567700562, 2, 3126, 3143, 2140, 0, 7.05%, 0, 0, 30, 101.21
1567700573, 2, 3126, 3144, 2141, 0, 7.05%, 0, 0, 30, 97.85
1567700762, 2, 3126, 3145, 2142, 0, 7.05%, 0, 0, 30, 99.12
1567700777, 2, 3127, 3145, 2141, 0, 7.05%, 0, 0, 30, 339.87
1567701889, 2, 3127, 3147, 2143, 0, 7.05%, 0, 0, 30, 510.17
1567701894, 2, 3127, 3148, 2144, 0, 7.05%, 0, 0, 30, 519.88
1567701904, 2, 3127, 3149, 2145, 0, 7.05%, 0, 0, 30, 509.00
1567701909, 2, 3127, 3150, 2146, 0, 7.05%, 0, 0, 30, 519.76
1567701914, 2, 3127, 3152, 2148, 0, 7.05%, 0, 0, 30, 518.33
1567701919, 2, 3127, 3153, 2149, 0, 7.05%, 0, 0, 30, 529.14
1567701924, 2, 3135, 3153, 2148, 0, 7.05%, 0, 0, 30, 219.53
