# unix_time, cycles_done, cur_path, paths_total, pending_total, pending_favs, map_size, unique_crashes, unique_hangs, max_depth, execs_per_sec
1570554405, 0, 0, 1, 1, 1, 0.43%, 0, 0, 1, 2000.00
1570554410, 0, 0, 22, 22, 1, 0.89%, 0, 0, 2, 3051.37
1570554415, 0, 5, 28, 26, 14, 0.96%, 0, 0, 3, 3252.24
1570554421, 0, 15, 33, 25, 14, 0.97%, 0, 0, 3, 3179.14
1570554426, 0, 24, 38, 24, 10, 0.98%, 0, 0, 3, 3166.65
1570554431, 0, 25, 54, 39, 11, 1.26%, 0, 0, 4, 3288.72
1570554436, 0, 25, 57, 42, 11, 1.26%, 0, 0, 4, 3253.06
1570554441, 0, 27, 60, 43, 19, 1.28%, 0, 0, 4, 3284.11
1570554446, 0, 30, 66, 46, 18, 1.33%, 0, 0, 4, 3377.96
1570554451, 0, 38, 75, 50, 21, 1.36%, 0, 0, 4, 3377.78
1570554456, 0, 38, 98, 73, 21, 1.40%, 0, 0, 4, 3389.99
1570554461, 0, 47, 102, 76, 30, 1.43%, 0, 0, 4, 3346.78
1570554467, 0, 48, 128, 101, 30, 2.38%, 0, 0, 5, 348.11
1570554472, 0, 48, 148, 121, 30, 2.56%, 0, 0, 5, 1996.19
1570554477, 0, 48, 196, 169, 30, 2.84%, 0, 0, 5, 1592.24
1570554482, 0, 48, 220, 193, 30, 2.88%, 0, 0, 5, 1626.56
1570554487, 0, 48, 245, 218, 30, 2.91%, 0, 0, 5, 1762.23
1570554492, 0, 58, 255, 224, 63, 2.93%, 0, 0, 5, 2577.36
1570554498, 0, 59, 256, 224, 63, 2.94%, 0, 0, 5, 3043.96
1570554503, 0, 61, 258, 224, 63, 2.95%, 0, 0, 5, 3119.71
1570554508, 0, 62, 259, 224, 63, 2.95%, 0, 0, 5, 3401.24
1570554513, 0, 63, 262, 226, 63, 2.96%, 0, 0, 5, 3481.18
1570554518, 0, 64, 262, 225, 64, 2.96%, 0, 0, 5, 3411.23
1570554523, 0, 66, 263, 224, 62, 2.96%, 0, 0, 5, 3440.62
1570554528, 0, 72, 264, 222, 60, 2.96%, 0, 0, 5, 3278.79
1570554533, 0, 88, 268, 224, 62, 2.97%, 0, 0, 5, 3346.68
1570554538, 0, 91, 273, 227, 62, 2.97%, 0, 0, 5, 3364.21
1570554543, 0, 91, 291, 245, 62, 3.01%, 0, 0, 5, 3369.77
1570554548, 0, 92, 301, 254, 65, 3.02%, 0, 0, 5, 3343.15
1570554553, 0, 101, 317, 268, 69, 3.14%, 0, 0, 5, 3299.64
1570554558, 0, 103, 327, 276, 67, 3.23%, 0, 0, 6, 1889.08
1570554564, 0, 103, 336, 285, 67, 3.25%, 0, 0, 6, 49.65
1570554569, 0, 103, 337, 286, 67, 3.26%, 0, 0, 6, 1295.13
1570554574, 0, 103, 363, 312, 67, 3.28%, 0, 0, 6, 1274.20
1570554579, 0, 103, 383, 332, 67, 3.29%, 0, 0, 6, 1378.61
1570554584, 0, 103, 405, 354, 67, 3.30%, 0, 0, 6, 1428.60
1570554590, 0, 105, 416, 364, 82, 3.32%, 0, 0, 6, 78.70
1570554600, 0, 121, 416, 363, 83, 3.32%, 0, 0, 6, 486.61
1570554605, 0, 121, 425, 372, 83, 3.35%, 0, 0, 6, 2304.47
1570554615, 0, 132, 427, 373, 87, 3.35%, 0, 0, 6, 79.23
1570554626, 0, 133, 429, 374, 88, 3.36%, 0, 0, 6, 2757.46
1570554631, 0, 140, 433, 377, 88, 3.38%, 0, 0, 6, 2570.91
1570554636, 0, 145, 436, 379, 90, 3.40%, 0, 0, 6, 2379.42
1570554641, 0, 151, 439, 381, 92, 3.40%, 0, 0, 6, 75.63
1570554651, 0, 151, 440, 382, 92, 3.40%, 0, 0, 6, 313.76
1570554657, 0, 158, 443, 384, 92, 3.42%, 0, 0, 6, 90.80
1570554662, 0, 158, 445, 386, 92, 3.45%, 0, 0, 6, 2490.00
1570554667, 0, 165, 454, 394, 94, 3.46%, 0, 0, 6, 1558.55
1570554672, 0, 165, 461, 401, 94, 3.46%, 0, 0, 6, 47.28
1570554677, 0, 165, 463, 403, 94, 3.46%, 0, 0, 6, 2685.14
1570554682, 0, 166, 472, 411, 97, 3.54%, 0, 0, 6, 78.95
1570554687, 0, 166, 475, 414, 97, 3.55%, 0, 0, 6, 48.97
1570554693, 0, 166, 481, 420, 97, 3.55%, 0, 0, 6, 826.84
1570554698, 0, 166, 494, 433, 97, 3.58%, 0, 0, 6, 1247.05
1570554703, 0, 166, 502, 441, 97, 3.58%, 0, 0, 6, 1366.09
1570554708, 0, 172, 516, 454, 114, 3.59%, 0, 0, 6, 1416.18
1570554713, 0, 172, 522, 460, 114, 3.59%, 0, 0, 6, 187.60
1570554723, 0, 189, 526, 463, 114, 3.59%, 0, 0, 6, 81.22
1570554733, 0, 192, 528, 464, 113, 3.60%, 0, 0, 6, 1201.97
1570554738, 0, 192, 533, 469, 113, 3.65%, 0, 0, 6, 49.65
1570554749, 0, 209, 535, 470, 114, 3.65%, 0, 0, 6, 75.32
1570554754, 0, 209, 536, 471, 114, 3.65%, 0, 0, 6, 2148.11
1570554759, 0, 209, 538, 473, 114, 3.65%, 0, 0, 6, 1860.02
1570554764, 0, 209, 556, 491, 114, 3.66%, 0, 0, 6, 1341.95
1570554769, 0, 209, 569, 504, 114, 3.66%, 0, 0, 6, 1238.45
1570554774, 0, 209, 584, 519, 114, 3.70%, 0, 0, 6, 1178.73
1570554779, 0, 218, 589, 523, 113, 3.70%, 0, 0, 6, 81.25
1570554784, 0, 218, 596, 530, 113, 3.72%, 0, 0, 6, 49.74
1570554795, 0, 222, 601, 534, 119, 3.74%, 0, 0, 6, 1206.50
1570554800, 0, 222, 602, 535, 119, 3.74%, 0, 0, 6, 49.67
1570554811, 0, 229, 602, 534, 118, 3.74%, 0, 0, 6, 1443.90
1570554821, 0, 239, 610, 541, 118, 3.74%, 0, 0, 6, 1997.98
1570554826, 0, 239, 614, 545, 118, 3.75%, 0, 0, 6, 1582.06
1570554831, 0, 239, 616, 547, 118, 3.76%, 0, 0, 6, 1561.31
1570554836, 0, 239, 617, 548, 118, 3.76%, 0, 0, 6, 1721.01
1570554841, 0, 239, 621, 552, 118, 3.76%, 0, 0, 6, 1847.32
1570554846, 0, 239, 670, 601, 118, 3.79%, 0, 0, 6, 1659.39
1570554851, 0, 239, 704, 635, 118, 3.82%, 0, 0, 6, 1494.17
1570554857, 0, 239, 726, 657, 118, 3.82%, 0, 0, 6, 1506.85
1570554862, 0, 243, 741, 671, 127, 3.82%, 0, 0, 6, 1426.49
1570554878, 0, 245, 741, 670, 126, 3.82%, 0, 0, 6, 1826.15
1570554888, 0, 246, 741, 669, 125, 3.82%, 0, 0, 6, 75.90
1570554893, 0, 246, 742, 670, 125, 3.82%, 0, 0, 6, 68.74
1570554899, 0, 253, 742, 669, 124, 3.82%, 0, 0, 6, 79.47
1570554914, 0, 256, 743, 667, 122, 3.82%, 0, 0, 6, 2981.80
1570554919, 0, 257, 744, 667, 121, 3.83%, 0, 0, 6, 3037.98
1570554924, 0, 258, 745, 667, 121, 3.83%, 0, 0, 6, 3255.68
1570554929, 0, 261, 751, 670, 124, 3.86%, 0, 0, 6, 3217.15
1570554934, 0, 263, 756, 673, 126, 3.88%, 0, 0, 6, 3066.59
1570554939, 0, 265, 759, 675, 129, 3.88%, 0, 0, 6, 3223.43
1570554944, 0, 267, 761, 675, 129, 3.89%, 0, 0, 6, 3211.11
1570554949, 0, 274, 761, 672, 127, 3.89%, 0, 0, 6, 3127.44
1570554954, 0, 288, 763, 672, 126, 3.89%, 0, 0, 6, 3183.70
1570554959, 0, 291, 764, 671, 124, 3.90%, 0, 0, 6, 3147.38
1570554964, 0, 295, 764, 670, 124, 3.90%, 0, 0, 6, 3192.39
1570554970, 0, 303, 764, 668, 123, 3.90%, 0, 0, 6, 3117.04
1570554975, 0, 318, 828, 727, 168, 4.18%, 0, 0, 6, 2914.99
1570554990, 0, 322, 829, 727, 167, 4.19%, 0, 0, 7, 839.62
1570555001, 0, 323, 830, 727, 166, 4.19%, 0, 0, 7, 1333.09
1570555006, 0, 323, 833, 730, 166, 4.19%, 0, 0, 7, 482.98
1570555011, 0, 323, 835, 732, 166, 4.21%, 0, 0, 7, 3043.08
1570555017, 0, 325, 835, 731, 169, 4.21%, 0, 0, 7, 77.74
1570555022, 0, 325, 836, 732, 169, 4.23%, 0, 0, 7, 60.30
1570555027, 0, 332, 836, 731, 169, 4.23%, 0, 0, 7, 1038.54
1570555032, 0, 332, 837, 732, 169, 4.23%, 0, 0, 7, 46.48
1570555042, 0, 333, 837, 731, 169, 4.23%, 0, 0, 7, 78.23
1570555053, 0, 341, 840, 733, 168, 4.23%, 0, 0, 7, 1541.70
1570555058, 0, 341, 858, 751, 168, 4.25%, 0, 0, 7, 1546.50
1570555063, 0, 341, 860, 753, 168, 4.26%, 0, 0, 7, 48.78
1570555068, 0, 341, 862, 755, 168, 4.27%, 0, 0, 7, 2766.06
1570555073, 0, 341, 885, 778, 168, 4.27%, 0, 0, 7, 1333.33
1570555079, 0, 341, 901, 794, 168, 4.27%, 0, 0, 7, 1202.36
1570555084, 0, 341, 912, 805, 168, 4.27%, 0, 0, 7, 1027.36
1570555089, 0, 341, 925, 818, 168, 4.28%, 0, 0, 7, 1085.25
1570555094, 0, 354, 929, 821, 185, 4.29%, 0, 0, 7, 80.81
1570555104, 0, 362, 929, 820, 184, 4.29%, 0, 0, 7, 521.31
1570555120, 0, 364, 929, 819, 183, 4.29%, 0, 0, 7, 79.90
1570555135, 0, 368, 931, 820, 183, 4.30%, 0, 0, 7, 2980.00
1570555140, 0, 368, 932, 821, 183, 4.30%, 0, 0, 7, 3045.00
1570555145, 0, 373, 933, 821, 184, 4.30%, 0, 0, 7, 560.55
1570555166, 0, 381, 933, 820, 183, 4.30%, 0, 0, 7, 987.72
1570555171, 0, 381, 937, 824, 183, 4.32%, 0, 0, 7, 49.74
1570555181, 0, 403, 940, 826, 184, 4.32%, 0, 0, 7, 78.72
1570555191, 0, 403, 941, 827, 184, 4.32%, 0, 0, 7, 1005.62
1570555196, 0, 416, 941, 826, 184, 4.32%, 0, 0, 7, 1728.36
1570555207, 0, 417, 941, 825, 183, 4.32%, 0, 0, 7, 708.70
1570555217, 0, 418, 941, 824, 182, 4.32%, 0, 0, 7, 1075.43
1570555233, 0, 421, 942, 824, 181, 4.33%, 0, 0, 7, 78.23
1570555243, 0, 422, 942, 823, 181, 4.33%, 0, 0, 7, 1510.74
1570555248, 0, 422, 943, 824, 181, 4.33%, 0, 0, 7, 49.58
1570555259, 0, 423, 944, 824, 181, 4.33%, 0, 0, 7, 78.35
1570555264, 0, 423, 945, 825, 181, 4.33%, 0, 0, 7, 48.83
1570555274, 0, 424, 945, 824, 180, 4.33%, 0, 0, 7, 1550.61
1570555284, 0, 425, 945, 823, 179, 4.33%, 0, 0, 7, 662.69
1570555295, 0, 427, 945, 822, 178, 4.33%, 0, 0, 7, 517.41
1570555310, 0, 429, 945, 821, 177, 4.33%, 0, 0, 7, 819.44
1570555321, 0, 431, 946, 821, 176, 4.33%, 0, 0, 7, 77.61
1570555331, 0, 432, 946, 820, 176, 4.33%, 0, 0, 7, 2737.88
1570555336, 0, 433, 946, 819, 175, 4.33%, 0, 0, 7, 2495.23
1570555341, 0, 435, 946, 817, 173, 4.33%, 0, 0, 7, 2875.53
1570555346, 0, 438, 946, 816, 172, 4.33%, 0, 0, 7, 1335.77
1570555362, 0, 444, 946, 815, 171, 4.33%, 0, 0, 7, 78.12
1570555367, 0, 444, 947, 816, 171, 4.34%, 0, 0, 7, 48.99
1570555372, 0, 448, 947, 815, 171, 4.34%, 0, 0, 7, 1894.88
1570555377, 0, 448, 948, 816, 171, 4.34%, 0, 0, 7, 1441.61
1570555387, 0, 459, 951, 818, 171, 4.35%, 0, 0, 7, 77.46
1570555398, 0, 460, 951, 817, 171, 4.35%, 0, 0, 7, 511.50
1570555403, 0, 460, 952, 818, 171, 4.35%, 0, 0, 7, 49.61
1570555408, 0, 460, 953, 819, 171, 4.35%, 0, 0, 7, 1945.31
1570555413, 0, 465, 954, 819, 170, 4.35%, 0, 0, 7, 78.37
1570555423, 0, 467, 955, 819, 170, 4.36%, 0, 0, 7, 519.15
1570555439, 0, 468, 956, 819, 170, 4.37%, 0, 0, 7, 80.81
1570555444, 0, 468, 957, 820, 170, 4.39%, 0, 0, 7, 49.04
1570555449, 0, 469, 957, 819, 170, 4.39%, 0, 0, 7, 165.88
1570555464, 0, 470, 959, 820, 169, 4.41%, 0, 0, 7, 1288.22
1570555469, 0, 470, 960, 821, 169, 4.41%, 0, 0, 7, 2452.75
1570555475, 0, 471, 961, 821, 171, 4.41%, 0, 0, 7, 859.22
1570555480, 0, 471, 964, 824, 171, 4.42%, 0, 0, 7, 1009.62
1570555485, 0, 472, 964, 823, 173, 4.42%, 0, 0, 7, 1913.35
1570555490, 0, 472, 965, 824, 173, 4.43%, 0, 0, 7, 49.67
1570555500, 0, 473, 966, 824, 173, 4.44%, 0, 0, 7, 75.35
1570555511, 0, 476, 967, 824, 172, 4.44%, 0, 0, 7, 222.37
1570555526, 0, 481, 980, 836, 171, 4.44%, 0, 0, 7, 82.80
1570555531, 0, 481, 982, 838, 171, 4.45%, 0, 0, 7, 1052.78
1570555536, 0, 486, 983, 838, 174, 4.45%, 0, 0, 7, 1120.48
1570555552, 0, 490, 984, 838, 173, 4.45%, 0, 0, 7, 75.79
1570555557, 0, 490, 988, 842, 173, 4.46%, 0, 0, 7, 48.97
1570555562, 0, 491, 988, 841, 175, 4.46%, 0, 0, 7, 2480.30
1570555567, 0, 491, 991, 844, 175, 4.46%, 0, 0, 7, 1738.78
1570555577, 0, 503, 993, 845, 176, 4.46%, 0, 0, 7, 1615.39
1570555593, 0, 508, 993, 844, 175, 4.46%, 0, 0, 7, 855.07
1570555603, 0, 509, 993, 843, 174, 4.46%, 0, 0, 7, 548.05
1570555613, 0, 517, 993, 842, 173, 4.46%, 0, 0, 7, 2092.74
1570555629, 0, 526, 993, 841, 172, 4.46%, 0, 0, 7, 1210.00
1570555639, 0, 527, 993, 840, 171, 4.46%, 0, 0, 7, 601.71
1570555654, 0, 528, 993, 839, 170, 4.46%, 0, 0, 7, 75.79
1570555664, 0, 529, 994, 839, 169, 4.46%, 0, 0, 7, 238.85
1570555680, 0, 530, 994, 838, 168, 4.46%, 0, 0, 7, 77.32
1570555690, 0, 531, 994, 837, 167, 4.46%, 0, 0, 7, 1236.39
1570555705, 0, 545, 994, 836, 166, 4.46%, 0, 0, 7, 77.68
1570555715, 0, 575, 995, 836, 165, 4.46%, 0, 0, 7, 1704.57
1570555720, 0, 575, 996, 837, 165, 4.47%, 0, 0, 7, 1582.20
1570555725, 0, 577, 999, 839, 165, 4.47%, 0, 0, 7, 824.56
1570555731, 0, 577, 1006, 846, 165, 4.50%, 0, 0, 7, 106.46
1570555741, 0, 577, 1016, 856, 165, 4.51%, 0, 0, 7, 1656.80
1570555746, 0, 577, 1026, 866, 165, 4.52%, 0, 0, 7, 1455.07
1570555751, 0, 577, 1034, 874, 165, 4.52%, 0, 0, 7, 1453.43
1570555756, 0, 577, 1042, 882, 165, 4.53%, 0, 0, 7, 1414.95
1570555761, 0, 589, 1047, 886, 175, 4.53%, 0, 0, 7, 262.66
1570555782, 0, 590, 1048, 886, 174, 4.53%, 0, 0, 7, 1110.00
1570555798, 0, 595, 1048, 885, 173, 4.53%, 0, 0, 7, 75.79
1570555813, 0, 598, 1048, 884, 172, 4.53%, 0, 0, 7, 2479.79
1570555818, 0, 598, 1050, 886, 172, 4.55%, 0, 0, 7, 1538.46
1570555834, 0, 600, 1053, 888, 173, 4.55%, 0, 0, 7, 823.26
1570555844, 0, 601, 1053, 887, 172, 4.55%, 0, 0, 7, 438.56
1570555849, 0, 601, 1054, 888, 172, 4.55%, 0, 0, 7, 958.90
1570555859, 0, 612, 1056, 889, 171, 4.55%, 0, 0, 7, 271.59
1570555885, 0, 612, 1067, 900, 171, 4.55%, 0, 0, 7, 1575.40
1570555890, 0, 612, 1073, 906, 171, 4.56%, 0, 0, 7, 1509.47
1570555895, 0, 613, 1075, 907, 174, 4.56%, 0, 0, 7, 1461.76
1570555900, 0, 613, 1076, 908, 174, 4.56%, 0, 0, 7, 1246.68
1570555921, 0, 614, 1078, 909, 174, 4.56%, 0, 0, 7, 1517.60
1570555926, 0, 614, 1079, 910, 174, 4.57%, 0, 0, 7, 1817.01
1570555931, 0, 614, 1080, 911, 174, 4.57%, 0, 0, 7, 1644.52
1570555946, 0, 615, 1083, 913, 174, 4.57%, 0, 0, 7, 1484.57
1570555951, 0, 615, 1084, 914, 174, 4.57%, 0, 0, 7, 1464.56
1570555972, 0, 616, 1084, 913, 173, 4.57%, 0, 0, 7, 1466.57
1570555977, 0, 616, 1085, 914, 173, 4.57%, 0, 0, 7, 1569.18
1570555997, 0, 677, 1091, 919, 172, 4.57%, 0, 0, 7, 1444.60
1570556002, 0, 677, 1093, 921, 172, 4.58%, 0, 0, 7, 1140.82
1570556017, 0, 677, 1095, 923, 172, 4.58%, 0, 0, 7, 1527.03
1570556022, 0, 677, 1099, 927, 172, 4.58%, 0, 0, 7, 1479.26
1570556028, 0, 693, 1100, 927, 174, 4.58%, 0, 0, 7, 76.28
1570556053, 0, 708, 1101, 927, 173, 4.58%, 0, 0, 7, 1522.92
1570556058, 0, 708, 1103, 929, 173, 4.58%, 0, 0, 7, 1826.32
1570556074, 0, 708, 1123, 949, 173, 4.58%, 0, 0, 7, 1622.42
1570556079, 0, 708, 1133, 959, 173, 4.58%, 0, 0, 7, 1540.83
1570556084, 0, 708, 1136, 962, 173, 4.58%, 0, 0, 7, 1544.68
1570556089, 0, 743, 1136, 960, 170, 4.58%, 0, 0, 7, 2454.29
1570556094, 0, 744, 1136, 959, 169, 4.58%, 0, 0, 7, 2734.39
1570556099, 0, 745, 1137, 959, 168, 4.59%, 0, 0, 7, 2949.40
1570556104, 0, 746, 1139, 960, 168, 4.60%, 0, 0, 7, 2951.80
1570556109, 0, 747, 1142, 962, 169, 4.61%, 0, 0, 7, 2963.35
1570556114, 0, 748, 1142, 961, 171, 4.61%, 0, 0, 7, 2987.29
1570556120, 0, 750, 1142, 959, 169, 4.61%, 0, 0, 7, 2900.33
1570556125, 0, 751, 1142, 958, 168, 4.61%, 0, 0, 7, 2936.71
1570556130, 0, 758, 1144, 955, 165, 4.62%, 0, 0, 7, 3119.95
1570556135, 0, 759, 1145, 955, 164, 4.62%, 0, 0, 7, 3012.91
1570556140, 0, 761, 1145, 953, 162, 4.62%, 0, 0, 7, 2869.33
1570556145, 0, 763, 1146, 953, 161, 4.64%, 0, 0, 7, 2899.53
1570556150, 0, 770, 1151, 954, 160, 4.65%, 0, 0, 7, 2714.27
1570556155, 0, 775, 1169, 968, 156, 4.71%, 0, 0, 7, 2713.02
1570556160, 0, 781, 1178, 972, 167, 4.72%, 0, 0, 7, 2655.53
1570556165, 0, 789, 1186, 976, 171, 4.74%, 0, 0, 7, 2665.11
1570556171, 0, 793, 1192, 978, 169, 4.74%, 0, 0, 7, 2730.55
1570556176, 0, 799, 1193, 974, 164, 4.74%, 0, 0, 7, 2614.53
1570556181, 0, 804, 1195, 972, 161, 4.77%, 0, 0, 7, 2578.37
1570556186, 0, 807, 1195, 969, 158, 4.77%, 0, 0, 7, 2762.33
1570556191, 0, 818, 1203, 972, 160, 4.79%, 0, 0, 7, 2697.96
1570556196, 0, 823, 1203, 967, 155, 4.79%, 0, 0, 7, 2638.79
1570556201, 0, 828, 1212, 972, 151, 4.84%, 0, 0, 8, 591.20
1570556206, 0, 828, 1215, 975, 151, 4.86%, 0, 0, 8, 71.21
1570556217, 0, 831, 1217, 976, 159, 4.87%, 0, 0, 8, 842.86
1570556232, 0, 832, 1217, 975, 158, 4.87%, 0, 0, 8, 1309.01
1570556242, 0, 833, 1217, 974, 157, 4.87%, 0, 0, 8, 647.16
1570556257, 0, 834, 1217, 973, 156, 4.87%, 0, 0, 8, 830.99
1570556267, 0, 835, 1218, 973, 155, 4.87%, 0, 0, 8, 534.34
1570556272, 0, 835, 1220, 975, 155, 4.87%, 0, 0, 8, 1789.35
1570556282, 0, 836, 1221, 975, 156, 4.87%, 0, 0, 8, 77.91
1570556298, 0, 841, 1222, 975, 155, 4.87%, 0, 0, 8, 78.18
1570556313, 0, 844, 1223, 975, 154, 4.87%, 0, 0, 8, 591.84
1570556334, 0, 851, 1224, 975, 153, 4.87%, 0, 0, 8, 222.43
1570556339, 0, 851, 1225, 976, 153, 4.87%, 0, 0, 8, 1704.94
1570556354, 0, 853, 1227, 977, 152, 4.87%, 0, 0, 8, 66.28
1570556374, 0, 855, 1227, 976, 151, 4.87%, 0, 0, 8, 830.99
1570556389, 0, 856, 1227, 975, 150, 4.87%, 0, 0, 8, 2447.71
1570556394, 0, 856, 1229, 977, 150, 4.88%, 0, 0, 8, 1196.98
1570556410, 0, 858, 1230, 977, 150, 4.88%, 0, 0, 8, 2404.02
1570556430, 0, 859, 1231, 977, 149, 4.88%, 0, 0, 8, 2463.89
1570556451, 0, 860, 1234, 979, 149, 4.90%, 0, 0, 8, 75.84
1570556471, 0, 861, 1237, 981, 150, 4.91%, 0, 0, 8, 1100.00
1570556486, 0, 867, 1237, 980, 151, 4.91%, 0, 0, 8, 1743.27
1570556507, 0, 870, 1238, 980, 150, 4.91%, 0, 0, 8, 715.15
1570556512, 0, 870, 1239, 981, 150, 4.91%, 0, 0, 8, 2058.91
1570556527, 0, 879, 1239, 980, 151, 4.91%, 0, 0, 8, 75.54
1570556543, 0, 892, 1239, 979, 150, 4.91%, 0, 0, 8, 2618.81
1570556548, 0, 892, 1240, 980, 150, 4.91%, 0, 0, 8, 1464.59
1570556563, 0, 896, 1240, 979, 149, 4.91%, 0, 0, 8, 79.21
1570556579, 0, 906, 1241, 979, 148, 4.91%, 0, 0, 8, 72.07
1570556594, 0, 911, 1243, 980, 147, 4.91%, 0, 0, 8, 275.76
1570556599, 0, 911, 1246, 983, 147, 4.91%, 0, 0, 8, 1215.61
1570556614, 0, 914, 1250, 986, 146, 4.91%, 0, 0, 8, 2694.58
1570556635, 0, 916, 1252, 987, 147, 4.91%, 0, 0, 8, 2428.83
1570556650, 0, 916, 1253, 988, 147, 4.91%, 0, 0, 8, 2320.00
1570556655, 0, 919, 1267, 1001, 148, 4.91%, 0, 0, 8, 2411.63
1570556666, 0, 919, 1272, 1006, 148, 4.91%, 0, 0, 8, 2745.41
1570556671, 0, 919, 1277, 1011, 148, 4.91%, 0, 0, 8, 2402.61
1570556676, 0, 920, 1277, 1010, 147, 4.91%, 0, 0, 8, 2383.58
1570556691, 0, 922, 1279, 1011, 146, 4.91%, 0, 0, 8, 1277.18
1570556696, 0, 922, 1280, 1012, 146, 4.92%, 0, 0, 8, 1341.41
1570556706, 0, 922, 1282, 1014, 146, 4.92%, 0, 0, 8, 237.11
1570556711, 0, 926, 1286, 1017, 147, 4.92%, 0, 0, 8, 1488.65
1570556732, 0, 927, 1287, 1017, 146, 4.92%, 0, 0, 8, 689.57
1570556752, 0, 928, 1287, 1016, 145, 4.92%, 0, 0, 8, 952.62
1570556773, 0, 929, 1287, 1015, 144, 4.92%, 0, 0, 8, 862.75
1570556783, 0, 930, 1287, 1014, 143, 4.92%, 0, 0, 8, 521.50
1570556799, 0, 931, 1287, 1013, 142, 4.92%, 0, 0, 8, 501.11
1570556814, 0, 932, 1288, 1013, 141, 4.92%, 0, 0, 8, 1095.00
1570556824, 0, 932, 1289, 1014, 141, 4.92%, 0, 0, 8, 437.69
1570556829, 0, 933, 1291, 1015, 141, 4.92%, 0, 0, 8, 76.53
1570556834, 0, 933, 1292, 1016, 141, 4.92%, 0, 0, 8, 48.49
1570556839, 0, 934, 1294, 1017, 144, 4.92%, 0, 0, 8, 397.89
1570556855, 0, 935, 1295, 1017, 143, 4.92%, 0, 0, 8, 75.36
1570556870, 0, 936, 1295, 1016, 142, 4.92%, 0, 0, 8, 1249.97
1570556875, 0, 936, 1297, 1018, 142, 4.93%, 0, 0, 8, 964.79
1570556880, 0, 940, 1297, 1017, 143, 4.93%, 0, 0, 8, 420.70
1570556896, 0, 941, 1297, 1016, 142, 4.93%, 0, 0, 8, 846.89
1570556901, 0, 941, 1300, 1019, 142, 4.93%, 0, 0, 8, 48.66
1570556906, 0, 942, 1300, 1018, 142, 4.93%, 0, 0, 8, 531.11
1570556921, 0, 945, 1300, 1017, 141, 4.93%, 0, 0, 8, 2313.27
1570556926, 0, 946, 1302, 1018, 140, 4.95%, 0, 0, 8, 498.18
1570556932, 0, 946, 1304, 1020, 140, 4.98%, 0, 0, 8, 49.59
1570556942, 0, 947, 1306, 1021, 143, 4.98%, 0, 0, 8, 78.12
1570556952, 0, 948, 1306, 1020, 143, 4.98%, 0, 0, 8, 931.07
1570556968, 0, 951, 1307, 1020, 142, 4.98%, 0, 0, 8, 77.61
1570556973, 0, 951, 1308, 1021, 142, 4.98%, 0, 0, 8, 49.54
1570556983, 0, 953, 1308, 1020, 141, 4.98%, 0, 0, 8, 1105.00
1570556993, 0, 954, 1308, 1019, 140, 4.98%, 0, 0, 8, 648.90
1570557009, 0, 955, 1309, 1019, 139, 4.98%, 0, 0, 8, 1394.70
1570557019, 0, 956, 1309, 1018, 139, 4.98%, 0, 0, 8, 521.18
1570557034, 0, 957, 1309, 1017, 138, 4.98%, 0, 0, 8, 834.91
1570557044, 0, 958, 1310, 1017, 137, 4.99%, 0, 0, 8, 831.14
1570557060, 0, 959, 1312, 1018, 137, 4.99%, 0, 0, 8, 2120.00
1570557070, 0, 961, 1312, 1017, 137, 4.99%, 0, 0, 8, 61.92
1570557080, 0, 962, 1312, 1016, 136, 4.99%, 0, 0, 8, 2371.73
1570557085, 0, 962, 1313, 1017, 136, 5.00%, 0, 0, 8, 1354.18
1570557096, 0, 963, 1313, 1016, 136, 5.00%, 0, 0, 8, 113.71
1570557106, 0, 964, 1313, 1015, 135, 5.00%, 0, 0, 8, 1686.66
1570557121, 0, 965, 1314, 1015, 134, 5.00%, 0, 0, 8, 834.91
1570557131, 0, 971, 1315, 1015, 134, 5.00%, 0, 0, 8, 2213.64
1570557142, 0, 976, 1315, 1014, 133, 5.00%, 0, 0, 8, 456.73
1570557157, 0, 980, 1317, 1015, 132, 5.00%, 0, 0, 8, 1246.79
1570557167, 0, 981, 1317, 1014, 131, 5.00%, 0, 0, 8, 842.86
1570557172, 0, 981, 1318, 1015, 131, 5.00%, 0, 0, 8, 852.52
1570557178, 0, 984, 1320, 1016, 131, 5.00%, 0, 0, 8, 619.53
1570557183, 0, 984, 1321, 1017, 131, 5.00%, 0, 0, 8, 1534.53
1570557193, 0, 985, 1322, 1017, 132, 5.00%, 0, 0, 8, 2269.41
1570557208, 0, 986, 1323, 1017, 131, 5.00%, 0, 0, 8, 1012.02
1570557224, 0, 989, 1323, 1016, 130, 5.00%, 0, 0, 8, 81.18
1570557239, 0, 997, 1323, 1015, 129, 5.00%, 0, 0, 8, 117.65
1570557255, 0, 1002, 1324, 1015, 128, 5.00%, 0, 0, 8, 73.43
1570557270, 0, 1003, 1325, 1015, 128, 5.00%, 0, 0, 8, 1525.00
1570557285, 0, 1004, 1325, 1014, 127, 5.00%, 0, 0, 8, 2307.51
1570557295, 0, 1005, 1325, 1013, 126, 5.00%, 0, 0, 8, 1886.34
1570557300, 0, 1005, 1326, 1014, 126, 5.01%, 0, 0, 8, 2136.59
1570557306, 0, 1005, 1327, 1015, 126, 5.02%, 0, 0, 8, 1137.59
1570557311, 0, 1020, 1329, 1016, 127, 5.02%, 0, 0, 8, 1825.86
1570557367, 0, 1021, 1335, 1021, 126, 5.02%, 0, 0, 8, 1807.28
1570557372, 0, 1021, 1336, 1022, 126, 5.02%, 0, 0, 8, 2194.81
1570557377, 0, 1021, 1337, 1023, 126, 5.02%, 0, 0, 8, 1851.01
1570557382, 0, 1021, 1338, 1024, 126, 5.02%, 0, 0, 8, 318.22
1570557387, 0, 1021, 1353, 1039, 126, 5.02%, 0, 0, 8, 1484.00
1570557392, 0, 1021, 1367, 1053, 126, 5.02%, 0, 0, 8, 1299.53
1570557398, 0, 1024, 1377, 1062, 127, 5.04%, 0, 0, 8, 1604.81
1570557403, 0, 1024, 1378, 1063, 127, 5.04%, 0, 0, 8, 90.94
1570557408, 0, 1024, 1382, 1067, 127, 5.05%, 0, 0, 8, 48.78
1570557413, 0, 1024, 1383, 1068, 127, 5.05%, 0, 0, 8, 1758.19
1570557418, 0, 1028, 1386, 1070, 129, 5.05%, 0, 0, 8, 233.68
1570557423, 0, 1028, 1388, 1072, 129, 5.05%, 0, 0, 8, 1950.79
1570557428, 0, 1028, 1389, 1073, 129, 5.05%, 0, 0, 8, 1234.76
1570557438, 0, 1038, 1389, 1072, 129, 5.05%, 0, 0, 8, 75.06
1570557453, 0, 1039, 1392, 1074, 128, 5.06%, 0, 0, 8, 117.24
1570557469, 0, 1040, 1394, 1075, 130, 5.06%, 0, 0, 8, 900.00
1570557479, 0, 1048, 1394, 1074, 129, 5.06%, 0, 0, 8, 1079.71
1570557500, 0, 1049, 1394, 1073, 128, 5.06%, 0, 0, 8, 75.13
1570557515, 0, 1055, 1394, 1072, 127, 5.06%, 0, 0, 8, 2026.77
1570557541, 0, 1067, 1399, 1076, 126, 5.06%, 0, 0, 8, 1466.86
1570557566, 0, 1071, 1400, 1076, 126, 5.06%, 0, 0, 8, 76.12
1570557581, 0, 1076, 1400, 1075, 125, 5.06%, 0, 0, 8, 1666.25
1570557602, 0, 1078, 1400, 1074, 124, 5.06%, 0, 0, 8, 1595.25
1570557627, 0, 1090, 1401, 1074, 123, 5.06%, 0, 0, 8, 1432.55
1570557632, 0, 1090, 1402, 1075, 123, 5.06%, 0, 0, 8, 1158.45
1570557652, 0, 1094, 1402, 1074, 122, 5.06%, 0, 0, 8, 1513.11
1570557658, 0, 1094, 1404, 1076, 122, 5.06%, 0, 0, 8, 1804.95
1570557663, 0, 1094, 1406, 1078, 122, 5.06%, 0, 0, 8, 1660.29
1570557668, 0, 1128, 1408, 1079, 122, 5.06%, 0, 0, 8, 2343.03
1570557673, 0, 1128, 1410, 1081, 122, 5.06%, 0, 0, 8, 1256.86
1570557678, 0, 1128, 1411, 1082, 122, 5.06%, 0, 0, 8, 1579.87
1570557694, 0, 1136, 1412, 1082, 121, 5.06%, 0, 0, 8, 1577.97
1570557699, 0, 1137, 1412, 1081, 120, 5.06%, 0, 0, 8, 2673.87
1570557704, 0, 1138, 1413, 1081, 119, 5.08%, 0, 0, 8, 2987.03
1570557709, 0, 1139, 1415, 1082, 121, 5.09%, 0, 0, 8, 3034.24
1570557714, 0, 1140, 1415, 1081, 120, 5.09%, 0, 0, 8, 2958.28
1570557719, 0, 1141, 1415, 1080, 119, 5.09%, 0, 0, 8, 2979.42
1570557724, 0, 1148, 1417, 1077, 115, 5.09%, 0, 0, 8, 2792.83
1570557729, 0, 1155, 1422, 1078, 113, 5.10%, 0, 0, 8, 2703.74
1570557734, 0, 1165, 1428, 1079, 114, 5.11%, 0, 0, 8, 2640.30
1570557739, 0, 1170, 1429, 1076, 113, 5.11%, 0, 0, 8, 2588.49
1570557744, 0, 1175, 1429, 1072, 109, 5.11%, 0, 0, 8, 2668.10
1570557749, 0, 1179, 1430, 1069, 105, 5.11%, 0, 0, 8, 2728.81
1570557754, 0, 1184, 1430, 1064, 100, 5.11%, 0, 0, 8, 2673.38
1570557760, 0, 1194, 1434, 1063, 98, 5.13%, 0, 0, 8, 2631.70
1570557765, 0, 1203, 1439, 1060, 93, 5.14%, 0, 0, 9, 76.71
1570557775, 0, 1204, 1439, 1059, 94, 5.14%, 0, 0, 9, 512.08
1570557791, 0, 1207, 1439, 1058, 93, 5.14%, 0, 0, 9, 75.64
1570557801, 0, 1208, 1439, 1057, 92, 5.14%, 0, 0, 9, 1000.79
1570557806, 0, 1208, 1442, 1060, 92, 5.14%, 0, 0, 9, 1382.50
1570557817, 0, 1209, 1443, 1060, 94, 5.15%, 0, 0, 9, 430.00
1570557832, 0, 1210, 1443, 1059, 94, 5.15%, 0, 0, 9, 2425.25
1570557842, 0, 1212, 1443, 1058, 93, 5.15%, 0, 0, 9, 615.28
1570557858, 0, 1213, 1444, 1058, 92, 5.15%, 0, 0, 9, 73.17
1570557868, 0, 1214, 1445, 1058, 92, 5.16%, 0, 0, 9, 585.36
1570557883, 0, 1215, 1445, 1057, 92, 5.16%, 0, 0, 9, 73.91
1570557894, 0, 1224, 1445, 1054, 89, 5.16%, 0, 0, 9, 178.18
1570557899, 0, 1224, 1447, 1056, 89, 5.16%, 0, 0, 9, 1201.36
1570557914, 0, 1228, 1447, 1055, 89, 5.16%, 0, 0, 9, 738.05
1570557935, 0, 1230, 1451, 1058, 88, 5.16%, 0, 0, 9, 886.97
1570557940, 0, 1230, 1452, 1059, 88, 5.17%, 0, 0, 9, 49.63
1570557950, 0, 1230, 1454, 1061, 88, 5.19%, 0, 0, 9, 350.77
1570557955, 0, 1231, 1457, 1063, 91, 5.19%, 0, 0, 9, 76.25
1570557976, 0, 1233, 1458, 1063, 91, 5.19%, 0, 0, 9, 1192.22
1570557991, 0, 1234, 1459, 1063, 90, 5.19%, 0, 0, 9, 733.32
1570558012, 0, 1236, 1460, 1063, 89, 5.19%, 0, 0, 9, 882.00
1570558033, 0, 1238, 1464, 1066, 88, 5.20%, 0, 0, 9, 76.53
1570558038, 0, 1238, 1465, 1067, 88, 5.20%, 0, 0, 9, 49.60
1570558048, 0, 1243, 1466, 1067, 91, 5.20%, 0, 0, 9, 2542.82
1570558069, 0, 1246, 1467, 1067, 90, 5.20%, 0, 0, 9, 221.34
1570558090, 0, 1248, 1468, 1067, 89, 5.20%, 0, 0, 9, 78.95
1570558110, 0, 1250, 1468, 1066, 88, 5.20%, 0, 0, 9, 1095.00
1570558126, 0, 1250, 1469, 1067, 88, 5.20%, 0, 0, 9, 1635.26
1570558131, 0, 1251, 1469, 1066, 87, 5.20%, 0, 0, 9, 72.97
1570558146, 0, 1251, 1470, 1067, 87, 5.20%, 0, 0, 9, 213.88
1570558151, 0, 1258, 1476, 1072, 86, 5.20%, 0, 0, 9, 77.88
1570558156, 0, 1258, 1479, 1075, 86, 5.20%, 0, 0, 9, 201.32
1570558161, 0, 1258, 1483, 1079, 86, 5.20%, 0, 0, 9, 247.35
1570558167, 0, 1283, 1484, 1079, 86, 5.20%, 0, 0, 9, 1932.66
1570558172, 0, 1283, 1485, 1080, 86, 5.20%, 0, 0, 9, 2463.32
1570558182, 0, 1289, 1486, 1080, 86, 5.20%, 0, 0, 9, 77.24
1570558187, 0, 1289, 1487, 1081, 86, 5.20%, 0, 0, 9, 48.83
1570558197, 0, 1290, 1487, 1080, 86, 5.20%, 0, 0, 9, 1209.06
1570558207, 0, 1291, 1488, 1080, 85, 5.20%, 0, 0, 9, 418.36
1570558223, 0, 1292, 1488, 1079, 85, 5.20%, 0, 0, 9, 867.00
1570558233, 0, 1294, 1488, 1078, 84, 5.20%, 0, 0, 9, 924.17
1570558248, 0, 1295, 1489, 1078, 83, 5.20%, 0, 0, 9, 78.12
1570558259, 0, 1296, 1489, 1077, 82, 5.20%, 0, 0, 9, 2245.75
1570558275, 0, 1299, 1491, 1078, 81, 5.20%, 0, 0, 9, 730.00
1570558290, 0, 1300, 1491, 1077, 80, 5.20%, 0, 0, 9, 1500.00
1570558300, 0, 1301, 1491, 1076, 79, 5.20%, 0, 0, 9, 598.75
1570558315, 0, 1303, 1491, 1075, 78, 5.20%, 0, 0, 9, 73.56
1570558326, 0, 1304, 1491, 1074, 77, 5.20%, 0, 0, 9, 305.94
1570558331, 0, 1304, 1492, 1075, 77, 5.20%, 0, 0, 9, 1389.27
1570558341, 0, 1307, 1495, 1077, 76, 5.20%, 0, 0, 9, 864.49
1570558352, 0, 1308, 1495, 1076, 78, 5.20%, 0, 0, 9, 962.26
1570558367, 0, 1309, 1495, 1075, 77, 5.20%, 0, 0, 9, 250.80
1570558383, 0, 1310, 1495, 1074, 76, 5.20%, 0, 0, 9, 75.34
1570558393, 0, 1311, 1495, 1073, 75, 5.20%, 0, 0, 9, 695.41
1570558408, 0, 1312, 1495, 1072, 74, 5.20%, 0, 0, 9, 1228.44
1570558419, 0, 1313, 1495, 1071, 73, 5.20%, 0, 0, 9, 820.28
1570558429, 0, 1317, 1495, 1070, 72, 5.20%, 0, 0, 9, 392.07
1570558444, 0, 1319, 1496, 1070, 71, 5.20%, 0, 0, 9, 72.73
1570558460, 0, 1320, 1497, 1070, 70, 5.20%, 0, 0, 9, 1204.11
1570558470, 0, 1323, 1497, 1069, 69, 5.20%, 0, 0, 9, 443.40
1570558485, 0, 1325, 1497, 1068, 68, 5.20%, 0, 0, 9, 1251.77
1570558495, 0, 1325, 1498, 1069, 68, 5.22%, 0, 0, 9, 1427.94
1570558500, 0, 1326, 1498, 1068, 68, 5.22%, 0, 0, 9, 1109.95
1570558516, 0, 1327, 1500, 1069, 67, 5.22%, 0, 0, 9, 1136.01
1570558521, 0, 1327, 1503, 1072, 67, 5.22%, 0, 0, 9, 2151.00
1570558537, 0, 1335, 1504, 1072, 66, 5.22%, 0, 0, 9, 188.17
1570558547, 0, 1335, 1505, 1073, 66, 5.22%, 0, 0, 9, 803.44
1570558552, 0, 1340, 1510, 1077, 66, 5.22%, 0, 0, 9, 1089.04
1570558572, 0, 1346, 1511, 1077, 66, 5.22%, 0, 0, 9, 247.65
1570558577, 0, 1346, 1514, 1080, 66, 5.22%, 0, 0, 9, 1651.32
1570558583, 0, 1346, 1516, 1082, 66, 5.22%, 0, 0, 9, 48.62
1570558593, 0, 1355, 1517, 1082, 66, 5.22%, 0, 0, 9, 1677.20
1570558598, 0, 1355, 1519, 1084, 66, 5.22%, 0, 0, 9, 235.18
1570558613, 0, 1360, 1521, 1085, 65, 5.22%, 0, 0, 9, 1880.60
1570558624, 0, 1360, 1522, 1086, 65, 5.22%, 0, 0, 9, 435.00
1570558639, 0, 1360, 1536, 1100, 65, 5.22%, 0, 0, 9, 1438.03
1570558644, 0, 1360, 1545, 1109, 65, 5.22%, 0, 0, 9, 1308.52
1570558649, 0, 1360, 1547, 1111, 65, 5.22%, 0, 0, 9, 1233.14
1570558654, 0, 1374, 1551, 1114, 65, 5.22%, 0, 0, 9, 207.92
1570558659, 0, 1374, 1554, 1117, 65, 5.22%, 0, 0, 9, 1600.31
1570558690, 0, 1377, 1554, 1116, 66, 5.22%, 0, 0, 9, 1170.49
1570558710, 0, 1378, 1556, 1117, 66, 5.22%, 0, 0, 9, 74.42
1570558726, 0, 1382, 1559, 1119, 65, 5.22%, 0, 0, 9, 1722.21
1570558746, 0, 1386, 1560, 1119, 64, 5.22%, 0, 0, 9, 165.32
1570558762, 0, 1389, 1560, 1118, 63, 5.22%, 0, 0, 9, 1062.67
1570558777, 0, 1390, 1560, 1117, 62, 5.22%, 0, 0, 9, 951.06
1570558793, 0, 1391, 1561, 1117, 61, 5.22%, 0, 0, 9, 950.54
1570558799, 0, 1391, 1562, 1118, 61, 5.22%, 0, 0, 9, 171.72
1570558809, 0, 1394, 1564, 1119, 61, 5.22%, 0, 0, 9, 1204.66
1570558814, 0, 1394, 1565, 1120, 61, 5.22%, 0, 0, 9, 1572.77
1570558834, 0, 1394, 1580, 1135, 61, 5.22%, 0, 0, 9, 1546.50
1570558840, 0, 1394, 1585, 1140, 61, 5.22%, 0, 0, 9, 1566.48
1570558845, 0, 1394, 1591, 1146, 61, 5.22%, 0, 0, 9, 1491.41
1570558850, 0, 1402, 1591, 1145, 61, 5.22%, 0, 0, 9, 2161.10
1570558865, 0, 1403, 1592, 1145, 60, 5.22%, 0, 0, 9, 1641.79
1570558880, 0, 1410, 1593, 1145, 60, 5.22%, 0, 0, 9, 1561.91
1570558885, 0, 1410, 1594, 1146, 60, 5.22%, 0, 0, 9, 1557.67
1570558906, 0, 1412, 1594, 1145, 59, 5.22%, 0, 0, 9, 2721.21
1570558911, 0, 1414, 1595, 1144, 58, 5.23%, 0, 0, 9, 3038.29
1570558916, 0, 1416, 1595, 1142, 56, 5.23%, 0, 0, 9, 2978.31
1570558921, 0, 1420, 1597, 1140, 54, 5.23%, 0, 0, 9, 2736.44
1570558926, 0, 1424, 1597, 1136, 50, 5.23%, 0, 0, 9, 2700.38
1570558931, 0, 1430, 1597, 1132, 46, 5.23%, 0, 0, 9, 2731.72
1570558936, 0, 1433, 1611, 1143, 48, 5.30%, 0, 0, 9, 2783.09
1570558941, 0, 1436, 1612, 1141, 46, 5.30%, 0, 0, 9, 733.99
1570558957, 0, 1437, 1612, 1140, 45, 5.30%, 0, 0, 9, 72.85
1570558967, 0, 1438, 1612, 1139, 44, 5.30%, 0, 0, 9, 575.70
1570558982, 0, 1439, 1613, 1139, 43, 5.30%, 0, 0, 10, 75.63
1570558987, 0, 1439, 1614, 1140, 43, 5.31%, 0, 0, 10, 570.00
1570558997, 0, 1440, 1614, 1139, 43, 5.31%, 0, 0, 10, 1329.17
1570559008, 0, 1441, 1614, 1138, 42, 5.31%, 0, 0, 10, 77.24
1570559023, 0, 1442, 1614, 1137, 41, 5.31%, 0, 0, 10, 1202.97
1570559034, 0, 1443, 1615, 1137, 40, 5.31%, 0, 0, 10, 599.76
1570559049, 0, 1444, 1615, 1136, 40, 5.31%, 0, 0, 10, 820.28
1570559059, 0, 1447, 1615, 1135, 39, 5.31%, 0, 0, 10, 523.06
1570559064, 0, 1447, 1619, 1139, 39, 5.32%, 0, 0, 10, 1328.40
1570559079, 0, 1449, 1620, 1139, 41, 5.32%, 0, 0, 10, 753.55
1570559100, 0, 1451, 1622, 1140, 40, 5.32%, 0, 0, 10, 1144.33
1570559105, 0, 1451, 1626, 1144, 40, 5.34%, 0, 0, 10, 49.67
1570559115, 0, 1451, 1627, 1145, 40, 5.34%, 0, 0, 10, 410.34
1570559120, 0, 1452, 1632, 1149, 46, 5.36%, 0, 0, 10, 287.95
1570559141, 0, 1453, 1636, 1152, 47, 5.37%, 0, 0, 10, 2705.00
1570559146, 0, 1453, 1637, 1153, 47, 5.37%, 0, 0, 10, 396.33
1570559156, 0, 1455, 1638, 1153, 50, 5.37%, 0, 0, 10, 712.54
1570559177, 0, 1460, 1639, 1153, 49, 5.37%, 0, 0, 10, 150.68
1570559197, 0, 1461, 1640, 1153, 48, 5.37%, 0, 0, 10, 73.06
1570559212, 0, 1463, 1640, 1152, 47, 5.37%, 0, 0, 10, 385.54
1570559233, 0, 1464, 1641, 1152, 46, 5.37%, 0, 0, 10, 1092.72
1570559253, 0, 1484, 1641, 1151, 45, 5.37%, 0, 0, 10, 2030.00
1570559264, 0, 1486, 1641, 1150, 44, 5.37%, 0, 0, 10, 1609.52
1570559279, 0, 1487, 1641, 1149, 43, 5.37%, 0, 0, 10, 838.86
1570559295, 0, 1492, 1641, 1148, 42, 5.37%, 0, 0, 10, 1308.67
1570559305, 0, 1493, 1641, 1147, 41, 5.37%, 0, 0, 10, 943.71
1570559320, 0, 1494, 1641, 1146, 40, 5.37%, 0, 0, 10, 59.48
1570559330, 0, 1494, 1642, 1147, 40, 5.37%, 0, 0, 10, 382.36
1570559335, 0, 1497, 1643, 1147, 39, 5.38%, 0, 0, 10, 49.15
1570559351, 0, 1504, 1644, 1147, 39, 5.38%, 0, 0, 10, 76.03
1570559366, 0, 1512, 1645, 1147, 38, 5.38%, 0, 0, 10, 774.89
1570559371, 0, 1512, 1647, 1149, 38, 5.38%, 0, 0, 10, 2035.31
1570559387, 0, 1519, 1647, 1148, 37, 5.38%, 0, 0, 10, 1912.29
1570559407, 0, 1536, 1647, 1147, 36, 5.38%, 0, 0, 10, 676.54
1570559422, 0, 1536, 1650, 1150, 36, 5.38%, 0, 0, 10, 1682.07
1570559428, 0, 1551, 1650, 1149, 35, 5.38%, 0, 0, 10, 1254.28
1570559433, 0, 1551, 1651, 1150, 35, 5.38%, 0, 0, 10, 1519.45
1570559463, 0, 1551, 1661, 1160, 35, 5.38%, 0, 0, 10, 1135.20
1570559468, 0, 1551, 1664, 1163, 35, 5.38%, 0, 0, 10, 1141.47
1570559473, 0, 1551, 1668, 1167, 35, 5.38%, 0, 0, 10, 1114.44
1570559478, 0, 1551, 1672, 1171, 35, 5.38%, 0, 0, 10, 1046.99
1570559483, 0, 1553, 1674, 1172, 36, 5.38%, 0, 0, 10, 1042.08
1570559489, 0, 1553, 1675, 1173, 36, 5.38%, 0, 0, 10, 160.10
1570559525, 0, 1555, 1679, 1176, 35, 5.38%, 0, 0, 10, 821.60
1570559530, 0, 1555, 1680, 1177, 35, 5.38%, 0, 0, 10, 49.70
1570559540, 0, 1561, 1680, 1176, 35, 5.38%, 0, 0, 10, 1118.69
1570559555, 0, 1590, 1681, 1176, 34, 5.38%, 0, 0, 10, 1794.77
1570559560, 0, 1590, 1682, 1177, 34, 5.38%, 0, 0, 10, 1558.92
1570559576, 0, 1594, 1684, 1178, 33, 5.62%, 0, 0, 10, 1892.92
1570559581, 0, 1599, 1692, 1183, 39, 5.79%, 0, 0, 10, 2879.84
1570559586, 0, 1602, 1700, 1189, 38, 5.79%, 0, 0, 10, 2810.85
1570559591, 0, 1605, 1706, 1193, 40, 5.80%, 0, 0, 10, 2792.78
1570559596, 0, 1613, 1706, 1191, 38, 5.80%, 0, 0, 10, 73.17
1570559606, 0, 1614, 1706, 1190, 37, 5.80%, 0, 0, 10, 579.03
1570559621, 0, 1618, 1710, 1193, 36, 5.80%, 0, 0, 11, 1908.40
1570559637, 0, 1620, 1710, 1192, 36, 5.80%, 0, 0, 11, 393.73
1570559642, 0, 1620, 1712, 1194, 36, 5.80%, 0, 0, 11, 2706.47
1570559647, 0, 1620, 1716, 1198, 36, 5.82%, 0, 0, 11, 85.06
1570559657, 0, 1622, 1718, 1199, 40, 5.82%, 0, 0, 11, 638.77
1570559667, 0, 1622, 1719, 1200, 40, 5.82%, 0, 0, 11, 39.03
1570559677, 0, 1623, 1721, 1201, 40, 5.83%, 0, 0, 11, 2600.00
1570559698, 0, 1624, 1722, 1201, 40, 5.83%, 0, 0, 11, 78.72
1570559719, 0, 1625, 1723, 1201, 39, 5.83%, 0, 0, 11, 1095.00
1570559734, 0, 1626, 1726, 1203, 38, 5.84%, 0, 0, 11, 560.24
1570559739, 0, 1626, 1727, 1204, 38, 5.84%, 0, 0, 11, 1512.67
1570559755, 0, 1628, 1728, 1204, 39, 5.84%, 0, 0, 11, 836.04
1570559760, 0, 1628, 1729, 1205, 39, 5.84%, 0, 0, 11, 1655.70
1570559775, 0, 1629, 1730, 1205, 40, 5.84%, 0, 0, 11, 812.79
1570559780, 0, 1629, 1731, 1206, 40, 5.84%, 0, 0, 11, 328.19
1570559796, 0, 1630, 1732, 1206, 40, 5.84%, 0, 0, 11, 980.00
1570559811, 0, 1632, 1733, 1206, 39, 5.84%, 0, 0, 11, 691.91
1570559832, 0, 1634, 1735, 1207, 38, 5.85%, 0, 0, 11, 875.87
1570559853, 0, 1635, 1736, 1207, 38, 5.85%, 0, 0, 11, 830.99
1570559868, 0, 1636, 1736, 1206, 37, 5.85%, 0, 0, 11, 1887.30
1570559873, 0, 1636, 1737, 1207, 37, 5.85%, 0, 0, 11, 1798.38
1570559888, 0, 1642, 1737, 1206, 36, 5.85%, 0, 0, 11, 486.63
1570559904, 0, 1659, 1739, 1207, 35, 5.85%, 0, 0, 11, 1549.34
1570559935, 0, 1663, 1740, 1207, 35, 5.85%, 0, 0, 11, 1206.26
1570559971, 0, 1676, 1740, 1206, 35, 5.85%, 0, 0, 11, 1224.15
1570559991, 0, 1684, 1745, 1210, 34, 5.93%, 0, 0, 11, 2577.26
1570559996, 0, 1685, 1745, 1209, 36, 5.93%, 0, 0, 11, 2925.25
1570560001, 0, 1688, 1745, 1207, 34, 5.93%, 0, 0, 11, 2916.57
1570560006, 0, 1689, 1747, 1208, 33, 5.95%, 0, 0, 11, 2916.32
1570560011, 0, 1691, 1748, 1208, 33, 5.95%, 0, 0, 11, 2818.56
1570560016, 0, 1693, 1750, 1209, 32, 5.95%, 0, 0, 11, 2843.96
1570560021, 0, 1701, 1750, 1207, 31, 5.95%, 0, 0, 11, 2829.44
1570560026, 0, 1707, 1751, 1205, 29, 5.95%, 0, 0, 11, 413.65
1570560047, 0, 1711, 1753, 1206, 28, 5.96%, 0, 0, 12, 2536.70
1570560068, 0, 1712, 1755, 1207, 28, 5.96%, 0, 0, 12, 80.89
1570560088, 0, 1713, 1756, 1207, 28, 5.96%, 0, 0, 12, 1095.00
1570560104, 0, 1714, 1757, 1207, 27, 5.96%, 0, 0, 12, 1585.00
1570560124, 0, 1715, 1758, 1207, 26, 5.96%, 0, 0, 12, 895.42
1570560144, 0, 1716, 1759, 1207, 25, 5.96%, 0, 0, 12, 72.77
1570560165, 0, 1718, 1760, 1207, 24, 5.96%, 0, 0, 12, 715.00
1570560180, 0, 1719, 1762, 1208, 23, 5.98%, 0, 0, 12, 324.53
1570560190, 0, 1719, 1763, 1209, 23, 5.98%, 0, 0, 12, 48.59
1570560200, 0, 1723, 1765, 1210, 24, 5.98%, 0, 0, 12, 884.11
1570560221, 0, 1724, 1767, 1211, 24, 5.99%, 0, 0, 12, 81.60
1570560237, 0, 1726, 1767, 1210, 24, 5.99%, 0, 0, 12, 2505.34
1570560242, 0, 1726, 1768, 1211, 24, 5.99%, 0, 0, 12, 1193.03
1570560257, 0, 1727, 1770, 1212, 23, 5.99%, 0, 0, 12, 789.43
1570560262, 0, 1727, 1771, 1213, 23, 5.99%, 0, 0, 12, 1571.93
1570560267, 0, 1727, 1772, 1214, 23, 5.99%, 0, 0, 12, 48.63
1570560277, 0, 1728, 1772, 1213, 22, 5.99%, 0, 0, 12, 356.44
1570560298, 0, 1730, 1773, 1213, 21, 5.99%, 0, 0, 12, 882.76
1570560319, 0, 1733, 1775, 1214, 20, 5.99%, 0, 0, 12, 865.00
1570560335, 0, 1738, 1775, 1213, 20, 5.99%, 0, 0, 12, 502.65
1570560350, 0, 1738, 1776, 1214, 20, 5.99%, 0, 0, 12, 1770.00
1570560365, 0, 1740, 1778, 1215, 19, 6.00%, 0, 0, 12, 1339.94
1570560370, 0, 1741, 1779, 1215, 20, 6.00%, 0, 0, 12, 2380.72
1570560375, 0, 1742, 1781, 1216, 20, 6.01%, 0, 0, 12, 2666.57
1570560380, 0, 1743, 1781, 1215, 19, 6.01%, 0, 0, 12, 2716.13
1570560385, 0, 1744, 1781, 1214, 18, 6.01%, 0, 0, 12, 2792.63
1570560390, 0, 1745, 1781, 1213, 17, 6.01%, 0, 0, 12, 2934.78
1570560396, 0, 1746, 1781, 1212, 16, 6.01%, 0, 0, 12, 2773.11
1570560401, 0, 1748, 1782, 1212, 15, 6.01%, 0, 0, 12, 2778.79
1570560406, 0, 1751, 1786, 1214, 14, 6.08%, 0, 0, 13, 76.92
1570560426, 0, 1753, 1787, 1214, 15, 6.08%, 0, 0, 13, 76.60
1570560441, 0, 1760, 1787, 1213, 14, 6.08%, 0, 0, 13, 2469.59
1570560446, 0, 1760, 1792, 1218, 14, 6.10%, 0, 0, 13, 1190.62
1570560462, 0, 1762, 1793, 1218, 17, 6.10%, 0, 0, 13, 689.58
1570560482, 0, 1763, 1794, 1218, 16, 6.10%, 0, 0, 13, 2449.54
1570560503, 0, 1765, 1797, 1220, 15, 6.11%, 0, 0, 13, 79.73
1570560523, 0, 1773, 1798, 1220, 16, 6.11%, 0, 0, 13, 77.86
1570560539, 0, 1776, 1799, 1220, 15, 6.11%, 0, 0, 13, 2095.24
1570560544, 0, 1779, 1800, 1220, 15, 6.12%, 0, 0, 13, 2567.84
1570560549, 0, 1780, 1802, 1221, 16, 6.12%, 0, 0, 13, 2646.10
1570560554, 0, 1782, 1814, 1232, 15, 6.15%, 0, 0, 13, 2758.95
1570560559, 0, 1783, 1816, 1233, 24, 6.15%, 0, 0, 14, 77.04
1570560580, 0, 1784, 1817, 1233, 23, 6.15%, 2, 0, 14, 76.34
1570560595, 0, 1787, 1817, 1232, 22, 6.15%, 2, 0, 14, 2611.94
1570560600, 0, 1787, 1819, 1234, 22, 6.16%, 2, 0, 14, 1364.55
1570560615, 0, 1789, 1820, 1234, 22, 6.16%, 2, 0, 14, 1133.44
1570560636, 0, 1790, 1821, 1234, 21, 6.16%, 2, 0, 14, 76.73
1570560657, 0, 1791, 1824, 1236, 20, 6.16%, 2, 0, 14, 1395.00
1570560672, 0, 1794, 1827, 1238, 20, 6.16%, 2, 0, 14, 259.78
1570560693, 0, 1795, 1830, 1240, 21, 6.16%, 2, 0, 14, 76.73
1570560709, 0, 1798, 1830, 1239, 22, 6.16%, 2, 0, 14, 2474.55
1570560714, 0, 1799, 1830, 1238, 21, 6.16%, 2, 0, 14, 2662.66
1570560719, 0, 1800, 1830, 1237, 20, 6.16%, 2, 0, 14, 2722.51
1570560724, 0, 1802, 1831, 1237, 20, 6.17%, 2, 0, 14, 2789.11
1570560729, 0, 1803, 1834, 1239, 19, 6.18%, 2, 0, 14, 3000.88
1570560734, 0, 1808, 1835, 1238, 21, 6.18%, 2, 0, 14, 2967.87
1570560739, 0, 1809, 1835, 1237, 20, 6.18%, 2, 0, 14, 3032.24
1570560744, 0, 1810, 1835, 1236, 19, 6.18%, 2, 0, 14, 3047.05
1570560749, 0, 1812, 1835, 1234, 17, 6.18%, 2, 0, 14, 3049.27
1570560754, 0, 1813, 1835, 1233, 16, 6.18%, 2, 0, 14, 3083.87
1570560759, 0, 1818, 1839, 1235, 14, 6.19%, 2, 0, 15, 2641.79
1570560780, 0, 1822, 1851, 1246, 16, 6.19%, 2, 0, 15, 2131.24
1570560785, 0, 1822, 1854, 1249, 16, 6.19%, 2, 0, 15, 48.00
1570560795, 0, 1822, 1858, 1253, 16, 6.19%, 2, 0, 15, 452.12
1570560801, 0, 1824, 1865, 1259, 22, 6.19%, 2, 0, 15, 176.40
1570560822, 0, 1825, 1866, 1259, 21, 6.19%, 2, 0, 15, 1100.00
1570560837, 0, 1827, 1866, 1258, 20, 6.19%, 2, 0, 15, 602.63
1570560842, 0, 1827, 1867, 1259, 20, 6.19%, 2, 0, 15, 1857.20
1570560857, 0, 1828, 1868, 1259, 19, 6.19%, 2, 0, 15, 1157.39
1570560879, 0, 1830, 1869, 1259, 18, 6.19%, 2, 0, 15, 2693.02
1570560884, 0, 1832, 1869, 1257, 17, 6.19%, 2, 0, 15, 2870.41
1570560889, 0, 1833, 1870, 1257, 16, 6.19%, 2, 0, 15, 3063.47
1570560894, 0, 1835, 1870, 1255, 15, 6.19%, 2, 0, 15, 2928.92
1570560899, 0, 1835, 1871, 1256, 15, 6.19%, 2, 0, 16, 1198.02
1570560914, 0, 1836, 1872, 1256, 14, 6.19%, 2, 0, 16, 2402.55
1570560935, 0, 1837, 1873, 1256, 13, 6.19%, 2, 0, 16, 220.78
1570560956, 0, 1839, 1874, 1256, 12, 6.19%, 2, 0, 16, 197.68
1570560976, 0, 1840, 1877, 1258, 11, 6.19%, 2, 0, 16, 1445.77
1570560991, 0, 1845, 1878, 1258, 11, 6.19%, 2, 0, 16, 456.31
1570560997, 0, 1845, 1880, 1260, 11, 6.19%, 2, 0, 16, 1473.59
1570561012, 0, 1849, 1881, 1260, 10, 6.19%, 2, 0, 16, 609.37
1570561017, 0, 1849, 1883, 1262, 10, 6.19%, 2, 0, 16, 2583.69
1570561033, 0, 1850, 1889, 1267, 11, 6.19%, 2, 0, 16, 2134.06
1570561038, 0, 1850, 1890, 1268, 11, 6.19%, 2, 0, 16, 1631.41
1570561043, 0, 1850, 1893, 1271, 11, 6.19%, 2, 0, 16, 1385.00
1570561053, 0, 1853, 1898, 1275, 14, 6.19%, 2, 0, 16, 2310.37
1570561058, 0, 1853, 1899, 1276, 14, 6.19%, 2, 0, 16, 148.26
1570561073, 0, 1860, 1901, 1277, 14, 6.19%, 2, 0, 16, 900.52
1570561079, 0, 1860, 1902, 1278, 14, 6.19%, 2, 0, 16, 49.56
1570561094, 0, 1864, 1903, 1278, 12, 6.19%, 2, 0, 16, 75.75
1570561115, 0, 1868, 1904, 1278, 12, 6.20%, 2, 0, 16, 2313.32
1570561120, 0, 1869, 1904, 1277, 12, 6.20%, 2, 0, 16, 3063.08
1570561125, 0, 1874, 1906, 1278, 11, 6.20%, 2, 0, 17, 198.44
1570561145, 0, 1881, 1909, 1280, 10, 6.20%, 2, 0, 17, 1090.00
1570561160, 0, 1882, 1909, 1279, 12, 6.20%, 2, 0, 17, 1600.28
1570561166, 0, 1882, 1911, 1281, 12, 6.20%, 2, 0, 17, 1339.91
1570561171, 0, 1882, 1912, 1282, 12, 6.20%, 2, 0, 17, 96.66
1570561181, 0, 1884, 1913, 1282, 12, 6.20%, 2, 0, 17, 2361.57
1570561202, 0, 1896, 1913, 1281, 11, 6.20%, 2, 0, 17, 525.39
1570561207, 0, 1896, 1914, 1282, 11, 6.20%, 2, 0, 17, 1611.87
1570561222, 0, 1897, 1915, 1282, 10, 6.20%, 2, 0, 17, 775.18
1570561227, 0, 1897, 1916, 1283, 10, 6.20%, 2, 0, 17, 2490.45
1570561243, 0, 1901, 1917, 1283, 11, 6.20%, 2, 0, 17, 2280.20
1570561264, 0, 1903, 1917, 1282, 11, 6.20%, 2, 0, 17, 2653.33
1570561269, 0, 1906, 1918, 1282, 10, 6.20%, 2, 0, 18, 823.26
1570561289, 0, 1907, 1919, 1282, 9, 6.20%, 2, 0, 18, 73.49
1570561305, 0, 1908, 1919, 1281, 9, 6.20%, 3, 0, 18, 2446.33
1570561310, 0, 1908, 1921, 1283, 9, 6.20%, 3, 0, 18, 1462.81
1570561325, 0, 1909, 1921, 1282, 9, 6.20%, 3, 0, 18, 1600.25
1570561346, 0, 1914, 1922, 1282, 8, 6.20%, 3, 0, 18, 543.52
1570561361, 0, 1914, 1923, 1283, 8, 6.20%, 3, 0, 18, 1874.32
1570561366, 0, 1915, 1924, 1283, 9, 6.20%, 3, 0, 18, 681.82
1570561371, 0, 1915, 1925, 1284, 9, 6.20%, 3, 0, 18, 1767.45
1570561382, 0, 1915, 1926, 1285, 9, 6.20%, 3, 0, 18, 2487.56
1570561387, 0, 1916, 1929, 1287, 8, 6.20%, 3, 0, 18, 915.19
1570561392, 0, 1916, 1930, 1288, 8, 6.20%, 3, 0, 18, 113.39
1570561407, 0, 1918, 1931, 1288, 8, 6.20%, 3, 0, 19, 152.59
1570561428, 0, 1919, 1934, 1290, 8, 6.20%, 3, 0, 19, 75.98
1570561449, 0, 1922, 1935, 1290, 9, 6.20%, 3, 0, 19, 408.22
1570561469, 0, 1927, 1937, 1291, 8, 6.20%, 3, 0, 19, 77.37
1570561485, 0, 1931, 1937, 1290, 8, 6.20%, 3, 0, 19, 1384.31
1570561490, 0, 1931, 1944, 1297, 8, 6.20%, 3, 0, 20, 1596.06
1570561500, 0, 1931, 1944, 1297, 8, 6.20%, 4, 0, 20, 2307.43
1570561505, 0, 1932, 1946, 1298, 11, 6.20%, 4, 0, 20, 852.53
1570561526, 0, 1933, 1946, 1297, 10, 6.20%, 4, 0, 20, 80.93
1570561541, 0, 1933, 1947, 1298, 10, 6.20%, 4, 0, 20, 1560.00
1570561546, 0, 1935, 1948, 1298, 9, 6.20%, 4, 0, 20, 79.87
1570561551, 0, 1935, 1948, 1298, 9, 6.20%, 5, 0, 20, 49.57
1570561567, 0, 1939, 1952, 1301, 8, 6.20%, 5, 0, 21, 1156.37
1570561582, 0, 1940, 1968, 1316, 8, 6.20%, 5, 0, 21, 75.73
1570561587, 0, 1940, 1972, 1320, 8, 6.20%, 5, 0, 21, 49.55
1570561597, 0, 1948, 1977, 1324, 13, 6.20%, 6, 0, 21, 330.88
1570561603, 0, 1948, 1978, 1325, 13, 6.20%, 6, 0, 22, 2537.20
1570561613, 0, 1948, 1978, 1325, 13, 6.20%, 7, 0, 22, 2287.96
1570561618, 0, 1951, 1979, 1325, 12, 6.20%, 7, 0, 22, 77.82
1570561633, 0, 1955, 1979, 1324, 11, 6.20%, 7, 0, 22, 1570.43
1570561639, 0, 1955, 1980, 1325, 11, 6.20%, 7, 0, 22, 1413.34
1570561654, 0, 1959, 1984, 1328, 11, 6.20%, 7, 0, 22, 817.76
1570561669, 0, 1960, 1989, 1332, 13, 6.20%, 8, 0, 22, 1886.88
1570561675, 0, 1960, 1990, 1333, 13, 6.20%, 8, 0, 22, 49.58
1570561685, 0, 1960, 1991, 1334, 13, 6.20%, 8, 0, 22, 1622.78
1570561690, 0, 1963, 1993, 1335, 13, 6.20%, 8, 0, 22, 1238.19
1570561705, 0, 1971, 1996, 1337, 13, 6.20%, 8, 0, 22, 76.06
1570561711, 0, 1971, 1999, 1340, 13, 6.20%, 8, 0, 22, 49.66
1570561721, 0, 1975, 2001, 1341, 16, 6.20%, 8, 0, 22, 2000.00
1570561726, 0, 1975, 2003, 1343, 16, 6.20%, 8, 0, 22, 1644.56
1570561741, 0, 1979, 2011, 1350, 17, 6.20%, 8, 0, 23, 66.42
1570561757, 0, 1982, 2013, 1351, 17, 6.20%, 8, 0, 23, 537.75
1570561762, 0, 1982, 2014, 1352, 17, 6.20%, 8, 0, 23, 49.60
1570561778, 0, 1983, 2020, 1357, 17, 6.20%, 8, 0, 23, 1182.55
1570561783, 0, 1983, 2021, 1358, 17, 6.20%, 8, 0, 23, 48.61
1570561793, 0, 1986, 2024, 1360, 18, 6.20%, 8, 0, 23, 78.18
1570561808, 0, 1991, 2024, 1359, 17, 6.20%, 9, 0, 23, 1359.17
1570561814, 0, 1991, 2025, 1360, 17, 6.20%, 9, 0, 23, 1289.19
1570561829, 0, 1992, 2025, 1359, 17, 6.20%, 9, 0, 23, 79.31
1570561845, 0, 1994, 2025, 1358, 16, 6.20%, 9, 0, 23, 596.91
1570561850, 0, 1994, 2026, 1359, 16, 6.20%, 9, 0, 23, 149.90
1570561860, 0, 1994, 2027, 1360, 16, 6.20%, 9, 0, 23, 228.10
1570561865, 0, 1995, 2028, 1360, 16, 6.20%, 9, 0, 23, 72.85
1570561880, 0, 1997, 2029, 1360, 14, 6.20%, 10, 0, 23, 1949.88
1570561886, 0, 1997, 2030, 1361, 14, 6.20%, 10, 0, 23, 49.59
1570561901, 0, 1998, 2032, 1362, 15, 6.20%, 10, 0, 23, 2398.17
1570561917, 0, 2002, 2034, 1363, 15, 6.20%, 10, 0, 23, 100.76
1570561922, 0, 2002, 2035, 1364, 15, 6.20%, 10, 0, 23, 40.89
1570561932, 0, 2003, 2035, 1363, 17, 6.20%, 10, 0, 23, 1636.47
1570561937, 0, 2003, 2038, 1366, 17, 6.20%, 10, 0, 24, 1608.19
1570561942, 0, 2003, 2039, 1367, 17, 6.20%, 10, 0, 24, 48.54
1570561953, 0, 2013, 2039, 1366, 16, 6.20%, 10, 0, 24, 76.60
1570561968, 0, 2015, 2039, 1365, 15, 6.20%, 10, 0, 24, 1300.82
1570561988, 0, 2022, 2040, 1365, 14, 6.20%, 10, 0, 24, 80.51
1570562003, 0, 2024, 2040, 1364, 13, 6.20%, 10, 0, 24, 1917.20
1570562019, 0, 2025, 2040, 1363, 12, 6.20%, 10, 0, 24, 454.84
1570562024, 0, 2025, 2041, 1364, 12, 6.20%, 10, 0, 24, 1464.39
1570562040, 0, 2027, 2041, 1363, 11, 6.20%, 10, 0, 24, 79.49
1570562055, 0, 2028, 2043, 1364, 10, 6.20%, 10, 0, 24, 562.89
1570562060, 0, 2028, 2044, 1365, 10, 6.20%, 10, 0, 24, 49.56
1570562076, 0, 2029, 2044, 1364, 11, 6.20%, 10, 0, 24, 779.29
1570562092, 0, 2031, 2044, 1363, 10, 6.20%, 10, 0, 24, 77.56
1570562107, 0, 2032, 2044, 1362, 9, 6.20%, 10, 0, 24, 473.43
1570562112, 0, 2032, 2047, 1365, 9, 6.20%, 10, 0, 24, 1304.55
1570562128, 0, 2033, 2051, 1368, 11, 6.20%, 10, 0, 24, 75.98
1570562143, 0, 2037, 2051, 1367, 14, 6.20%, 10, 0, 24, 453.28
1570562163, 0, 2042, 2054, 1369, 13, 6.20%, 10, 0, 25, 74.99
1570562179, 0, 2043, 2055, 1369, 13, 6.20%, 10, 0, 25, 1931.76
1570562199, 0, 2044, 2057, 1370, 13, 6.20%, 10, 0, 25, 1170.71
1570562215, 0, 2045, 2059, 1371, 15, 6.20%, 10, 0, 25, 379.51
1570562220, 0, 2045, 2060, 1372, 15, 6.20%, 10, 0, 25, 49.55
1570562230, 0, 2046, 2060, 1371, 16, 6.20%, 10, 0, 25, 1293.74
1570562235, 0, 2046, 2061, 1372, 16, 6.20%, 10, 0, 25, 1371.16
1570562245, 0, 2046, 2062, 1373, 16, 6.20%, 10, 0, 25, 1989.55
1570562250, 0, 2047, 2063, 1373, 16, 6.20%, 10, 0, 25, 388.83
1570562265, 0, 2048, 2063, 1372, 16, 6.20%, 10, 0, 25, 2123.10
1570562271, 0, 2048, 2064, 1373, 16, 6.20%, 10, 0, 25, 204.92
1570562286, 0, 2049, 2067, 1375, 16, 6.20%, 10, 0, 25, 75.44
1570562301, 0, 2050, 2067, 1374, 16, 6.20%, 10, 0, 25, 1506.38
1570562322, 0, 2053, 2067, 1373, 15, 6.20%, 10, 0, 25, 1253.09
1570562338, 0, 2054, 2068, 1373, 14, 6.20%, 10, 0, 26, 480.35
1570562353, 0, 2055, 2068, 1372, 14, 6.20%, 10, 0, 26, 1787.03
1570562358, 0, 2055, 2069, 1373, 14, 6.20%, 10, 0, 26, 2460.33
1570562373, 0, 2056, 2069, 1372, 14, 6.20%, 10, 0, 26, 823.26
1570562389, 0, 2058, 2069, 1371, 13, 6.20%, 10, 0, 26, 1971.29
1570562394, 0, 2058, 2070, 1372, 13, 6.20%, 10, 0, 26, 49.64
1570562409, 0, 2059, 2070, 1371, 13, 6.20%, 10, 0, 26, 1180.23
1570562425, 0, 2061, 2074, 1374, 12, 6.20%, 10, 0, 26, 78.80
1570562430, 0, 2061, 2075, 1375, 12, 6.20%, 10, 0, 26, 49.59
1570562440, 0, 2062, 2075, 1374, 13, 6.20%, 10, 0, 26, 433.18
1570562460, 0, 2063, 2075, 1373, 12, 6.20%, 10, 0, 26, 76.36
1570562475, 0, 2066, 2075, 1372, 11, 6.20%, 10, 0, 26, 1269.97
1570562497, 0, 2067, 2075, 1371, 10, 6.20%, 10, 0, 26, 1533.43
1570562512, 0, 2068, 2075, 1370, 9, 6.20%, 10, 0, 26, 495.00
1570562527, 0, 2069, 2075, 1369, 8, 6.20%, 10, 0, 26, 1483.26
1570562548, 0, 2072, 2077, 1370, 7, 6.20%, 10, 0, 27, 77.33
1570562563, 0, 2073, 2080, 1372, 7, 6.20%, 10, 0, 27, 112.99
1570562579, 0, 2076, 2081, 1372, 7, 6.20%, 10, 0, 27, 358.27
1570562584, 0, 2076, 2082, 1373, 7, 6.20%, 10, 0, 28, 2545.17
1570562600, 0, 2079, 2082, 1372, 6, 6.20%, 10, 0, 28, 74.91
1570562615, 1, 78, 2082, 1370, 4, 6.20%, 10, 0, 28, 1725.89
1570562620, 1, 207, 2082, 1369, 4, 6.20%, 10, 0, 28, 2782.72
1570562635, 1, 247, 2082, 1368, 4, 6.20%, 10, 0, 28, 495.34
1570562651, 1, 557, 2082, 1367, 4, 6.20%, 10, 0, 28, 1960.33
1570562666, 1, 594, 2082, 1366, 4, 6.20%, 10, 0, 28, 77.84
1570562681, 1, 810, 2082, 1364, 3, 6.20%, 10, 0, 28, 2345.24
1570562686, 1, 885, 2084, 1365, 3, 6.20%, 10, 0, 28, 74.38
1570562702, 1, 885, 2085, 1366, 3, 6.20%, 10, 0, 28, 1299.28
1570562707, 1, 950, 2086, 1366, 3, 6.20%, 10, 0, 28, 834.91
1570562723, 1, 1011, 2086, 1365, 3, 6.20%, 10, 0, 28, 74.96
1570562738, 1, 1131, 2086, 1364, 2, 6.20%, 10, 0, 28, 158.70
1570562875, 1, 1227, 2086, 1362, 2, 6.20%, 10, 0, 28, 1960.00
1570562895, 1, 1263, 2086, 1361, 2, 6.20%, 10, 0, 28, 770.23
1570562900, 1, 1263, 2087, 1362, 2, 6.20%, 10, 0, 28, 1399.40
1570562905, 1, 1263, 2088, 1363, 2, 6.20%, 10, 0, 28, 48.63
1570562916, 1, 1878, 2088, 1362, 2, 6.20%, 10, 0, 28, 422.95
1570562936, 1, 2001, 2088, 1361, 2, 6.20%, 10, 0, 28, 1391.47
1570562957, 1, 2030, 2088, 1360, 1, 6.20%, 10, 0, 28, 76.34
1570562972, 1, 2036, 2088, 1359, 1, 6.20%, 10, 0, 28, 1498.58
1570562988, 1, 2036, 2088, 1359, 1, 6.20%, 11, 0, 28, 2454.43
1570562993, 1, 2039, 2089, 1359, 0, 6.20%, 11, 0, 28, 2446.88
1570563008, 1, 2051, 2090, 1359, 0, 6.20%, 12, 0, 28, 78.79
1570563024, 1, 2052, 2090, 1358, 0, 6.20%, 12, 0, 28, 1483.73
1570563044, 1, 2065, 2090, 1357, 0, 6.20%, 12, 0, 28, 79.02
1570563059, 1, 2071, 2090, 1356, 0, 6.20%, 12, 0, 28, 91.28
1570563064, 1, 2071, 2091, 1357, 0, 6.20%, 12, 0, 28, 1321.60
1570563080, 1, 2081, 2092, 1357, 0, 6.20%, 12, 0, 29, 490.00
1570563095, 1, 2082, 2096, 1360, 0, 6.21%, 12, 0, 29, 2628.86
1570563100, 1, 2093, 2098, 1361, 1, 6.21%, 12, 0, 29, 2856.42
1570563105, 1, 2094, 2102, 1364, 0, 6.21%, 12, 0, 29, 2980.52
1570563110, 2, 41, 2102, 1360, 0, 6.21%, 12, 0, 29, 84.12
1570563115, 2, 43, 2102, 1359, 0, 6.21%, 12, 0, 29, 2969.44
1570563121, 2, 45, 2102, 1358, 0, 6.21%, 12, 0, 29, 2888.71
1570563126, 2, 54, 2102, 1357, 0, 6.21%, 12, 0, 29, 2820.38
1570563131, 2, 71, 2102, 1355, 0, 6.21%, 12, 0, 29, 2521.80
1570563136, 2, 79, 2110, 1362, 0, 6.22%, 12, 0, 29, 2863.83
1570563141, 2, 176, 2110, 1361, 1, 6.22%, 12, 0, 29, 76.19
1570563157, 2, 185, 2110, 1360, 1, 6.22%, 12, 0, 29, 122.74
1570563172, 2, 203, 2110, 1359, 1, 6.22%, 12, 0, 29, 2166.02
1570563188, 2, 367, 2110, 1358, 1, 6.22%, 12, 0, 29, 667.28
1570563203, 2, 548, 2110, 1357, 1, 6.22%, 12, 0, 29, 1129.89
1570563219, 2, 848, 2110, 1356, 1, 6.22%, 12, 0, 29, 76.14
1570563234, 2, 886, 2110, 1355, 1, 6.22%, 12, 0, 29, 669.16
1570563255, 2, 999, 2110, 1354, 1, 6.22%, 12, 0, 29, 1667.78
1570563270, 2, 1562, 2110, 1352, 1, 6.22%, 12, 0, 29, 1442.09
1570563296, 2, 1562, 2143, 1385, 1, 6.22%, 12, 0, 29, 1715.33
1570563301, 2, 1562, 2171, 1413, 1, 6.22%, 12, 0, 29, 1592.74
1570563306, 2, 1562, 2193, 1435, 1, 6.22%, 12, 0, 29, 1673.34
1570563311, 2, 1576, 2201, 1442, 1, 6.22%, 12, 0, 29, 1224.06
1570563316, 2, 1576, 2203, 1444, 1, 6.22%, 12, 0, 29, 74.07
1570563321, 2, 1576, 2204, 1445, 1, 6.22%, 12, 0, 29, 621.19
1570563326, 2, 1576, 2206, 1447, 1, 6.22%, 12, 0, 29, 911.71
1570563337, 2, 1576, 2207, 1448, 1, 6.22%, 12, 0, 29, 1160.29
1570563347, 2, 1576, 2208, 1449, 1, 6.22%, 12, 0, 29, 166.71
1570563357, 2, 1576, 2224, 1465, 1, 6.22%, 12, 0, 29, 1088.22
1570563362, 2, 1576, 2240, 1481, 1, 6.22%, 12, 0, 29, 1142.42
1570563367, 2, 1576, 2255, 1496, 1, 6.22%, 12, 0, 29, 1131.60
1570563372, 2, 1576, 2260, 1501, 1, 6.22%, 12, 0, 29, 1198.22
1570563378, 2, 1576, 2269, 1510, 1, 6.22%, 12, 0, 29, 1098.13
1570563383, 2, 1576, 2278, 1519, 1, 6.22%, 12, 0, 29, 1155.91
1570563388, 2, 1619, 2279, 1519, 1, 6.22%, 12, 0, 29, 76.23
1570563409, 2, 1844, 2279, 1518, 1, 6.22%, 12, 0, 29, 77.31
1570563424, 2, 1877, 2279, 1517, 1, 6.22%, 12, 0, 29, 1650.77
1570563444, 2, 1924, 2279, 1516, 1, 6.22%, 12, 0, 29, 2354.34
1570563465, 2, 1961, 2279, 1515, 1, 6.22%, 12, 0, 29, 454.84
1570563480, 2, 1961, 2279, 1515, 1, 6.22%, 13, 0, 29, 2190.74
1570563485, 2, 2008, 2279, 1514, 1, 6.22%, 13, 0, 29, 81.97
1570563501, 2, 2092, 2279, 1513, 1, 6.22%, 13, 0, 29, 2585.24
1570563506, 2, 2107, 2279, 1512, 1, 6.22%, 13, 0, 29, 2317.28
1570563526, 2, 2107, 2280, 1513, 1, 6.22%, 13, 0, 29, 1934.90
1570563588, 2, 2181, 2280, 1512, 1, 6.22%, 13, 0, 29, 1314.56
1570563802, 2, 2181, 2281, 1513, 1, 6.22%, 13, 0, 29, 1027.24
1570563920, 2, 2181, 2288, 1520, 1, 6.22%, 13, 0, 29, 1038.13
1570563925, 2, 2181, 2300, 1532, 1, 6.22%, 13, 0, 29, 1021.47
1570563930, 2, 2181, 2310, 1542, 1, 6.22%, 13, 0, 29, 1004.83
1570563935, 2, 2181, 2321, 1553, 1, 6.22%, 13, 0, 29, 1048.84
1570563940, 2, 2181, 2325, 1557, 1, 6.22%, 13, 0, 29, 1073.42
1570563945, 2, 2181, 2330, 1562, 1, 6.22%, 13, 0, 29, 1067.07
1570563951, 2, 2214, 2338, 1569, 1, 6.22%, 13, 0, 29, 1013.13
1570564310, 2, 2214, 2339, 1570, 1, 6.22%, 13, 0, 29, 416.25
1570564578, 2, 2214, 2341, 1572, 1, 6.22%, 13, 0, 29, 448.56
1570564583, 2, 2214, 2344, 1575, 1, 6.22%, 13, 0, 29, 519.99
1570564588, 2, 2214, 2352, 1583, 1, 6.22%, 13, 0, 29, 527.06
1570564593, 2, 2214, 2358, 1589, 1, 6.22%, 13, 0, 29, 515.85
1570564599, 2, 2214, 2361, 1592, 1, 6.22%, 13, 0, 29, 531.51
1570564604, 2, 2214, 2364, 1595, 1, 6.22%, 13, 0, 29, 533.18
1570564609, 2, 2214, 2366, 1597, 1, 6.22%, 13, 0, 29, 542.13
1570564614, 2, 2214, 2369, 1600, 1, 6.22%, 13, 0, 29, 512.89
1570564619, 2, 2214, 2372, 1603, 1, 6.22%, 13, 0, 29, 522.15
1570564624, 2, 2279, 2373, 1603, 1, 6.22%, 13, 0, 29, 1529.80
1570564691, 2, 2373, 2374, 1603, 1, 6.23%, 13, 0, 29, 1958.82
1570564752, 3, 32, 2375, 1602, 0, 6.23%, 13, 0, 29, 92.56
1570564757, 3, 46, 2375, 1601, 0, 6.23%, 13, 0, 29, 2788.88
1570564762, 3, 53, 2375, 1600, 0, 6.23%, 13, 0, 29, 2724.47
1570564767, 3, 73, 2376, 1599, 0, 6.23%, 13, 0, 29, 2079.21
1570564772, 3, 77, 2376, 1598, 0, 6.23%, 13, 0, 29, 2761.44
1570564777, 3, 93, 2376, 1596, 0, 6.23%, 13, 0, 29, 3125.70
1570564782, 3, 97, 2376, 1595, 0, 6.23%, 13, 0, 29, 3032.20
1570564788, 3, 108, 2376, 1594, 0, 6.23%, 13, 0, 29, 2840.35
1570564798, 3, 115, 2376, 1593, 0, 6.23%, 13, 0, 29, 76.92
1570564813, 3, 120, 2376, 1592, 0, 6.23%, 13, 0, 29, 1105.00
1570564823, 3, 122, 2376, 1591, 0, 6.23%, 13, 0, 29, 508.85
1570564839, 3, 124, 2376, 1590, 0, 6.23%, 13, 0, 29, 78.82
1570564849, 3, 130, 2376, 1589, 0, 6.23%, 13, 0, 29, 1619.19
1570564885, 3, 137, 2376, 1588, 0, 6.23%, 13, 0, 29, 77.32
1570564895, 3, 138, 2376, 1587, 0, 6.23%, 13, 0, 29, 445.89
1570564921, 3, 146, 2376, 1586, 0, 6.23%, 13, 0, 29, 398.21
1570564937, 3, 160, 2376, 1585, 0, 6.23%, 13, 0, 29, 72.85
1570564947, 3, 161, 2376, 1584, 0, 6.23%, 13, 0, 29, 2262.53
1570564957, 3, 163, 2376, 1583, 0, 6.23%, 13, 0, 29, 2055.34
1570564967, 3, 169, 2376, 1582, 0, 6.23%, 13, 0, 29, 1209.87
1570564988, 3, 170, 2376, 1581, 0, 6.23%, 13, 0, 29, 188.75
1570565070, 3, 177, 2376, 1579, 0, 6.23%, 13, 0, 29, 338.54
1570565111, 3, 180, 2376, 1578, 0, 6.23%, 13, 0, 29, 800.00
1570565121, 3, 186, 2376, 1577, 0, 6.23%, 13, 0, 29, 1367.97
1570565137, 3, 191, 2376, 1576, 0, 6.23%, 13, 0, 29, 78.49
1570565147, 3, 197, 2376, 1575, 0, 6.23%, 13, 0, 29, 1378.50
1570565157, 3, 199, 2376, 1574, 0, 6.23%, 13, 0, 29, 279.24
1570565213, 3, 200, 2376, 1573, 0, 6.23%, 13, 0, 29, 1386.44
1570565224, 3, 211, 2376, 1572, 0, 6.23%, 13, 0, 29, 72.73
1570565234, 3, 216, 2376, 1571, 0, 6.23%, 13, 0, 29, 193.85
1570565274, 3, 217, 2376, 1570, 0, 6.23%, 13, 0, 29, 72.42
1570565300, 3, 235, 2376, 1569, 0, 6.23%, 13, 0, 29, 287.03
1570565473, 3, 238, 2376, 1568, 0, 6.23%, 13, 0, 29, 74.67
1570565483, 3, 240, 2376, 1567, 0, 6.23%, 13, 0, 29, 1319.47
1570565509, 3, 273, 2376, 1566, 0, 6.23%, 13, 0, 29, 3067.51
1570565514, 3, 277, 2376, 1565, 0, 6.23%, 13, 0, 29, 3009.37
1570565519, 3, 285, 2376, 1563, 0, 6.23%, 13, 0, 29, 2935.35
1570565524, 3, 286, 2376, 1562, 0, 6.23%, 13, 0, 29, 3021.43
1570565529, 3, 287, 2376, 1561, 0, 6.23%, 13, 0, 29, 3018.82
1570565535, 3, 296, 2377, 1561, 0, 6.23%, 13, 0, 29, 2761.34
1570565540, 3, 298, 2377, 1560, 0, 6.23%, 13, 0, 29, 2969.62
1570565545, 3, 314, 2377, 1557, 0, 6.23%, 13, 0, 29, 2809.18
1570565550, 3, 328, 2377, 1556, 0, 6.23%, 13, 0, 29, 1070.00
1570565560, 3, 333, 2377, 1555, 0, 6.23%, 13, 0, 29, 2593.32
1570565565, 3, 337, 2377, 1555, 0, 6.23%, 13, 0, 29, 1204.82
1570565580, 3, 342, 2377, 1554, 0, 6.23%, 13, 0, 29, 1197.81
1570565596, 3, 343, 2377, 1553, 0, 6.23%, 13, 0, 29, 2649.96
1570565606, 3, 345, 2377, 1551, 0, 6.23%, 13, 0, 29, 2552.24
1570565621, 3, 350, 2377, 1550, 0, 6.23%, 13, 0, 29, 191.84
1570565673, 3, 384, 2377, 1549, 0, 6.23%, 13, 0, 29, 77.40
1570565683, 3, 390, 2377, 1548, 0, 6.23%, 13, 0, 29, 1019.09
1570565703, 3, 392, 2377, 1547, 0, 6.23%, 13, 0, 29, 91.67
1570565718, 3, 404, 2377, 1546, 0, 6.23%, 13, 0, 29, 486.35
1570565734, 3, 409, 2377, 1545, 0, 6.23%, 13, 0, 29, 73.17
1570565744, 3, 414, 2377, 1544, 0, 6.23%, 13, 0, 29, 2037.16
1570565760, 3, 420, 2377, 1543, 0, 6.23%, 13, 0, 29, 108.18
1570565775, 3, 436, 2377, 1542, 0, 6.23%, 13, 0, 29, 74.74
1570565791, 3, 440, 2377, 1541, 0, 6.23%, 13, 0, 29, 75.87
1570565806, 3, 442, 2377, 1540, 0, 6.23%, 13, 0, 29, 74.63
1570565816, 3, 447, 2377, 1539, 0, 6.23%, 13, 0, 29, 618.73
1570565831, 3, 452, 2377, 1538, 0, 6.23%, 13, 0, 29, 75.76
1570565847, 3, 458, 2377, 1537, 0, 6.23%, 13, 0, 29, 2790.00
1570565857, 3, 463, 2377, 1536, 0, 6.23%, 13, 0, 29, 1407.96
1570565873, 3, 475, 2377, 1535, 0, 6.23%, 13, 0, 29, 77.92
1570565883, 3, 482, 2377, 1533, 0, 6.23%, 13, 0, 29, 199.40
1570565960, 3, 483, 2377, 1532, 0, 6.23%, 13, 0, 29, 76.49
1570565975, 3, 497, 2377, 1530, 0, 6.23%, 13, 0, 29, 76.46
1570565991, 3, 498, 2377, 1529, 0, 6.23%, 13, 0, 29, 72.92
1570566001, 3, 501, 2377, 1528, 0, 6.23%, 13, 0, 29, 1322.56
1570566017, 3, 504, 2377, 1527, 0, 6.23%, 13, 0, 29, 1000.00
1570566027, 3, 507, 2377, 1526, 0, 6.23%, 13, 0, 29, 1566.03
1570566042, 3, 513, 2377, 1525, 0, 6.23%, 13, 0, 29, 248.78
1570566185, 3, 514, 2377, 1524, 0, 6.23%, 13, 0, 29, 494.78
1570566201, 3, 519, 2377, 1523, 0, 6.23%, 13, 0, 29, 98.77
1570566211, 3, 520, 2377, 1522, 0, 6.23%, 13, 0, 29, 1564.86
1570566226, 3, 539, 2377, 1521, 0, 6.23%, 13, 0, 29, 699.57
1570566242, 3, 540, 2377, 1520, 0, 6.23%, 13, 0, 29, 70.27
1570566252, 3, 541, 2377, 1519, 0, 6.23%, 13, 0, 29, 1656.19
1570566267, 3, 543, 2377, 1518, 0, 6.23%, 13, 0, 29, 1503.11
1570566287, 3, 547, 2377, 1517, 0, 6.23%, 13, 0, 29, 1234.59
1570566318, 3, 549, 2377, 1516, 0, 6.23%, 13, 0, 29, 871.15
1570566328, 3, 551, 2377, 1515, 0, 6.23%, 13, 0, 29, 998.09
1570566344, 3, 555, 2377, 1514, 0, 6.23%, 13, 0, 29, 2048.11
1570566354, 3, 562, 2377, 1513, 0, 6.23%, 13, 0, 29, 897.95
1570566374, 3, 565, 2377, 1512, 0, 6.23%, 13, 0, 29, 1010.60
1570566384, 3, 570, 2377, 1511, 0, 6.23%, 13, 0, 29, 1675.32
1570566405, 3, 571, 2377, 1510, 0, 6.23%, 13, 0, 29, 1306.29
1570566425, 3, 578, 2377, 1509, 0, 6.23%, 13, 0, 29, 199.07
1570566476, 3, 584, 2377, 1508, 0, 6.23%, 13, 0, 29, 1633.05
1570566492, 3, 605, 2377, 1507, 0, 6.23%, 13, 0, 29, 1414.79
1570566518, 3, 606, 2377, 1506, 0, 6.23%, 13, 0, 29, 1449.05
1570566543, 3, 607, 2377, 1505, 0, 6.23%, 13, 0, 29, 1426.77
1570566573, 3, 622, 2377, 1504, 0, 6.23%, 13, 0, 29, 1398.18
1570566594, 3, 624, 2377, 1503, 0, 6.23%, 13, 0, 29, 330.47
1570566681, 3, 627, 2377, 1502, 0, 6.23%, 13, 0, 29, 914.66
1570566712, 3, 629, 2377, 1501, 0, 6.23%, 13, 0, 29, 76.32
1570566732, 3, 635, 2377, 1500, 0, 6.23%, 13, 0, 29, 1469.95
1570566768, 3, 636, 2377, 1499, 0, 6.23%, 13, 0, 29, 1155.23
1570566809, 3, 637, 2377, 1498, 0, 6.23%, 13, 0, 29, 1306.86
1570566835, 3, 638, 2377, 1497, 0, 6.23%, 13, 0, 29, 1280.00
1570566860, 3, 647, 2377, 1496, 0, 6.23%, 13, 0, 29, 1463.97
1570566891, 3, 649, 2377, 1495, 0, 6.23%, 13, 0, 29, 1338.79
1570566911, 3, 654, 2377, 1494, 0, 6.23%, 13, 0, 29, 206.19
1570566942, 3, 661, 2377, 1493, 0, 6.23%, 13, 0, 29, 1256.15
1570566973, 3, 662, 2377, 1492, 0, 6.23%, 13, 0, 29, 1487.55
1570566998, 3, 663, 2377, 1491, 0, 6.23%, 13, 0, 29, 1531.91
1570567024, 3, 665, 2377, 1490, 0, 6.23%, 13, 0, 29, 1411.38
1570567050, 3, 666, 2377, 1489, 0, 6.23%, 13, 0, 29, 1131.15
1570567080, 3, 678, 2377, 1488, 0, 6.23%, 13, 0, 29, 1478.29
1570567111, 3, 680, 2377, 1487, 0, 6.23%, 13, 0, 29, 1472.16
1570567141, 3, 681, 2377, 1486, 0, 6.23%, 13, 0, 29, 1440.76
1570567167, 3, 683, 2377, 1485, 0, 6.23%, 13, 0, 29, 1564.30
1570567192, 3, 684, 2377, 1484, 0, 6.23%, 13, 0, 29, 1506.75
1570567223, 3, 688, 2377, 1483, 0, 6.23%, 13, 0, 29, 1471.36
1570567249, 3, 693, 2380, 1485, 0, 6.23%, 13, 0, 29, 1600.36
1570567254, 3, 694, 2380, 1485, 0, 6.23%, 13, 0, 29, 1610.14
1570567279, 3, 695, 2380, 1484, 0, 6.23%, 13, 0, 29, 1490.01
1570567305, 3, 697, 2380, 1483, 0, 6.23%, 13, 0, 29, 690.00
1570567325, 3, 707, 2380, 1482, 0, 6.23%, 13, 0, 29, 709.11
1570567345, 3, 716, 2380, 1481, 0, 6.23%, 13, 0, 29, 1541.48
1570567371, 3, 719, 2380, 1480, 0, 6.23%, 13, 0, 29, 202.97
1570567509, 3, 720, 2380, 1479, 0, 6.23%, 13, 0, 29, 1671.84
1570567535, 3, 730, 2380, 1478, 0, 6.23%, 13, 0, 29, 1306.22
1570567566, 3, 731, 2380, 1477, 0, 6.23%, 13, 0, 29, 233.77
1570567591, 3, 733, 2380, 1476, 0, 6.23%, 13, 0, 29, 1402.54
1570567616, 3, 738, 2380, 1475, 0, 6.23%, 13, 0, 29, 1410.92
1570567662, 3, 762, 2381, 1475, 0, 6.23%, 13, 0, 29, 1385.00
1570567668, 3, 765, 2381, 1473, 0, 6.23%, 13, 0, 29, 2542.87
1570567673, 3, 803, 2381, 1472, 0, 6.23%, 13, 0, 29, 2942.65
1570567678, 3, 830, 2381, 1470, 0, 6.23%, 13, 0, 29, 1334.61
1570567694, 3, 842, 2381, 1469, 0, 6.23%, 13, 0, 29, 76.73
1570567714, 3, 849, 2381, 1468, 0, 6.23%, 13, 0, 29, 77.60
1570567729, 3, 860, 2381, 1467, 0, 6.23%, 13, 0, 29, 237.58
1570567735, 3, 863, 2381, 1467, 0, 6.23%, 13, 0, 29, 710.00
1570567750, 3, 864, 2381, 1466, 0, 6.23%, 13, 0, 29, 277.58
1570567811, 3, 866, 2381, 1465, 0, 6.23%, 13, 0, 29, 2110.30
1570567821, 3, 866, 2383, 1467, 0, 6.23%, 13, 0, 29, 48.46
1570567832, 3, 871, 2383, 1466, 0, 6.23%, 13, 0, 29, 285.57
1570567945, 3, 876, 2384, 1466, 0, 6.23%, 13, 0, 29, 180.30
1570567965, 3, 883, 2384, 1465, 0, 6.23%, 13, 0, 29, 2269.18
1570567971, 3, 883, 2385, 1466, 0, 6.23%, 13, 0, 29, 49.65
1570567981, 3, 883, 2387, 1468, 0, 6.23%, 13, 0, 29, 2336.71
1570567986, 3, 890, 2388, 1468, 0, 6.23%, 13, 0, 29, 70.62
1570568002, 3, 895, 2388, 1467, 0, 6.23%, 13, 0, 29, 1380.00
1570568017, 3, 899, 2388, 1466, 0, 6.23%, 13, 0, 29, 75.99
1570568037, 3, 902, 2388, 1465, 0, 6.23%, 13, 0, 29, 74.07
1570568043, 3, 902, 2389, 1466, 0, 6.23%, 13, 0, 29, 1330.40
1570568063, 3, 905, 2389, 1465, 0, 6.23%, 13, 0, 29, 223.54
1570568140, 3, 908, 2389, 1464, 0, 6.23%, 13, 0, 29, 2557.21
1570568160, 3, 909, 2389, 1463, 0, 6.23%, 13, 0, 29, 176.05
1570568252, 3, 910, 2389, 1462, 0, 6.23%, 13, 0, 29, 1663.83
1570568268, 3, 921, 2389, 1461, 0, 6.23%, 13, 0, 29, 2012.88
1570568273, 3, 921, 2390, 1462, 0, 6.23%, 13, 0, 29, 1649.63
1570568288, 3, 943, 2390, 1461, 0, 6.23%, 13, 0, 29, 158.82
1570568304, 3, 944, 2390, 1460, 0, 6.23%, 13, 0, 29, 76.92
1570568320, 3, 949, 2390, 1459, 0, 6.23%, 13, 0, 29, 78.12
1570568335, 3, 960, 2390, 1458, 0, 6.23%, 13, 0, 29, 76.12
1570568345, 3, 968, 2390, 1457, 0, 6.23%, 13, 0, 29, 506.15
1570568366, 3, 972, 2390, 1456, 0, 6.23%, 13, 0, 29, 1214.61
1570568376, 3, 978, 2390, 1455, 0, 6.23%, 13, 0, 29, 781.75
1570568386, 3, 987, 2390, 1454, 0, 6.23%, 13, 0, 29, 514.25
1570568402, 3, 990, 2390, 1453, 0, 6.23%, 13, 0, 29, 464.50
1570568417, 3, 992, 2390, 1452, 0, 6.23%, 13, 0, 29, 410.95
1570568422, 3, 992, 2391, 1453, 0, 6.23%, 13, 0, 29, 1149.10
1570568433, 3, 993, 2391, 1452, 0, 6.23%, 13, 0, 29, 1211.35
1570568438, 3, 993, 2392, 1453, 0, 6.23%, 13, 0, 29, 1361.45
1570568453, 3, 994, 2392, 1452, 0, 6.23%, 13, 0, 29, 73.10
1570568468, 3, 996, 2392, 1451, 0, 6.23%, 13, 0, 29, 76.72
1570568484, 3, 998, 2392, 1450, 0, 6.23%, 13, 0, 29, 74.28
1570568499, 3, 1007, 2392, 1449, 0, 6.23%, 13, 0, 29, 73.95
1570568514, 3, 1012, 2392, 1448, 0, 6.23%, 13, 0, 29, 400.00
1570568530, 3, 1014, 2392, 1447, 0, 6.23%, 13, 0, 29, 1337.13
1570568545, 3, 1018, 2393, 1447, 0, 6.23%, 13, 0, 29, 1062.86
1570568566, 3, 1025, 2394, 1447, 0, 6.23%, 13, 0, 29, 245.21
1570568587, 3, 1033, 2395, 1447, 0, 6.23%, 13, 0, 29, 131.31
1570568602, 3, 1045, 2395, 1446, 0, 6.23%, 13, 0, 29, 1830.85
1570568623, 3, 1046, 2395, 1445, 0, 6.23%, 13, 0, 29, 1406.45
1570568638, 3, 1047, 2395, 1444, 0, 6.23%, 13, 0, 29, 1705.09
1570568654, 3, 1050, 2396, 1444, 0, 6.23%, 13, 0, 29, 1918.86
1570568674, 3, 1051, 2396, 1443, 0, 6.23%, 13, 0, 29, 247.27
1570568695, 3, 1053, 2396, 1442, 0, 6.23%, 13, 0, 29, 955.00
1570568705, 3, 1057, 2396, 1441, 0, 6.23%, 13, 0, 29, 941.54
1570568741, 3, 1064, 2396, 1440, 0, 6.23%, 13, 0, 29, 1250.52
1570568771, 3, 1066, 2396, 1439, 0, 6.23%, 13, 0, 29, 1565.34
1570568792, 3, 1068, 2396, 1438, 0, 6.23%, 13, 0, 29, 1515.44
1570568818, 3, 1072, 2396, 1437, 0, 6.23%, 13, 0, 29, 1528.95
1570568838, 3, 1073, 2396, 1436, 0, 6.23%, 13, 0, 29, 1469.12
1570568858, 3, 1073, 2397, 1437, 0, 6.23%, 13, 0, 29, 1766.98
1570568864, 3, 1077, 2397, 1436, 0, 6.23%, 13, 0, 29, 1536.42
1570568889, 3, 1080, 2397, 1435, 0, 6.23%, 13, 0, 29, 1474.00
1570568915, 3, 1081, 2397, 1434, 0, 6.23%, 13, 0, 29, 1476.87
1570568935, 3, 1087, 2397, 1433, 0, 6.23%, 13, 0, 29, 1508.47
1570568961, 3, 1092, 2397, 1432, 0, 6.23%, 13, 0, 29, 1359.88
1570569007, 3, 1093, 2399, 1433, 0, 6.23%, 13, 0, 29, 1334.54
1570569017, 3, 1096, 2399, 1432, 0, 6.23%, 13, 0, 29, 526.13
1570569038, 3, 1101, 2399, 1431, 0, 6.23%, 13, 0, 29, 1609.97
1570569058, 3, 1104, 2399, 1430, 0, 6.23%, 13, 0, 29, 1575.19
1570569089, 3, 1105, 2399, 1429, 0, 6.23%, 13, 0, 29, 291.97
1570569109, 3, 1113, 2399, 1428, 0, 6.23%, 13, 0, 29, 1611.06
1570569160, 3, 1115, 2399, 1427, 0, 6.23%, 13, 0, 29, 78.49
1570569181, 3, 1117, 2399, 1426, 0, 6.23%, 13, 0, 29, 1397.02
1570569211, 3, 1118, 2399, 1425, 0, 6.23%, 13, 0, 29, 1499.72
1570569227, 3, 1131, 2399, 1424, 0, 6.23%, 13, 0, 29, 1695.66
1570569232, 3, 1190, 2400, 1424, 0, 6.23%, 13, 0, 29, 2960.20
1570569237, 3, 1205, 2402, 1424, 0, 6.23%, 13, 0, 29, 609.39
1570569252, 3, 1211, 2403, 1424, 0, 6.23%, 13, 0, 29, 73.06
1570569263, 3, 1216, 2403, 1423, 0, 6.23%, 13, 0, 29, 108.12
1570569283, 3, 1225, 2405, 1424, 0, 6.23%, 13, 0, 29, 200.13
1570569304, 3, 1239, 2406, 1424, 0, 6.23%, 13, 0, 29, 65.42
1570569324, 3, 1240, 2407, 1424, 0, 6.23%, 13, 0, 29, 1010.00
1570569340, 3, 1240, 2410, 1427, 0, 6.23%, 13, 0, 29, 2443.25
1570569345, 3, 1242, 2411, 1427, 0, 6.23%, 13, 0, 29, 410.00
1570569350, 3, 1242, 2412, 1428, 0, 6.23%, 13, 0, 29, 42.57
1570569366, 3, 1247, 2412, 1427, 0, 6.23%, 13, 0, 29, 74.73
1570569386, 3, 1262, 2415, 1429, 0, 6.23%, 13, 0, 29, 312.41
1570569407, 3, 1264, 2417, 1430, 0, 6.23%, 13, 0, 29, 73.14
1570569417, 3, 1264, 2418, 1431, 0, 6.23%, 13, 0, 29, 2724.14
1570569422, 3, 1268, 2418, 1430, 0, 6.23%, 13, 0, 29, 2137.82
1570569427, 3, 1268, 2420, 1432, 0, 6.23%, 13, 0, 29, 1261.40
1570569432, 3, 1268, 2423, 1435, 0, 6.23%, 13, 0, 29, 920.00
1570569442, 3, 1269, 2424, 1435, 0, 6.23%, 13, 0, 29, 2047.72
1570569463, 3, 1270, 2425, 1435, 0, 6.23%, 13, 0, 29, 2474.76
1570569483, 3, 1281, 2427, 1436, 0, 6.23%, 13, 0, 29, 75.95
1570569499, 3, 1296, 2428, 1436, 0, 6.23%, 13, 0, 29, 330.71
1570569504, 3, 1305, 2428, 1436, 0, 6.23%, 13, 0, 29, 1408.97
1570569514, 3, 1306, 2428, 1435, 0, 6.23%, 13, 0, 29, 396.57
1570569530, 3, 1314, 2428, 1434, 0, 6.23%, 13, 0, 29, 69.05
1570569540, 3, 1322, 2428, 1433, 0, 6.23%, 13, 0, 29, 2391.09
1570569555, 3, 1328, 2428, 1432, 0, 6.23%, 13, 0, 29, 213.49
1570569576, 3, 1329, 2428, 1431, 0, 6.23%, 13, 0, 29, 75.29
1570569591, 3, 1330, 2428, 1430, 0, 6.23%, 13, 0, 29, 1606.60
1570569612, 3, 1331, 2428, 1429, 0, 6.23%, 13, 0, 29, 75.44
1570569627, 3, 1332, 2428, 1428, 0, 6.23%, 13, 0, 29, 1714.53
1570569648, 3, 1336, 2428, 1427, 0, 6.23%, 13, 0, 29, 75.29
1570569663, 3, 1339, 2428, 1426, 0, 6.23%, 13, 0, 29, 1713.62
1570569684, 3, 1343, 2428, 1425, 0, 6.23%, 13, 0, 29, 1676.92
1570569709, 3, 1351, 2428, 1424, 0, 6.23%, 13, 0, 29, 1478.15
1570569719, 3, 1354, 2428, 1423, 0, 6.23%, 13, 0, 29, 1580.00
1570569740, 3, 1361, 2428, 1422, 0, 6.23%, 13, 0, 29, 81.58
1570569760, 3, 1362, 2429, 1422, 0, 6.23%, 13, 0, 29, 75.65
1570569781, 3, 1368, 2429, 1421, 0, 6.23%, 13, 0, 29, 76.52
1570569802, 3, 1373, 2429, 1420, 0, 6.23%, 13, 0, 29, 1532.15
1570569827, 3, 1373, 2431, 1422, 0, 6.23%, 13, 0, 29, 1336.49
1570569832, 3, 1373, 2434, 1425, 0, 6.23%, 13, 0, 29, 1461.44
1570569837, 3, 1373, 2437, 1428, 0, 6.23%, 13, 0, 29, 1449.11
1570569842, 3, 1375, 2437, 1427, 0, 6.23%, 13, 0, 29, 221.62
1570569857, 3, 1383, 2437, 1426, 0, 6.23%, 13, 0, 29, 565.98
1570569883, 3, 1397, 2438, 1426, 0, 6.23%, 13, 0, 29, 1166.44
1570569908, 3, 1404, 2438, 1425, 0, 6.23%, 13, 0, 29, 164.71
1570569923, 3, 1406, 2438, 1424, 0, 6.23%, 13, 0, 29, 70.25
1570569939, 3, 1428, 2438, 1423, 0, 6.23%, 13, 0, 29, 1854.59
1570569944, 3, 1445, 2438, 1422, 0, 6.23%, 13, 0, 29, 76.54
1570569965, 3, 1448, 2438, 1421, 0, 6.23%, 13, 0, 29, 71.66
1570569985, 3, 1456, 2438, 1420, 0, 6.23%, 13, 0, 29, 815.67
1570570006, 3, 1462, 2438, 1419, 0, 6.23%, 13, 0, 29, 86.15
1570570026, 3, 1465, 2438, 1418, 0, 6.23%, 13, 0, 29, 196.08
1570570047, 3, 1468, 2438, 1417, 0, 6.23%, 13, 0, 29, 883.47
1570570068, 3, 1471, 2438, 1416, 0, 6.23%, 13, 0, 29, 2625.00
1570570088, 3, 1474, 2438, 1415, 0, 6.23%, 13, 0, 29, 75.90
1570570109, 3, 1476, 2438, 1414, 0, 6.23%, 13, 0, 29, 823.26
1570570124, 3, 1477, 2438, 1413, 0, 6.23%, 13, 0, 29, 438.31
1570570129, 3, 1477, 2439, 1414, 0, 6.23%, 13, 0, 29, 1104.75
1570570145, 3, 1480, 2439, 1413, 0, 6.23%, 13, 0, 29, 2480.20
1570570165, 3, 1485, 2439, 1412, 0, 6.23%, 13, 0, 29, 777.34
1570570190, 3, 1492, 2439, 1411, 0, 6.23%, 13, 0, 29, 96.77
1570570196, 3, 1498, 2440, 1412, 0, 6.23%, 13, 0, 29, 125.85
1570570211, 3, 1499, 2440, 1411, 0, 6.23%, 13, 0, 29, 1857.57
1570570232, 3, 1509, 2441, 1411, 0, 6.23%, 13, 0, 29, 79.56
1570570247, 3, 1510, 2441, 1410, 0, 6.23%, 13, 0, 29, 979.69
1570570273, 3, 1514, 2444, 1412, 0, 6.23%, 13, 0, 29, 1222.83
1570570278, 3, 1514, 2445, 1413, 0, 6.23%, 13, 0, 29, 1563.75
1570570298, 3, 1521, 2447, 1414, 0, 6.23%, 13, 0, 29, 331.04
1570570319, 3, 1522, 2447, 1413, 0, 6.23%, 13, 0, 29, 250.00
1570570340, 3, 1529, 2447, 1412, 0, 6.23%, 13, 0, 29, 1593.49
1570570366, 3, 1535, 2448, 1412, 0, 6.23%, 13, 0, 29, 1329.66
1570570376, 3, 1535, 2450, 1414, 0, 6.24%, 13, 0, 29, 1152.21
1570570397, 3, 1654, 2451, 1414, 2, 6.24%, 13, 0, 29, 1205.02
1570570438, 3, 2104, 2452, 1414, 2, 6.24%, 13, 0, 29, 1546.99
1570570443, 3, 2447, 2452, 1413, 2, 6.24%, 13, 0, 29, 655.64
1570570473, 3, 2447, 2456, 1417, 2, 6.24%, 13, 0, 29, 1274.88
1570570478, 3, 2447, 2459, 1420, 2, 6.24%, 13, 0, 29, 1321.16
1570570483, 3, 2447, 2463, 1424, 2, 6.24%, 13, 0, 29, 1333.75
1570570489, 3, 2449, 2466, 1426, 1, 6.24%, 13, 0, 29, 1178.79
1570570499, 3, 2449, 2467, 1427, 1, 6.24%, 13, 0, 29, 49.53
1570570519, 3, 2449, 2475, 1435, 1, 6.24%, 13, 0, 29, 1325.76
1570570524, 3, 2449, 2478, 1438, 1, 6.24%, 13, 0, 29, 1456.34
1570570530, 3, 2465, 2478, 1437, 1, 6.24%, 13, 0, 29, 1230.96
1570570560, 3, 2470, 2478, 1436, 0, 6.24%, 13, 0, 29, 1196.28
1570570626, 3, 2470, 2479, 1437, 0, 6.24%, 13, 0, 29, 1068.92
1570570631, 3, 2471, 2479, 1436, 0, 6.24%, 13, 0, 29, 74.63
1570570662, 3, 2471, 2483, 1440, 0, 6.24%, 13, 0, 29, 1311.93
1570570667, 3, 2471, 2486, 1443, 0, 6.24%, 13, 0, 29, 1361.00
1570570672, 3, 2471, 2488, 1445, 0, 6.24%, 13, 0, 29, 1295.88
1570570677, 3, 2473, 2491, 1447, 0, 6.24%, 13, 0, 29, 1232.76
1570570682, 3, 2473, 2493, 1449, 0, 6.24%, 13, 0, 29, 516.73
1570574486, 3, 2473, 2497, 1453, 0, 6.24%, 13, 0, 29, 320.88
1570574491, 3, 2473, 2499, 1455, 0, 6.24%, 13, 0, 29, 332.61
1570574496, 3, 2473, 2500, 1456, 0, 6.24%, 13, 0, 29, 333.53
1570574501, 3, 2473, 2502, 1458, 0, 6.24%, 13, 0, 29, 338.67
1570574506, 3, 2473, 2503, 1459, 0, 6.24%, 13, 0, 29, 343.81
1570574517, 3, 2473, 2504, 1460, 0, 6.24%, 13, 0, 29, 345.26
1570574522, 3, 2473, 2505, 1461, 0, 6.24%, 13, 0, 29, 332.90
1570574542, 3, 2473, 2506, 1462, 0, 6.24%, 13, 0, 29, 346.36
1570574547, 3, 2476, 2507, 1462, 0, 6.24%, 13, 0, 29, 667.94
1570574588, 3, 2476, 2508, 1463, 0, 6.24%, 13, 0, 29, 1037.95
1570574608, 3, 2476, 2516, 1471, 0, 6.24%, 13, 0, 29, 1146.46
1570574613, 3, 2476, 2518, 1473, 0, 6.24%, 13, 0, 29, 1198.84
1570574618, 3, 2476, 2523, 1478, 0, 6.24%, 13, 0, 29, 1208.22
1570574623, 3, 2476, 2524, 1479, 0, 6.24%, 13, 0, 29, 1186.58
1570574628, 3, 2476, 2526, 1481, 0, 6.24%, 13, 0, 29, 1219.42
1570574634, 3, 2478, 2527, 1481, 0, 6.24%, 13, 0, 29, 763.70
1570575957, 3, 2478, 2529, 1483, 0, 6.24%, 13, 0, 29, 524.33
1570575962, 3, 2478, 2534, 1488, 0, 6.24%, 13, 0, 29, 522.58
1570575967, 3, 2478, 2536, 1490, 0, 6.24%, 13, 0, 29, 533.14
1570575972, 3, 2478, 2539, 1493, 0, 6.24%, 13, 0, 29, 545.30
1570575977, 3, 2478, 2542, 1496, 0, 6.24%, 13, 0, 29, 536.31
1570575982, 3, 2478, 2543, 1497, 0, 6.24%, 13, 0, 29, 557.89
1570575992, 3, 2478, 2545, 1499, 0, 6.24%, 13, 0, 29, 539.95
1570576002, 3, 2478, 2546, 1500, 0, 6.24%, 13, 0, 29, 542.61
1570576008, 3, 2481, 2546, 1499, 0, 6.24%, 13, 0, 29, 751.99
1570576134, 3, 2481, 2551, 1504, 0, 6.24%, 13, 0, 29, 917.88
1570576139, 3, 2481, 2553, 1506, 0, 6.24%, 13, 0, 29, 939.41
1570576145, 3, 2481, 2557, 1510, 0, 6.24%, 13, 0, 29, 888.06
1570576150, 3, 2481, 2562, 1515, 0, 6.24%, 13, 0, 29, 934.79
1570576155, 3, 2481, 2568, 1521, 0, 6.24%, 13, 0, 29, 948.62
1570576160, 3, 2491, 2569, 1521, 0, 6.24%, 13, 0, 29, 678.81
1570577928, 3, 2493, 2569, 1520, 0, 6.24%, 13, 0, 29, 463.08
1570590827, 3, 2496, 2569, 1519, 0, 6.24%, 13, 0, 29, 216.91
1570591274, 3, 2496, 2573, 1523, 0, 6.24%, 13, 0, 29, 477.78
1570591279, 3, 2496, 2575, 1525, 0, 6.24%, 13, 0, 29, 534.45
1570591285, 3, 2496, 2576, 1526, 0, 6.24%, 13, 0, 29, 556.38
1570591290, 3, 2496, 2578, 1528, 0, 6.24%, 13, 0, 29, 557.98
1570591305, 3, 2496, 2579, 1529, 0, 6.25%, 13, 0, 29, 540.31
1570591310, 3, 2496, 2580, 1530, 0, 6.25%, 13, 0, 29, 561.60
1570591315, 3, 2580, 2581, 1529, 1, 6.26%, 13, 0, 29, 3007.62
1570591320, 4, 21, 2581, 1527, 0, 6.26%, 13, 0, 29, 278.11
1570591325, 4, 42, 2581, 1526, 0, 6.26%, 13, 0, 29, 2855.21
1570591330, 4, 75, 2581, 1524, 0, 6.26%, 13, 0, 29, 2990.67
1570591335, 4, 94, 2582, 1523, 0, 6.26%, 13, 0, 29, 3008.75
1570591341, 4, 104, 2582, 1522, 0, 6.26%, 13, 0, 29, 77.68
1570591351, 4, 106, 2582, 1521, 0, 6.26%, 13, 0, 29, 2361.83
1570591366, 4, 128, 2582, 1519, 0, 6.26%, 13, 0, 29, 124.73
1570591382, 4, 136, 2582, 1518, 0, 6.26%, 13, 0, 29, 1348.85
1570591392, 4, 179, 2582, 1515, 0, 6.26%, 13, 0, 29, 76.56
1570591408, 4, 190, 2582, 1514, 0, 6.26%, 13, 0, 29, 1308.61
1570591423, 4, 193, 2582, 1513, 0, 6.26%, 13, 0, 29, 73.19
1570591439, 4, 205, 2582, 1512, 0, 6.26%, 13, 0, 29, 75.53
1570591454, 4, 206, 2582, 1511, 0, 6.26%, 13, 0, 29, 177.39
1570591505, 4, 212, 2582, 1510, 0, 6.26%, 13, 0, 29, 965.00
1570591515, 4, 213, 2582, 1509, 0, 6.26%, 13, 0, 29, 165.69
1570591617, 4, 221, 2582, 1508, 0, 6.26%, 13, 0, 29, 73.06
1570591627, 4, 246, 2582, 1506, 0, 6.26%, 13, 0, 29, 1280.03
1570591632, 4, 249, 2582, 1506, 0, 6.26%, 13, 0, 29, 230.22
1570591648, 4, 264, 2582, 1505, 0, 6.26%, 13, 0, 29, 3088.48
1570591653, 4, 271, 2582, 1504, 0, 6.26%, 13, 0, 29, 2463.78
1570591658, 4, 275, 2582, 1503, 0, 6.26%, 13, 0, 29, 2873.92
1570591663, 4, 279, 2583, 1503, 0, 6.26%, 13, 0, 29, 2985.46
1570591668, 4, 290, 2584, 1503, 0, 6.26%, 13, 0, 29, 2636.37
1570591673, 4, 488, 2586, 1504, 2, 6.28%, 13, 0, 29, 1191.12
1570591683, 4, 1226, 2586, 1503, 2, 6.28%, 13, 0, 29, 2294.35
1570591704, 4, 1770, 2586, 1502, 2, 6.28%, 13, 0, 29, 1393.92
1570591725, 4, 1912, 2586, 1501, 2, 6.28%, 13, 0, 29, 1538.90
1570591746, 4, 2308, 2586, 1500, 2, 6.28%, 13, 0, 29, 167.37
1570598695, 4, 2396, 2587, 1500, 2, 6.28%, 13, 0, 29, 1315.57
1570598726, 4, 2480, 2588, 1500, 2, 6.28%, 13, 0, 29, 1211.65
1570598793, 4, 2514, 2590, 1501, 2, 6.28%, 13, 0, 29, 646.85
1570600021, 4, 2514, 2593, 1504, 2, 6.28%, 13, 0, 29, 527.46
1570600027, 4, 2514, 2594, 1505, 2, 6.28%, 13, 0, 29, 553.36
1570600032, 4, 2569, 2594, 1504, 2, 6.28%, 13, 0, 29, 525.57
1570601438, 4, 2584, 2594, 1503, 2, 6.28%, 13, 0, 29, 2448.18
1570601443, 4, 2584, 2601, 1510, 2, 6.30%, 13, 0, 29, 2838.43
1570601448, 4, 2584, 2608, 1517, 2, 6.30%, 13, 0, 29, 2913.30
1570601453, 4, 2585, 2609, 1517, 6, 6.30%, 13, 0, 29, 2932.09
1570601458, 4, 2595, 2610, 1517, 5, 6.30%, 13, 0, 29, 2899.72
1570601463, 4, 2599, 2611, 1517, 4, 6.30%, 13, 0, 29, 2861.66
1570601469, 4, 2599, 2614, 1520, 4, 6.30%, 13, 0, 29, 2865.98
1570601479, 4, 2599, 2622, 1528, 4, 6.31%, 13, 0, 29, 2892.10
1570601484, 4, 2599, 2631, 1537, 4, 6.32%, 13, 0, 29, 2922.48
1570601489, 4, 2600, 2635, 1540, 7, 6.32%, 13, 0, 29, 2869.57
1570601499, 4, 2601, 2637, 1541, 6, 6.32%, 13, 0, 29, 2890.43
1570601504, 4, 2606, 2637, 1540, 6, 6.32%, 13, 0, 29, 2816.98
1570601514, 4, 2606, 2638, 1541, 6, 6.32%, 13, 0, 29, 2887.51
1570601561, 4, 2609, 2639, 1541, 6, 6.32%, 13, 0, 29, 2869.52
1570601566, 4, 2615, 2639, 1540, 5, 6.32%, 13, 0, 29, 2821.01
1570601581, 4, 2622, 2641, 1541, 4, 6.32%, 13, 0, 29, 2770.77
1570601596, 4, 2628, 2643, 1542, 3, 6.32%, 13, 0, 29, 2781.65
1570601719, 4, 2628, 2653, 1552, 3, 6.33%, 13, 0, 29, 2093.57
1570601725, 4, 2630, 2654, 1552, 4, 6.33%, 13, 0, 29, 2288.74
1570601730, 4, 2630, 2655, 1553, 4, 6.33%, 13, 0, 29, 2536.91
1570601735, 4, 2630, 2656, 1554, 4, 6.33%, 13, 0, 29, 2625.25
1570601765, 4, 2630, 2661, 1559, 4, 6.33%, 13, 0, 29, 2654.52
1570601770, 4, 2630, 2662, 1560, 4, 6.33%, 13, 0, 29, 2782.62
1570601775, 4, 2635, 2662, 1559, 6, 6.33%, 13, 0, 29, 2844.27
1570601780, 4, 2643, 2666, 1562, 5, 6.33%, 13, 0, 29, 2684.39
1570601892, 4, 2647, 2666, 1561, 4, 6.33%, 13, 0, 29, 1569.54
1570602107, 4, 2655, 2667, 1561, 3, 6.33%, 13, 0, 29, 1936.95
1570602153, 4, 2658, 2668, 1561, 2, 6.33%, 13, 0, 29, 2452.39
1570602184, 4, 2658, 2670, 1563, 2, 6.33%, 13, 0, 29, 2398.35
1570602239, 4, 2658, 2672, 1565, 2, 6.33%, 13, 0, 29, 2404.27
1570602245, 4, 2661, 2672, 1564, 2, 6.33%, 13, 0, 29, 2791.36
1570602255, 4, 2669, 2673, 1564, 1, 6.33%, 13, 0, 29, 2419.83
1570602285, 4, 2669, 2674, 1565, 1, 6.33%, 13, 0, 29, 2360.91
1570602341, 5, 39, 2674, 1563, 0, 6.33%, 13, 0, 29, 1831.17
1570602346, 5, 50, 2674, 1562, 0, 6.33%, 13, 0, 29, 2693.90
1570602351, 5, 81, 2674, 1561, 0, 6.33%, 13, 0, 29, 2350.16
1570602356, 5, 96, 2674, 1559, 0, 6.33%, 13, 0, 29, 3043.34
1570602361, 5, 101, 2677, 1560, 0, 6.33%, 13, 0, 29, 2984.43
1570602366, 5, 107, 2677, 1560, 0, 6.33%, 13, 0, 29, 1219.60
1570602377, 5, 110, 2677, 1559, 0, 6.33%, 13, 0, 29, 393.29
1570602402, 5, 118, 2677, 1558, 0, 6.33%, 13, 0, 29, 73.39
1570602417, 5, 127, 2677, 1557, 0, 6.33%, 13, 0, 29, 799.09
1570602427, 5, 129, 2677, 1556, 0, 6.33%, 13, 0, 29, 1564.42
1570602448, 5, 131, 2677, 1555, 0, 6.33%, 13, 0, 29, 738.52
1570602453, 5, 134, 2677, 1554, 0, 6.33%, 13, 0, 29, 565.37
1570602468, 5, 149, 2677, 1553, 0, 6.33%, 13, 0, 29, 867.00
1570602478, 5, 151, 2677, 1552, 0, 6.33%, 13, 0, 29, 696.13
1570602483, 5, 157, 2677, 1552, 0, 6.33%, 13, 0, 29, 1029.85
1570602494, 5, 162, 2677, 1551, 0, 6.33%, 13, 0, 29, 946.17
1570602509, 5, 175, 2677, 1549, 0, 6.33%, 13, 0, 29, 195.15
1570602596, 5, 182, 2677, 1548, 0, 6.33%, 13, 0, 29, 1794.58
1570602612, 5, 188, 2677, 1547, 0, 6.33%, 13, 0, 29, 130.89
1570602622, 5, 215, 2677, 1546, 0, 6.33%, 13, 0, 29, 372.51
1570602638, 5, 219, 2677, 1545, 0, 6.33%, 13, 0, 29, 1793.94
1570602653, 5, 220, 2677, 1544, 0, 6.33%, 13, 0, 29, 380.60
1570602679, 5, 226, 2677, 1543, 0, 6.33%, 13, 0, 29, 363.76
1570602745, 5, 228, 2677, 1542, 0, 6.33%, 13, 0, 29, 74.88
1570602761, 5, 230, 2677, 1541, 0, 6.33%, 13, 0, 29, 49.56
1570602766, 5, 231, 2677, 1540, 0, 6.33%, 13, 0, 29, 1850.79
1570602822, 5, 234, 2677, 1539, 0, 6.33%, 13, 0, 29, 77.40
1570602838, 5, 241, 2677, 1538, 0, 6.33%, 13, 0, 29, 706.17
1570602863, 5, 242, 2677, 1537, 0, 6.33%, 13, 0, 29, 577.27
1570602878, 5, 250, 2677, 1536, 0, 6.33%, 13, 0, 29, 1084.21
1570602894, 5, 251, 2677, 1535, 0, 6.33%, 13, 0, 29, 501.26
1570602914, 5, 297, 2677, 1534, 0, 6.33%, 13, 0, 29, 3056.79
1570602919, 5, 312, 2677, 1531, 0, 6.33%, 13, 0, 29, 2699.41
1570602924, 5, 321, 2678, 1530, 0, 6.33%, 13, 0, 29, 626.03
1570602940, 5, 329, 2678, 1529, 0, 6.33%, 13, 0, 29, 830.99
1570602955, 5, 331, 2678, 1528, 0, 6.33%, 13, 0, 29, 73.14
1570602966, 5, 334, 2678, 1527, 0, 6.33%, 13, 0, 29, 602.27
1570602981, 5, 335, 2678, 1526, 0, 6.33%, 13, 0, 29, 76.28
1570602996, 5, 336, 2678, 1525, 0, 6.33%, 13, 0, 29, 1209.06
1570603007, 5, 338, 2678, 1524, 0, 6.33%, 13, 0, 29, 51.48
1570603356, 5, 347, 2678, 1523, 0, 6.33%, 13, 0, 29, 130.06
1570603448, 5, 352, 2678, 1522, 0, 6.33%, 13, 0, 29, 2408.64
1570603463, 5, 353, 2678, 1521, 0, 6.33%, 13, 0, 29, 346.88
1570603478, 5, 363, 2678, 1520, 0, 6.33%, 13, 0, 29, 519.75
1570603494, 5, 370, 2678, 1519, 0, 6.33%, 13, 0, 29, 1402.04
1570603515, 5, 371, 2678, 1518, 0, 6.33%, 13, 0, 29, 1236.40
1570603525, 5, 380, 2678, 1517, 0, 6.33%, 13, 0, 29, 1322.17
1570603540, 5, 383, 2678, 1516, 0, 6.33%, 13, 0, 29, 2304.03
1570603555, 5, 385, 2678, 1515, 0, 6.33%, 13, 0, 29, 76.34
1570603571, 5, 386, 2678, 1514, 0, 6.33%, 13, 0, 29, 78.18
1570603586, 5, 389, 2678, 1513, 0, 6.33%, 13, 0, 29, 71.25
1570603596, 5, 395, 2678, 1512, 0, 6.33%, 13, 0, 29, 1086.98
1570603612, 5, 396, 2678, 1511, 0, 6.33%, 13, 0, 29, 324.39
1570603647, 5, 401, 2678, 1510, 0, 6.33%, 13, 0, 29, 1084.54
1570603663, 5, 405, 2678, 1509, 0, 6.33%, 13, 0, 29, 76.80
1570603683, 5, 412, 2678, 1508, 0, 6.33%, 13, 0, 29, 1575.58
1570603693, 5, 413, 2678, 1507, 0, 6.33%, 13, 0, 29, 641.65
1570603709, 5, 415, 2678, 1506, 0, 6.33%, 13, 0, 29, 73.14
1570603719, 5, 435, 2678, 1505, 0, 6.33%, 13, 0, 29, 92.97
1570603724, 5, 445, 2678, 1505, 0, 6.33%, 13, 0, 29, 1485.00
1570603740, 5, 450, 2678, 1504, 0, 6.33%, 13, 0, 29, 1226.95
1570603750, 5, 451, 2678, 1503, 0, 6.33%, 13, 0, 29, 1573.97
1570603766, 5, 455, 2678, 1502, 0, 6.33%, 13, 0, 29, 107.46
1570603781, 5, 478, 2678, 1501, 0, 6.33%, 13, 0, 29, 2405.78
1570603791, 5, 489, 2678, 1500, 0, 6.33%, 13, 0, 29, 1341.90
1570603806, 5, 494, 2678, 1499, 0, 6.33%, 13, 0, 29, 90.45
1570603822, 5, 495, 2678, 1498, 0, 6.33%, 13, 0, 29, 48.95
1570603832, 5, 500, 2678, 1497, 0, 6.33%, 13, 0, 29, 1212.69
1570603842, 5, 512, 2678, 1496, 0, 6.33%, 13, 0, 29, 1442.79
1570603858, 5, 518, 2678, 1495, 0, 6.33%, 13, 0, 29, 718.18
1570603868, 5, 533, 2678, 1494, 0, 6.33%, 13, 0, 29, 149.02
1570603888, 5, 544, 2678, 1493, 0, 6.33%, 13, 0, 29, 640.00
1570603903, 5, 552, 2678, 1492, 0, 6.33%, 13, 0, 29, 371.25
1570603924, 5, 556, 2678, 1491, 0, 6.33%, 13, 0, 29, 675.53
1570603940, 5, 559, 2678, 1490, 0, 6.33%, 13, 0, 29, 184.40
1570603960, 5, 560, 2678, 1489, 0, 6.33%, 13, 0, 29, 124.17
1570604107, 5, 564, 2678, 1488, 0, 6.33%, 13, 0, 29, 76.02
1570604117, 5, 566, 2678, 1487, 0, 6.33%, 13, 0, 29, 1602.39
1570604137, 5, 582, 2678, 1486, 0, 6.33%, 13, 0, 29, 898.13
1570604153, 5, 583, 2678, 1485, 0, 6.33%, 13, 0, 29, 705.00
1570604163, 5, 595, 2678, 1484, 0, 6.33%, 13, 0, 29, 1367.55
1570604168, 5, 603, 2678, 1484, 0, 6.33%, 13, 0, 29, 1459.16
1570604194, 5, 611, 2678, 1483, 0, 6.33%, 13, 0, 29, 429.31
1570604235, 5, 618, 2678, 1482, 0, 6.33%, 13, 0, 29, 979.76
1570604281, 5, 620, 2678, 1481, 0, 6.33%, 13, 0, 29, 902.49
1570604326, 5, 621, 2678, 1480, 0, 6.33%, 13, 0, 29, 1278.35
1570604357, 5, 631, 2678, 1479, 0, 6.33%, 13, 0, 29, 112.62
1570604378, 5, 640, 2678, 1478, 0, 6.33%, 13, 0, 29, 1522.28
1570604398, 5, 645, 2678, 1477, 0, 6.33%, 13, 0, 29, 1507.60
1570604434, 5, 651, 2678, 1476, 0, 6.33%, 13, 0, 29, 1468.13
1570604460, 5, 652, 2678, 1475, 0, 6.33%, 13, 0, 29, 1364.70
1570604480, 5, 658, 2678, 1474, 0, 6.33%, 13, 0, 29, 1657.05
1570604500, 5, 659, 2678, 1473, 0, 6.33%, 13, 0, 29, 153.14
1570604526, 5, 668, 2678, 1472, 0, 6.33%, 13, 0, 29, 1523.09
1570604557, 5, 670, 2678, 1471, 0, 6.33%, 13, 0, 29, 1451.33
1570604587, 5, 671, 2678, 1470, 0, 6.33%, 13, 0, 29, 1330.84
1570604618, 5, 673, 2678, 1469, 0, 6.33%, 13, 0, 29, 1496.98
1570604643, 5, 674, 2678, 1468, 0, 6.33%, 13, 0, 29, 184.11
1570604826, 5, 675, 2678, 1467, 0, 6.33%, 13, 0, 29, 1517.75
1570604857, 5, 679, 2678, 1466, 0, 6.33%, 13, 0, 29, 1526.18
1570604893, 5, 682, 2678, 1465, 0, 6.33%, 13, 0, 29, 1456.32
1570604924, 5, 690, 2678, 1464, 0, 6.33%, 13, 0, 29, 1441.36
1570604945, 5, 693, 2678, 1463, 0, 6.33%, 13, 0, 29, 1603.53
1570604950, 5, 703, 2678, 1463, 0, 6.33%, 13, 0, 29, 1253.73
1570604976, 5, 711, 2678, 1462, 0, 6.33%, 13, 0, 29, 1511.78
1570605006, 5, 725, 2678, 1461, 0, 6.33%, 13, 0, 29, 1435.44
1570605047, 5, 727, 2678, 1460, 0, 6.33%, 13, 0, 29, 76.92
1570605073, 5, 729, 2678, 1459, 0, 6.33%, 13, 0, 29, 1349.24
1570605114, 5, 734, 2678, 1458, 0, 6.33%, 13, 0, 29, 1518.73
1570605134, 5, 736, 2678, 1457, 0, 6.33%, 13, 0, 29, 75.78
1570605165, 5, 737, 2678, 1456, 0, 6.33%, 13, 0, 29, 1230.54
1570605227, 5, 739, 2678, 1455, 0, 6.33%, 13, 0, 29, 1393.15
1570605247, 5, 746, 2678, 1454, 0, 6.33%, 13, 0, 29, 166.67
1570605252, 5, 875, 2679, 1454, 1, 6.33%, 13, 0, 29, 74.07
1570605267, 5, 1232, 2679, 1453, 1, 6.33%, 13, 0, 29, 108.79
1570605288, 5, 1458, 2679, 1452, 1, 6.33%, 13, 0, 29, 72.07
1570605309, 5, 1574, 2679, 1451, 1, 6.33%, 13, 0, 29, 1475.98
1570605335, 5, 1680, 2679, 1450, 1, 6.33%, 13, 0, 29, 1465.94
1570605355, 5, 1977, 2680, 1450, 1, 6.33%, 13, 0, 29, 264.37
1570605375, 5, 2228, 2681, 1449, 1, 6.33%, 13, 0, 29, 396.56
1570606023, 5, 2262, 2681, 1448, 1, 6.33%, 13, 0, 29, 75.93
