# unix_time, cycles_done, cur_path, paths_total, pending_total, pending_favs, map_size, unique_crashes, unique_hangs, max_depth, execs_per_sec
1572120000, 0, 0, 1, 1, 1, 1.37%, 0, 0, 1, 2000.00
1572120005, 0, 0, 61, 61, 1, 1.79%, 0, 0, 2, 2722.66
1572120021, 0, 0, 166, 166, 1, 2.10%, 0, 0, 2, 2895.97
1572120026, 0, 0, 209, 209, 1, 2.25%, 0, 0, 2, 2884.02
1572120041, 0, 0, 212, 212, 1, 2.26%, 0, 0, 2, 2893.63
1572120046, 0, 0, 219, 219, 1, 2.27%, 0, 0, 2, 2891.25
1572120062, 0, 0, 223, 223, 1, 2.31%, 0, 0, 2, 2881.37
1572120067, 0, 0, 252, 252, 1, 2.62%, 0, 0, 2, 2912.39
1572120072, 0, 0, 255, 255, 1, 2.62%, 0, 0, 2, 2889.91
1572120077, 0, 0, 266, 266, 1, 2.73%, 0, 0, 2, 2917.94
1572120082, 0, 0, 270, 270, 1, 2.74%, 0, 0, 2, 2916.38
1572120087, 0, 0, 271, 271, 1, 2.74%, 0, 0, 2, 2901.98
1572120092, 0, 0, 281, 281, 1, 2.75%, 0, 0, 2, 2937.35
1572120098, 0, 0, 282, 282, 1, 2.75%, 0, 0, 2, 2947.34
1572120103, 0, 0, 283, 283, 1, 2.75%, 0, 0, 2, 2946.52
1572120118, 0, 0, 284, 284, 1, 2.76%, 0, 0, 2, 2910.78
1572120138, 0, 0, 287, 287, 1, 2.76%, 0, 0, 2, 2792.39
1572120143, 0, 0, 291, 291, 1, 2.78%, 0, 0, 2, 2756.80
1572120148, 0, 0, 293, 293, 1, 2.81%, 0, 0, 2, 2767.84
1572120153, 0, 0, 295, 295, 1, 2.81%, 0, 0, 2, 2750.14
1572120158, 0, 0, 297, 297, 1, 2.81%, 0, 0, 2, 2773.15
1572120163, 0, 0, 298, 298, 1, 2.82%, 0, 0, 2, 2733.71
1572120168, 0, 0, 327, 327, 1, 2.85%, 0, 0, 2, 2858.19
1572120174, 0, 0, 343, 343, 1, 2.86%, 0, 0, 2, 2949.46
1572120179, 0, 9, 356, 350, 111, 2.87%, 0, 0, 2, 3080.42
1572120184, 0, 34, 357, 346, 106, 2.87%, 0, 0, 3, 2914.13
1572120199, 0, 34, 359, 348, 106, 2.87%, 0, 0, 3, 2521.78
1572120204, 0, 34, 361, 350, 106, 2.87%, 0, 0, 3, 2535.21
1572120209, 0, 34, 362, 351, 106, 2.87%, 0, 0, 3, 2551.60
1572120229, 0, 34, 363, 352, 106, 2.87%, 0, 0, 3, 2494.71
1572120269, 0, 34, 364, 353, 106, 2.87%, 0, 0, 3, 2399.91
1572120284, 0, 34, 366, 355, 106, 2.87%, 0, 0, 3, 2421.22
1572120370, 0, 66, 367, 354, 110, 2.88%, 0, 0, 3, 2406.84
1572120396, 0, 66, 368, 355, 110, 2.88%, 0, 0, 3, 2530.45
1572120462, 0, 66, 369, 356, 110, 2.88%, 0, 0, 3, 1905.03
1572120619, 0, 87, 370, 355, 110, 2.88%, 0, 0, 3, 1920.25
1572120650, 0, 87, 374, 359, 110, 2.90%, 0, 0, 3, 1673.19
1572120655, 0, 87, 376, 361, 110, 2.90%, 0, 0, 3, 1605.45
1572120685, 0, 87, 377, 362, 110, 2.90%, 0, 0, 3, 1733.77
1572120746, 0, 87, 378, 363, 110, 2.90%, 0, 0, 3, 1749.68
1572120898, 0, 87, 379, 364, 110, 2.90%, 0, 0, 3, 1843.16
1572120904, 0, 102, 379, 358, 107, 2.90%, 0, 0, 3, 2079.09
1572120909, 0, 116, 380, 358, 106, 2.94%, 0, 0, 3, 1559.92
1572120939, 0, 116, 386, 364, 106, 2.94%, 0, 0, 3, 1707.45
1572120944, 0, 116, 388, 366, 106, 2.95%, 0, 0, 3, 1604.65
1572120975, 0, 116, 392, 370, 106, 2.95%, 0, 0, 3, 1614.62
1572120980, 0, 116, 395, 373, 106, 2.96%, 0, 0, 3, 1724.99
1572121020, 0, 116, 399, 377, 106, 2.96%, 0, 0, 3, 1670.44
1572121040, 0, 116, 400, 378, 106, 2.96%, 0, 0, 3, 1604.46
1572121066, 0, 116, 401, 379, 106, 2.96%, 0, 0, 3, 1603.87
1572121198, 0, 132, 401, 374, 109, 2.96%, 0, 0, 3, 2053.23
1572121233, 0, 132, 402, 375, 109, 2.96%, 0, 0, 3, 1749.23
1572121487, 0, 140, 402, 372, 107, 2.96%, 0, 0, 3, 1891.69
1572121492, 0, 145, 403, 371, 105, 2.97%, 0, 0, 3, 1839.25
1572121522, 0, 145, 407, 375, 105, 2.97%, 0, 0, 3, 1643.85
1572121593, 0, 145, 408, 376, 105, 2.97%, 0, 0, 3, 1531.98
1572121629, 0, 145, 409, 377, 105, 2.97%, 0, 0, 3, 1686.39
1572121775, 0, 160, 410, 376, 105, 2.97%, 0, 0, 3, 1865.68
1572121781, 0, 165, 411, 376, 104, 2.97%, 0, 0, 3, 1867.99
1572121811, 0, 165, 412, 377, 104, 2.97%, 0, 0, 3, 1688.25
1572121877, 0, 165, 413, 378, 104, 2.97%, 0, 0, 3, 1636.84
1572121903, 0, 165, 414, 379, 104, 2.97%, 0, 0, 3, 1543.00
1572121908, 0, 165, 415, 380, 104, 2.97%, 0, 0, 3, 1675.54
1572122060, 0, 171, 415, 379, 106, 2.97%, 0, 0, 3, 1695.32
1572122091, 0, 171, 417, 381, 106, 2.98%, 0, 0, 3, 1613.33
1572122096, 0, 171, 418, 382, 106, 2.98%, 0, 0, 3, 1755.56
1572122172, 0, 171, 420, 384, 106, 2.98%, 0, 0, 3, 1725.61
1572122182, 0, 171, 421, 385, 106, 2.98%, 0, 0, 3, 1833.72
1572122213, 0, 171, 422, 386, 106, 2.98%, 0, 0, 3, 1680.39
1572122299, 0, 171, 423, 387, 106, 2.98%, 0, 0, 3, 1595.37
1572122344, 0, 176, 423, 385, 107, 2.98%, 0, 0, 3, 1817.97
1572122375, 0, 176, 424, 386, 107, 2.98%, 0, 0, 3, 1781.31
1572122380, 0, 176, 426, 388, 107, 2.98%, 0, 0, 3, 1831.32
1572122446, 0, 176, 427, 389, 107, 2.99%, 0, 0, 3, 2432.02
1572122451, 0, 176, 429, 391, 107, 2.99%, 0, 0, 3, 2285.91
1572122471, 0, 176, 430, 392, 107, 2.99%, 0, 0, 3, 2192.58
1572122563, 0, 181, 432, 393, 109, 2.99%, 0, 0, 3, 2240.81
1572122568, 0, 201, 433, 387, 102, 3.00%, 0, 0, 3, 2302.79
1572122594, 0, 201, 439, 393, 102, 3.00%, 0, 0, 3, 2484.00
1572122645, 0, 201, 440, 394, 102, 3.00%, 0, 0, 3, 2096.34
1572122655, 0, 201, 442, 396, 102, 3.02%, 0, 0, 3, 2160.05
1572122776, 0, 209, 444, 397, 104, 3.02%, 0, 0, 3, 2514.74
1572122797, 0, 209, 450, 403, 104, 3.03%, 0, 0, 3, 2288.98
1572122979, 0, 209, 451, 404, 104, 3.03%, 0, 0, 3, 2334.53
1572122989, 0, 217, 451, 401, 105, 3.03%, 0, 0, 3, 2607.94
1572122994, 0, 221, 452, 400, 103, 3.03%, 0, 0, 3, 2551.77
1572123014, 0, 221, 456, 404, 103, 3.04%, 0, 0, 3, 2249.05
1572123060, 0, 221, 457, 405, 103, 3.04%, 0, 0, 3, 2385.33
1572123081, 0, 221, 458, 406, 103, 3.04%, 0, 0, 3, 2230.69
1572123086, 0, 221, 459, 407, 103, 3.04%, 0, 0, 3, 2245.56
1572123096, 0, 221, 461, 409, 103, 3.04%, 0, 0, 3, 2214.63
1572123101, 0, 221, 462, 410, 103, 3.04%, 0, 0, 3, 2233.46
1572123192, 0, 221, 464, 412, 103, 3.04%, 0, 0, 3, 2259.52
1572123198, 0, 221, 469, 417, 103, 3.04%, 0, 0, 3, 2536.40
1572123203, 0, 221, 472, 420, 103, 3.05%, 0, 0, 3, 2640.24
1572123208, 0, 235, 474, 419, 110, 3.05%, 0, 0, 3, 2617.49
1572123289, 0, 235, 475, 420, 110, 3.05%, 0, 0, 3, 2363.75
1572123380, 0, 235, 476, 421, 110, 3.05%, 0, 0, 3, 2301.26
1572123416, 0, 253, 477, 417, 108, 3.05%, 0, 0, 3, 2699.26
1572123421, 0, 254, 477, 416, 107, 3.05%, 0, 0, 3, 2523.93
1572123441, 0, 254, 478, 417, 107, 3.05%, 0, 0, 3, 2326.97
1572123446, 0, 254, 479, 418, 107, 3.06%, 0, 0, 3, 2380.52
1572123624, 0, 255, 479, 417, 107, 3.06%, 0, 0, 3, 2360.63
1572123822, 0, 255, 480, 418, 107, 3.06%, 0, 0, 3, 2481.48
1572123837, 0, 257, 480, 416, 106, 3.06%, 0, 0, 3, 2615.50
1572123863, 0, 257, 483, 419, 106, 3.06%, 0, 0, 3, 2360.57
1572123929, 0, 257, 485, 421, 106, 3.07%, 0, 0, 3, 2476.51
1572124050, 0, 265, 485, 417, 101, 3.07%, 0, 0, 3, 2502.47
1572124071, 0, 265, 486, 418, 101, 3.07%, 0, 0, 3, 2124.72
1572124147, 0, 265, 487, 419, 101, 3.07%, 0, 0, 3, 2337.62
1572124162, 0, 265, 488, 420, 101, 3.07%, 0, 0, 3, 2326.80
1572124263, 0, 266, 489, 420, 103, 3.07%, 0, 0, 3, 2313.36
1572124289, 0, 266, 490, 421, 103, 3.07%, 0, 0, 3, 2403.09
1572124355, 0, 266, 491, 422, 103, 3.07%, 0, 0, 3, 2107.47
1572124365, 0, 266, 492, 423, 103, 3.07%, 0, 0, 3, 2387.68
1572124472, 0, 267, 492, 422, 103, 3.07%, 0, 0, 3, 2332.07
1572124497, 0, 267, 493, 423, 103, 3.07%, 0, 0, 3, 2431.93
1572124569, 0, 267, 494, 424, 103, 3.08%, 0, 0, 3, 2224.91
1572124579, 0, 267, 495, 425, 103, 3.08%, 0, 0, 3, 2397.25
1572124686, 0, 268, 495, 424, 104, 3.08%, 0, 0, 3, 2463.21
1572124711, 0, 268, 496, 425, 104, 3.08%, 0, 0, 3, 2185.87
1572124782, 0, 268, 498, 427, 104, 3.08%, 0, 0, 3, 2451.48
1572124787, 0, 268, 499, 428, 104, 3.08%, 0, 0, 3, 2322.80
1572124792, 0, 268, 500, 429, 104, 3.08%, 0, 0, 3, 2221.38
1572124899, 0, 269, 500, 428, 105, 3.08%, 0, 0, 3, 2422.68
1572124995, 0, 269, 501, 429, 105, 3.08%, 0, 0, 3, 2613.73
1572125005, 0, 269, 502, 430, 105, 3.08%, 0, 0, 3, 2318.88
1572125111, 0, 272, 502, 428, 105, 3.08%, 0, 0, 3, 2293.99
1572125137, 0, 272, 503, 429, 105, 3.08%, 0, 0, 3, 2398.43
1572125203, 0, 272, 504, 430, 105, 3.08%, 0, 0, 3, 2320.13
1572125223, 0, 272, 505, 431, 105, 3.09%, 0, 0, 3, 2240.31
1572125320, 0, 272, 506, 432, 105, 3.09%, 0, 0, 3, 2494.00
1572125325, 0, 288, 506, 430, 107, 3.09%, 0, 0, 3, 2496.91
1572125345, 0, 288, 520, 444, 107, 3.09%, 0, 0, 3, 2173.49
1572125350, 0, 288, 524, 448, 107, 3.09%, 0, 0, 3, 2191.24
1572125401, 0, 288, 525, 449, 107, 3.09%, 0, 0, 3, 2188.81
1572125447, 0, 288, 526, 450, 107, 3.09%, 0, 0, 3, 2318.42
1572125497, 0, 288, 527, 451, 107, 3.09%, 0, 0, 3, 2473.83
1572125502, 0, 288, 529, 453, 107, 3.09%, 0, 0, 3, 2455.57
1572125518, 0, 288, 530, 454, 107, 3.09%, 0, 0, 3, 2175.58
1572125533, 0, 298, 530, 452, 113, 3.09%, 0, 0, 3, 2446.39
1572125538, 0, 302, 535, 456, 112, 3.09%, 0, 0, 3, 2579.19
1572125558, 0, 302, 539, 460, 112, 3.09%, 0, 0, 3, 2464.62
1572125578, 0, 302, 540, 461, 112, 3.09%, 0, 0, 3, 2270.13
1572125614, 0, 302, 544, 465, 112, 3.10%, 0, 0, 3, 2423.09
1572125690, 0, 302, 545, 466, 112, 3.10%, 0, 0, 3, 2580.33
1572125700, 0, 309, 578, 498, 117, 3.14%, 0, 0, 3, 2609.77
1572125705, 0, 309, 593, 513, 117, 3.22%, 0, 0, 3, 2630.80
1572125710, 0, 309, 597, 517, 117, 3.24%, 0, 0, 3, 2662.68
1572125715, 0, 309, 603, 523, 117, 3.26%, 0, 0, 3, 2643.54
1572125720, 0, 309, 621, 541, 117, 3.28%, 0, 0, 3, 2641.87
1572125725, 0, 309, 638, 558, 117, 3.33%, 0, 0, 3, 2660.58
1572125731, 0, 309, 644, 564, 117, 3.34%, 0, 0, 3, 2701.18
1572125736, 0, 313, 646, 565, 151, 3.39%, 0, 0, 3, 2773.50
1572125741, 0, 313, 653, 572, 151, 3.40%, 0, 0, 3, 2502.43
1572125746, 0, 313, 658, 577, 151, 3.43%, 0, 0, 3, 2570.61
1572125751, 0, 317, 659, 576, 155, 3.43%, 0, 0, 3, 2412.25
1572125771, 0, 317, 663, 580, 155, 3.43%, 0, 0, 3, 2448.39
1572125796, 0, 317, 665, 582, 155, 3.43%, 0, 0, 3, 2509.31
1572125832, 0, 317, 666, 583, 155, 3.43%, 0, 0, 3, 2498.05
1572125918, 0, 317, 668, 585, 155, 3.43%, 0, 0, 3, 2573.90
1572125928, 0, 325, 668, 583, 156, 3.43%, 0, 0, 3, 2608.68
1572126009, 0, 326, 668, 582, 154, 3.43%, 0, 0, 3, 2300.16
1572126014, 0, 326, 672, 586, 154, 3.43%, 0, 0, 3, 2026.75
1572126039, 0, 326, 674, 588, 154, 3.43%, 0, 0, 3, 2210.04
1572126100, 0, 326, 677, 591, 154, 3.43%, 0, 0, 3, 2136.64
1572126130, 0, 326, 678, 592, 154, 3.43%, 0, 0, 3, 2194.58
1572126237, 0, 327, 679, 592, 156, 3.43%, 0, 0, 3, 1921.74
1572126333, 0, 327, 680, 593, 156, 3.44%, 0, 0, 3, 1861.22
1572126338, 0, 328, 680, 592, 156, 3.44%, 0, 0, 3, 1995.39
1572126445, 0, 333, 680, 590, 154, 3.44%, 0, 0, 3, 2020.03
1572126506, 0, 333, 681, 591, 154, 3.44%, 0, 0, 3, 1716.09
1572126546, 0, 333, 682, 592, 154, 3.44%, 0, 0, 3, 1812.56
1572126551, 0, 333, 683, 593, 154, 3.44%, 0, 0, 3, 1889.89
1572126637, 0, 336, 696, 605, 154, 3.44%, 0, 0, 3, 1699.19
1572126658, 0, 336, 700, 609, 154, 3.44%, 0, 0, 3, 1840.06
1572126673, 0, 336, 701, 610, 154, 3.44%, 0, 0, 3, 1770.23
1572126693, 0, 336, 705, 614, 154, 3.44%, 0, 0, 3, 1809.36
1572126703, 0, 336, 706, 615, 154, 3.45%, 0, 0, 3, 1798.18
1572126723, 0, 336, 707, 616, 154, 3.45%, 0, 0, 3, 1777.99
1572126739, 0, 336, 708, 617, 154, 3.45%, 0, 0, 3, 1686.23
1572126744, 0, 336, 717, 626, 154, 3.45%, 0, 0, 3, 1715.69
1572126749, 0, 336, 721, 630, 154, 3.45%, 0, 0, 3, 1778.52
1572126754, 0, 336, 727, 636, 154, 3.46%, 0, 0, 3, 1724.19
1572126759, 0, 336, 730, 639, 154, 3.46%, 0, 0, 3, 1796.79
1572126764, 0, 337, 731, 639, 157, 3.46%, 0, 0, 3, 1821.16
1572126809, 0, 337, 732, 640, 157, 3.46%, 0, 0, 3, 1810.16
1572126830, 0, 337, 733, 641, 157, 3.46%, 0, 0, 3, 1882.97
1572126916, 0, 338, 733, 640, 153, 3.46%, 0, 0, 3, 1967.89
1572126921, 0, 339, 733, 639, 152, 3.46%, 0, 0, 3, 1925.49
1572126951, 0, 339, 735, 641, 152, 3.46%, 0, 0, 3, 1718.36
1572126956, 0, 339, 744, 650, 152, 3.57%, 0, 0, 3, 1664.96
1572126987, 0, 339, 745, 651, 152, 3.57%, 0, 0, 3, 1779.84
1572126992, 0, 339, 746, 652, 152, 3.57%, 0, 0, 3, 1723.37
1572127022, 0, 339, 747, 653, 152, 3.57%, 0, 0, 3, 1673.04
1572127053, 0, 339, 748, 654, 152, 3.57%, 0, 0, 3, 1822.55
1572127119, 0, 339, 750, 656, 152, 3.57%, 0, 0, 3, 1776.74
1572127124, 0, 339, 751, 657, 152, 3.57%, 0, 0, 3, 1810.74
1572127139, 0, 344, 751, 656, 162, 3.57%, 0, 0, 3, 1848.01
1572127271, 0, 346, 752, 656, 161, 3.57%, 0, 0, 3, 1966.00
1572127276, 0, 347, 752, 655, 160, 3.57%, 0, 0, 3, 1692.10
1572127307, 0, 347, 753, 656, 160, 3.57%, 0, 0, 3, 1650.10
1572127393, 0, 347, 756, 659, 160, 3.57%, 0, 0, 3, 1770.36
1572127524, 0, 354, 756, 655, 159, 3.57%, 0, 0, 3, 1835.54
1572127529, 0, 354, 758, 657, 159, 3.57%, 0, 0, 3, 1642.64
1572127560, 0, 354, 761, 660, 159, 3.57%, 0, 0, 3, 1603.96
1572127565, 0, 354, 762, 661, 159, 3.57%, 0, 0, 3, 1559.29
1572127595, 0, 354, 763, 662, 159, 3.57%, 0, 0, 3, 1554.98
1572127600, 0, 354, 764, 663, 159, 3.57%, 0, 0, 3, 1592.87
1572127646, 0, 354, 765, 664, 159, 3.57%, 0, 0, 3, 1597.31
1572127661, 0, 354, 767, 666, 159, 3.57%, 0, 0, 3, 1642.10
1572127666, 0, 354, 771, 670, 159, 3.57%, 0, 0, 3, 1535.83
1572127676, 0, 354, 772, 671, 159, 3.57%, 0, 0, 3, 1626.98
1572127691, 0, 354, 773, 672, 159, 3.57%, 0, 0, 3, 1592.29
1572127843, 0, 365, 773, 670, 160, 3.57%, 0, 0, 3, 1864.06
1572127879, 0, 365, 774, 671, 160, 3.57%, 0, 0, 4, 1756.69
1572127969, 0, 365, 775, 672, 160, 3.57%, 0, 0, 4, 1629.20
1572127995, 0, 365, 776, 673, 160, 3.58%, 0, 0, 4, 1840.53
1572128137, 0, 373, 776, 672, 161, 3.58%, 0, 0, 4, 1726.56
1572128167, 0, 373, 780, 676, 161, 3.58%, 0, 0, 4, 1786.97
1572128172, 0, 373, 781, 677, 161, 3.58%, 0, 0, 4, 1711.62
1572128375, 0, 376, 784, 679, 165, 3.58%, 0, 0, 4, 1892.40
1572128401, 0, 376, 785, 680, 165, 3.58%, 0, 0, 4, 1900.57
1572128477, 0, 376, 789, 684, 165, 3.58%, 0, 0, 4, 1794.53
1572128599, 0, 377, 790, 684, 164, 3.58%, 0, 0, 4, 1686.62
1572128629, 0, 377, 792, 686, 164, 3.58%, 0, 0, 4, 1692.13
1572128898, 0, 392, 792, 684, 163, 3.58%, 0, 0, 4, 1825.52
1572128903, 0, 392, 793, 685, 163, 3.58%, 0, 0, 4, 1693.21
1572128933, 0, 392, 795, 687, 163, 3.58%, 0, 0, 4, 1681.93
1572128963, 0, 392, 796, 688, 163, 3.58%, 0, 0, 4, 1788.21
1572129029, 0, 392, 797, 689, 163, 3.59%, 0, 0, 4, 1645.93
1572129055, 0, 392, 798, 690, 163, 3.60%, 0, 0, 4, 1660.48
1572129206, 0, 394, 798, 689, 166, 3.60%, 0, 0, 4, 1732.57
1572129237, 0, 394, 799, 690, 166, 3.60%, 0, 0, 4, 1723.81
1572129510, 0, 414, 799, 687, 163, 3.60%, 0, 0, 4, 1866.06
1572129515, 0, 415, 799, 686, 162, 3.60%, 0, 0, 4, 1780.20
1572129546, 0, 415, 800, 687, 162, 3.60%, 0, 0, 4, 1634.05
1572129551, 0, 415, 801, 688, 162, 3.60%, 0, 0, 4, 1557.49
1572129586, 0, 415, 802, 689, 162, 3.60%, 0, 0, 4, 1557.87
1572129642, 0, 415, 803, 690, 162, 3.60%, 0, 0, 4, 1678.35
1572129667, 0, 415, 804, 691, 162, 3.60%, 0, 0, 4, 2220.40
1572129784, 0, 429, 805, 687, 159, 3.60%, 0, 0, 4, 2506.19
1572129809, 0, 429, 806, 688, 159, 3.60%, 0, 0, 4, 2117.77
1572129835, 0, 429, 807, 689, 159, 3.60%, 0, 0, 4, 2395.86
1572129875, 0, 429, 808, 690, 159, 3.60%, 0, 0, 4, 2123.51
1572129880, 0, 429, 810, 692, 159, 3.60%, 0, 0, 4, 2132.74
1572130007, 0, 429, 811, 693, 159, 3.60%, 0, 0, 4, 2387.81
1572130012, 0, 432, 812, 693, 159, 3.62%, 0, 0, 4, 2475.19
1572130032, 0, 432, 817, 698, 159, 3.62%, 0, 0, 4, 2201.96
1572130093, 0, 432, 818, 699, 159, 3.62%, 0, 0, 4, 2444.05
1572130174, 0, 432, 819, 700, 159, 3.62%, 0, 0, 4, 2572.70
1572130219, 0, 443, 819, 697, 159, 3.62%, 0, 0, 4, 2712.67
1572130245, 0, 443, 826, 704, 159, 3.64%, 0, 0, 4, 2160.81
1572130270, 0, 443, 827, 705, 159, 3.64%, 0, 0, 4, 2206.80
1572130296, 0, 443, 828, 706, 159, 3.65%, 0, 0, 4, 2463.93
1572130321, 0, 443, 829, 707, 159, 3.65%, 0, 0, 4, 2350.62
1572130418, 0, 447, 830, 706, 162, 3.65%, 0, 0, 4, 2397.83
1572130423, 0, 450, 830, 705, 161, 3.65%, 0, 0, 4, 2302.81
1572130443, 0, 450, 836, 711, 161, 3.65%, 0, 0, 4, 2367.01
1572130519, 0, 450, 837, 712, 161, 3.65%, 0, 0, 4, 2207.36
1572130646, 0, 454, 837, 710, 162, 3.65%, 0, 0, 4, 2417.05
1572130667, 0, 454, 838, 711, 162, 3.65%, 0, 0, 4, 2197.94
1572130672, 0, 454, 843, 716, 162, 3.66%, 0, 0, 4, 2411.57
1572130728, 0, 454, 846, 719, 162, 3.70%, 0, 0, 4, 2196.66
1572130870, 0, 467, 847, 714, 160, 3.71%, 0, 0, 4, 2549.81
1572130875, 0, 467, 852, 719, 160, 3.71%, 0, 0, 4, 2458.32
1572130946, 0, 467, 854, 721, 160, 3.71%, 0, 0, 4, 2712.09
1572131022, 0, 470, 854, 719, 159, 3.71%, 0, 0, 4, 2656.70
1572131042, 0, 470, 855, 720, 159, 3.71%, 0, 0, 4, 2651.63
1572131098, 0, 470, 857, 722, 159, 3.72%, 0, 0, 4, 2332.80
1572131185, 0, 472, 857, 721, 160, 3.72%, 0, 0, 4, 2437.64
1572131210, 0, 472, 860, 724, 160, 3.72%, 0, 0, 4, 2055.65
1572131216, 0, 472, 862, 726, 160, 3.72%, 0, 0, 4, 2085.44
1572131291, 0, 472, 863, 727, 160, 3.72%, 0, 0, 4, 2066.40
1572131408, 0, 473, 863, 726, 162, 3.72%, 0, 0, 4, 2434.23
1572131414, 0, 474, 868, 730, 161, 3.72%, 0, 0, 4, 2500.62
1572131424, 0, 474, 869, 731, 161, 3.72%, 0, 0, 4, 2506.87
1572131495, 0, 477, 871, 730, 160, 3.72%, 0, 0, 4, 2250.15
1572131520, 0, 477, 872, 731, 160, 3.72%, 0, 0, 4, 2248.01
1572131718, 0, 487, 872, 727, 157, 3.72%, 0, 0, 4, 2412.74
1572131941, 0, 501, 872, 719, 149, 3.72%, 0, 0, 4, 2797.40
1572131946, 0, 504, 872, 716, 146, 3.72%, 0, 0, 4, 2581.08
1572131972, 0, 504, 873, 717, 146, 3.72%, 0, 0, 4, 2129.90
1572132169, 0, 505, 873, 716, 146, 3.72%, 0, 0, 4, 2541.94
1572132195, 0, 505, 874, 717, 146, 3.72%, 0, 0, 4, 2393.65
1572132392, 0, 515, 874, 715, 145, 3.72%, 0, 0, 4, 2492.06
1572132398, 0, 529, 874, 709, 139, 3.72%, 0, 0, 4, 2721.94
1572132423, 0, 529, 882, 717, 139, 3.72%, 0, 0, 4, 2480.53
1572132494, 0, 529, 883, 718, 139, 3.72%, 0, 0, 4, 2541.76
1572132565, 0, 542, 887, 720, 139, 3.75%, 0, 0, 4, 2521.89
1572132580, 0, 542, 889, 722, 139, 3.75%, 0, 0, 4, 2513.71
1572132585, 0, 542, 895, 728, 139, 3.75%, 0, 0, 4, 2416.23
1572132615, 0, 542, 896, 729, 139, 3.75%, 0, 0, 4, 2518.19
1572132641, 0, 542, 897, 730, 139, 3.76%, 0, 0, 4, 2456.36
1572132742, 0, 579, 898, 726, 140, 3.76%, 0, 0, 4, 2624.04
1572132767, 0, 621, 898, 713, 127, 3.76%, 0, 0, 4, 2508.52
1572132797, 0, 623, 898, 712, 124, 3.76%, 0, 0, 4, 2265.19
1572132823, 0, 623, 899, 713, 124, 3.76%, 0, 0, 4, 2521.68
1572132828, 0, 624, 899, 712, 125, 3.76%, 0, 0, 4, 2547.85
1572132853, 0, 626, 900, 712, 124, 3.76%, 0, 0, 4, 2673.78
1572132863, 0, 633, 907, 717, 123, 3.76%, 0, 0, 4, 2666.56
1572132868, 0, 664, 921, 717, 120, 3.79%, 0, 0, 4, 2793.66
1572132873, 0, 665, 921, 716, 119, 3.79%, 0, 0, 4, 2553.12
1572132919, 0, 665, 922, 717, 119, 3.79%, 0, 0, 4, 2438.50
1572133071, 0, 698, 922, 709, 113, 3.79%, 0, 0, 4, 2449.00
1572133122, 0, 698, 923, 710, 113, 3.79%, 0, 0, 4, 2554.15
1572133152, 0, 713, 923, 706, 110, 3.79%, 0, 0, 4, 2585.46
1572133157, 0, 713, 924, 707, 110, 3.80%, 0, 0, 4, 2463.17
1572133178, 0, 718, 924, 705, 111, 3.80%, 0, 0, 4, 2602.93
1572133183, 0, 718, 928, 709, 111, 3.81%, 0, 0, 4, 2606.14
1572133223, 0, 719, 932, 712, 112, 3.82%, 0, 0, 4, 2405.47
1572133228, 0, 719, 933, 713, 112, 3.82%, 0, 0, 4, 2280.23
1572133248, 0, 722, 936, 715, 116, 3.84%, 0, 0, 4, 2654.58
1572133253, 0, 722, 937, 716, 116, 3.84%, 0, 0, 4, 2597.77
1572133274, 0, 724, 944, 722, 119, 3.84%, 0, 0, 4, 2332.58
1572133279, 0, 732, 952, 728, 119, 3.84%, 0, 0, 4, 2308.75
1572133289, 0, 732, 957, 733, 119, 3.84%, 0, 0, 4, 2510.79
1572133299, 0, 732, 958, 734, 119, 3.84%, 0, 0, 4, 2379.46
1572133314, 0, 732, 961, 737, 119, 3.84%, 0, 0, 4, 2274.55
1572133431, 0, 736, 963, 737, 120, 3.84%, 0, 0, 4, 2544.04
1572133436, 0, 743, 965, 738, 120, 3.86%, 0, 0, 4, 2266.36
1572133456, 0, 743, 966, 739, 120, 3.86%, 0, 0, 4, 2122.48
1572133461, 0, 743, 978, 751, 120, 3.88%, 0, 0, 4, 2385.34
1572133487, 0, 743, 981, 754, 120, 3.95%, 0, 0, 4, 2400.97
1572133512, 0, 743, 983, 756, 120, 3.96%, 0, 0, 4, 2130.38
1572133517, 0, 743, 988, 761, 120, 3.98%, 0, 0, 4, 2219.52
1572133532, 0, 743, 992, 765, 120, 3.98%, 0, 0, 4, 2476.23
1572133583, 0, 743, 993, 766, 120, 3.99%, 0, 0, 4, 2188.17
1572133603, 0, 748, 994, 765, 133, 3.99%, 0, 0, 4, 2438.55
1572133685, 0, 748, 997, 768, 133, 3.99%, 0, 0, 4, 2322.27
1572133736, 0, 748, 998, 769, 133, 3.99%, 0, 0, 4, 2390.79
1572133751, 0, 748, 999, 770, 133, 3.99%, 0, 0, 4, 2481.68
1572133766, 0, 750, 999, 769, 133, 3.99%, 0, 0, 4, 2308.19
1572133918, 0, 750, 1000, 770, 133, 3.99%, 0, 0, 4, 2392.06
1572133934, 0, 751, 1000, 769, 133, 3.99%, 0, 0, 4, 2543.93
1572133954, 0, 751, 1001, 770, 133, 3.99%, 0, 0, 4, 2417.36
1572134020, 0, 751, 1003, 772, 133, 4.00%, 0, 0, 4, 2410.92
1572134025, 0, 751, 1006, 775, 133, 4.00%, 0, 0, 4, 2533.46
1572134081, 0, 751, 1007, 776, 133, 4.00%, 0, 0, 4, 2349.50
1572134091, 0, 754, 1007, 775, 137, 4.00%, 0, 0, 4, 2420.25
1572134283, 0, 772, 1007, 770, 132, 4.00%, 0, 0, 4, 2668.75
1572134308, 0, 772, 1009, 772, 132, 4.00%, 0, 0, 4, 2026.80
1572134364, 0, 772, 1010, 773, 132, 4.00%, 0, 0, 4, 1986.70
1572134526, 0, 775, 1010, 770, 130, 4.00%, 0, 0, 4, 2309.84
1572134551, 0, 775, 1011, 771, 130, 4.00%, 0, 0, 5, 2381.96
1572134744, 0, 779, 1012, 771, 130, 4.00%, 0, 0, 5, 2507.61
1572134764, 0, 779, 1013, 772, 130, 4.00%, 0, 0, 5, 2281.93
1572134916, 0, 780, 1014, 772, 130, 4.00%, 0, 0, 5, 2648.40
1572134937, 0, 780, 1015, 773, 130, 4.00%, 0, 0, 5, 2545.73
1572135094, 0, 789, 1016, 772, 129, 4.00%, 0, 0, 5, 2451.41
1572135140, 0, 789, 1017, 773, 129, 4.00%, 0, 0, 5, 2293.92
1572135175, 0, 789, 1019, 775, 129, 4.00%, 0, 0, 5, 2262.35
1572135231, 0, 789, 1020, 776, 129, 4.00%, 0, 0, 5, 2471.06
1572135262, 0, 791, 1020, 774, 128, 4.00%, 0, 0, 5, 2499.19
1572135267, 0, 796, 1021, 773, 126, 4.00%, 0, 0, 5, 2283.42
1572135287, 0, 796, 1024, 776, 126, 4.00%, 0, 0, 5, 2400.99
1572135313, 0, 796, 1031, 783, 126, 4.00%, 0, 0, 5, 2195.55
1572135353, 0, 796, 1032, 784, 126, 4.00%, 0, 0, 5, 2159.81
1572135358, 0, 796, 1033, 785, 126, 4.00%, 0, 0, 5, 2281.27
1572135363, 0, 796, 1035, 787, 126, 4.00%, 0, 0, 5, 2189.20
1572135419, 0, 796, 1036, 788, 126, 4.00%, 0, 0, 5, 2448.22
1572135445, 0, 796, 1037, 789, 126, 4.00%, 0, 0, 5, 2360.50
1572135460, 0, 797, 1038, 789, 127, 4.00%, 0, 0, 5, 2394.16
1572135485, 0, 797, 1041, 792, 127, 4.00%, 0, 0, 5, 2369.85
1572135556, 0, 797, 1042, 793, 127, 4.00%, 0, 0, 5, 2294.65
1572135693, 0, 802, 1042, 790, 126, 4.00%, 0, 0, 5, 2452.29
1572135718, 0, 802, 1043, 791, 126, 4.00%, 0, 0, 5, 1981.54
1572135927, 0, 810, 1043, 789, 125, 4.00%, 0, 0, 5, 2202.64
1572135952, 0, 810, 1044, 790, 125, 4.00%, 0, 0, 5, 2181.08
1572136145, 0, 810, 1045, 791, 125, 4.00%, 0, 0, 5, 2136.69
1572136170, 0, 818, 1045, 790, 125, 4.00%, 0, 0, 5, 2228.88
1572136190, 0, 818, 1050, 795, 125, 4.00%, 0, 0, 5, 2114.85
1572136196, 0, 818, 1051, 796, 125, 4.00%, 0, 0, 5, 2092.40
1572136449, 0, 822, 1051, 794, 126, 4.00%, 0, 0, 5, 1628.05
1572136454, 0, 822, 1052, 795, 126, 4.00%, 0, 0, 5, 1582.44
1572136479, 0, 822, 1053, 796, 126, 4.00%, 0, 0, 5, 1601.03
1572136484, 0, 822, 1061, 804, 126, 4.03%, 0, 0, 5, 1695.28
1572136520, 0, 822, 1063, 806, 126, 4.03%, 0, 0, 5, 1649.65
1572136555, 0, 822, 1065, 808, 126, 4.03%, 0, 0, 5, 1566.14
1572136566, 0, 822, 1066, 809, 126, 4.05%, 0, 0, 5, 1583.30
1572136571, 0, 822, 1067, 810, 126, 4.05%, 0, 0, 5, 1556.02
1572136586, 0, 822, 1069, 812, 126, 4.05%, 0, 0, 5, 310.88
1572136723, 0, 822, 1070, 813, 126, 4.05%, 0, 0, 5, 1585.63
1572136743, 0, 827, 1070, 811, 127, 4.05%, 0, 0, 5, 1721.08
1572136779, 0, 827, 1071, 812, 127, 4.05%, 0, 0, 5, 1606.39
1572137022, 0, 828, 1071, 811, 127, 4.05%, 0, 0, 5, 1889.71
1572137058, 0, 828, 1073, 813, 127, 4.05%, 0, 0, 5, 1642.72
1572137306, 0, 829, 1073, 812, 127, 4.05%, 0, 0, 5, 1777.24
1572137337, 0, 829, 1079, 818, 127, 4.06%, 0, 0, 5, 1678.95
1572137342, 0, 829, 1080, 819, 127, 4.06%, 0, 0, 5, 1760.62
1572137372, 0, 829, 1082, 821, 127, 4.06%, 0, 0, 5, 1738.14
1572137433, 0, 829, 1084, 823, 127, 4.07%, 0, 0, 5, 1754.07
1572137438, 0, 829, 1085, 824, 127, 4.07%, 0, 0, 5, 1770.94
1572137575, 0, 833, 1086, 823, 132, 4.07%, 0, 0, 5, 1874.66
1572137580, 0, 838, 1086, 822, 131, 4.07%, 0, 0, 5, 1664.79
1572137853, 0, 845, 1086, 820, 129, 4.07%, 0, 0, 5, 1997.79
1572137858, 0, 846, 1092, 825, 128, 4.11%, 0, 0, 5, 2005.50
1572137863, 0, 846, 1101, 834, 128, 4.16%, 0, 0, 5, 1932.21
1572137868, 0, 846, 1103, 836, 128, 4.26%, 0, 0, 5, 1892.35
1572137873, 0, 846, 1104, 837, 128, 4.26%, 0, 0, 5, 1908.20
1572137878, 0, 856, 1108, 838, 139, 4.26%, 0, 0, 5, 1954.45
1572137899, 0, 856, 1110, 840, 139, 4.26%, 0, 0, 5, 1787.46
1572137904, 0, 856, 1112, 842, 139, 4.26%, 0, 0, 5, 1883.76
1572137909, 0, 856, 1114, 844, 139, 4.26%, 0, 0, 5, 1922.23
1572137940, 0, 856, 1115, 845, 139, 4.26%, 0, 0, 5, 1805.06
1572137980, 0, 856, 1117, 847, 139, 4.26%, 0, 0, 5, 1794.19
1572138107, 0, 864, 1117, 843, 136, 4.26%, 0, 0, 5, 1946.26
1572138284, 0, 865, 1119, 844, 135, 4.26%, 0, 0, 5, 1714.11
1572138325, 0, 866, 1121, 845, 137, 4.26%, 0, 0, 5, 1836.86
1572138330, 0, 867, 1121, 844, 136, 4.26%, 0, 0, 5, 1765.49
1572138441, 0, 870, 1122, 844, 136, 4.26%, 0, 0, 5, 1790.46
1572138446, 0, 874, 1122, 840, 132, 4.26%, 0, 0, 5, 1999.04
1572138476, 0, 874, 1123, 841, 132, 4.26%, 0, 0, 5, 1645.32
1572138674, 0, 876, 1124, 841, 132, 4.26%, 0, 0, 5, 1787.94
1572138709, 0, 876, 1125, 842, 132, 4.26%, 0, 0, 5, 1641.52
1572138785, 0, 876, 1126, 843, 132, 4.26%, 0, 0, 5, 1689.87
1572138907, 0, 877, 1126, 842, 132, 4.26%, 0, 0, 5, 1720.38
1572138937, 0, 877, 1127, 843, 132, 4.26%, 0, 0, 5, 1794.57
1572139094, 0, 877, 1128, 844, 132, 4.27%, 0, 0, 5, 1788.21
1572139135, 0, 878, 1128, 843, 133, 4.27%, 0, 0, 5, 1719.42
1572139166, 0, 878, 1130, 845, 133, 4.27%, 0, 0, 5, 1727.92
1572139363, 0, 880, 1130, 844, 134, 4.27%, 0, 0, 5, 1729.98
1572139398, 0, 880, 1131, 845, 134, 4.27%, 0, 0, 5, 1772.47
1572139429, 0, 880, 1132, 846, 134, 4.27%, 0, 0, 5, 1713.96
1572139596, 0, 882, 1132, 844, 134, 4.27%, 0, 0, 5, 1811.06
1572139703, 0, 882, 1133, 845, 134, 4.27%, 0, 0, 5, 1769.94
1572139825, 0, 884, 1136, 847, 136, 4.27%, 0, 0, 5, 1810.52
1572139855, 0, 884, 1137, 848, 136, 4.27%, 0, 0, 5, 1647.38
1572140073, 0, 894, 1137, 844, 133, 4.27%, 0, 0, 5, 2003.75
1572140078, 0, 899, 1137, 840, 129, 4.27%, 0, 0, 5, 1860.29
1572140089, 0, 899, 1138, 841, 129, 4.27%, 0, 0, 5, 1624.83
1572140124, 0, 900, 1138, 840, 129, 4.27%, 0, 0, 5, 1909.79
1572140129, 0, 900, 1139, 841, 129, 4.32%, 0, 0, 5, 1865.20
1572140134, 0, 904, 1145, 845, 128, 4.35%, 0, 0, 5, 1804.37
1572140139, 0, 907, 1146, 843, 129, 4.35%, 0, 0, 5, 1943.10
1572140144, 0, 909, 1148, 843, 128, 4.35%, 0, 0, 5, 1882.80
1572140149, 0, 918, 1148, 840, 126, 4.35%, 0, 0, 5, 2047.07
1572140154, 0, 921, 1166, 856, 131, 4.42%, 0, 0, 5, 1908.98
1572140473, 0, 922, 1166, 855, 130, 4.42%, 0, 0, 5, 1676.96
1572140493, 0, 922, 1167, 856, 130, 4.42%, 0, 0, 5, 1735.86
1572140584, 0, 924, 1167, 854, 129, 4.42%, 0, 0, 5, 1729.00
1572140589, 0, 924, 1172, 859, 129, 4.43%, 0, 0, 5, 1787.36
1572140635, 0, 931, 1175, 857, 128, 4.44%, 0, 0, 5, 1834.32
1572140670, 0, 942, 1175, 852, 124, 4.44%, 0, 0, 5, 1597.84
1572140742, 0, 942, 1176, 853, 124, 4.44%, 0, 0, 5, 1416.20
1572140802, 0, 948, 1176, 852, 124, 4.44%, 0, 0, 5, 1415.40
1572140863, 0, 948, 1177, 853, 124, 4.44%, 0, 0, 5, 1373.29
1572141152, 0, 958, 1181, 853, 119, 4.44%, 0, 0, 5, 1863.28
1572141162, 0, 958, 1188, 860, 119, 4.45%, 0, 0, 5, 1761.07
1572141167, 0, 958, 1190, 862, 119, 4.45%, 0, 0, 5, 1668.92
1572141182, 0, 958, 1191, 863, 119, 4.45%, 0, 0, 5, 1787.31
1572141202, 0, 958, 1192, 864, 119, 4.45%, 0, 0, 5, 1852.71
1572141324, 0, 958, 1195, 867, 119, 4.45%, 0, 0, 5, 2582.17
1572141329, 0, 963, 1195, 865, 129, 4.45%, 0, 0, 5, 2745.93
1572141334, 0, 966, 1195, 864, 128, 4.45%, 0, 0, 5, 2521.98
1572141355, 0, 966, 1197, 866, 128, 4.45%, 0, 0, 5, 2378.67
1572141512, 0, 967, 1197, 865, 128, 4.45%, 0, 0, 5, 2271.53
1572141537, 0, 967, 1202, 870, 128, 4.46%, 0, 0, 5, 2034.68
1572141568, 0, 967, 1204, 872, 128, 4.46%, 0, 0, 5, 2093.04
1572141593, 0, 967, 1205, 873, 128, 4.46%, 0, 0, 5, 2048.34
1572141604, 0, 967, 1207, 875, 128, 4.46%, 0, 0, 5, 2053.56
1572141609, 0, 967, 1209, 877, 128, 4.46%, 0, 0, 5, 1984.64
1572141700, 0, 968, 1210, 877, 131, 4.46%, 0, 0, 5, 2469.14
1572141726, 0, 968, 1212, 879, 131, 4.46%, 0, 0, 5, 2416.76
1572141873, 0, 971, 1212, 878, 131, 4.46%, 0, 0, 5, 2247.75
1572141878, 0, 972, 1212, 877, 130, 4.46%, 0, 0, 5, 2219.59
1572141899, 0, 972, 1213, 878, 130, 4.46%, 0, 0, 5, 2303.07
1572141929, 0, 972, 1214, 879, 130, 4.47%, 0, 0, 5, 2220.43
1572141959, 0, 972, 1216, 881, 130, 4.48%, 0, 0, 5, 2100.43
1572142050, 0, 983, 1216, 876, 129, 4.48%, 0, 0, 5, 2611.34
1572142223, 0, 984, 1217, 876, 128, 4.48%, 0, 0, 5, 2612.55
1572142248, 0, 984, 1220, 879, 128, 4.48%, 0, 0, 5, 2295.62
1572142274, 0, 984, 1223, 882, 128, 4.49%, 0, 0, 5, 2191.61
1572142304, 0, 984, 1225, 884, 128, 4.49%, 0, 0, 5, 2138.04
1572142319, 0, 984, 1226, 885, 128, 4.49%, 0, 0, 5, 2289.48
1572142324, 0, 984, 1227, 886, 128, 4.54%, 0, 0, 5, 2427.19
1572142396, 0, 985, 1228, 886, 134, 4.54%, 0, 0, 5, 2348.12
1572142446, 0, 985, 1229, 887, 134, 4.54%, 0, 0, 5, 2302.62
1572142492, 0, 985, 1230, 888, 134, 4.55%, 0, 0, 5, 1558.12
1572142568, 0, 986, 1230, 887, 136, 4.55%, 0, 0, 5, 2231.99
1572142618, 0, 986, 1231, 888, 136, 4.55%, 0, 0, 5, 2322.99
1572142644, 0, 986, 1232, 889, 136, 4.55%, 0, 0, 5, 2416.70
1572142735, 0, 987, 1232, 888, 136, 4.55%, 0, 0, 5, 2309.54
1572142786, 0, 987, 1233, 889, 136, 4.55%, 0, 0, 5, 2308.90
1572142908, 0, 993, 1237, 889, 136, 4.56%, 0, 0, 5, 2410.47
1572142913, 0, 1002, 1237, 882, 129, 4.56%, 0, 0, 5, 2802.70
1572142989, 0, 1002, 1238, 883, 129, 4.56%, 0, 0, 5, 2478.90
1572143030, 0, 1002, 1239, 884, 129, 4.56%, 0, 0, 5, 2246.27
1572143060, 0, 1022, 1239, 877, 123, 4.56%, 0, 0, 5, 2732.81
1572143065, 0, 1029, 1239, 875, 122, 4.56%, 0, 0, 5, 2547.73
1572143157, 0, 1029, 1240, 876, 122, 4.56%, 0, 0, 6, 2088.25
1572143243, 0, 1029, 1241, 877, 122, 4.56%, 0, 0, 6, 2458.45
1572143253, 0, 1029, 1242, 878, 122, 4.56%, 0, 0, 6, 2250.28
1572143258, 0, 1037, 1243, 878, 123, 4.56%, 0, 0, 6, 2593.08
1572143263, 0, 1044, 1244, 874, 118, 4.56%, 0, 0, 6, 2527.26
1572143288, 0, 1044, 1246, 876, 118, 4.56%, 0, 0, 6, 2107.48
1572143314, 0, 1044, 1247, 877, 118, 4.56%, 0, 0, 6, 1981.37
1572143370, 0, 1044, 1248, 878, 118, 4.56%, 0, 0, 6, 2285.40
1572143507, 0, 1058, 1248, 874, 116, 4.56%, 0, 0, 6, 2471.39
1572143537, 0, 1058, 1251, 877, 116, 4.56%, 0, 0, 6, 2301.43
1572143563, 0, 1058, 1252, 878, 116, 4.56%, 0, 0, 6, 2058.98
1572143593, 0, 1058, 1253, 879, 116, 4.56%, 0, 0, 6, 2282.01
1572143705, 0, 1058, 1254, 880, 116, 4.56%, 0, 0, 6, 2312.38
1572143725, 0, 1071, 1254, 878, 116, 4.56%, 0, 0, 6, 2212.31
1572143741, 0, 1071, 1258, 882, 116, 4.57%, 0, 0, 6, 2099.35
1572143751, 0, 1071, 1266, 890, 116, 4.57%, 0, 0, 6, 2261.74
1572143756, 0, 1071, 1268, 892, 116, 4.59%, 0, 0, 6, 2279.45
1572143812, 0, 1071, 1269, 893, 116, 4.63%, 0, 0, 6, 2300.34
1572143939, 0, 1075, 1269, 890, 116, 4.63%, 0, 0, 6, 2327.66
1572143965, 0, 1075, 1272, 893, 116, 4.63%, 0, 0, 6, 2512.93
1572143990, 0, 1075, 1274, 895, 116, 4.63%, 0, 0, 6, 2248.93
1572144036, 0, 1075, 1276, 897, 116, 4.63%, 0, 0, 6, 2488.89
1572144127, 0, 1075, 1279, 900, 116, 4.63%, 0, 0, 6, 2273.06
1572144142, 0, 1085, 1279, 899, 115, 4.63%, 0, 0, 6, 2220.76
1572144157, 0, 1085, 1280, 900, 115, 4.65%, 0, 0, 6, 2164.30
1572144168, 0, 1085, 1283, 903, 115, 4.65%, 0, 0, 6, 2405.20
1572144340, 0, 1090, 1284, 900, 114, 4.65%, 0, 0, 6, 2377.73
1572144345, 0, 1090, 1286, 902, 114, 4.65%, 0, 0, 6, 2648.42
1572144350, 0, 1100, 1286, 897, 111, 4.65%, 0, 0, 6, 2779.81
1572144355, 0, 1103, 1286, 895, 109, 4.65%, 0, 0, 6, 2735.90
1572144360, 0, 1103, 1287, 896, 109, 4.65%, 0, 0, 6, 2802.96
1572144366, 0, 1118, 1287, 892, 106, 4.65%, 0, 0, 6, 2836.46
1572144396, 0, 1119, 1287, 891, 105, 4.65%, 0, 0, 6, 2617.17
1572144416, 0, 1119, 1288, 892, 105, 4.65%, 0, 0, 6, 2393.97
1572144421, 0, 1121, 1290, 892, 106, 4.66%, 0, 0, 6, 2469.61
1572144437, 0, 1122, 1290, 891, 106, 4.66%, 0, 0, 6, 2577.65
1572144462, 0, 1122, 1293, 894, 106, 4.66%, 0, 0, 6, 2211.73
1572144528, 0, 1122, 1294, 895, 106, 4.66%, 0, 0, 6, 2296.14
1572144584, 0, 1122, 1297, 898, 106, 4.66%, 0, 0, 6, 2248.08
1572144604, 0, 1122, 1298, 899, 106, 4.66%, 0, 0, 6, 2238.69
1572144614, 0, 1128, 1298, 896, 102, 4.66%, 0, 0, 6, 2437.95
1572144620, 0, 1129, 1298, 895, 101, 4.66%, 0, 0, 6, 2249.08
1572144695, 0, 1129, 1299, 896, 101, 4.66%, 0, 0, 6, 2326.58
1572144716, 0, 1129, 1300, 897, 101, 4.66%, 0, 0, 6, 2267.33
1572144766, 0, 1129, 1301, 898, 101, 4.66%, 0, 0, 6, 2420.72
1572144792, 0, 1130, 1301, 897, 100, 4.66%, 0, 0, 6, 2311.30
1572144812, 0, 1130, 1302, 898, 100, 4.68%, 0, 0, 6, 2133.19
1572144817, 0, 1130, 1303, 899, 100, 4.68%, 0, 0, 6, 2225.30
1572144873, 0, 1130, 1305, 901, 100, 4.68%, 0, 0, 6, 2182.53
1572144883, 0, 1130, 1306, 902, 100, 4.68%, 0, 0, 6, 2192.17
1572144934, 0, 1130, 1308, 904, 100, 4.68%, 0, 0, 6, 2273.95
1572144944, 0, 1130, 1309, 905, 100, 4.68%, 0, 0, 6, 2376.23
1572144964, 0, 1133, 1310, 903, 100, 4.68%, 0, 0, 6, 2657.16
1572144969, 0, 1133, 1311, 904, 100, 4.68%, 0, 0, 6, 2335.84
1572144974, 0, 1138, 1315, 905, 101, 4.69%, 0, 0, 6, 2358.21
1572144979, 0, 1141, 1315, 903, 102, 4.69%, 0, 0, 6, 2599.04
1572144984, 0, 1143, 1316, 902, 101, 4.69%, 0, 0, 6, 2769.62
1572144990, 0, 1144, 1316, 901, 100, 4.69%, 0, 0, 6, 2781.76
1572144995, 0, 1145, 1316, 900, 99, 4.69%, 0, 0, 6, 2707.42
1572145000, 0, 1147, 1317, 900, 98, 4.69%, 0, 0, 6, 2506.84
1572145005, 0, 1147, 1318, 901, 98, 4.69%, 0, 0, 6, 2565.39
1572145010, 0, 1151, 1327, 909, 99, 4.70%, 0, 0, 6, 2484.20
1572145015, 0, 1151, 1331, 913, 99, 4.70%, 0, 0, 6, 2374.82
1572145020, 0, 1157, 1344, 924, 101, 4.71%, 0, 0, 6, 2401.00
1572145025, 0, 1157, 1367, 947, 101, 4.73%, 0, 0, 6, 2569.66
1572145030, 0, 1172, 1374, 948, 110, 4.74%, 0, 0, 6, 2640.25
1572145035, 0, 1175, 1377, 948, 111, 4.76%, 0, 0, 6, 2285.07
1572145147, 0, 1178, 1378, 948, 111, 4.76%, 0, 0, 6, 2235.07
1572145152, 0, 1179, 1378, 947, 110, 4.76%, 0, 0, 6, 2200.63
1572145157, 0, 1179, 1380, 949, 110, 4.77%, 0, 0, 6, 2369.97
1572145188, 0, 1179, 1381, 950, 110, 4.77%, 0, 0, 6, 2505.96
1572145310, 0, 1180, 1381, 949, 111, 4.77%, 0, 0, 6, 2346.22
1572145315, 0, 1181, 1383, 950, 110, 4.77%, 0, 0, 6, 2519.39
1572145320, 0, 1181, 1385, 952, 110, 4.77%, 0, 0, 6, 2437.03
1572145325, 0, 1181, 1386, 953, 110, 4.77%, 0, 0, 6, 2446.97
1572145335, 0, 1181, 1387, 954, 110, 4.78%, 0, 0, 6, 2236.43
1572145350, 0, 1181, 1388, 955, 110, 4.78%, 0, 0, 6, 2507.13
1572145472, 0, 1182, 1388, 954, 112, 4.78%, 0, 0, 6, 2235.00
1572145477, 0, 1182, 1389, 955, 112, 4.78%, 0, 0, 6, 2223.17
1572145482, 0, 1182, 1390, 956, 112, 4.78%, 0, 0, 6, 2262.30
1572145629, 0, 1183, 1390, 955, 112, 4.78%, 0, 0, 6, 2582.15
1572145639, 0, 1183, 1392, 957, 112, 4.78%, 0, 0, 6, 2476.75
1572145792, 0, 1185, 1392, 956, 112, 4.78%, 0, 0, 6, 2327.63
1572145797, 0, 1185, 1394, 958, 112, 4.78%, 0, 0, 6, 2201.43
1572145953, 0, 1186, 1395, 958, 112, 4.78%, 0, 0, 6, 2272.77
1572145958, 0, 1186, 1396, 959, 112, 4.78%, 0, 0, 6, 2252.09
1572145963, 0, 1186, 1397, 960, 112, 4.78%, 0, 0, 6, 2350.06
1572146110, 0, 1192, 1397, 958, 112, 4.78%, 0, 0, 6, 2454.02
1572146115, 0, 1192, 1398, 959, 112, 4.78%, 0, 0, 6, 2213.54
1572146267, 0, 1195, 1398, 958, 112, 4.78%, 0, 0, 6, 2464.03
1572146440, 0, 1196, 1398, 957, 111, 4.78%, 0, 0, 6, 2246.51
1572146465, 0, 1196, 1400, 959, 111, 4.78%, 0, 0, 6, 2408.03
1572146611, 0, 1203, 1400, 956, 110, 4.78%, 0, 0, 6, 2463.00
1572146636, 0, 1203, 1401, 957, 110, 4.78%, 0, 0, 6, 2002.99
1572146794, 0, 1204, 1402, 957, 110, 4.78%, 0, 0, 6, 2376.22
1572146825, 0, 1204, 1404, 959, 110, 4.78%, 0, 0, 6, 1883.47
1572146850, 0, 1204, 1406, 961, 110, 4.78%, 0, 0, 6, 1817.32
1572146993, 0, 1206, 1406, 960, 110, 4.78%, 0, 0, 6, 2122.54
1572147166, 0, 1206, 1407, 961, 110, 4.78%, 0, 0, 6, 2357.20
1572147181, 0, 1221, 1408, 960, 109, 4.78%, 0, 0, 6, 2561.71
1572147353, 0, 1226, 1409, 957, 106, 4.78%, 0, 0, 6, 2565.53
1572147369, 0, 1226, 1410, 958, 106, 4.79%, 0, 0, 6, 2170.70
1572147379, 0, 1226, 1418, 966, 106, 4.80%, 0, 0, 6, 2080.17
1572147409, 0, 1226, 1421, 969, 106, 4.81%, 0, 0, 6, 2044.88
1572147435, 0, 1226, 1422, 970, 106, 4.81%, 0, 0, 6, 2083.29
1572147440, 0, 1226, 1423, 971, 106, 4.82%, 0, 0, 6, 2142.44
1572147460, 0, 1226, 1424, 972, 106, 4.82%, 0, 0, 6, 2155.64
1572147506, 0, 1226, 1427, 975, 106, 4.82%, 0, 0, 6, 2145.05
1572147521, 0, 1226, 1428, 976, 106, 4.83%, 0, 0, 6, 2398.71
1572147536, 0, 1229, 1429, 976, 118, 4.83%, 0, 0, 6, 2273.60
1572147714, 0, 1230, 1429, 975, 118, 4.83%, 0, 0, 6, 2274.02
1572147831, 0, 1230, 1432, 978, 118, 4.83%, 0, 0, 6, 2600.00
1572147891, 0, 1237, 1436, 980, 116, 4.83%, 0, 0, 6, 2336.64
1572147901, 0, 1237, 1438, 982, 116, 4.83%, 0, 0, 6, 2333.65
1572147911, 0, 1237, 1439, 983, 116, 4.83%, 0, 0, 6, 2323.19
1572147916, 0, 1237, 1441, 985, 116, 4.83%, 0, 0, 6, 2450.10
1572147942, 0, 1237, 1442, 986, 116, 4.83%, 0, 0, 6, 2368.64
1572147967, 0, 1237, 1443, 987, 116, 4.83%, 0, 0, 6, 2326.55
1572148033, 0, 1241, 1443, 986, 118, 4.83%, 0, 0, 6, 2361.19
1572148211, 0, 1241, 1444, 987, 118, 4.83%, 0, 0, 7, 2441.80
1572148226, 0, 1242, 1444, 986, 117, 4.83%, 0, 0, 7, 2309.47
1572148231, 0, 1242, 1445, 987, 117, 4.83%, 0, 0, 7, 2101.70
1572148236, 0, 1242, 1449, 991, 117, 4.83%, 0, 0, 7, 2167.31
1572148251, 0, 1242, 1451, 993, 117, 4.83%, 0, 0, 7, 2074.90
1572148480, 0, 1253, 1451, 988, 114, 4.83%, 0, 0, 7, 2706.91
1572148485, 0, 1253, 1452, 989, 114, 4.83%, 0, 0, 7, 2266.51
1572148505, 0, 1253, 1454, 991, 114, 4.83%, 0, 0, 7, 2133.78
1572148510, 0, 1253, 1457, 994, 114, 4.84%, 0, 0, 7, 1948.94
1572148571, 0, 1253, 1458, 995, 114, 4.84%, 0, 0, 7, 2057.11
1572148586, 0, 1253, 1459, 996, 114, 4.84%, 0, 0, 7, 2305.00
1572148712, 0, 1263, 1459, 995, 115, 4.84%, 0, 0, 7, 2107.32
1572148718, 0, 1279, 1459, 987, 107, 4.84%, 0, 0, 7, 2714.66
1572148834, 0, 1279, 1460, 988, 107, 4.84%, 0, 0, 7, 2371.41
1572148890, 0, 1279, 1466, 994, 107, 4.85%, 0, 0, 7, 2093.04
1572148905, 0, 1279, 1467, 995, 107, 4.85%, 0, 0, 7, 2156.42
1572148930, 0, 1281, 1467, 994, 110, 4.85%, 0, 0, 7, 2441.14
1572148955, 0, 1281, 1468, 995, 110, 4.85%, 0, 0, 7, 2393.26
1572149026, 0, 1281, 1469, 996, 110, 4.85%, 0, 0, 7, 2160.03
1572149138, 0, 1287, 1469, 990, 106, 4.85%, 0, 0, 7, 2273.58
1572149178, 0, 1288, 1471, 991, 105, 4.87%, 0, 0, 7, 2567.52
1572149184, 0, 1288, 1476, 996, 105, 4.89%, 0, 0, 7, 2540.19
1572149194, 0, 1292, 1477, 995, 111, 4.90%, 0, 0, 7, 2554.65
1572149199, 0, 1293, 1477, 994, 110, 4.90%, 0, 0, 7, 2348.01
1572149219, 0, 1293, 1479, 996, 110, 4.90%, 0, 0, 7, 2366.86
1572149290, 0, 1293, 1480, 997, 110, 4.90%, 0, 0, 7, 2210.39
1572149376, 0, 1300, 1480, 995, 109, 4.90%, 0, 0, 7, 2203.33
1572149554, 0, 1304, 1480, 993, 107, 4.90%, 0, 0, 7, 2533.09
1572149580, 0, 1304, 1481, 994, 107, 4.90%, 0, 0, 7, 2373.54
1572149732, 0, 1307, 1481, 992, 106, 4.90%, 0, 0, 7, 2486.63
1572149737, 0, 1315, 1481, 985, 99, 4.90%, 0, 0, 7, 2727.02
1572149742, 0, 1366, 1490, 972, 80, 4.90%, 0, 0, 7, 2643.36
1572149747, 0, 1376, 1491, 967, 76, 4.90%, 0, 0, 7, 2218.08
1572149864, 0, 1377, 1492, 967, 75, 4.90%, 0, 0, 7, 1999.83
1572150082, 0, 1381, 1493, 966, 74, 4.90%, 0, 0, 7, 2065.81
1572150092, 0, 1381, 1495, 968, 74, 4.90%, 0, 0, 7, 2429.82
1572150245, 0, 1381, 1497, 970, 74, 4.90%, 0, 0, 7, 2294.00
1572150250, 0, 1394, 1497, 963, 68, 4.90%, 0, 0, 7, 2737.38
1572150260, 0, 1394, 1499, 965, 68, 4.90%, 0, 0, 7, 2485.53
1572150407, 0, 1398, 1500, 964, 67, 4.90%, 0, 0, 7, 2648.32
1572150595, 0, 1399, 1500, 963, 66, 4.90%, 0, 0, 7, 2352.77
1572150600, 0, 1406, 1500, 960, 63, 4.90%, 0, 0, 7, 2415.61
1572150620, 0, 1406, 1501, 961, 63, 4.90%, 0, 0, 7, 2074.79
1572150625, 0, 1406, 1504, 964, 63, 4.90%, 0, 0, 7, 2087.28
1572150650, 0, 1406, 1507, 967, 63, 4.90%, 0, 0, 7, 2291.25
1572150676, 0, 1406, 1511, 971, 63, 4.90%, 0, 0, 7, 1991.25
1572150681, 0, 1406, 1512, 972, 63, 4.90%, 0, 0, 7, 1979.85
1572150691, 0, 1406, 1515, 975, 63, 4.91%, 0, 0, 7, 2185.33
1572150757, 0, 1406, 1516, 976, 63, 4.91%, 0, 0, 7, 2320.05
1572150772, 0, 1406, 1517, 977, 63, 4.91%, 0, 0, 7, 2201.17
1572150787, 0, 1415, 1518, 972, 66, 4.91%, 0, 0, 7, 2573.77
1572150939, 0, 1415, 1519, 973, 66, 4.91%, 0, 0, 7, 2268.56
1572150965, 0, 1416, 1519, 972, 67, 4.91%, 0, 0, 7, 2259.43
1572150970, 0, 1416, 1520, 973, 67, 4.91%, 0, 0, 7, 2197.26
1572150990, 0, 1416, 1521, 974, 67, 4.91%, 0, 0, 7, 2269.54
1572151147, 0, 1418, 1521, 973, 67, 4.91%, 0, 0, 7, 2424.31
1572151162, 0, 1418, 1522, 974, 67, 4.91%, 0, 0, 7, 2316.14
1572151198, 0, 1418, 1523, 975, 67, 4.91%, 0, 0, 7, 2124.36
1572151324, 0, 1421, 1523, 973, 65, 4.91%, 0, 0, 7, 2567.96
1572151329, 0, 1427, 1524, 969, 60, 4.91%, 0, 0, 7, 2533.10
1572151355, 0, 1427, 1525, 970, 60, 4.91%, 0, 0, 7, 2422.65
1572151380, 0, 1427, 1526, 971, 60, 4.92%, 0, 0, 7, 2296.53
1572151416, 0, 1427, 1527, 972, 60, 4.92%, 0, 0, 7, 2224.49
1572151477, 0, 1427, 1527, 972, 60, 4.92%, 1, 0, 7, 2153.81
1572151507, 0, 1429, 1527, 971, 62, 4.92%, 1, 0, 7, 2316.80
1572151680, 0, 1431, 1527, 969, 60, 4.92%, 1, 0, 7, 2308.54
1572151685, 0, 1436, 1530, 970, 58, 4.92%, 1, 0, 7, 2476.98
1572151705, 0, 1436, 1531, 971, 58, 4.92%, 1, 0, 7, 2279.85
1572151710, 0, 1436, 1532, 972, 58, 4.92%, 1, 0, 7, 2254.56
1572151731, 0, 1436, 1533, 973, 58, 4.92%, 1, 0, 7, 2341.42
1572151762, 0, 1436, 1534, 974, 58, 4.92%, 1, 0, 7, 2184.53
1572151827, 0, 1437, 1535, 974, 63, 4.92%, 1, 0, 7, 2596.89
1572151848, 0, 1437, 1536, 975, 63, 4.92%, 1, 0, 7, 2336.73
1572151974, 0, 1441, 1536, 974, 63, 4.92%, 1, 0, 7, 2521.74
1572151995, 0, 1441, 1537, 975, 63, 4.92%, 1, 0, 7, 2121.79
1572152121, 0, 1459, 1537, 969, 58, 4.92%, 1, 0, 7, 2484.54
1572152126, 0, 1468, 1537, 963, 52, 4.92%, 1, 0, 7, 2513.45
1572152131, 0, 1479, 1550, 967, 49, 4.93%, 1, 0, 8, 2307.78
1572152157, 0, 1479, 1553, 970, 49, 4.94%, 1, 0, 8, 1964.97
1572152162, 0, 1479, 1555, 972, 49, 4.94%, 1, 0, 8, 2186.84
1572152177, 0, 1479, 1556, 973, 49, 4.94%, 1, 0, 8, 2032.40
1572152187, 0, 1479, 1557, 974, 49, 4.94%, 1, 0, 8, 2021.52
1572152223, 0, 1479, 1560, 977, 49, 4.95%, 1, 0, 8, 2094.69
1572152233, 0, 1479, 1562, 979, 49, 4.96%, 1, 0, 8, 2045.37
1572152254, 0, 1479, 1563, 980, 49, 4.96%, 1, 0, 8, 2228.55
1572152355, 0, 1480, 1563, 979, 58, 4.96%, 1, 0, 8, 2217.63
1572152381, 0, 1480, 1579, 995, 58, 5.00%, 1, 0, 8, 2077.45
1572152411, 0, 1480, 1584, 1000, 58, 5.00%, 1, 0, 8, 1984.97
1572152447, 0, 1480, 1585, 1001, 58, 5.00%, 1, 0, 8, 1839.64
1572152462, 0, 1480, 1586, 1002, 58, 5.00%, 1, 0, 8, 2131.24
1572152477, 0, 1480, 1595, 1011, 58, 5.01%, 1, 0, 8, 2074.50
1572152574, 0, 1480, 1598, 1014, 58, 5.02%, 1, 0, 8, 1391.13
1572152599, 0, 1480, 1599, 1015, 58, 5.02%, 1, 0, 8, 1458.95
1572152660, 0, 1490, 1607, 1016, 71, 5.02%, 1, 0, 8, 1814.46
1572152665, 0, 1509, 1607, 1011, 66, 5.02%, 1, 0, 8, 2043.27
1572152670, 0, 1517, 1608, 1007, 61, 5.02%, 1, 0, 8, 2068.29
1572152675, 0, 1527, 1609, 1002, 56, 5.02%, 1, 0, 8, 2039.13
1572152680, 0, 1531, 1610, 999, 53, 5.02%, 1, 0, 8, 2100.11
1572152685, 0, 1535, 1612, 997, 51, 5.02%, 1, 0, 8, 2024.91
1572152690, 0, 1548, 1612, 991, 45, 5.02%, 1, 0, 8, 1832.44
1572152695, 0, 1552, 1612, 990, 44, 5.02%, 1, 0, 8, 1828.31
1572152700, 0, 1560, 1612, 983, 37, 5.02%, 1, 0, 8, 2227.36
1572152705, 0, 1565, 1612, 979, 33, 5.02%, 1, 0, 8, 2006.96
1572152842, 0, 1565, 1613, 980, 33, 5.02%, 1, 0, 9, 1400.45
1572153085, 0, 1566, 1613, 979, 33, 5.02%, 1, 0, 9, 1531.75
1572153120, 0, 1566, 1614, 980, 33, 5.02%, 1, 0, 9, 1448.27
1572153211, 0, 1566, 1615, 981, 33, 5.02%, 1, 0, 9, 1440.84
1572153252, 0, 1566, 1618, 984, 33, 5.02%, 1, 0, 9, 144.57
1572153454, 0, 1566, 1619, 985, 33, 5.02%, 1, 0, 9, 1617.80
1572153459, 0, 1571, 1619, 984, 33, 5.02%, 1, 0, 9, 1708.59
1572153581, 0, 1571, 1620, 985, 33, 5.02%, 1, 0, 9, 1433.55
1572153814, 0, 1578, 1620, 982, 31, 5.02%, 1, 0, 9, 1878.60
1572153829, 0, 1578, 1621, 983, 31, 5.03%, 1, 0, 9, 1079.94
1572153865, 0, 1578, 1624, 986, 31, 5.03%, 1, 0, 9, 1095.68
1572153870, 0, 1578, 1625, 987, 31, 5.03%, 1, 0, 9, 1124.65
1572153921, 0, 1578, 1626, 988, 31, 5.03%, 1, 0, 9, 1139.67
1572153977, 0, 1578, 1627, 989, 31, 5.04%, 1, 0, 9, 1116.73
1572153987, 0, 1578, 1628, 990, 31, 5.04%, 1, 0, 9, 1099.34
1572154043, 0, 1578, 1629, 991, 31, 5.04%, 1, 0, 9, 819.15
1572154200, 0, 1578, 1631, 993, 31, 5.04%, 1, 0, 9, 1118.35
1572154291, 0, 1578, 1634, 996, 31, 5.04%, 1, 0, 9, 1162.07
1572154312, 0, 1589, 1634, 991, 34, 5.04%, 1, 0, 9, 1997.02
1572154352, 0, 1589, 1635, 992, 34, 5.04%, 1, 0, 9, 1347.74
1572154443, 0, 1589, 1636, 993, 34, 5.04%, 1, 0, 9, 1362.54
1572154686, 0, 1596, 1636, 990, 33, 5.04%, 1, 0, 9, 1827.25
1572154691, 0, 1602, 1644, 994, 32, 5.04%, 1, 0, 9, 1879.80
1572154696, 0, 1607, 1646, 993, 33, 5.04%, 1, 0, 9, 1913.38
1572154737, 0, 1607, 1648, 995, 33, 5.04%, 1, 0, 9, 1494.20
1572154925, 0, 1607, 1649, 996, 33, 5.04%, 1, 0, 9, 1594.26
1572154966, 0, 1607, 1650, 997, 33, 5.04%, 1, 0, 9, 1593.32
1572154971, 0, 1609, 1656, 1001, 32, 5.04%, 1, 0, 9, 1817.68
1572154991, 0, 1609, 1658, 1003, 32, 5.04%, 1, 0, 9, 1688.06
1572155001, 0, 1609, 1659, 1004, 32, 5.04%, 1, 0, 9, 1566.96
1572155006, 0, 1609, 1661, 1006, 32, 5.04%, 1, 0, 9, 1683.75
1572155042, 0, 1609, 1662, 1007, 32, 5.04%, 1, 0, 9, 1754.96
1572155082, 0, 1609, 1664, 1009, 32, 5.04%, 1, 0, 9, 1749.59
1572155097, 0, 1609, 1665, 1010, 32, 5.04%, 1, 0, 9, 1679.34
1572155168, 0, 1611, 1667, 1011, 38, 5.04%, 1, 0, 9, 1786.60
1572155346, 0, 1612, 1667, 1010, 37, 5.04%, 1, 0, 9, 1756.79
1572155351, 0, 1615, 1667, 1008, 35, 5.04%, 1, 0, 9, 1553.81
1572155386, 0, 1615, 1668, 1009, 35, 5.04%, 1, 0, 10, 1326.67
1572155483, 0, 1615, 1669, 1010, 35, 5.04%, 1, 0, 10, 1429.73
1572155732, 0, 1620, 1669, 1006, 32, 5.04%, 1, 0, 10, 1713.24
1572155904, 0, 1620, 1670, 1007, 32, 5.04%, 1, 0, 10, 1098.61
1572156228, 0, 1625, 1670, 1003, 29, 5.04%, 1, 0, 10, 1807.72
1572156279, 0, 1625, 1671, 1004, 29, 5.04%, 1, 0, 10, 1068.03
1572156406, 0, 1625, 1672, 1005, 29, 5.04%, 1, 0, 10, 1079.18
1572156462, 0, 1625, 1674, 1007, 29, 5.04%, 1, 0, 10, 1369.88
1572156736, 0, 1635, 1674, 1004, 33, 5.04%, 1, 0, 10, 1801.86
1572156741, 0, 1644, 1684, 1010, 34, 5.04%, 1, 0, 10, 1800.47
1572156746, 0, 1650, 1689, 1011, 33, 5.04%, 1, 0, 10, 2034.57
1572156751, 0, 1650, 1700, 1022, 33, 5.04%, 1, 0, 10, 541.29
1572156756, 0, 1650, 1704, 1026, 33, 5.04%, 1, 0, 10, 590.91
1572156761, 0, 1654, 1706, 1025, 38, 5.04%, 1, 0, 10, 1466.11
1572156766, 0, 1654, 1707, 1026, 38, 5.04%, 1, 0, 10, 1714.90
1572156791, 0, 1654, 1708, 1027, 38, 5.04%, 1, 0, 10, 1710.81
1572156959, 0, 1656, 1708, 1025, 37, 5.04%, 1, 0, 10, 1803.73
1572157156, 0, 1657, 1708, 1024, 36, 5.04%, 1, 0, 10, 1704.54
1572157359, 0, 1668, 1708, 1019, 31, 5.04%, 1, 0, 10, 2055.72
1572157364, 0, 1672, 1708, 1015, 27, 5.04%, 1, 0, 10, 1722.91
1572157369, 0, 1672, 1709, 1016, 27, 5.04%, 1, 0, 11, 1180.45
1572157410, 0, 1672, 1711, 1018, 27, 5.05%, 1, 0, 11, 1004.44
1572157526, 0, 1672, 1712, 1019, 27, 5.05%, 1, 0, 11, 1137.79
1572157537, 0, 1672, 1713, 1020, 27, 5.05%, 1, 0, 11, 1126.32
1572157755, 0, 1672, 1714, 1021, 27, 5.05%, 1, 0, 11, 1106.74
1572157866, 0, 1675, 1720, 1026, 31, 5.05%, 1, 0, 11, 1546.07
1572157871, 0, 1687, 1726, 1024, 28, 5.05%, 1, 0, 11, 1805.85
1572157876, 0, 1702, 1729, 1022, 25, 5.05%, 1, 0, 11, 1735.03
1572157881, 0, 1705, 1735, 1026, 24, 5.05%, 1, 0, 11, 1535.36
1572157886, 0, 1707, 1736, 1026, 28, 5.05%, 1, 0, 11, 1602.42
1572157902, 0, 1707, 1737, 1027, 28, 5.05%, 1, 0, 11, 1730.98
1572158079, 0, 1708, 1737, 1026, 27, 5.05%, 1, 0, 11, 1719.08
1572158084, 0, 1711, 1737, 1024, 25, 5.05%, 1, 0, 11, 1343.96
1572158089, 0, 1711, 1738, 1025, 25, 5.05%, 1, 0, 12, 1091.61
1572158130, 0, 1711, 1739, 1026, 25, 5.05%, 1, 0, 12, 1048.15
1572158257, 0, 1711, 1740, 1027, 25, 5.05%, 1, 0, 12, 1096.73
1572158582, 0, 1713, 1740, 1025, 25, 5.05%, 1, 0, 12, 1600.76
1572158617, 0, 1713, 1741, 1026, 25, 5.05%, 1, 0, 12, 1440.24
1572158663, 0, 1713, 1742, 1027, 25, 5.05%, 1, 0, 12, 1574.82
1572158876, 0, 1726, 1743, 1022, 21, 5.06%, 1, 0, 12, 2530.96
1572158881, 0, 1730, 1749, 1025, 20, 5.06%, 1, 0, 12, 2162.43
1572158886, 0, 1739, 1751, 1022, 18, 5.06%, 1, 0, 12, 2371.94
1572158891, 0, 1746, 1752, 1016, 11, 5.06%, 1, 0, 13, 2370.00
1572158896, 0, 1754, 1757, 1018, 10, 5.06%, 1, 0, 13, 2233.07
1572158901, 1, 431, 1758, 1014, 7, 5.06%, 1, 0, 14, 2428.62
1572159095, 1, 431, 1759, 1015, 7, 5.06%, 1, 0, 14, 2417.67
1572159120, 1, 479, 1759, 1014, 8, 5.06%, 1, 0, 14, 2428.91
1572159125, 1, 562, 1759, 1010, 8, 5.06%, 1, 0, 14, 2583.66
1572159151, 1, 615, 1759, 1008, 7, 5.06%, 1, 0, 14, 2470.74
1572159181, 1, 1018, 1759, 1004, 7, 5.06%, 1, 0, 14, 2451.23
1572159364, 1, 1290, 1759, 1000, 5, 5.06%, 1, 0, 14, 2433.24
1572159547, 1, 1758, 1759, 995, 1, 5.06%, 1, 0, 14, 2663.25
1572159572, 1, 1758, 1760, 996, 1, 5.06%, 1, 0, 14, 2210.78
1572159649, 1, 1758, 1761, 997, 1, 5.07%, 1, 0, 14, 2405.54
1572159770, 1, 1760, 1761, 996, 1, 5.07%, 1, 0, 14, 2494.54
1572159852, 1, 1760, 1762, 997, 1, 5.07%, 1, 0, 14, 2070.13
1572159999, 2, 21, 1762, 992, 0, 5.07%, 1, 0, 14, 2681.95
1572160004, 2, 53, 1762, 983, 0, 5.07%, 1, 0, 14, 2810.54
1572160009, 2, 100, 1762, 975, 0, 5.07%, 1, 0, 14, 2615.72
1572160014, 2, 142, 1762, 968, 0, 5.07%, 1, 0, 14, 2692.17
1572160019, 2, 220, 1762, 961, 0, 5.07%, 1, 0, 14, 2795.94
1572160252, 2, 228, 1762, 959, 0, 5.07%, 1, 0, 14, 2254.07
1572160257, 2, 273, 1762, 952, 0, 5.07%, 1, 0, 14, 2510.28
1572160262, 2, 297, 1762, 944, 0, 5.07%, 1, 0, 14, 2566.98
1572160267, 2, 314, 1762, 941, 0, 5.07%, 1, 0, 14, 2334.13
1572160496, 2, 320, 1763, 941, 0, 5.07%, 1, 0, 14, 2121.32
1572160735, 2, 330, 1763, 939, 0, 5.07%, 1, 0, 14, 2457.69
1572160852, 2, 334, 1763, 938, 0, 5.07%, 1, 0, 14, 2581.75
1572160857, 2, 343, 1763, 937, 0, 5.07%, 1, 0, 14, 2589.95
1572160928, 2, 343, 1764, 938, 0, 5.07%, 1, 0, 14, 2581.54
1572160944, 2, 727, 1764, 933, 1, 5.07%, 1, 0, 14, 2322.53
1572161172, 2, 727, 1775, 944, 1, 5.07%, 1, 0, 14, 2171.79
1572161177, 2, 727, 1779, 948, 1, 5.07%, 1, 0, 14, 2283.03
1572161187, 2, 969, 1779, 945, 5, 5.07%, 1, 0, 14, 2596.04
1572161395, 2, 1763, 1779, 940, 5, 5.07%, 1, 0, 14, 2511.58
1572161400, 2, 1764, 1779, 939, 4, 5.07%, 1, 0, 14, 1938.51
1572161584, 2, 1766, 1779, 938, 3, 5.07%, 1, 0, 14, 2134.64
1572161879, 2, 1770, 1779, 937, 2, 5.07%, 1, 0, 14, 2046.95
1572161884, 2, 1770, 1785, 943, 2, 5.07%, 1, 0, 14, 1996.43
1572161890, 2, 1770, 1786, 944, 2, 5.07%, 1, 0, 14, 1980.75
1572161900, 2, 1770, 1789, 947, 2, 5.07%, 1, 0, 14, 2176.25
1572161931, 2, 1770, 1790, 948, 2, 5.07%, 1, 0, 14, 2264.03
1572162032, 2, 1770, 1793, 951, 2, 5.07%, 1, 0, 14, 1870.40
1572162094, 2, 1776, 1794, 951, 13, 5.07%, 1, 0, 14, 2063.62
1572162363, 2, 1776, 1795, 952, 13, 5.07%, 1, 0, 14, 1901.87
1572162368, 2, 1780, 1799, 955, 13, 5.08%, 1, 0, 14, 2058.05
1572162383, 2, 1780, 1801, 957, 13, 5.08%, 1, 0, 14, 1994.37
1572162587, 2, 1783, 1801, 955, 15, 5.08%, 1, 0, 14, 2314.49
1572162592, 2, 1787, 1801, 953, 13, 5.08%, 1, 0, 14, 2344.07
1572162608, 2, 1787, 1802, 954, 13, 5.08%, 1, 0, 14, 2189.86
1572162810, 2, 1790, 1804, 953, 12, 5.08%, 1, 0, 14, 2408.07
1572162973, 2, 1790, 1805, 954, 12, 5.08%, 1, 0, 14, 2043.19
1572163034, 2, 1790, 1808, 957, 12, 5.08%, 1, 0, 14, 2049.74
1572163049, 2, 1793, 1815, 961, 12, 5.08%, 1, 0, 14, 2226.35
1572163055, 2, 1793, 1816, 962, 12, 5.08%, 1, 0, 14, 1969.74
1572163065, 2, 1793, 1817, 963, 12, 5.08%, 1, 0, 14, 1885.23
1572163070, 2, 1793, 1820, 966, 12, 5.08%, 1, 0, 14, 1750.78
1572163110, 2, 1793, 1821, 967, 12, 5.08%, 1, 0, 14, 1971.46
1572163268, 2, 1793, 1823, 969, 12, 5.08%, 1, 0, 14, 1710.13
1572163370, 2, 1793, 1825, 971, 12, 5.08%, 1, 0, 14, 2079.05
1572163375, 2, 1794, 1825, 970, 23, 5.08%, 1, 0, 14, 2072.82
1572163599, 2, 1794, 1826, 971, 23, 5.08%, 1, 0, 14, 2153.68
1572163604, 2, 1797, 1827, 969, 21, 5.08%, 1, 0, 14, 2209.84
1572163827, 2, 1804, 1827, 964, 16, 5.08%, 1, 0, 14, 2382.12
1572164041, 2, 1808, 1827, 963, 15, 5.08%, 1, 0, 14, 2080.27
1572164046, 2, 1810, 1831, 966, 14, 5.08%, 1, 0, 14, 1959.17
1572164062, 2, 1810, 1833, 968, 14, 5.08%, 1, 0, 14, 1687.65
1572164102, 2, 1810, 1834, 969, 14, 5.08%, 1, 0, 14, 1924.59
1572164377, 2, 1817, 1834, 965, 15, 5.08%, 1, 0, 14, 2484.19
1572164382, 2, 1817, 1835, 966, 15, 5.08%, 1, 0, 14, 2050.55
1572164398, 2, 1817, 1836, 967, 15, 5.08%, 1, 0, 14, 1918.79
1572164438, 2, 1817, 1837, 968, 15, 5.08%, 1, 0, 14, 1735.54
1572164601, 2, 1818, 1838, 968, 16, 5.08%, 1, 0, 14, 2019.49
1572164606, 2, 1825, 1838, 963, 11, 5.08%, 1, 0, 14, 2263.78
1572164769, 2, 1827, 1839, 962, 10, 5.08%, 1, 0, 14, 2426.94
1572164774, 2, 1829, 1839, 960, 8, 5.08%, 1, 0, 14, 2181.11
1572165084, 2, 1832, 1839, 958, 6, 5.08%, 1, 0, 14, 2308.35
1572165089, 2, 1833, 1839, 957, 5, 5.08%, 1, 0, 14, 2022.24
1572165323, 2, 1834, 1840, 957, 5, 5.08%, 1, 0, 14, 2215.46
1572165328, 2, 1838, 1840, 955, 3, 5.08%, 1, 0, 14, 1944.77
1572165608, 2, 1839, 1850, 964, 2, 5.08%, 1, 0, 14, 1969.84
1572165623, 2, 1839, 1855, 969, 2, 5.08%, 1, 0, 14, 1648.63
1572165659, 2, 1839, 1856, 970, 2, 5.08%, 1, 0, 14, 1944.90
1572165766, 2, 1839, 1858, 972, 2, 5.08%, 1, 0, 14, 1859.14
1572165833, 2, 1847, 1858, 965, 10, 5.08%, 1, 0, 14, 2319.69
1572165838, 2, 1848, 1859, 965, 9, 5.08%, 1, 0, 14, 1890.00
1572166072, 2, 1856, 1859, 959, 4, 5.08%, 1, 0, 14, 2600.00
1572166077, 2, 1856, 1860, 960, 4, 5.08%, 1, 0, 14, 2148.27
1572166092, 2, 1856, 1861, 961, 4, 5.08%, 1, 0, 14, 1939.19
1572166128, 2, 1856, 1869, 969, 4, 5.09%, 1, 0, 14, 1886.81
1572166163, 2, 1856, 1870, 970, 4, 5.09%, 1, 0, 14, 1961.04
1572166224, 2, 1856, 1871, 971, 4, 5.09%, 1, 0, 14, 1794.90
1572166295, 2, 1861, 1873, 969, 9, 5.09%, 1, 0, 14, 2276.59
1572166514, 2, 1864, 1874, 967, 9, 5.09%, 1, 0, 14, 2348.26
1572166519, 2, 1869, 1876, 965, 5, 5.09%, 1, 0, 14, 2314.90
1572166524, 2, 1869, 1877, 966, 5, 5.09%, 1, 0, 14, 2064.65
1572166732, 2, 1869, 1878, 967, 5, 5.09%, 1, 0, 14, 2200.62
1572166738, 3, 372, 1878, 961, 2, 5.09%, 1, 0, 14, 2636.95
1572166743, 3, 863, 1878, 959, 2, 5.09%, 1, 0, 14, 2365.24
1572166895, 3, 1078, 1878, 958, 2, 5.09%, 1, 0, 14, 2243.74
1572166900, 3, 1171, 1880, 957, 0, 5.09%, 1, 0, 14, 2261.56
1572166931, 3, 1176, 1880, 957, 3, 5.09%, 1, 0, 14, 2281.05
1572167149, 3, 1870, 1880, 955, 3, 5.09%, 1, 0, 14, 1887.73
1572167372, 4, 86, 1880, 950, 1, 5.09%, 1, 0, 14, 2490.70
1572167377, 4, 93, 1882, 951, 1, 5.09%, 1, 0, 14, 2333.67
1572167616, 4, 400, 1882, 951, 1, 5.09%, 1, 0, 14, 2401.98
1572167636, 4, 400, 1883, 952, 1, 5.09%, 1, 0, 14, 2249.41
1572167844, 4, 510, 1883, 950, 2, 5.09%, 1, 0, 14, 2621.40
1572167849, 4, 641, 1883, 949, 2, 5.09%, 1, 0, 14, 2498.74
1572167869, 4, 894, 1883, 947, 1, 5.09%, 1, 0, 14, 2275.55
1572167889, 4, 894, 1884, 948, 1, 5.09%, 1, 0, 14, 2205.71
1572168052, 4, 1041, 1884, 948, 1, 5.09%, 1, 0, 14, 2175.59
1572168073, 4, 1041, 1886, 950, 1, 5.09%, 1, 0, 14, 2206.97
1572168103, 4, 1041, 1887, 951, 1, 5.09%, 1, 0, 14, 2025.45
1572168154, 4, 1041, 1888, 952, 1, 5.10%, 1, 0, 14, 2170.47
1572168159, 4, 1041, 1890, 954, 1, 5.10%, 1, 0, 14, 2283.16
1572168164, 4, 1041, 1893, 957, 1, 5.10%, 1, 0, 14, 2286.48
1572168285, 4, 1391, 1893, 957, 7, 5.10%, 1, 0, 14, 2367.87
1572168448, 4, 1885, 1897, 958, 9, 5.10%, 1, 0, 14, 2528.15
1572168453, 4, 1887, 1899, 959, 8, 5.10%, 1, 0, 14, 2502.59
1572168473, 4, 1887, 1900, 960, 8, 5.10%, 1, 0, 14, 2165.07
1572168478, 4, 1887, 1901, 961, 8, 5.10%, 1, 0, 14, 2091.81
1572168650, 4, 1890, 1901, 960, 9, 5.10%, 1, 0, 14, 2422.03
1572168671, 4, 1890, 1902, 961, 9, 5.10%, 1, 0, 14, 2239.05
1572168874, 4, 1891, 1903, 961, 9, 5.10%, 1, 0, 14, 2404.74
1572168894, 4, 1891, 1904, 962, 9, 5.10%, 1, 0, 14, 2308.74
1572168954, 4, 1891, 1905, 963, 9, 5.10%, 1, 0, 14, 2185.00
1572169097, 4, 1892, 1906, 963, 10, 5.10%, 1, 0, 14, 2252.81
1572169122, 4, 1892, 1907, 964, 10, 5.10%, 1, 0, 14, 2361.95
1572169127, 4, 1892, 1908, 965, 10, 5.10%, 1, 0, 14, 2087.95
1572169178, 4, 1892, 1909, 966, 10, 5.10%, 1, 0, 14, 2249.30
1572169326, 4, 1892, 1911, 968, 10, 5.10%, 1, 0, 14, 2324.56
1572169336, 4, 1893, 1913, 969, 11, 5.10%, 1, 0, 14, 2181.05
1572169453, 4, 1893, 1917, 973, 11, 5.10%, 1, 0, 14, 2134.72
1572169458, 4, 1894, 1918, 973, 13, 5.10%, 1, 0, 14, 2408.11
1572169478, 4, 1894, 1920, 975, 13, 5.10%, 1, 0, 14, 2323.90
1572169483, 4, 1895, 1921, 975, 14, 5.10%, 1, 0, 14, 2388.76
1572169524, 4, 1895, 1927, 981, 14, 5.10%, 1, 0, 15, 766.59
1572169529, 4, 1895, 1930, 984, 14, 5.10%, 1, 0, 15, 762.20
1572169545, 4, 1895, 1932, 986, 14, 5.10%, 1, 0, 15, 917.05
1572169555, 4, 1895, 1935, 989, 14, 5.10%, 1, 0, 15, 955.63
1572169616, 4, 1895, 1938, 992, 14, 5.10%, 1, 0, 15, 982.11
1572169687, 4, 1895, 1940, 994, 14, 5.10%, 1, 0, 15, 918.52
1572169697, 4, 1895, 1941, 995, 14, 5.10%, 1, 0, 15, 1048.21
1572169702, 4, 1895, 1942, 996, 14, 5.10%, 1, 0, 15, 871.67
1572169733, 4, 1895, 1943, 997, 14, 5.10%, 1, 0, 15, 1238.95
1572169900, 4, 1895, 1944, 998, 14, 5.10%, 1, 0, 15, 1145.04
1572169915, 4, 1896, 1944, 997, 20, 5.10%, 1, 0, 15, 1438.59
1572169956, 4, 1896, 1945, 998, 20, 5.10%, 1, 0, 15, 824.31
1572169982, 4, 1896, 1948, 1001, 20, 5.10%, 1, 0, 15, 851.76
1572170053, 4, 1896, 1951, 1004, 20, 5.10%, 1, 0, 15, 854.92
1572170119, 4, 1896, 1952, 1005, 20, 5.10%, 1, 0, 15, 978.43
1572170195, 4, 1896, 1953, 1006, 20, 5.11%, 1, 0, 15, 1032.86
1572170241, 4, 1896, 1955, 1008, 20, 5.11%, 1, 0, 15, 1195.37
1572170251, 4, 1896, 1956, 1009, 20, 5.11%, 1, 0, 15, 1051.84
1572170565, 4, 1896, 1957, 1010, 20, 5.11%, 1, 0, 15, 936.02
1572170631, 4, 1896, 1958, 1011, 20, 5.11%, 1, 0, 15, 996.47
1572170687, 4, 1901, 1958, 1009, 23, 5.11%, 1, 0, 15, 1877.47
1572170692, 4, 1915, 1958, 1006, 20, 5.11%, 1, 0, 15, 2190.21
1572170722, 4, 1915, 1959, 1007, 20, 5.11%, 1, 0, 15, 2220.94
1572170758, 4, 1916, 1960, 1007, 20, 5.11%, 1, 0, 15, 2401.64
1572170783, 4, 1916, 1961, 1008, 20, 5.11%, 1, 0, 15, 2616.14
1572170788, 4, 1917, 1961, 1007, 20, 5.11%, 1, 0, 15, 2618.25
1572170819, 4, 1917, 1963, 1009, 20, 5.11%, 1, 0, 15, 2331.10
1572170824, 4, 1920, 1963, 1008, 20, 5.11%, 1, 0, 15, 1946.21
1572170891, 4, 1921, 1963, 1007, 19, 5.11%, 1, 0, 15, 1572.89
1572171303, 4, 1921, 1964, 1008, 19, 5.11%, 1, 0, 16, 1150.77
1572171333, 4, 1935, 1964, 1007, 19, 5.11%, 1, 0, 16, 1622.73
1572171541, 4, 1935, 1965, 1008, 19, 5.11%, 1, 0, 16, 1097.64
1572171754, 4, 1935, 1966, 1009, 19, 5.11%, 1, 0, 16, 2011.15
1572171759, 4, 1944, 1966, 1005, 17, 5.11%, 1, 0, 16, 2455.98
1572172539, 4, 1948, 1966, 1004, 16, 5.11%, 1, 0, 16, 1221.01
1572172737, 4, 1948, 1967, 1005, 16, 5.11%, 1, 0, 16, 968.39
1572173289, 4, 1957, 1967, 1000, 13, 5.11%, 1, 0, 16, 2401.97
1572173508, 4, 1957, 1968, 1001, 13, 5.11%, 1, 0, 16, 1001.38
1572174015, 4, 1958, 1968, 1000, 13, 5.11%, 1, 0, 16, 2036.27
1572174076, 4, 1961, 1968, 998, 11, 5.11%, 1, 0, 16, 2428.32
1572174117, 4, 1961, 1969, 999, 11, 5.11%, 1, 0, 16, 2365.28
1572174127, 4, 1963, 1969, 998, 11, 5.11%, 1, 0, 16, 1458.94
1572174341, 4, 1963, 1970, 999, 11, 5.11%, 1, 0, 17, 869.29
1572174580, 4, 1963, 1975, 1004, 11, 5.11%, 1, 0, 17, 1173.23
1572174900, 4, 1965, 1975, 1002, 14, 5.11%, 1, 0, 17, 2096.03
1572174966, 4, 1965, 1976, 1003, 14, 5.11%, 1, 0, 17, 989.03
1572175118, 4, 1965, 1977, 1004, 14, 5.11%, 1, 0, 17, 902.08
1572175653, 4, 1966, 1977, 1003, 14, 5.11%, 1, 0, 17, 1868.68
1572175876, 4, 1966, 1978, 1004, 14, 5.11%, 1, 0, 17, 918.97
1572176526, 4, 1968, 1978, 1002, 13, 5.11%, 1, 0, 17, 1670.01
1572176622, 4, 1968, 1980, 1004, 13, 5.11%, 1, 0, 17, 1658.37
1572176627, 4, 1968, 1982, 1006, 13, 5.11%, 1, 0, 17, 1808.11
1572176632, 4, 1970, 1983, 1005, 12, 5.11%, 1, 0, 17, 1900.48
1572176718, 4, 1970, 1984, 1006, 12, 5.11%, 1, 0, 18, 632.21
1572176723, 4, 1970, 1985, 1007, 12, 5.11%, 1, 0, 18, 640.91
1572176941, 4, 1970, 1986, 1008, 12, 5.11%, 1, 0, 18, 619.52
1572176951, 4, 1970, 1987, 1009, 12, 5.11%, 1, 0, 18, 725.91
1572177784, 4, 1975, 1987, 1006, 10, 5.11%, 1, 0, 18, 1764.67
1572178098, 4, 1975, 1988, 1007, 10, 5.11%, 1, 0, 18, 712.19
1572178900, 4, 1981, 1988, 1004, 8, 5.11%, 1, 0, 18, 1744.54
1572179102, 4, 1981, 1990, 1006, 8, 5.11%, 1, 0, 18, 1610.94
1572179112, 4, 1988, 1990, 1003, 6, 5.11%, 1, 0, 18, 1895.47
1572179320, 4, 1988, 1991, 1004, 6, 5.11%, 1, 0, 18, 1662.25
1572179330, 4, 1989, 1991, 1003, 6, 5.11%, 1, 0, 18, 1726.69
1572179710, 4, 1989, 1993, 1005, 6, 5.11%, 1, 0, 18, 1488.12
1572179715, 4, 1989, 1994, 1006, 6, 5.11%, 1, 0, 18, 1575.33
1572179720, 4, 1990, 1994, 1005, 7, 5.11%, 1, 0, 18, 1551.94
1572180182, 4, 1990, 1995, 1006, 7, 5.11%, 1, 0, 18, 1674.76
1572180187, 4, 1991, 1996, 1006, 7, 5.11%, 1, 0, 18, 1670.63
1572180557, 4, 1994, 1996, 1005, 6, 5.11%, 1, 0, 18, 1668.99
1572181414, 4, 1994, 1998, 1007, 6, 5.11%, 1, 0, 18, 1413.79
1572181430, 4, 1997, 1998, 1006, 6, 5.11%, 1, 0, 18, 1463.81
1572182717, 4, 1997, 2000, 1008, 6, 5.11%, 1, 0, 18, 1321.77
1572182732, 4, 1998, 2000, 1007, 8, 5.11%, 1, 0, 18, 1426.93
1572184311, 4, 1998, 2001, 1008, 8, 5.11%, 1, 0, 18, 1808.00
1572184316, 4, 2000, 2001, 1007, 8, 5.11%, 1, 0, 18, 1675.55
1572187246, 5, 716, 2001, 1003, 7, 5.11%, 1, 0, 18, 2069.79
1572187342, 5, 1276, 2001, 999, 5, 5.11%, 1, 0, 18, 2637.72
1572187429, 5, 1276, 2002, 1000, 5, 5.11%, 1, 0, 18, 2482.63
1572187515, 5, 1698, 2003, 997, 4, 5.11%, 1, 0, 18, 2370.84
1572187520, 5, 1919, 2003, 995, 4, 5.11%, 1, 0, 18, 2618.69
1572187550, 5, 1980, 2003, 994, 3, 5.11%, 1, 0, 18, 2473.98
1572187673, 5, 2002, 2003, 992, 1, 5.11%, 1, 0, 18, 2584.45
1572187678, 5, 2002, 2005, 994, 1, 5.11%, 1, 0, 18, 190.25
1572187872, 5, 2002, 2006, 995, 1, 5.11%, 1, 0, 18, 177.39
1572187887, 5, 2002, 2007, 996, 1, 5.11%, 1, 0, 18, 158.46
1572187984, 5, 2002, 2008, 997, 1, 5.11%, 1, 0, 18, 185.07
1572188005, 5, 2002, 2013, 1002, 1, 5.11%, 1, 0, 18, 211.72
1572188010, 5, 2002, 2014, 1003, 1, 5.11%, 1, 0, 18, 187.62
1572188353, 5, 2002, 2018, 1007, 1, 5.11%, 1, 0, 18, 196.20
1572188358, 5, 2002, 2019, 1008, 1, 5.11%, 1, 0, 18, 209.99
1572188691, 5, 2002, 2020, 1009, 1, 5.11%, 1, 0, 18, 248.70
1572189309, 5, 2002, 2022, 1011, 1, 5.11%, 1, 0, 18, 1359.47
1572189355, 5, 2002, 2023, 1012, 1, 5.11%, 1, 0, 18, 254.28
1572190526, 5, 2002, 2024, 1013, 1, 5.11%, 1, 0, 18, 203.32
1572190571, 5, 2002, 2026, 1015, 1, 5.11%, 1, 0, 18, 242.03
1572191109, 5, 2002, 2027, 1016, 1, 5.11%, 1, 0, 18, 149.29
1572191379, 5, 2008, 2027, 1013, 15, 5.11%, 1, 0, 18, 1556.62
1572191384, 5, 2017, 2028, 1010, 12, 5.11%, 1, 0, 18, 1842.49
1572191389, 5, 2020, 2030, 1010, 11, 5.11%, 1, 0, 18, 221.38
1572192860, 5, 2020, 2031, 1011, 11, 5.11%, 1, 0, 18, 247.66
1572193569, 5, 2020, 2032, 1012, 11, 5.11%, 1, 0, 18, 245.13
1572194267, 5, 2024, 2032, 1011, 11, 5.11%, 1, 0, 18, 1187.40
1572194298, 5, 2024, 2042, 1021, 11, 5.11%, 1, 0, 18, 1142.10
1572194313, 5, 2024, 2043, 1022, 11, 5.11%, 1, 0, 18, 1226.13
1572194318, 5, 2024, 2044, 1023, 11, 5.11%, 1, 0, 18, 1223.09
1572194440, 5, 2024, 2047, 1026, 11, 5.11%, 1, 0, 18, 1170.05
1572194490, 5, 2024, 2049, 1028, 11, 5.11%, 1, 0, 18, 1462.24
1572194602, 5, 2024, 2050, 1029, 11, 5.11%, 1, 0, 18, 1121.93
1572194653, 5, 2024, 2052, 1031, 11, 5.11%, 1, 0, 18, 1129.56
1572194658, 5, 2024, 2053, 1032, 11, 5.11%, 1, 0, 18, 1021.36
1572194709, 5, 2024, 2054, 1033, 11, 5.11%, 1, 0, 18, 1886.82
1572194724, 5, 2026, 2054, 1032, 21, 5.11%, 1, 0, 18, 174.20
1572194985, 5, 2026, 2055, 1033, 21, 5.11%, 1, 0, 18, 179.27
1572194996, 5, 2026, 2056, 1034, 21, 5.11%, 1, 0, 18, 178.23
1572195328, 5, 2026, 2057, 1035, 21, 5.11%, 1, 0, 18, 152.87
1572195685, 5, 2026, 2058, 1036, 21, 5.11%, 1, 0, 18, 156.06
1572195910, 5, 2026, 2059, 1037, 21, 5.11%, 1, 0, 18, 176.93
1572197160, 5, 2026, 2060, 1038, 21, 5.11%, 1, 0, 18, 163.24
1572197400, 5, 2028, 2061, 1038, 25, 5.11%, 1, 0, 18, 178.31
1572197711, 5, 2028, 2062, 1039, 25, 5.11%, 1, 0, 18, 204.04
1572197736, 5, 2028, 2064, 1041, 25, 5.11%, 1, 0, 18, 226.75
1572198088, 5, 2028, 2065, 1042, 25, 5.11%, 1, 0, 18, 237.57
1572198430, 5, 2028, 2066, 1043, 25, 5.11%, 1, 0, 18, 247.50
1572199028, 5, 2028, 2067, 1044, 25, 5.11%, 1, 0, 18, 492.11
1572201091, 5, 2029, 2067, 1043, 26, 5.11%, 1, 0, 18, 863.43
1572201270, 5, 2029, 2068, 1044, 26, 5.12%, 1, 0, 18, 287.49
1572201285, 5, 2029, 2069, 1045, 26, 5.12%, 1, 0, 18, 344.61
1572201300, 5, 2029, 2070, 1046, 26, 5.12%, 1, 0, 18, 326.20
1572201745, 5, 2029, 2071, 1047, 26, 5.12%, 1, 0, 18, 362.03
1572202082, 5, 2029, 2073, 1049, 26, 5.13%, 1, 0, 18, 286.63
1572204007, 5, 2029, 2074, 1050, 26, 5.13%, 1, 0, 18, 533.25
1572204109, 5, 2030, 2074, 1049, 30, 5.13%, 1, 0, 18, 192.15
