# unix_time, cycles_done, cur_path, paths_total, pending_total, pending_favs, map_size, unique_crashes, unique_hangs, max_depth, execs_per_sec
1572533421, 0, 0, 1, 1, 1, 1.37%, 0, 0, 1, 2000.00
1572533426, 0, 0, 61, 61, 1, 1.79%, 0, 0, 2, 2680.27
1572533442, 0, 0, 152, 152, 1, 2.10%, 0, 0, 2, 2788.47
1572533447, 0, 0, 209, 209, 1, 2.25%, 0, 0, 2, 2753.80
1572533462, 0, 0, 211, 211, 1, 2.26%, 0, 0, 2, 2780.83
1572533467, 0, 0, 219, 219, 1, 2.27%, 0, 0, 2, 2779.28
1572533483, 0, 0, 220, 220, 1, 2.28%, 0, 0, 2, 2764.45
1572533488, 0, 0, 226, 226, 1, 2.31%, 0, 0, 2, 2738.62
1572533493, 0, 0, 255, 255, 1, 2.62%, 0, 0, 2, 2770.94
1572533498, 0, 0, 260, 260, 1, 2.64%, 0, 0, 2, 2798.17
1572533503, 0, 0, 268, 268, 1, 2.73%, 0, 0, 2, 2785.99
1572533508, 0, 0, 271, 271, 1, 2.74%, 0, 0, 2, 2751.79
1572533518, 0, 0, 281, 281, 1, 2.75%, 0, 0, 2, 2774.20
1572533524, 0, 0, 282, 282, 1, 2.75%, 0, 0, 2, 2793.82
1572533529, 0, 0, 283, 283, 1, 2.75%, 0, 0, 2, 2792.02
1572533544, 0, 0, 284, 284, 1, 2.76%, 0, 0, 2, 2756.89
1572533564, 0, 0, 287, 287, 1, 2.76%, 0, 0, 2, 2771.08
1572533570, 0, 0, 293, 293, 1, 2.81%, 0, 0, 2, 2793.17
1572533575, 0, 0, 295, 295, 1, 2.81%, 0, 0, 2, 2777.13
1572533585, 0, 0, 297, 297, 1, 2.81%, 0, 0, 2, 2757.33
1572533590, 0, 0, 298, 298, 1, 2.82%, 0, 0, 2, 2774.20
1572533595, 0, 0, 327, 327, 1, 2.84%, 0, 0, 2, 2939.60
1572533600, 0, 0, 343, 343, 1, 2.85%, 0, 0, 2, 3004.71
1572533605, 0, 17, 349, 341, 103, 2.85%, 0, 0, 2, 3132.66
1572533610, 0, 34, 350, 339, 100, 2.85%, 0, 0, 3, 2902.20
1572533625, 0, 34, 353, 342, 100, 2.85%, 0, 0, 3, 2732.04
1572533631, 0, 34, 354, 343, 100, 2.85%, 0, 0, 3, 2746.92
1572533651, 0, 34, 355, 344, 100, 2.86%, 0, 0, 3, 2760.44
1572533687, 0, 34, 356, 345, 100, 2.86%, 0, 0, 3, 2793.99
1572533702, 0, 34, 358, 347, 100, 2.86%, 0, 0, 3, 2779.55
1572533774, 0, 57, 358, 345, 102, 2.86%, 0, 0, 3, 2899.65
1572533810, 0, 57, 360, 347, 102, 2.86%, 0, 0, 3, 1412.76
1572533815, 0, 57, 361, 348, 102, 2.86%, 0, 0, 3, 1414.29
1572533907, 0, 57, 362, 349, 102, 2.93%, 0, 0, 3, 1409.62
1572534114, 0, 66, 362, 348, 102, 2.93%, 0, 0, 3, 1488.17
1572534160, 0, 66, 363, 349, 102, 2.93%, 0, 0, 3, 1394.38
1572534266, 0, 66, 364, 350, 102, 2.94%, 0, 0, 3, 1371.26
1572534438, 0, 66, 366, 352, 102, 2.94%, 0, 0, 3, 2688.08
1572534443, 0, 66, 371, 357, 102, 2.95%, 0, 0, 3, 2847.62
1572534448, 0, 66, 375, 361, 102, 2.95%, 0, 0, 3, 2898.34
1572534453, 0, 116, 377, 355, 101, 2.99%, 0, 0, 3, 3135.39
1572534474, 0, 116, 382, 360, 101, 3.01%, 0, 0, 3, 2691.41
1572534479, 0, 116, 386, 364, 101, 3.02%, 0, 0, 3, 2680.93
1572534494, 0, 116, 389, 367, 101, 3.02%, 0, 0, 3, 2698.05
1572534499, 0, 116, 392, 370, 101, 3.02%, 0, 0, 3, 2693.56
1572534525, 0, 116, 396, 374, 101, 3.02%, 0, 0, 3, 2708.35
1572534535, 0, 116, 398, 376, 101, 3.03%, 0, 0, 3, 2720.99
1572534550, 0, 116, 399, 377, 101, 3.03%, 0, 0, 3, 2721.49
1572534632, 0, 123, 400, 376, 109, 3.03%, 0, 0, 3, 2829.02
1572534637, 0, 132, 400, 373, 106, 3.03%, 0, 0, 3, 2826.84
1572534658, 0, 132, 401, 374, 106, 3.03%, 0, 0, 3, 2699.90
1572534816, 0, 145, 401, 368, 102, 3.03%, 0, 0, 3, 3023.93
1572534821, 0, 145, 402, 369, 102, 3.03%, 0, 0, 3, 2737.10
1572534836, 0, 145, 406, 373, 102, 3.03%, 0, 0, 3, 2686.50
1572534883, 0, 145, 407, 374, 102, 3.03%, 0, 0, 3, 2672.06
1572534903, 0, 145, 408, 375, 102, 3.03%, 0, 0, 3, 2716.11
1572534995, 0, 160, 408, 374, 101, 3.03%, 0, 0, 3, 2753.83
1572535000, 0, 165, 409, 374, 100, 3.03%, 0, 0, 3, 2713.09
1572535021, 0, 165, 410, 375, 100, 3.03%, 0, 0, 3, 2674.90
1572535062, 0, 165, 411, 376, 100, 3.03%, 0, 0, 3, 2673.83
1572535078, 0, 165, 412, 377, 100, 3.03%, 0, 0, 3, 2726.21
1572535083, 0, 165, 413, 378, 100, 3.03%, 0, 0, 3, 2709.94
1572535175, 0, 171, 413, 377, 102, 3.03%, 0, 0, 3, 2825.50
1572535195, 0, 171, 415, 379, 102, 3.04%, 0, 0, 3, 2610.48
1572535200, 0, 171, 416, 380, 102, 3.05%, 0, 0, 3, 2602.99
1572535247, 0, 171, 418, 382, 102, 3.05%, 0, 0, 3, 2625.96
1572535257, 0, 171, 419, 383, 102, 3.05%, 0, 0, 3, 2665.10
1572535272, 0, 171, 420, 384, 102, 3.05%, 0, 0, 3, 2639.11
1572535359, 0, 176, 420, 382, 102, 3.05%, 0, 0, 3, 2838.89
1572535379, 0, 176, 421, 383, 102, 3.05%, 0, 0, 3, 2685.51
1572535384, 0, 176, 423, 385, 102, 3.05%, 0, 0, 3, 2689.08
1572535441, 0, 176, 426, 388, 102, 3.05%, 0, 0, 3, 2696.72
1572535456, 0, 176, 427, 389, 102, 3.06%, 0, 0, 3, 2684.45
1572535538, 0, 208, 427, 383, 98, 3.06%, 0, 0, 3, 2971.22
1572535543, 0, 208, 429, 385, 98, 3.06%, 0, 0, 3, 2716.83
1572535558, 0, 208, 430, 386, 98, 3.06%, 0, 0, 3, 2671.21
1572535563, 0, 208, 432, 388, 98, 3.06%, 0, 0, 3, 2690.93
1572535584, 0, 208, 433, 389, 98, 3.06%, 0, 0, 3, 2687.89
1572535610, 0, 208, 434, 390, 98, 3.07%, 0, 0, 3, 2698.91
1572535706, 0, 208, 435, 391, 98, 3.07%, 0, 0, 3, 2700.01
1572535717, 0, 209, 435, 390, 99, 3.07%, 0, 0, 3, 2768.71
1572535737, 0, 209, 441, 396, 99, 3.08%, 0, 0, 3, 2655.25
1572535890, 0, 209, 442, 397, 99, 3.08%, 0, 0, 3, 2692.59
1572535900, 0, 235, 442, 391, 97, 3.08%, 0, 0, 3, 2965.14
1572535906, 0, 235, 444, 393, 97, 3.08%, 0, 0, 3, 2741.75
1572535972, 0, 235, 445, 394, 97, 3.09%, 0, 0, 3, 2705.15
1572536054, 0, 235, 446, 395, 97, 3.09%, 0, 0, 3, 2700.78
1572536084, 0, 254, 447, 391, 95, 3.09%, 0, 0, 3, 3006.00
1572536105, 0, 254, 448, 392, 95, 3.09%, 0, 0, 3, 2643.69
1572536156, 0, 254, 449, 393, 95, 3.09%, 0, 0, 3, 2707.71
1572536268, 0, 257, 449, 391, 95, 3.09%, 0, 0, 3, 2828.72
1572536288, 0, 257, 451, 393, 95, 3.09%, 0, 0, 3, 2689.03
1572536345, 0, 257, 453, 395, 95, 3.10%, 0, 0, 3, 2692.03
1572536350, 0, 257, 454, 396, 95, 3.10%, 0, 0, 3, 2709.36
1572536452, 0, 265, 454, 392, 92, 3.10%, 0, 0, 3, 2817.77
1572536473, 0, 265, 455, 393, 92, 3.10%, 0, 0, 3, 2701.05
1572536519, 0, 265, 456, 394, 92, 3.10%, 0, 0, 3, 2663.82
1572536540, 0, 265, 457, 395, 92, 3.10%, 0, 0, 3, 2709.24
1572536550, 0, 265, 458, 396, 92, 3.10%, 0, 0, 3, 2646.80
1572536682, 0, 266, 459, 396, 92, 3.10%, 0, 0, 3, 1460.69
1572536687, 0, 266, 460, 397, 92, 3.10%, 0, 0, 3, 1419.62
1572536727, 0, 266, 461, 398, 92, 3.10%, 0, 0, 3, 1358.53
1572536839, 0, 266, 462, 399, 92, 3.11%, 0, 0, 3, 1390.21
1572536854, 0, 266, 463, 400, 92, 3.11%, 0, 0, 3, 1376.05
1572537042, 0, 267, 463, 399, 91, 3.11%, 0, 0, 3, 1412.71
1572537083, 0, 267, 464, 400, 91, 3.11%, 0, 0, 3, 1374.87
1572537199, 0, 267, 465, 401, 91, 3.11%, 0, 0, 3, 1380.31
1572537214, 0, 267, 466, 402, 91, 3.11%, 0, 0, 3, 1381.12
1572537397, 0, 268, 466, 401, 91, 3.11%, 0, 0, 3, 1462.13
1572537443, 0, 268, 467, 402, 91, 3.11%, 0, 0, 3, 1365.58
1572537554, 0, 268, 469, 404, 91, 3.11%, 0, 0, 3, 1392.78
1572537565, 0, 268, 470, 405, 91, 3.11%, 0, 0, 3, 1379.39
1572537575, 0, 268, 471, 406, 91, 3.11%, 0, 0, 3, 1381.25
1572537737, 0, 268, 472, 407, 91, 3.12%, 0, 0, 3, 1381.42
1572537762, 0, 268, 477, 412, 91, 3.13%, 0, 0, 3, 1461.61
1572537772, 0, 268, 479, 414, 91, 3.13%, 0, 0, 3, 1475.33
1572537777, 0, 268, 481, 416, 91, 3.13%, 0, 0, 3, 1484.47
1572537782, 0, 269, 481, 415, 99, 3.13%, 0, 0, 3, 1446.18
1572537823, 0, 269, 482, 416, 99, 3.13%, 0, 0, 3, 1370.29
1572537894, 0, 269, 483, 417, 99, 3.13%, 0, 0, 3, 2679.77
1572537910, 0, 269, 484, 418, 99, 3.13%, 0, 0, 3, 2691.94
1572538001, 0, 272, 484, 416, 98, 3.13%, 0, 0, 3, 2718.44
1572538022, 0, 272, 485, 417, 98, 3.13%, 0, 0, 3, 2692.39
1572538079, 0, 272, 486, 418, 98, 3.14%, 0, 0, 3, 2693.48
1572538099, 0, 272, 487, 419, 98, 3.14%, 0, 0, 3, 2700.01
1572538186, 0, 288, 487, 417, 98, 3.14%, 0, 0, 3, 2749.53
1572538201, 0, 288, 491, 421, 98, 3.14%, 0, 0, 3, 2673.17
1572538206, 0, 288, 505, 435, 98, 3.14%, 0, 0, 3, 2658.36
1572538253, 0, 288, 507, 437, 98, 3.14%, 0, 0, 3, 2710.36
1572538293, 0, 288, 508, 438, 98, 3.14%, 0, 0, 3, 2693.00
1572538334, 0, 288, 509, 439, 98, 3.14%, 0, 0, 3, 2716.64
1572538339, 0, 288, 510, 440, 98, 3.14%, 0, 0, 3, 2689.96
1572538355, 0, 288, 511, 441, 98, 3.14%, 0, 0, 3, 2705.79
1572538370, 0, 306, 520, 446, 100, 3.14%, 0, 0, 3, 2732.08
1572538390, 0, 306, 532, 458, 100, 3.14%, 0, 0, 3, 2613.95
1572538396, 0, 306, 533, 459, 100, 3.14%, 0, 0, 3, 2595.19
1572538411, 0, 306, 534, 460, 100, 3.14%, 0, 0, 3, 2589.27
1572538416, 0, 306, 535, 461, 100, 3.14%, 0, 0, 3, 2597.46
1572538442, 0, 306, 540, 466, 100, 3.14%, 0, 0, 3, 2543.38
1572538452, 0, 306, 544, 470, 100, 3.14%, 0, 0, 3, 2620.64
1572538467, 0, 306, 545, 471, 100, 3.14%, 0, 0, 3, 2667.60
1572538544, 0, 306, 549, 475, 100, 3.14%, 0, 0, 3, 2641.69
1572538559, 0, 310, 550, 475, 112, 3.14%, 0, 0, 3, 2802.57
1572538621, 0, 310, 551, 476, 112, 3.14%, 0, 0, 3, 2872.44
1572538662, 0, 311, 553, 477, 112, 3.14%, 0, 0, 3, 2957.61
1572538677, 0, 311, 555, 479, 112, 3.14%, 0, 0, 3, 2979.93
1572538698, 0, 311, 556, 480, 112, 3.14%, 0, 0, 3, 2960.50
1572538718, 0, 311, 557, 481, 112, 3.14%, 0, 0, 3, 2936.74
1572538724, 0, 312, 558, 481, 112, 3.15%, 0, 0, 3, 2851.35
1572538744, 0, 312, 560, 483, 112, 3.15%, 0, 0, 3, 2674.20
1572538795, 0, 312, 563, 486, 112, 3.16%, 0, 0, 3, 2675.62
1572538800, 0, 312, 565, 488, 112, 3.16%, 0, 0, 3, 2715.13
1572538805, 0, 312, 567, 490, 112, 3.17%, 0, 0, 3, 2708.67
1572538821, 0, 312, 569, 492, 112, 3.17%, 0, 0, 3, 2697.13
1572538867, 0, 312, 570, 493, 112, 3.17%, 0, 0, 3, 2700.78
1572538887, 0, 312, 572, 495, 112, 3.18%, 0, 0, 3, 2692.53
1572538892, 0, 312, 573, 496, 112, 3.18%, 0, 0, 3, 2727.72
1572538908, 0, 319, 578, 499, 122, 3.18%, 0, 0, 3, 2803.03
1572538928, 0, 319, 579, 500, 122, 3.18%, 0, 0, 3, 2873.59
1572538974, 0, 319, 582, 503, 122, 3.18%, 0, 0, 3, 2858.90
1572539051, 0, 321, 583, 502, 121, 3.18%, 0, 0, 3, 2855.28
1572539067, 0, 321, 591, 510, 121, 3.28%, 0, 0, 3, 2836.11
1572539072, 0, 321, 595, 514, 121, 3.31%, 0, 0, 3, 2808.58
1572539088, 0, 321, 596, 515, 121, 3.31%, 0, 0, 3, 2853.76
1572539093, 0, 321, 598, 517, 121, 3.31%, 0, 0, 3, 2769.28
1572539113, 0, 321, 600, 519, 121, 3.32%, 0, 0, 3, 2794.33
1572539118, 0, 321, 601, 520, 121, 3.32%, 0, 0, 3, 2840.43
1572539123, 0, 321, 602, 521, 121, 3.32%, 0, 0, 3, 2824.58
1572539164, 0, 321, 603, 522, 121, 3.32%, 0, 0, 3, 2862.81
1572539174, 0, 322, 603, 521, 136, 3.32%, 0, 0, 3, 2862.65
1572539241, 0, 322, 604, 522, 136, 3.32%, 0, 0, 3, 2898.07
1572539261, 0, 324, 607, 524, 135, 3.33%, 0, 0, 3, 2956.24
1572539267, 0, 324, 623, 540, 135, 3.48%, 0, 0, 3, 3005.34
1572539272, 0, 324, 628, 545, 135, 3.51%, 0, 0, 3, 3004.43
1572539277, 0, 334, 629, 541, 147, 3.51%, 0, 0, 3, 2959.18
1572539297, 0, 334, 630, 542, 147, 3.51%, 0, 0, 3, 2907.32
1572539349, 0, 335, 630, 541, 146, 3.51%, 0, 0, 3, 2668.04
1572539369, 0, 335, 631, 542, 146, 3.51%, 0, 0, 3, 2565.54
1572539390, 0, 335, 632, 543, 146, 3.51%, 0, 0, 3, 2579.26
1572539421, 0, 335, 633, 544, 146, 3.51%, 0, 0, 3, 2566.67
1572539426, 0, 335, 637, 548, 146, 3.51%, 0, 0, 3, 2592.18
1572539436, 0, 335, 638, 549, 146, 3.51%, 0, 0, 3, 2574.51
1572539446, 0, 335, 639, 550, 146, 3.51%, 0, 0, 3, 2584.41
1572539538, 0, 345, 639, 546, 145, 3.51%, 0, 0, 3, 2826.05
1572539543, 0, 345, 640, 547, 145, 3.51%, 0, 0, 3, 2799.39
1572539563, 0, 345, 641, 548, 145, 3.51%, 0, 0, 3, 2773.89
1572539610, 0, 345, 642, 549, 145, 3.51%, 0, 0, 3, 2802.07
1572539620, 0, 345, 643, 550, 145, 3.51%, 0, 0, 3, 2809.88
1572539681, 0, 348, 643, 549, 145, 3.51%, 0, 0, 3, 2900.57
1572539737, 0, 356, 643, 547, 143, 3.51%, 0, 0, 3, 2769.23
1572539926, 0, 357, 643, 546, 142, 3.51%, 0, 0, 3, 2686.69
1572539947, 0, 357, 644, 547, 142, 3.51%, 0, 0, 4, 2655.92
1572540004, 0, 357, 645, 548, 142, 3.51%, 0, 0, 4, 2692.63
1572540024, 0, 357, 646, 549, 142, 3.51%, 0, 0, 4, 2681.55
1572540111, 0, 361, 699, 600, 142, 3.56%, 0, 0, 4, 2783.32
1572540116, 0, 371, 721, 619, 152, 3.59%, 0, 0, 4, 2779.81
1572540136, 0, 371, 724, 622, 152, 3.59%, 0, 0, 4, 2740.61
1572540183, 0, 371, 725, 623, 152, 3.59%, 0, 0, 4, 2764.34
1572540269, 0, 372, 725, 622, 154, 3.59%, 0, 0, 4, 2732.22
1572540290, 0, 372, 727, 624, 154, 3.59%, 0, 0, 4, 2661.87
1572540463, 0, 386, 728, 623, 153, 3.59%, 0, 0, 4, 2775.39
1572540484, 0, 386, 729, 624, 153, 3.59%, 0, 0, 4, 2658.96
1572540658, 0, 391, 729, 623, 153, 3.59%, 0, 0, 4, 2761.81
1572540678, 0, 391, 730, 624, 153, 3.59%, 0, 0, 4, 2664.25
1572540893, 0, 398, 730, 620, 150, 3.59%, 0, 0, 4, 1574.65
1572540934, 0, 398, 731, 621, 150, 3.59%, 0, 0, 4, 1300.88
1572541281, 0, 401, 731, 619, 149, 3.59%, 0, 0, 4, 1508.00
1572541286, 0, 410, 733, 620, 148, 3.59%, 0, 0, 4, 1433.10
1572541321, 0, 410, 734, 621, 148, 3.59%, 0, 0, 4, 1328.87
1572541327, 0, 410, 735, 622, 148, 3.60%, 0, 0, 4, 1334.50
1572541332, 0, 410, 736, 623, 148, 3.60%, 0, 0, 4, 1330.70
1572541413, 0, 410, 737, 624, 148, 3.60%, 0, 0, 4, 1342.65
1572541438, 0, 410, 738, 625, 148, 3.60%, 0, 0, 4, 1348.83
1572541458, 0, 410, 740, 627, 148, 3.60%, 0, 0, 4, 1352.97
1572541463, 0, 410, 741, 628, 148, 3.60%, 0, 0, 4, 1349.79
1572541621, 0, 413, 741, 626, 151, 3.60%, 0, 0, 4, 1454.36
1572541662, 0, 413, 742, 627, 151, 3.60%, 0, 0, 4, 1267.05
1572541667, 0, 413, 743, 628, 151, 3.60%, 0, 0, 4, 1277.25
1572541713, 0, 413, 744, 629, 151, 3.60%, 0, 0, 4, 1275.79
1572541784, 0, 413, 745, 630, 151, 3.60%, 0, 0, 4, 1240.31
1572541830, 0, 413, 746, 631, 151, 3.60%, 0, 0, 4, 1281.00
1572542029, 0, 416, 746, 629, 151, 3.60%, 0, 0, 4, 1551.93
1572542345, 0, 416, 747, 630, 151, 3.60%, 0, 0, 4, 1277.74
1572542432, 0, 416, 748, 631, 151, 3.60%, 0, 0, 4, 1319.59
1572542437, 0, 441, 748, 625, 145, 3.60%, 0, 0, 4, 1683.12
1572542478, 0, 441, 754, 631, 145, 3.60%, 0, 0, 4, 1296.19
1572542554, 0, 441, 755, 632, 145, 3.60%, 0, 0, 4, 2630.34
1572542666, 0, 444, 767, 642, 145, 3.61%, 0, 0, 4, 2773.56
1572542676, 0, 444, 769, 644, 145, 3.61%, 0, 0, 4, 2727.61
1572542682, 0, 444, 772, 647, 145, 3.62%, 0, 0, 4, 2752.51
1572542692, 0, 444, 773, 648, 145, 3.62%, 0, 0, 4, 2754.12
1572542712, 0, 444, 774, 649, 145, 3.62%, 0, 0, 4, 2765.63
1572542722, 0, 444, 776, 651, 145, 3.62%, 0, 0, 4, 2773.07
1572542728, 0, 444, 779, 654, 145, 3.63%, 0, 0, 4, 2766.91
1572542733, 0, 444, 780, 655, 145, 3.63%, 0, 0, 4, 2746.56
1572542738, 0, 447, 780, 653, 151, 3.63%, 0, 0, 4, 2781.22
1572542758, 0, 447, 781, 654, 151, 3.63%, 0, 0, 4, 2664.94
1572542932, 0, 451, 782, 654, 151, 3.63%, 0, 0, 4, 2734.58
1572542953, 0, 451, 783, 655, 151, 3.63%, 0, 0, 4, 2672.67
1572543009, 0, 451, 784, 656, 151, 3.63%, 0, 0, 4, 2696.33
1572543126, 0, 457, 784, 653, 150, 3.63%, 0, 0, 4, 2792.46
1572543315, 0, 469, 784, 647, 144, 3.63%, 0, 0, 4, 3038.09
1572543320, 0, 486, 785, 643, 140, 3.63%, 0, 0, 4, 2944.06
1572543341, 0, 486, 786, 644, 140, 3.63%, 0, 0, 4, 2662.10
1572543515, 0, 488, 786, 643, 140, 3.63%, 0, 0, 4, 2812.06
1572543536, 0, 488, 787, 644, 140, 3.63%, 0, 0, 4, 2838.46
1572543654, 0, 496, 789, 644, 139, 3.63%, 0, 0, 4, 2818.25
1572543720, 0, 496, 792, 647, 139, 3.63%, 0, 0, 4, 2775.75
1572543807, 0, 515, 792, 640, 132, 3.63%, 0, 0, 4, 3066.23
1572543812, 0, 520, 792, 639, 131, 3.63%, 0, 0, 4, 2744.55
1572543833, 0, 520, 794, 641, 131, 3.63%, 0, 0, 4, 2562.97
1572543854, 0, 520, 795, 642, 131, 3.64%, 0, 0, 4, 2594.40
1572544002, 0, 528, 795, 640, 130, 3.64%, 0, 0, 4, 2744.08
1572544007, 0, 541, 795, 638, 128, 3.64%, 0, 0, 4, 2660.20
1572544027, 0, 541, 797, 640, 128, 3.64%, 0, 0, 4, 2568.12
1572544048, 0, 541, 798, 641, 128, 3.64%, 0, 0, 4, 2560.82
1572544053, 0, 541, 799, 642, 128, 3.64%, 0, 0, 4, 2564.73
1572544089, 0, 541, 800, 643, 128, 3.64%, 0, 0, 4, 2624.81
1572544196, 0, 545, 800, 642, 129, 3.64%, 0, 0, 4, 2747.08
1572544278, 0, 545, 801, 643, 129, 3.64%, 0, 0, 4, 2592.16
1572544396, 0, 549, 801, 640, 127, 3.64%, 0, 0, 4, 2893.71
1572544422, 0, 549, 803, 642, 127, 3.64%, 0, 0, 4, 2575.22
1572544585, 0, 549, 804, 643, 127, 3.64%, 0, 0, 4, 2649.07
1572544595, 0, 561, 810, 645, 127, 3.64%, 0, 0, 4, 2994.53
1572544601, 0, 562, 814, 648, 126, 3.69%, 0, 0, 4, 2734.24
1572544616, 0, 562, 818, 652, 126, 3.69%, 0, 0, 4, 2668.38
1572544621, 0, 562, 820, 654, 126, 3.69%, 0, 0, 4, 2666.76
1572544642, 0, 562, 821, 655, 126, 3.69%, 0, 0, 4, 2591.70
1572544667, 0, 562, 824, 658, 126, 3.69%, 0, 0, 4, 2650.77
1572544796, 0, 571, 827, 655, 125, 3.71%, 0, 0, 4, 2897.20
1572544816, 0, 571, 832, 660, 125, 3.71%, 0, 0, 4, 2639.78
1572544821, 0, 571, 833, 661, 125, 3.71%, 0, 0, 4, 2640.93
1572544842, 0, 571, 834, 662, 125, 3.72%, 0, 0, 4, 2633.13
1572544868, 0, 571, 835, 663, 125, 3.72%, 0, 0, 4, 2682.39
1572544990, 0, 572, 836, 663, 129, 3.72%, 0, 0, 4, 2744.50
1572545056, 0, 572, 837, 664, 129, 3.72%, 0, 0, 4, 2782.94
1572545107, 0, 572, 839, 666, 129, 3.72%, 0, 0, 4, 2802.91
1572545138, 0, 573, 840, 666, 129, 3.72%, 0, 0, 4, 2656.41
1572545158, 0, 573, 843, 669, 129, 3.73%, 0, 0, 4, 2531.31
1572545205, 0, 573, 844, 670, 129, 3.73%, 0, 0, 4, 2502.69
1572545210, 0, 573, 846, 672, 129, 3.73%, 0, 0, 4, 2577.06
1572545230, 0, 573, 847, 673, 129, 3.73%, 0, 0, 4, 2545.05
1572545291, 0, 573, 848, 674, 129, 3.73%, 0, 0, 4, 2548.37
1572545332, 0, 574, 848, 673, 132, 3.73%, 0, 0, 4, 2814.47
1572545430, 0, 574, 849, 674, 132, 3.73%, 0, 0, 4, 2928.12
1572545435, 0, 574, 850, 675, 132, 3.74%, 0, 0, 4, 2915.76
1572545451, 0, 584, 851, 675, 132, 3.74%, 0, 0, 4, 2925.91
1572545471, 0, 584, 854, 678, 132, 3.74%, 0, 0, 4, 2813.40
1572545477, 0, 584, 855, 679, 132, 3.74%, 0, 0, 4, 2820.54
1572545584, 0, 586, 855, 678, 133, 3.74%, 0, 0, 4, 2842.59
1572545604, 0, 586, 857, 680, 133, 3.74%, 0, 0, 4, 2819.08
1572545625, 0, 586, 858, 681, 133, 3.74%, 0, 0, 4, 2801.50
1572545711, 0, 587, 858, 680, 134, 3.74%, 0, 0, 4, 2877.69
1572545732, 0, 587, 859, 681, 134, 3.74%, 0, 0, 4, 2809.21
1572545737, 0, 587, 860, 682, 134, 3.74%, 0, 0, 4, 2811.58
1572545844, 0, 588, 860, 681, 133, 3.74%, 0, 0, 4, 2851.43
1572545865, 0, 588, 863, 684, 133, 3.74%, 0, 0, 4, 2763.35
1572545973, 0, 589, 863, 683, 134, 3.74%, 0, 0, 4, 2891.21
1572545993, 0, 589, 865, 685, 134, 3.76%, 0, 0, 4, 2822.80
1572546055, 0, 589, 866, 686, 134, 3.76%, 0, 0, 4, 2489.19
1572546152, 0, 591, 866, 684, 134, 3.76%, 0, 0, 4, 1396.66
1572546192, 0, 591, 870, 688, 134, 3.77%, 0, 0, 4, 1290.34
1572546284, 0, 591, 871, 689, 134, 3.78%, 0, 0, 4, 1289.12
1572546386, 0, 591, 872, 690, 134, 3.78%, 0, 0, 4, 1332.14
1572546396, 0, 591, 876, 694, 134, 3.86%, 0, 0, 4, 1293.02
1572546401, 0, 591, 877, 695, 134, 3.86%, 0, 0, 4, 1326.29
1572546432, 0, 593, 877, 694, 138, 3.86%, 0, 0, 4, 1404.76
1572546478, 0, 593, 880, 697, 138, 3.87%, 0, 0, 4, 1343.85
1572546701, 0, 601, 880, 695, 138, 3.87%, 0, 0, 4, 1497.87
1572546747, 0, 601, 881, 696, 138, 3.87%, 0, 0, 4, 1366.42
1572546966, 0, 604, 889, 702, 137, 3.93%, 0, 0, 4, 1487.24
1572546971, 0, 618, 902, 705, 136, 3.96%, 0, 0, 4, 1492.21
1572546976, 0, 633, 909, 703, 140, 4.01%, 0, 0, 4, 1600.71
1572546981, 0, 642, 909, 698, 135, 4.01%, 0, 0, 4, 1773.74
1572546986, 0, 645, 909, 695, 132, 4.01%, 0, 0, 4, 1612.29
1572547032, 0, 645, 910, 696, 132, 4.01%, 0, 0, 5, 1254.56
1572547378, 0, 647, 911, 696, 132, 4.01%, 0, 0, 5, 1375.95
1572547419, 0, 648, 915, 699, 132, 4.03%, 0, 0, 5, 1399.31
1572547424, 0, 648, 917, 701, 132, 4.04%, 0, 0, 5, 1359.85
1572547434, 0, 648, 918, 702, 132, 4.04%, 0, 0, 5, 1372.80
1572547465, 0, 648, 920, 704, 132, 4.05%, 0, 0, 5, 1379.85
1572547470, 0, 650, 920, 703, 139, 4.05%, 0, 0, 5, 1332.71
1572547521, 0, 650, 921, 704, 139, 4.06%, 0, 0, 5, 1329.13
1572547526, 0, 665, 925, 706, 138, 4.06%, 0, 0, 5, 1395.07
1572547531, 0, 665, 926, 707, 138, 4.07%, 0, 0, 5, 1424.63
1572547541, 0, 665, 930, 711, 138, 4.08%, 0, 0, 5, 1404.76
1572547572, 0, 668, 931, 711, 148, 4.08%, 0, 0, 5, 1413.70
1572547592, 0, 670, 931, 710, 148, 4.08%, 0, 0, 5, 1430.56
1572547597, 0, 670, 933, 712, 148, 4.08%, 0, 0, 5, 1386.12
1572547648, 0, 673, 934, 712, 147, 4.08%, 0, 0, 5, 1378.52
1572547653, 0, 673, 936, 714, 147, 4.08%, 0, 0, 5, 1390.10
1572547663, 0, 673, 937, 715, 147, 4.08%, 0, 0, 5, 1382.54
1572547698, 0, 684, 937, 714, 147, 4.08%, 0, 0, 5, 1361.76
1572547703, 0, 684, 938, 715, 147, 4.08%, 0, 0, 5, 1286.16
1572547770, 0, 688, 938, 714, 147, 4.08%, 0, 0, 5, 1361.94
1572547810, 0, 698, 938, 713, 145, 4.08%, 0, 0, 5, 1433.62
1572547881, 0, 698, 939, 714, 145, 4.08%, 0, 0, 5, 1372.46
1572547886, 0, 698, 940, 715, 145, 4.08%, 0, 0, 5, 1352.15
1572547891, 0, 701, 940, 714, 145, 4.08%, 0, 0, 5, 1373.53
1572547932, 0, 701, 941, 715, 145, 4.08%, 0, 0, 5, 1377.04
1572547937, 0, 704, 941, 714, 145, 4.08%, 0, 0, 5, 1304.99
1572547952, 0, 704, 942, 715, 145, 4.08%, 0, 0, 5, 2133.44
1572547978, 0, 705, 946, 718, 145, 4.08%, 0, 0, 5, 2685.80
1572547983, 0, 705, 947, 719, 145, 4.08%, 0, 0, 5, 2633.99
1572548014, 0, 709, 948, 719, 145, 4.08%, 0, 0, 5, 2708.47
1572548044, 0, 713, 948, 718, 144, 4.08%, 0, 0, 5, 2822.69
1572548055, 0, 724, 949, 716, 142, 4.09%, 0, 0, 5, 2988.75
1572548060, 0, 724, 950, 717, 142, 4.09%, 0, 0, 5, 2787.19
1572548070, 0, 724, 952, 719, 142, 4.09%, 0, 0, 5, 2692.71
1572548075, 0, 724, 955, 722, 142, 4.09%, 0, 0, 5, 2677.96
1572548213, 0, 727, 956, 721, 144, 4.09%, 0, 0, 5, 2912.98
1572548239, 0, 727, 958, 723, 144, 4.09%, 0, 0, 5, 2631.16
1572548413, 0, 738, 958, 716, 137, 4.09%, 0, 0, 5, 3054.83
1572548418, 0, 739, 958, 715, 136, 4.09%, 0, 0, 5, 2757.79
1572548433, 0, 739, 959, 716, 136, 4.09%, 0, 0, 5, 2652.76
1572548438, 0, 739, 964, 721, 136, 4.09%, 0, 0, 5, 2650.32
1572548484, 0, 739, 967, 724, 136, 4.14%, 0, 0, 5, 2679.24
1572548612, 0, 740, 967, 723, 140, 4.14%, 0, 0, 5, 2639.64
1572548633, 0, 740, 968, 724, 140, 4.14%, 0, 0, 5, 2564.60
1572548812, 0, 757, 968, 718, 135, 4.14%, 0, 0, 5, 2850.06
1572548843, 0, 757, 973, 723, 135, 4.14%, 0, 0, 5, 2433.26
1572548950, 0, 757, 984, 734, 135, 4.14%, 0, 0, 5, 2648.06
1572548955, 0, 757, 988, 738, 135, 4.14%, 0, 0, 5, 2735.53
1572548960, 0, 761, 988, 737, 138, 4.14%, 0, 0, 5, 2756.01
1572548976, 0, 761, 989, 738, 138, 4.14%, 0, 0, 5, 2743.81
1572549032, 0, 768, 989, 735, 136, 4.14%, 0, 0, 5, 2727.67
1572549037, 0, 768, 990, 736, 136, 4.14%, 0, 0, 5, 2335.77
1572549058, 0, 768, 991, 737, 136, 4.14%, 0, 0, 5, 2243.01
1572549073, 0, 768, 993, 739, 136, 4.14%, 0, 0, 5, 2268.22
1572549181, 0, 768, 994, 740, 136, 4.14%, 0, 0, 5, 2241.08
1572549186, 0, 770, 994, 738, 134, 4.14%, 0, 0, 5, 2618.28
1572549233, 0, 770, 995, 739, 134, 4.14%, 0, 0, 5, 2714.79
1572549258, 0, 783, 995, 731, 127, 4.14%, 0, 0, 5, 2946.88
1572549263, 0, 786, 995, 729, 125, 4.14%, 0, 0, 5, 2882.69
1572549402, 0, 790, 998, 731, 124, 4.14%, 0, 0, 5, 2797.17
1572549417, 0, 790, 1001, 734, 124, 4.14%, 0, 0, 5, 2742.17
1572549422, 0, 790, 1003, 736, 124, 4.14%, 0, 0, 5, 2755.76
1572549443, 0, 790, 1004, 737, 124, 4.14%, 0, 0, 5, 2764.27
1572549469, 0, 790, 1005, 738, 124, 4.14%, 0, 0, 5, 2741.94
1572549556, 0, 793, 1005, 736, 127, 4.14%, 0, 0, 5, 2908.47
1572549638, 0, 793, 1007, 738, 127, 4.14%, 0, 0, 5, 2672.41
1572549750, 0, 800, 1007, 735, 125, 4.14%, 0, 0, 5, 2911.20
1572549956, 0, 805, 1008, 733, 122, 4.14%, 0, 0, 5, 2969.14
1572549961, 0, 809, 1008, 731, 119, 4.14%, 0, 0, 5, 3051.04
1572549966, 0, 812, 1009, 731, 118, 4.15%, 0, 0, 5, 2762.94
1572549981, 0, 812, 1010, 732, 118, 4.15%, 0, 0, 5, 2631.36
1572549986, 0, 812, 1013, 735, 118, 4.15%, 0, 0, 5, 2591.53
1572550160, 0, 824, 1013, 732, 116, 4.15%, 0, 0, 5, 2901.68
1572550181, 0, 824, 1019, 738, 116, 4.15%, 0, 0, 5, 2627.88
1572550360, 0, 834, 1019, 732, 112, 4.15%, 0, 0, 5, 3028.51
1572550365, 0, 841, 1020, 730, 109, 4.15%, 0, 0, 5, 2714.61
1572550375, 0, 841, 1021, 731, 109, 4.15%, 0, 0, 5, 2455.87
1572550386, 0, 841, 1030, 740, 109, 4.15%, 0, 0, 5, 2481.92
1572550411, 0, 841, 1033, 743, 109, 4.17%, 0, 0, 5, 2500.20
1572550432, 0, 841, 1035, 745, 109, 4.17%, 0, 0, 5, 2482.86
1572550437, 0, 841, 1036, 746, 109, 4.17%, 0, 0, 5, 2535.64
1572550442, 0, 841, 1040, 750, 109, 4.19%, 0, 0, 5, 2489.35
1572550463, 0, 841, 1042, 752, 109, 4.19%, 0, 0, 5, 2413.33
1572550545, 0, 841, 1043, 753, 109, 4.19%, 0, 0, 5, 2558.22
1572550565, 0, 848, 1043, 751, 117, 4.19%, 0, 0, 5, 2763.89
1572550688, 0, 852, 1043, 748, 114, 4.19%, 0, 0, 5, 2925.94
1572550709, 0, 852, 1047, 752, 114, 4.19%, 0, 0, 5, 2753.51
1572550730, 0, 852, 1048, 753, 114, 4.20%, 0, 0, 5, 2761.72
1572550750, 0, 852, 1049, 754, 114, 4.20%, 0, 0, 5, 2750.32
1572550766, 0, 852, 1052, 757, 114, 4.20%, 0, 0, 5, 2738.32
1572550827, 0, 853, 1053, 757, 114, 4.20%, 0, 0, 5, 2767.36
1572550842, 0, 853, 1059, 763, 114, 4.20%, 0, 0, 5, 2711.08
1572550848, 0, 853, 1060, 764, 114, 4.20%, 0, 0, 5, 2732.08
1572550868, 0, 853, 1061, 765, 114, 4.20%, 0, 0, 5, 2703.24
1572550889, 0, 853, 1062, 766, 114, 4.20%, 0, 0, 5, 2695.81
1572550894, 0, 853, 1065, 769, 114, 4.20%, 0, 0, 5, 2697.11
1572550899, 0, 853, 1069, 773, 114, 4.20%, 0, 0, 5, 2793.99
1572550940, 0, 853, 1072, 776, 114, 4.21%, 0, 0, 5, 2740.20
1572550965, 0, 857, 1072, 775, 115, 4.21%, 0, 0, 5, 2768.60
1572551037, 0, 857, 1073, 776, 115, 4.21%, 0, 0, 5, 2705.25
1572551098, 0, 860, 1073, 774, 113, 4.21%, 0, 0, 5, 2885.14
1572551232, 0, 861, 1073, 773, 112, 4.21%, 0, 0, 5, 2812.28
1572551252, 0, 861, 1074, 774, 112, 4.21%, 0, 0, 5, 2767.71
1572551273, 0, 861, 1075, 775, 112, 4.21%, 0, 0, 5, 2749.91
1572551299, 0, 861, 1076, 776, 112, 4.21%, 0, 0, 5, 2790.14
1572551309, 0, 861, 1078, 778, 112, 4.21%, 0, 0, 5, 2705.79
1572551370, 0, 863, 1078, 777, 112, 4.21%, 0, 0, 5, 2606.89
1572551391, 0, 863, 1079, 778, 112, 4.21%, 0, 0, 5, 2540.03
1572551448, 0, 863, 1080, 779, 112, 4.21%, 0, 0, 5, 1283.02
1572551468, 0, 863, 1081, 780, 112, 4.21%, 0, 0, 5, 1120.16
1572551600, 0, 866, 1081, 778, 112, 4.21%, 0, 0, 5, 1362.71
1572551641, 0, 866, 1084, 781, 112, 4.22%, 0, 0, 5, 1232.95
1572551646, 0, 866, 1085, 782, 112, 4.22%, 0, 0, 5, 1235.78
1572551869, 0, 866, 1086, 783, 112, 4.22%, 0, 0, 5, 1206.55
1572551905, 0, 874, 1086, 780, 112, 4.22%, 0, 0, 5, 1529.77
1572551910, 0, 874, 1089, 783, 112, 4.22%, 0, 0, 5, 1285.58
1572551951, 0, 874, 1091, 785, 112, 4.22%, 0, 0, 5, 1196.88
1572551956, 0, 874, 1097, 791, 112, 4.23%, 0, 0, 5, 1208.03
1572552007, 0, 874, 1101, 795, 112, 4.23%, 0, 0, 5, 1196.43
1572552052, 0, 874, 1102, 796, 112, 4.23%, 0, 0, 5, 1175.94
1572552093, 0, 874, 1105, 799, 112, 4.23%, 0, 0, 5, 53.33
1572552098, 0, 874, 1106, 800, 112, 4.28%, 0, 0, 5, 1208.13
1572552256, 0, 876, 1106, 799, 113, 4.28%, 0, 0, 5, 1360.36
1572552302, 0, 876, 1108, 801, 113, 4.28%, 0, 0, 5, 1283.54
1572552307, 0, 876, 1109, 802, 113, 4.28%, 0, 0, 5, 1266.60
1572552343, 0, 876, 1110, 803, 113, 4.28%, 0, 0, 5, 1285.62
1572552434, 0, 876, 1111, 804, 113, 4.29%, 0, 0, 5, 1284.52
1572552515, 0, 876, 1112, 805, 113, 4.29%, 0, 0, 5, 1191.64
1572552520, 0, 876, 1113, 806, 113, 4.29%, 0, 0, 5, 1280.00
1572552525, 0, 876, 1116, 809, 113, 4.30%, 0, 0, 5, 1298.19
1572552551, 0, 877, 1116, 808, 120, 4.30%, 0, 0, 5, 1407.03
1572552556, 0, 879, 1117, 808, 119, 4.30%, 0, 0, 5, 1346.03
1572552592, 0, 879, 1118, 809, 119, 4.30%, 0, 0, 5, 1257.74
1572552597, 0, 879, 1122, 813, 119, 4.30%, 0, 0, 5, 1288.49
1572552602, 0, 879, 1123, 814, 119, 4.30%, 0, 0, 5, 1287.93
1572552643, 0, 879, 1124, 815, 119, 4.30%, 0, 0, 5, 1261.87
1572552648, 0, 879, 1125, 816, 119, 4.30%, 0, 0, 5, 1251.96
1572552861, 0, 880, 1125, 815, 121, 4.30%, 0, 0, 5, 1324.04
1572553166, 0, 886, 1127, 814, 119, 4.30%, 0, 0, 5, 1393.47
1572553176, 0, 886, 1133, 820, 119, 4.35%, 0, 0, 5, 1427.27
1572553181, 0, 886, 1134, 821, 119, 4.35%, 0, 0, 5, 1436.77
1572553186, 0, 886, 1135, 822, 119, 4.35%, 0, 0, 5, 1455.14
1572553191, 0, 889, 1137, 822, 125, 4.35%, 0, 0, 5, 1469.65
1572553201, 0, 906, 1140, 813, 113, 4.42%, 0, 0, 5, 1459.49
1572553212, 0, 906, 1141, 814, 113, 4.42%, 0, 0, 5, 1491.30
1572553217, 0, 908, 1141, 812, 114, 4.42%, 0, 0, 5, 1498.64
1572553222, 0, 909, 1141, 811, 113, 4.42%, 0, 0, 5, 1557.19
1572553227, 0, 914, 1142, 808, 109, 4.42%, 0, 0, 6, 1414.41
1572553232, 0, 914, 1143, 809, 109, 4.42%, 0, 0, 6, 1389.75
1572553273, 0, 920, 1149, 810, 106, 4.45%, 0, 0, 6, 1438.74
1572553278, 0, 922, 1150, 809, 109, 4.45%, 0, 0, 6, 1406.85
1572553323, 0, 933, 1150, 802, 103, 4.45%, 0, 0, 6, 1414.09
1572553328, 0, 933, 1151, 803, 103, 4.45%, 0, 0, 6, 1375.48
1572553379, 0, 936, 1151, 800, 101, 4.45%, 0, 0, 6, 1356.37
1572553430, 0, 942, 1152, 797, 98, 4.46%, 0, 0, 6, 1340.57
1572553486, 0, 947, 1153, 796, 96, 4.46%, 0, 0, 6, 1314.08
1572553552, 0, 950, 1154, 795, 95, 4.46%, 0, 0, 6, 1946.21
1572553573, 0, 950, 1157, 798, 95, 4.46%, 0, 0, 6, 2518.69
1572553716, 0, 951, 1159, 799, 94, 4.46%, 0, 0, 6, 2747.04
1572553736, 0, 951, 1162, 802, 94, 4.46%, 0, 0, 6, 2670.71
1572553874, 0, 955, 1165, 804, 95, 4.46%, 0, 0, 6, 2850.48
1572553884, 0, 955, 1172, 811, 95, 4.47%, 0, 0, 6, 2748.47
1572553895, 0, 955, 1173, 812, 95, 4.47%, 0, 0, 6, 2761.95
1572553900, 0, 955, 1175, 814, 95, 4.47%, 0, 0, 6, 2764.40
1572553920, 0, 955, 1176, 815, 95, 4.47%, 0, 0, 6, 2764.23
1572553946, 0, 955, 1178, 817, 95, 4.47%, 0, 0, 6, 2763.46
1572554028, 0, 967, 1179, 811, 95, 4.47%, 0, 0, 6, 3002.97
1572554049, 0, 967, 1180, 812, 95, 4.47%, 0, 0, 6, 2386.15
1572554054, 0, 967, 1182, 814, 95, 4.47%, 0, 0, 6, 2406.28
1572554100, 0, 967, 1183, 815, 95, 4.47%, 0, 0, 6, 2409.55
1572554115, 0, 967, 1184, 816, 95, 4.47%, 0, 0, 6, 2445.82
1572554120, 0, 967, 1185, 817, 95, 4.47%, 0, 0, 6, 2475.20
1572554238, 0, 978, 1186, 816, 98, 4.47%, 0, 0, 6, 2585.82
1572554361, 0, 982, 1186, 815, 97, 4.47%, 0, 0, 6, 2658.40
1572554515, 0, 985, 1186, 814, 97, 4.47%, 0, 0, 6, 2737.14
1572554551, 0, 985, 1187, 815, 97, 4.47%, 0, 0, 6, 2838.72
1572554561, 0, 988, 1187, 814, 97, 4.47%, 0, 0, 6, 2834.17
1572554566, 0, 994, 1187, 813, 94, 4.47%, 0, 0, 6, 2745.54
1572554638, 0, 1003, 1188, 812, 92, 4.47%, 0, 0, 6, 2786.91
1572554648, 0, 1003, 1189, 813, 92, 4.47%, 0, 0, 6, 2740.04
1572554654, 0, 1003, 1193, 817, 92, 4.47%, 0, 0, 6, 2745.51
1572554777, 0, 1003, 1194, 818, 92, 4.47%, 0, 0, 6, 2756.13
1572554797, 0, 1007, 1196, 816, 89, 4.47%, 0, 0, 6, 3048.41
1572554802, 0, 1030, 1197, 814, 89, 4.47%, 0, 0, 6, 2890.64
1572554823, 0, 1030, 1199, 816, 89, 4.47%, 0, 0, 6, 2457.24
1572554849, 0, 1030, 1200, 817, 89, 4.47%, 0, 0, 6, 2461.24
1572554854, 0, 1030, 1201, 818, 89, 4.48%, 0, 0, 6, 2452.43
1572554879, 0, 1030, 1208, 825, 89, 4.50%, 0, 0, 6, 2441.25
1572554905, 0, 1030, 1209, 826, 89, 4.50%, 0, 0, 6, 2425.76
1572555012, 0, 1037, 1210, 825, 95, 4.50%, 0, 0, 6, 2572.98
1572555032, 0, 1037, 1212, 827, 95, 4.50%, 0, 0, 6, 2521.59
1572555058, 0, 1037, 1216, 831, 95, 4.51%, 0, 0, 6, 2505.27
1572555079, 0, 1037, 1217, 832, 95, 4.51%, 0, 0, 6, 2500.17
1572555084, 0, 1037, 1218, 833, 95, 4.51%, 0, 0, 6, 2544.84
1572555109, 0, 1037, 1220, 835, 95, 4.52%, 0, 0, 6, 2521.85
1572555211, 0, 1044, 1220, 834, 96, 4.52%, 0, 0, 6, 2706.06
1572555344, 0, 1058, 1220, 832, 94, 4.52%, 0, 0, 6, 2863.78
1572555365, 0, 1058, 1221, 833, 94, 4.52%, 0, 0, 6, 2700.59
1572555370, 0, 1058, 1222, 834, 94, 4.52%, 0, 0, 6, 2721.20
1572555487, 0, 1062, 1222, 833, 94, 4.52%, 0, 0, 6, 2751.37
1572555508, 0, 1062, 1224, 835, 94, 4.52%, 0, 0, 6, 2723.60
1572555529, 0, 1062, 1225, 836, 94, 4.52%, 0, 0, 6, 2735.16
1572555559, 0, 1062, 1226, 837, 94, 4.52%, 0, 0, 6, 2511.97
1572555621, 0, 1063, 1226, 836, 93, 4.52%, 0, 0, 6, 2811.29
1572555698, 0, 1063, 1227, 837, 93, 4.52%, 0, 0, 6, 1365.39
1572555764, 0, 1064, 1227, 836, 92, 4.52%, 0, 0, 6, 2758.96
1572555785, 0, 1064, 1228, 837, 92, 4.52%, 0, 0, 6, 2710.41
1572555903, 0, 1071, 1228, 836, 92, 4.52%, 0, 0, 6, 1686.30
1572555943, 0, 1071, 1230, 838, 92, 4.52%, 0, 0, 6, 1305.55
1572556066, 0, 1071, 1231, 839, 92, 4.52%, 0, 0, 6, 1671.98
1572556193, 0, 1075, 1231, 838, 92, 4.52%, 0, 0, 6, 2301.66
1572556330, 0, 1083, 1231, 835, 89, 4.52%, 0, 0, 6, 2918.65
1572556335, 0, 1084, 1231, 834, 88, 4.52%, 0, 0, 6, 2716.83
1572556356, 0, 1084, 1232, 835, 88, 4.52%, 0, 0, 6, 2638.83
1572556478, 0, 1093, 1232, 834, 88, 4.52%, 0, 0, 6, 2748.18
1572556504, 0, 1093, 1233, 835, 88, 4.52%, 0, 0, 6, 2524.29
1572556642, 0, 1100, 1233, 834, 88, 4.52%, 0, 0, 6, 2728.45
1572556667, 0, 1100, 1234, 835, 88, 4.52%, 0, 0, 6, 2524.51
1572556810, 0, 1105, 1235, 834, 87, 4.52%, 0, 0, 6, 2609.71
1572556820, 0, 1105, 1236, 835, 87, 4.52%, 0, 0, 6, 2500.73
1572556831, 0, 1105, 1245, 844, 87, 4.54%, 0, 0, 6, 2518.33
1572556846, 0, 1105, 1246, 845, 87, 4.54%, 0, 0, 6, 2430.57
1572556856, 0, 1105, 1249, 848, 87, 4.54%, 0, 0, 6, 2423.97
1572556887, 0, 1105, 1250, 849, 87, 4.54%, 0, 0, 6, 2431.74
1572556892, 0, 1105, 1251, 850, 87, 4.55%, 0, 0, 6, 2489.27
1572556902, 0, 1105, 1252, 851, 87, 4.56%, 0, 0, 6, 2530.15
1572556983, 0, 1105, 1253, 852, 87, 4.56%, 0, 0, 6, 1167.04
1572557014, 0, 1105, 1254, 853, 87, 4.56%, 0, 0, 6, 1143.00
1572557019, 0, 1105, 1255, 854, 87, 4.57%, 0, 0, 6, 1182.35
1572557054, 0, 1113, 1255, 850, 102, 4.57%, 0, 0, 6, 1558.27
1572557141, 0, 1113, 1256, 851, 102, 4.57%, 0, 0, 6, 1280.66
1572557263, 0, 1113, 1257, 852, 102, 4.57%, 0, 0, 6, 1290.15
1572557339, 0, 1114, 1257, 851, 102, 4.57%, 0, 0, 6, 1390.19
1572557379, 0, 1114, 1258, 852, 102, 4.58%, 0, 0, 6, 1246.72
1572557628, 0, 1115, 1258, 851, 102, 4.58%, 0, 0, 6, 1400.03
1572557669, 0, 1115, 1259, 852, 102, 4.58%, 0, 0, 6, 1250.51
1572557924, 0, 1125, 1259, 849, 100, 4.58%, 0, 0, 6, 1477.21
1572557939, 0, 1126, 1259, 848, 99, 4.58%, 0, 0, 6, 1445.27
1572557949, 0, 1126, 1262, 851, 99, 4.58%, 0, 0, 6, 1417.42
1572557954, 0, 1126, 1264, 853, 99, 4.59%, 0, 0, 6, 1407.38
1572557964, 0, 1128, 1266, 854, 101, 4.59%, 0, 0, 6, 1418.91
1572557969, 0, 1128, 1267, 855, 101, 4.61%, 0, 0, 6, 1402.01
1572557974, 0, 1128, 1268, 856, 101, 4.61%, 0, 0, 6, 1413.28
1572557979, 0, 1134, 1268, 852, 100, 4.61%, 0, 0, 6, 1452.50
1572557990, 0, 1136, 1268, 850, 98, 4.61%, 0, 0, 6, 1417.96
1572558000, 0, 1138, 1270, 850, 96, 4.61%, 0, 0, 6, 1416.93
1572558015, 0, 1147, 1275, 847, 90, 4.63%, 0, 0, 7, 1418.65
1572558020, 0, 1158, 1275, 841, 89, 4.63%, 0, 0, 7, 1565.16
1572558061, 0, 1158, 1278, 844, 89, 4.63%, 0, 0, 7, 1236.30
1572558370, 0, 1163, 1279, 843, 86, 4.63%, 0, 0, 7, 1429.43
1572558396, 0, 1163, 1283, 847, 86, 4.63%, 0, 0, 7, 1248.39
1572558645, 0, 1163, 1284, 848, 86, 4.63%, 0, 0, 7, 1266.00
1572558701, 0, 1164, 1284, 847, 90, 4.63%, 0, 0, 7, 1382.89
1572558706, 0, 1168, 1285, 846, 88, 4.63%, 0, 0, 7, 1419.85
1572558746, 0, 1168, 1288, 849, 88, 4.63%, 0, 0, 7, 1270.98
1572559036, 0, 1169, 1288, 848, 90, 4.63%, 0, 0, 7, 1411.28
1572559041, 0, 1170, 1289, 848, 89, 4.63%, 0, 0, 7, 1353.22
1572559076, 0, 1170, 1291, 850, 89, 4.63%, 0, 0, 7, 1265.41
1572559081, 0, 1170, 1292, 851, 89, 4.63%, 0, 0, 7, 1268.71
1572559265, 0, 1181, 1292, 847, 86, 4.63%, 0, 0, 7, 2825.72
1572559285, 0, 1181, 1293, 848, 86, 4.63%, 0, 0, 7, 2359.10
1572559311, 0, 1181, 1294, 849, 86, 4.63%, 0, 0, 7, 2391.64
1572559342, 0, 1181, 1295, 850, 86, 4.63%, 0, 0, 7, 2392.77
1572559373, 0, 1181, 1296, 851, 86, 4.63%, 0, 0, 7, 2473.03
1572559480, 0, 1183, 1296, 850, 89, 4.63%, 0, 0, 7, 2447.86
1572559500, 0, 1183, 1297, 851, 89, 4.63%, 0, 0, 7, 2420.75
1572559664, 0, 1183, 1298, 852, 89, 4.63%, 0, 0, 7, 2401.64
1572559689, 0, 1185, 1298, 851, 88, 4.63%, 0, 0, 7, 2546.37
1572559715, 0, 1185, 1299, 852, 88, 4.63%, 0, 0, 7, 2393.39
1572559904, 0, 1193, 1299, 849, 86, 4.63%, 0, 0, 7, 2762.99
1572559919, 0, 1193, 1302, 852, 86, 4.63%, 0, 0, 7, 2738.44
1572560058, 0, 1199, 1302, 846, 81, 4.63%, 0, 0, 7, 2954.15
1572560063, 0, 1202, 1302, 843, 78, 4.63%, 0, 0, 7, 2680.19
1572560109, 0, 1202, 1304, 845, 78, 4.63%, 0, 0, 7, 2464.36
1572560267, 0, 1206, 1305, 845, 78, 4.63%, 0, 0, 7, 2588.78
1572560293, 0, 1206, 1306, 846, 78, 4.63%, 0, 0, 7, 2441.46
1572560472, 0, 1207, 1307, 846, 78, 4.63%, 0, 0, 7, 2616.64
1572560676, 0, 1212, 1307, 845, 78, 4.63%, 0, 0, 7, 2702.47
1572560722, 0, 1212, 1309, 847, 78, 4.65%, 0, 0, 7, 2536.55
1572560753, 0, 1212, 1310, 848, 78, 4.65%, 0, 0, 7, 2542.54
1572560876, 0, 1219, 1311, 846, 76, 4.65%, 0, 0, 7, 2847.32
1572560891, 0, 1219, 1312, 847, 76, 4.65%, 0, 0, 7, 2271.41
1572560901, 0, 1219, 1323, 858, 76, 4.68%, 0, 0, 7, 2308.81
1572560927, 0, 1219, 1325, 860, 76, 4.68%, 0, 0, 7, 2327.63
1572560958, 0, 1219, 1326, 861, 76, 4.68%, 0, 0, 7, 2386.84
1572560968, 0, 1219, 1328, 863, 76, 4.68%, 0, 0, 7, 2387.79
1572560984, 0, 1219, 1331, 866, 76, 4.68%, 0, 0, 7, 1966.11
1572560989, 0, 1219, 1339, 874, 76, 4.68%, 0, 0, 7, 2335.14
1572561049, 0, 1219, 1340, 875, 76, 4.68%, 0, 0, 7, 2355.88
1572561095, 0, 1220, 1340, 874, 81, 4.68%, 0, 0, 7, 2673.87
1572561116, 0, 1220, 1341, 875, 81, 4.68%, 0, 0, 7, 2716.80
1572561233, 0, 1222, 1341, 874, 81, 4.68%, 0, 0, 7, 2823.23
1572561371, 0, 1226, 1341, 871, 78, 4.68%, 0, 0, 7, 2918.91
1572561510, 0, 1230, 1341, 869, 76, 4.68%, 0, 0, 7, 2850.15
1572561515, 0, 1241, 1341, 861, 68, 4.68%, 0, 0, 7, 3077.63
1572561520, 0, 1255, 1341, 853, 60, 4.68%, 0, 0, 7, 3077.30
1572561525, 0, 1255, 1342, 854, 60, 4.68%, 0, 0, 7, 2760.98
1572561546, 0, 1255, 1343, 855, 60, 4.68%, 0, 0, 7, 2674.73
1572561591, 0, 1255, 1344, 856, 60, 4.71%, 0, 0, 7, 2663.42
1572561622, 0, 1255, 1346, 858, 60, 4.75%, 0, 0, 7, 2638.46
1572561642, 0, 1255, 1354, 866, 60, 4.77%, 0, 0, 7, 2677.73
1572561647, 0, 1255, 1363, 875, 60, 4.79%, 0, 0, 7, 2571.56
1572561662, 0, 1258, 1363, 872, 72, 4.79%, 0, 0, 7, 2866.06
1572561667, 0, 1280, 1376, 869, 65, 4.86%, 0, 0, 8, 2995.48
1572561673, 0, 1296, 1379, 865, 59, 4.86%, 0, 0, 8, 3128.88
1572561678, 0, 1316, 1379, 856, 50, 4.86%, 0, 0, 8, 3198.67
1572561683, 0, 1316, 1380, 857, 50, 4.86%, 0, 0, 8, 2515.25
1572561693, 0, 1316, 1383, 860, 50, 4.87%, 0, 0, 8, 2312.78
1572561703, 0, 1316, 1384, 861, 50, 4.87%, 0, 0, 8, 2338.52
1572561729, 0, 1316, 1385, 862, 50, 4.87%, 0, 0, 8, 2311.26
1572561785, 0, 1316, 1386, 863, 50, 4.87%, 0, 0, 8, 2245.07
1572561897, 0, 1331, 1386, 858, 48, 4.87%, 0, 0, 8, 2846.09
1572562116, 0, 1337, 1386, 854, 44, 4.87%, 0, 0, 8, 2887.29
1572562121, 0, 1337, 1387, 855, 44, 4.87%, 0, 0, 8, 2389.94
1572562132, 0, 1337, 1389, 857, 44, 4.87%, 0, 0, 8, 2261.33
1572562142, 0, 1337, 1400, 868, 44, 4.90%, 0, 0, 8, 2273.94
1572562168, 0, 1337, 1401, 869, 44, 4.90%, 0, 0, 8, 2306.90
1572562193, 0, 1337, 1402, 870, 44, 4.90%, 0, 0, 8, 2310.86
1572562223, 0, 1337, 1404, 872, 44, 4.90%, 0, 0, 8, 2677.65
1572562229, 0, 1337, 1405, 873, 44, 4.90%, 0, 0, 8, 2518.59
1572562279, 0, 1337, 1407, 875, 44, 4.90%, 0, 0, 8, 2431.18
1572562295, 0, 1337, 1408, 876, 44, 4.90%, 0, 0, 8, 2361.95
1572562335, 0, 1338, 1409, 876, 49, 4.90%, 0, 0, 8, 2434.46
1572562356, 0, 1338, 1410, 877, 49, 4.90%, 0, 0, 8, 2269.72
1572562361, 0, 1338, 1413, 880, 49, 4.90%, 0, 0, 8, 2271.62
1572562621, 0, 1340, 1413, 878, 47, 4.90%, 0, 0, 8, 1402.08
1572562626, 0, 1351, 1413, 874, 43, 4.90%, 0, 0, 8, 1605.79
1572562631, 0, 1359, 1413, 870, 39, 4.90%, 0, 0, 8, 1636.41
1572562636, 0, 1369, 1418, 868, 32, 4.90%, 0, 0, 8, 1531.82
1572562641, 0, 1374, 1428, 874, 36, 4.95%, 0, 0, 9, 1366.60
1572562646, 0, 1378, 1429, 873, 35, 4.95%, 0, 0, 9, 1391.31
1572562687, 0, 1378, 1431, 875, 35, 4.95%, 0, 0, 9, 1245.57
1572562799, 0, 1378, 1432, 876, 35, 4.95%, 0, 0, 9, 1217.07
1572562952, 0, 1378, 1433, 877, 35, 4.95%, 0, 0, 9, 1262.23
1572562997, 0, 1381, 1434, 876, 37, 4.95%, 0, 0, 9, 1287.70
1572563053, 0, 1381, 1435, 877, 37, 4.95%, 0, 0, 9, 1045.06
1572563176, 0, 1381, 1436, 878, 37, 4.95%, 0, 0, 9, 1116.81
1572563425, 0, 1381, 1437, 879, 37, 4.95%, 0, 0, 9, 1048.61
1572563477, 0, 1382, 1437, 878, 41, 4.95%, 0, 0, 9, 1353.87
1572563482, 0, 1382, 1438, 879, 41, 4.95%, 0, 0, 9, 1091.33
1572563960, 0, 1391, 1438, 877, 40, 4.95%, 0, 0, 9, 1316.15
1572563966, 0, 1397, 1439, 875, 37, 4.95%, 0, 0, 9, 1453.45
1572564017, 0, 1397, 1440, 876, 37, 4.95%, 0, 0, 9, 1017.11
1572564022, 0, 1397, 1442, 878, 37, 4.95%, 0, 0, 9, 1011.64
1572564190, 0, 1397, 1443, 879, 37, 4.95%, 0, 0, 9, 1060.85
1572564210, 0, 1397, 1444, 880, 37, 4.95%, 0, 0, 9, 930.70
1572564460, 0, 1398, 1444, 879, 41, 4.95%, 0, 0, 9, 1278.44
1572564465, 0, 1399, 1446, 880, 42, 4.95%, 0, 0, 9, 1177.91
1572564914, 0, 1401, 1447, 880, 41, 4.95%, 0, 0, 9, 2524.02
1572564934, 0, 1401, 1450, 883, 41, 4.96%, 0, 0, 9, 1674.64
1572564944, 0, 1401, 1451, 884, 41, 4.96%, 0, 0, 9, 1788.20
1572564949, 0, 1401, 1454, 887, 41, 4.96%, 0, 0, 9, 1821.32
1572564980, 0, 1401, 1458, 891, 41, 4.96%, 0, 0, 9, 1814.83
1572565016, 0, 1401, 1459, 892, 41, 4.97%, 0, 0, 9, 1806.77
1572565026, 0, 1401, 1460, 893, 41, 4.97%, 0, 0, 9, 1800.70
1572565041, 0, 1401, 1461, 894, 41, 4.97%, 0, 0, 9, 1925.03
1572565189, 0, 1407, 1461, 891, 46, 4.97%, 0, 0, 9, 2486.21
1572565285, 0, 1407, 1462, 892, 46, 4.97%, 0, 0, 9, 2374.16
1572565301, 0, 1407, 1463, 893, 46, 4.97%, 0, 0, 9, 2397.25
1572565387, 0, 1407, 1464, 894, 46, 4.97%, 0, 0, 9, 2399.23
1572565407, 0, 1411, 1464, 893, 48, 4.97%, 0, 0, 9, 2459.49
1572565458, 0, 1411, 1465, 894, 48, 4.97%, 0, 0, 9, 2258.35
1572565631, 0, 1420, 1479, 905, 50, 5.00%, 0, 0, 9, 2726.08
1572565636, 0, 1432, 1494, 915, 56, 5.02%, 0, 0, 9, 2920.66
1572565641, 0, 1436, 1497, 915, 53, 5.02%, 0, 0, 10, 2576.89
1572565661, 0, 1436, 1503, 921, 53, 5.02%, 0, 0, 10, 2335.31
1572565666, 0, 1436, 1510, 928, 53, 5.02%, 0, 0, 10, 2310.59
1572565687, 0, 1436, 1511, 929, 53, 5.02%, 0, 0, 10, 2365.73
1572565692, 0, 1436, 1515, 933, 53, 5.02%, 0, 0, 10, 2307.00
1572565712, 0, 1436, 1516, 934, 53, 5.02%, 0, 0, 10, 2272.12
1572565718, 0, 1436, 1517, 935, 53, 5.02%, 0, 0, 10, 2333.04
1572565723, 0, 1436, 1518, 936, 53, 5.02%, 0, 0, 10, 2338.40
1572565728, 0, 1436, 1520, 938, 53, 5.02%, 0, 0, 10, 2404.42
1572565748, 0, 1436, 1521, 939, 53, 5.02%, 0, 0, 10, 2350.06
1572565804, 0, 1436, 1522, 940, 53, 5.02%, 0, 0, 10, 2333.64
1572565809, 0, 1436, 1523, 941, 53, 5.02%, 0, 0, 10, 2343.55
1572565850, 0, 1437, 1524, 941, 67, 5.02%, 0, 0, 10, 2664.24
1572565855, 0, 1443, 1525, 941, 66, 5.02%, 0, 0, 10, 2351.51
1572565907, 0, 1443, 1526, 942, 66, 5.02%, 0, 0, 10, 2215.72
1572565952, 0, 1443, 1527, 943, 66, 5.02%, 0, 0, 10, 2336.00
1572566074, 0, 1452, 1527, 940, 65, 5.02%, 0, 0, 10, 2762.00
1572566079, 0, 1452, 1528, 941, 65, 5.02%, 0, 0, 10, 1996.42
1572566140, 0, 1452, 1529, 942, 65, 5.02%, 0, 0, 10, 1830.73
1572566201, 0, 1452, 1530, 943, 65, 5.02%, 0, 0, 10, 1935.92
1572566282, 0, 1452, 1531, 944, 65, 5.02%, 0, 0, 10, 1867.53
1572566348, 0, 1458, 1532, 940, 61, 5.02%, 0, 0, 10, 2787.97
1572566379, 0, 1458, 1536, 944, 61, 5.02%, 0, 0, 10, 1894.74
1572566471, 0, 1458, 1537, 945, 61, 5.02%, 0, 0, 10, 1992.25
1572566557, 0, 1458, 1538, 946, 61, 5.02%, 0, 0, 10, 2053.72
1572566613, 0, 1459, 1539, 946, 64, 5.02%, 0, 0, 10, 2365.31
1572566741, 0, 1459, 1540, 947, 64, 5.02%, 0, 0, 10, 1874.22
1572566882, 0, 1462, 1540, 945, 62, 5.02%, 0, 0, 10, 2465.56
1572566887, 0, 1463, 1541, 945, 61, 5.02%, 0, 0, 10, 2359.11
1572566908, 0, 1463, 1542, 946, 61, 5.02%, 0, 0, 10, 2294.30
1572566913, 0, 1463, 1544, 948, 61, 5.02%, 0, 0, 10, 2275.25
1572566975, 0, 1463, 1546, 950, 61, 5.02%, 0, 0, 10, 2366.28
1572566980, 0, 1463, 1548, 952, 61, 5.03%, 0, 0, 10, 2395.47
1572566985, 0, 1463, 1549, 953, 61, 5.03%, 0, 0, 10, 2377.34
1572567096, 0, 1478, 1561, 959, 64, 5.04%, 0, 0, 10, 2724.39
1572567101, 0, 1497, 1574, 962, 61, 5.05%, 0, 0, 10, 2918.02
1572567106, 0, 1519, 1574, 953, 52, 5.05%, 0, 0, 10, 3162.85
1572567111, 0, 1522, 1574, 950, 49, 5.05%, 0, 0, 10, 2849.24
1572567199, 0, 1522, 1575, 951, 49, 5.05%, 0, 0, 11, 2690.60
1572567265, 0, 1526, 1577, 951, 48, 5.05%, 0, 0, 11, 2439.00
1572567286, 0, 1526, 1578, 952, 48, 5.05%, 0, 0, 11, 2236.95
1572567291, 0, 1526, 1581, 955, 48, 5.05%, 0, 0, 11, 2225.60
1572567316, 0, 1526, 1583, 957, 48, 5.05%, 0, 0, 11, 2241.77
1572567341, 0, 1526, 1584, 958, 48, 5.05%, 0, 0, 11, 2250.87
1572567352, 0, 1526, 1587, 961, 48, 5.06%, 0, 0, 11, 2222.95
1572567362, 0, 1526, 1589, 963, 48, 5.06%, 0, 0, 11, 2309.02
1572567372, 0, 1526, 1590, 964, 48, 5.06%, 0, 0, 11, 2181.32
1572567433, 0, 1526, 1591, 965, 48, 5.06%, 0, 0, 11, 2307.32
1572567484, 0, 1529, 1591, 964, 57, 5.06%, 0, 0, 11, 2256.70
1572567515, 0, 1529, 1593, 966, 57, 5.06%, 0, 0, 11, 1822.21
1572567551, 0, 1529, 1595, 968, 57, 5.06%, 0, 0, 11, 1807.73
1572567581, 0, 1529, 1596, 969, 57, 5.06%, 0, 0, 11, 1869.92
1572567592, 0, 1529, 1597, 970, 57, 5.06%, 0, 0, 11, 1809.61
1572567617, 0, 1529, 1598, 971, 57, 5.06%, 0, 0, 11, 1908.09
1572567688, 0, 1529, 1599, 972, 57, 5.06%, 0, 0, 11, 1908.09
1572567754, 0, 1530, 1600, 972, 62, 5.06%, 0, 0, 11, 2121.90
1572567779, 0, 1530, 1601, 973, 62, 5.06%, 0, 0, 11, 2063.89
1572567871, 0, 1530, 1602, 974, 62, 5.06%, 0, 0, 11, 2460.00
1572567994, 0, 1530, 1603, 975, 62, 5.07%, 0, 0, 11, 2540.54
1572567999, 0, 1535, 1604, 974, 65, 5.07%, 0, 0, 11, 2099.61
1572568029, 0, 1535, 1605, 975, 65, 5.07%, 0, 0, 11, 1838.15
1572568126, 0, 1535, 1606, 976, 65, 5.07%, 0, 0, 11, 1859.18
1572568467, 0, 1537, 1606, 975, 66, 5.07%, 0, 0, 11, 1171.75
1572568503, 0, 1537, 1609, 978, 66, 5.07%, 0, 0, 11, 954.02
1572568523, 0, 1537, 1611, 980, 66, 5.07%, 0, 0, 11, 985.59
1572568528, 0, 1537, 1616, 985, 66, 5.07%, 0, 0, 11, 981.58
1572568590, 0, 1537, 1618, 987, 66, 5.07%, 0, 0, 11, 979.11
1572568661, 0, 1537, 1619, 988, 66, 5.07%, 0, 0, 11, 1042.91
1572568692, 0, 1537, 1620, 989, 66, 5.07%, 0, 0, 11, 1009.59
1572568880, 0, 1537, 1622, 991, 66, 5.07%, 0, 0, 11, 990.63
1572568992, 0, 1539, 1622, 990, 70, 5.07%, 0, 0, 11, 1354.60
1572569241, 0, 1539, 1623, 991, 70, 5.07%, 0, 0, 11, 791.34
1572569307, 0, 1539, 1624, 992, 70, 5.07%, 0, 0, 11, 1037.12
1572569613, 0, 1544, 1624, 989, 68, 5.07%, 0, 0, 11, 1416.50
1572569618, 0, 1547, 1625, 987, 65, 5.07%, 0, 0, 11, 1435.06
1572569673, 0, 1547, 1626, 988, 65, 5.07%, 0, 0, 11, 1017.62
1572569821, 0, 1547, 1627, 989, 65, 5.07%, 0, 0, 11, 1028.51
1572570004, 0, 1547, 1628, 990, 65, 5.07%, 0, 0, 11, 1029.20
1572570101, 0, 1551, 1632, 991, 66, 5.07%, 0, 0, 11, 1251.41
1572570106, 0, 1559, 1641, 994, 63, 5.08%, 0, 0, 11, 1295.58
1572570111, 0, 1562, 1644, 996, 63, 5.08%, 0, 0, 11, 1280.70
1572570116, 0, 1569, 1652, 1001, 62, 5.08%, 0, 0, 11, 1278.33
1572570121, 0, 1577, 1655, 1000, 60, 5.08%, 0, 0, 11, 1581.78
1572570126, 0, 1583, 1657, 1000, 59, 5.08%, 0, 0, 12, 1232.83
1572570278, 0, 1583, 1658, 1001, 59, 5.08%, 0, 0, 12, 816.30
1572570598, 0, 1583, 1659, 1002, 59, 5.08%, 0, 0, 12, 846.69
1572570689, 0, 1584, 1660, 1002, 60, 5.08%, 0, 0, 12, 2324.72
1572570776, 0, 1584, 1661, 1003, 60, 5.08%, 0, 0, 12, 2270.51
1572570908, 0, 1585, 1661, 1002, 60, 5.08%, 0, 0, 12, 2641.79
1572570913, 0, 1585, 1662, 1003, 60, 5.08%, 0, 0, 12, 2307.65
1572571127, 0, 1586, 1662, 1002, 60, 5.08%, 0, 0, 12, 2616.04
1572571132, 0, 1586, 1663, 1003, 60, 5.08%, 0, 0, 12, 2281.38
1572571346, 0, 1589, 1663, 1001, 59, 5.08%, 0, 0, 12, 2647.27
1572571580, 0, 1591, 1663, 1000, 58, 5.08%, 0, 0, 12, 2125.96
1572571611, 0, 1591, 1664, 1001, 58, 5.08%, 0, 0, 12, 1826.26
1572571785, 0, 1591, 1665, 1002, 58, 5.08%, 0, 0, 12, 1906.23
1572571790, 0, 1591, 1666, 1003, 58, 5.08%, 0, 0, 12, 1933.72
1572571845, 0, 1594, 1666, 1001, 57, 5.08%, 0, 0, 12, 2555.07
1572571850, 0, 1601, 1668, 998, 54, 5.08%, 0, 0, 12, 2509.62
1572571963, 0, 1601, 1669, 999, 54, 5.08%, 0, 0, 12, 2136.44
1572572100, 0, 1612, 1671, 995, 51, 5.08%, 0, 0, 12, 2854.37
1572572183, 0, 1612, 1672, 996, 51, 5.08%, 0, 0, 12, 2236.06
1572572305, 0, 1612, 1673, 997, 51, 5.08%, 0, 0, 12, 2275.16
1572572330, 0, 1622, 1673, 992, 48, 5.08%, 0, 0, 12, 2867.82
1572572335, 0, 1625, 1673, 989, 45, 5.08%, 0, 0, 12, 2588.17
1572572356, 0, 1625, 1675, 991, 45, 5.08%, 0, 0, 12, 2245.66
1572572427, 0, 1625, 1676, 992, 45, 5.08%, 0, 0, 12, 2328.14
1572572433, 0, 1625, 1677, 993, 45, 5.08%, 0, 0, 12, 2324.84
1572572448, 0, 1625, 1678, 994, 45, 5.08%, 0, 0, 12, 2397.10
1572572504, 0, 1625, 1678, 994, 45, 5.08%, 1, 0, 12, 2331.50
1572572554, 0, 1635, 1683, 994, 47, 5.09%, 1, 0, 12, 2725.01
1572572559, 0, 1658, 1692, 995, 44, 5.09%, 1, 0, 12, 2831.34
1572572564, 0, 1664, 1692, 990, 39, 5.09%, 1, 0, 12, 2697.25
1572572662, 0, 1664, 1693, 991, 39, 5.09%, 1, 0, 13, 2028.99
1572572753, 0, 1664, 1694, 992, 39, 5.09%, 1, 0, 13, 2088.88
1572572804, 0, 1665, 1694, 991, 40, 5.09%, 1, 0, 13, 2459.98
1572572835, 0, 1665, 1696, 993, 40, 5.09%, 1, 0, 13, 2149.83
1572572860, 0, 1665, 1697, 994, 40, 5.09%, 1, 0, 13, 2192.40
1572572891, 0, 1665, 1698, 995, 40, 5.09%, 1, 0, 13, 2110.52
1572572921, 0, 1665, 1699, 996, 40, 5.09%, 1, 0, 13, 2128.04
1572572982, 0, 1665, 1700, 997, 40, 5.09%, 1, 0, 13, 2249.43
1572572987, 0, 1665, 1701, 998, 40, 5.09%, 1, 0, 13, 2212.58
1572573044, 0, 1673, 1702, 993, 40, 5.09%, 1, 0, 13, 2892.17
1572573049, 0, 1682, 1712, 995, 33, 5.09%, 1, 0, 13, 3012.07
1572573054, 0, 1692, 1720, 997, 32, 5.09%, 1, 0, 14, 2652.39
1572573146, 0, 1692, 1721, 998, 32, 5.09%, 1, 0, 14, 2129.98
1572573293, 0, 1697, 1721, 995, 30, 5.09%, 1, 0, 14, 2656.07
1572573323, 0, 1697, 1722, 996, 30, 5.09%, 1, 0, 14, 2126.31
1572573527, 0, 1698, 1722, 995, 30, 5.09%, 1, 0, 14, 2517.07
1572573532, 0, 1699, 1722, 994, 29, 5.09%, 1, 0, 14, 2291.24
1572573771, 0, 1700, 1722, 993, 28, 5.09%, 1, 0, 14, 2169.54
1572573939, 0, 1700, 1723, 994, 28, 5.09%, 1, 0, 14, 942.75
1572574281, 0, 1701, 1723, 993, 28, 5.09%, 1, 0, 14, 1251.42
1572574286, 0, 1719, 1726, 990, 24, 5.09%, 1, 0, 14, 1317.96
1572574291, 0, 1721, 1726, 988, 22, 5.09%, 1, 0, 14, 1197.42
1572574943, 0, 1725, 1730, 990, 20, 5.11%, 1, 0, 15, 1299.36
1572574948, 0, 1731, 1746, 1000, 20, 5.23%, 1, 0, 16, 1281.01
1572574953, 0, 1751, 1757, 998, 24, 5.31%, 1, 0, 16, 1310.31
1572574958, 0, 1754, 1761, 1000, 25, 5.31%, 1, 0, 17, 1302.45
1572574963, 0, 1756, 1772, 1009, 29, 5.32%, 1, 0, 17, 1286.27
1572574968, 0, 1760, 1787, 1021, 37, 5.37%, 1, 0, 18, 1289.08
1572574973, 0, 1767, 1796, 1028, 38, 5.50%, 1, 0, 18, 1282.94
1572574978, 0, 1771, 1797, 1026, 41, 5.51%, 1, 0, 18, 1278.63
1572574983, 0, 1771, 1801, 1030, 41, 5.56%, 1, 0, 18, 1282.11
1572574988, 0, 1788, 1804, 1019, 34, 5.57%, 1, 0, 19, 1284.53
1572574994, 0, 1789, 1809, 1023, 35, 5.58%, 1, 0, 19, 1290.63
1572574999, 0, 1792, 1813, 1024, 36, 5.59%, 1, 0, 19, 1266.06
1572575004, 0, 1794, 1825, 1034, 37, 5.61%, 1, 0, 19, 1266.25
1572575009, 0, 1795, 1837, 1045, 48, 5.69%, 1, 0, 19, 1279.93
1572575014, 0, 1798, 1847, 1052, 49, 5.71%, 1, 0, 19, 1281.14
1572575019, 0, 1800, 1858, 1061, 54, 5.72%, 1, 0, 19, 1274.14
1572575024, 0, 1811, 1861, 1060, 53, 5.72%, 1, 0, 20, 1276.15
1572575029, 0, 1813, 1870, 1067, 52, 5.73%, 1, 0, 20, 1262.44
1572575034, 0, 1828, 1889, 1076, 48, 5.76%, 1, 0, 20, 1262.54
1572575039, 0, 1837, 1894, 1076, 58, 5.77%, 1, 0, 20, 1269.45
1572575045, 0, 1851, 1899, 1073, 50, 5.77%, 1, 0, 20, 1269.48
1572575050, 0, 1858, 1900, 1070, 49, 5.78%, 1, 0, 21, 1264.66
1572575055, 0, 1865, 1907, 1073, 47, 5.78%, 1, 0, 21, 1258.23
1572575060, 0, 1869, 1910, 1073, 52, 5.78%, 1, 0, 21, 1250.13
1572575065, 0, 1882, 1918, 1072, 43, 5.79%, 1, 0, 21, 1265.47
1572575070, 0, 1892, 1923, 1071, 43, 5.79%, 1, 0, 21, 1268.87
1572575075, 0, 1899, 1926, 1068, 41, 5.80%, 1, 0, 22, 1252.57
1572575080, 0, 1907, 1929, 1066, 39, 5.80%, 1, 0, 22, 1256.26
1572575085, 0, 1913, 1935, 1066, 33, 5.80%, 1, 0, 22, 1267.01
1572575090, 0, 1921, 1938, 1062, 33, 5.81%, 1, 0, 22, 1281.56
1572575096, 0, 1928, 1942, 1062, 29, 5.81%, 1, 0, 23, 1257.01
1572575101, 0, 1933, 1946, 1062, 31, 5.81%, 1, 0, 23, 1255.61
1572575106, 0, 1934, 1950, 1065, 34, 5.82%, 1, 0, 23, 1257.75
1572575111, 0, 1937, 1953, 1065, 32, 5.82%, 1, 0, 23, 1287.78
1572575116, 0, 1943, 1955, 1063, 29, 5.82%, 1, 0, 24, 1268.59
1572575121, 0, 1949, 1957, 1060, 27, 5.82%, 1, 0, 24, 1277.95
1572575126, 0, 1956, 1961, 1059, 23, 5.82%, 1, 0, 25, 1265.52
1572575131, 0, 1957, 1965, 1062, 26, 5.82%, 1, 0, 26, 1249.00
1572575136, 0, 1961, 1966, 1060, 25, 5.82%, 1, 0, 26, 1226.13
1572575141, 0, 1965, 1969, 1060, 23, 5.82%, 1, 0, 27, 1224.49
1572575146, 1, 237, 1969, 1057, 21, 5.82%, 1, 0, 27, 1283.09
1572575615, 1, 373, 1970, 1057, 22, 5.82%, 1, 0, 27, 1435.84
1572575666, 1, 373, 1971, 1058, 22, 5.82%, 1, 0, 27, 1092.40
1572575672, 1, 373, 1972, 1059, 22, 5.82%, 1, 0, 27, 1099.96
1572576088, 1, 598, 1972, 1058, 22, 5.82%, 1, 0, 27, 1224.53
1572576395, 1, 622, 1972, 1057, 21, 5.82%, 1, 0, 27, 2570.57
1572576405, 1, 803, 1972, 1054, 20, 5.82%, 1, 0, 27, 2643.78
1572576502, 1, 803, 1973, 1055, 20, 5.82%, 1, 0, 27, 2491.30
1572576614, 1, 842, 1973, 1054, 20, 5.82%, 1, 0, 27, 2539.11
1572576824, 1, 979, 1973, 1053, 19, 5.82%, 1, 0, 27, 2556.61
1572576927, 1, 993, 1973, 1052, 18, 5.82%, 1, 0, 27, 2361.18
1572577076, 1, 1167, 1973, 1047, 15, 5.82%, 1, 0, 27, 2810.46
1572577235, 1, 1205, 1973, 1045, 13, 5.82%, 1, 0, 27, 2587.64
1572577445, 1, 1525, 1973, 1038, 8, 5.82%, 1, 0, 27, 2804.55
1572577736, 1, 1708, 1976, 1039, 6, 5.82%, 1, 0, 27, 2437.87
1572577741, 1, 1969, 1982, 1038, 8, 5.82%, 1, 0, 27, 2760.99
1572577940, 1, 1973, 1983, 1036, 5, 5.82%, 1, 0, 27, 2925.39
1572577945, 1, 1973, 1984, 1037, 5, 5.82%, 1, 0, 27, 2917.98
1572577950, 1, 1976, 1984, 1036, 5, 5.82%, 1, 0, 27, 2939.84
1572577956, 1, 1976, 1985, 1037, 5, 5.82%, 1, 0, 27, 2947.43
1572577961, 1, 1976, 1989, 1041, 5, 5.82%, 1, 0, 27, 2909.90
1572577966, 1, 1977, 1991, 1042, 6, 5.82%, 1, 0, 27, 2942.39
1572577976, 1, 1977, 1993, 1044, 6, 5.82%, 1, 0, 27, 2935.01
1572577981, 1, 1983, 1993, 1041, 3, 5.82%, 1, 0, 27, 2912.43
1572577986, 1, 1983, 1994, 1042, 3, 5.82%, 1, 0, 27, 2937.07
1572577996, 1, 1983, 1997, 1045, 3, 5.82%, 1, 0, 27, 2910.80
1572578002, 1, 1985, 1997, 1044, 4, 5.82%, 1, 0, 27, 2922.00
1572578012, 1, 1991, 1997, 1043, 3, 5.82%, 1, 0, 27, 2932.91
1572578027, 1, 1991, 2001, 1047, 3, 5.82%, 1, 0, 27, 2917.35
1572578037, 1, 1996, 2002, 1046, 3, 5.82%, 1, 0, 27, 2918.18
1572578058, 1, 1996, 2004, 1048, 3, 5.82%, 1, 0, 27, 2918.25
1572578063, 1, 1998, 2004, 1047, 2, 5.82%, 1, 0, 27, 2909.60
1572578089, 1, 2002, 2004, 1046, 1, 5.82%, 1, 0, 27, 2924.63
1572578114, 2, 62, 2004, 1037, 0, 5.82%, 1, 0, 27, 3170.12
1572578120, 2, 99, 2004, 1028, 0, 5.82%, 1, 0, 27, 3230.02
1572578125, 2, 150, 2004, 1019, 0, 5.82%, 1, 0, 27, 3241.06
1572578130, 2, 241, 2004, 1009, 0, 5.82%, 1, 0, 27, 3198.80
1572578135, 2, 261, 2004, 1007, 0, 5.82%, 1, 0, 27, 2726.94
1572578150, 2, 261, 2005, 1008, 0, 5.82%, 1, 0, 27, 2584.51
1572578334, 2, 547, 2005, 1008, 1, 5.82%, 1, 0, 27, 2471.98
1572578355, 2, 547, 2006, 1009, 1, 5.82%, 1, 0, 27, 2507.56
1572578375, 2, 547, 2008, 1011, 1, 5.82%, 1, 0, 27, 2506.73
1572578528, 2, 577, 2008, 1011, 2, 5.82%, 1, 0, 27, 2656.18
1572578677, 2, 763, 2008, 1010, 2, 5.82%, 1, 0, 27, 2783.06
1572578692, 2, 763, 2009, 1011, 2, 5.82%, 1, 0, 27, 2661.81
1572578754, 2, 1688, 2010, 1005, 3, 5.82%, 1, 0, 27, 2960.23
1572578759, 2, 2006, 2010, 1003, 4, 5.82%, 1, 0, 27, 2627.74
1572578958, 2, 2007, 2010, 1002, 3, 5.82%, 1, 0, 27, 2565.94
1572579152, 2, 2008, 2010, 1001, 2, 5.82%, 1, 0, 27, 2665.82
1572579229, 2, 2009, 2011, 1001, 1, 5.82%, 1, 0, 27, 2861.34
1572579239, 2, 2009, 2014, 1004, 1, 5.82%, 1, 0, 27, 2919.57
1572579244, 2, 2010, 2014, 1003, 2, 5.82%, 1, 0, 27, 2897.91
1572579259, 2, 2013, 2014, 1002, 1, 5.82%, 1, 0, 27, 2926.38
1572579295, 3, 39, 2014, 996, 0, 5.82%, 1, 0, 27, 2935.57
1572579499, 3, 799, 2015, 994, 1, 5.82%, 1, 0, 27, 2717.87
1572579520, 3, 799, 2016, 995, 1, 5.82%, 1, 0, 27, 2382.72
1572579525, 3, 799, 2020, 999, 1, 5.82%, 1, 0, 27, 1499.26
1572579581, 3, 799, 2021, 1000, 1, 5.82%, 1, 0, 27, 1044.51
1572579682, 3, 799, 2023, 1002, 1, 5.82%, 1, 0, 27, 1060.52
1572579688, 3, 799, 2025, 1004, 1, 5.83%, 1, 0, 27, 1072.39
1572579693, 3, 799, 2026, 1005, 1, 5.83%, 1, 0, 27, 1039.11
1572579703, 3, 799, 2029, 1008, 1, 5.83%, 1, 0, 27, 1032.74
1572579708, 3, 799, 2030, 1009, 1, 5.83%, 1, 0, 27, 1037.36
1572579713, 3, 799, 2031, 1010, 1, 5.83%, 1, 0, 27, 1051.13
1572579952, 3, 1720, 2032, 1006, 7, 5.83%, 1, 0, 27, 1394.37
1572579993, 3, 1720, 2035, 1009, 7, 5.83%, 1, 0, 27, 817.08
1572580018, 3, 1720, 2036, 1010, 7, 5.83%, 1, 0, 27, 831.13
1572580023, 3, 1720, 2038, 1012, 7, 5.83%, 1, 0, 27, 853.72
1572580094, 3, 1720, 2041, 1015, 7, 5.83%, 1, 0, 27, 871.16
1572580165, 3, 1720, 2042, 1016, 7, 5.83%, 1, 0, 27, 857.23
1572580175, 3, 1720, 2044, 1018, 7, 5.83%, 1, 0, 27, 861.19
1572580185, 3, 1720, 2045, 1019, 7, 5.83%, 1, 0, 27, 833.38
1572580206, 3, 1720, 2046, 1020, 7, 5.83%, 1, 0, 27, 907.03
1572580247, 3, 1720, 2047, 1021, 7, 5.83%, 1, 0, 27, 988.70
1572580328, 3, 1720, 2048, 1022, 7, 5.83%, 1, 0, 27, 955.23
1572580536, 3, 1989, 2048, 1021, 21, 5.83%, 1, 0, 27, 1215.46
1572580572, 3, 1989, 2050, 1023, 21, 5.83%, 1, 0, 27, 1246.72
1572580577, 3, 1989, 2051, 1024, 21, 5.83%, 1, 0, 27, 1243.51
1572580592, 3, 2012, 2051, 1022, 23, 5.83%, 1, 0, 27, 1319.43
1572580633, 3, 2014, 2051, 1021, 22, 5.83%, 1, 0, 27, 1317.63
1572580683, 3, 2014, 2053, 1023, 22, 5.83%, 1, 0, 27, 1093.30
1572580851, 3, 2014, 2054, 1024, 22, 5.83%, 1, 0, 27, 1160.89
1572581059, 3, 2017, 2056, 1025, 21, 5.83%, 1, 0, 27, 1192.35
1572581452, 3, 2019, 2057, 1025, 21, 5.83%, 1, 0, 27, 1221.16
1572581508, 3, 2019, 2058, 1026, 21, 5.83%, 1, 0, 27, 1037.62
1572581558, 3, 2019, 2059, 1027, 21, 5.83%, 1, 0, 27, 1055.15
1572581931, 3, 2025, 2059, 1023, 18, 5.83%, 1, 0, 27, 1578.09
1572581936, 3, 2036, 2059, 1021, 16, 5.83%, 1, 0, 27, 1252.99
1572581976, 3, 2036, 2060, 1022, 16, 5.83%, 1, 0, 27, 801.58
1572582002, 3, 2036, 2061, 1023, 16, 5.83%, 1, 0, 27, 854.32
1572582007, 3, 2036, 2062, 1024, 16, 5.83%, 1, 0, 27, 836.28
1572582078, 3, 2036, 2063, 1025, 16, 5.83%, 1, 0, 27, 851.41
1572582149, 3, 2036, 2064, 1026, 16, 5.83%, 1, 0, 27, 837.68
1572582327, 3, 2036, 2065, 1027, 16, 5.83%, 1, 0, 27, 2151.34
1572582352, 3, 2038, 2065, 1026, 19, 5.83%, 1, 0, 27, 2072.63
1572582611, 3, 2046, 2065, 1020, 13, 5.83%, 1, 0, 27, 2947.32
1572582616, 3, 2048, 2065, 1019, 12, 5.83%, 1, 0, 27, 2929.10
1572582637, 3, 2051, 2065, 1018, 10, 5.83%, 1, 0, 27, 2939.92
1572582642, 3, 2061, 2065, 1013, 5, 5.83%, 1, 0, 27, 2516.59
1572582739, 3, 2061, 2066, 1014, 5, 5.83%, 1, 0, 27, 1979.64
1572582897, 3, 2063, 2066, 1013, 5, 5.83%, 1, 0, 27, 2455.08
1572583010, 3, 2063, 2067, 1014, 5, 5.83%, 1, 0, 27, 1746.49
1572583193, 3, 2064, 2069, 1015, 6, 5.83%, 1, 0, 27, 2574.38
1572583224, 3, 2064, 2072, 1018, 6, 5.83%, 1, 0, 27, 1855.73
1572583229, 3, 2064, 2074, 1020, 6, 5.83%, 1, 0, 27, 1845.06
1572583311, 3, 2064, 2075, 1021, 6, 5.83%, 1, 0, 27, 1800.90
1572583331, 3, 2064, 2076, 1022, 6, 5.83%, 1, 0, 27, 1892.18
1572583463, 3, 2064, 2077, 1023, 6, 5.83%, 1, 0, 27, 2483.28
1572583473, 3, 2065, 2077, 1022, 10, 5.83%, 1, 0, 27, 2189.42
1572583498, 3, 2065, 2078, 1023, 10, 5.83%, 1, 0, 27, 2001.40
1572583529, 3, 2065, 2079, 1024, 10, 5.83%, 1, 0, 27, 2037.76
1572583560, 3, 2065, 2080, 1025, 10, 5.83%, 1, 0, 27, 2003.29
1572583565, 3, 2065, 2081, 1026, 10, 5.83%, 1, 0, 27, 2100.47
1572583596, 3, 2065, 2084, 1029, 10, 5.83%, 1, 0, 27, 2285.56
1572583722, 3, 2068, 2084, 1027, 12, 5.83%, 1, 0, 27, 2737.34
1572583902, 3, 2068, 2085, 1028, 12, 5.83%, 1, 0, 27, 2786.19
1572583907, 3, 2076, 2085, 1023, 9, 5.83%, 1, 0, 27, 3001.43
1572583933, 3, 2076, 2087, 1025, 9, 5.85%, 1, 0, 27, 1996.02
1572583938, 3, 2076, 2088, 1026, 9, 5.85%, 1, 0, 27, 2043.28
1572584009, 3, 2076, 2090, 1028, 9, 5.85%, 1, 0, 27, 2093.92
1572584161, 3, 2077, 2090, 1027, 12, 5.85%, 1, 0, 27, 2536.51
1572584223, 3, 2077, 2091, 1028, 12, 5.85%, 1, 0, 27, 2001.00
1572584416, 3, 2084, 2091, 1024, 9, 5.85%, 1, 0, 27, 2881.14
1572584590, 3, 2086, 2091, 1022, 7, 5.85%, 1, 0, 27, 2850.41
1572584595, 3, 2088, 2092, 1022, 6, 5.85%, 1, 0, 27, 2410.36
1572584615, 3, 2088, 2097, 1027, 6, 5.85%, 1, 0, 27, 2176.99
1572584620, 3, 2088, 2099, 1029, 6, 5.85%, 1, 0, 27, 2198.29
1572584676, 3, 2088, 2100, 1030, 6, 5.85%, 1, 0, 27, 2281.12
1572584752, 3, 2088, 2101, 1031, 6, 5.85%, 1, 0, 27, 2332.11
1572584829, 3, 2093, 2101, 1028, 8, 5.85%, 1, 0, 27, 2610.86
1572584921, 3, 2093, 2102, 1029, 8, 5.85%, 1, 0, 27, 2263.05
1572585069, 3, 2097, 2103, 1028, 7, 5.85%, 1, 0, 27, 2599.76
1572585110, 3, 2097, 2108, 1033, 7, 5.85%, 1, 0, 27, 1414.37
1572585295, 3, 2097, 2109, 1034, 7, 5.85%, 1, 0, 27, 1350.35
1572586441, 3, 2104, 2109, 1029, 10, 5.85%, 1, 0, 27, 1577.01
1572586447, 4, 195, 2109, 1024, 7, 5.85%, 1, 0, 27, 1752.56
1572586452, 4, 1279, 2109, 1018, 7, 5.85%, 1, 0, 27, 1767.97
1572586457, 4, 1546, 2110, 1018, 7, 5.85%, 1, 0, 27, 1137.90
1572586518, 4, 1546, 2111, 1019, 7, 5.85%, 1, 0, 27, 929.91
1572586579, 4, 1546, 2112, 1020, 7, 5.85%, 1, 0, 27, 916.53
1572586655, 4, 1546, 2112, 1020, 7, 5.85%, 2, 0, 27, 969.63
1572586671, 4, 1546, 2113, 1021, 7, 5.85%, 2, 0, 27, 928.88
1572586686, 4, 1546, 2114, 1022, 7, 5.85%, 2, 0, 27, 960.56
1572586702, 4, 1546, 2115, 1023, 7, 5.85%, 2, 0, 27, 946.09
1572586976, 4, 1627, 2115, 1023, 11, 5.85%, 2, 0, 27, 1106.15
1572587237, 4, 1627, 2116, 1024, 11, 5.85%, 2, 0, 27, 1006.00
1572587379, 4, 1627, 2116, 1024, 11, 5.85%, 3, 0, 27, 1016.70
1572587497, 4, 1695, 2119, 1026, 11, 5.85%, 3, 0, 27, 900.92
1572587502, 4, 2081, 2119, 1023, 9, 5.85%, 3, 0, 27, 1327.75
1572587507, 4, 2113, 2119, 1018, 4, 5.85%, 3, 0, 27, 1729.30
1572587512, 4, 2116, 2119, 1016, 2, 5.85%, 3, 0, 27, 290.71
1572587665, 4, 2116, 2120, 1017, 2, 5.85%, 3, 0, 27, 221.32
1572587747, 4, 2116, 2121, 1018, 2, 5.85%, 3, 0, 27, 255.14
1572587767, 4, 2116, 2122, 1019, 2, 5.85%, 3, 0, 27, 253.60
1572588144, 4, 2116, 2123, 1020, 2, 5.85%, 3, 0, 27, 611.74
1572588576, 4, 2116, 2124, 1021, 2, 5.85%, 3, 0, 27, 609.51
1572588794, 4, 2122, 2124, 1019, 3, 5.85%, 3, 0, 27, 1188.69
1572589797, 5, 220, 2124, 1015, 1, 5.85%, 3, 0, 27, 2423.45
1572590002, 5, 483, 2124, 1011, 1, 5.85%, 3, 0, 27, 2732.44
1572590186, 5, 483, 2125, 1012, 1, 5.85%, 3, 0, 27, 2614.37
1572590202, 5, 1069, 2125, 1009, 2, 5.85%, 3, 0, 27, 2815.12
1572590207, 5, 1312, 2125, 1006, 2, 5.85%, 3, 0, 27, 2272.20
1572590263, 5, 1312, 2126, 1007, 2, 5.85%, 3, 0, 27, 1975.09
1572590462, 5, 2124, 2134, 1013, 6, 5.85%, 3, 0, 27, 2600.37
1572590487, 5, 2124, 2135, 1014, 6, 5.85%, 3, 0, 27, 2573.08
1572590544, 5, 2124, 2136, 1015, 6, 5.85%, 3, 0, 27, 2607.47
1572590549, 5, 2124, 2137, 1016, 6, 5.85%, 3, 0, 27, 2615.09
1572590666, 5, 2126, 2138, 1016, 9, 5.85%, 3, 0, 27, 2830.15
1572590672, 5, 2126, 2139, 1017, 9, 5.85%, 3, 0, 27, 2983.05
1572590682, 5, 2128, 2140, 1017, 10, 5.85%, 3, 0, 27, 2942.27
1572590692, 5, 2128, 2144, 1021, 10, 5.85%, 3, 0, 27, 2878.42
1572590697, 5, 2131, 2145, 1021, 10, 5.85%, 3, 0, 27, 2890.85
1572590712, 5, 2131, 2147, 1023, 10, 5.85%, 3, 0, 27, 2978.80
1572590718, 5, 2131, 2151, 1027, 10, 5.85%, 3, 0, 27, 2890.28
1572590723, 5, 2137, 2151, 1022, 9, 5.85%, 3, 0, 27, 3023.56
1572590790, 5, 2137, 2152, 1023, 9, 5.85%, 3, 0, 27, 2772.60
1572590836, 5, 2139, 2154, 1023, 8, 5.86%, 3, 0, 27, 2921.02
1572590846, 5, 2139, 2159, 1028, 8, 5.86%, 3, 0, 27, 2894.53
1572590851, 5, 2142, 2159, 1027, 11, 5.86%, 3, 0, 27, 2965.07
1572590866, 5, 2142, 2162, 1030, 11, 5.86%, 3, 0, 27, 2893.23
1572590872, 5, 2143, 2162, 1029, 11, 5.86%, 3, 0, 27, 2831.56
1572590908, 5, 2143, 2164, 1031, 11, 5.86%, 3, 0, 27, 2805.37
1572590913, 5, 2143, 2166, 1033, 11, 5.86%, 3, 0, 27, 2797.33
1572590918, 5, 2144, 2166, 1032, 11, 5.86%, 3, 0, 27, 2905.73
1572590933, 5, 2146, 2166, 1031, 10, 5.86%, 3, 0, 27, 2908.29
1572590954, 5, 2148, 2166, 1030, 9, 5.86%, 3, 0, 27, 2892.54
1572591000, 5, 2148, 2167, 1031, 9, 5.86%, 3, 0, 27, 2875.49
1572591005, 5, 2148, 2168, 1032, 9, 5.86%, 3, 0, 27, 2838.92
1572591010, 5, 2157, 2175, 1035, 9, 5.86%, 3, 0, 27, 2865.67
1572591020, 5, 2157, 2178, 1038, 9, 5.86%, 3, 0, 27, 2899.80
1572591030, 5, 2158, 2181, 1040, 14, 5.86%, 3, 0, 27, 2812.75
1572591045, 5, 2159, 2182, 1040, 14, 5.86%, 3, 0, 27, 2872.86
1572591056, 5, 2159, 2185, 1043, 14, 5.86%, 3, 0, 27, 2804.48
1572591061, 5, 2160, 2187, 1044, 16, 5.86%, 3, 0, 27, 2789.26
1572591066, 5, 2160, 2188, 1045, 16, 5.86%, 3, 0, 27, 2858.87
1572591071, 5, 2160, 2194, 1051, 16, 5.86%, 3, 0, 27, 2799.89
1572591076, 5, 2160, 2195, 1052, 16, 5.87%, 3, 0, 27, 2778.66
1572591081, 5, 2161, 2195, 1051, 16, 5.87%, 3, 0, 27, 2696.86
1572591086, 5, 2161, 2196, 1052, 16, 5.87%, 3, 0, 27, 2657.09
1572591107, 5, 2161, 2197, 1053, 16, 5.87%, 3, 0, 27, 2618.22
1572591112, 5, 2167, 2198, 1053, 16, 5.87%, 3, 0, 27, 2614.91
1572591229, 5, 2167, 2199, 1054, 16, 5.87%, 3, 0, 27, 1007.63
1572591952, 5, 2167, 2201, 1056, 16, 5.87%, 3, 0, 27, 1028.09
1572591972, 5, 2167, 2202, 1057, 16, 5.87%, 3, 0, 27, 1060.87
1572591982, 5, 2169, 2205, 1059, 18, 5.87%, 3, 0, 27, 1172.85
1572591997, 5, 2169, 2209, 1063, 18, 5.88%, 3, 0, 27, 1209.11
1572592003, 5, 2169, 2211, 1065, 18, 5.88%, 3, 0, 27, 1205.98
1572592008, 5, 2169, 2212, 1066, 18, 5.88%, 3, 0, 27, 1193.75
1572592018, 5, 2169, 2214, 1068, 18, 5.88%, 3, 0, 27, 1200.51
1572592023, 5, 2173, 2215, 1068, 21, 5.89%, 3, 0, 27, 1182.07
1572592033, 5, 2173, 2217, 1070, 21, 5.89%, 3, 0, 27, 1126.44
1572592089, 5, 2173, 2219, 1072, 21, 5.89%, 3, 0, 27, 1124.77
1572592094, 5, 2173, 2220, 1073, 21, 5.89%, 3, 0, 27, 1106.58
1572592099, 5, 2173, 2223, 1076, 21, 5.89%, 3, 0, 27, 1102.32
1572592104, 5, 2173, 2224, 1077, 21, 5.89%, 3, 0, 27, 1117.51
1572592109, 5, 2173, 2225, 1078, 21, 5.89%, 3, 0, 27, 1094.29
1572592119, 5, 2176, 2225, 1076, 21, 5.89%, 3, 0, 27, 1214.43
1572592150, 5, 2179, 2225, 1074, 19, 5.89%, 3, 0, 27, 1244.85
1572592155, 5, 2179, 2227, 1076, 19, 5.89%, 3, 0, 27, 1287.05
1572592175, 5, 2179, 2229, 1078, 19, 5.89%, 3, 0, 27, 1206.21
1572592191, 5, 2179, 2230, 1079, 19, 5.89%, 3, 0, 27, 1197.37
1572592196, 5, 2183, 2231, 1078, 19, 5.89%, 3, 0, 27, 1227.05
1572592231, 5, 2190, 2231, 1076, 17, 5.89%, 3, 0, 27, 1225.48
1572592242, 5, 2190, 2232, 1077, 17, 5.89%, 3, 0, 27, 1226.77
1572592278, 5, 2190, 2234, 1079, 17, 5.89%, 3, 0, 27, 1187.27
1572592293, 5, 2190, 2235, 1080, 17, 5.89%, 3, 0, 27, 1171.07
1572592298, 5, 2193, 2235, 1079, 20, 5.89%, 3, 0, 27, 1216.34
1572592313, 5, 2193, 2236, 1080, 20, 5.89%, 3, 0, 27, 1211.87
1572592364, 5, 2194, 2237, 1080, 20, 5.89%, 3, 0, 27, 1190.13
1572592380, 5, 2194, 2238, 1081, 20, 5.89%, 3, 0, 27, 1230.43
1572592390, 5, 2194, 2239, 1082, 20, 5.89%, 3, 0, 27, 1216.48
1572592395, 5, 2194, 2240, 1083, 20, 5.89%, 3, 0, 27, 1180.32
1572592400, 5, 2194, 2242, 1085, 20, 5.89%, 3, 0, 27, 1173.22
1572592405, 5, 2194, 2243, 1086, 20, 5.90%, 3, 0, 27, 1182.23
1572592410, 5, 2197, 2243, 1085, 23, 5.90%, 3, 0, 27, 1106.38
1572592430, 5, 2197, 2244, 1086, 23, 5.90%, 3, 0, 27, 1018.72
1572592562, 5, 2197, 2245, 1087, 23, 5.90%, 3, 0, 27, 1036.98
1572592593, 5, 2198, 2245, 1086, 23, 5.90%, 3, 0, 27, 1040.62
1572592975, 5, 2198, 2246, 1087, 23, 5.90%, 3, 0, 27, 996.92
1572593443, 5, 2201, 2246, 1086, 23, 5.90%, 3, 0, 27, 1139.41
1572593458, 5, 2201, 2247, 1087, 23, 5.90%, 3, 0, 27, 1198.92
1572593483, 5, 2204, 2247, 1086, 23, 5.90%, 3, 0, 27, 1217.53
1572593498, 5, 2204, 2249, 1088, 23, 5.90%, 3, 0, 28, 1193.48
1572593513, 5, 2204, 2251, 1090, 23, 5.90%, 3, 0, 28, 1186.97
1572593524, 5, 2208, 2251, 1089, 23, 5.90%, 3, 0, 28, 1216.75
1572593544, 5, 2208, 2252, 1090, 23, 5.90%, 3, 0, 28, 1250.22
1572593554, 5, 2208, 2253, 1091, 23, 5.90%, 3, 0, 28, 1167.07
1572593564, 5, 2208, 2254, 1092, 23, 5.90%, 3, 0, 28, 1177.63
1572593575, 5, 2212, 2254, 1091, 23, 5.90%, 3, 0, 28, 1218.52
1572593590, 5, 2212, 2255, 1092, 23, 5.90%, 3, 0, 28, 1181.67
1572593605, 5, 2212, 2256, 1093, 23, 5.90%, 3, 0, 28, 1194.62
1572593615, 5, 2214, 2256, 1092, 23, 5.90%, 3, 0, 28, 1241.76
1572593620, 5, 2214, 2257, 1093, 23, 5.90%, 3, 0, 28, 1189.54
1572593636, 5, 2220, 2257, 1092, 23, 5.90%, 3, 0, 28, 1202.54
1572593646, 5, 2220, 2258, 1093, 23, 5.90%, 3, 0, 28, 1129.76
1572593697, 5, 2220, 2259, 1094, 23, 5.90%, 3, 0, 28, 1090.74
1572593707, 5, 2220, 2260, 1095, 23, 5.90%, 3, 0, 28, 1117.68
1572593717, 5, 2220, 2262, 1097, 23, 5.90%, 3, 0, 28, 1090.74
1572593722, 5, 2221, 2262, 1096, 24, 5.90%, 3, 0, 28, 1124.98
1572593793, 5, 2221, 2263, 1097, 24, 5.90%, 3, 0, 28, 1075.50
1572593814, 5, 2224, 2263, 1096, 23, 5.90%, 3, 0, 28, 1172.29
1572593824, 5, 2224, 2264, 1097, 23, 5.90%, 3, 0, 28, 1182.89
1572593849, 5, 2232, 2264, 1094, 20, 5.90%, 3, 0, 28, 1235.35
1572593885, 5, 2233, 2264, 1093, 19, 5.90%, 3, 0, 28, 1206.40
1572593936, 5, 2233, 2265, 1094, 19, 5.90%, 3, 0, 28, 1880.12
1572593971, 5, 2233, 2266, 1095, 19, 5.90%, 3, 0, 28, 2335.24
1572593977, 5, 2234, 2266, 1094, 19, 5.90%, 3, 0, 28, 2587.42
1572593982, 5, 2234, 2267, 1095, 19, 5.90%, 3, 0, 28, 2753.07
1572593997, 5, 2238, 2267, 1093, 17, 5.90%, 3, 0, 28, 2943.99
1572594007, 5, 2238, 2268, 1094, 17, 5.90%, 3, 0, 28, 2884.60
1572594017, 5, 2240, 2268, 1093, 17, 5.90%, 3, 0, 28, 2871.13
1572594022, 5, 2242, 2269, 1093, 16, 5.90%, 3, 0, 28, 2866.23
1572594028, 5, 2242, 2270, 1094, 16, 5.90%, 3, 0, 28, 2944.22
1572594033, 5, 2242, 2271, 1095, 16, 5.90%, 3, 0, 28, 2926.42
1572594043, 5, 2244, 2271, 1094, 17, 5.90%, 3, 0, 28, 2707.16
1572594048, 5, 2246, 2271, 1092, 15, 5.90%, 3, 0, 28, 2858.09
1572594053, 5, 2246, 2272, 1093, 15, 5.90%, 3, 0, 28, 2871.34
1572594063, 5, 2247, 2273, 1093, 15, 5.90%, 3, 0, 28, 2859.43
1572594074, 5, 2247, 2275, 1095, 15, 5.90%, 3, 0, 29, 2847.73
1572594084, 5, 2257, 2275, 1092, 12, 5.90%, 3, 0, 29, 2795.69
1572594115, 5, 2259, 2275, 1091, 11, 5.90%, 3, 0, 29, 2670.65
1572594146, 5, 2259, 2276, 1092, 11, 5.90%, 3, 0, 29, 2071.06
1572594263, 5, 2259, 2278, 1094, 11, 5.90%, 3, 0, 29, 2137.49
1572594268, 5, 2259, 2279, 1095, 11, 5.90%, 3, 0, 29, 2209.65
1572594274, 5, 2263, 2279, 1094, 13, 5.90%, 3, 0, 29, 2547.65
1572594289, 5, 2269, 2279, 1090, 9, 5.90%, 3, 0, 29, 2874.65
1572594304, 5, 2270, 2280, 1090, 8, 5.90%, 3, 0, 29, 2912.94
1572594320, 5, 2272, 2280, 1089, 8, 5.90%, 3, 0, 29, 2850.77
1572594340, 5, 2272, 2281, 1090, 8, 5.90%, 3, 0, 29, 2829.89
1572594350, 5, 2273, 2281, 1089, 8, 5.90%, 3, 0, 29, 2779.34
1572594371, 5, 2273, 2283, 1091, 8, 5.90%, 3, 0, 30, 2794.94
1572594376, 5, 2275, 2283, 1090, 8, 5.90%, 3, 0, 30, 2740.25
1572594381, 5, 2276, 2283, 1089, 7, 5.90%, 3, 0, 30, 1938.61
1572594692, 5, 2276, 2284, 1090, 7, 5.90%, 3, 0, 30, 1799.66
1572594708, 5, 2280, 2284, 1088, 6, 5.90%, 3, 0, 30, 2232.20
1572594743, 5, 2280, 2285, 1089, 6, 5.90%, 3, 0, 30, 2782.89
1572594754, 5, 2281, 2285, 1088, 6, 5.90%, 3, 0, 30, 2632.12
1572594805, 5, 2283, 2285, 1087, 5, 5.90%, 3, 0, 30, 2498.40
1572594969, 5, 2284, 2285, 1086, 4, 5.90%, 3, 0, 30, 2244.69
1572595055, 6, 472, 2285, 1082, 4, 5.90%, 3, 0, 30, 2844.01
1572595081, 6, 981, 2285, 1078, 3, 5.90%, 3, 0, 30, 2490.68
1572595220, 6, 981, 2287, 1080, 3, 5.90%, 3, 0, 30, 2488.07
1572595225, 6, 2185, 2287, 1073, 4, 5.90%, 3, 0, 30, 2858.21
1572595240, 6, 2213, 2288, 1073, 3, 5.90%, 3, 0, 30, 2880.57
1572595251, 6, 2213, 2289, 1074, 3, 5.90%, 3, 0, 30, 2836.48
1572595261, 6, 2223, 2289, 1073, 5, 5.90%, 3, 0, 30, 2704.53
1572595297, 6, 2254, 2289, 1072, 4, 5.90%, 3, 0, 30, 2737.31
1572595312, 6, 2254, 2291, 1074, 4, 5.91%, 3, 0, 30, 2804.28
1572595322, 6, 2285, 2291, 1073, 5, 5.91%, 3, 0, 30, 2714.39
1572595491, 6, 2286, 2291, 1072, 4, 5.91%, 3, 0, 30, 2519.80
1572595687, 6, 2289, 2291, 1070, 2, 5.91%, 3, 0, 30, 2553.50
1572595743, 6, 2289, 2292, 1071, 2, 5.91%, 3, 0, 30, 2568.23
1572595753, 6, 2290, 2295, 1073, 2, 5.91%, 3, 0, 30, 2780.18
1572595764, 6, 2291, 2295, 1072, 2, 5.91%, 3, 0, 30, 2377.98
1572595912, 6, 2291, 2296, 1073, 2, 5.91%, 3, 0, 31, 2122.44
1572595927, 6, 2294, 2296, 1072, 2, 5.91%, 3, 0, 31, 2784.76
1572595933, 6, 2294, 2297, 1073, 2, 5.91%, 3, 0, 31, 2839.28
1572595943, 6, 2295, 2298, 1073, 2, 5.91%, 3, 0, 31, 2083.71
1572595948, 6, 2297, 2298, 1072, 1, 5.91%, 3, 0, 31, 2726.10
1572595963, 6, 2297, 2299, 1073, 1, 5.91%, 3, 0, 32, 2845.68
1572595973, 6, 2299, 2300, 1073, 1, 5.91%, 3, 0, 32, 2905.28
1572595984, 7, 76, 2300, 1068, 0, 5.91%, 3, 0, 32, 3054.49
1572595989, 7, 117, 2300, 1059, 0, 5.91%, 3, 0, 32, 3155.65
1572595994, 7, 177, 2300, 1050, 0, 5.91%, 3, 0, 32, 3184.93
1572595999, 7, 250, 2300, 1041, 0, 5.91%, 3, 0, 32, 3163.01
1572596004, 7, 300, 2300, 1032, 0, 5.91%, 3, 0, 32, 3199.92
1572596009, 7, 314, 2300, 1028, 0, 5.91%, 3, 0, 32, 2881.34
1572596138, 7, 368, 2300, 1025, 0, 5.91%, 3, 0, 32, 2806.70
1572596158, 7, 374, 2300, 1024, 0, 5.91%, 3, 0, 32, 2738.45
1572596327, 7, 377, 2300, 1023, 0, 5.91%, 3, 0, 32, 2612.16
1572596409, 7, 377, 2301, 1024, 0, 5.91%, 3, 0, 32, 2562.40
1572596526, 7, 712, 2302, 1022, 1, 5.91%, 3, 0, 32, 2747.70
1572596551, 7, 1361, 2302, 1020, 2, 5.91%, 3, 0, 32, 2790.67
1572596556, 7, 1676, 2302, 1018, 2, 5.91%, 3, 0, 32, 2349.34
1572596582, 7, 1676, 2303, 1019, 2, 5.91%, 3, 0, 32, 2214.09
1572596649, 7, 1676, 2305, 1021, 2, 5.91%, 3, 0, 32, 2314.65
1572596726, 7, 1676, 2305, 1021, 2, 5.91%, 4, 0, 32, 2304.91
1572596776, 7, 2125, 2305, 1019, 5, 5.91%, 4, 0, 32, 440.86
1572598505, 7, 2301, 2305, 1018, 4, 5.91%, 4, 0, 32, 801.11
1572598571, 7, 2301, 2307, 1020, 4, 5.91%, 4, 0, 32, 1138.87
1572598596, 7, 2305, 2307, 1016, 2, 5.91%, 4, 0, 32, 1403.56
1572598657, 8, 27, 2307, 1014, 0, 5.91%, 4, 0, 32, 1276.55
1572599151, 8, 46, 2307, 1011, 0, 5.91%, 4, 0, 32, 1462.30
1572599156, 8, 83, 2307, 1006, 0, 5.91%, 4, 0, 32, 1761.74
1572599161, 8, 155, 2307, 1001, 0, 5.91%, 4, 0, 32, 1832.77
1572599166, 8, 161, 2307, 998, 0, 5.91%, 4, 0, 32, 1524.13
1572599222, 8, 161, 2308, 999, 0, 5.91%, 4, 0, 32, 1057.97
1572599660, 8, 183, 2308, 995, 0, 5.91%, 4, 0, 32, 1571.32
1572599665, 8, 191, 2308, 993, 0, 5.91%, 4, 0, 32, 1264.42
1572600012, 8, 275, 2308, 985, 0, 5.91%, 4, 0, 32, 3068.59
1572600017, 8, 344, 2308, 978, 0, 5.91%, 4, 0, 32, 2938.20
1572600042, 8, 344, 2309, 979, 0, 5.91%, 4, 0, 32, 2535.58
1572600119, 8, 344, 2310, 980, 0, 5.92%, 4, 0, 32, 2554.64
1572600216, 8, 1008, 2310, 978, 2, 5.92%, 4, 0, 32, 2696.88
1572600236, 8, 1008, 2311, 979, 2, 5.92%, 4, 0, 32, 2551.25
1572600415, 8, 2092, 2311, 974, 3, 5.92%, 4, 0, 32, 2752.84
1572600420, 8, 2184, 2311, 973, 3, 5.92%, 4, 0, 32, 2931.18
1572600430, 8, 2308, 2311, 972, 3, 5.92%, 4, 0, 32, 2844.70
1572600634, 8, 2309, 2313, 973, 2, 5.92%, 4, 0, 32, 2482.64
1572600654, 8, 2309, 2314, 974, 2, 5.92%, 4, 0, 32, 2395.15
1572600701, 8, 2309, 2316, 976, 2, 5.92%, 4, 0, 32, 2422.39
1572600716, 8, 2309, 2317, 977, 2, 5.92%, 4, 0, 32, 2444.27
1572600721, 8, 2309, 2319, 979, 2, 5.92%, 4, 0, 32, 2465.51
1572600839, 8, 2310, 2319, 978, 6, 5.92%, 4, 0, 32, 2658.18
1572600844, 8, 2318, 2320, 974, 1, 5.92%, 4, 0, 32, 2732.27
1572600864, 8, 2318, 2321, 975, 1, 5.92%, 4, 0, 32, 2427.16
1572600890, 8, 2318, 2322, 976, 1, 5.92%, 4, 0, 32, 2417.25
1572600916, 8, 2318, 2324, 978, 1, 5.92%, 4, 0, 32, 2407.41
1572601052, 8, 2320, 2324, 977, 1, 5.92%, 4, 0, 32, 2684.70
1572601073, 8, 2320, 2325, 978, 1, 5.92%, 4, 0, 32, 2416.32
1572601262, 9, 43, 2325, 974, 0, 5.92%, 4, 0, 32, 2894.74
1572601267, 9, 184, 2325, 965, 0, 5.92%, 4, 0, 32, 3163.31
1572601272, 9, 305, 2325, 956, 0, 5.92%, 4, 0, 32, 3191.91
1572601278, 9, 317, 2325, 955, 0, 5.92%, 4, 0, 32, 2716.91
1572601298, 9, 317, 2326, 956, 0, 5.92%, 4, 0, 32, 2549.64
1572601476, 9, 1462, 2326, 952, 2, 5.92%, 4, 0, 32, 2739.72
1572601497, 9, 1462, 2328, 954, 2, 5.92%, 4, 0, 32, 2602.09
1572601569, 9, 1462, 2329, 955, 2, 5.92%, 4, 0, 32, 2719.57
1572601671, 9, 2325, 2329, 951, 5, 5.92%, 4, 0, 32, 2889.45
1572601875, 9, 2326, 2330, 951, 4, 5.92%, 4, 0, 32, 2740.20
1572601880, 9, 2328, 2330, 950, 3, 5.92%, 4, 0, 32, 1958.99
1572602192, 10, 177, 2330, 948, 2, 5.92%, 4, 0, 32, 2564.19
1572602396, 10, 433, 2330, 946, 2, 5.92%, 4, 0, 32, 2709.91
1572602468, 10, 658, 2330, 945, 2, 5.92%, 4, 0, 32, 2650.78
1572602503, 10, 707, 2330, 943, 2, 5.92%, 4, 0, 32, 2797.52
1572602518, 10, 1173, 2330, 939, 1, 5.92%, 4, 0, 32, 2938.72
1572602529, 10, 1173, 2334, 943, 1, 5.92%, 4, 0, 32, 2653.24
1572602539, 10, 1173, 2336, 945, 1, 5.92%, 4, 0, 32, 2598.80
1572602678, 10, 2330, 2336, 940, 4, 5.92%, 4, 0, 32, 2852.05
1572602683, 10, 2330, 2337, 941, 4, 5.92%, 4, 0, 32, 2663.17
1572602698, 10, 2330, 2339, 943, 4, 5.92%, 4, 0, 32, 2633.18
1572602750, 10, 2330, 2340, 944, 4, 5.92%, 4, 0, 32, 2656.61
1572602842, 11, 36, 2340, 937, 0, 5.92%, 4, 0, 32, 3010.52
1572602847, 11, 144, 2340, 928, 0, 5.92%, 4, 0, 32, 3201.50
1572602852, 11, 258, 2340, 922, 0, 5.92%, 4, 0, 32, 2937.64
1572603179, 11, 260, 2340, 922, 0, 5.92%, 4, 0, 32, 1139.62
1572603184, 11, 270, 2340, 920, 0, 5.92%, 4, 0, 32, 1162.62
1572603393, 11, 270, 2341, 921, 0, 5.93%, 4, 0, 32, 1027.55
1572603424, 11, 270, 2342, 922, 0, 5.93%, 4, 0, 32, 1039.80
1572603684, 11, 776, 2342, 922, 2, 5.93%, 4, 0, 32, 1034.43
1572603689, 11, 776, 2343, 923, 2, 5.93%, 4, 0, 32, 1050.98
1572603837, 11, 776, 2344, 924, 2, 5.93%, 4, 0, 32, 1083.92
1572603867, 11, 924, 2344, 924, 4, 5.93%, 4, 0, 32, 1077.31
1572603872, 11, 924, 2345, 925, 4, 5.93%, 4, 0, 32, 1119.06
1572603923, 11, 1292, 2345, 924, 5, 5.93%, 4, 0, 32, 1305.84
1572603928, 11, 2075, 2345, 919, 5, 5.93%, 4, 0, 32, 1392.85
1572604386, 11, 2075, 2346, 920, 5, 5.94%, 4, 0, 32, 1100.44
1572604397, 11, 2200, 2346, 919, 6, 5.94%, 4, 0, 32, 1101.03
1572604839, 11, 2200, 2347, 920, 6, 5.94%, 4, 0, 32, 1030.19
1572604870, 11, 2226, 2347, 919, 7, 5.94%, 4, 0, 32, 1199.10
1572604895, 11, 2226, 2348, 920, 7, 5.94%, 4, 0, 32, 1167.33
1572604900, 11, 2226, 2349, 921, 7, 5.94%, 4, 0, 32, 1187.66
1572604905, 11, 2343, 2349, 918, 6, 5.94%, 4, 0, 32, 1490.49
1572605093, 11, 2343, 2350, 919, 6, 5.94%, 4, 0, 32, 1041.97
1572605103, 11, 2345, 2350, 917, 5, 5.94%, 4, 0, 32, 1215.78
1572605108, 11, 2345, 2352, 919, 5, 5.94%, 4, 0, 32, 967.44
1572605160, 11, 2345, 2356, 923, 5, 5.95%, 4, 0, 32, 896.02
1572605170, 11, 2345, 2358, 925, 5, 5.95%, 4, 0, 32, 895.49
1572605236, 11, 2345, 2359, 926, 5, 5.95%, 4, 0, 32, 917.92
1572605664, 11, 2346, 2359, 925, 10, 5.95%, 4, 0, 32, 1070.40
1572606230, 11, 2347, 2359, 924, 9, 5.95%, 4, 0, 32, 2702.92
1572606246, 11, 2347, 2360, 925, 9, 5.95%, 4, 0, 32, 2861.37
1572606251, 11, 2348, 2360, 924, 9, 5.95%, 4, 0, 32, 2914.71
1572606266, 11, 2348, 2361, 925, 9, 5.95%, 4, 0, 32, 2895.02
1572606271, 11, 2349, 2361, 924, 9, 5.95%, 4, 0, 32, 2716.33
1572606292, 11, 2349, 2362, 925, 9, 5.95%, 4, 0, 32, 1992.69
1572606384, 11, 2349, 2364, 927, 9, 5.95%, 4, 0, 32, 2007.68
1572606405, 11, 2349, 2365, 928, 9, 5.95%, 4, 0, 32, 2063.31
1572606461, 11, 2349, 2366, 929, 9, 5.96%, 4, 0, 32, 2016.65
1572606507, 11, 2349, 2379, 942, 9, 5.96%, 4, 0, 32, 2285.80
1572606518, 11, 2358, 2381, 939, 10, 5.96%, 4, 0, 32, 2620.00
1572606523, 11, 2359, 2381, 938, 10, 5.96%, 4, 0, 32, 2837.75
1572606528, 11, 2359, 2383, 940, 10, 5.97%, 4, 0, 32, 2886.01
1572606533, 11, 2360, 2384, 940, 13, 5.97%, 4, 0, 32, 2937.54
1572606553, 11, 2371, 2384, 937, 10, 5.97%, 4, 0, 32, 2318.89
1572606584, 11, 2371, 2386, 939, 10, 5.97%, 4, 0, 32, 1834.75
1572606835, 11, 2371, 2387, 940, 10, 5.97%, 4, 0, 32, 1869.15
1572606948, 11, 2371, 2388, 941, 10, 5.97%, 4, 0, 32, 2063.80
1572606958, 11, 2374, 2388, 940, 12, 5.97%, 4, 0, 32, 1543.17
1572608234, 11, 2375, 2388, 939, 11, 5.97%, 4, 0, 32, 1668.84
1572608490, 11, 2378, 2388, 938, 10, 5.97%, 4, 0, 32, 2391.04
1572609264, 11, 2378, 2389, 939, 10, 5.97%, 4, 0, 32, 874.16
1572609279, 11, 2380, 2389, 938, 10, 5.97%, 4, 0, 32, 648.30
1572609447, 11, 2380, 2390, 939, 10, 5.97%, 4, 0, 32, 364.10
1572609833, 11, 2380, 2391, 940, 10, 5.97%, 4, 0, 32, 416.46
1572610715, 11, 2380, 2393, 942, 10, 5.97%, 4, 0, 32, 793.96
1572610741, 11, 2380, 2395, 944, 10, 5.97%, 4, 0, 32, 809.33
1572610751, 11, 2381, 2397, 945, 11, 5.97%, 4, 0, 32, 1049.84
1572610756, 11, 2381, 2398, 946, 11, 5.97%, 4, 0, 32, 1118.25
1572610781, 11, 2382, 2398, 945, 11, 5.97%, 4, 0, 32, 1164.40
1572610802, 11, 2382, 2401, 948, 11, 5.98%, 4, 0, 32, 1190.77
1572610822, 11, 2382, 2402, 949, 11, 5.98%, 4, 0, 32, 1174.41
1572610827, 11, 2385, 2402, 947, 13, 5.98%, 4, 0, 32, 1031.18
1572610904, 11, 2385, 2403, 948, 13, 5.98%, 4, 0, 32, 719.71
1572611833, 11, 2389, 2403, 946, 11, 5.98%, 4, 0, 32, 1284.88
1572612599, 11, 2393, 2404, 946, 10, 5.98%, 4, 0, 32, 1788.67
1572612665, 11, 2393, 2405, 947, 10, 5.98%, 4, 0, 32, 957.19
1572613184, 11, 2399, 2405, 943, 8, 5.98%, 4, 0, 32, 1885.91
1572613189, 11, 2399, 2406, 944, 8, 5.98%, 4, 0, 32, 2760.34
1572613199, 11, 2401, 2406, 942, 7, 5.98%, 4, 0, 32, 2898.49
1572613204, 11, 2404, 2406, 939, 4, 5.98%, 4, 0, 32, 2988.82
1572613787, 11, 2404, 2407, 940, 4, 5.98%, 4, 0, 32, 2030.01
1572613792, 11, 2406, 2407, 938, 3, 5.98%, 4, 0, 32, 2289.13
1572613823, 11, 2406, 2411, 942, 3, 5.98%, 4, 0, 32, 2565.24
1572613854, 11, 2406, 2413, 944, 3, 5.99%, 4, 0, 32, 2578.55
1572613916, 11, 2406, 2414, 945, 3, 5.99%, 4, 0, 32, 2573.95
1572614348, 11, 2406, 2415, 946, 3, 5.99%, 4, 0, 32, 2571.21
1572614455, 11, 2406, 2416, 947, 3, 5.99%, 4, 0, 32, 2671.64
1572614460, 11, 2406, 2418, 949, 3, 5.99%, 4, 0, 32, 2716.72
1572614465, 11, 2416, 2420, 949, 4, 6.00%, 4, 0, 32, 2737.36
1572614496, 11, 2416, 2422, 951, 4, 6.00%, 4, 0, 32, 2533.00
1572614516, 11, 2416, 2424, 953, 4, 6.00%, 4, 0, 32, 2527.72
1572614557, 11, 2416, 2426, 955, 4, 6.01%, 4, 0, 32, 2576.67
1572614736, 11, 2419, 2427, 954, 9, 6.01%, 4, 0, 32, 2617.18
1572614782, 11, 2419, 2429, 956, 9, 6.03%, 4, 0, 32, 2542.14
1572614997, 11, 2419, 2430, 957, 9, 6.03%, 4, 0, 32, 2739.98
1572615003, 11, 2419, 2431, 958, 9, 6.03%, 4, 0, 32, 2748.24
1572615008, 11, 2429, 2432, 951, 4, 6.03%, 4, 0, 32, 2813.97
1572615054, 11, 2429, 2435, 954, 4, 6.05%, 4, 0, 32, 2646.59
1572615330, 11, 2431, 2435, 952, 6, 6.05%, 4, 0, 32, 2803.84
1572615356, 11, 2431, 2436, 953, 6, 6.05%, 4, 0, 32, 2635.48
1572615376, 11, 2431, 2437, 954, 6, 6.05%, 4, 0, 32, 2650.26
1572615601, 11, 2431, 2438, 955, 6, 6.05%, 4, 0, 32, 2659.05
1572615652, 11, 2431, 2439, 956, 6, 6.05%, 4, 0, 32, 2720.89
1572615658, 11, 2432, 2439, 955, 7, 6.05%, 4, 0, 32, 2699.80
1572615678, 11, 2432, 2440, 956, 7, 6.05%, 4, 0, 32, 2626.83
1572615980, 11, 2433, 2440, 955, 7, 6.05%, 4, 0, 32, 2779.72
1572616006, 11, 2433, 2441, 956, 7, 6.05%, 4, 0, 32, 2613.87
1572616304, 11, 2434, 2441, 955, 7, 6.05%, 4, 0, 32, 2737.30
1572616330, 11, 2434, 2442, 956, 7, 6.05%, 4, 0, 32, 2600.28
1572616632, 11, 2438, 2443, 955, 6, 6.06%, 4, 0, 32, 2655.34
1572616678, 11, 2438, 2444, 956, 6, 6.06%, 4, 0, 32, 2542.08
1572616720, 11, 2438, 2448, 960, 6, 6.06%, 4, 0, 32, 2568.76
1572616959, 11, 2438, 2449, 961, 6, 6.06%, 4, 0, 32, 2746.20
1572616964, 11, 2448, 2449, 953, 3, 6.06%, 4, 0, 32, 2956.28
1572617056, 11, 2448, 2450, 954, 3, 6.06%, 4, 0, 32, 2565.56
1572617209, 11, 2449, 2450, 953, 3, 6.06%, 4, 0, 32, 2598.91
1572617435, 12, 426, 2450, 952, 2, 6.06%, 4, 0, 32, 2631.90
1572617522, 12, 426, 2451, 953, 2, 6.06%, 4, 0, 32, 2431.98
1572617746, 12, 565, 2452, 952, 3, 6.07%, 4, 0, 32, 1080.72
1572617807, 12, 565, 2453, 953, 3, 6.07%, 4, 0, 32, 992.64
1572617950, 12, 565, 2454, 954, 3, 6.07%, 4, 0, 32, 959.04
1572617970, 12, 565, 2455, 955, 3, 6.07%, 4, 0, 32, 1002.18
1572617976, 12, 565, 2456, 956, 3, 6.07%, 4, 0, 32, 1019.52
1572617981, 12, 565, 2457, 957, 3, 6.08%, 4, 0, 32, 996.06
1572617986, 12, 565, 2458, 958, 3, 6.08%, 4, 0, 32, 988.66
1572617991, 12, 565, 2459, 959, 3, 6.08%, 4, 0, 32, 984.94
1572618256, 12, 702, 2459, 959, 10, 6.08%, 4, 0, 32, 1079.92
1572618313, 12, 751, 2459, 958, 10, 6.08%, 4, 0, 32, 1156.65
1572618318, 12, 2451, 2459, 949, 7, 6.08%, 4, 0, 32, 1650.73
1572618323, 12, 2457, 2459, 944, 2, 6.08%, 4, 0, 32, 1773.89
1572618328, 13, 73, 2459, 938, 0, 6.08%, 4, 0, 32, 1792.22
1572618333, 13, 105, 2459, 937, 0, 6.08%, 4, 0, 32, 1173.39
1572618384, 13, 105, 2460, 938, 0, 6.08%, 4, 0, 32, 999.23
1572618848, 13, 163, 2460, 933, 0, 6.08%, 4, 0, 32, 1669.95
1572618853, 13, 277, 2460, 928, 0, 6.08%, 4, 0, 32, 1766.79
1572618858, 13, 329, 2460, 927, 0, 6.08%, 4, 0, 32, 1288.97
1572619032, 13, 330, 2460, 927, 0, 6.08%, 4, 0, 32, 1161.12
1572619536, 13, 336, 2460, 926, 0, 6.08%, 4, 0, 32, 1180.87
