# unix_time, cycles_done, cur_path, paths_total, pending_total, pending_favs, map_size, unique_crashes, unique_hangs, max_depth, execs_per_sec
1572208519, 0, 0, 1, 1, 1, 1.37%, 0, 0, 1, 2666.67
1572208524, 0, 0, 61, 61, 1, 1.79%, 0, 0, 2, 2900.31
1572208539, 0, 0, 167, 167, 1, 2.10%, 0, 0, 2, 2950.03
1572208545, 0, 0, 209, 209, 1, 2.25%, 0, 0, 2, 2918.67
1572208560, 0, 0, 213, 213, 1, 2.26%, 0, 0, 2, 2915.85
1572208565, 0, 0, 219, 219, 1, 2.27%, 0, 0, 2, 2888.41
1572208581, 0, 0, 226, 226, 1, 2.31%, 0, 0, 2, 2859.00
1572208586, 0, 0, 252, 252, 1, 2.62%, 0, 0, 2, 2877.99
1572208591, 0, 0, 255, 255, 1, 2.62%, 0, 0, 2, 2837.85
1572208596, 0, 0, 266, 266, 1, 2.73%, 0, 0, 2, 2878.54
1572208601, 0, 0, 270, 270, 1, 2.74%, 0, 0, 2, 2868.04
1572208606, 0, 0, 271, 271, 1, 2.74%, 0, 0, 2, 2849.81
1572208611, 0, 0, 281, 281, 1, 2.75%, 0, 0, 2, 2918.13
1572208616, 0, 0, 282, 282, 1, 2.75%, 0, 0, 2, 2935.80
1572208621, 0, 0, 283, 283, 1, 2.75%, 0, 0, 2, 2907.91
1572208637, 0, 0, 284, 284, 1, 2.76%, 0, 0, 2, 2904.00
1572208657, 0, 0, 287, 287, 1, 2.76%, 0, 0, 2, 2875.54
1572208662, 0, 0, 293, 293, 1, 2.81%, 0, 0, 2, 2889.68
1572208667, 0, 0, 295, 295, 1, 2.81%, 0, 0, 2, 2880.36
1572208677, 0, 0, 298, 298, 1, 2.82%, 0, 0, 2, 2891.71
1572208683, 0, 0, 299, 299, 1, 2.82%, 0, 0, 2, 2879.59
1572208688, 0, 0, 334, 334, 1, 2.85%, 0, 0, 2, 3148.31
1572208693, 0, 0, 345, 345, 1, 2.86%, 0, 0, 2, 3204.56
1572208698, 0, 1, 361, 360, 122, 2.94%, 0, 0, 3, 3374.24
1572208708, 0, 3, 361, 358, 130, 2.94%, 0, 0, 3, 3476.08
1572208713, 0, 8, 361, 355, 127, 2.94%, 0, 0, 3, 3475.44
1572208988, 0, 9, 361, 354, 126, 2.94%, 0, 0, 3, 1546.73
1572209024, 0, 9, 364, 357, 126, 2.99%, 0, 0, 3, 1426.73
1572209029, 0, 9, 369, 362, 126, 3.00%, 0, 0, 3, 1423.73
1572209110, 0, 9, 370, 363, 126, 3.00%, 0, 0, 3, 1432.64
1572209141, 0, 9, 371, 364, 126, 3.00%, 0, 0, 3, 1434.73
1572209318, 0, 11, 374, 366, 128, 3.00%, 0, 0, 3, 1509.02
1572209354, 0, 11, 393, 385, 128, 3.00%, 0, 0, 3, 1437.99
1572209359, 0, 11, 399, 391, 128, 3.00%, 0, 0, 3, 1433.43
1572209450, 0, 11, 401, 393, 128, 3.00%, 0, 0, 3, 1435.65
1572209598, 0, 11, 402, 394, 128, 3.00%, 0, 0, 3, 1473.41
1572209608, 0, 11, 404, 396, 128, 3.00%, 0, 0, 3, 1447.72
1572209648, 0, 11, 407, 399, 128, 3.01%, 0, 0, 3, 1517.13
1572209653, 0, 13, 408, 399, 129, 3.01%, 0, 0, 3, 1582.68
1572209674, 0, 13, 413, 404, 129, 3.01%, 0, 0, 3, 2662.26
1572209720, 0, 13, 414, 405, 129, 3.03%, 0, 0, 3, 2760.54
1572209725, 0, 13, 417, 408, 129, 3.03%, 0, 0, 3, 2750.78
1572209801, 0, 13, 418, 409, 129, 3.03%, 0, 0, 3, 2796.31
1572209827, 0, 17, 423, 413, 135, 3.08%, 0, 0, 3, 2808.55
1572209842, 0, 17, 425, 415, 135, 3.08%, 0, 0, 3, 2734.85
1572209847, 0, 17, 432, 422, 135, 3.08%, 0, 0, 3, 2762.29
1572209868, 0, 17, 433, 423, 135, 3.09%, 0, 0, 3, 2781.93
1572209894, 0, 17, 436, 426, 135, 3.09%, 0, 0, 3, 2799.06
1572210006, 0, 23, 436, 425, 144, 3.09%, 0, 0, 3, 3003.67
1572210011, 0, 23, 444, 433, 144, 3.09%, 0, 0, 3, 3051.12
1572210016, 0, 23, 445, 434, 144, 3.11%, 0, 0, 3, 3065.85
1572210031, 0, 23, 447, 436, 144, 3.11%, 0, 0, 3, 3082.87
1572210098, 0, 23, 448, 437, 144, 3.11%, 0, 0, 3, 3067.68
1572210108, 0, 23, 456, 445, 144, 3.11%, 0, 0, 3, 3116.42
1572210114, 0, 23, 463, 452, 144, 3.11%, 0, 0, 3, 3156.24
1572210119, 0, 30, 468, 456, 142, 3.11%, 0, 0, 3, 3151.10
1572210180, 0, 30, 470, 458, 142, 3.11%, 0, 0, 3, 3107.27
1572210196, 0, 31, 470, 457, 141, 3.11%, 0, 0, 3, 3046.54
1572210308, 0, 34, 470, 456, 140, 3.11%, 0, 0, 3, 2984.61
1572210324, 0, 34, 472, 458, 140, 3.11%, 0, 0, 3, 2739.14
1572210329, 0, 34, 474, 460, 140, 3.11%, 0, 0, 3, 2748.37
1572210355, 0, 34, 475, 461, 140, 3.12%, 0, 0, 3, 2719.36
1572210385, 0, 34, 476, 462, 140, 3.12%, 0, 0, 3, 2772.11
1572210400, 0, 34, 478, 464, 140, 3.12%, 0, 0, 3, 2767.10
1572210477, 0, 38, 478, 463, 141, 3.12%, 0, 0, 3, 2870.90
1572210549, 0, 38, 479, 464, 141, 3.12%, 0, 0, 3, 2778.74
1572210651, 0, 42, 479, 463, 140, 3.12%, 0, 0, 3, 2825.70
1572210672, 0, 42, 481, 465, 140, 3.12%, 0, 0, 3, 2752.06
1572210825, 0, 51, 481, 464, 139, 3.12%, 0, 0, 3, 2863.21
1572210851, 0, 51, 482, 465, 139, 3.12%, 0, 0, 3, 2769.72
1572210999, 0, 66, 482, 464, 138, 3.12%, 0, 0, 3, 2869.35
1572211020, 0, 66, 483, 465, 138, 3.12%, 0, 0, 3, 2761.78
1572211076, 0, 66, 484, 466, 138, 3.12%, 0, 0, 3, 2805.87
1572211174, 0, 70, 484, 465, 138, 3.12%, 0, 0, 3, 2906.09
1572211194, 0, 70, 485, 466, 138, 3.12%, 0, 0, 3, 3047.32
1572211297, 0, 72, 485, 465, 138, 3.12%, 0, 0, 3, 2889.53
1572211374, 0, 72, 486, 466, 138, 3.12%, 0, 0, 3, 2783.69
1572211472, 0, 74, 486, 465, 137, 3.12%, 0, 0, 3, 2806.60
1572211513, 0, 74, 487, 466, 137, 3.12%, 0, 0, 3, 2779.88
1572211645, 0, 81, 490, 468, 137, 3.13%, 0, 0, 3, 2854.99
1572211666, 0, 81, 491, 469, 137, 3.13%, 0, 0, 3, 2764.25
1572211825, 0, 83, 491, 468, 136, 3.13%, 0, 0, 3, 2797.47
1572212034, 0, 87, 491, 467, 135, 3.13%, 0, 0, 3, 1544.05
1572212070, 0, 87, 493, 469, 135, 3.13%, 0, 0, 3, 1401.31
1572212075, 0, 87, 495, 471, 135, 3.13%, 0, 0, 3, 1415.46
1572212110, 0, 87, 496, 472, 135, 3.13%, 0, 0, 3, 1396.22
1572212187, 0, 87, 497, 473, 135, 3.13%, 0, 0, 3, 1431.05
1572212375, 0, 89, 497, 472, 135, 3.13%, 0, 0, 3, 1502.85
1572212380, 0, 89, 498, 473, 135, 3.13%, 0, 0, 3, 1411.58
1572212411, 0, 89, 500, 475, 135, 3.13%, 0, 0, 3, 1417.63
1572212512, 0, 89, 501, 476, 135, 3.13%, 0, 0, 3, 1422.28
1572212716, 0, 91, 501, 475, 135, 3.13%, 0, 0, 3, 1561.73
1572212751, 0, 91, 506, 480, 135, 3.13%, 0, 0, 3, 1396.36
1572212761, 0, 91, 508, 482, 135, 3.13%, 0, 0, 3, 1413.86
1572213061, 0, 94, 508, 481, 134, 3.13%, 0, 0, 3, 1475.38
1572213096, 0, 94, 509, 482, 134, 3.13%, 0, 0, 3, 1416.72
1572213401, 0, 95, 509, 481, 133, 3.13%, 0, 0, 3, 1586.48
1572213437, 0, 95, 510, 482, 133, 3.13%, 0, 0, 3, 2419.20
1572213482, 0, 95, 513, 485, 133, 3.13%, 0, 0, 3, 2985.71
1572213544, 0, 101, 513, 484, 132, 3.13%, 0, 0, 3, 2939.22
1572213565, 0, 101, 514, 485, 132, 3.13%, 0, 0, 3, 2772.37
1572213723, 0, 102, 514, 484, 131, 3.13%, 0, 0, 3, 2806.78
1572213739, 0, 102, 516, 486, 131, 3.13%, 0, 0, 3, 2771.42
1572213898, 0, 106, 516, 485, 131, 3.13%, 0, 0, 3, 2772.47
1572213913, 0, 106, 518, 487, 131, 3.13%, 0, 0, 3, 2743.77
1572213975, 0, 106, 519, 488, 131, 3.13%, 0, 0, 3, 2807.98
1572214041, 0, 106, 520, 489, 131, 3.13%, 0, 0, 3, 2817.98
1572214072, 0, 107, 520, 488, 131, 3.13%, 0, 0, 3, 2820.13
1572214093, 0, 107, 521, 489, 131, 3.13%, 0, 0, 3, 2758.58
1572214195, 0, 107, 522, 490, 131, 3.14%, 0, 0, 3, 2845.14
1572214246, 0, 112, 522, 489, 131, 3.14%, 0, 0, 3, 2887.85
1572214267, 0, 112, 525, 492, 131, 3.14%, 0, 0, 3, 2767.69
1572214272, 0, 112, 526, 493, 131, 3.14%, 0, 0, 3, 2755.45
1572214288, 0, 112, 530, 497, 131, 3.14%, 0, 0, 3, 2772.75
1572214293, 0, 112, 531, 498, 131, 3.14%, 0, 0, 3, 2754.53
1572214328, 0, 112, 532, 499, 131, 3.15%, 0, 0, 3, 2732.70
1572214426, 0, 113, 532, 498, 136, 3.15%, 0, 0, 3, 2808.79
1572214446, 0, 113, 538, 504, 136, 3.15%, 0, 0, 3, 2758.55
1572214467, 0, 113, 542, 508, 136, 3.15%, 0, 0, 3, 2759.88
1572214503, 0, 113, 543, 509, 136, 3.17%, 0, 0, 3, 2792.91
1572214605, 0, 116, 543, 508, 136, 3.17%, 0, 0, 3, 2792.25
1572214625, 0, 116, 544, 509, 136, 3.17%, 0, 0, 3, 2756.56
1572214672, 0, 116, 545, 510, 136, 3.17%, 0, 0, 3, 2751.37
1572214697, 0, 116, 546, 511, 136, 3.17%, 0, 0, 3, 2803.14
1572214779, 0, 118, 546, 510, 135, 3.17%, 0, 0, 3, 2833.03
1572214800, 0, 118, 547, 511, 135, 3.17%, 0, 0, 3, 2772.50
1572214958, 0, 120, 547, 510, 134, 3.17%, 0, 0, 3, 2820.25
1572214979, 0, 120, 549, 512, 134, 3.17%, 0, 0, 3, 2766.50
1572215036, 0, 120, 550, 513, 134, 3.17%, 0, 0, 3, 2786.49
1572215138, 0, 123, 552, 514, 135, 3.17%, 0, 0, 3, 2892.23
1572215154, 0, 123, 553, 515, 135, 3.17%, 0, 0, 3, 2892.61
1572215174, 0, 123, 555, 517, 135, 3.17%, 0, 0, 3, 2918.64
1572215200, 0, 123, 558, 520, 135, 3.17%, 0, 0, 3, 2926.20
1572215205, 0, 123, 559, 521, 135, 3.17%, 0, 0, 3, 2931.73
1572215276, 0, 126, 559, 520, 134, 3.17%, 0, 0, 3, 2946.12
1572215348, 0, 126, 561, 522, 134, 3.17%, 0, 0, 3, 2914.61
1572215415, 0, 132, 561, 521, 133, 3.17%, 0, 0, 3, 2941.20
1572215594, 0, 134, 561, 520, 132, 3.17%, 0, 0, 3, 2894.00
1572215631, 0, 134, 563, 522, 132, 3.17%, 0, 0, 3, 2873.59
1572215662, 0, 134, 564, 523, 132, 3.17%, 0, 0, 3, 2916.42
1572215728, 0, 134, 565, 524, 132, 3.17%, 0, 0, 3, 2915.89
1572215738, 0, 137, 565, 523, 131, 3.17%, 0, 0, 3, 2807.75
1572215774, 0, 137, 566, 524, 131, 3.17%, 0, 0, 3, 2766.50
1572215912, 0, 140, 566, 523, 130, 3.17%, 0, 0, 3, 2874.24
1572216091, 0, 143, 566, 522, 129, 3.17%, 0, 0, 3, 2770.47
1572216112, 0, 143, 572, 528, 129, 3.29%, 0, 0, 3, 2748.47
1572216157, 0, 143, 573, 529, 129, 3.38%, 0, 0, 3, 2768.20
1572216270, 0, 165, 573, 528, 131, 3.38%, 0, 0, 3, 2844.98
1572216332, 0, 165, 574, 529, 131, 3.38%, 0, 0, 3, 2781.97
1572216347, 0, 165, 575, 530, 131, 3.38%, 0, 0, 3, 2802.04
1572216352, 0, 165, 576, 531, 131, 3.38%, 0, 0, 3, 2797.62
1572216449, 0, 167, 576, 530, 130, 3.38%, 0, 0, 3, 2793.83
1572216470, 0, 167, 577, 531, 130, 3.38%, 0, 0, 3, 2762.55
1572216629, 0, 171, 577, 530, 129, 3.38%, 0, 0, 3, 2647.95
1572216644, 0, 171, 578, 531, 129, 3.39%, 0, 0, 3, 2546.48
1572216649, 0, 171, 579, 532, 129, 3.40%, 0, 0, 3, 2567.01
1572216721, 0, 171, 580, 533, 129, 3.40%, 0, 0, 3, 1407.16
1572216736, 0, 171, 581, 534, 129, 3.40%, 0, 0, 3, 1394.23
1572216771, 0, 171, 582, 535, 129, 3.40%, 0, 0, 3, 1408.45
1572216938, 0, 172, 582, 534, 130, 3.40%, 0, 0, 3, 1498.72
1572217283, 0, 172, 583, 535, 130, 3.40%, 0, 0, 3, 1490.67
1572217288, 0, 176, 583, 534, 129, 3.40%, 0, 0, 3, 1485.81
1572217431, 0, 176, 584, 535, 129, 3.40%, 0, 0, 3, 1457.59
1572217436, 0, 176, 586, 537, 129, 3.40%, 0, 0, 3, 1470.48
1572217466, 0, 176, 587, 538, 129, 3.40%, 0, 0, 3, 1484.06
1572217623, 0, 182, 587, 537, 131, 3.40%, 0, 0, 3, 1492.07
1572217628, 0, 182, 588, 538, 131, 3.40%, 0, 0, 3, 1445.28
1572217663, 0, 182, 592, 542, 131, 3.40%, 0, 0, 3, 1411.12
1572217668, 0, 182, 593, 543, 131, 3.40%, 0, 0, 3, 1393.19
1572217709, 0, 182, 594, 544, 131, 3.40%, 0, 0, 3, 1420.40
1572217745, 0, 182, 595, 545, 131, 3.40%, 0, 0, 3, 1406.46
1572217760, 0, 182, 599, 549, 131, 3.40%, 0, 0, 3, 1431.07
1572217775, 0, 182, 600, 550, 131, 3.40%, 0, 0, 3, 1430.42
1572217780, 0, 182, 602, 552, 131, 3.40%, 0, 0, 3, 1415.19
1572217811, 0, 182, 603, 553, 131, 3.40%, 0, 0, 3, 1433.84
1572217912, 0, 182, 604, 554, 131, 3.41%, 0, 0, 3, 1386.80
1572217978, 0, 186, 604, 553, 131, 3.41%, 0, 0, 3, 1476.79
1572218013, 0, 186, 605, 554, 131, 3.41%, 0, 0, 3, 1428.75
1572218018, 0, 186, 606, 555, 131, 3.41%, 0, 0, 3, 1433.73
1572218317, 0, 192, 606, 554, 130, 3.41%, 0, 0, 3, 1542.37
1572218322, 0, 192, 607, 555, 130, 3.41%, 0, 0, 3, 1700.22
1572218540, 0, 196, 607, 554, 130, 3.41%, 0, 0, 3, 1712.52
1572218733, 0, 197, 608, 554, 130, 3.43%, 0, 0, 3, 2891.44
1572218814, 0, 197, 609, 555, 130, 3.43%, 0, 0, 3, 2964.01
1572218861, 0, 198, 609, 554, 130, 3.43%, 0, 0, 3, 3003.21
1572218979, 0, 199, 615, 559, 130, 3.50%, 0, 0, 3, 3151.34
1572218984, 0, 199, 628, 572, 130, 3.55%, 0, 0, 3, 3233.63
1572218989, 0, 200, 635, 578, 144, 3.67%, 0, 0, 3, 3167.07
1572218994, 0, 200, 642, 585, 144, 3.68%, 0, 0, 3, 3248.65
1572218999, 0, 209, 642, 584, 144, 3.68%, 0, 0, 3, 3115.46
1572219020, 0, 209, 645, 587, 144, 3.68%, 0, 0, 3, 2750.34
1572219168, 0, 209, 646, 588, 144, 3.68%, 0, 0, 3, 2798.79
1572219178, 0, 212, 646, 587, 145, 3.68%, 0, 0, 3, 2837.23
1572219327, 0, 212, 647, 588, 145, 3.68%, 0, 0, 3, 2798.67
1572219363, 0, 218, 648, 587, 143, 3.68%, 0, 0, 3, 3144.15
1572219419, 0, 219, 648, 586, 142, 3.68%, 0, 0, 3, 2900.16
1572219598, 0, 234, 691, 628, 141, 3.81%, 0, 0, 3, 2869.84
1572219609, 0, 234, 704, 641, 141, 3.82%, 0, 0, 3, 2891.52
1572219619, 0, 234, 706, 643, 141, 3.82%, 0, 0, 3, 2915.75
1572219634, 0, 234, 715, 652, 141, 3.83%, 0, 0, 3, 2914.63
1572219639, 0, 234, 719, 656, 141, 3.85%, 0, 0, 3, 2941.67
1572219655, 0, 234, 726, 663, 141, 3.87%, 0, 0, 3, 2882.53
1572219660, 0, 234, 729, 666, 141, 3.87%, 0, 0, 3, 2878.20
1572219665, 0, 234, 743, 680, 141, 3.87%, 0, 0, 3, 2872.85
1572219670, 0, 234, 746, 683, 141, 3.88%, 0, 0, 3, 2887.58
1572219675, 0, 235, 747, 683, 171, 3.89%, 0, 0, 3, 2838.54
1572219824, 0, 235, 748, 684, 171, 3.89%, 0, 0, 3, 2755.12
1572219855, 0, 250, 748, 683, 170, 3.89%, 0, 0, 3, 2836.62
1572219916, 0, 254, 748, 682, 169, 3.89%, 0, 0, 3, 2830.54
1572220096, 0, 256, 748, 681, 168, 3.89%, 0, 0, 3, 2810.97
1572220280, 0, 257, 748, 680, 167, 3.89%, 0, 0, 3, 2790.74
1572220301, 0, 257, 749, 681, 167, 3.89%, 0, 0, 3, 2767.34
1572220352, 0, 257, 752, 684, 167, 3.90%, 0, 0, 3, 2820.61
1572220455, 0, 259, 752, 683, 167, 3.90%, 0, 0, 3, 2906.22
1572220481, 0, 259, 753, 684, 167, 3.90%, 0, 0, 3, 2774.43
1572220537, 0, 259, 754, 685, 167, 3.90%, 0, 0, 3, 2798.59
1572220624, 0, 259, 755, 686, 167, 3.90%, 0, 0, 3, 2791.40
1572220634, 0, 262, 755, 685, 168, 3.90%, 0, 0, 3, 2887.68
1572220722, 0, 262, 756, 686, 168, 3.90%, 0, 0, 3, 2790.34
1572220819, 0, 265, 756, 685, 167, 3.90%, 0, 0, 3, 2822.20
1572220839, 0, 265, 757, 686, 167, 3.90%, 0, 0, 3, 2769.05
1572220901, 0, 265, 758, 687, 167, 3.90%, 0, 0, 3, 2799.60
1572220911, 0, 265, 759, 688, 167, 3.90%, 0, 0, 3, 2800.35
1572221003, 0, 266, 759, 687, 166, 3.90%, 0, 0, 3, 2767.92
1572221024, 0, 266, 760, 688, 166, 3.90%, 0, 0, 3, 2744.39
1572221080, 0, 266, 761, 689, 166, 3.91%, 0, 0, 3, 2789.34
1572221086, 0, 266, 762, 690, 166, 3.91%, 0, 0, 3, 2783.34
1572221182, 0, 267, 762, 689, 166, 3.91%, 0, 0, 3, 2809.10
1572221203, 0, 267, 763, 690, 166, 3.91%, 0, 0, 3, 2743.07
1572221259, 0, 267, 764, 691, 166, 3.91%, 0, 0, 3, 2801.46
1572221269, 0, 267, 765, 692, 166, 3.91%, 0, 0, 3, 2778.88
1572221367, 0, 268, 765, 691, 166, 3.91%, 0, 0, 3, 2784.70
1572221387, 0, 268, 766, 692, 166, 3.91%, 0, 0, 3, 2747.26
1572221444, 0, 268, 767, 693, 166, 3.91%, 0, 0, 3, 2763.44
1572221454, 0, 268, 768, 694, 166, 3.91%, 0, 0, 3, 2782.14
1572221551, 0, 269, 768, 693, 166, 3.91%, 0, 0, 3, 2790.95
1572221572, 0, 269, 769, 694, 166, 3.91%, 0, 0, 3, 2752.87
1572221628, 0, 269, 770, 695, 166, 3.91%, 0, 0, 3, 2782.00
1572221638, 0, 269, 771, 696, 166, 3.91%, 0, 0, 3, 2769.66
1572221730, 0, 270, 771, 695, 165, 3.91%, 0, 0, 3, 2869.18
1572221756, 0, 270, 772, 696, 165, 3.91%, 0, 0, 3, 2753.10
1572221812, 0, 270, 773, 697, 165, 3.91%, 0, 0, 3, 2817.21
1572221823, 0, 270, 774, 698, 165, 3.91%, 0, 0, 3, 2733.91
1572221915, 0, 271, 774, 697, 165, 3.91%, 0, 0, 3, 2866.62
1572221940, 0, 271, 776, 699, 165, 3.91%, 0, 0, 3, 2657.05
1572221981, 0, 271, 777, 700, 165, 3.91%, 0, 0, 3, 2665.67
1572221986, 0, 271, 779, 702, 165, 3.91%, 0, 0, 3, 2679.80
1572222104, 0, 272, 779, 701, 164, 3.91%, 0, 0, 3, 2788.38
1572222124, 0, 272, 780, 702, 164, 3.91%, 0, 0, 3, 2768.70
1572222181, 0, 272, 781, 703, 164, 3.92%, 0, 0, 3, 2799.64
1572222196, 0, 272, 782, 704, 164, 3.92%, 0, 0, 3, 2827.10
1572222288, 0, 287, 782, 703, 165, 3.92%, 0, 0, 3, 2724.40
1572222303, 0, 287, 783, 704, 165, 3.92%, 0, 0, 3, 2681.23
1572222308, 0, 287, 784, 705, 165, 3.92%, 0, 0, 3, 2687.38
1572222354, 0, 287, 785, 706, 165, 3.92%, 0, 0, 3, 2703.60
1572222436, 0, 287, 786, 707, 165, 3.92%, 0, 0, 3, 2651.44
1572222456, 0, 287, 787, 708, 165, 3.92%, 0, 0, 3, 2591.43
1572222461, 0, 287, 788, 709, 165, 3.92%, 0, 0, 3, 2643.27
1572222477, 0, 288, 788, 708, 164, 3.92%, 0, 0, 3, 2728.20
1572222798, 0, 290, 788, 707, 163, 3.92%, 0, 0, 3, 1568.61
1572223032, 0, 291, 788, 706, 162, 3.92%, 0, 0, 3, 1666.18
1572223037, 0, 292, 791, 708, 164, 3.93%, 0, 0, 3, 1727.16
1572223042, 0, 292, 793, 710, 164, 3.93%, 0, 0, 3, 1565.39
1572223062, 0, 292, 794, 711, 164, 3.93%, 0, 0, 3, 1539.39
1572223164, 0, 293, 794, 710, 164, 3.93%, 0, 0, 3, 1553.78
1572223194, 0, 293, 795, 711, 164, 3.93%, 0, 0, 3, 1492.94
1572223199, 0, 293, 802, 718, 164, 3.96%, 0, 0, 3, 1521.60
1572223204, 0, 293, 804, 720, 164, 3.97%, 0, 0, 3, 1501.39
1572223281, 0, 293, 805, 721, 164, 3.97%, 0, 0, 3, 1492.65
1572223311, 0, 293, 806, 722, 164, 3.97%, 0, 0, 3, 1497.77
1572223418, 0, 294, 806, 721, 174, 3.97%, 0, 0, 3, 1554.01
1572223672, 0, 310, 807, 721, 173, 3.97%, 0, 0, 3, 1691.86
1572223677, 0, 312, 807, 720, 172, 3.97%, 0, 0, 3, 1653.37
1572223683, 0, 312, 809, 722, 172, 3.97%, 0, 0, 3, 1539.30
1572223698, 0, 312, 810, 723, 172, 3.97%, 0, 0, 3, 1516.65
1572223713, 0, 312, 811, 724, 172, 3.97%, 0, 0, 3, 1501.75
1572223728, 0, 313, 811, 723, 174, 3.97%, 0, 0, 3, 1563.46
1572223738, 0, 318, 811, 722, 173, 3.97%, 0, 0, 3, 1656.19
1572223774, 0, 318, 812, 723, 173, 3.97%, 0, 0, 3, 1492.19
1572223779, 0, 318, 813, 724, 173, 3.97%, 0, 0, 3, 1494.22
1572223865, 0, 318, 815, 726, 173, 3.97%, 0, 0, 3, 1483.89
1572223982, 0, 318, 816, 727, 173, 3.97%, 0, 0, 3, 1518.17
1572224007, 0, 319, 816, 726, 172, 3.97%, 0, 0, 3, 1614.03
1572224134, 0, 323, 816, 725, 171, 3.97%, 0, 0, 3, 1668.55
1572224139, 0, 323, 817, 726, 171, 3.98%, 0, 0, 3, 1449.65
1572224179, 0, 323, 818, 727, 171, 3.98%, 0, 0, 3, 1429.69
1572224266, 0, 323, 819, 728, 171, 3.98%, 0, 0, 3, 1461.64
1572224276, 0, 323, 820, 729, 171, 3.99%, 0, 0, 3, 1416.44
1572224286, 0, 323, 822, 731, 171, 4.00%, 0, 0, 3, 1442.70
1572224316, 0, 323, 823, 732, 171, 4.00%, 0, 0, 3, 1456.78
1572224408, 0, 323, 824, 733, 171, 4.00%, 0, 0, 3, 1431.75
1572224489, 0, 324, 825, 733, 177, 4.00%, 0, 0, 3, 1521.69
1572224611, 0, 324, 826, 734, 177, 4.00%, 0, 0, 3, 1547.51
1572224763, 0, 325, 826, 733, 176, 4.00%, 0, 0, 3, 1683.77
1572224773, 0, 351, 827, 731, 173, 4.02%, 0, 0, 4, 1738.05
1572224778, 0, 351, 828, 732, 173, 4.02%, 0, 0, 4, 1818.93
1572224783, 0, 354, 831, 734, 174, 4.03%, 0, 0, 4, 1812.76
1572224793, 0, 355, 834, 736, 177, 4.04%, 0, 0, 4, 1766.23
1572224798, 0, 356, 835, 736, 176, 4.04%, 0, 0, 4, 1734.31
1572224803, 0, 357, 835, 735, 176, 4.04%, 0, 0, 4, 1807.50
1572224809, 0, 358, 836, 735, 175, 4.04%, 0, 0, 4, 1813.81
1572224814, 0, 359, 837, 735, 176, 4.05%, 0, 0, 4, 1833.64
1572224824, 0, 360, 837, 734, 175, 4.05%, 0, 0, 4, 1796.06
1572224834, 0, 367, 838, 734, 175, 4.06%, 0, 0, 4, 1641.74
1572224869, 0, 367, 841, 737, 175, 4.06%, 0, 0, 4, 1454.18
1572224874, 0, 367, 844, 740, 175, 4.07%, 0, 0, 4, 1445.00
1572224910, 0, 367, 845, 741, 175, 4.07%, 0, 0, 4, 1440.21
1572224915, 0, 367, 847, 743, 175, 4.07%, 0, 0, 4, 2229.44
1572224935, 0, 367, 848, 744, 175, 4.07%, 0, 0, 4, 2581.65
1572224951, 0, 367, 849, 745, 175, 4.07%, 0, 0, 4, 2691.25
1572224961, 0, 367, 851, 747, 175, 4.07%, 0, 0, 4, 2674.62
1572224966, 0, 367, 852, 748, 175, 4.07%, 0, 0, 4, 2742.63
1572225063, 0, 371, 852, 747, 178, 4.07%, 0, 0, 4, 3034.18
1572225089, 0, 371, 853, 748, 178, 4.07%, 0, 0, 4, 3071.63
1572225176, 0, 399, 853, 747, 177, 4.07%, 0, 0, 4, 2819.89
1572225196, 0, 399, 866, 760, 177, 4.08%, 0, 0, 4, 2677.35
1572225217, 0, 399, 867, 761, 177, 4.08%, 0, 0, 4, 2682.67
1572225242, 0, 399, 868, 762, 177, 4.08%, 0, 0, 4, 2656.12
1572225267, 0, 399, 870, 764, 177, 4.08%, 0, 0, 4, 2717.25
1572225272, 0, 399, 871, 765, 177, 4.08%, 0, 0, 4, 2724.03
1572225364, 0, 404, 872, 765, 182, 4.08%, 0, 0, 4, 2795.48
1572225548, 0, 407, 872, 764, 181, 4.08%, 0, 0, 4, 2897.61
1572225568, 0, 407, 877, 769, 181, 4.08%, 0, 0, 4, 2777.35
1572225620, 0, 407, 879, 771, 181, 4.08%, 0, 0, 4, 2748.48
1572225696, 0, 407, 880, 772, 181, 4.09%, 0, 0, 4, 2781.49
1572225737, 0, 409, 880, 771, 181, 4.09%, 0, 0, 4, 3004.24
1572225799, 0, 409, 883, 774, 181, 4.09%, 0, 0, 4, 3060.90
1572225865, 0, 417, 883, 773, 180, 4.09%, 0, 0, 4, 3068.73
1572225870, 0, 417, 885, 775, 180, 4.10%, 0, 0, 4, 2783.96
1572225886, 0, 417, 890, 780, 180, 4.10%, 0, 0, 4, 2757.65
1572225891, 0, 417, 891, 781, 180, 4.10%, 0, 0, 4, 2760.81
1572225912, 0, 417, 892, 782, 180, 4.10%, 0, 0, 4, 2767.54
1572225938, 0, 417, 895, 785, 180, 4.11%, 0, 0, 4, 2765.95
1572226055, 0, 422, 895, 784, 181, 4.11%, 0, 0, 4, 2802.33
1572226071, 0, 422, 899, 788, 181, 4.11%, 0, 0, 4, 2769.41
1572226076, 0, 422, 900, 789, 181, 4.11%, 0, 0, 4, 2760.50
1572226240, 0, 422, 902, 791, 181, 4.11%, 0, 0, 4, 2851.19
1572226245, 0, 424, 902, 790, 181, 4.11%, 0, 0, 4, 2821.40
1572226260, 0, 424, 906, 794, 181, 4.11%, 0, 0, 4, 2759.51
1572226266, 0, 424, 907, 795, 181, 4.11%, 0, 0, 4, 2766.38
1572226429, 0, 426, 909, 796, 181, 4.11%, 0, 0, 4, 2925.12
1572226444, 0, 426, 910, 797, 181, 4.11%, 0, 0, 4, 3061.83
1572226450, 0, 426, 912, 799, 181, 4.11%, 0, 0, 4, 3052.94
1572226470, 0, 426, 913, 800, 181, 4.11%, 0, 0, 4, 3064.69
1572226491, 0, 426, 914, 801, 181, 4.11%, 0, 0, 4, 3064.47
1572226568, 0, 439, 914, 800, 181, 4.11%, 0, 0, 4, 3147.09
1572226573, 0, 439, 915, 801, 181, 4.11%, 0, 0, 4, 3150.25
1572226583, 0, 439, 916, 802, 181, 4.11%, 0, 0, 4, 3154.05
1572226660, 0, 444, 916, 801, 182, 4.11%, 0, 0, 4, 3139.68
1572226691, 0, 444, 918, 803, 182, 4.12%, 0, 0, 4, 3013.19
1572226696, 0, 444, 925, 810, 182, 4.13%, 0, 0, 4, 3019.69
1572226701, 0, 444, 926, 811, 182, 4.13%, 0, 0, 4, 3020.91
1572226778, 0, 446, 926, 810, 189, 4.13%, 0, 0, 4, 3095.30
1572226870, 0, 450, 926, 809, 188, 4.13%, 0, 0, 4, 3076.90
1572226901, 0, 450, 927, 810, 188, 4.13%, 0, 0, 4, 2985.31
1572226977, 0, 455, 927, 809, 187, 4.13%, 0, 0, 4, 2933.83
1572226983, 0, 455, 928, 810, 187, 4.13%, 0, 0, 4, 2935.43
1572227089, 0, 457, 928, 809, 187, 4.13%, 0, 0, 4, 2961.23
1572227115, 0, 461, 928, 808, 186, 4.13%, 0, 0, 4, 3024.08
1572227141, 0, 461, 929, 809, 186, 4.13%, 0, 0, 4, 3151.10
1572227187, 0, 465, 929, 808, 186, 4.13%, 0, 0, 4, 3058.51
1572227228, 0, 465, 931, 810, 186, 4.13%, 0, 0, 4, 2976.05
1572227233, 0, 465, 932, 811, 186, 4.13%, 0, 0, 4, 2994.83
1572227283, 0, 465, 934, 813, 186, 4.13%, 0, 0, 4, 3008.59
1572227299, 0, 467, 934, 812, 188, 4.13%, 0, 0, 4, 2988.32
1572227421, 0, 468, 936, 813, 187, 4.13%, 0, 0, 4, 3018.90
1572227477, 0, 468, 938, 815, 187, 4.13%, 0, 0, 4, 3105.74
1572227502, 0, 469, 938, 814, 186, 4.13%, 0, 0, 4, 3100.92
1572227585, 0, 477, 938, 813, 185, 4.13%, 0, 0, 4, 2855.59
1572227605, 0, 477, 939, 814, 185, 4.13%, 0, 0, 4, 2766.19
1572227656, 0, 477, 940, 815, 185, 4.14%, 0, 0, 4, 2800.40
1572227677, 0, 477, 941, 816, 185, 4.14%, 0, 0, 4, 2812.26
1572227763, 0, 483, 941, 815, 186, 4.14%, 0, 0, 4, 2783.87
1572227784, 0, 483, 942, 816, 186, 4.14%, 0, 0, 4, 2756.79
1572227947, 0, 484, 943, 816, 185, 4.14%, 0, 0, 4, 2929.60
1572228076, 0, 489, 944, 816, 184, 4.14%, 0, 0, 4, 2980.44
1572228096, 0, 489, 945, 817, 184, 4.14%, 0, 0, 4, 2762.20
1572228266, 0, 495, 946, 817, 184, 4.14%, 0, 0, 4, 2945.94
1572228328, 0, 495, 950, 821, 184, 4.14%, 0, 0, 4, 2958.22
1572228400, 0, 497, 950, 820, 183, 4.14%, 0, 0, 4, 2889.81
1572228420, 0, 497, 951, 821, 183, 4.14%, 0, 0, 4, 2696.53
1572228685, 0, 510, 951, 820, 183, 4.14%, 0, 0, 4, 1548.92
1572228690, 0, 510, 952, 821, 183, 4.14%, 0, 0, 4, 1609.04
1572228705, 0, 510, 956, 825, 183, 4.15%, 0, 0, 4, 1647.43
1572228716, 0, 510, 957, 826, 183, 4.15%, 0, 0, 4, 1634.82
1572228940, 0, 511, 958, 826, 186, 4.15%, 0, 0, 4, 1654.93
1572228970, 0, 511, 959, 827, 186, 4.15%, 0, 0, 4, 1636.34
1572229194, 0, 519, 959, 826, 185, 4.15%, 0, 0, 4, 1500.65
1572229564, 0, 526, 959, 825, 184, 4.15%, 0, 0, 4, 1458.87
1572229599, 0, 526, 960, 826, 184, 4.15%, 0, 0, 4, 1431.46
1572229923, 0, 527, 961, 826, 183, 4.15%, 0, 0, 4, 1555.82
1572230152, 0, 527, 962, 827, 183, 4.15%, 0, 0, 4, 1506.89
1572230182, 0, 527, 963, 828, 183, 4.15%, 0, 0, 4, 1499.02
1572230202, 0, 530, 963, 827, 182, 4.15%, 0, 0, 4, 1568.37
1572230243, 0, 530, 964, 828, 182, 4.15%, 0, 0, 4, 1410.55
1572230569, 0, 536, 964, 827, 181, 4.15%, 0, 0, 4, 1505.40
1572230604, 0, 536, 977, 840, 181, 4.17%, 0, 0, 4, 1495.15
1572230640, 0, 536, 979, 842, 181, 4.17%, 0, 0, 4, 1514.73
1572230645, 0, 536, 981, 844, 181, 4.17%, 0, 0, 4, 1537.67
1572230680, 0, 536, 982, 845, 181, 4.17%, 0, 0, 4, 1513.43
1572230706, 0, 536, 983, 846, 181, 4.17%, 0, 0, 4, 1511.33
1572230711, 0, 536, 985, 848, 181, 4.17%, 0, 0, 4, 1533.07
1572230721, 0, 536, 987, 850, 181, 4.17%, 0, 0, 4, 1548.80
1572230726, 0, 536, 988, 851, 181, 4.17%, 0, 0, 4, 1567.84
1572230838, 0, 536, 989, 852, 181, 4.17%, 0, 0, 4, 1516.79
1572230858, 0, 539, 989, 851, 188, 4.17%, 0, 0, 4, 1563.30
1572231137, 0, 542, 989, 850, 187, 4.17%, 0, 0, 4, 1589.54
1572231163, 0, 542, 991, 852, 187, 4.17%, 0, 0, 4, 2635.26
1572231188, 0, 542, 996, 857, 187, 4.17%, 0, 0, 4, 2699.61
1572231219, 0, 542, 997, 858, 187, 4.17%, 0, 0, 4, 2848.06
1572231269, 0, 542, 998, 859, 187, 4.17%, 0, 0, 4, 2882.68
1572231285, 0, 542, 1000, 861, 187, 4.17%, 0, 0, 4, 2863.85
1572231300, 0, 549, 1000, 860, 187, 4.17%, 0, 0, 4, 2731.78
1572231315, 0, 549, 1002, 862, 187, 4.17%, 0, 0, 4, 2652.01
1572231320, 0, 549, 1003, 863, 187, 4.17%, 0, 0, 4, 2662.58
1572231340, 0, 549, 1004, 864, 187, 4.17%, 0, 0, 4, 2682.76
1572231361, 0, 549, 1006, 866, 187, 4.17%, 0, 0, 4, 2658.11
1572231381, 0, 549, 1007, 867, 187, 4.17%, 0, 0, 4, 2699.47
1572231387, 0, 549, 1010, 870, 187, 4.18%, 0, 0, 4, 2662.41
1572231473, 0, 549, 1011, 871, 187, 4.19%, 0, 0, 4, 2725.52
1572231478, 0, 549, 1012, 872, 187, 4.19%, 0, 0, 4, 2716.63
1572231494, 0, 553, 1012, 871, 193, 4.19%, 0, 0, 4, 2884.04
1572231530, 0, 553, 1013, 872, 193, 4.19%, 0, 0, 4, 2910.96
1572231637, 0, 564, 1013, 871, 193, 4.19%, 0, 0, 4, 2912.10
1572231658, 0, 564, 1014, 872, 193, 4.19%, 0, 0, 4, 2832.51
1572231678, 0, 564, 1016, 874, 193, 4.19%, 0, 0, 4, 2839.97
1572231790, 0, 567, 1017, 874, 193, 4.19%, 0, 0, 4, 2942.33
1572231795, 0, 567, 1018, 875, 193, 4.20%, 0, 0, 4, 2691.92
1572231811, 0, 567, 1037, 894, 193, 4.34%, 0, 0, 4, 2618.07
1572231816, 0, 567, 1038, 895, 193, 4.34%, 0, 0, 4, 2639.33
1572231837, 0, 567, 1044, 901, 193, 4.36%, 0, 0, 4, 2644.10
1572231857, 0, 567, 1046, 903, 193, 4.37%, 0, 0, 4, 2655.84
1572231862, 0, 567, 1048, 905, 193, 4.37%, 0, 0, 4, 2683.17
1572231878, 0, 567, 1057, 914, 193, 4.39%, 0, 0, 4, 2660.63
1572231929, 0, 567, 1059, 916, 193, 4.39%, 0, 0, 4, 2668.05
1572231934, 0, 567, 1061, 918, 193, 4.39%, 0, 0, 4, 2630.50
1572231939, 0, 567, 1062, 919, 193, 4.39%, 0, 0, 4, 2682.11
1572231949, 0, 567, 1063, 920, 193, 4.39%, 0, 0, 4, 2656.38
1572231959, 0, 568, 1065, 921, 213, 4.40%, 0, 0, 4, 2801.03
1572231964, 0, 568, 1066, 922, 213, 4.40%, 0, 0, 4, 2603.09
1572231980, 0, 568, 1070, 926, 213, 4.40%, 0, 0, 4, 2568.77
1572231985, 0, 568, 1071, 927, 213, 4.40%, 0, 0, 4, 2572.60
1572232031, 0, 568, 1072, 928, 213, 4.40%, 0, 0, 4, 2639.22
1572232133, 0, 577, 1072, 927, 215, 4.40%, 0, 0, 4, 2765.41
1572232180, 0, 577, 1073, 928, 215, 4.40%, 0, 0, 4, 2686.30
1572232215, 0, 577, 1074, 929, 215, 4.40%, 0, 0, 4, 2702.03
1572232231, 0, 577, 1075, 930, 215, 4.40%, 0, 0, 4, 2705.25
1572232328, 0, 578, 1075, 929, 216, 4.40%, 0, 0, 4, 2797.91
1572232517, 0, 585, 1075, 928, 215, 4.40%, 0, 0, 4, 2776.96
1572232533, 0, 585, 1076, 929, 215, 4.40%, 0, 0, 4, 2746.60
1572232553, 0, 585, 1077, 930, 215, 4.40%, 0, 0, 4, 2769.16
1572232610, 0, 585, 1078, 931, 215, 4.41%, 0, 0, 4, 2792.17
1572232702, 0, 586, 1079, 931, 216, 4.41%, 0, 0, 4, 2754.00
1572232723, 0, 586, 1080, 932, 216, 4.41%, 0, 0, 4, 2684.82
1572232779, 0, 586, 1081, 933, 216, 4.41%, 0, 0, 4, 2728.30
1572232892, 0, 606, 1081, 932, 216, 4.41%, 0, 0, 4, 3003.68
1572233015, 0, 607, 1082, 932, 215, 4.41%, 0, 0, 4, 3248.47
1572233020, 0, 608, 1083, 932, 215, 4.41%, 0, 0, 4, 3074.77
1572233148, 0, 612, 1083, 931, 215, 4.41%, 0, 0, 4, 3052.94
1572233153, 0, 614, 1083, 930, 214, 4.41%, 0, 0, 4, 3232.50
1572233158, 0, 616, 1083, 929, 213, 4.41%, 0, 0, 4, 3249.25
1572233163, 0, 618, 1083, 928, 212, 4.41%, 0, 0, 4, 3264.20
1572233168, 0, 620, 1088, 931, 210, 4.43%, 0, 0, 4, 3246.21
1572233173, 0, 622, 1088, 930, 214, 4.43%, 0, 0, 4, 3269.62
1572233179, 0, 624, 1090, 931, 213, 4.43%, 0, 0, 4, 3297.84
1572233184, 0, 625, 1092, 932, 215, 4.44%, 0, 0, 4, 3231.53
1572233189, 0, 626, 1092, 931, 214, 4.44%, 0, 0, 4, 3212.81
1572233194, 0, 627, 1092, 930, 213, 4.44%, 0, 0, 4, 3264.78
1572233199, 0, 628, 1093, 930, 212, 4.44%, 0, 0, 4, 3340.12
1572233204, 0, 629, 1094, 930, 212, 4.45%, 0, 0, 4, 3343.77
1572233209, 0, 630, 1094, 929, 212, 4.45%, 0, 0, 4, 3236.39
1572233214, 0, 631, 1103, 937, 214, 4.52%, 0, 0, 4, 3156.58
1572233219, 0, 631, 1105, 939, 214, 4.52%, 0, 0, 4, 3118.50
1572233225, 0, 632, 1105, 938, 216, 4.52%, 0, 0, 4, 3166.11
1572233230, 0, 633, 1106, 938, 215, 4.53%, 0, 0, 4, 3266.91
1572233235, 0, 634, 1108, 939, 215, 4.55%, 0, 0, 4, 3281.79
1572233240, 0, 635, 1112, 942, 218, 4.55%, 0, 0, 4, 3275.75
1572233245, 0, 637, 1112, 941, 217, 4.55%, 0, 0, 4, 3271.57
1572233250, 0, 638, 1112, 940, 216, 4.55%, 0, 0, 4, 3258.47
1572233255, 0, 639, 1112, 939, 215, 4.55%, 0, 0, 4, 3327.09
1572233260, 0, 642, 1112, 938, 214, 4.55%, 0, 0, 4, 2959.73
1572233281, 0, 642, 1113, 939, 214, 4.55%, 0, 0, 4, 2724.22
1572233327, 0, 642, 1114, 940, 214, 4.55%, 0, 0, 4, 2770.85
1572233449, 0, 643, 1114, 939, 214, 4.55%, 0, 0, 4, 2770.83
1572233634, 0, 644, 1114, 938, 213, 4.55%, 0, 0, 4, 2793.37
1572233654, 0, 644, 1115, 939, 213, 4.55%, 0, 0, 4, 2718.45
1572233823, 0, 645, 1115, 938, 212, 4.55%, 0, 0, 4, 2834.96
1572233843, 0, 645, 1119, 942, 212, 4.55%, 0, 0, 4, 2744.91
1572233905, 0, 645, 1120, 943, 212, 4.55%, 0, 0, 4, 2768.71
1572234013, 0, 659, 1120, 942, 212, 4.55%, 0, 0, 4, 2620.03
1572234038, 0, 659, 1122, 944, 212, 4.55%, 0, 0, 4, 2557.97
1572234141, 0, 659, 1133, 955, 212, 4.55%, 0, 0, 4, 2766.71
1572234146, 0, 659, 1139, 961, 212, 4.55%, 0, 0, 4, 2900.45
1572234151, 0, 672, 1139, 960, 211, 4.55%, 0, 0, 4, 2978.23
1572234176, 0, 677, 1139, 959, 210, 4.55%, 0, 0, 4, 3070.49
1572234192, 0, 679, 1139, 958, 209, 4.55%, 0, 0, 4, 3075.19
1572234212, 0, 686, 1142, 960, 208, 4.57%, 0, 0, 4, 2934.63
1572234223, 0, 686, 1143, 961, 208, 4.57%, 0, 0, 4, 2891.72
1572234253, 0, 686, 1144, 962, 208, 4.57%, 0, 0, 4, 2903.92
1572234279, 0, 688, 1145, 962, 211, 4.58%, 0, 0, 4, 2896.25
1572234346, 0, 689, 1145, 961, 211, 4.58%, 0, 0, 4, 2912.76
1572234351, 0, 689, 1146, 962, 211, 4.58%, 0, 0, 4, 2911.41
1572234412, 0, 690, 1146, 961, 211, 4.58%, 0, 0, 4, 2911.65
1572234484, 0, 699, 1146, 960, 210, 4.58%, 0, 0, 4, 2897.33
1572234509, 0, 700, 1147, 960, 209, 4.58%, 0, 0, 4, 2947.72
1572234530, 0, 701, 1148, 960, 210, 4.58%, 0, 0, 4, 2867.93
1572234576, 0, 701, 1149, 961, 210, 4.58%, 0, 0, 4, 2809.51
1572234617, 0, 702, 1152, 963, 209, 4.59%, 0, 0, 4, 1499.47
1572234637, 0, 702, 1154, 965, 209, 4.59%, 0, 0, 4, 1512.49
1572234697, 0, 702, 1158, 969, 209, 4.60%, 0, 0, 4, 1552.81
1572234743, 0, 703, 1158, 968, 215, 4.60%, 0, 0, 4, 1517.19
1572234875, 0, 706, 1158, 967, 214, 4.60%, 0, 0, 4, 1511.19
1572235002, 0, 706, 1159, 968, 214, 4.60%, 0, 0, 4, 1476.55
1572235007, 0, 710, 1159, 967, 213, 4.60%, 0, 0, 4, 1542.31
1572235032, 0, 715, 1159, 966, 212, 4.60%, 0, 0, 4, 1575.94
1572235063, 0, 715, 1160, 967, 212, 4.60%, 0, 0, 4, 1612.87
1572235073, 0, 716, 1160, 966, 211, 4.60%, 0, 0, 4, 1520.87
1572235154, 0, 716, 1161, 967, 211, 4.60%, 0, 0, 4, 1523.74
1572235205, 0, 717, 1161, 966, 211, 4.60%, 0, 0, 4, 1512.24
1572235286, 0, 717, 1162, 967, 211, 4.60%, 0, 0, 4, 1531.75
1572235331, 0, 718, 1162, 966, 210, 4.60%, 0, 0, 4, 1669.21
1572235336, 0, 722, 1163, 966, 209, 4.60%, 0, 0, 4, 1711.76
1572235341, 0, 722, 1164, 967, 209, 4.61%, 0, 0, 4, 1571.79
1572235448, 0, 722, 1165, 968, 209, 4.61%, 0, 0, 4, 1522.46
1572235468, 0, 723, 1165, 967, 209, 4.61%, 0, 0, 4, 1502.14
1572235575, 0, 723, 1166, 968, 209, 4.61%, 0, 0, 4, 1526.28
1572235595, 0, 724, 1167, 968, 208, 4.61%, 0, 0, 4, 1534.61
1572235702, 0, 724, 1168, 969, 208, 4.61%, 0, 0, 4, 1540.87
1572235722, 0, 725, 1168, 968, 208, 4.61%, 0, 0, 4, 1702.48
1572235732, 0, 730, 1168, 967, 207, 4.61%, 0, 0, 4, 1729.00
1572235757, 0, 736, 1168, 966, 206, 4.61%, 0, 0, 4, 1673.93
1572235763, 0, 736, 1169, 967, 206, 4.61%, 0, 0, 4, 1622.44
1572235803, 0, 737, 1169, 966, 206, 4.61%, 0, 0, 4, 1601.33
1572235839, 0, 741, 1169, 965, 205, 4.61%, 0, 0, 4, 1584.08
1572235844, 0, 741, 1171, 967, 205, 4.61%, 0, 0, 4, 1516.54
1572235895, 0, 742, 1171, 966, 205, 4.61%, 0, 0, 4, 1571.78
1572235905, 0, 743, 1171, 965, 204, 4.61%, 0, 0, 4, 1676.24
1572235915, 0, 746, 1171, 964, 203, 4.61%, 0, 0, 4, 1582.39
1572235925, 0, 746, 1172, 965, 203, 4.62%, 0, 0, 4, 1535.55
1572235930, 0, 747, 1172, 964, 203, 4.62%, 0, 0, 4, 1603.78
1572235971, 0, 747, 1173, 965, 203, 4.62%, 0, 0, 4, 1455.30
1572236265, 0, 749, 1173, 964, 202, 4.62%, 0, 0, 4, 1557.82
1572236305, 0, 749, 1174, 965, 202, 4.62%, 0, 0, 4, 1454.12
1572236412, 0, 749, 1175, 966, 202, 4.62%, 0, 0, 4, 1472.79
1572236620, 0, 751, 1175, 965, 202, 4.62%, 0, 0, 4, 1471.25
1572236656, 0, 751, 1176, 966, 202, 4.62%, 0, 0, 4, 1361.32
1572236990, 0, 753, 1177, 966, 201, 4.62%, 0, 0, 4, 1525.95
1572237031, 0, 753, 1179, 968, 201, 4.62%, 0, 0, 4, 1451.43
1572237158, 0, 753, 1180, 969, 201, 4.62%, 0, 0, 4, 1457.31
1572237346, 0, 754, 1180, 968, 201, 4.62%, 0, 0, 4, 1523.08
1572237386, 0, 754, 1181, 969, 201, 4.62%, 0, 0, 4, 1432.64
1572237575, 0, 756, 1181, 968, 200, 4.62%, 0, 0, 4, 2686.22
1572237596, 0, 756, 1185, 972, 200, 4.62%, 0, 0, 4, 2583.42
1572237657, 0, 756, 1187, 974, 200, 4.62%, 0, 0, 4, 2642.23
1572237667, 0, 756, 1188, 975, 200, 4.62%, 0, 0, 4, 2593.76
1572237723, 0, 756, 1189, 976, 200, 4.62%, 0, 0, 4, 2598.52
1572237769, 0, 760, 1189, 975, 200, 4.62%, 0, 0, 4, 2766.83
1572237789, 0, 760, 1191, 977, 200, 4.62%, 0, 0, 4, 2672.78
1572237851, 0, 760, 1192, 978, 200, 4.62%, 0, 0, 4, 2729.89
1572237963, 0, 763, 1192, 977, 201, 4.62%, 0, 0, 4, 2733.78
1572237984, 0, 763, 1194, 979, 201, 4.63%, 0, 0, 4, 2648.65
1572238152, 0, 766, 1194, 978, 201, 4.63%, 0, 0, 4, 2802.31
1572238173, 0, 766, 1195, 979, 201, 4.63%, 0, 0, 4, 2668.12
1572238239, 0, 766, 1196, 980, 201, 4.63%, 0, 0, 4, 2707.72
1572238347, 0, 772, 1197, 980, 202, 4.63%, 0, 0, 4, 2855.84
1572238367, 0, 772, 1198, 981, 202, 4.63%, 0, 0, 4, 2651.06
1572238439, 0, 772, 1199, 982, 202, 4.63%, 0, 0, 4, 2702.07
1572238541, 0, 780, 1199, 981, 202, 4.63%, 0, 0, 4, 2741.86
1572238562, 0, 780, 1200, 982, 202, 4.63%, 0, 0, 4, 2676.81
1572238639, 0, 780, 1201, 983, 202, 4.64%, 0, 0, 4, 2706.27
1572238731, 0, 781, 1201, 982, 202, 4.64%, 0, 0, 4, 2795.07
1572238752, 0, 781, 1202, 983, 202, 4.64%, 0, 0, 4, 2749.64
1572238921, 0, 787, 1202, 982, 201, 4.64%, 0, 0, 4, 2888.22
1572239054, 0, 788, 1203, 982, 200, 4.64%, 0, 0, 4, 3255.34
1572239059, 0, 789, 1203, 981, 200, 4.64%, 0, 0, 4, 3380.48
1572239064, 0, 790, 1203, 980, 199, 4.64%, 0, 0, 4, 3420.75
1572239069, 0, 793, 1203, 979, 198, 4.64%, 0, 0, 4, 3134.75
1572239110, 0, 793, 1204, 980, 198, 4.64%, 0, 0, 4, 2956.33
1572239136, 0, 796, 1204, 979, 198, 4.64%, 0, 0, 4, 2922.64
1572239157, 0, 796, 1205, 980, 198, 4.64%, 0, 0, 4, 2877.42
1572239269, 0, 808, 1206, 980, 198, 4.64%, 0, 0, 4, 2904.05
1572239300, 0, 809, 1206, 979, 197, 4.64%, 0, 0, 4, 2894.03
1572239325, 0, 810, 1207, 979, 196, 4.64%, 0, 0, 4, 2899.69
1572239351, 0, 819, 1207, 978, 196, 4.64%, 0, 0, 4, 2932.94
1572239376, 0, 819, 1208, 979, 196, 4.64%, 0, 0, 4, 2743.69
1572239432, 0, 819, 1209, 980, 196, 4.65%, 0, 0, 4, 2757.88
1572239534, 0, 820, 1209, 979, 197, 4.65%, 0, 0, 4, 2859.47
1572239560, 0, 820, 1210, 980, 197, 4.65%, 0, 0, 4, 2641.56
1572239627, 0, 820, 1211, 981, 197, 4.65%, 0, 0, 4, 2680.44
1572239632, 0, 820, 1213, 983, 197, 4.65%, 0, 0, 4, 2731.78
1572239724, 0, 821, 1213, 982, 197, 4.65%, 0, 0, 4, 2793.99
1572239729, 0, 821, 1214, 983, 197, 4.65%, 0, 0, 4, 2818.97
1572239750, 0, 821, 1215, 984, 197, 4.65%, 0, 0, 4, 2836.08
1572239791, 0, 821, 1216, 985, 197, 4.65%, 0, 0, 4, 2861.50
1572239878, 0, 822, 1216, 984, 197, 4.65%, 0, 0, 4, 2800.58
1572239893, 0, 822, 1217, 985, 197, 4.65%, 0, 0, 4, 2747.57
1572240062, 0, 823, 1217, 984, 197, 4.65%, 0, 0, 4, 3106.58
1572240118, 0, 823, 1218, 985, 197, 4.65%, 0, 0, 4, 3203.15
1572240180, 0, 826, 1219, 985, 198, 4.66%, 0, 0, 5, 3287.11
1572240185, 0, 826, 1226, 992, 198, 4.75%, 0, 0, 5, 3238.62
1572240190, 0, 827, 1228, 993, 203, 4.75%, 0, 0, 5, 3274.29
1572240195, 0, 830, 1229, 993, 202, 4.76%, 0, 0, 5, 3300.09
1572240200, 0, 831, 1231, 994, 204, 4.77%, 0, 0, 5, 3230.66
1572240205, 0, 832, 1231, 993, 203, 4.77%, 0, 0, 5, 3246.12
1572240215, 0, 836, 1235, 994, 204, 4.78%, 0, 0, 5, 3306.56
1572240220, 0, 844, 1236, 994, 203, 4.78%, 0, 0, 5, 3076.92
1572240241, 0, 844, 1239, 997, 203, 4.78%, 0, 0, 5, 2800.29
1572240297, 0, 844, 1240, 998, 203, 4.78%, 0, 0, 5, 2804.37
1572240384, 0, 845, 1241, 998, 203, 4.78%, 0, 0, 5, 2888.49
1572240404, 0, 845, 1243, 1000, 203, 4.78%, 0, 0, 5, 2697.38
1572240568, 0, 845, 1244, 1001, 203, 4.78%, 0, 0, 5, 2821.49
1572240573, 0, 846, 1244, 1000, 203, 4.78%, 0, 0, 5, 2691.55
1572240593, 0, 846, 1246, 1002, 203, 4.78%, 0, 0, 5, 2611.28
1572240639, 0, 846, 1247, 1003, 203, 4.78%, 0, 0, 5, 2508.93
1572240818, 0, 848, 1247, 1002, 203, 4.78%, 0, 0, 5, 1400.43
1572240980, 0, 848, 1248, 1003, 203, 4.78%, 0, 0, 5, 1408.81
1572240986, 0, 848, 1249, 1004, 203, 4.78%, 0, 0, 5, 1398.15
1572241198, 0, 850, 1250, 1004, 202, 4.78%, 0, 0, 5, 1592.38
1572241234, 0, 850, 1251, 1005, 202, 4.78%, 0, 0, 5, 1437.04
1572241239, 0, 850, 1252, 1006, 202, 4.78%, 0, 0, 5, 1447.93
1572241524, 0, 854, 1252, 1005, 201, 4.78%, 0, 0, 5, 1462.43
1572241666, 0, 854, 1253, 1006, 201, 4.78%, 0, 0, 5, 1404.97
1572241884, 0, 857, 1253, 1005, 200, 4.78%, 0, 0, 5, 1475.45
1572241889, 0, 857, 1256, 1008, 200, 4.79%, 0, 0, 5, 1326.30
1572241924, 0, 857, 1278, 1030, 200, 4.92%, 0, 0, 5, 1288.13
1572241929, 0, 857, 1279, 1031, 200, 4.92%, 0, 0, 5, 1321.44
1572241970, 0, 857, 1287, 1039, 200, 4.94%, 0, 0, 5, 1025.16
1572242015, 0, 857, 1294, 1046, 200, 4.94%, 0, 0, 5, 1410.61
1572242020, 0, 857, 1295, 1047, 200, 4.94%, 0, 0, 5, 1327.06
1572242036, 0, 857, 1297, 1049, 200, 4.95%, 0, 0, 5, 1313.12
1572242046, 0, 857, 1299, 1051, 200, 4.96%, 0, 0, 5, 1323.11
1572242061, 0, 857, 1306, 1058, 200, 4.96%, 0, 0, 5, 37.83
1572242197, 0, 857, 1309, 1061, 200, 4.96%, 0, 0, 5, 1303.55
1572242218, 0, 857, 1312, 1064, 200, 4.97%, 0, 0, 5, 83.87
1572242264, 0, 857, 1314, 1066, 200, 4.97%, 0, 0, 5, 1349.59
1572242284, 0, 857, 1315, 1067, 200, 4.97%, 0, 0, 5, 1450.84
1572242289, 0, 859, 1315, 1066, 214, 4.97%, 0, 0, 5, 1523.03
1572242325, 0, 859, 1316, 1067, 214, 4.97%, 0, 0, 5, 1489.85
1572242568, 0, 859, 1317, 1068, 214, 4.97%, 0, 0, 5, 1514.25
1572242578, 0, 860, 1317, 1067, 214, 4.97%, 0, 0, 5, 1537.34
1572242618, 0, 860, 1319, 1069, 214, 4.97%, 0, 0, 5, 1502.59
1572242877, 0, 861, 1319, 1068, 214, 4.97%, 0, 0, 5, 1546.76
1572242912, 0, 861, 1321, 1070, 214, 4.98%, 0, 0, 5, 1480.53
1572242917, 0, 861, 1322, 1071, 214, 4.98%, 0, 0, 5, 1499.33
1572243176, 0, 862, 1322, 1070, 215, 4.98%, 0, 0, 5, 1526.96
1572243212, 0, 862, 1323, 1071, 215, 4.98%, 0, 0, 5, 1482.57
1572243333, 0, 862, 1324, 1072, 215, 4.98%, 0, 0, 5, 1506.60
1572243480, 0, 863, 1324, 1071, 215, 4.98%, 0, 0, 5, 1515.97
1572243516, 0, 863, 1326, 1073, 215, 4.98%, 0, 0, 5, 1483.02
1572243602, 0, 863, 1327, 1074, 215, 4.98%, 0, 0, 5, 1482.08
1572243759, 0, 864, 1328, 1074, 215, 4.98%, 0, 0, 5, 2933.66
1572243779, 0, 864, 1331, 1077, 215, 4.98%, 0, 0, 5, 2672.03
1572243784, 0, 864, 1332, 1078, 215, 4.98%, 0, 0, 5, 2645.60
1572243836, 0, 864, 1334, 1080, 215, 4.98%, 0, 0, 5, 2651.99
1572243841, 0, 864, 1335, 1081, 215, 4.98%, 0, 0, 5, 2716.03
1572243856, 0, 864, 1337, 1083, 215, 4.98%, 0, 0, 5, 2280.94
1572243928, 0, 864, 1338, 1084, 215, 4.98%, 0, 0, 5, 2686.46
1572243958, 0, 865, 1338, 1083, 218, 4.98%, 0, 0, 5, 2727.74
1572243979, 0, 865, 1339, 1084, 218, 4.98%, 0, 0, 5, 2633.07
1572244154, 0, 869, 1339, 1083, 216, 4.98%, 0, 0, 5, 2846.26
1572244333, 0, 870, 1339, 1082, 215, 4.98%, 0, 0, 5, 2857.32
1572244517, 0, 871, 1339, 1081, 214, 4.98%, 0, 0, 5, 2721.95
1572244537, 0, 871, 1340, 1082, 214, 4.98%, 0, 0, 5, 2655.75
1572244547, 0, 871, 1341, 1083, 214, 4.99%, 0, 0, 5, 2636.48
1572244706, 0, 873, 1341, 1082, 215, 4.99%, 0, 0, 5, 2934.99
1572244839, 0, 879, 1341, 1081, 214, 4.99%, 0, 0, 5, 2911.27
1572244860, 0, 879, 1347, 1087, 214, 4.99%, 0, 0, 5, 2755.91
1572245028, 0, 880, 1349, 1088, 214, 4.99%, 0, 0, 5, 2980.12
1572245049, 0, 880, 1350, 1089, 214, 4.99%, 0, 0, 5, 3051.53
1572245070, 0, 880, 1351, 1090, 214, 4.99%, 0, 0, 5, 3062.83
1572245162, 0, 881, 1351, 1089, 213, 4.99%, 0, 0, 5, 3099.14
1572245177, 0, 881, 1352, 1090, 213, 4.99%, 0, 0, 5, 3077.25
1572245296, 0, 882, 1352, 1089, 212, 4.99%, 0, 0, 5, 3105.27
1572245311, 0, 882, 1353, 1090, 212, 4.99%, 0, 0, 5, 3075.55
1572245424, 0, 883, 1353, 1089, 211, 4.99%, 0, 0, 5, 3017.56
1572245445, 0, 883, 1358, 1094, 211, 4.99%, 0, 0, 5, 2744.85
1572245613, 0, 884, 1358, 1093, 211, 4.99%, 0, 0, 5, 2892.58
1572245634, 0, 884, 1363, 1098, 211, 4.99%, 0, 0, 5, 2783.92
1572245803, 0, 886, 1363, 1097, 211, 4.99%, 0, 0, 5, 3016.67
1572245823, 0, 886, 1364, 1098, 211, 4.99%, 0, 0, 5, 3086.18
1572245838, 0, 886, 1365, 1099, 211, 4.99%, 0, 0, 5, 3092.11
1572245864, 0, 886, 1367, 1101, 211, 4.99%, 0, 0, 5, 3060.79
1572245936, 0, 896, 1367, 1100, 210, 4.99%, 0, 0, 5, 3079.55
1572246069, 0, 903, 1367, 1099, 209, 4.99%, 0, 0, 5, 3113.96
1572246208, 0, 907, 1367, 1098, 208, 4.99%, 0, 0, 5, 3102.52
1572246342, 0, 909, 1367, 1097, 207, 4.99%, 0, 0, 5, 3075.13
1572246481, 0, 914, 1368, 1097, 206, 4.99%, 0, 0, 5, 3129.02
1572246496, 0, 914, 1369, 1098, 206, 4.99%, 0, 0, 5, 3160.37
1572246506, 0, 914, 1370, 1099, 206, 4.99%, 0, 0, 5, 3156.26
1572246573, 0, 915, 1370, 1098, 205, 4.99%, 0, 0, 5, 3141.77
1572246579, 0, 915, 1371, 1099, 205, 4.99%, 0, 0, 5, 3026.02
1572246691, 0, 916, 1371, 1098, 204, 4.99%, 0, 0, 5, 3033.27
1572246696, 0, 916, 1372, 1099, 204, 4.99%, 0, 0, 5, 3049.83
1572246789, 0, 917, 1373, 1099, 204, 4.99%, 0, 0, 5, 3139.61
1572246804, 0, 917, 1374, 1100, 204, 4.99%, 0, 0, 5, 3103.31
1572246891, 0, 918, 1375, 1100, 204, 4.99%, 0, 0, 5, 2974.19
1572246901, 0, 918, 1376, 1101, 204, 4.99%, 0, 0, 5, 2968.67
1572246994, 0, 919, 1377, 1101, 204, 4.99%, 0, 0, 5, 2076.02
1572247019, 0, 919, 1378, 1102, 204, 4.99%, 0, 0, 5, 1651.10
1572247181, 0, 921, 1378, 1101, 203, 4.99%, 0, 0, 5, 1691.69
1572247186, 0, 921, 1379, 1102, 203, 4.99%, 0, 0, 5, 1641.46
1572247211, 0, 921, 1380, 1103, 203, 4.99%, 0, 0, 5, 1638.46
1572247373, 0, 922, 1380, 1102, 202, 4.99%, 0, 0, 5, 1709.34
1572247379, 0, 922, 1381, 1103, 202, 4.99%, 0, 0, 5, 1637.43
1572247404, 0, 922, 1382, 1104, 202, 4.99%, 0, 0, 5, 1635.14
1572247572, 0, 924, 1383, 1104, 201, 4.99%, 0, 0, 5, 1642.62
1572247597, 0, 924, 1384, 1105, 201, 4.99%, 0, 0, 5, 1648.19
1572247764, 0, 925, 1385, 1105, 200, 4.99%, 0, 0, 5, 1704.24
1572247795, 0, 925, 1386, 1106, 200, 4.99%, 0, 0, 5, 1642.12
1572247967, 0, 927, 1386, 1105, 199, 4.99%, 0, 0, 5, 1580.16
1572248028, 0, 927, 1387, 1106, 199, 4.99%, 0, 0, 5, 1556.70
1572248038, 0, 927, 1389, 1108, 199, 4.99%, 0, 0, 5, 1545.65
1572248155, 0, 927, 1390, 1109, 199, 4.99%, 0, 0, 5, 1554.28
1572248185, 0, 928, 1391, 1109, 198, 4.99%, 0, 0, 5, 1627.75
1572248236, 0, 928, 1392, 1110, 198, 4.99%, 0, 0, 5, 1696.32
1572248347, 0, 929, 1392, 1109, 197, 4.99%, 0, 0, 5, 1627.52
1572248555, 0, 930, 1392, 1108, 196, 4.99%, 0, 0, 5, 1585.40
1572248763, 0, 931, 1393, 1108, 195, 4.99%, 0, 0, 5, 1600.20
1572248778, 0, 931, 1394, 1109, 195, 5.00%, 0, 0, 5, 1549.41
1572248976, 0, 934, 1394, 1108, 195, 5.00%, 0, 0, 5, 1671.92
1572249082, 0, 936, 1394, 1107, 194, 5.00%, 0, 0, 5, 1726.89
1572249113, 0, 936, 1395, 1108, 194, 5.00%, 0, 0, 5, 1765.59
1572249184, 0, 939, 1395, 1107, 193, 5.00%, 0, 0, 5, 1489.59
1572249219, 0, 939, 1396, 1108, 193, 5.00%, 0, 0, 5, 1366.19
1572249366, 0, 939, 1397, 1109, 193, 5.00%, 0, 0, 5, 1412.30
1572249544, 0, 940, 1397, 1108, 193, 5.00%, 0, 0, 5, 1515.24
1572249584, 0, 940, 1398, 1109, 193, 5.00%, 0, 0, 5, 1443.86
1572249889, 0, 944, 1399, 1109, 192, 5.00%, 0, 0, 5, 1513.81
1572249924, 0, 944, 1400, 1110, 192, 5.00%, 0, 0, 5, 1461.22
1572249929, 0, 944, 1401, 1111, 192, 5.00%, 0, 0, 5, 1437.92
1572250213, 0, 948, 1401, 1110, 191, 5.00%, 0, 0, 5, 2940.89
1572250347, 0, 950, 1401, 1109, 190, 5.00%, 0, 0, 5, 2939.42
1572250485, 0, 952, 1401, 1108, 189, 5.00%, 0, 0, 5, 2993.61
1572250506, 0, 952, 1403, 1110, 189, 5.00%, 0, 0, 5, 3073.33
1572250624, 0, 953, 1403, 1109, 189, 5.00%, 0, 0, 5, 3095.06
1572250639, 0, 953, 1405, 1111, 189, 5.00%, 0, 0, 5, 3076.34
1572250757, 0, 954, 1405, 1110, 189, 5.00%, 0, 0, 5, 3122.39
1572250773, 0, 954, 1406, 1111, 189, 5.00%, 0, 0, 5, 3079.48
1572250778, 0, 954, 1407, 1112, 189, 5.00%, 0, 0, 5, 3042.14
1572250896, 0, 955, 1408, 1112, 189, 5.00%, 0, 0, 5, 3096.36
1572250911, 0, 955, 1410, 1114, 189, 5.00%, 0, 0, 5, 3089.13
1572251030, 0, 968, 1411, 1114, 190, 5.00%, 0, 0, 5, 3007.89
1572251184, 0, 971, 1412, 1114, 190, 5.00%, 0, 0, 5, 2937.63
1572251199, 0, 971, 1413, 1115, 190, 5.00%, 0, 0, 5, 2886.99
1572251220, 0, 971, 1414, 1116, 190, 5.00%, 0, 0, 5, 2911.00
1572251332, 0, 975, 1415, 1116, 190, 5.00%, 0, 0, 5, 2937.97
1572251353, 0, 975, 1418, 1119, 190, 5.00%, 0, 0, 5, 2841.73
1572251517, 0, 976, 1419, 1119, 189, 5.00%, 0, 0, 5, 2863.08
1572251532, 0, 976, 1420, 1120, 189, 5.00%, 0, 0, 5, 2835.51
1572251695, 0, 980, 1420, 1119, 189, 5.00%, 0, 0, 5, 2969.39
1572251716, 0, 980, 1421, 1120, 189, 5.00%, 0, 0, 5, 2924.92
1572251854, 0, 985, 1422, 1120, 188, 5.00%, 0, 0, 5, 2894.89
1572251870, 0, 985, 1423, 1121, 188, 5.00%, 0, 0, 5, 2865.02
1572252022, 0, 986, 1423, 1120, 188, 5.00%, 0, 0, 5, 2991.28
1572252043, 0, 986, 1425, 1122, 188, 5.00%, 0, 0, 5, 2876.09
1572252197, 0, 997, 1425, 1121, 189, 5.00%, 0, 0, 5, 2901.08
1572252233, 0, 997, 1428, 1124, 189, 5.00%, 0, 0, 5, 2871.67
1572252264, 0, 997, 1431, 1127, 189, 5.00%, 0, 0, 5, 2872.67
1572252340, 0, 1001, 1431, 1126, 189, 5.00%, 0, 0, 5, 2986.48
1572252345, 0, 1001, 1432, 1127, 189, 5.00%, 0, 0, 5, 2835.76
1572252493, 0, 1003, 1432, 1126, 189, 5.00%, 0, 0, 5, 2878.79
1572252565, 0, 1003, 1433, 1127, 189, 5.00%, 0, 0, 5, 2852.70
1572252575, 0, 1003, 1434, 1128, 189, 5.00%, 0, 0, 5, 2910.96
1572252636, 0, 1003, 1436, 1130, 189, 5.00%, 0, 0, 5, 2876.65
1572252647, 0, 1005, 1436, 1129, 188, 5.00%, 0, 0, 5, 2790.17
1572252841, 0, 1006, 1436, 1128, 187, 5.00%, 0, 0, 5, 2766.20
1572252861, 0, 1006, 1437, 1129, 187, 5.00%, 0, 0, 5, 2676.67
1572252928, 0, 1006, 1438, 1130, 187, 5.00%, 0, 0, 5, 2689.05
1572253035, 0, 1007, 1438, 1129, 187, 5.00%, 0, 0, 5, 2795.71
1572253056, 0, 1007, 1439, 1130, 187, 5.00%, 0, 0, 5, 2676.18
1572253122, 0, 1007, 1440, 1131, 187, 5.00%, 0, 0, 5, 2660.35
1572253229, 0, 1009, 1440, 1130, 187, 5.00%, 0, 0, 5, 2752.96
1572253250, 0, 1009, 1441, 1131, 187, 5.00%, 0, 0, 5, 2657.16
1572253321, 0, 1009, 1442, 1132, 187, 5.01%, 0, 0, 5, 2663.36
1572253429, 0, 1012, 1442, 1131, 187, 5.01%, 0, 0, 5, 2781.03
1572253667, 0, 1013, 1442, 1130, 186, 5.01%, 0, 0, 5, 1627.76
1572253703, 0, 1013, 1443, 1131, 186, 5.01%, 0, 0, 5, 1470.84
1572253967, 0, 1015, 1443, 1130, 185, 5.01%, 0, 0, 5, 1570.20
1572254002, 0, 1015, 1444, 1131, 185, 5.01%, 0, 0, 5, 1486.09
1572254109, 0, 1015, 1445, 1132, 185, 5.01%, 0, 0, 5, 1473.79
1572254129, 0, 1015, 1446, 1133, 185, 5.01%, 0, 0, 5, 1478.65
1572254271, 0, 1018, 1447, 1133, 185, 5.01%, 0, 0, 5, 1523.93
1572254281, 0, 1018, 1450, 1136, 185, 5.01%, 0, 0, 5, 1144.04
1572254317, 0, 1018, 1454, 1140, 185, 5.01%, 0, 0, 5, 1162.37
1572254322, 0, 1018, 1466, 1152, 185, 5.03%, 0, 0, 5, 1149.44
1572254327, 0, 1018, 1467, 1153, 185, 5.03%, 0, 0, 5, 1124.72
1572254372, 0, 1018, 1470, 1156, 185, 5.03%, 0, 0, 5, 1133.27
1572254423, 0, 1018, 1472, 1158, 185, 5.03%, 0, 0, 5, 1158.43
1572254428, 0, 1018, 1473, 1159, 185, 5.03%, 0, 0, 5, 1142.20
1572254438, 0, 1018, 1475, 1161, 185, 5.03%, 0, 0, 5, 1207.83
1572254458, 0, 1018, 1476, 1162, 185, 5.05%, 0, 0, 5, 1228.83
1572254468, 0, 1018, 1478, 1164, 185, 5.05%, 0, 0, 5, 1206.45
1572254473, 0, 1018, 1482, 1168, 185, 5.05%, 0, 0, 5, 148.38
1572254478, 0, 1018, 1483, 1169, 185, 5.06%, 0, 0, 5, 1120.34
1572254499, 0, 1018, 1484, 1170, 185, 5.06%, 0, 0, 5, 1185.34
1572254681, 0, 1018, 1485, 1171, 185, 5.06%, 0, 0, 5, 1220.64
1572254727, 0, 1019, 1485, 1170, 197, 5.06%, 0, 0, 5, 1398.60
1572254762, 0, 1019, 1487, 1172, 197, 5.06%, 0, 0, 5, 1343.51
1572255052, 0, 1021, 1487, 1171, 197, 5.06%, 0, 0, 5, 1526.22
1572255179, 0, 1021, 1488, 1172, 197, 5.06%, 0, 0, 5, 1366.64
1572255377, 0, 1027, 1489, 1172, 197, 5.06%, 0, 0, 5, 1533.45
1572255509, 0, 1027, 1490, 1173, 197, 5.06%, 0, 0, 5, 1386.21
1572255696, 0, 1028, 1491, 1173, 197, 5.06%, 0, 0, 5, 1464.65
1572255833, 0, 1028, 1492, 1174, 197, 5.06%, 0, 0, 5, 1355.56
1572256026, 0, 1035, 1492, 1173, 197, 5.06%, 0, 0, 5, 1521.91
1572256066, 0, 1035, 1493, 1174, 197, 5.07%, 0, 0, 5, 1518.30
1572256289, 0, 1035, 1494, 1175, 197, 5.07%, 0, 0, 5, 1539.26
1572256315, 0, 1039, 1495, 1175, 197, 5.07%, 0, 0, 5, 1536.34
1572256477, 0, 1039, 1496, 1176, 197, 5.07%, 0, 0, 5, 984.70
1572256644, 0, 1040, 1497, 1176, 197, 5.07%, 0, 0, 5, 1549.44
1572256781, 0, 1040, 1498, 1177, 197, 5.07%, 0, 0, 5, 1412.26
1572256801, 0, 1040, 1499, 1178, 197, 5.07%, 0, 0, 5, 1561.49
1572256898, 0, 1041, 1500, 1178, 198, 5.07%, 0, 0, 5, 2761.61
1572256965, 0, 1041, 1501, 1179, 198, 5.07%, 0, 0, 5, 2709.77
1572257062, 0, 1042, 1502, 1179, 197, 5.07%, 0, 0, 5, 2821.74
1572257108, 0, 1042, 1503, 1180, 197, 5.07%, 0, 0, 5, 2625.11
1572257134, 0, 1042, 1504, 1181, 197, 5.07%, 0, 0, 5, 2635.74
1572257231, 0, 1044, 1504, 1180, 196, 5.07%, 0, 0, 5, 2809.35
1572257236, 0, 1044, 1505, 1181, 196, 5.07%, 0, 0, 5, 2786.51
1572257303, 0, 1044, 1506, 1182, 196, 5.07%, 0, 0, 5, 2803.46
1572257394, 0, 1045, 1506, 1181, 196, 5.07%, 0, 0, 5, 2799.34
1572257415, 0, 1045, 1507, 1182, 196, 5.07%, 0, 0, 5, 2645.33
1572257436, 0, 1045, 1508, 1183, 196, 5.07%, 0, 0, 5, 2650.68
1572257487, 0, 1045, 1509, 1184, 196, 5.07%, 0, 0, 5, 2476.84
1572257563, 0, 1046, 1510, 1184, 195, 5.07%, 0, 0, 5, 2876.63
1572257584, 0, 1046, 1514, 1188, 195, 5.07%, 0, 0, 5, 2731.15
1572257604, 0, 1046, 1515, 1189, 195, 5.07%, 0, 0, 5, 2746.80
1572257645, 0, 1046, 1518, 1192, 195, 5.07%, 0, 0, 5, 2732.32
1572257727, 0, 1048, 1518, 1191, 194, 5.07%, 0, 0, 5, 2860.53
1572257900, 0, 1050, 1519, 1191, 193, 5.07%, 0, 0, 5, 2764.90
1572257982, 0, 1050, 1520, 1192, 193, 5.07%, 0, 0, 5, 2544.78
1572258069, 0, 1056, 1521, 1192, 193, 5.07%, 0, 0, 5, 2665.29
1572258084, 0, 1056, 1523, 1194, 193, 5.08%, 0, 0, 5, 2223.19
1572258089, 0, 1056, 1524, 1195, 193, 5.08%, 0, 0, 5, 2224.25
1572258094, 0, 1056, 1527, 1198, 193, 5.08%, 0, 0, 5, 2285.17
1572258166, 0, 1056, 1528, 1199, 193, 5.08%, 0, 0, 5, 2364.01
1572258182, 0, 1056, 1529, 1200, 193, 5.08%, 0, 0, 5, 2356.34
1572258299, 0, 1059, 1529, 1199, 194, 5.08%, 0, 0, 5, 2696.62
1572258319, 0, 1059, 1531, 1201, 194, 5.08%, 0, 0, 5, 2679.62
1572258371, 0, 1059, 1532, 1202, 194, 5.08%, 0, 0, 5, 2697.67
1572258467, 0, 1063, 1532, 1201, 193, 5.08%, 0, 0, 5, 2682.21
1572258488, 0, 1063, 1533, 1202, 193, 5.08%, 0, 0, 5, 2626.46
1572258539, 0, 1063, 1534, 1203, 193, 5.08%, 0, 0, 5, 2634.54
1572258621, 0, 1063, 1535, 1204, 193, 5.08%, 0, 0, 5, 2663.66
1572258637, 0, 1064, 1535, 1203, 193, 5.08%, 0, 0, 5, 2808.50
1572258795, 0, 1072, 1535, 1202, 192, 5.08%, 0, 0, 5, 2719.27
1572258985, 0, 1073, 1535, 1201, 191, 5.08%, 0, 0, 5, 2824.39
1572259010, 0, 1073, 1536, 1202, 191, 5.08%, 0, 0, 5, 2674.35
1572259179, 0, 1076, 1536, 1201, 190, 5.08%, 0, 0, 5, 2876.26
1572259261, 0, 1076, 1537, 1202, 190, 5.08%, 0, 0, 5, 2923.47
1572259333, 0, 1078, 1537, 1201, 189, 5.08%, 0, 0, 5, 2919.92
1572259511, 0, 1081, 1537, 1200, 188, 5.08%, 0, 0, 5, 3209.88
1572259516, 0, 1082, 1537, 1199, 187, 5.08%, 0, 0, 5, 3094.54
1572259629, 0, 1084, 1539, 1200, 186, 5.09%, 0, 0, 5, 3237.85
1572259634, 0, 1085, 1539, 1199, 187, 5.09%, 0, 0, 5, 3278.45
1572259639, 0, 1086, 1541, 1200, 186, 5.09%, 0, 0, 5, 3334.83
1572259644, 0, 1087, 1541, 1199, 186, 5.09%, 0, 0, 5, 3316.92
1572259649, 0, 1088, 1541, 1198, 185, 5.09%, 0, 0, 5, 3372.64
1572259655, 0, 1089, 1541, 1197, 184, 5.09%, 0, 0, 5, 3338.69
1572259660, 0, 1090, 1541, 1196, 183, 5.09%, 0, 0, 5, 3332.70
1572259665, 0, 1091, 1541, 1195, 182, 5.09%, 0, 0, 5, 3353.11
1572259670, 0, 1092, 1541, 1194, 181, 5.09%, 0, 0, 5, 3396.90
1572259675, 0, 1093, 1541, 1193, 180, 5.09%, 0, 0, 5, 3358.92
1572259680, 0, 1094, 1541, 1192, 179, 5.09%, 0, 0, 5, 3318.03
1572259685, 0, 1096, 1543, 1192, 179, 5.09%, 0, 0, 5, 3263.43
1572259690, 0, 1098, 1547, 1194, 177, 5.10%, 0, 0, 5, 3222.27
1572259695, 0, 1098, 1552, 1199, 177, 5.11%, 0, 0, 5, 3178.15
1572259700, 0, 1105, 1554, 1199, 178, 5.11%, 0, 0, 5, 3229.01
1572259705, 0, 1106, 1554, 1198, 177, 5.11%, 0, 0, 5, 3226.52
1572259710, 0, 1107, 1554, 1197, 176, 5.11%, 0, 0, 5, 3177.81
1572259716, 0, 1109, 1554, 1196, 175, 5.11%, 0, 0, 5, 3259.31
1572259721, 0, 1111, 1554, 1195, 174, 5.11%, 0, 0, 5, 3264.19
1572259726, 0, 1113, 1554, 1194, 173, 5.11%, 0, 0, 5, 2996.21
1572259884, 0, 1123, 1554, 1193, 172, 5.11%, 0, 0, 5, 2856.24
1572259915, 0, 1123, 1555, 1194, 172, 5.11%, 0, 0, 5, 2778.45
1572259972, 0, 1131, 1557, 1195, 171, 5.11%, 0, 0, 5, 2829.61
1572260099, 0, 1132, 1557, 1194, 170, 5.11%, 0, 0, 5, 2385.47
1572260236, 0, 1134, 1557, 1193, 169, 5.11%, 0, 0, 5, 1412.35
1572260312, 0, 1139, 1557, 1192, 168, 5.11%, 0, 0, 5, 1550.44
1572260338, 0, 1139, 1558, 1193, 168, 5.12%, 0, 0, 5, 1523.11
1572260444, 0, 1140, 1559, 1193, 168, 5.12%, 0, 0, 5, 1522.53
1572260465, 0, 1140, 1560, 1194, 168, 5.12%, 0, 0, 5, 1499.96
1572260576, 0, 1141, 1560, 1193, 169, 5.12%, 0, 0, 5, 1461.03
1572260602, 0, 1141, 1561, 1194, 169, 5.13%, 0, 0, 5, 1489.18
1572260622, 0, 1141, 1562, 1195, 169, 5.13%, 0, 0, 5, 1504.29
1572260708, 0, 1142, 1562, 1194, 170, 5.13%, 0, 0, 5, 1500.20
1572260733, 0, 1142, 1563, 1195, 170, 5.13%, 0, 0, 5, 1521.90
1572260840, 0, 1144, 1564, 1195, 170, 5.13%, 0, 0, 5, 1589.54
1572260881, 0, 1145, 1564, 1194, 170, 5.13%, 0, 0, 5, 1533.55
1572261007, 0, 1145, 1565, 1195, 170, 5.13%, 0, 0, 5, 1496.30
1572261012, 0, 1146, 1565, 1194, 169, 5.13%, 0, 0, 5, 1598.60
1572261048, 0, 1147, 1565, 1193, 168, 5.13%, 0, 0, 5, 1629.83
1572261058, 0, 1149, 1568, 1195, 167, 5.14%, 0, 0, 5, 1668.64
1572261063, 0, 1149, 1569, 1196, 167, 5.14%, 0, 0, 5, 1661.39
1572261068, 0, 1149, 1573, 1200, 167, 5.15%, 0, 0, 5, 1662.87
1572261098, 0, 1150, 1573, 1199, 174, 5.15%, 0, 0, 5, 1548.78
1572261225, 0, 1151, 1573, 1198, 173, 5.15%, 0, 0, 5, 1538.04
1572261356, 0, 1152, 1573, 1197, 172, 5.15%, 0, 0, 5, 1498.90
1572261484, 0, 1154, 1573, 1196, 171, 5.15%, 0, 0, 5, 1507.62
1572261610, 0, 1155, 1573, 1195, 170, 5.15%, 0, 0, 5, 1509.77
1572261742, 0, 1157, 1573, 1194, 169, 5.15%, 0, 0, 5, 1510.92
1572261869, 0, 1160, 1573, 1193, 168, 5.15%, 0, 0, 5, 1531.38
1572262001, 0, 1163, 1573, 1192, 167, 5.15%, 0, 0, 5, 1545.50
1572262042, 0, 1166, 1573, 1191, 166, 5.15%, 0, 0, 5, 1621.49
1572262082, 0, 1168, 1573, 1190, 165, 5.15%, 0, 0, 5, 1605.15
1572262123, 0, 1169, 1573, 1189, 164, 5.15%, 0, 0, 5, 1595.81
1572262168, 0, 1171, 1573, 1188, 163, 5.15%, 0, 0, 5, 1579.65
1572262189, 0, 1174, 1573, 1187, 162, 5.15%, 0, 0, 5, 1520.22
1572262230, 0, 1174, 1574, 1188, 162, 5.15%, 0, 0, 5, 1468.02
1572262544, 0, 1179, 1574, 1187, 162, 5.15%, 0, 0, 5, 1501.78
1572262579, 0, 1179, 1575, 1188, 162, 5.15%, 0, 0, 5, 1437.60
1572262584, 0, 1179, 1577, 1190, 162, 5.15%, 0, 0, 5, 1430.48
1572262686, 0, 1179, 1578, 1191, 162, 5.15%, 0, 0, 5, 1437.30
1572262893, 0, 1187, 1578, 1190, 162, 5.15%, 0, 0, 5, 1549.96
1572263273, 0, 1190, 1578, 1189, 161, 5.15%, 0, 0, 5, 1522.95
1572263313, 0, 1190, 1579, 1190, 161, 5.15%, 0, 0, 5, 1340.83
1572263592, 0, 1191, 1579, 1189, 160, 5.15%, 0, 0, 5, 2811.38
1572263613, 0, 1191, 1580, 1190, 160, 5.15%, 0, 0, 5, 2704.09
1572263659, 0, 1191, 1581, 1191, 160, 5.15%, 0, 0, 5, 2655.85
1572263781, 0, 1193, 1581, 1190, 161, 5.15%, 0, 0, 5, 2863.79
1572263802, 0, 1193, 1582, 1191, 161, 5.15%, 0, 0, 5, 2677.95
1572263976, 0, 1195, 1582, 1190, 160, 5.15%, 0, 0, 5, 2711.77
1572263992, 0, 1195, 1583, 1191, 160, 5.15%, 0, 0, 5, 2638.37
1572264166, 0, 1196, 1583, 1190, 159, 5.15%, 0, 0, 5, 2864.32
1572264314, 0, 1198, 1583, 1189, 158, 5.15%, 0, 0, 5, 2989.81
1572264334, 0, 1198, 1584, 1190, 158, 5.15%, 0, 0, 5, 2697.16
1572264509, 0, 1200, 1585, 1190, 157, 5.15%, 0, 0, 5, 2784.79
1572264529, 0, 1200, 1586, 1191, 157, 5.15%, 0, 0, 5, 2718.87
1572264698, 0, 1202, 1586, 1190, 156, 5.15%, 0, 0, 5, 3288.62
1572264703, 0, 1203, 1587, 1190, 156, 5.16%, 0, 0, 5, 3111.70
1572264770, 0, 1204, 1588, 1190, 155, 5.16%, 0, 0, 5, 2943.52
1572264903, 0, 1205, 1588, 1189, 155, 5.16%, 0, 0, 5, 2971.33
1572264923, 0, 1205, 1589, 1190, 155, 5.16%, 0, 0, 5, 2885.82
1572265041, 0, 1206, 1589, 1189, 155, 5.16%, 0, 0, 5, 3060.13
1572265061, 0, 1207, 1590, 1189, 154, 5.16%, 0, 0, 5, 2826.04
1572265143, 0, 1207, 1591, 1190, 154, 5.16%, 0, 0, 5, 2612.51
1572265256, 0, 1208, 1591, 1189, 153, 5.16%, 0, 0, 5, 2695.04
1572265440, 0, 1210, 1591, 1188, 152, 5.16%, 0, 0, 5, 2823.97
1572265461, 0, 1210, 1592, 1189, 152, 5.16%, 0, 0, 5, 2702.40
1572265625, 0, 1212, 1592, 1188, 152, 5.16%, 0, 0, 5, 2815.33
1572265722, 0, 1212, 1593, 1189, 152, 5.16%, 0, 0, 5, 2778.38
1572265814, 0, 1213, 1593, 1188, 153, 5.16%, 0, 0, 5, 2936.58
1572265835, 0, 1213, 1594, 1189, 153, 5.16%, 0, 0, 5, 2988.36
1572265876, 0, 1213, 1595, 1190, 153, 5.16%, 0, 0, 5, 3007.11
1572265947, 0, 1216, 1595, 1189, 153, 5.16%, 0, 0, 5, 2838.10
1572266101, 0, 1217, 1595, 1188, 152, 5.16%, 0, 0, 5, 3126.48
1572266152, 0, 1218, 1596, 1188, 151, 5.16%, 0, 0, 6, 3320.14
1572266158, 0, 1218, 1608, 1200, 151, 5.19%, 0, 0, 6, 3285.83
1572266163, 0, 1218, 1609, 1201, 151, 5.19%, 0, 0, 6, 3238.98
1572266168, 0, 1225, 1618, 1208, 160, 5.24%, 0, 0, 6, 3260.82
1572266173, 0, 1225, 1630, 1220, 160, 5.30%, 0, 0, 6, 3293.51
1572266178, 0, 1225, 1640, 1230, 160, 5.35%, 0, 0, 6, 3255.22
1572266183, 0, 1227, 1641, 1230, 176, 5.35%, 0, 0, 6, 3334.38
1572266188, 0, 1228, 1641, 1229, 175, 5.35%, 0, 0, 6, 3328.17
1572266193, 0, 1229, 1641, 1228, 174, 5.35%, 0, 0, 6, 3305.30
1572266198, 0, 1230, 1641, 1227, 173, 5.35%, 0, 0, 6, 3298.34
1572266203, 0, 1231, 1641, 1226, 172, 5.35%, 0, 0, 6, 3317.41
1572266209, 0, 1233, 1641, 1224, 170, 5.35%, 0, 0, 6, 3333.41
1572266214, 0, 1240, 1642, 1223, 169, 5.40%, 0, 0, 6, 3257.21
1572266234, 0, 1240, 1643, 1224, 169, 5.40%, 0, 0, 6, 2890.16
1572266387, 0, 1267, 1644, 1224, 168, 5.40%, 0, 0, 6, 2830.68
1572266408, 0, 1267, 1645, 1225, 168, 5.40%, 0, 0, 6, 2351.22
1572266474, 0, 1267, 1646, 1226, 168, 5.40%, 0, 0, 6, 2351.12
1572266607, 0, 1272, 1646, 1225, 166, 5.40%, 0, 0, 6, 2644.85
1572266627, 0, 1272, 1647, 1226, 166, 5.40%, 0, 0, 6, 2606.96
1572266806, 0, 1278, 1648, 1226, 166, 5.40%, 0, 0, 6, 2670.90
1572266827, 0, 1278, 1650, 1228, 166, 5.40%, 0, 0, 6, 2431.11
1572266832, 0, 1278, 1653, 1231, 166, 5.40%, 0, 0, 6, 2434.22
1572266857, 0, 1278, 1654, 1232, 166, 5.40%, 0, 0, 6, 2438.42
1572266919, 0, 1278, 1655, 1233, 166, 5.40%, 0, 0, 6, 1343.57
1572267167, 0, 1281, 1655, 1232, 168, 5.40%, 0, 0, 6, 1239.89
1572267218, 0, 1281, 1658, 1235, 168, 5.40%, 0, 0, 6, 1028.63
1572267279, 0, 1281, 1659, 1236, 168, 5.40%, 0, 0, 6, 1016.25
1572267375, 0, 1281, 1660, 1237, 168, 5.40%, 0, 0, 6, 985.48
1572267557, 0, 1281, 1662, 1239, 168, 5.40%, 0, 0, 6, 1168.38
1572267639, 0, 1281, 1663, 1240, 168, 5.40%, 0, 0, 6, 1036.08
1572267669, 0, 1282, 1663, 1239, 170, 5.40%, 0, 0, 6, 1353.43
1572268064, 0, 1289, 1663, 1238, 169, 5.40%, 0, 0, 6, 1378.15
1572268474, 0, 1295, 1664, 1238, 168, 5.40%, 0, 0, 6, 1409.77
1572268783, 0, 1295, 1665, 1239, 168, 5.40%, 0, 0, 6, 1336.37
1572268869, 0, 1296, 1665, 1238, 167, 5.40%, 0, 0, 6, 1490.95
1572268910, 0, 1296, 1666, 1239, 167, 5.40%, 0, 0, 6, 1346.42
1572269047, 0, 1296, 1667, 1240, 167, 5.40%, 0, 0, 6, 928.78
1572269266, 0, 1302, 1668, 1240, 166, 5.40%, 0, 0, 6, 1448.77
1572269301, 0, 1302, 1669, 1241, 166, 5.41%, 0, 0, 6, 1370.53
1572269418, 0, 1302, 1670, 1242, 166, 5.41%, 0, 0, 6, 1357.47
1572269652, 0, 1306, 1670, 1241, 167, 5.41%, 0, 0, 6, 1517.68
1572270028, 0, 1306, 1671, 1242, 167, 5.41%, 0, 0, 6, 1291.92
1572270054, 0, 1311, 1672, 1242, 167, 5.41%, 0, 0, 6, 1459.53
1572270099, 0, 1311, 1674, 1244, 167, 5.41%, 0, 0, 6, 1195.94
1572270424, 0, 1317, 1674, 1243, 166, 5.41%, 0, 0, 6, 2639.55
1572270583, 0, 1322, 1675, 1243, 166, 5.41%, 0, 0, 6, 2652.13
1572270787, 0, 1324, 1676, 1243, 166, 5.41%, 0, 0, 6, 2500.84
1572270904, 0, 1324, 1677, 1244, 166, 5.41%, 0, 0, 6, 2172.69
1572271041, 0, 1333, 1678, 1244, 166, 5.41%, 0, 0, 6, 2633.38
1572271062, 0, 1333, 1679, 1245, 166, 5.41%, 0, 0, 6, 2672.26
1572271235, 0, 1337, 1679, 1244, 166, 5.41%, 0, 0, 6, 2773.71
1572271261, 0, 1337, 1680, 1245, 166, 5.41%, 0, 0, 6, 2413.78
1572271455, 0, 1339, 1681, 1245, 165, 5.42%, 0, 0, 6, 2726.86
1572271645, 0, 1340, 1681, 1244, 164, 5.42%, 0, 0, 6, 2831.38
1572271660, 0, 1340, 1682, 1245, 164, 5.42%, 0, 0, 6, 2641.30
1572271670, 0, 1340, 1683, 1246, 164, 5.42%, 0, 0, 6, 2665.54
1572271742, 0, 1340, 1684, 1247, 164, 5.42%, 0, 0, 6, 2726.03
1572271798, 0, 1340, 1686, 1249, 164, 5.43%, 0, 0, 6, 2674.55
1572271834, 0, 1340, 1687, 1250, 164, 5.43%, 0, 0, 6, 2727.89
1572271839, 0, 1342, 1687, 1249, 168, 5.43%, 0, 0, 6, 2997.59
1572271973, 0, 1354, 1687, 1248, 167, 5.43%, 0, 0, 6, 3103.51
1572272101, 0, 1359, 1687, 1247, 166, 5.43%, 0, 0, 6, 3137.27
1572272235, 0, 1363, 1687, 1246, 165, 5.43%, 0, 0, 6, 3132.97
1572272250, 0, 1363, 1688, 1247, 165, 5.43%, 0, 0, 6, 3081.19
1572272368, 0, 1364, 1688, 1246, 164, 5.43%, 0, 0, 6, 3117.72
1572272384, 0, 1364, 1689, 1247, 164, 5.43%, 0, 0, 6, 3097.43
1572272497, 0, 1365, 1689, 1246, 163, 5.43%, 0, 0, 6, 3116.66
1572272518, 0, 1365, 1690, 1247, 163, 5.43%, 0, 0, 6, 3084.89
1572272631, 0, 1366, 1690, 1246, 162, 5.43%, 0, 0, 6, 3127.69
1572272647, 0, 1366, 1691, 1247, 162, 5.43%, 0, 0, 6, 3118.12
1572272760, 0, 1370, 1691, 1246, 161, 5.43%, 0, 0, 6, 3143.99
1572272770, 0, 1370, 1692, 1247, 161, 5.43%, 0, 0, 6, 3048.34
1572272877, 0, 1371, 1692, 1246, 161, 5.43%, 0, 0, 6, 3113.30
1572272975, 0, 1372, 1692, 1245, 160, 5.43%, 0, 0, 6, 3159.73
1572273068, 0, 1374, 1692, 1244, 159, 5.43%, 0, 0, 6, 3183.47
1572273165, 0, 1386, 1692, 1243, 158, 5.43%, 0, 0, 6, 3144.55
1572273267, 0, 1387, 1692, 1242, 157, 5.43%, 0, 0, 6, 3068.05
1572273374, 0, 1388, 1692, 1241, 156, 5.43%, 0, 0, 6, 3053.07
1572273482, 0, 1393, 1693, 1241, 155, 5.43%, 0, 0, 6, 2968.73
1572273487, 0, 1393, 1694, 1242, 155, 5.43%, 0, 0, 6, 2965.34
1572273594, 0, 1396, 1694, 1241, 155, 5.43%, 0, 0, 6, 2866.65
1572273615, 0, 1396, 1695, 1242, 155, 5.43%, 0, 0, 6, 2614.91
1572273889, 0, 1401, 1695, 1241, 155, 5.43%, 0, 0, 6, 1537.87
1572274159, 0, 1403, 1695, 1240, 154, 5.43%, 0, 0, 6, 1564.17
1572274427, 0, 1406, 1695, 1239, 153, 5.43%, 0, 0, 6, 1499.22
1572274463, 0, 1406, 1698, 1242, 153, 5.43%, 0, 0, 6, 1414.11
1572274787, 0, 1407, 1698, 1241, 152, 5.43%, 0, 0, 6, 1622.59
1572274818, 0, 1407, 1700, 1243, 152, 5.43%, 0, 0, 6, 1620.43
1572274929, 0, 1407, 1701, 1244, 152, 5.44%, 0, 0, 6, 1645.71
1572275041, 0, 1408, 1701, 1243, 152, 5.44%, 0, 0, 6, 1703.41
1572275309, 0, 1410, 1701, 1242, 151, 5.44%, 0, 0, 6, 1553.69
1572275345, 0, 1410, 1706, 1247, 151, 5.44%, 0, 0, 6, 1457.83
1572275350, 0, 1410, 1708, 1249, 151, 5.44%, 0, 0, 6, 1450.17
1572275385, 0, 1410, 1710, 1251, 151, 5.44%, 0, 0, 6, 1464.48
1572275431, 0, 1410, 1711, 1252, 151, 5.44%, 0, 0, 6, 1431.16
1572275461, 0, 1410, 1712, 1253, 151, 5.44%, 0, 0, 6, 1478.61
1572275628, 0, 1412, 1712, 1252, 150, 5.44%, 0, 0, 6, 1552.26
1572275704, 0, 1412, 1713, 1253, 150, 5.44%, 0, 0, 6, 1492.34
1572275917, 0, 1413, 1714, 1253, 149, 5.44%, 0, 0, 6, 1598.37
1572276039, 0, 1413, 1715, 1254, 149, 5.44%, 0, 0, 6, 1560.35
1572276069, 0, 1413, 1716, 1255, 149, 5.44%, 0, 0, 6, 1541.61
1572276181, 0, 1413, 1717, 1256, 149, 5.44%, 0, 0, 6, 1539.51
1572276206, 0, 1415, 1717, 1255, 148, 5.44%, 0, 0, 6, 1574.70
1572276469, 0, 1417, 1717, 1254, 147, 5.44%, 0, 0, 6, 1596.85
1572276724, 0, 1419, 1717, 1253, 146, 5.44%, 0, 0, 6, 1622.56
1572276992, 0, 1420, 1717, 1252, 145, 5.44%, 0, 0, 6, 1581.05
1572277023, 0, 1420, 1718, 1253, 145, 5.44%, 0, 0, 6, 1570.93
1572277230, 0, 1422, 1718, 1252, 144, 5.44%, 0, 0, 6, 2847.11
1572277400, 0, 1423, 1718, 1251, 143, 5.44%, 0, 0, 6, 2952.17
1572277538, 0, 1425, 1718, 1250, 142, 5.44%, 0, 0, 6, 2928.02
1572277680, 0, 1431, 1718, 1249, 141, 5.44%, 0, 0, 6, 3022.71
1572277803, 0, 1431, 1719, 1250, 141, 5.44%, 0, 0, 6, 2979.84
1572277813, 0, 1433, 1719, 1249, 141, 5.44%, 0, 0, 6, 3055.73
1572277896, 0, 1433, 1720, 1250, 141, 5.44%, 0, 0, 6, 2893.00
1572277967, 0, 1434, 1720, 1249, 141, 5.44%, 0, 0, 6, 2927.08
1572277987, 0, 1434, 1721, 1250, 141, 5.44%, 0, 0, 6, 2886.23
1572278090, 0, 1434, 1722, 1251, 141, 5.44%, 0, 0, 6, 2935.57
1572278120, 0, 1435, 1722, 1250, 141, 5.44%, 0, 0, 6, 2938.08
1572278157, 0, 1435, 1723, 1251, 141, 5.45%, 0, 0, 6, 2849.21
1572278274, 0, 1437, 1723, 1250, 141, 5.45%, 0, 0, 6, 2766.39
1572278289, 0, 1437, 1724, 1251, 141, 5.45%, 0, 0, 6, 2705.44
1572278294, 0, 1437, 1725, 1252, 141, 5.45%, 0, 0, 6, 2700.42
1572278463, 0, 1439, 1725, 1251, 140, 5.45%, 0, 0, 6, 2823.80
1572278483, 0, 1439, 1726, 1252, 140, 5.45%, 0, 0, 6, 2704.64
1572278550, 0, 1439, 1727, 1253, 140, 5.45%, 0, 0, 6, 2709.37
1572278652, 0, 1441, 1727, 1252, 140, 5.45%, 0, 0, 6, 2876.69
1572278673, 0, 1441, 1728, 1253, 140, 5.45%, 0, 0, 6, 2689.88
1572278847, 0, 1445, 1729, 1253, 139, 5.45%, 0, 0, 6, 2864.72
1572279005, 0, 1448, 1729, 1252, 139, 5.45%, 0, 0, 6, 2760.33
1572279031, 0, 1448, 1730, 1253, 139, 5.45%, 0, 0, 6, 2310.68
1572279210, 0, 1448, 1731, 1254, 139, 5.45%, 0, 0, 6, 2425.20
1572279230, 0, 1451, 1732, 1254, 140, 5.45%, 0, 0, 6, 2689.15
1572279400, 0, 1454, 1733, 1254, 140, 5.45%, 0, 0, 6, 2809.86
1572279425, 0, 1454, 1734, 1255, 140, 5.45%, 0, 0, 6, 2282.10
1572279629, 0, 1455, 1735, 1255, 140, 5.45%, 0, 0, 6, 2463.04
1572279675, 0, 1455, 1736, 1256, 140, 5.45%, 0, 0, 6, 2352.02
1572279726, 0, 1455, 1738, 1258, 140, 5.46%, 0, 0, 6, 2160.00
1572279853, 0, 1457, 1739, 1258, 141, 5.46%, 0, 0, 6, 2417.98
1572279874, 0, 1457, 1740, 1259, 141, 5.46%, 0, 0, 6, 2282.67
1572279956, 0, 1457, 1741, 1260, 141, 5.46%, 0, 0, 6, 2407.75
1572280058, 0, 1457, 1742, 1261, 141, 5.46%, 0, 0, 6, 2411.73
1572280078, 0, 1462, 1743, 1261, 142, 5.46%, 0, 0, 6, 2326.38
1572280108, 0, 1462, 1745, 1263, 142, 5.46%, 0, 0, 6, 476.16
1572280180, 0, 1462, 1747, 1265, 142, 5.46%, 0, 0, 6, 490.27
1572280186, 0, 1462, 1749, 1267, 142, 5.47%, 0, 0, 6, 585.74
1572280191, 0, 1462, 1750, 1268, 142, 5.47%, 0, 0, 6, 559.04
1572280458, 0, 1462, 1751, 1269, 142, 5.47%, 0, 0, 6, 582.65
1572281664, 0, 1463, 1752, 1269, 145, 5.47%, 0, 0, 6, 972.57
1572281816, 0, 1463, 1753, 1270, 145, 5.48%, 0, 0, 6, 1369.39
1572282004, 0, 1464, 1753, 1269, 145, 5.48%, 0, 0, 6, 1509.72
1572282040, 0, 1464, 1754, 1270, 145, 5.48%, 0, 0, 6, 1496.91
1572282135, 0, 1464, 1755, 1271, 145, 5.48%, 0, 0, 6, 1507.41
1572282303, 0, 1471, 1756, 1271, 144, 5.48%, 0, 0, 6, 1583.47
1572282780, 0, 1473, 1756, 1270, 143, 5.48%, 0, 0, 6, 1441.70
1572282942, 0, 1473, 1757, 1271, 143, 5.48%, 0, 0, 6, 1356.58
1572282957, 0, 1473, 1759, 1273, 143, 5.48%, 0, 0, 6, 771.01
1572283181, 0, 1482, 1759, 1272, 142, 5.48%, 0, 0, 6, 1390.00
1572283632, 0, 1488, 1759, 1271, 141, 5.48%, 0, 0, 6, 1492.53
1572283917, 0, 1490, 1759, 1270, 140, 5.48%, 0, 0, 6, 1499.44
1572284156, 0, 1492, 1759, 1269, 139, 5.48%, 0, 0, 6, 2955.06
1572284177, 0, 1492, 1760, 1270, 139, 5.48%, 0, 0, 6, 2941.05
1572284310, 0, 1495, 1761, 1270, 138, 5.48%, 0, 0, 6, 2943.31
1572284315, 0, 1495, 1762, 1271, 138, 5.48%, 0, 0, 6, 2672.72
1572284330, 0, 1495, 1763, 1272, 138, 5.48%, 0, 0, 6, 2621.43
1572284356, 0, 1495, 1764, 1273, 138, 5.48%, 0, 0, 6, 2628.86
1572284382, 0, 1495, 1765, 1274, 138, 5.48%, 0, 0, 6, 2659.87
1572284469, 0, 1495, 1766, 1275, 138, 5.48%, 0, 0, 6, 2701.79
1572284484, 0, 1496, 1766, 1274, 141, 5.48%, 0, 0, 6, 2866.32
1572284632, 0, 1498, 1766, 1273, 140, 5.48%, 0, 0, 6, 2816.38
1572284791, 0, 1499, 1766, 1272, 139, 5.48%, 0, 0, 6, 2934.65
1572284939, 0, 1501, 1766, 1271, 138, 5.48%, 0, 0, 6, 2904.84
1572285087, 0, 1504, 1766, 1270, 137, 5.48%, 0, 0, 6, 2971.01
1572285230, 0, 1516, 1766, 1269, 136, 5.48%, 0, 0, 6, 3023.25
1572285313, 0, 1516, 1767, 1270, 136, 5.48%, 0, 0, 6, 2808.15
1572285394, 0, 1517, 1767, 1269, 135, 5.48%, 0, 0, 6, 2828.84
1572285414, 0, 1517, 1768, 1270, 135, 5.48%, 0, 0, 6, 2798.72
1572285435, 0, 1517, 1769, 1271, 135, 5.48%, 0, 0, 6, 2801.68
1572285471, 0, 1517, 1771, 1273, 135, 5.48%, 0, 0, 6, 2790.66
1572285553, 0, 1522, 1772, 1273, 135, 5.48%, 0, 0, 6, 2537.20
1572285578, 0, 1522, 1775, 1276, 135, 5.48%, 0, 0, 6, 2257.98
1572285731, 0, 1522, 1776, 1277, 135, 5.49%, 0, 0, 6, 2373.54
1572285747, 0, 1522, 1777, 1278, 135, 5.49%, 0, 0, 6, 2351.04
1572285782, 0, 1524, 1777, 1277, 138, 5.49%, 0, 0, 6, 2612.54
1572285803, 0, 1524, 1784, 1284, 138, 5.49%, 0, 0, 6, 2589.74
1572285885, 0, 1524, 1785, 1285, 138, 5.49%, 0, 0, 6, 2626.01
1572285987, 0, 1532, 1785, 1284, 138, 5.49%, 0, 0, 6, 2718.46
1572286008, 0, 1532, 1788, 1287, 138, 5.49%, 0, 0, 6, 2536.81
1572286059, 0, 1532, 1789, 1288, 138, 5.49%, 0, 0, 6, 2602.04
1572286165, 0, 1533, 1791, 1289, 137, 5.49%, 0, 0, 6, 2689.47
1572286176, 0, 1533, 1793, 1291, 137, 5.49%, 0, 0, 6, 2630.38
1572286186, 0, 1533, 1795, 1293, 137, 5.49%, 0, 0, 6, 2647.08
1572286206, 0, 1533, 1796, 1294, 137, 5.49%, 0, 0, 6, 2642.15
1572286237, 0, 1533, 1797, 1295, 137, 5.49%, 0, 0, 6, 2655.53
1572286334, 0, 1536, 1797, 1294, 137, 5.49%, 0, 0, 6, 2883.71
1572286488, 0, 1537, 1797, 1293, 136, 5.49%, 0, 0, 6, 3082.14
1572286493, 0, 1538, 1800, 1295, 137, 5.49%, 0, 0, 6, 3237.94
1572286498, 0, 1540, 1800, 1294, 136, 5.49%, 0, 0, 6, 3295.34
1572286503, 0, 1544, 1801, 1292, 134, 5.49%, 0, 0, 6, 3230.84
1572286508, 0, 1550, 1816, 1306, 133, 5.53%, 0, 0, 6, 3137.52
1572286513, 0, 1553, 1822, 1310, 140, 5.54%, 0, 0, 6, 3101.93
1572286518, 0, 1553, 1835, 1323, 140, 5.55%, 0, 0, 6, 3109.23
1572286523, 0, 1553, 1838, 1326, 140, 5.56%, 0, 0, 6, 3110.96
1572286529, 0, 1557, 1838, 1325, 146, 5.56%, 0, 0, 6, 3085.62
1572286544, 0, 1557, 1839, 1326, 146, 5.56%, 0, 0, 6, 3030.95
1572286549, 0, 1558, 1839, 1325, 146, 5.56%, 0, 0, 6, 3062.07
1572286569, 0, 1559, 1839, 1324, 145, 5.56%, 0, 0, 6, 3082.92
1572286595, 0, 1560, 1839, 1323, 144, 5.56%, 0, 0, 6, 2949.01
1572286661, 0, 1562, 1839, 1322, 143, 5.56%, 0, 0, 6, 3018.47
1572286682, 0, 1563, 1839, 1321, 142, 5.56%, 0, 0, 6, 3087.55
1572286702, 0, 1565, 1839, 1320, 141, 5.56%, 0, 0, 6, 3108.67
1572286723, 0, 1566, 1839, 1319, 140, 5.56%, 0, 0, 6, 3093.33
1572286743, 0, 1567, 1839, 1318, 139, 5.56%, 0, 0, 6, 3091.75
1572286769, 0, 1568, 1839, 1317, 138, 5.56%, 0, 0, 6, 3102.74
1572286789, 0, 1569, 1839, 1316, 137, 5.56%, 0, 0, 6, 3109.97
1572286809, 0, 1570, 1839, 1315, 136, 5.56%, 0, 0, 6, 3126.32
1572286830, 0, 1571, 1839, 1314, 135, 5.56%, 0, 0, 6, 3117.38
1572286850, 0, 1572, 1839, 1313, 134, 5.56%, 0, 0, 6, 3100.44
1572286870, 0, 1573, 1839, 1312, 133, 5.56%, 0, 0, 6, 2904.97
1572287054, 0, 1574, 1839, 1311, 132, 5.56%, 0, 0, 6, 2848.74
1572287132, 0, 1574, 1841, 1313, 132, 5.56%, 0, 0, 6, 2785.12
1572287229, 0, 1580, 1841, 1312, 132, 5.56%, 0, 0, 6, 2831.34
1572287295, 0, 1580, 1842, 1313, 132, 5.56%, 0, 0, 6, 2887.66
1572287382, 0, 1587, 1847, 1316, 135, 5.58%, 0, 0, 6, 2997.30
1572287500, 0, 1588, 1848, 1316, 134, 5.58%, 0, 0, 6, 3016.83
1572287520, 0, 1588, 1849, 1317, 134, 5.58%, 0, 0, 6, 2896.35
1572287637, 0, 1591, 1849, 1316, 135, 5.58%, 0, 0, 6, 2849.84
1572287792, 0, 1592, 1849, 1315, 134, 5.58%, 0, 0, 6, 2798.28
1572287807, 0, 1592, 1850, 1316, 134, 5.58%, 0, 0, 6, 2714.73
1572287975, 0, 1594, 1853, 1318, 133, 5.58%, 0, 0, 6, 2936.85
1572287986, 0, 1594, 1857, 1322, 133, 5.58%, 0, 0, 6, 2935.02
1572287991, 0, 1594, 1858, 1323, 133, 5.58%, 0, 0, 6, 2922.28
1572287996, 0, 1594, 1859, 1324, 133, 5.58%, 0, 0, 6, 2922.88
1572288011, 0, 1594, 1860, 1325, 133, 5.58%, 0, 0, 6, 2978.04
1572288108, 0, 1595, 1860, 1324, 133, 5.58%, 0, 0, 6, 3159.43
1572288113, 0, 1596, 1861, 1324, 132, 5.58%, 0, 0, 7, 3304.75
1572288118, 0, 1597, 1866, 1328, 131, 5.58%, 0, 0, 7, 3353.59
1572288123, 0, 1597, 1869, 1331, 131, 5.59%, 0, 0, 7, 3304.57
1572288128, 0, 1598, 1876, 1337, 133, 5.59%, 0, 0, 7, 3335.98
1572288133, 0, 1601, 1879, 1338, 136, 5.60%, 0, 0, 7, 3250.72
1572288138, 0, 1602, 1881, 1339, 135, 5.60%, 0, 0, 7, 3294.09
1572288143, 0, 1603, 1882, 1339, 134, 5.60%, 0, 0, 7, 3347.47
1572288148, 0, 1604, 1883, 1339, 133, 5.60%, 0, 0, 7, 3357.61
1572288153, 0, 1605, 1883, 1338, 132, 5.60%, 0, 0, 7, 3371.94
1572288158, 0, 1607, 1884, 1338, 131, 5.60%, 0, 0, 7, 3346.71
1572288164, 0, 1607, 1889, 1343, 131, 5.60%, 0, 0, 7, 3210.56
1572288169, 0, 1610, 1889, 1342, 133, 5.60%, 0, 0, 7, 3236.15
1572288174, 0, 1611, 1889, 1341, 132, 5.60%, 0, 0, 7, 3320.11
1572288179, 0, 1613, 1889, 1340, 131, 5.60%, 0, 0, 7, 3335.56
1572288184, 0, 1614, 1890, 1340, 130, 5.60%, 0, 0, 7, 3344.33
1572288189, 0, 1615, 1891, 1340, 130, 5.60%, 0, 0, 7, 3345.85
1572288194, 0, 1617, 1891, 1339, 129, 5.60%, 0, 0, 7, 3374.26
1572288199, 0, 1618, 1891, 1338, 128, 5.60%, 0, 0, 7, 3375.11
1572288204, 0, 1621, 1892, 1338, 128, 5.61%, 0, 0, 7, 3355.16
1572288210, 0, 1622, 1893, 1338, 127, 5.61%, 0, 0, 7, 3352.21
1572288215, 0, 1625, 1897, 1341, 126, 5.64%, 0, 0, 7, 3184.23
1572288220, 0, 1625, 1900, 1344, 126, 5.64%, 0, 0, 7, 3198.18
1572288225, 0, 1626, 1903, 1346, 130, 5.65%, 0, 0, 7, 3222.43
1572288230, 0, 1632, 1904, 1346, 130, 5.65%, 0, 0, 7, 3269.30
1572288235, 0, 1635, 1907, 1348, 130, 5.69%, 0, 0, 7, 3326.36
1572288240, 0, 1635, 1922, 1363, 130, 5.72%, 0, 0, 7, 3243.95
1572288245, 0, 1635, 1930, 1371, 130, 5.72%, 0, 0, 7, 3220.35
1572288250, 0, 1637, 1933, 1373, 148, 5.73%, 0, 0, 7, 3291.21
1572288255, 0, 1640, 1933, 1372, 147, 5.73%, 0, 0, 7, 3318.85
1572288260, 0, 1641, 1934, 1372, 146, 5.76%, 0, 0, 7, 3350.11
1572288266, 0, 1642, 1934, 1371, 146, 5.76%, 0, 0, 7, 2997.20
1572288281, 0, 1642, 1935, 1372, 146, 5.76%, 0, 0, 7, 2876.86
1572288434, 0, 1645, 1935, 1371, 147, 5.76%, 0, 0, 7, 2975.54
1572288460, 0, 1645, 1938, 1374, 147, 5.76%, 0, 0, 7, 2510.52
1572288648, 0, 1646, 1940, 1375, 146, 5.76%, 0, 0, 7, 2742.84
1572288842, 0, 1648, 1940, 1374, 145, 5.76%, 0, 0, 7, 2831.55
1572288868, 0, 1648, 1943, 1377, 145, 5.76%, 0, 0, 7, 2508.88
1572289051, 0, 1651, 1943, 1376, 144, 5.76%, 0, 0, 7, 2793.80
1572289205, 0, 1658, 1943, 1375, 143, 5.76%, 0, 0, 7, 2761.15
1572289450, 0, 1668, 1943, 1374, 142, 5.76%, 0, 0, 7, 2608.31
1572289644, 0, 1669, 1943, 1373, 141, 5.76%, 0, 0, 7, 2809.07
1572289844, 0, 1670, 1943, 1372, 140, 5.76%, 0, 0, 7, 2759.88
1572289849, 0, 1670, 1944, 1373, 140, 5.76%, 0, 0, 7, 2363.08
1572289869, 0, 1670, 1945, 1374, 140, 5.76%, 0, 0, 7, 2368.96
1572290189, 0, 1674, 1945, 1373, 140, 5.76%, 0, 0, 7, 1430.10
1572290240, 0, 1674, 1947, 1375, 140, 5.76%, 0, 0, 7, 1109.46
1572290407, 0, 1674, 1948, 1376, 140, 5.76%, 0, 0, 7, 73.87
1572290656, 0, 1675, 1948, 1375, 139, 5.76%, 0, 0, 7, 1386.78
1572290722, 0, 1675, 1949, 1376, 139, 5.76%, 0, 0, 7, 761.79
1572290727, 0, 1675, 1950, 1377, 139, 5.76%, 0, 0, 7, 816.28
1572290732, 0, 1675, 1951, 1378, 139, 5.76%, 0, 0, 7, 806.96
1572290935, 0, 1675, 1952, 1379, 139, 5.76%, 0, 0, 7, 814.46
1572290970, 0, 1675, 1954, 1381, 139, 5.76%, 0, 0, 7, 105.26
1572291321, 0, 1677, 1954, 1380, 138, 5.76%, 0, 0, 7, 1209.34
1572291387, 0, 1677, 1955, 1381, 138, 5.76%, 0, 0, 7, 848.00
1572291392, 0, 1677, 1956, 1382, 138, 5.76%, 0, 0, 7, 879.24
1572291625, 0, 1677, 1957, 1383, 138, 5.76%, 0, 0, 7, 954.84
1572291904, 0, 1678, 1957, 1382, 137, 5.76%, 0, 0, 7, 1351.05
1572292097, 0, 1678, 1958, 1383, 137, 5.76%, 0, 0, 7, 1459.47
1572292284, 0, 1680, 1958, 1382, 136, 5.76%, 0, 0, 7, 1522.88
1572292659, 0, 1681, 1958, 1381, 135, 5.76%, 0, 0, 7, 1537.32
1572292963, 0, 1681, 1959, 1382, 135, 5.76%, 0, 0, 7, 1338.85
1572293039, 0, 1682, 1959, 1381, 134, 5.76%, 0, 0, 7, 1465.36
1572293419, 0, 1684, 1959, 1380, 133, 5.76%, 0, 0, 7, 1402.41
1572293718, 0, 1685, 1959, 1379, 132, 5.76%, 0, 0, 7, 2720.52
1572293815, 0, 1685, 1960, 1380, 132, 5.76%, 0, 0, 7, 2681.15
1572293912, 0, 1686, 1960, 1379, 132, 5.76%, 0, 0, 7, 2681.68
1572293932, 0, 1686, 1961, 1380, 132, 5.76%, 0, 0, 7, 2639.74
1572294004, 0, 1686, 1962, 1381, 132, 5.76%, 0, 0, 7, 2682.62
1572294101, 0, 1691, 1962, 1380, 132, 5.76%, 0, 0, 7, 2851.29
1572294203, 0, 1692, 1962, 1379, 131, 5.76%, 0, 0, 7, 3054.33
1572294213, 0, 1692, 1963, 1380, 131, 5.76%, 0, 0, 7, 3040.06
1572294311, 0, 1694, 1963, 1379, 130, 5.76%, 0, 0, 7, 3107.61
1572294336, 0, 1694, 1964, 1380, 130, 5.76%, 0, 0, 7, 2522.08
1572294510, 0, 1700, 1964, 1379, 129, 5.76%, 0, 0, 7, 3009.73
1572294526, 0, 1700, 1966, 1381, 129, 5.76%, 0, 0, 7, 3079.59
1572294644, 0, 1718, 1967, 1381, 129, 5.76%, 0, 0, 7, 2924.28
1572294665, 0, 1718, 1969, 1383, 129, 5.76%, 0, 0, 7, 2665.08
1572294726, 0, 1718, 1970, 1384, 129, 5.76%, 0, 0, 7, 2639.31
1572294843, 0, 1719, 1971, 1384, 132, 5.76%, 0, 0, 7, 2899.30
