# unix_time, cycles_done, cur_path, paths_total, pending_total, pending_favs, map_size, unique_crashes, unique_hangs, max_depth, execs_per_sec
1572533381, 0, 0, 1, 1, 1, 1.37%, 0, 0, 1, 2666.67
1572533386, 0, 0, 61, 61, 1, 1.79%, 0, 0, 2, 2924.07
1572533401, 0, 0, 179, 179, 1, 2.12%, 0, 0, 2, 2973.28
1572533406, 0, 0, 209, 209, 1, 2.25%, 0, 0, 2, 2973.43
1572533422, 0, 0, 219, 219, 1, 2.27%, 0, 0, 2, 2938.18
1572533442, 0, 0, 223, 223, 1, 2.31%, 0, 0, 2, 2778.41
1572533447, 0, 0, 252, 252, 1, 2.62%, 0, 0, 2, 2796.88
1572533452, 0, 0, 255, 255, 1, 2.62%, 0, 0, 2, 2791.07
1572533457, 0, 0, 266, 266, 1, 2.73%, 0, 0, 2, 2833.03
1572533463, 0, 0, 269, 269, 1, 2.74%, 0, 0, 2, 2816.88
1572533468, 0, 0, 271, 271, 1, 2.74%, 0, 0, 2, 2807.17
1572533473, 0, 0, 279, 279, 1, 2.75%, 0, 0, 2, 2805.83
1572533478, 0, 0, 282, 282, 1, 2.75%, 0, 0, 2, 2807.52
1572533483, 0, 0, 283, 283, 1, 2.75%, 0, 0, 2, 2834.43
1572533499, 0, 0, 284, 284, 1, 2.76%, 0, 0, 2, 2819.82
1572533519, 0, 0, 287, 287, 1, 2.76%, 0, 0, 2, 2803.47
1572533524, 0, 0, 288, 288, 1, 2.77%, 0, 0, 2, 2783.77
1572533529, 0, 0, 293, 293, 1, 2.81%, 0, 0, 2, 2786.83
1572533534, 0, 0, 295, 295, 1, 2.81%, 0, 0, 2, 2802.21
1572533539, 0, 0, 297, 297, 1, 2.81%, 0, 0, 2, 2791.36
1572533544, 0, 0, 298, 298, 1, 2.82%, 0, 0, 2, 2802.67
1572533549, 0, 0, 320, 320, 1, 2.84%, 0, 0, 2, 2904.84
1572533554, 0, 0, 339, 339, 1, 2.85%, 0, 0, 2, 3008.16
1572533559, 0, 1, 344, 343, 128, 2.87%, 0, 0, 2, 3156.75
1572533565, 0, 1, 355, 354, 128, 3.01%, 0, 0, 3, 3204.85
1572533570, 0, 1, 361, 360, 128, 3.07%, 0, 0, 3, 3232.21
1572533575, 0, 3, 363, 360, 139, 3.07%, 0, 0, 3, 3301.90
1572533580, 0, 7, 364, 358, 136, 3.07%, 0, 0, 3, 3283.53
1572533585, 0, 8, 366, 359, 136, 3.07%, 0, 0, 3, 2997.74
1572533754, 0, 9, 366, 358, 135, 3.07%, 0, 0, 3, 2792.48
1572533774, 0, 9, 374, 366, 135, 3.12%, 0, 0, 3, 2749.66
1572533850, 0, 9, 375, 367, 135, 3.12%, 0, 0, 3, 1456.36
1572533881, 0, 9, 376, 368, 135, 3.12%, 0, 0, 3, 1474.31
1572534058, 0, 9, 381, 373, 135, 3.13%, 0, 0, 3, 1551.27
1572534063, 0, 9, 384, 376, 135, 3.13%, 0, 0, 3, 1562.62
1572534069, 0, 9, 389, 381, 135, 3.14%, 0, 0, 3, 1596.66
1572534074, 0, 9, 393, 385, 135, 3.14%, 0, 0, 3, 1569.53
1572534079, 0, 11, 396, 387, 136, 3.14%, 0, 0, 3, 1501.78
1572534114, 0, 11, 416, 407, 136, 3.14%, 0, 0, 3, 1453.33
1572534119, 0, 11, 419, 410, 136, 3.14%, 0, 0, 3, 1433.23
1572534205, 0, 11, 421, 412, 136, 3.14%, 0, 0, 3, 1449.89
1572534357, 0, 11, 422, 413, 136, 3.14%, 0, 0, 3, 1469.04
1572534367, 0, 11, 424, 415, 136, 3.14%, 0, 0, 3, 1479.97
1572534408, 0, 11, 428, 419, 136, 3.15%, 0, 0, 3, 1523.66
1572534413, 0, 11, 431, 422, 136, 3.15%, 0, 0, 3, 1533.30
1572534418, 0, 11, 432, 423, 136, 3.15%, 0, 0, 3, 1834.60
1572534423, 0, 12, 433, 423, 138, 3.15%, 0, 0, 3, 2616.07
1572534495, 0, 12, 436, 426, 138, 3.16%, 0, 0, 3, 2728.27
1572534597, 0, 13, 438, 427, 139, 3.16%, 0, 0, 3, 2798.67
1572534618, 0, 13, 443, 432, 139, 3.16%, 0, 0, 3, 2682.93
1572534669, 0, 13, 445, 434, 139, 3.16%, 0, 0, 3, 2727.19
1572534750, 0, 13, 446, 435, 139, 3.16%, 0, 0, 3, 2722.11
1572534776, 0, 16, 446, 434, 141, 3.16%, 0, 0, 3, 2999.71
1572534889, 0, 17, 446, 433, 140, 3.16%, 0, 0, 3, 3084.03
1572534894, 0, 17, 450, 437, 140, 3.21%, 0, 0, 3, 2797.62
1572534904, 0, 17, 452, 439, 140, 3.21%, 0, 0, 3, 2705.60
1572534909, 0, 17, 457, 444, 140, 3.21%, 0, 0, 3, 2719.60
1572534914, 0, 17, 459, 446, 140, 3.22%, 0, 0, 3, 2709.37
1572534935, 0, 17, 460, 447, 140, 3.22%, 0, 0, 3, 2696.50
1572534961, 0, 17, 462, 449, 140, 3.22%, 0, 0, 3, 2718.31
1572535068, 0, 17, 464, 451, 140, 3.22%, 0, 0, 3, 2774.83
1572535073, 0, 17, 469, 456, 140, 3.22%, 0, 0, 3, 2952.77
1572535078, 0, 20, 475, 461, 150, 3.23%, 0, 0, 3, 2988.72
1572535129, 0, 20, 476, 462, 150, 3.23%, 0, 0, 3, 3161.46
1572535135, 0, 23, 476, 461, 151, 3.23%, 0, 0, 3, 3036.77
1572535140, 0, 23, 477, 462, 151, 3.23%, 0, 0, 3, 2959.69
1572535150, 0, 23, 478, 463, 151, 3.25%, 0, 0, 3, 2955.14
1572535160, 0, 23, 481, 466, 151, 3.25%, 0, 0, 3, 2947.45
1572535242, 0, 23, 487, 472, 151, 3.25%, 0, 0, 3, 3020.20
1572535247, 0, 23, 491, 476, 151, 3.30%, 0, 0, 3, 3006.22
1572535252, 0, 30, 492, 476, 146, 3.30%, 0, 0, 3, 3008.67
1572535334, 0, 31, 492, 475, 145, 3.30%, 0, 0, 3, 2916.50
1572535453, 0, 34, 492, 474, 144, 3.30%, 0, 0, 3, 2760.81
1572535468, 0, 34, 493, 475, 144, 3.30%, 0, 0, 3, 2703.38
1572535473, 0, 34, 494, 476, 144, 3.30%, 0, 0, 3, 2702.91
1572535494, 0, 34, 495, 477, 144, 3.30%, 0, 0, 3, 2704.08
1572535530, 0, 34, 496, 478, 144, 3.30%, 0, 0, 3, 2740.63
1572535545, 0, 34, 498, 480, 144, 3.30%, 0, 0, 3, 2702.80
1572535622, 0, 52, 498, 479, 145, 3.30%, 0, 0, 3, 2758.70
1572535643, 0, 52, 499, 480, 145, 3.30%, 0, 0, 3, 2714.92
1572535801, 0, 54, 500, 480, 144, 3.31%, 0, 0, 3, 2760.72
1572535868, 0, 54, 501, 481, 144, 3.31%, 0, 0, 3, 2726.64
1572535975, 0, 55, 501, 480, 143, 3.31%, 0, 0, 3, 2804.93
1572536154, 0, 59, 501, 479, 142, 3.31%, 0, 0, 3, 2794.80
1572536334, 0, 66, 501, 478, 141, 3.31%, 0, 0, 3, 2772.83
1572536354, 0, 66, 502, 479, 141, 3.31%, 0, 0, 3, 2711.12
1572536411, 0, 66, 503, 480, 141, 3.32%, 0, 0, 3, 2746.81
1572536513, 0, 68, 503, 479, 141, 3.32%, 0, 0, 3, 2853.55
1572536595, 0, 68, 504, 480, 141, 3.32%, 0, 0, 3, 1620.48
1572536686, 0, 70, 504, 479, 141, 3.32%, 0, 0, 3, 1600.96
1572536717, 0, 70, 505, 480, 141, 3.32%, 0, 0, 3, 1558.05
1572536915, 0, 72, 505, 479, 141, 3.32%, 0, 0, 3, 1631.68
1572537062, 0, 72, 506, 480, 141, 3.32%, 0, 0, 3, 1474.17
1572537249, 0, 76, 506, 479, 140, 3.32%, 0, 0, 3, 1477.58
1572537284, 0, 76, 508, 481, 140, 3.33%, 0, 0, 3, 1384.25
1572537380, 0, 76, 510, 483, 140, 3.33%, 0, 0, 3, 1461.04
1572537385, 0, 76, 511, 484, 140, 3.33%, 0, 0, 3, 1409.24
1572537589, 0, 78, 511, 483, 141, 3.33%, 0, 0, 3, 1525.76
1572537624, 0, 78, 512, 484, 141, 3.33%, 0, 0, 3, 1470.86
1572537776, 0, 78, 513, 485, 141, 3.33%, 0, 0, 3, 1485.52
1572537888, 0, 83, 513, 484, 140, 3.33%, 0, 0, 3, 2563.74
1572538067, 0, 87, 513, 483, 139, 3.33%, 0, 0, 3, 2748.68
1572538083, 0, 87, 515, 485, 139, 3.33%, 0, 0, 3, 2695.63
1572538088, 0, 87, 517, 487, 139, 3.33%, 0, 0, 3, 2708.61
1572538109, 0, 87, 518, 488, 139, 3.33%, 0, 0, 3, 2720.80
1572538145, 0, 87, 519, 489, 139, 3.33%, 0, 0, 3, 2752.20
1572538241, 0, 91, 519, 488, 139, 3.33%, 0, 0, 3, 2729.40
1572538252, 0, 91, 520, 489, 139, 3.33%, 0, 0, 3, 2680.69
1572538262, 0, 91, 524, 493, 139, 3.33%, 0, 0, 3, 2680.73
1572538420, 0, 94, 524, 492, 139, 3.33%, 0, 0, 3, 2780.00
1572538441, 0, 94, 525, 493, 139, 3.33%, 0, 0, 3, 2706.76
1572538599, 0, 95, 526, 493, 138, 3.33%, 0, 0, 3, 2935.75
1572538620, 0, 95, 527, 494, 138, 3.33%, 0, 0, 3, 3011.35
1572538660, 0, 95, 530, 497, 138, 3.33%, 0, 0, 3, 3002.99
1572538722, 0, 100, 530, 496, 136, 3.33%, 0, 0, 3, 2943.55
1572538901, 0, 102, 530, 495, 135, 3.33%, 0, 0, 3, 2823.12
1572538922, 0, 102, 532, 497, 135, 3.33%, 0, 0, 3, 2721.57
1572539080, 0, 106, 532, 496, 135, 3.33%, 0, 0, 3, 2752.22
1572539095, 0, 106, 534, 498, 135, 3.33%, 0, 0, 3, 2686.76
1572539157, 0, 106, 535, 499, 135, 3.33%, 0, 0, 3, 2753.08
1572539254, 0, 106, 536, 500, 135, 3.33%, 0, 0, 3, 2758.34
1572539259, 0, 107, 536, 499, 134, 3.33%, 0, 0, 3, 2739.13
1572539383, 0, 107, 537, 500, 134, 3.34%, 0, 0, 3, 2782.44
1572539434, 0, 116, 537, 499, 134, 3.34%, 0, 0, 3, 2777.21
1572539454, 0, 116, 542, 504, 134, 3.34%, 0, 0, 3, 2708.77
1572539475, 0, 116, 546, 508, 134, 3.34%, 0, 0, 3, 2722.23
1572539480, 0, 116, 547, 509, 134, 3.34%, 0, 0, 3, 2720.21
1572539506, 0, 116, 548, 510, 134, 3.34%, 0, 0, 3, 2675.42
1572539516, 0, 116, 549, 511, 134, 3.35%, 0, 0, 3, 2723.50
1572539531, 0, 116, 550, 512, 134, 3.35%, 0, 0, 3, 2742.45
1572539593, 0, 116, 551, 513, 134, 3.35%, 0, 0, 3, 2722.08
1572539613, 0, 117, 551, 512, 138, 3.35%, 0, 0, 3, 2787.13
1572539634, 0, 117, 552, 513, 138, 3.35%, 0, 0, 3, 2700.86
1572539685, 0, 117, 553, 514, 138, 3.35%, 0, 0, 3, 2718.24
1572539792, 0, 118, 555, 515, 138, 3.36%, 0, 0, 3, 2847.28
1572539971, 0, 120, 556, 515, 137, 3.36%, 0, 0, 3, 2779.47
1572539992, 0, 120, 558, 517, 137, 3.36%, 0, 0, 3, 2720.86
1572540048, 0, 120, 559, 518, 137, 3.36%, 0, 0, 3, 2747.28
1572540151, 0, 122, 559, 517, 137, 3.36%, 0, 0, 3, 2741.13
1572540171, 0, 122, 560, 518, 137, 3.36%, 0, 0, 3, 2715.93
1572540330, 0, 123, 561, 518, 136, 3.36%, 0, 0, 3, 2832.39
1572540366, 0, 123, 562, 519, 136, 3.36%, 0, 0, 3, 2849.10
1572540371, 0, 123, 563, 520, 136, 3.36%, 0, 0, 3, 2856.24
1572540396, 0, 123, 568, 525, 136, 3.36%, 0, 0, 3, 2867.75
1572540402, 0, 123, 569, 526, 136, 3.36%, 0, 0, 3, 2870.11
1572540468, 0, 124, 569, 525, 135, 3.36%, 0, 0, 3, 2901.13
1572540612, 0, 128, 569, 524, 134, 3.36%, 0, 0, 3, 2857.57
1572540627, 0, 128, 570, 525, 134, 3.37%, 0, 0, 3, 2836.16
1572540684, 0, 128, 571, 526, 134, 3.37%, 0, 0, 3, 2864.76
1572540750, 0, 132, 571, 525, 135, 3.37%, 0, 0, 3, 2910.83
1572541031, 0, 135, 571, 524, 134, 3.37%, 0, 0, 3, 1515.87
1572541066, 0, 135, 572, 525, 134, 3.37%, 0, 0, 3, 1502.47
1572541101, 0, 135, 574, 527, 134, 3.37%, 0, 0, 3, 1489.02
1572541167, 0, 135, 575, 528, 134, 3.37%, 0, 0, 3, 1520.67
1572541260, 0, 135, 576, 529, 134, 3.37%, 0, 0, 3, 1500.23
1572541290, 0, 135, 577, 530, 134, 3.37%, 0, 0, 3, 1499.30
1572541311, 0, 137, 577, 529, 133, 3.37%, 0, 0, 3, 1502.12
1572541387, 0, 137, 578, 530, 133, 3.37%, 0, 0, 3, 1438.19
1572541651, 0, 139, 579, 530, 132, 3.37%, 0, 0, 3, 1491.70
1572541991, 0, 140, 579, 529, 131, 3.37%, 0, 0, 3, 1517.33
1572542332, 0, 143, 579, 528, 130, 3.37%, 0, 0, 3, 1519.05
1572542367, 0, 143, 585, 534, 130, 3.49%, 0, 0, 3, 1462.57
1572542459, 0, 143, 586, 535, 130, 3.58%, 0, 0, 3, 1398.10
1572542591, 0, 160, 587, 535, 132, 3.58%, 0, 0, 3, 2724.30
1572542612, 0, 160, 592, 540, 132, 3.58%, 0, 0, 3, 2692.14
1572542633, 0, 160, 593, 541, 132, 3.58%, 0, 0, 3, 2714.71
1572542638, 0, 160, 594, 542, 132, 3.58%, 0, 0, 3, 2682.61
1572542663, 0, 160, 597, 545, 132, 3.58%, 0, 0, 3, 2702.73
1572542668, 0, 160, 598, 546, 132, 3.58%, 0, 0, 3, 2741.37
1572542683, 0, 160, 599, 547, 132, 3.58%, 0, 0, 3, 2745.52
1572542765, 0, 161, 599, 546, 132, 3.58%, 0, 0, 3, 2771.37
1572542786, 0, 161, 600, 547, 132, 3.58%, 0, 0, 3, 2707.11
1572542949, 0, 165, 601, 547, 131, 3.58%, 0, 0, 3, 2844.61
1572543015, 0, 165, 602, 548, 131, 3.58%, 0, 0, 3, 2680.82
1572543035, 0, 165, 603, 549, 131, 3.58%, 0, 0, 3, 2726.12
1572543132, 0, 167, 603, 548, 131, 3.58%, 0, 0, 3, 2810.21
1572543312, 0, 176, 603, 547, 130, 3.58%, 0, 0, 3, 2745.95
1572543388, 0, 176, 604, 548, 130, 3.59%, 0, 0, 3, 2721.15
1572543394, 0, 176, 606, 550, 130, 3.59%, 0, 0, 3, 2745.90
1572543409, 0, 176, 607, 551, 130, 3.59%, 0, 0, 3, 2740.45
1572543496, 0, 186, 607, 550, 132, 3.59%, 0, 0, 3, 2740.84
1572543516, 0, 186, 608, 551, 132, 3.59%, 0, 0, 3, 2718.06
1572543676, 0, 192, 609, 551, 131, 3.59%, 0, 0, 3, 2962.13
1572543799, 0, 196, 609, 550, 131, 3.59%, 0, 0, 3, 3074.36
1572543922, 0, 197, 609, 549, 130, 3.59%, 0, 0, 3, 2897.13
1572544051, 0, 198, 609, 548, 129, 3.59%, 0, 0, 3, 3009.54
1572544174, 0, 199, 621, 559, 128, 3.68%, 0, 0, 3, 3071.17
1572544179, 0, 199, 632, 570, 128, 3.71%, 0, 0, 3, 3076.90
1572544184, 0, 200, 639, 576, 144, 3.72%, 0, 0, 3, 3121.76
1572544189, 0, 200, 640, 577, 144, 3.73%, 0, 0, 3, 3096.23
1572544194, 0, 209, 640, 576, 144, 3.73%, 0, 0, 3, 2832.78
1572544210, 0, 209, 643, 579, 144, 3.74%, 0, 0, 3, 2682.14
1572544215, 0, 209, 644, 580, 144, 3.74%, 0, 0, 3, 2692.01
1572544362, 0, 209, 645, 581, 144, 3.74%, 0, 0, 3, 2729.25
1572544378, 0, 212, 645, 580, 147, 3.74%, 0, 0, 3, 2764.98
1572544527, 0, 212, 646, 581, 147, 3.74%, 0, 0, 3, 2743.31
1572544562, 0, 218, 646, 579, 145, 3.74%, 0, 0, 3, 3003.93
1572544618, 0, 219, 646, 578, 144, 3.74%, 0, 0, 3, 3035.43
1572544644, 0, 219, 647, 579, 144, 3.74%, 0, 0, 3, 2696.48
1572544803, 0, 223, 647, 578, 143, 3.74%, 0, 0, 3, 2778.05
1572544987, 0, 223, 648, 579, 143, 3.74%, 0, 0, 3, 2703.51
1572544992, 0, 235, 648, 578, 144, 3.74%, 0, 0, 3, 2721.80
1572545059, 0, 235, 649, 579, 144, 3.75%, 0, 0, 3, 2735.34
1572545140, 0, 235, 650, 580, 144, 3.75%, 0, 0, 3, 2711.23
1572545176, 0, 250, 650, 579, 145, 3.75%, 0, 0, 3, 2843.51
1572545232, 0, 256, 651, 579, 144, 3.75%, 0, 0, 3, 2996.90
1572545258, 0, 256, 652, 580, 144, 3.75%, 0, 0, 3, 2698.62
1572545421, 0, 257, 652, 579, 143, 3.75%, 0, 0, 3, 2752.18
1572545442, 0, 257, 653, 580, 143, 3.75%, 0, 0, 3, 2718.49
1572545498, 0, 257, 656, 583, 143, 3.76%, 0, 0, 3, 2729.53
1572545605, 0, 258, 656, 582, 145, 3.76%, 0, 0, 3, 2767.77
1572545626, 0, 258, 657, 583, 145, 3.76%, 0, 0, 3, 2716.62
1572545682, 0, 258, 658, 584, 145, 3.77%, 0, 0, 3, 2728.30
1572545790, 0, 259, 658, 583, 144, 3.77%, 0, 0, 3, 2767.70
1572545811, 0, 259, 659, 584, 144, 3.77%, 0, 0, 3, 2707.33
1572545873, 0, 259, 660, 585, 144, 3.77%, 0, 0, 3, 2729.23
1572545959, 0, 259, 661, 586, 144, 3.77%, 0, 0, 3, 2761.44
1572545975, 0, 262, 661, 585, 144, 3.77%, 0, 0, 3, 2753.04
1572546062, 0, 262, 662, 586, 144, 3.77%, 0, 0, 3, 2633.10
1572546239, 0, 264, 662, 585, 143, 3.77%, 0, 0, 3, 1509.12
1572546279, 0, 264, 664, 587, 143, 3.77%, 0, 0, 3, 1466.94
1572546391, 0, 264, 665, 588, 143, 3.77%, 0, 0, 3, 1484.78
1572546594, 0, 265, 665, 587, 143, 3.77%, 0, 0, 3, 1450.06
1572546630, 0, 265, 666, 588, 143, 3.77%, 0, 0, 3, 1441.13
1572546756, 0, 265, 667, 589, 143, 3.77%, 0, 0, 3, 1437.93
1572546944, 0, 266, 667, 588, 142, 3.77%, 0, 0, 3, 1503.54
1572546985, 0, 266, 668, 589, 142, 3.77%, 0, 0, 3, 1455.50
1572547092, 0, 266, 669, 590, 142, 3.78%, 0, 0, 3, 1443.82
1572547107, 0, 266, 670, 591, 142, 3.78%, 0, 0, 3, 1441.67
1572547295, 0, 267, 670, 590, 141, 3.78%, 0, 0, 3, 1465.57
1572547336, 0, 267, 671, 591, 141, 3.78%, 0, 0, 3, 1427.66
1572547442, 0, 267, 672, 592, 141, 3.78%, 0, 0, 3, 1459.76
1572547463, 0, 267, 673, 593, 141, 3.78%, 0, 0, 3, 1441.24
1572547646, 0, 268, 673, 592, 141, 3.78%, 0, 0, 3, 1493.26
1572547686, 0, 268, 674, 593, 141, 3.78%, 0, 0, 3, 1435.79
1572547793, 0, 268, 675, 594, 141, 3.78%, 0, 0, 3, 1445.88
1572547813, 0, 268, 676, 595, 141, 3.78%, 0, 0, 3, 1442.12
1572547981, 0, 269, 676, 594, 141, 3.78%, 0, 0, 3, 2489.08
1572548002, 0, 269, 677, 595, 141, 3.78%, 0, 0, 3, 2672.06
1572548058, 0, 269, 678, 596, 141, 3.78%, 0, 0, 3, 2759.44
1572548074, 0, 269, 679, 597, 141, 3.78%, 0, 0, 3, 2722.14
1572548170, 0, 270, 679, 596, 140, 3.78%, 0, 0, 3, 2715.90
1572548191, 0, 270, 680, 597, 140, 3.78%, 0, 0, 3, 2682.68
1572548248, 0, 270, 681, 598, 140, 3.78%, 0, 0, 3, 2746.64
1572548263, 0, 270, 682, 599, 140, 3.78%, 0, 0, 3, 2737.50
1572548355, 0, 271, 682, 598, 140, 3.78%, 0, 0, 3, 2802.40
1572548381, 0, 271, 684, 600, 140, 3.78%, 0, 0, 3, 2623.15
1572548422, 0, 271, 685, 601, 140, 3.78%, 0, 0, 3, 2638.48
1572548427, 0, 271, 687, 603, 140, 3.78%, 0, 0, 3, 2672.07
1572548550, 0, 272, 687, 602, 139, 3.78%, 0, 0, 3, 2735.44
1572548570, 0, 272, 688, 603, 139, 3.78%, 0, 0, 3, 2694.30
1572548627, 0, 272, 689, 604, 139, 3.79%, 0, 0, 3, 2728.06
1572548642, 0, 272, 690, 605, 139, 3.79%, 0, 0, 3, 2743.16
1572548733, 0, 273, 690, 604, 140, 3.79%, 0, 0, 3, 2808.92
1572548754, 0, 273, 691, 605, 140, 3.79%, 0, 0, 3, 2727.01
1572548922, 0, 280, 691, 604, 139, 3.79%, 0, 0, 3, 2886.66
1572549051, 0, 287, 691, 603, 138, 3.79%, 0, 0, 3, 2867.31
1572549071, 0, 287, 693, 605, 138, 3.79%, 0, 0, 3, 2603.26
1572549123, 0, 287, 694, 606, 138, 3.79%, 0, 0, 3, 2631.70
1572549204, 0, 287, 695, 607, 138, 3.79%, 0, 0, 3, 2682.77
1572549225, 0, 287, 697, 609, 138, 3.79%, 0, 0, 3, 2670.07
1572549245, 0, 288, 698, 609, 138, 3.79%, 0, 0, 3, 2758.41
1572549434, 0, 290, 698, 608, 137, 3.79%, 0, 0, 3, 2871.13
1572549563, 0, 291, 698, 607, 136, 3.79%, 0, 0, 3, 3047.88
1572549568, 0, 292, 739, 647, 137, 3.92%, 0, 0, 3, 2920.02
1572549578, 0, 292, 750, 658, 137, 3.93%, 0, 0, 3, 2862.67
1572549588, 0, 292, 752, 660, 137, 3.93%, 0, 0, 3, 2848.25
1572549604, 0, 292, 759, 667, 137, 3.94%, 0, 0, 3, 2839.78
1572549609, 0, 292, 763, 671, 137, 3.95%, 0, 0, 3, 2865.51
1572549624, 0, 292, 770, 678, 137, 3.97%, 0, 0, 3, 2858.48
1572549635, 0, 292, 776, 684, 137, 3.97%, 0, 0, 3, 2839.40
1572549640, 0, 292, 782, 690, 137, 3.97%, 0, 0, 3, 2838.51
1572549645, 0, 292, 788, 696, 137, 3.98%, 0, 0, 3, 2830.44
1572549650, 0, 293, 788, 695, 164, 3.98%, 0, 0, 3, 2831.17
1572549665, 0, 293, 796, 703, 164, 4.00%, 0, 0, 3, 2790.88
1572549670, 0, 293, 798, 705, 164, 4.01%, 0, 0, 3, 2805.18
1572549711, 0, 293, 799, 706, 164, 4.01%, 0, 0, 3, 2766.57
1572549727, 0, 293, 800, 707, 164, 4.02%, 0, 0, 3, 2846.52
1572549783, 0, 294, 800, 706, 174, 4.02%, 0, 0, 3, 2878.38
1572549921, 0, 306, 800, 705, 173, 4.02%, 0, 0, 3, 2854.81
1572549942, 0, 306, 801, 706, 173, 4.02%, 0, 0, 3, 2710.16
1572549947, 0, 306, 802, 707, 173, 4.02%, 0, 0, 3, 2701.44
1572549968, 0, 306, 803, 708, 173, 4.02%, 0, 0, 3, 2708.72
1572550004, 0, 306, 804, 709, 173, 4.02%, 0, 0, 3, 2757.74
1572550019, 0, 306, 806, 711, 173, 4.02%, 0, 0, 3, 2750.97
1572550096, 0, 306, 807, 712, 173, 4.02%, 0, 0, 3, 2752.09
1572550111, 0, 311, 807, 711, 177, 4.02%, 0, 0, 3, 2793.59
1572550116, 0, 315, 807, 710, 176, 4.02%, 0, 0, 3, 3045.16
1572550137, 0, 315, 808, 711, 176, 4.03%, 0, 0, 3, 2983.91
1572550183, 0, 334, 808, 710, 174, 4.03%, 0, 0, 3, 2998.16
1572550209, 0, 334, 810, 712, 174, 4.03%, 0, 0, 3, 2703.22
1572550373, 0, 334, 811, 713, 174, 4.03%, 0, 0, 3, 2754.27
1572550378, 0, 335, 811, 712, 173, 4.03%, 0, 0, 3, 3021.35
1572550383, 0, 342, 811, 711, 172, 4.03%, 0, 0, 3, 2988.65
1572550450, 0, 350, 812, 710, 170, 4.03%, 0, 0, 4, 3104.56
1572550455, 0, 351, 817, 714, 169, 4.03%, 0, 0, 4, 3153.62
1572550460, 0, 353, 822, 717, 175, 4.10%, 0, 0, 4, 3175.42
1572550466, 0, 355, 826, 719, 175, 4.11%, 0, 0, 4, 3098.58
1572550471, 0, 356, 829, 721, 176, 4.14%, 0, 0, 4, 3178.77
1572550476, 0, 357, 830, 721, 178, 4.14%, 0, 0, 4, 3171.53
1572550481, 0, 360, 837, 726, 179, 4.16%, 0, 0, 4, 3131.78
1572550486, 0, 364, 838, 724, 178, 4.16%, 0, 0, 4, 3184.57
1572550491, 0, 367, 841, 726, 178, 4.16%, 0, 0, 4, 3016.99
1572550511, 0, 367, 864, 749, 178, 4.18%, 0, 0, 4, 2730.54
1572550516, 0, 367, 865, 750, 178, 4.18%, 0, 0, 4, 2722.07
1572550531, 0, 367, 873, 758, 178, 4.19%, 0, 0, 4, 2733.89
1572550537, 0, 367, 876, 761, 178, 4.19%, 0, 0, 4, 2724.33
1572550552, 0, 367, 877, 762, 178, 4.19%, 0, 0, 4, 2726.96
1572550557, 0, 367, 878, 763, 178, 4.19%, 0, 0, 4, 2706.52
1572550568, 0, 367, 880, 765, 178, 4.19%, 0, 0, 4, 2718.66
1572550573, 0, 367, 884, 769, 178, 4.19%, 0, 0, 4, 2702.10
1572550578, 0, 367, 888, 773, 178, 4.20%, 0, 0, 4, 2716.47
1572550583, 0, 367, 890, 775, 178, 4.20%, 0, 0, 4, 2745.05
1572550649, 0, 367, 891, 776, 178, 4.20%, 0, 0, 4, 2747.24
1572550659, 0, 372, 891, 775, 188, 4.20%, 0, 0, 4, 2812.82
1572550680, 0, 372, 893, 777, 188, 4.20%, 0, 0, 4, 2712.97
1572550685, 0, 372, 896, 780, 188, 4.20%, 0, 0, 4, 2716.30
1572550705, 0, 372, 897, 781, 188, 4.20%, 0, 0, 4, 2704.56
1572550726, 0, 372, 898, 782, 188, 4.20%, 0, 0, 4, 2692.98
1572550742, 0, 372, 899, 783, 188, 4.20%, 0, 0, 4, 2763.90
1572550747, 0, 372, 901, 785, 188, 4.20%, 0, 0, 4, 2748.17
1572550757, 0, 372, 902, 786, 188, 4.20%, 0, 0, 4, 2757.72
1572550854, 0, 394, 903, 786, 189, 4.20%, 0, 0, 4, 2878.43
1572550879, 0, 394, 904, 787, 189, 4.20%, 0, 0, 4, 2987.61
1572550971, 0, 405, 904, 786, 188, 4.20%, 0, 0, 4, 2969.33
1572551033, 0, 405, 907, 789, 188, 4.20%, 0, 0, 4, 2935.14
1572551105, 0, 419, 907, 788, 188, 4.20%, 0, 0, 4, 2852.86
1572551125, 0, 419, 919, 800, 188, 4.21%, 0, 0, 4, 2647.94
1572551146, 0, 419, 920, 801, 188, 4.21%, 0, 0, 4, 2650.82
1572551172, 0, 419, 921, 802, 188, 4.21%, 0, 0, 4, 2637.57
1572551182, 0, 419, 922, 803, 188, 4.21%, 0, 0, 4, 2646.44
1572551197, 0, 419, 923, 804, 188, 4.21%, 0, 0, 4, 2688.46
1572551202, 0, 419, 925, 806, 188, 4.21%, 0, 0, 4, 2727.20
1572551294, 0, 419, 926, 807, 188, 4.21%, 0, 0, 4, 2682.83
1572551299, 0, 432, 930, 810, 193, 4.22%, 0, 0, 4, 2747.58
1572551320, 0, 432, 935, 815, 193, 4.22%, 0, 0, 4, 2722.28
1572551340, 0, 432, 936, 816, 193, 4.22%, 0, 0, 4, 2708.14
1572551539, 0, 437, 936, 815, 196, 4.22%, 0, 0, 4, 1535.85
1572551575, 0, 437, 941, 820, 196, 4.22%, 0, 0, 4, 1454.98
1572551580, 0, 437, 942, 821, 196, 4.22%, 0, 0, 4, 1455.17
1572551824, 0, 437, 943, 822, 196, 4.22%, 0, 0, 4, 1447.64
1572551900, 0, 444, 944, 822, 194, 4.23%, 0, 0, 4, 1499.22
1572551930, 0, 444, 947, 825, 194, 4.23%, 0, 0, 4, 1456.33
1572551935, 0, 444, 949, 827, 194, 4.23%, 0, 0, 4, 1455.30
1572552250, 0, 445, 951, 828, 195, 4.23%, 0, 0, 4, 1469.65
1572552286, 0, 445, 956, 833, 195, 4.23%, 0, 0, 4, 1471.66
1572552291, 0, 445, 957, 834, 195, 4.24%, 0, 0, 4, 1453.89
1572552331, 0, 445, 958, 835, 195, 4.24%, 0, 0, 4, 1463.72
1572552377, 0, 445, 961, 838, 195, 4.24%, 0, 0, 4, 1443.24
1572552606, 0, 449, 961, 837, 195, 4.24%, 0, 0, 4, 1498.76
1572552641, 0, 449, 966, 842, 195, 4.24%, 0, 0, 4, 1465.18
1572552966, 0, 453, 968, 843, 194, 4.24%, 0, 0, 4, 1631.48
1572552987, 0, 453, 970, 845, 194, 4.24%, 0, 0, 4, 1642.35
1572553002, 0, 453, 972, 847, 194, 4.24%, 0, 0, 4, 1654.52
1572553037, 0, 453, 973, 848, 194, 4.24%, 0, 0, 4, 1622.11
1572553078, 0, 453, 974, 849, 194, 4.24%, 0, 0, 4, 1640.69
1572553220, 0, 463, 978, 852, 193, 4.24%, 0, 0, 4, 1578.13
1572553250, 0, 463, 979, 853, 193, 4.24%, 0, 0, 4, 1492.81
1572553255, 0, 463, 980, 854, 193, 4.24%, 0, 0, 4, 1511.10
1572553260, 0, 463, 982, 856, 193, 4.24%, 0, 0, 4, 1510.11
1572553301, 0, 463, 983, 857, 193, 4.24%, 0, 0, 4, 1516.79
1572553347, 0, 463, 984, 858, 193, 4.24%, 0, 0, 4, 1538.51
1572553494, 0, 466, 984, 857, 192, 4.24%, 0, 0, 4, 1552.70
1572553499, 0, 466, 987, 860, 192, 4.24%, 0, 0, 4, 1623.25
1572553519, 0, 466, 988, 861, 192, 4.24%, 0, 0, 4, 1617.49
1572553534, 0, 466, 990, 863, 192, 4.24%, 0, 0, 4, 1642.08
1572553560, 0, 466, 991, 864, 192, 4.24%, 0, 0, 4, 2831.07
1572553585, 0, 466, 993, 866, 192, 4.24%, 0, 0, 4, 2795.12
1572553662, 0, 474, 995, 867, 191, 4.24%, 0, 0, 4, 2986.96
1572553678, 0, 474, 996, 868, 191, 4.24%, 0, 0, 4, 2756.14
1572553683, 0, 474, 997, 869, 191, 4.24%, 0, 0, 4, 2767.48
1572553688, 0, 474, 999, 871, 191, 4.24%, 0, 0, 4, 2775.55
1572553708, 0, 474, 1000, 872, 191, 4.24%, 0, 0, 4, 2778.26
1572553734, 0, 474, 1001, 873, 191, 4.24%, 0, 0, 4, 2787.90
1572553820, 0, 477, 1001, 872, 191, 4.24%, 0, 0, 4, 2879.14
1572553851, 0, 477, 1003, 874, 191, 4.25%, 0, 0, 4, 2920.03
1572553856, 0, 477, 1011, 882, 191, 4.26%, 0, 0, 4, 2910.29
1572553861, 0, 477, 1012, 883, 191, 4.26%, 0, 0, 4, 2909.32
1572553943, 0, 478, 1012, 882, 198, 4.26%, 0, 0, 4, 2893.38
1572554066, 0, 484, 1012, 881, 197, 4.26%, 0, 0, 4, 2978.73
1572554082, 0, 485, 1013, 881, 196, 4.26%, 0, 0, 4, 2920.92
1572554087, 0, 485, 1014, 882, 196, 4.26%, 0, 0, 4, 2887.47
1572554199, 0, 486, 1014, 881, 195, 4.26%, 0, 0, 4, 2947.06
1572554204, 0, 486, 1015, 882, 195, 4.26%, 0, 0, 4, 2929.00
1572554323, 0, 489, 1015, 881, 194, 4.26%, 0, 0, 4, 2868.11
1572554333, 0, 489, 1016, 882, 194, 4.26%, 0, 0, 4, 2825.53
1572554364, 0, 489, 1019, 885, 194, 4.27%, 0, 0, 4, 2854.62
1572554415, 0, 489, 1020, 886, 194, 4.27%, 0, 0, 4, 2891.39
1572554430, 0, 490, 1020, 885, 195, 4.27%, 0, 0, 4, 2939.56
1572554440, 0, 491, 1021, 885, 195, 4.27%, 0, 0, 4, 2989.23
1572554446, 0, 491, 1022, 886, 195, 4.28%, 0, 0, 4, 2841.22
1572554466, 0, 497, 1022, 885, 195, 4.28%, 0, 0, 4, 2843.55
1572554492, 0, 497, 1023, 886, 195, 4.28%, 0, 0, 4, 2704.30
1572554543, 0, 497, 1024, 887, 195, 4.28%, 0, 0, 4, 2723.36
1572554563, 0, 497, 1025, 888, 195, 4.28%, 0, 0, 4, 2701.34
1572554650, 0, 499, 1025, 887, 196, 4.28%, 0, 0, 4, 2787.11
1572554665, 0, 499, 1026, 888, 196, 4.28%, 0, 0, 4, 2816.73
1572554777, 0, 502, 1026, 887, 195, 4.28%, 0, 0, 4, 2783.41
1572554798, 0, 502, 1027, 888, 195, 4.28%, 0, 0, 4, 2723.18
1572554966, 0, 503, 1027, 887, 194, 4.28%, 0, 0, 4, 2772.00
1572554971, 0, 503, 1028, 888, 194, 4.28%, 0, 0, 4, 2788.28
1572555099, 0, 504, 1028, 887, 194, 4.28%, 0, 0, 4, 2891.02
1572555104, 0, 504, 1029, 888, 194, 4.28%, 0, 0, 4, 2939.28
1572555233, 0, 517, 1030, 888, 194, 4.28%, 0, 0, 4, 2929.41
1572555300, 0, 517, 1031, 889, 194, 4.28%, 0, 0, 4, 2892.65
1572555372, 0, 519, 1031, 888, 194, 4.28%, 0, 0, 4, 2936.18
1572555392, 0, 519, 1032, 889, 194, 4.28%, 0, 0, 4, 2718.73
1572555566, 0, 526, 1032, 888, 194, 4.28%, 0, 0, 4, 2981.17
1572555582, 0, 526, 1033, 889, 194, 4.28%, 0, 0, 4, 3040.78
1572555695, 0, 528, 1034, 889, 193, 4.28%, 0, 0, 4, 3051.40
1572555715, 0, 528, 1035, 890, 193, 4.28%, 0, 0, 4, 3041.55
1572555833, 0, 529, 1035, 889, 194, 4.28%, 0, 0, 4, 3068.48
1572555962, 0, 542, 1035, 888, 193, 4.28%, 0, 0, 4, 2816.79
1572556151, 0, 543, 1036, 888, 192, 4.28%, 0, 0, 4, 2822.81
1572556290, 0, 543, 1037, 889, 192, 4.28%, 0, 0, 4, 2857.40
1572556300, 0, 544, 1037, 888, 190, 4.28%, 0, 0, 4, 2902.77
1572556494, 0, 546, 1037, 887, 189, 4.28%, 0, 0, 4, 2736.41
1572556683, 0, 555, 1040, 889, 188, 4.28%, 0, 0, 4, 2775.22
1572556688, 0, 555, 1041, 890, 188, 4.29%, 0, 0, 4, 2779.53
1572556699, 0, 555, 1043, 892, 188, 4.29%, 0, 0, 4, 2785.55
1572556750, 0, 555, 1044, 893, 188, 4.29%, 0, 0, 4, 2798.76
1572556755, 0, 558, 1044, 892, 189, 4.29%, 0, 0, 4, 2720.41
1572556775, 0, 558, 1048, 896, 189, 4.29%, 0, 0, 4, 2617.07
1572556822, 0, 558, 1050, 898, 189, 4.29%, 0, 0, 4, 2607.43
1572556842, 0, 558, 1052, 900, 189, 4.30%, 0, 0, 4, 2619.77
1572556847, 0, 558, 1055, 903, 189, 4.30%, 0, 0, 4, 2531.34
1572556950, 0, 558, 1057, 905, 189, 4.31%, 0, 0, 4, 1405.49
1572556980, 0, 566, 1057, 904, 194, 4.31%, 0, 0, 4, 1543.39
1572557016, 0, 566, 1058, 905, 194, 4.31%, 0, 0, 4, 1550.70
1572557259, 0, 569, 1058, 904, 193, 4.31%, 0, 0, 4, 1455.69
1572557295, 0, 569, 1059, 905, 193, 4.31%, 0, 0, 4, 1407.00
1572557406, 0, 569, 1060, 906, 193, 4.31%, 0, 0, 4, 1416.18
1572557416, 0, 569, 1061, 907, 193, 4.31%, 0, 0, 4, 1432.18
1572557421, 0, 569, 1062, 908, 193, 4.31%, 0, 0, 4, 1428.32
1572557431, 0, 569, 1063, 909, 193, 4.32%, 0, 0, 4, 1397.17
1572557594, 0, 569, 1064, 910, 193, 4.32%, 0, 0, 4, 1417.54
1572557625, 0, 570, 1064, 909, 197, 4.32%, 0, 0, 4, 1543.68
1572557660, 0, 570, 1065, 910, 197, 4.32%, 0, 0, 4, 1520.67
1572557751, 0, 570, 1066, 911, 197, 4.32%, 0, 0, 4, 1518.01
1572557756, 0, 570, 1067, 912, 197, 4.32%, 0, 0, 4, 1517.67
1572557762, 0, 570, 1068, 913, 197, 4.32%, 0, 0, 4, 1516.61
1572557777, 0, 570, 1069, 914, 197, 4.32%, 0, 0, 4, 1538.82
1572557878, 0, 570, 1070, 915, 197, 4.32%, 0, 0, 4, 1524.22
1572557903, 0, 572, 1070, 914, 196, 4.32%, 0, 0, 4, 1584.36
1572557939, 0, 572, 1072, 916, 196, 4.32%, 0, 0, 4, 1503.28
1572558040, 0, 572, 1073, 917, 196, 4.32%, 0, 0, 4, 1502.55
1572558193, 0, 580, 1074, 917, 196, 4.32%, 0, 0, 4, 1491.92
1572558198, 0, 580, 1075, 918, 196, 4.33%, 0, 0, 4, 1390.68
1572558228, 0, 580, 1076, 919, 196, 4.38%, 0, 0, 4, 1365.69
1572558233, 0, 580, 1095, 938, 196, 4.47%, 0, 0, 4, 1367.04
1572558274, 0, 580, 1101, 944, 196, 4.49%, 0, 0, 4, 1362.81
1572558319, 0, 580, 1103, 946, 196, 4.50%, 0, 0, 4, 1377.81
1572558324, 0, 580, 1104, 947, 196, 4.50%, 0, 0, 4, 1370.04
1572558329, 0, 580, 1105, 948, 196, 4.50%, 0, 0, 4, 1385.31
1572558350, 0, 580, 1113, 956, 196, 4.51%, 0, 0, 4, 1357.21
1572558355, 0, 580, 1114, 957, 196, 4.52%, 0, 0, 4, 1414.43
1572558452, 0, 580, 1116, 959, 196, 4.52%, 0, 0, 4, 1360.19
1572558467, 0, 580, 1118, 961, 196, 4.52%, 0, 0, 4, 1235.00
1572558497, 0, 580, 1119, 962, 196, 4.52%, 0, 0, 4, 1309.50
1572558518, 0, 584, 1120, 962, 217, 4.52%, 0, 0, 4, 1435.97
1572558523, 0, 584, 1121, 963, 217, 4.53%, 0, 0, 4, 1362.38
1572558558, 0, 584, 1127, 969, 217, 4.53%, 0, 0, 4, 1326.20
1572558655, 0, 584, 1128, 970, 217, 4.53%, 0, 0, 4, 1320.46
1572558863, 0, 589, 1129, 970, 219, 4.53%, 0, 0, 4, 1490.52
1572558944, 0, 589, 1130, 971, 219, 4.53%, 0, 0, 4, 1442.20
1572559197, 0, 595, 1130, 970, 218, 4.53%, 0, 0, 4, 2696.03
1572559203, 0, 595, 1133, 973, 218, 4.53%, 0, 0, 4, 2629.27
1572559223, 0, 595, 1137, 977, 218, 4.53%, 0, 0, 4, 2685.51
1572559244, 0, 595, 1138, 978, 218, 4.53%, 0, 0, 4, 2697.06
1572559269, 0, 595, 1139, 979, 218, 4.53%, 0, 0, 4, 2722.03
1572559361, 0, 595, 1140, 980, 218, 4.53%, 0, 0, 4, 2698.56
1572559381, 0, 601, 1141, 980, 218, 4.53%, 0, 0, 4, 2813.02
1572559545, 0, 604, 1142, 980, 218, 4.53%, 0, 0, 4, 2815.71
1572559565, 0, 604, 1143, 981, 218, 4.53%, 0, 0, 4, 2722.98
1572559622, 0, 604, 1144, 982, 218, 4.53%, 0, 0, 4, 2723.49
1572559627, 0, 604, 1145, 983, 218, 4.53%, 0, 0, 4, 2731.63
1572559637, 0, 604, 1146, 984, 218, 4.53%, 0, 0, 4, 2712.59
1572559734, 0, 605, 1146, 983, 219, 4.53%, 0, 0, 4, 2757.95
1572559775, 0, 605, 1147, 984, 219, 4.53%, 0, 0, 4, 2707.41
1572559831, 0, 605, 1148, 985, 219, 4.54%, 0, 0, 4, 2709.37
1572559922, 0, 606, 1149, 985, 219, 4.54%, 0, 0, 4, 2811.37
1572559943, 0, 606, 1151, 987, 219, 4.54%, 0, 0, 4, 2632.80
1572559969, 0, 606, 1152, 988, 219, 4.54%, 0, 0, 4, 2636.44
1572560005, 0, 606, 1153, 989, 219, 4.54%, 0, 0, 4, 2688.73
1572560117, 0, 608, 1153, 988, 219, 4.54%, 0, 0, 4, 2758.22
1572560245, 0, 609, 1153, 987, 218, 4.54%, 0, 0, 4, 3132.29
1572560250, 0, 611, 1155, 988, 217, 4.55%, 0, 0, 4, 3109.37
1572560255, 0, 613, 1155, 987, 216, 4.55%, 0, 0, 4, 3107.75
1572560260, 0, 615, 1156, 987, 215, 4.55%, 0, 0, 4, 3072.96
1572560265, 0, 616, 1156, 986, 213, 4.55%, 0, 0, 4, 3101.89
1572560271, 0, 617, 1157, 986, 212, 4.55%, 0, 0, 4, 3093.64
1572560276, 0, 618, 1158, 986, 211, 4.56%, 0, 0, 4, 3089.70
1572560281, 0, 621, 1160, 986, 212, 4.57%, 0, 0, 4, 3136.18
1572560286, 0, 622, 1161, 986, 212, 4.57%, 0, 0, 4, 3159.88
1572560291, 0, 623, 1161, 985, 211, 4.57%, 0, 0, 4, 3134.83
1572560296, 0, 624, 1162, 985, 211, 4.57%, 0, 0, 4, 3091.91
1572560301, 0, 625, 1162, 984, 210, 4.57%, 0, 0, 4, 3082.49
1572560306, 0, 626, 1162, 983, 209, 4.57%, 0, 0, 4, 3103.53
1572560311, 0, 627, 1162, 982, 208, 4.57%, 0, 0, 4, 3143.27
1572560316, 0, 633, 1166, 984, 209, 4.57%, 0, 0, 4, 3163.24
1572560327, 0, 634, 1166, 983, 208, 4.57%, 0, 0, 4, 3156.15
1572560332, 0, 636, 1166, 982, 207, 4.57%, 0, 0, 4, 3201.09
1572560337, 0, 637, 1167, 982, 206, 4.57%, 0, 0, 4, 3178.81
1572560342, 0, 638, 1167, 981, 205, 4.57%, 0, 0, 4, 3196.02
1572560347, 0, 639, 1167, 980, 204, 4.57%, 0, 0, 4, 3176.59
1572560352, 0, 640, 1167, 979, 203, 4.57%, 0, 0, 4, 2822.09
1572560368, 0, 640, 1168, 980, 203, 4.57%, 0, 0, 4, 2677.48
1572560541, 0, 641, 1168, 979, 203, 4.57%, 0, 0, 4, 2792.53
1572560736, 0, 642, 1168, 978, 202, 4.57%, 0, 0, 4, 2707.33
1572560751, 0, 642, 1169, 979, 202, 4.57%, 0, 0, 4, 2691.16
1572560924, 0, 648, 1170, 979, 202, 4.57%, 0, 0, 4, 2795.65
1572560996, 0, 649, 1170, 978, 201, 4.57%, 0, 0, 4, 2776.24
1572561016, 0, 649, 1171, 979, 201, 4.57%, 0, 0, 4, 2748.77
1572561175, 0, 653, 1171, 978, 201, 4.57%, 0, 0, 4, 2766.39
1572561252, 0, 653, 1172, 979, 201, 4.58%, 0, 0, 4, 2752.84
1572561359, 0, 654, 1172, 978, 201, 4.58%, 0, 0, 4, 2815.33
1572561384, 0, 654, 1173, 979, 201, 4.58%, 0, 0, 4, 2734.57
1572561547, 0, 655, 1173, 978, 200, 4.58%, 0, 0, 4, 2759.53
1572561742, 0, 657, 1173, 977, 199, 4.58%, 0, 0, 4, 2722.62
1572561937, 0, 660, 1173, 976, 198, 4.58%, 0, 0, 4, 2722.40
1572561958, 0, 660, 1174, 977, 198, 4.58%, 0, 0, 4, 2718.00
1572562126, 0, 668, 1174, 976, 197, 4.58%, 0, 0, 4, 2662.23
1572562321, 0, 671, 1174, 975, 196, 4.58%, 0, 0, 4, 2643.93
1572562342, 0, 671, 1175, 976, 196, 4.58%, 0, 0, 4, 2627.30
1572562531, 0, 674, 1175, 975, 196, 4.58%, 0, 0, 4, 1463.07
1572562566, 0, 674, 1176, 976, 196, 4.58%, 0, 0, 4, 1392.85
1572562698, 0, 674, 1177, 977, 196, 4.58%, 0, 0, 4, 1437.20
1572562902, 0, 680, 1177, 976, 196, 4.58%, 0, 0, 4, 1449.50
1572562937, 0, 680, 1178, 977, 196, 4.58%, 0, 0, 4, 1426.96
1572563070, 0, 680, 1179, 978, 196, 4.58%, 0, 0, 4, 1431.87
1572563268, 0, 688, 1179, 977, 196, 4.58%, 0, 0, 4, 1473.77
1572563303, 0, 688, 1180, 978, 196, 4.58%, 0, 0, 4, 1434.42
1572563450, 0, 688, 1181, 979, 196, 4.59%, 0, 0, 4, 1422.48
1572563629, 0, 689, 1181, 978, 196, 4.59%, 0, 0, 4, 1510.44
1572563669, 0, 689, 1182, 979, 196, 4.59%, 0, 0, 4, 1444.45
1572563989, 0, 692, 1182, 978, 195, 4.59%, 0, 0, 4, 1454.43
1572564349, 0, 695, 1182, 977, 194, 4.59%, 0, 0, 4, 1545.57
1572564597, 0, 697, 1182, 976, 193, 4.59%, 0, 0, 4, 1536.41
1572564638, 0, 697, 1183, 977, 193, 4.59%, 0, 0, 4, 1402.64
1572564927, 0, 698, 1184, 977, 192, 4.59%, 0, 0, 4, 3058.42
1572564932, 0, 699, 1184, 976, 192, 4.59%, 0, 0, 4, 3086.20
1572564937, 0, 711, 1184, 975, 191, 4.59%, 0, 0, 4, 2719.29
1572564963, 0, 711, 1189, 980, 191, 4.59%, 0, 0, 4, 2496.30
1572564968, 0, 711, 1190, 981, 191, 4.59%, 0, 0, 4, 2477.92
1572565070, 0, 711, 1197, 988, 191, 4.59%, 0, 0, 4, 2753.16
1572565076, 0, 711, 1198, 989, 191, 4.59%, 0, 0, 4, 2813.61
1572565081, 0, 723, 1198, 988, 191, 4.59%, 0, 0, 4, 2903.75
1572565106, 0, 724, 1204, 993, 191, 4.61%, 0, 0, 4, 2954.91
1572565127, 0, 729, 1204, 992, 195, 4.61%, 0, 0, 4, 2948.39
1572565132, 0, 729, 1211, 999, 195, 4.63%, 0, 0, 4, 2907.89
1572565137, 0, 729, 1213, 1001, 195, 4.63%, 0, 0, 4, 2817.36
1572565158, 0, 729, 1214, 1002, 195, 4.63%, 0, 0, 4, 2953.25
1572565188, 0, 735, 1215, 1002, 197, 4.63%, 0, 0, 4, 2896.36
1572565260, 0, 736, 1216, 1002, 197, 4.63%, 0, 0, 4, 2832.05
1572565326, 0, 738, 1218, 1003, 197, 4.63%, 0, 0, 4, 2830.21
1572565398, 0, 740, 1218, 1002, 196, 4.63%, 0, 0, 4, 2864.63
1572565424, 0, 747, 1218, 1001, 196, 4.63%, 0, 0, 4, 2835.89
1572565465, 0, 747, 1219, 1002, 196, 4.63%, 0, 0, 4, 2863.26
1572565491, 0, 748, 1222, 1004, 195, 4.64%, 0, 0, 4, 2831.63
1572565506, 0, 748, 1224, 1006, 195, 4.64%, 0, 0, 4, 2831.92
1572565537, 0, 748, 1228, 1010, 195, 4.65%, 0, 0, 4, 2835.33
1572565557, 0, 756, 1228, 1009, 201, 4.65%, 0, 0, 4, 2841.91
1572565562, 0, 757, 1228, 1008, 200, 4.65%, 0, 0, 4, 2955.19
1572565619, 0, 759, 1228, 1007, 200, 4.65%, 0, 0, 4, 2777.04
1572565639, 0, 759, 1229, 1008, 200, 4.65%, 0, 0, 4, 2958.95
1572565644, 0, 760, 1229, 1007, 199, 4.65%, 0, 0, 4, 2865.62
1572565665, 0, 760, 1230, 1008, 199, 4.65%, 0, 0, 4, 2830.14
1572565685, 0, 760, 1231, 1009, 199, 4.65%, 0, 0, 4, 2837.32
1572565711, 0, 762, 1231, 1008, 200, 4.65%, 0, 0, 4, 2894.24
1572565716, 0, 766, 1231, 1007, 199, 4.65%, 0, 0, 4, 2963.09
1572565737, 0, 767, 1232, 1007, 198, 4.66%, 0, 0, 4, 2854.46
1572565793, 0, 767, 1233, 1008, 198, 4.66%, 0, 0, 4, 2847.03
1572565803, 0, 768, 1234, 1008, 198, 4.66%, 0, 0, 4, 2832.84
1572565860, 0, 768, 1235, 1009, 198, 4.66%, 0, 0, 4, 2858.29
1572565875, 0, 769, 1235, 1008, 198, 4.66%, 0, 0, 4, 3015.76
1572565880, 0, 776, 1235, 1006, 196, 4.66%, 0, 0, 4, 3012.89
1572565885, 0, 776, 1236, 1007, 196, 4.66%, 0, 0, 4, 2976.35
1572565906, 0, 785, 1237, 1007, 195, 4.66%, 0, 0, 4, 2827.84
1572565936, 0, 787, 1238, 1007, 196, 4.66%, 0, 0, 4, 2977.59
1572565942, 0, 788, 1238, 1006, 195, 4.66%, 0, 0, 4, 2843.96
1572565957, 0, 788, 1239, 1007, 195, 4.66%, 0, 0, 4, 2793.43
1572566009, 0, 788, 1240, 1008, 195, 4.66%, 0, 0, 4, 2816.04
1572566049, 0, 788, 1241, 1009, 195, 4.66%, 0, 0, 4, 2848.35
1572566080, 0, 790, 1241, 1008, 195, 4.66%, 0, 0, 4, 2807.83
1572566101, 0, 790, 1242, 1009, 195, 4.67%, 0, 0, 4, 2814.20
1572566218, 0, 792, 1242, 1008, 195, 4.67%, 0, 0, 4, 2843.40
1572566239, 0, 792, 1243, 1009, 195, 4.67%, 0, 0, 4, 2817.74
1572566357, 0, 793, 1243, 1008, 195, 4.67%, 0, 0, 4, 2845.43
1572566377, 0, 793, 1245, 1010, 195, 4.67%, 0, 0, 4, 2812.23
1572566496, 0, 795, 1245, 1009, 195, 4.67%, 0, 0, 4, 2830.71
1572566511, 0, 795, 1246, 1010, 195, 4.67%, 0, 0, 4, 2811.54
1572566516, 0, 795, 1247, 1011, 195, 4.67%, 0, 0, 4, 2812.39
1572566629, 0, 796, 1247, 1010, 193, 4.67%, 0, 0, 4, 2898.38
1572566650, 0, 796, 1251, 1014, 193, 4.67%, 0, 0, 4, 2767.44
1572566747, 0, 796, 1252, 1015, 193, 4.68%, 0, 0, 4, 2780.12
1572566773, 0, 799, 1252, 1014, 191, 4.68%, 0, 0, 4, 2856.44
1572566911, 0, 803, 1253, 1014, 190, 4.68%, 0, 0, 4, 2869.33
1572567058, 0, 804, 1253, 1013, 189, 4.68%, 0, 0, 4, 2910.90
1572567079, 0, 804, 1254, 1014, 189, 4.68%, 0, 0, 4, 2732.83
1572567248, 0, 805, 1254, 1013, 189, 4.68%, 0, 0, 4, 2971.17
1572567310, 0, 805, 1255, 1014, 189, 4.68%, 0, 0, 4, 3114.43
1572567371, 0, 806, 1256, 1014, 189, 4.68%, 0, 0, 4, 2988.10
1572567514, 0, 812, 1256, 1013, 189, 4.68%, 0, 0, 4, 2958.14
1572567519, 0, 813, 1256, 1012, 188, 4.68%, 0, 0, 4, 3114.76
1572567530, 0, 814, 1256, 1011, 187, 4.68%, 0, 0, 4, 3176.02
1572567535, 0, 821, 1256, 1008, 184, 4.68%, 0, 0, 4, 3157.53
1572567540, 0, 822, 1256, 1007, 183, 4.68%, 0, 0, 4, 3158.98
1572567545, 0, 823, 1256, 1006, 182, 4.68%, 0, 0, 4, 3168.28
1572567550, 0, 824, 1256, 1005, 181, 4.68%, 0, 0, 4, 3143.00
1572567555, 0, 825, 1261, 1009, 180, 4.77%, 0, 0, 5, 3050.33
1572567560, 0, 825, 1262, 1010, 180, 4.77%, 0, 0, 5, 3011.45
1572567565, 0, 828, 1263, 1009, 184, 4.80%, 0, 0, 5, 3034.95
1572567570, 0, 828, 1276, 1022, 184, 4.88%, 0, 0, 5, 3122.46
1572567575, 0, 828, 1285, 1031, 184, 4.88%, 0, 0, 5, 3081.18
1572567581, 0, 831, 1294, 1039, 197, 4.91%, 0, 0, 5, 3029.64
1572567586, 0, 831, 1300, 1045, 197, 4.91%, 0, 0, 5, 2994.50
1572567591, 0, 837, 1302, 1045, 196, 4.92%, 0, 0, 5, 3084.68
1572567596, 0, 839, 1302, 1044, 195, 4.92%, 0, 0, 5, 3150.85
1572567601, 0, 850, 1302, 1043, 194, 4.92%, 0, 0, 5, 3010.05
1572567769, 0, 850, 1303, 1044, 194, 4.92%, 0, 0, 5, 2827.22
1572567774, 0, 857, 1303, 1043, 193, 4.92%, 0, 0, 5, 2750.18
1572567816, 0, 857, 1304, 1044, 193, 4.92%, 0, 0, 5, 2732.92
1572567841, 0, 857, 1305, 1045, 193, 4.92%, 0, 0, 5, 2742.48
1572567928, 0, 857, 1306, 1046, 193, 4.92%, 0, 0, 5, 2741.22
1572567943, 0, 861, 1306, 1045, 193, 4.92%, 0, 0, 5, 2748.77
1572568118, 0, 878, 1307, 1045, 192, 4.92%, 0, 0, 5, 2596.25
1572568138, 0, 878, 1308, 1046, 192, 4.92%, 0, 0, 5, 1552.33
1572568179, 0, 878, 1311, 1049, 192, 4.92%, 0, 0, 5, 1486.50
1572568240, 0, 878, 1312, 1050, 192, 4.92%, 0, 0, 5, 1507.60
1572568331, 0, 878, 1313, 1051, 192, 4.92%, 0, 0, 5, 1504.50
1572568362, 0, 878, 1315, 1053, 192, 4.92%, 0, 0, 5, 1533.56
1572568387, 0, 881, 1315, 1052, 191, 4.92%, 0, 0, 5, 1562.94
1572568423, 0, 881, 1316, 1053, 191, 4.92%, 0, 0, 5, 1464.10
1572568428, 0, 881, 1317, 1054, 191, 4.92%, 0, 0, 5, 1473.91
1572568702, 0, 882, 1317, 1053, 190, 4.92%, 0, 0, 5, 1590.59
1572568707, 0, 882, 1318, 1054, 190, 4.92%, 0, 0, 5, 1543.51
1572568738, 0, 882, 1319, 1055, 190, 4.92%, 0, 0, 5, 1526.56
1572568992, 0, 885, 1319, 1054, 189, 4.92%, 0, 0, 5, 1544.08
1572569033, 0, 885, 1320, 1055, 189, 4.92%, 0, 0, 5, 1417.99
1572569114, 0, 885, 1321, 1056, 189, 4.92%, 0, 0, 5, 1432.33
1572569149, 0, 885, 1322, 1057, 189, 4.92%, 0, 0, 5, 1442.90
1572569154, 0, 885, 1323, 1058, 189, 4.92%, 0, 0, 5, 1448.58
1572569170, 0, 885, 1324, 1059, 189, 4.92%, 0, 0, 5, 1495.47
1572569342, 0, 888, 1324, 1058, 189, 4.92%, 0, 0, 5, 1520.49
1572569378, 0, 888, 1328, 1062, 189, 4.92%, 0, 0, 5, 1454.21
1572569383, 0, 888, 1331, 1065, 189, 4.92%, 0, 0, 5, 1449.93
1572569515, 0, 888, 1332, 1066, 189, 4.92%, 0, 0, 5, 1468.27
1572569693, 0, 890, 1333, 1066, 189, 4.92%, 0, 0, 5, 1525.35
1572569728, 0, 890, 1337, 1070, 189, 4.93%, 0, 0, 5, 1509.75
1572569769, 0, 890, 1338, 1071, 189, 4.93%, 0, 0, 5, 1481.65
1572569926, 0, 890, 1339, 1072, 189, 4.93%, 0, 0, 5, 1502.78
1572569987, 0, 893, 1340, 1072, 188, 4.93%, 0, 0, 5, 1525.10
1572570139, 0, 893, 1341, 1073, 188, 4.93%, 0, 0, 5, 1491.82
1572570322, 0, 894, 1342, 1073, 187, 4.93%, 0, 0, 5, 1493.22
1572570398, 0, 894, 1343, 1074, 187, 4.93%, 0, 0, 5, 1443.90
1572570657, 0, 896, 1344, 1074, 186, 4.93%, 0, 0, 5, 2314.70
1572570831, 0, 900, 1344, 1073, 186, 4.93%, 0, 0, 5, 2738.23
1572570999, 0, 907, 1344, 1072, 185, 4.93%, 0, 0, 5, 2725.31
1572571173, 0, 907, 1345, 1073, 185, 4.95%, 0, 0, 5, 2746.37
1572571188, 0, 910, 1345, 1072, 185, 4.95%, 0, 0, 5, 2777.30
1572571193, 0, 910, 1348, 1075, 185, 4.96%, 0, 0, 5, 2542.98
1572571209, 0, 910, 1351, 1078, 185, 4.99%, 0, 0, 5, 2521.36
1572571214, 0, 910, 1370, 1097, 185, 5.08%, 0, 0, 5, 2507.16
1572571234, 0, 910, 1378, 1105, 185, 5.09%, 0, 0, 5, 2483.32
1572571260, 0, 910, 1386, 1113, 185, 5.10%, 0, 0, 5, 2364.37
1572571270, 0, 910, 1388, 1115, 185, 5.10%, 0, 0, 5, 2503.08
1572571275, 0, 910, 1390, 1117, 185, 5.11%, 0, 0, 5, 2587.40
1572571280, 0, 910, 1397, 1124, 185, 5.12%, 0, 0, 5, 2682.93
1572571353, 0, 910, 1400, 1127, 185, 5.12%, 0, 0, 5, 2530.53
1572571363, 0, 910, 1403, 1130, 185, 5.13%, 0, 0, 5, 2526.01
1572571383, 0, 910, 1405, 1132, 185, 5.13%, 0, 0, 5, 2508.23
1572571398, 0, 912, 1406, 1132, 198, 5.13%, 0, 0, 5, 2814.98
1572571419, 0, 912, 1407, 1133, 198, 5.13%, 0, 0, 5, 2827.70
1572571547, 0, 912, 1408, 1134, 198, 5.13%, 0, 0, 5, 2845.25
1572571552, 0, 915, 1408, 1133, 198, 5.13%, 0, 0, 5, 2854.80
1572571572, 0, 915, 1409, 1134, 198, 5.13%, 0, 0, 5, 2820.29
1572571639, 0, 915, 1410, 1135, 198, 5.13%, 0, 0, 5, 2851.60
1572571716, 0, 919, 1410, 1134, 198, 5.13%, 0, 0, 5, 2751.55
1572571910, 0, 922, 1410, 1133, 198, 5.13%, 0, 0, 5, 2683.93
1572571930, 0, 922, 1417, 1140, 198, 5.14%, 0, 0, 5, 2608.26
1572571951, 0, 922, 1419, 1142, 198, 5.14%, 0, 0, 5, 2631.16
1572571977, 0, 922, 1421, 1144, 198, 5.14%, 0, 0, 5, 2590.01
1572572002, 0, 922, 1427, 1150, 198, 5.14%, 0, 0, 5, 2691.52
1572572053, 0, 922, 1428, 1151, 198, 5.14%, 0, 0, 5, 2702.69
1572572104, 0, 924, 1428, 1150, 193, 5.14%, 0, 0, 5, 2780.20
1572572289, 0, 925, 1428, 1149, 192, 5.14%, 0, 0, 5, 2839.95
1572572314, 0, 925, 1429, 1150, 192, 5.14%, 0, 0, 5, 2618.76
1572572324, 0, 925, 1430, 1151, 192, 5.15%, 0, 0, 5, 2604.11
1572572488, 0, 928, 1430, 1150, 193, 5.15%, 0, 0, 5, 2726.55
1572572503, 0, 928, 1433, 1153, 193, 5.15%, 0, 0, 5, 2704.98
1572572508, 0, 928, 1435, 1155, 193, 5.15%, 0, 0, 5, 2709.83
1572572678, 0, 929, 1435, 1154, 193, 5.15%, 0, 0, 5, 2806.54
1572572698, 0, 929, 1440, 1159, 193, 5.15%, 0, 0, 5, 2696.86
1572572872, 0, 935, 1440, 1158, 193, 5.15%, 0, 0, 5, 2770.93
1572572893, 0, 935, 1442, 1160, 193, 5.15%, 0, 0, 5, 2719.13
1572573062, 0, 942, 1444, 1161, 194, 5.15%, 0, 0, 5, 2913.04
1572573067, 0, 942, 1445, 1162, 194, 5.15%, 0, 0, 5, 2750.34
1572573082, 0, 942, 1450, 1167, 194, 5.15%, 0, 0, 5, 2714.20
1572573087, 0, 942, 1451, 1168, 194, 5.15%, 0, 0, 5, 2712.95
1572573256, 0, 945, 1452, 1168, 193, 5.15%, 0, 0, 5, 2863.84
1572573276, 0, 945, 1453, 1169, 193, 5.15%, 0, 0, 5, 3017.58
1572573389, 0, 949, 1453, 1168, 192, 5.15%, 0, 0, 5, 3020.49
1572573410, 0, 949, 1458, 1173, 192, 5.15%, 0, 0, 5, 2707.37
1572573584, 0, 950, 1458, 1172, 192, 5.15%, 0, 0, 5, 2764.42
1572573604, 0, 950, 1463, 1177, 192, 5.15%, 0, 0, 5, 2684.88
1572573778, 0, 956, 1463, 1176, 192, 5.15%, 0, 0, 5, 2637.20
1572573799, 0, 956, 1467, 1180, 192, 5.15%, 0, 0, 5, 1545.92
1572573804, 0, 956, 1468, 1181, 192, 5.15%, 0, 0, 5, 1470.46
1572574123, 0, 957, 1468, 1180, 192, 5.15%, 0, 0, 5, 1558.12
1572574159, 0, 957, 1472, 1184, 192, 5.15%, 0, 0, 5, 1496.95
1572574164, 0, 957, 1473, 1185, 192, 5.15%, 0, 0, 5, 1477.20
1572574478, 0, 958, 1473, 1184, 192, 5.15%, 0, 0, 5, 1500.17
1572574509, 0, 958, 1476, 1187, 192, 5.15%, 0, 0, 5, 1468.36
1572574514, 0, 958, 1478, 1189, 192, 5.15%, 0, 0, 5, 1472.82
1572574834, 0, 959, 1478, 1188, 192, 5.15%, 0, 0, 5, 1522.05
1572574869, 0, 959, 1483, 1193, 192, 5.15%, 0, 0, 5, 1479.18
1572575179, 0, 990, 1483, 1192, 192, 5.15%, 0, 0, 5, 1571.91
1572575437, 0, 996, 1483, 1191, 191, 5.15%, 0, 0, 5, 1596.62
1572575701, 0, 1001, 1484, 1191, 190, 5.15%, 0, 0, 5, 1649.52
1572575884, 0, 1002, 1485, 1191, 189, 5.15%, 0, 0, 5, 1616.56
1572575909, 0, 1002, 1486, 1192, 189, 5.15%, 0, 0, 5, 1617.52
1572576067, 0, 1004, 1486, 1191, 188, 5.15%, 0, 0, 5, 1621.68
1572576072, 0, 1004, 1487, 1192, 188, 5.15%, 0, 0, 5, 1630.90
1572576097, 0, 1004, 1488, 1193, 188, 5.15%, 0, 0, 5, 1635.81
1572576260, 0, 1005, 1489, 1193, 187, 5.15%, 0, 0, 5, 1658.21
1572576285, 0, 1005, 1490, 1194, 187, 5.15%, 0, 0, 5, 1645.73
1572576422, 0, 1007, 1491, 1194, 186, 5.15%, 0, 0, 5, 2886.14
1572576437, 0, 1007, 1492, 1195, 186, 5.15%, 0, 0, 5, 2900.11
1572576529, 0, 1008, 1493, 1195, 186, 5.15%, 0, 0, 5, 2995.91
1572576545, 0, 1008, 1494, 1196, 186, 5.15%, 0, 0, 5, 2982.15
1572576638, 0, 1009, 1495, 1196, 186, 5.15%, 0, 0, 5, 2971.84
1572576648, 0, 1009, 1496, 1197, 186, 5.15%, 0, 0, 5, 2970.21
1572576741, 0, 1010, 1496, 1196, 186, 5.15%, 0, 0, 5, 3015.81
1572576746, 0, 1010, 1497, 1197, 186, 5.15%, 0, 0, 5, 2988.08
1572576756, 0, 1010, 1498, 1198, 186, 5.15%, 0, 0, 5, 2985.02
1572576854, 0, 1011, 1499, 1198, 186, 5.15%, 0, 0, 5, 2981.83
1572576864, 0, 1011, 1500, 1199, 186, 5.15%, 0, 0, 5, 2981.45
1572576962, 0, 1012, 1501, 1199, 186, 5.15%, 0, 0, 5, 2877.16
1572577075, 0, 1012, 1502, 1200, 186, 5.15%, 0, 0, 5, 2909.83
1572577080, 0, 1015, 1502, 1199, 187, 5.15%, 0, 0, 5, 2948.75
1572577187, 0, 1016, 1503, 1199, 186, 5.15%, 0, 0, 5, 2959.15
1572577290, 0, 1017, 1504, 1199, 186, 5.15%, 0, 0, 5, 2963.23
1572577372, 0, 1017, 1505, 1200, 186, 5.16%, 0, 0, 5, 2955.44
1572577393, 0, 1018, 1506, 1200, 186, 5.16%, 0, 0, 5, 2962.32
1572577500, 0, 1020, 1506, 1199, 186, 5.16%, 0, 0, 5, 2964.29
1572577510, 0, 1021, 1506, 1198, 185, 5.16%, 0, 0, 5, 2948.13
1572577521, 0, 1023, 1506, 1197, 184, 5.16%, 0, 0, 5, 2926.71
1572577541, 0, 1023, 1507, 1198, 184, 5.16%, 0, 0, 5, 2633.77
1572577714, 0, 1024, 1507, 1197, 183, 5.16%, 0, 0, 5, 2734.97
1572577735, 0, 1024, 1508, 1198, 183, 5.16%, 0, 0, 5, 2714.99
1572577893, 0, 1027, 1508, 1197, 182, 5.16%, 0, 0, 5, 2858.30
1572578011, 0, 1028, 1508, 1196, 181, 5.16%, 0, 0, 5, 2999.13
1572578129, 0, 1029, 1508, 1195, 180, 5.16%, 0, 0, 5, 3021.69
1572578257, 0, 1031, 1508, 1194, 179, 5.16%, 0, 0, 5, 2859.29
1572578406, 0, 1033, 1508, 1193, 178, 5.16%, 0, 0, 5, 2994.18
1572578540, 0, 1034, 1508, 1192, 177, 5.16%, 0, 0, 5, 3036.24
1572578673, 0, 1036, 1508, 1191, 176, 5.16%, 0, 0, 5, 3021.46
1572578694, 0, 1036, 1510, 1193, 176, 5.16%, 0, 0, 5, 2811.92
1572578714, 0, 1036, 1511, 1194, 176, 5.16%, 0, 0, 5, 2810.95
1572578807, 0, 1036, 1512, 1195, 176, 5.16%, 0, 0, 5, 2830.30
1572578827, 0, 1038, 1516, 1198, 177, 5.16%, 0, 0, 5, 2859.92
1572578858, 0, 1041, 1516, 1197, 177, 5.16%, 0, 0, 5, 2941.71
1572578884, 0, 1042, 1516, 1196, 176, 5.16%, 0, 0, 5, 2825.01
1572578925, 0, 1042, 1517, 1197, 176, 5.16%, 0, 0, 5, 2820.29
1572578950, 0, 1050, 1517, 1196, 176, 5.16%, 0, 0, 5, 2851.36
1572578971, 0, 1050, 1518, 1197, 176, 5.16%, 0, 0, 5, 2631.96
1572579038, 0, 1050, 1519, 1198, 176, 5.16%, 0, 0, 5, 2688.38
1572579150, 0, 1051, 1519, 1197, 176, 5.16%, 0, 0, 5, 2693.70
1572579170, 0, 1051, 1520, 1198, 176, 5.16%, 0, 0, 5, 2639.15
1572579237, 0, 1051, 1522, 1200, 176, 5.17%, 0, 0, 5, 2643.10
1572579345, 0, 1052, 1522, 1199, 177, 5.17%, 0, 0, 5, 2766.88
1572579437, 0, 1052, 1523, 1200, 177, 5.17%, 0, 0, 5, 2536.87
1572579564, 0, 1053, 1523, 1199, 177, 5.17%, 0, 0, 5, 1496.25
1572579605, 0, 1053, 1524, 1200, 177, 5.17%, 0, 0, 5, 1374.43
1572579742, 0, 1053, 1525, 1201, 177, 5.17%, 0, 0, 5, 1400.51
1572579940, 0, 1054, 1526, 1201, 177, 5.17%, 0, 0, 5, 1464.08
1572580254, 0, 1054, 1527, 1202, 177, 5.17%, 0, 0, 5, 1472.70
1572580259, 0, 1054, 1528, 1203, 177, 5.17%, 0, 0, 5, 1472.51
1572580285, 0, 1056, 1528, 1202, 176, 5.17%, 0, 0, 5, 1468.99
1572580650, 0, 1059, 1528, 1201, 175, 5.17%, 0, 0, 5, 1508.56
1572580690, 0, 1059, 1529, 1202, 175, 5.17%, 0, 0, 5, 1394.19
1572581015, 0, 1060, 1530, 1202, 175, 5.18%, 0, 0, 5, 1562.53
1572581056, 0, 1060, 1531, 1203, 175, 5.18%, 0, 0, 5, 1414.70
1572581376, 0, 1061, 1531, 1202, 175, 5.18%, 0, 0, 5, 1525.29
1572581416, 0, 1061, 1532, 1203, 175, 5.18%, 0, 0, 5, 1397.78
1572581737, 0, 1062, 1532, 1202, 174, 5.18%, 0, 0, 5, 1527.18
1572581772, 0, 1062, 1533, 1203, 174, 5.18%, 0, 0, 5, 1410.59
1572582097, 0, 1063, 1533, 1202, 173, 5.18%, 0, 0, 5, 1536.87
1572582133, 0, 1063, 1534, 1203, 173, 5.18%, 0, 0, 5, 1416.27
1572582352, 0, 1075, 1539, 1207, 172, 5.18%, 0, 0, 5, 2388.96
1572582373, 0, 1075, 1543, 1211, 172, 5.18%, 0, 0, 5, 2207.10
1572582378, 0, 1075, 1555, 1223, 172, 5.20%, 0, 0, 5, 2221.12
1572582403, 0, 1075, 1558, 1226, 172, 5.20%, 0, 0, 5, 2235.08
1572582429, 0, 1075, 1561, 1229, 172, 5.20%, 0, 0, 5, 2247.55
1572582434, 0, 1075, 1563, 1231, 172, 5.20%, 0, 0, 5, 2322.54
1572582444, 0, 1075, 1565, 1233, 172, 5.21%, 0, 0, 5, 2292.20
1572582449, 0, 1075, 1567, 1235, 172, 5.21%, 0, 0, 5, 2323.75
1572582455, 0, 1075, 1572, 1240, 172, 5.22%, 0, 0, 5, 2206.28
1572582470, 0, 1075, 1573, 1241, 172, 5.22%, 0, 0, 5, 2285.36
1572582562, 0, 1075, 1574, 1242, 172, 5.22%, 0, 0, 5, 2368.61
1572582582, 0, 1086, 1575, 1242, 183, 5.22%, 0, 0, 5, 2570.16
1572582629, 0, 1086, 1576, 1243, 183, 5.22%, 0, 0, 5, 2570.71
1572582736, 0, 1086, 1577, 1244, 183, 5.22%, 0, 0, 5, 2604.79
1572582756, 0, 1092, 1577, 1243, 183, 5.22%, 0, 0, 5, 2843.75
1572582777, 0, 1092, 1578, 1244, 183, 5.22%, 0, 0, 5, 2894.03
1572582910, 0, 1103, 1578, 1243, 183, 5.22%, 0, 0, 5, 2745.21
1572582931, 0, 1103, 1582, 1247, 183, 5.22%, 0, 0, 5, 2686.26
1572582951, 0, 1103, 1584, 1249, 183, 5.22%, 0, 0, 5, 2688.20
1572582992, 0, 1103, 1585, 1250, 183, 5.22%, 0, 0, 5, 2332.47
1572583074, 0, 1113, 1586, 1250, 183, 5.22%, 0, 0, 5, 2767.22
1572583089, 0, 1113, 1588, 1252, 183, 5.23%, 0, 0, 5, 2187.58
1572583099, 0, 1113, 1591, 1255, 183, 5.23%, 0, 0, 5, 2223.76
1572583104, 0, 1113, 1592, 1256, 183, 5.23%, 0, 0, 5, 2210.36
1572583171, 0, 1113, 1593, 1257, 183, 5.23%, 0, 0, 5, 2303.60
1572583191, 0, 1113, 1594, 1258, 183, 5.23%, 0, 0, 5, 2325.57
1572583308, 0, 1119, 1594, 1257, 185, 5.23%, 0, 0, 5, 2610.88
1572583472, 0, 1141, 1594, 1256, 184, 5.23%, 0, 0, 5, 2815.18
1572583492, 0, 1141, 1596, 1258, 184, 5.23%, 0, 0, 5, 2712.32
1572583661, 0, 1144, 1596, 1257, 183, 5.23%, 0, 0, 5, 2761.31
1572583682, 0, 1144, 1597, 1258, 183, 5.23%, 0, 0, 5, 2707.14
1572583738, 0, 1144, 1598, 1259, 183, 5.23%, 0, 0, 5, 2741.21
1572583743, 0, 1144, 1599, 1260, 183, 5.23%, 0, 0, 5, 2748.52
1572583850, 0, 1146, 1599, 1259, 182, 5.23%, 0, 0, 5, 2773.77
1572583932, 0, 1146, 1600, 1260, 182, 5.23%, 0, 0, 5, 2783.48
1572584008, 0, 1148, 1600, 1259, 181, 5.23%, 0, 0, 5, 2824.71
1572584193, 0, 1154, 1601, 1259, 180, 5.24%, 0, 0, 5, 3148.16
1572584198, 0, 1155, 1602, 1259, 180, 5.24%, 0, 0, 5, 3195.10
1572584203, 0, 1157, 1607, 1263, 181, 5.26%, 0, 0, 5, 3137.58
1572584208, 0, 1158, 1607, 1262, 183, 5.26%, 0, 0, 5, 3111.16
1572584213, 0, 1159, 1608, 1262, 183, 5.26%, 0, 0, 5, 3047.02
1572584219, 0, 1160, 1608, 1261, 182, 5.26%, 0, 0, 5, 3122.12
1572584224, 0, 1161, 1610, 1262, 181, 5.26%, 0, 0, 5, 3114.67
1572584229, 0, 1163, 1610, 1260, 180, 5.26%, 0, 0, 5, 3089.05
1572584234, 0, 1167, 1610, 1258, 178, 5.26%, 0, 0, 5, 2943.41
1572584316, 0, 1167, 1612, 1260, 178, 5.26%, 0, 0, 5, 2714.67
1572584413, 0, 1167, 1613, 1261, 178, 5.26%, 0, 0, 5, 2743.10
1572584428, 0, 1170, 1613, 1260, 178, 5.26%, 0, 0, 5, 2813.37
1572584606, 0, 1171, 1613, 1259, 177, 5.26%, 0, 0, 5, 2831.36
1572584627, 0, 1171, 1614, 1260, 177, 5.26%, 0, 0, 5, 2722.57
1572584796, 0, 1174, 1614, 1259, 176, 5.26%, 0, 0, 5, 2573.98
1572584816, 0, 1174, 1616, 1261, 176, 5.26%, 0, 0, 5, 2485.72
1572584945, 0, 1174, 1617, 1262, 176, 5.26%, 0, 0, 5, 2589.50
1572585001, 0, 1176, 1618, 1262, 176, 5.26%, 0, 0, 5, 2704.38
1572585021, 0, 1176, 1619, 1263, 176, 5.26%, 0, 0, 5, 2602.75
1572585200, 0, 1178, 1619, 1262, 176, 5.26%, 0, 0, 5, 2609.50
1572585215, 0, 1178, 1620, 1263, 176, 5.26%, 0, 0, 5, 2515.58
1572585475, 0, 1180, 1620, 1262, 176, 5.26%, 0, 0, 5, 1524.25
1572585516, 0, 1180, 1621, 1263, 176, 5.26%, 0, 0, 5, 1393.58
1572585846, 0, 1183, 1621, 1262, 175, 5.26%, 0, 0, 5, 1798.10
1572585851, 0, 1184, 1621, 1261, 174, 5.26%, 0, 0, 5, 1819.67
1572586075, 0, 1184, 1622, 1262, 174, 5.26%, 0, 0, 5, 1353.32
1572586080, 0, 1185, 1622, 1261, 174, 5.26%, 0, 0, 5, 1344.90
1572586430, 0, 1189, 1622, 1260, 173, 5.26%, 0, 0, 5, 1343.80
1572586679, 0, 1190, 1622, 1259, 172, 5.26%, 0, 0, 5, 1393.88
1572586684, 0, 1190, 1623, 1260, 172, 5.26%, 0, 0, 5, 1301.48
1572586694, 0, 1190, 1624, 1261, 172, 5.26%, 0, 0, 5, 1253.06
1572586943, 0, 1196, 1624, 1260, 171, 5.26%, 0, 0, 5, 1371.98
1572587207, 0, 1197, 1624, 1259, 170, 5.26%, 0, 0, 5, 1348.26
1572587410, 0, 1198, 1624, 1258, 169, 5.26%, 0, 0, 5, 1527.99
1572587415, 0, 1198, 1625, 1259, 169, 5.26%, 0, 0, 5, 1583.91
1572587455, 0, 1199, 1627, 1260, 169, 5.27%, 0, 0, 5, 1589.69
1572587496, 0, 1200, 1627, 1259, 170, 5.27%, 0, 0, 5, 1601.84
1572587501, 0, 1200, 1628, 1260, 170, 5.27%, 0, 0, 5, 1628.35
1572587541, 0, 1201, 1630, 1261, 170, 5.27%, 0, 0, 5, 1612.42
1572587587, 0, 1202, 1631, 1261, 171, 5.28%, 0, 0, 5, 1582.40
1572587628, 0, 1203, 1631, 1260, 171, 5.28%, 0, 0, 5, 1620.58
1572587673, 0, 1204, 1632, 1260, 170, 5.28%, 0, 0, 5, 1585.05
1572587678, 0, 1204, 1634, 1262, 170, 5.28%, 0, 0, 5, 1598.80
1572587770, 0, 1205, 1634, 1261, 169, 5.28%, 0, 0, 5, 1610.45
1572587775, 0, 1205, 1636, 1263, 169, 5.28%, 0, 0, 5, 1606.62
1572587847, 0, 1214, 1636, 1262, 168, 5.28%, 0, 0, 5, 1588.41
1572587852, 0, 1214, 1637, 1263, 168, 5.28%, 0, 0, 5, 1618.81
1572587887, 0, 1215, 1637, 1262, 168, 5.28%, 0, 0, 5, 1604.54
1572588014, 0, 1219, 1642, 1266, 167, 5.29%, 0, 0, 5, 2519.23
1572588019, 0, 1219, 1646, 1270, 167, 5.31%, 0, 0, 5, 2757.05
1572588035, 0, 1220, 1646, 1269, 175, 5.31%, 0, 0, 5, 2828.72
1572588096, 0, 1220, 1647, 1270, 175, 5.31%, 0, 0, 5, 2841.55
1572588106, 0, 1221, 1647, 1269, 175, 5.31%, 0, 0, 5, 2836.68
1572588178, 0, 1222, 1647, 1268, 174, 5.31%, 0, 0, 5, 2823.28
1572588245, 0, 1223, 1648, 1268, 173, 5.31%, 0, 0, 5, 2828.25
1572588250, 0, 1223, 1649, 1269, 173, 5.31%, 0, 0, 5, 2839.37
1572588316, 0, 1224, 1649, 1268, 172, 5.31%, 0, 0, 5, 2842.58
1572588383, 0, 1225, 1649, 1267, 171, 5.31%, 0, 0, 5, 2811.94
1572588455, 0, 1227, 1649, 1266, 170, 5.31%, 0, 0, 5, 2822.78
1572588511, 0, 1227, 1650, 1267, 170, 5.31%, 0, 0, 5, 2844.35
1572588522, 0, 1229, 1650, 1266, 170, 5.31%, 0, 0, 5, 2835.30
1572588583, 0, 1230, 1650, 1265, 169, 5.31%, 0, 0, 5, 2835.42
1572588655, 0, 1231, 1650, 1264, 168, 5.31%, 0, 0, 5, 2920.29
1572588675, 0, 1233, 1650, 1263, 167, 5.31%, 0, 0, 5, 2927.19
1572588696, 0, 1236, 1650, 1262, 166, 5.31%, 0, 0, 5, 2869.00
1572588701, 0, 1236, 1652, 1264, 166, 5.31%, 0, 0, 5, 2788.96
1572588731, 0, 1237, 1652, 1263, 165, 5.31%, 0, 0, 5, 2821.02
1572588752, 0, 1239, 1653, 1263, 164, 5.31%, 0, 0, 5, 2841.19
1572588890, 0, 1241, 1654, 1263, 164, 5.31%, 0, 0, 5, 2843.66
1572589029, 0, 1243, 1655, 1263, 164, 5.31%, 0, 0, 5, 2826.13
1572589172, 0, 1245, 1657, 1264, 164, 5.31%, 0, 0, 5, 2532.58
1572589290, 0, 1245, 1658, 1265, 164, 5.31%, 0, 0, 5, 409.59
1572589331, 0, 1245, 1659, 1266, 164, 5.31%, 0, 0, 5, 2297.79
1572589351, 0, 1251, 1661, 1267, 166, 5.31%, 0, 0, 5, 2546.07
1572589382, 0, 1251, 1662, 1268, 166, 5.31%, 0, 0, 5, 2047.60
1572589566, 0, 1251, 1663, 1269, 166, 5.31%, 0, 0, 5, 2109.87
1572589601, 0, 1254, 1664, 1269, 168, 5.31%, 0, 0, 5, 2599.28
1572589658, 0, 1255, 1669, 1273, 168, 5.31%, 0, 0, 5, 2983.96
1572589679, 0, 1255, 1670, 1274, 168, 5.31%, 0, 0, 5, 2921.35
1572589720, 0, 1255, 1672, 1276, 168, 5.31%, 0, 0, 5, 2912.34
1572589766, 0, 1255, 1673, 1277, 168, 5.31%, 0, 0, 5, 2940.83
1572589792, 0, 1259, 1673, 1273, 166, 5.31%, 0, 0, 5, 3047.46
1572589797, 0, 1263, 1679, 1276, 169, 5.33%, 0, 0, 6, 3106.58
1572589802, 0, 1264, 1679, 1275, 168, 5.33%, 0, 0, 6, 3142.89
1572589807, 0, 1265, 1680, 1275, 168, 5.33%, 0, 0, 6, 3150.24
1572589812, 0, 1266, 1680, 1274, 167, 5.33%, 0, 0, 6, 3158.90
1572589817, 0, 1267, 1680, 1273, 166, 5.33%, 0, 0, 6, 3153.48
1572589822, 0, 1267, 1682, 1275, 166, 5.33%, 0, 0, 6, 3095.26
1572589827, 0, 1267, 1686, 1279, 166, 5.34%, 0, 0, 6, 3059.38
1572589832, 0, 1268, 1688, 1280, 167, 5.34%, 0, 0, 6, 3102.39
1572589837, 0, 1269, 1689, 1280, 167, 5.34%, 0, 0, 6, 3109.09
1572589843, 0, 1272, 1690, 1280, 166, 5.34%, 0, 0, 6, 3136.28
1572589848, 0, 1273, 1690, 1279, 165, 5.34%, 0, 0, 6, 3158.21
1572589853, 0, 1275, 1690, 1278, 164, 5.34%, 0, 0, 6, 3137.84
1572589858, 0, 1278, 1691, 1278, 164, 5.34%, 0, 0, 6, 3121.84
1572589863, 0, 1279, 1701, 1287, 163, 5.35%, 0, 0, 6, 3068.31
1572589868, 0, 1285, 1706, 1291, 166, 5.35%, 0, 0, 6, 3121.44
1572589873, 0, 1291, 1709, 1292, 169, 5.36%, 0, 0, 6, 3069.31
1572589878, 0, 1294, 1721, 1302, 168, 5.36%, 0, 0, 6, 3021.67
1572589883, 0, 1294, 1722, 1303, 168, 5.36%, 0, 0, 6, 2959.63
1572589888, 0, 1303, 1724, 1303, 170, 5.37%, 0, 0, 6, 2927.63
1572589909, 0, 1303, 1725, 1304, 170, 5.37%, 0, 0, 6, 2684.45
1572589929, 0, 1303, 1726, 1305, 170, 5.37%, 0, 0, 6, 2720.67
1572590062, 0, 1331, 1726, 1304, 170, 5.37%, 0, 0, 6, 2693.91
1572590078, 0, 1331, 1727, 1305, 170, 5.37%, 0, 0, 6, 2607.14
1572590083, 0, 1331, 1728, 1306, 170, 5.37%, 0, 0, 6, 2667.74
1572590251, 0, 1333, 1728, 1305, 170, 5.37%, 0, 0, 6, 2672.38
1572590272, 0, 1333, 1731, 1308, 170, 5.37%, 0, 0, 6, 2582.60
1572590292, 0, 1333, 1733, 1310, 170, 5.37%, 0, 0, 6, 2619.50
1572590328, 0, 1333, 1735, 1312, 170, 5.37%, 0, 0, 6, 2623.78
1572590333, 0, 1333, 1736, 1313, 170, 5.38%, 0, 0, 6, 2669.55
1572590446, 0, 1343, 1736, 1312, 174, 5.38%, 0, 0, 6, 2797.84
1572590466, 0, 1343, 1737, 1313, 174, 5.38%, 0, 0, 6, 2892.48
1572590517, 0, 1343, 1738, 1314, 174, 5.38%, 0, 0, 6, 2875.02
1572590604, 0, 1344, 1738, 1313, 175, 5.38%, 0, 0, 6, 2677.16
1572590619, 0, 1344, 1740, 1315, 175, 5.38%, 0, 0, 6, 2587.07
1572590625, 0, 1344, 1741, 1316, 175, 5.38%, 0, 0, 6, 2595.08
1572590645, 0, 1344, 1742, 1317, 175, 5.38%, 0, 0, 6, 2590.89
1572590681, 0, 1344, 1743, 1318, 175, 5.38%, 0, 0, 6, 2604.16
1572590686, 0, 1344, 1744, 1319, 175, 5.38%, 0, 0, 6, 2554.47
1572590803, 0, 1352, 1744, 1318, 176, 5.38%, 0, 0, 6, 2772.15
1572590870, 0, 1352, 1745, 1319, 176, 5.38%, 0, 0, 6, 2737.04
1572590962, 0, 1363, 1745, 1318, 175, 5.38%, 0, 0, 6, 2764.70
1572591217, 0, 1369, 1745, 1317, 174, 5.38%, 0, 0, 6, 1382.35
1572591253, 0, 1369, 1747, 1319, 174, 5.38%, 0, 0, 6, 1297.95
1572591258, 0, 1369, 1750, 1322, 174, 5.38%, 0, 0, 6, 1276.01
1572591303, 0, 1369, 1751, 1323, 174, 5.38%, 0, 0, 6, 1289.96
1572591379, 0, 1369, 1752, 1324, 174, 5.38%, 0, 0, 6, 1364.58
1572591624, 0, 1373, 1752, 1323, 175, 5.38%, 0, 0, 6, 1475.01
1572592014, 0, 1381, 1752, 1322, 174, 5.38%, 0, 0, 6, 1496.07
1572592050, 0, 1381, 1753, 1323, 174, 5.38%, 0, 0, 6, 1409.89
1572592162, 0, 1381, 1754, 1324, 174, 5.38%, 0, 0, 6, 1425.02
1572592390, 0, 1387, 1754, 1323, 175, 5.38%, 0, 0, 6, 1389.95
1572592426, 0, 1387, 1755, 1324, 175, 5.38%, 0, 0, 6, 1368.65
1572592563, 0, 1387, 1756, 1325, 175, 5.39%, 0, 0, 6, 1108.26
1572592781, 0, 1388, 1756, 1324, 175, 5.39%, 0, 0, 6, 1389.07
1572592822, 0, 1388, 1763, 1331, 175, 5.39%, 0, 0, 6, 1358.71
1572593168, 0, 1394, 1764, 1331, 174, 5.39%, 0, 0, 6, 1427.63
1572593203, 0, 1394, 1766, 1333, 174, 5.39%, 0, 0, 6, 1395.72
1572593543, 0, 1397, 1766, 1332, 173, 5.39%, 0, 0, 6, 1485.82
1572593934, 0, 1400, 1767, 1332, 172, 5.39%, 0, 0, 6, 1773.47
1572593960, 0, 1400, 1770, 1335, 172, 5.39%, 0, 0, 6, 2353.97
1572594149, 0, 1401, 1771, 1335, 171, 5.39%, 0, 0, 6, 2591.06
1572594169, 0, 1401, 1773, 1337, 171, 5.39%, 0, 0, 6, 2380.20
1572594231, 0, 1401, 1774, 1338, 171, 5.39%, 0, 0, 6, 2400.34
1572594369, 0, 1403, 1774, 1337, 172, 5.39%, 0, 0, 6, 2666.36
1572594568, 0, 1405, 1775, 1337, 171, 5.39%, 0, 0, 6, 2638.93
1572594594, 0, 1405, 1780, 1342, 171, 5.39%, 0, 0, 6, 2382.46
1572594640, 0, 1405, 1781, 1343, 171, 5.39%, 0, 0, 6, 2382.99
1572594676, 0, 1405, 1782, 1344, 171, 5.39%, 0, 0, 6, 2467.65
1572594783, 0, 1406, 1782, 1343, 170, 5.39%, 0, 0, 6, 2740.37
1572594947, 0, 1407, 1782, 1342, 169, 5.39%, 0, 0, 6, 2824.31
1572595100, 0, 1410, 1782, 1341, 168, 5.39%, 0, 0, 6, 2905.95
1572595254, 0, 1412, 1783, 1341, 167, 5.39%, 0, 0, 6, 2698.75
1572595274, 0, 1412, 1784, 1342, 167, 5.39%, 0, 0, 6, 2546.50
1572595331, 0, 1412, 1785, 1343, 167, 5.39%, 0, 0, 6, 2548.19
1572595463, 0, 1417, 1786, 1343, 167, 5.39%, 0, 0, 6, 2626.56
1572595683, 0, 1419, 1786, 1342, 166, 5.39%, 0, 0, 6, 2380.62
1572595704, 0, 1419, 1788, 1344, 166, 5.39%, 0, 0, 6, 2270.31
1572595928, 0, 1420, 1788, 1343, 166, 5.39%, 0, 0, 6, 2512.74
1572595949, 0, 1420, 1789, 1344, 166, 5.39%, 0, 0, 6, 2460.05
1572596153, 0, 1424, 1789, 1343, 165, 5.39%, 0, 0, 6, 2369.09
1572596394, 0, 1425, 1789, 1342, 164, 5.39%, 0, 0, 6, 2401.94
1572596414, 0, 1425, 1790, 1343, 164, 5.39%, 0, 0, 6, 2303.62
1572596639, 0, 1427, 1790, 1342, 164, 5.39%, 0, 0, 6, 2495.01
1572596864, 0, 1428, 1791, 1342, 163, 5.39%, 0, 0, 6, 2623.09
1572597113, 0, 1429, 1791, 1341, 162, 5.39%, 0, 0, 6, 1468.73
1572597134, 0, 1429, 1792, 1342, 162, 5.40%, 0, 0, 6, 1413.16
1572597154, 0, 1429, 1793, 1343, 162, 5.40%, 0, 0, 6, 1420.79
1572597291, 0, 1429, 1794, 1344, 162, 5.40%, 0, 0, 6, 1437.41
1572597397, 0, 1429, 1796, 1346, 162, 5.40%, 0, 0, 6, 1443.11
1572597464, 0, 1429, 1797, 1347, 162, 5.40%, 0, 0, 6, 1479.74
1572597474, 0, 1431, 1797, 1346, 166, 5.40%, 0, 0, 6, 1641.35
1572597722, 0, 1436, 1797, 1345, 165, 5.40%, 0, 0, 6, 1696.24
1572597965, 0, 1446, 1797, 1344, 164, 5.40%, 0, 0, 6, 1694.66
1572598209, 0, 1454, 1797, 1343, 163, 5.40%, 0, 0, 6, 1689.56
1572598453, 0, 1459, 1797, 1342, 162, 5.40%, 0, 0, 6, 1694.50
1572598702, 0, 1466, 1797, 1341, 161, 5.40%, 0, 0, 6, 1560.73
1572598986, 0, 1471, 1797, 1340, 160, 5.40%, 0, 0, 6, 1553.83
1572599265, 0, 1474, 1797, 1339, 159, 5.40%, 0, 0, 6, 1635.70
1572599508, 0, 1479, 1797, 1338, 158, 5.40%, 0, 0, 6, 1668.03
1572599756, 0, 1491, 1797, 1337, 157, 5.40%, 0, 0, 6, 1632.43
1572599812, 0, 1491, 1798, 1338, 157, 5.40%, 0, 0, 6, 1592.30
1572599817, 0, 1491, 1799, 1339, 157, 5.40%, 0, 0, 6, 1603.34
1572599934, 0, 1493, 1799, 1338, 157, 5.40%, 0, 0, 6, 2896.17
1572600042, 0, 1494, 1799, 1337, 156, 5.40%, 0, 0, 6, 2998.43
1572600145, 0, 1496, 1799, 1336, 155, 5.40%, 0, 0, 6, 3037.42
1572600253, 0, 1499, 1799, 1335, 154, 5.40%, 0, 0, 6, 2984.64
1572600361, 0, 1500, 1799, 1334, 153, 5.40%, 0, 0, 6, 2981.99
1572600423, 0, 1500, 1800, 1335, 153, 5.40%, 0, 0, 6, 2868.85
1572600485, 0, 1501, 1801, 1335, 152, 5.40%, 0, 0, 6, 2919.14
1572600603, 0, 1502, 1801, 1334, 152, 5.40%, 0, 0, 6, 2885.63
1572600716, 0, 1502, 1802, 1335, 152, 5.40%, 0, 0, 6, 3001.36
1572600721, 0, 1504, 1803, 1335, 152, 5.40%, 0, 0, 6, 2933.30
1572600726, 0, 1504, 1804, 1336, 152, 5.41%, 0, 0, 6, 2919.97
1572600839, 0, 1505, 1804, 1335, 153, 5.41%, 0, 0, 6, 2970.19
1572600957, 0, 1508, 1804, 1334, 152, 5.41%, 0, 0, 6, 2877.47
1572601105, 0, 1512, 1805, 1334, 151, 5.41%, 0, 0, 6, 2889.00
1572601111, 0, 1512, 1807, 1336, 151, 5.41%, 0, 0, 6, 2912.58
1572601131, 0, 1513, 1809, 1337, 152, 5.41%, 0, 0, 6, 2918.80
1572601167, 0, 1514, 1810, 1337, 152, 5.41%, 0, 0, 6, 2931.44
1572601198, 0, 1515, 1813, 1339, 151, 5.41%, 0, 0, 6, 2931.80
1572601234, 0, 1516, 1813, 1338, 151, 5.41%, 0, 0, 6, 2860.48
1572601301, 0, 1516, 1814, 1339, 151, 5.41%, 0, 0, 6, 2778.77
1572601306, 0, 1518, 1814, 1338, 151, 5.41%, 0, 0, 6, 2688.78
1572601326, 0, 1518, 1816, 1340, 151, 5.41%, 0, 0, 6, 2634.48
1572601500, 0, 1520, 1816, 1339, 150, 5.41%, 0, 0, 6, 2747.43
1572601521, 0, 1520, 1817, 1340, 150, 5.41%, 0, 0, 6, 2621.44
1572601695, 0, 1521, 1817, 1339, 149, 5.41%, 0, 0, 6, 2781.76
1572601716, 0, 1521, 1818, 1340, 149, 5.41%, 0, 0, 6, 2649.85
1572601787, 0, 1521, 1819, 1341, 149, 5.41%, 0, 0, 6, 2670.30
1572601890, 0, 1522, 1819, 1340, 149, 5.41%, 0, 0, 6, 2767.64
1572601910, 0, 1522, 1820, 1341, 149, 5.41%, 0, 0, 6, 2626.51
1572602090, 0, 1524, 1820, 1340, 148, 5.41%, 0, 0, 6, 2691.86
1572602110, 0, 1524, 1821, 1341, 148, 5.41%, 0, 0, 6, 2655.07
1572602284, 0, 1526, 1821, 1340, 148, 5.41%, 0, 0, 6, 2756.17
1572602305, 0, 1526, 1822, 1341, 148, 5.41%, 0, 0, 6, 2697.51
1572602428, 0, 1526, 1823, 1342, 148, 5.41%, 0, 0, 6, 2732.17
1572602468, 0, 1533, 1824, 1342, 149, 5.41%, 0, 0, 6, 2806.31
1572602622, 0, 1534, 1824, 1341, 148, 5.41%, 0, 0, 6, 2822.75
1572602648, 0, 1534, 1825, 1342, 148, 5.41%, 0, 0, 6, 2667.90
1572602699, 0, 1534, 1826, 1343, 148, 5.41%, 0, 0, 6, 2732.07
1572602790, 0, 1537, 1826, 1342, 147, 5.41%, 0, 0, 6, 2730.85
1572602816, 0, 1537, 1827, 1343, 147, 5.42%, 0, 0, 6, 2265.13
1572603035, 0, 1537, 1828, 1344, 147, 5.42%, 0, 0, 6, 1246.88
1572603076, 0, 1540, 1829, 1344, 147, 5.42%, 0, 0, 6, 1447.51
1572603405, 0, 1543, 1830, 1344, 146, 5.42%, 0, 0, 6, 1329.26
1572603450, 0, 1543, 1831, 1345, 146, 5.42%, 0, 0, 6, 1162.06
1572603850, 0, 1544, 1832, 1345, 145, 5.42%, 0, 0, 6, 1443.51
1572603947, 0, 1544, 1833, 1346, 145, 5.42%, 0, 0, 6, 1232.91
1572604044, 0, 1544, 1834, 1347, 145, 5.42%, 0, 0, 6, 665.09
1572604287, 0, 1546, 1835, 1347, 146, 5.42%, 0, 0, 6, 1342.75
1572604333, 0, 1546, 1836, 1348, 146, 5.42%, 0, 0, 6, 1169.05
1572604485, 0, 1546, 1837, 1349, 146, 5.42%, 0, 0, 6, 1155.99
1572604693, 0, 1546, 1838, 1350, 146, 5.42%, 0, 0, 6, 1243.96
1572604728, 0, 1551, 1838, 1349, 146, 5.42%, 0, 0, 6, 1379.40
1572604734, 0, 1551, 1839, 1350, 146, 5.42%, 0, 0, 6, 1393.05
1572604876, 0, 1551, 1840, 1351, 146, 5.42%, 0, 0, 6, 1388.54
1572605058, 0, 1552, 1840, 1350, 145, 5.42%, 0, 0, 6, 1511.05
1572605093, 0, 1552, 1841, 1351, 145, 5.42%, 0, 0, 6, 1491.10
1572605190, 0, 1552, 1842, 1352, 145, 5.42%, 0, 0, 6, 1516.79
1572605358, 0, 1559, 1843, 1352, 144, 5.42%, 0, 0, 6, 1568.60
1572605409, 0, 1559, 1844, 1353, 144, 5.42%, 0, 0, 6, 1118.42
1572605571, 0, 1559, 1846, 1355, 144, 5.43%, 0, 0, 6, 1019.86
1572605830, 0, 1561, 1846, 1354, 146, 5.43%, 0, 0, 6, 1383.06
1572605972, 0, 1561, 1847, 1355, 146, 5.43%, 0, 0, 6, 2447.00
1572605977, 0, 1561, 1848, 1356, 146, 5.43%, 0, 0, 6, 2267.26
1572605982, 0, 1561, 1849, 1357, 146, 5.43%, 0, 0, 6, 2485.75
1572606094, 0, 1563, 1849, 1356, 144, 5.43%, 0, 0, 6, 2737.27
1572606115, 0, 1563, 1850, 1357, 144, 5.43%, 0, 0, 6, 2569.29
1572606161, 0, 1563, 1851, 1358, 144, 5.43%, 0, 0, 6, 2566.48
1572606268, 0, 1574, 1851, 1357, 144, 5.43%, 0, 0, 6, 2802.59
1572606422, 0, 1577, 1851, 1356, 143, 5.43%, 0, 0, 6, 2886.48
1572606443, 0, 1577, 1853, 1358, 143, 5.43%, 0, 0, 6, 2883.55
1572606581, 0, 1580, 1853, 1357, 142, 5.43%, 0, 0, 6, 2803.29
1572606745, 0, 1581, 1853, 1356, 141, 5.43%, 0, 0, 6, 2770.59
1572606908, 0, 1582, 1853, 1355, 140, 5.43%, 0, 0, 6, 2815.69
1572607078, 0, 1583, 1853, 1354, 139, 5.43%, 0, 0, 6, 2820.61
1572607247, 0, 1584, 1853, 1353, 138, 5.43%, 0, 0, 6, 2778.06
1572607411, 0, 1587, 1854, 1353, 137, 5.43%, 0, 0, 6, 2685.75
1572607436, 0, 1587, 1857, 1356, 137, 5.43%, 0, 0, 6, 2233.18
1572607595, 0, 1587, 1858, 1357, 137, 5.43%, 0, 0, 6, 2335.03
1572607615, 0, 1587, 1859, 1358, 137, 5.43%, 0, 0, 6, 2260.83
1572607646, 0, 1589, 1859, 1357, 139, 5.43%, 0, 0, 6, 2598.92
1572607666, 0, 1589, 1865, 1363, 139, 5.43%, 0, 0, 6, 2525.63
1572607671, 0, 1589, 1866, 1364, 139, 5.43%, 0, 0, 6, 2537.47
1572607748, 0, 1589, 1867, 1365, 139, 5.43%, 0, 0, 6, 2578.38
1572607856, 0, 1598, 1867, 1364, 139, 5.43%, 0, 0, 6, 2747.82
1572607876, 0, 1598, 1868, 1365, 139, 5.43%, 0, 0, 6, 2702.19
1572607933, 0, 1598, 1869, 1366, 139, 5.43%, 0, 0, 6, 2741.29
1572607953, 0, 1598, 1870, 1367, 139, 5.43%, 0, 0, 6, 2745.54
1572608045, 0, 1599, 1870, 1366, 138, 5.43%, 0, 0, 6, 2855.01
1572608204, 0, 1600, 1871, 1366, 137, 5.43%, 0, 0, 6, 3038.17
1572608209, 0, 1600, 1873, 1368, 137, 5.44%, 0, 0, 6, 3140.78
1572608214, 0, 1601, 1873, 1367, 137, 5.44%, 0, 0, 6, 3121.10
1572608219, 0, 1602, 1874, 1367, 136, 5.44%, 0, 0, 6, 3181.26
1572608224, 0, 1603, 1874, 1366, 136, 5.44%, 0, 0, 6, 3167.50
1572608229, 0, 1604, 1874, 1365, 135, 5.44%, 0, 0, 6, 3143.91
1572608235, 0, 1605, 1874, 1364, 134, 5.44%, 0, 0, 6, 3146.15
1572608240, 0, 1605, 1875, 1365, 134, 5.45%, 0, 0, 6, 3150.93
1572608245, 0, 1606, 1875, 1364, 134, 5.45%, 0, 0, 6, 3113.35
1572608250, 0, 1607, 1875, 1363, 133, 5.45%, 0, 0, 6, 3107.38
1572608255, 0, 1609, 1876, 1363, 132, 5.45%, 0, 0, 6, 3116.21
1572608260, 0, 1610, 1876, 1362, 131, 5.45%, 0, 0, 6, 3114.37
1572608281, 0, 1610, 1877, 1363, 131, 5.45%, 0, 0, 6, 2908.20
1572608301, 0, 1610, 1881, 1367, 131, 5.45%, 0, 0, 6, 2922.86
1572608332, 0, 1610, 1883, 1369, 131, 5.45%, 0, 0, 6, 2906.80
1572608399, 0, 1610, 1884, 1370, 131, 5.45%, 0, 0, 6, 2902.97
1572608409, 0, 1612, 1884, 1369, 132, 5.45%, 0, 0, 6, 2921.29
1572608604, 0, 1617, 1884, 1368, 131, 5.45%, 0, 0, 6, 2710.78
1572608624, 0, 1617, 1885, 1369, 131, 5.45%, 0, 0, 6, 2476.17
1572608650, 0, 1617, 1886, 1370, 131, 5.45%, 0, 0, 6, 2500.35
1572608680, 0, 1617, 1887, 1371, 131, 5.45%, 0, 0, 6, 2443.41
1572608808, 0, 1618, 1887, 1370, 131, 5.45%, 0, 0, 6, 2673.48
1572609023, 0, 1619, 1887, 1369, 130, 5.45%, 0, 0, 6, 2451.68
1572609388, 0, 1624, 1887, 1368, 129, 5.45%, 0, 0, 6, 1556.20
1572609429, 0, 1625, 1887, 1367, 128, 5.45%, 0, 0, 6, 1591.04
1572609469, 0, 1626, 1887, 1366, 127, 5.45%, 0, 0, 6, 1589.49
1572609510, 0, 1627, 1887, 1365, 126, 5.45%, 0, 0, 6, 1614.88
1572609551, 0, 1630, 1887, 1364, 125, 5.45%, 0, 0, 6, 1626.63
1572609586, 0, 1636, 1887, 1363, 124, 5.45%, 0, 0, 6, 1630.72
1572609626, 0, 1637, 1887, 1362, 123, 5.45%, 0, 0, 6, 1647.89
1572609667, 0, 1638, 1887, 1361, 122, 5.45%, 0, 0, 6, 1613.02
1572609708, 0, 1639, 1887, 1360, 121, 5.45%, 0, 0, 6, 1619.72
1572609748, 0, 1640, 1887, 1359, 120, 5.45%, 0, 0, 6, 1603.89
1572609789, 0, 1641, 1887, 1358, 119, 5.45%, 0, 0, 6, 1626.90
1572609830, 0, 1642, 1887, 1357, 118, 5.45%, 0, 0, 6, 1601.76
1572609865, 0, 1643, 1887, 1356, 117, 5.45%, 0, 0, 6, 1628.19
1572609906, 0, 1644, 1887, 1355, 116, 5.45%, 0, 0, 6, 1592.77
1572609946, 0, 1645, 1887, 1354, 115, 5.45%, 0, 0, 6, 1605.19
1572609987, 0, 1646, 1888, 1354, 114, 5.45%, 0, 0, 6, 1548.61
1572610068, 0, 1646, 1889, 1355, 114, 5.45%, 0, 0, 6, 1537.70
1572610114, 0, 1649, 1889, 1354, 113, 5.45%, 0, 0, 6, 1543.89
1572610195, 0, 1649, 1890, 1355, 113, 5.45%, 0, 0, 6, 1552.43
1572610240, 0, 1650, 1890, 1354, 112, 5.45%, 0, 0, 6, 1537.63
1572610301, 0, 1651, 1890, 1353, 111, 5.45%, 0, 0, 6, 1546.24
1572610347, 0, 1652, 1890, 1352, 110, 5.45%, 0, 0, 6, 1613.05
1572610530, 0, 1652, 1891, 1353, 110, 5.45%, 0, 0, 6, 1597.99
1572610570, 0, 1654, 1891, 1352, 109, 5.45%, 0, 0, 6, 1644.29
1572610611, 0, 1654, 1892, 1353, 109, 5.45%, 0, 0, 6, 1560.89
1572610803, 0, 1655, 1892, 1352, 108, 5.45%, 0, 0, 6, 1567.52
1572610844, 0, 1655, 1893, 1353, 108, 5.45%, 0, 0, 6, 1475.57
1572611046, 0, 1655, 1894, 1354, 108, 5.45%, 0, 0, 6, 1487.91
1572611076, 0, 1658, 1894, 1353, 107, 5.45%, 0, 0, 6, 1523.62
1572611117, 0, 1658, 1896, 1355, 107, 5.45%, 0, 0, 6, 1392.16
1572611229, 0, 1658, 1897, 1356, 107, 5.45%, 0, 0, 6, 1352.64
1572611361, 0, 1660, 1897, 1355, 106, 5.45%, 0, 0, 6, 1384.90
1572611639, 0, 1663, 1897, 1354, 105, 5.45%, 0, 0, 6, 1626.04
1572611675, 0, 1668, 1897, 1353, 104, 5.45%, 0, 0, 6, 1733.84
1572611680, 0, 1668, 1900, 1356, 104, 5.45%, 0, 0, 6, 1623.61
1572611690, 0, 1668, 1901, 1357, 104, 5.45%, 0, 0, 6, 1597.21
1572611715, 0, 1668, 1903, 1359, 104, 5.45%, 0, 0, 6, 1603.21
1572611751, 0, 1668, 1904, 1360, 104, 5.45%, 0, 0, 6, 1611.21
1572611796, 0, 1668, 1905, 1361, 104, 5.45%, 0, 0, 6, 1570.68
1572611918, 0, 1670, 1909, 1364, 103, 5.45%, 0, 0, 6, 1592.28
1572611938, 0, 1670, 1916, 1371, 103, 5.46%, 0, 0, 6, 1569.21
1572612126, 0, 1676, 1916, 1367, 102, 5.46%, 0, 0, 6, 2973.52
1572612131, 0, 1677, 1920, 1370, 101, 5.49%, 0, 0, 7, 3008.33
1572612136, 0, 1682, 1926, 1373, 104, 5.51%, 0, 0, 7, 3039.22
1572612141, 0, 1683, 1927, 1373, 103, 5.51%, 0, 0, 7, 3104.25
1572612146, 0, 1684, 1928, 1373, 102, 5.51%, 0, 0, 7, 3157.18
1572612151, 0, 1688, 1931, 1375, 103, 5.51%, 0, 0, 7, 3102.01
1572612156, 0, 1690, 1931, 1374, 102, 5.51%, 0, 0, 7, 3092.89
1572612161, 0, 1693, 1933, 1375, 101, 5.52%, 0, 0, 7, 3123.04
1572612166, 0, 1697, 1933, 1374, 101, 5.52%, 0, 0, 7, 3102.69
1572612171, 0, 1703, 1934, 1373, 99, 5.52%, 0, 0, 7, 3128.16
1572612176, 0, 1703, 1937, 1376, 99, 5.52%, 0, 0, 7, 3153.06
1572612181, 0, 1703, 1939, 1378, 99, 5.52%, 0, 0, 7, 3106.92
1572612186, 0, 1704, 1941, 1379, 99, 5.52%, 0, 0, 7, 3129.40
1572612191, 0, 1705, 1941, 1378, 98, 5.52%, 0, 0, 7, 3165.65
1572612197, 0, 1708, 1944, 1380, 98, 5.52%, 0, 0, 7, 3165.43
1572612202, 0, 1710, 1950, 1384, 96, 5.52%, 0, 0, 7, 3041.12
1572612207, 0, 1710, 1952, 1386, 96, 5.52%, 0, 0, 7, 3014.28
1572612212, 0, 1713, 1957, 1389, 97, 5.53%, 0, 0, 7, 3021.66
1572612217, 0, 1724, 1957, 1385, 94, 5.53%, 0, 0, 7, 3033.97
1572612411, 0, 1726, 1957, 1384, 93, 5.53%, 0, 0, 7, 2757.76
1572612570, 0, 1730, 1957, 1383, 92, 5.53%, 0, 0, 7, 2790.28
1572612647, 0, 1730, 1958, 1384, 92, 5.53%, 0, 0, 7, 2706.45
1572612652, 0, 1730, 1959, 1385, 92, 5.53%, 0, 0, 7, 2702.05
1572612754, 0, 1731, 1959, 1384, 91, 5.53%, 0, 0, 7, 2781.39
1572612913, 0, 1735, 1959, 1383, 90, 5.53%, 0, 0, 7, 2856.91
1572612934, 0, 1735, 1961, 1385, 90, 5.53%, 0, 0, 7, 2698.90
1572613107, 0, 1737, 1961, 1384, 90, 5.53%, 0, 0, 7, 2846.99
1572613123, 0, 1737, 1962, 1385, 90, 5.53%, 0, 0, 7, 2877.58
1572613262, 0, 1739, 1962, 1384, 91, 5.53%, 0, 0, 7, 2744.16
1572613462, 0, 1743, 1963, 1384, 90, 5.53%, 0, 0, 7, 2715.12
1572613651, 0, 1750, 1963, 1383, 89, 5.53%, 0, 0, 7, 2789.80
1572613656, 0, 1750, 1964, 1384, 89, 5.53%, 0, 0, 7, 2474.76
1572613871, 0, 1753, 1964, 1383, 89, 5.53%, 0, 0, 7, 2688.57
1572614071, 0, 1759, 1965, 1383, 88, 5.53%, 0, 0, 7, 2614.30
1572614402, 0, 1759, 1966, 1384, 88, 5.53%, 0, 0, 7, 1381.77
1572614407, 0, 1759, 1968, 1386, 88, 5.53%, 0, 0, 7, 1386.69
1572614484, 0, 1759, 1970, 1388, 88, 5.53%, 0, 0, 7, 1456.75
1572614504, 0, 1770, 1970, 1387, 88, 5.53%, 0, 0, 7, 1798.88
1572614529, 0, 1770, 1971, 1388, 88, 5.53%, 0, 0, 7, 2426.04
1572614724, 0, 1771, 1971, 1387, 87, 5.53%, 0, 0, 7, 2692.44
1572614938, 0, 1772, 1971, 1386, 86, 5.53%, 0, 0, 7, 2731.74
1572615086, 0, 1773, 1971, 1385, 85, 5.53%, 0, 0, 7, 2848.71
1572615305, 0, 1780, 1972, 1385, 84, 5.53%, 0, 0, 7, 2653.93
1572615505, 0, 1780, 1973, 1386, 84, 5.53%, 0, 0, 7, 2569.42
1572615520, 0, 1783, 1974, 1386, 83, 5.53%, 0, 0, 7, 2694.83
1572615541, 0, 1783, 1975, 1387, 83, 5.53%, 0, 0, 7, 2682.00
1572615592, 0, 1783, 1976, 1388, 83, 5.53%, 0, 0, 7, 2699.43
1572615715, 0, 1784, 1976, 1387, 84, 5.53%, 0, 0, 7, 2761.50
1572615925, 0, 1787, 1976, 1386, 83, 5.53%, 0, 0, 7, 2585.22
1572615940, 0, 1787, 1977, 1387, 83, 5.53%, 0, 0, 7, 2229.59
1572615950, 0, 1787, 1986, 1396, 83, 5.55%, 0, 0, 7, 2278.32
1572615976, 0, 1787, 1987, 1397, 83, 5.55%, 0, 0, 7, 2288.42
1572616073, 0, 1787, 1988, 1398, 83, 5.55%, 0, 0, 7, 2071.55
1572616170, 0, 1788, 1988, 1397, 89, 5.55%, 0, 0, 7, 2618.95
1572616175, 0, 1788, 1989, 1398, 89, 5.55%, 0, 0, 7, 2554.40
1572616385, 0, 1789, 1989, 1397, 88, 5.55%, 0, 0, 7, 2750.15
1572616615, 0, 1790, 1989, 1396, 87, 5.55%, 0, 0, 7, 2635.61
1572616809, 0, 1791, 1989, 1395, 86, 5.55%, 0, 0, 7, 2669.50
1572616962, 0, 1791, 1990, 1396, 86, 5.55%, 0, 0, 7, 2641.13
1572617002, 0, 1792, 1990, 1395, 85, 5.55%, 0, 0, 7, 2751.79
1572617202, 0, 1794, 1990, 1394, 84, 5.55%, 0, 0, 7, 2659.36
1572617396, 0, 1796, 1990, 1393, 83, 5.55%, 0, 0, 7, 2712.25
1572617421, 0, 1796, 1992, 1395, 83, 5.55%, 0, 0, 7, 2611.15
1572617437, 0, 1796, 1993, 1396, 83, 5.55%, 0, 0, 7, 2608.19
1572617493, 0, 1796, 1994, 1397, 83, 5.55%, 0, 0, 7, 2592.50
1572617610, 0, 1797, 1994, 1396, 84, 5.55%, 0, 0, 7, 1584.01
1572617798, 0, 1800, 1994, 1395, 83, 5.55%, 0, 0, 7, 1645.05
1572618017, 0, 1801, 1994, 1394, 82, 5.55%, 0, 0, 7, 1579.93
1572618032, 0, 1801, 1995, 1395, 82, 5.55%, 0, 0, 7, 1572.94
1572618204, 0, 1801, 1996, 1396, 82, 5.55%, 0, 0, 7, 1612.25
1572618234, 0, 1802, 1996, 1395, 81, 5.55%, 0, 0, 7, 1600.84
1572618254, 0, 1802, 1997, 1396, 81, 5.55%, 0, 0, 7, 1606.25
1572618452, 0, 1803, 1997, 1395, 80, 5.55%, 0, 0, 7, 1608.89
1572618467, 0, 1803, 1998, 1396, 80, 5.55%, 0, 0, 7, 1557.57
1572618670, 0, 1804, 1998, 1395, 80, 5.55%, 0, 0, 7, 1577.99
1572618720, 0, 1806, 1998, 1394, 79, 5.55%, 0, 0, 7, 1589.27
1572618766, 0, 1808, 1999, 1394, 78, 5.55%, 0, 0, 7, 1585.46
1572618771, 0, 1808, 2000, 1395, 78, 5.55%, 0, 0, 7, 1607.46
1572618832, 0, 1811, 2001, 1395, 77, 5.55%, 0, 0, 7, 1570.33
1572618898, 0, 1813, 2002, 1395, 76, 5.55%, 0, 0, 7, 1580.39
1572618913, 0, 1813, 2003, 1396, 76, 5.55%, 0, 0, 7, 1591.20
1572618979, 0, 1818, 2003, 1395, 76, 5.55%, 0, 0, 7, 1583.38
1572619020, 0, 1818, 2006, 1398, 76, 5.55%, 0, 0, 7, 1415.89
1572619349, 0, 1820, 2006, 1397, 76, 5.55%, 0, 0, 7, 1393.07
1572619734, 0, 1820, 2007, 1398, 76, 5.55%, 0, 0, 7, 1355.08
1572619739, 0, 1822, 2007, 1397, 75, 5.55%, 0, 0, 7, 1499.16
