# unix_time, cycles_done, cur_path, paths_total, pending_total, pending_favs, map_size, unique_crashes, unique_hangs, max_depth, execs_per_sec
1572208462, 0, 0, 1, 1, 1, 1.37%, 0, 0, 1, 2000.00
1572208468, 0, 0, 61, 61, 1, 1.79%, 0, 0, 2, 2790.52
1572208483, 0, 0, 169, 169, 1, 2.11%, 0, 0, 2, 2920.81
1572208488, 0, 0, 209, 209, 1, 2.25%, 0, 0, 2, 2918.26
1572208503, 0, 0, 213, 213, 1, 2.26%, 0, 0, 2, 2905.57
1572208508, 0, 0, 219, 219, 1, 2.27%, 0, 0, 2, 2948.36
1572208524, 0, 0, 226, 226, 1, 2.31%, 0, 0, 2, 2901.95
1572208529, 0, 0, 254, 254, 1, 2.62%, 0, 0, 2, 2917.56
1572208534, 0, 0, 258, 258, 1, 2.63%, 0, 0, 2, 2900.15
1572208539, 0, 0, 266, 266, 1, 2.73%, 0, 0, 2, 2926.93
1572208544, 0, 0, 271, 271, 1, 2.74%, 0, 0, 2, 2919.78
1572208554, 0, 0, 281, 281, 1, 2.75%, 0, 0, 2, 2864.82
1572208560, 0, 0, 282, 282, 1, 2.75%, 0, 0, 2, 2908.21
1572208565, 0, 0, 283, 283, 1, 2.75%, 0, 0, 2, 2883.00
1572208580, 0, 0, 284, 284, 1, 2.76%, 0, 0, 2, 2849.94
1572208601, 0, 0, 287, 287, 1, 2.76%, 0, 0, 2, 2794.18
1572208606, 0, 0, 293, 293, 1, 2.81%, 0, 0, 2, 2802.63
1572208611, 0, 0, 295, 295, 1, 2.81%, 0, 0, 2, 2813.94
1572208621, 0, 0, 298, 298, 1, 2.82%, 0, 0, 2, 2794.91
1572208631, 0, 0, 329, 329, 1, 2.84%, 0, 0, 2, 3005.55
1572208636, 0, 0, 341, 341, 1, 2.86%, 0, 0, 2, 3057.57
1572208641, 0, 31, 347, 336, 100, 2.86%, 0, 0, 2, 3244.86
1572208647, 0, 31, 349, 338, 100, 2.86%, 0, 0, 3, 2985.62
1572208662, 0, 31, 350, 339, 100, 2.86%, 0, 0, 3, 2939.05
1572208759, 0, 34, 350, 338, 101, 2.86%, 0, 0, 3, 2535.61
1572208775, 0, 34, 351, 339, 101, 2.86%, 0, 0, 3, 1542.65
1572208780, 0, 34, 352, 340, 101, 2.86%, 0, 0, 3, 1371.40
1572208785, 0, 34, 353, 341, 101, 2.86%, 0, 0, 3, 1352.93
1572208790, 0, 34, 354, 342, 101, 2.86%, 0, 0, 3, 1356.39
1572208831, 0, 34, 355, 343, 101, 2.87%, 0, 0, 3, 1350.14
1572208902, 0, 34, 356, 344, 101, 2.87%, 0, 0, 3, 1380.71
1572208932, 0, 34, 358, 346, 101, 2.87%, 0, 0, 3, 1372.47
1572209085, 0, 56, 358, 344, 102, 2.87%, 0, 0, 3, 1570.54
1572209090, 0, 57, 358, 343, 101, 2.87%, 0, 0, 3, 1387.32
1572209126, 0, 57, 360, 345, 101, 2.87%, 0, 0, 3, 1324.10
1572209136, 0, 57, 361, 346, 101, 2.87%, 0, 0, 3, 1332.34
1572209228, 0, 57, 362, 347, 101, 2.94%, 0, 0, 3, 1364.09
1572209440, 0, 66, 362, 346, 102, 2.94%, 0, 0, 3, 1470.43
1572209486, 0, 66, 363, 347, 102, 2.94%, 0, 0, 3, 1329.88
1572209597, 0, 66, 364, 348, 102, 2.94%, 0, 0, 3, 1368.74
1572209725, 0, 70, 365, 348, 103, 2.94%, 0, 0, 3, 2819.67
1572209730, 0, 126, 365, 339, 94, 2.94%, 0, 0, 3, 3136.88
1572209735, 0, 132, 365, 338, 93, 2.94%, 0, 0, 3, 2816.28
1572209750, 0, 132, 367, 340, 93, 2.95%, 0, 0, 3, 2684.05
1572209776, 0, 132, 368, 341, 93, 2.95%, 0, 0, 3, 2697.92
1572209908, 0, 145, 368, 337, 90, 2.95%, 0, 0, 3, 2942.31
1572209913, 0, 145, 369, 338, 90, 2.99%, 0, 0, 3, 2757.38
1572209929, 0, 145, 374, 343, 90, 2.99%, 0, 0, 3, 2697.77
1572209975, 0, 145, 375, 344, 90, 2.99%, 0, 0, 3, 2661.75
1572209996, 0, 145, 376, 345, 90, 2.99%, 0, 0, 3, 2705.12
1572210088, 0, 165, 377, 343, 88, 2.99%, 0, 0, 3, 2887.80
1572210113, 0, 165, 378, 344, 88, 2.99%, 0, 0, 3, 2694.24
1572210154, 0, 165, 379, 345, 88, 2.99%, 0, 0, 3, 2660.82
1572210169, 0, 165, 380, 346, 88, 2.99%, 0, 0, 3, 2713.47
1572210174, 0, 165, 381, 347, 88, 2.99%, 0, 0, 3, 2700.60
1572210266, 0, 171, 382, 347, 91, 2.99%, 0, 0, 3, 2744.05
1572210287, 0, 171, 384, 349, 91, 3.00%, 0, 0, 3, 2630.32
1572210292, 0, 171, 386, 351, 91, 3.00%, 0, 0, 3, 2617.59
1572210338, 0, 171, 388, 353, 91, 3.00%, 0, 0, 3, 2651.19
1572210348, 0, 171, 389, 354, 91, 3.00%, 0, 0, 3, 2668.37
1572210364, 0, 171, 390, 355, 91, 3.00%, 0, 0, 3, 2646.06
1572210420, 0, 171, 391, 356, 91, 3.00%, 0, 0, 3, 2660.58
1572210451, 0, 176, 391, 355, 94, 3.00%, 0, 0, 3, 2690.27
1572210466, 0, 176, 392, 356, 94, 3.00%, 0, 0, 3, 2686.09
1572210471, 0, 176, 394, 358, 94, 3.00%, 0, 0, 3, 2703.89
1572210527, 0, 176, 398, 362, 94, 3.01%, 0, 0, 3, 2720.41
1572210542, 0, 176, 399, 363, 94, 3.01%, 0, 0, 3, 2704.68
1572210547, 0, 176, 400, 364, 94, 3.01%, 0, 0, 3, 2720.75
1572210624, 0, 176, 404, 368, 94, 3.02%, 0, 0, 3, 2789.85
1572210629, 0, 176, 409, 373, 94, 3.02%, 0, 0, 3, 2902.40
1572210634, 0, 181, 414, 377, 102, 3.02%, 0, 0, 3, 2937.91
1572210639, 0, 208, 416, 372, 95, 3.02%, 0, 0, 3, 2960.83
1572210659, 0, 208, 419, 375, 95, 3.03%, 0, 0, 3, 2704.18
1572210685, 0, 208, 420, 376, 95, 3.03%, 0, 0, 3, 2700.92
1572210711, 0, 208, 421, 377, 95, 3.03%, 0, 0, 3, 2688.38
1572210818, 0, 209, 422, 377, 95, 3.03%, 0, 0, 3, 2751.39
1572210838, 0, 209, 429, 384, 95, 3.05%, 0, 0, 3, 2645.79
1572210992, 0, 209, 430, 385, 95, 3.05%, 0, 0, 3, 2693.78
1572211002, 0, 233, 430, 377, 93, 3.05%, 0, 0, 3, 3056.36
1572211007, 0, 235, 432, 378, 92, 3.05%, 0, 0, 3, 2796.00
1572211074, 0, 235, 433, 379, 92, 3.05%, 0, 0, 3, 2718.69
1572211156, 0, 235, 434, 380, 92, 3.05%, 0, 0, 3, 2703.09
1572211186, 0, 254, 435, 376, 90, 3.05%, 0, 0, 3, 2984.76
1572211207, 0, 254, 436, 377, 90, 3.05%, 0, 0, 3, 2683.02
1572211340, 0, 254, 437, 378, 90, 3.06%, 0, 0, 3, 2702.53
1572211366, 0, 256, 437, 377, 90, 3.06%, 0, 0, 3, 2771.54
1572211371, 0, 257, 437, 376, 89, 3.06%, 0, 0, 3, 2726.21
1572211386, 0, 257, 439, 378, 89, 3.06%, 0, 0, 3, 2686.62
1572211391, 0, 257, 440, 379, 89, 3.06%, 0, 0, 3, 2688.50
1572211412, 0, 257, 441, 380, 89, 3.06%, 0, 0, 3, 2709.94
1572211448, 0, 257, 444, 383, 89, 3.07%, 0, 0, 3, 2725.80
1572211549, 0, 261, 445, 382, 88, 3.07%, 0, 0, 3, 2794.97
1572211570, 0, 261, 454, 391, 88, 3.09%, 0, 0, 3, 2670.08
1572211575, 0, 261, 455, 392, 88, 3.09%, 0, 0, 3, 2653.76
1572211590, 0, 261, 457, 394, 88, 3.10%, 0, 0, 3, 2675.06
1572211621, 0, 261, 458, 395, 88, 3.10%, 0, 0, 3, 2700.34
1572211631, 0, 261, 459, 396, 88, 3.10%, 0, 0, 3, 2715.67
1572211734, 0, 261, 465, 402, 88, 3.10%, 0, 0, 3, 2897.74
1572211739, 0, 261, 466, 403, 88, 3.10%, 0, 0, 3, 2948.18
1572211744, 0, 265, 466, 401, 92, 3.10%, 0, 0, 3, 2857.00
1572211764, 0, 265, 467, 402, 92, 3.10%, 0, 0, 3, 2672.22
1572211811, 0, 265, 468, 403, 92, 3.10%, 0, 0, 3, 2647.77
1572211831, 0, 265, 469, 404, 92, 3.10%, 0, 0, 3, 2706.93
1572211841, 0, 265, 471, 406, 92, 3.10%, 0, 0, 3, 2707.69
1572211902, 0, 265, 472, 407, 92, 3.10%, 0, 0, 3, 2710.09
1572211927, 0, 266, 473, 407, 90, 3.10%, 0, 0, 3, 2669.75
1572211948, 0, 266, 474, 408, 90, 3.10%, 0, 0, 3, 2608.68
1572212050, 0, 266, 475, 409, 90, 3.11%, 0, 0, 3, 1316.46
1572212065, 0, 266, 476, 410, 90, 3.11%, 0, 0, 3, 1304.06
1572212259, 0, 267, 476, 409, 89, 3.11%, 0, 0, 3, 1424.47
1572212305, 0, 267, 477, 410, 89, 3.11%, 0, 0, 3, 1305.38
1572212421, 0, 267, 478, 411, 89, 3.11%, 0, 0, 3, 1328.83
1572212442, 0, 267, 479, 412, 89, 3.11%, 0, 0, 3, 1322.50
1572212635, 0, 268, 479, 411, 90, 3.11%, 0, 0, 3, 1359.99
1572212676, 0, 268, 480, 412, 90, 3.11%, 0, 0, 3, 1311.09
1572212681, 0, 268, 481, 413, 90, 3.11%, 0, 0, 3, 1298.64
1572212798, 0, 268, 483, 415, 90, 3.11%, 0, 0, 3, 1334.68
1572212809, 0, 268, 484, 416, 90, 3.11%, 0, 0, 3, 1317.75
1572212819, 0, 268, 485, 417, 90, 3.11%, 0, 0, 3, 1313.93
1572212987, 0, 268, 486, 418, 90, 3.11%, 0, 0, 3, 1301.55
1572213012, 0, 269, 486, 417, 93, 3.11%, 0, 0, 3, 1442.47
1572213058, 0, 269, 487, 418, 93, 3.11%, 0, 0, 3, 1298.65
1572213180, 0, 269, 488, 419, 93, 3.11%, 0, 0, 3, 1319.13
1572213206, 0, 269, 489, 420, 93, 3.11%, 0, 0, 3, 1312.93
1572213390, 0, 269, 490, 421, 93, 3.11%, 0, 0, 3, 1332.53
1572213395, 0, 272, 490, 418, 92, 3.11%, 0, 0, 3, 1527.53
1572213441, 0, 272, 491, 419, 92, 3.11%, 0, 0, 3, 2457.39
1572213497, 0, 272, 492, 420, 92, 3.12%, 0, 0, 3, 2709.97
1572213512, 0, 272, 493, 421, 92, 3.12%, 0, 0, 3, 2681.86
1572213599, 0, 288, 493, 420, 93, 3.12%, 0, 0, 3, 2806.39
1572213620, 0, 288, 508, 435, 93, 3.12%, 0, 0, 3, 2693.17
1572213625, 0, 288, 511, 438, 93, 3.12%, 0, 0, 3, 2689.46
1572213671, 0, 288, 513, 440, 93, 3.12%, 0, 0, 3, 2679.55
1572213707, 0, 288, 514, 441, 93, 3.12%, 0, 0, 3, 2725.11
1572213753, 0, 288, 515, 442, 93, 3.12%, 0, 0, 3, 2678.78
1572213758, 0, 288, 517, 444, 93, 3.12%, 0, 0, 3, 2698.67
1572213773, 0, 288, 518, 445, 93, 3.12%, 0, 0, 3, 2728.55
1572213783, 0, 309, 518, 443, 97, 3.12%, 0, 0, 3, 2768.35
1572213804, 0, 309, 521, 446, 97, 3.12%, 0, 0, 3, 2616.62
1572213824, 0, 309, 522, 447, 97, 3.12%, 0, 0, 3, 2619.63
1572213855, 0, 309, 523, 448, 97, 3.12%, 0, 0, 3, 2657.37
1572213973, 0, 314, 527, 449, 94, 3.13%, 0, 0, 3, 2769.10
1572213993, 0, 314, 532, 454, 94, 3.13%, 0, 0, 3, 2646.06
1572214045, 0, 314, 534, 456, 94, 3.13%, 0, 0, 3, 2686.31
1572214050, 0, 314, 536, 458, 94, 3.14%, 0, 0, 3, 2717.04
1572214055, 0, 314, 538, 460, 94, 3.15%, 0, 0, 3, 2693.87
1572214070, 0, 314, 540, 462, 94, 3.15%, 0, 0, 3, 2713.25
1572214117, 0, 314, 542, 464, 94, 3.15%, 0, 0, 3, 2704.90
1572214142, 0, 314, 543, 465, 94, 3.16%, 0, 0, 3, 2732.29
1572214158, 0, 317, 544, 465, 107, 3.19%, 0, 0, 3, 2919.30
1572214163, 0, 317, 558, 479, 107, 3.27%, 0, 0, 3, 3002.88
1572214168, 0, 319, 566, 486, 120, 3.39%, 0, 0, 3, 3023.65
1572214173, 0, 323, 566, 485, 119, 3.39%, 0, 0, 3, 2895.58
1572214209, 0, 323, 567, 486, 119, 3.39%, 0, 0, 3, 2864.90
1572214235, 0, 323, 569, 488, 119, 3.39%, 0, 0, 3, 2864.88
1572214276, 0, 323, 570, 489, 119, 3.39%, 0, 0, 3, 2895.42
1572214286, 0, 329, 576, 494, 120, 3.39%, 0, 0, 3, 2885.67
1572214307, 0, 329, 580, 498, 120, 3.39%, 0, 0, 3, 2802.20
1572214327, 0, 329, 581, 499, 120, 3.39%, 0, 0, 3, 2816.93
1572214348, 0, 329, 582, 500, 120, 3.39%, 0, 0, 3, 2820.71
1572214353, 0, 329, 585, 503, 120, 3.39%, 0, 0, 3, 2822.83
1572214435, 0, 336, 589, 503, 125, 3.43%, 0, 0, 3, 2991.52
1572214440, 0, 337, 589, 502, 125, 3.43%, 0, 0, 3, 2756.08
1572214455, 0, 337, 590, 503, 125, 3.43%, 0, 0, 3, 2661.56
1572214460, 0, 337, 592, 505, 125, 3.43%, 0, 0, 3, 2678.61
1572214604, 0, 337, 593, 506, 125, 3.43%, 0, 0, 3, 2673.96
1572214624, 0, 340, 595, 507, 126, 3.43%, 0, 0, 3, 2826.24
1572214645, 0, 340, 597, 509, 126, 3.43%, 0, 0, 3, 2921.01
1572214691, 0, 340, 600, 512, 126, 3.43%, 0, 0, 3, 2860.11
1572214763, 0, 341, 601, 512, 126, 3.44%, 0, 0, 3, 2839.03
1572214784, 0, 341, 611, 522, 126, 3.52%, 0, 0, 3, 2715.40
1572214804, 0, 341, 613, 524, 126, 3.52%, 0, 0, 3, 2764.55
1572214825, 0, 341, 614, 525, 126, 3.53%, 0, 0, 3, 2751.59
1572214830, 0, 341, 615, 526, 126, 3.53%, 0, 0, 3, 2762.97
1572214845, 0, 341, 618, 529, 126, 3.53%, 0, 0, 3, 2791.67
1572214901, 0, 357, 618, 525, 133, 3.53%, 0, 0, 3, 2971.25
1572214906, 0, 361, 676, 581, 132, 3.62%, 0, 0, 4, 2828.26
1572214916, 0, 361, 689, 594, 132, 3.63%, 0, 0, 4, 2745.81
1572214926, 0, 361, 690, 595, 132, 3.63%, 0, 0, 4, 2764.10
1572214931, 0, 361, 691, 596, 132, 3.63%, 0, 0, 4, 2763.85
1572214942, 0, 361, 700, 605, 132, 3.64%, 0, 0, 4, 2757.00
1572214947, 0, 361, 701, 606, 132, 3.64%, 0, 0, 4, 2760.74
1572214952, 0, 361, 702, 607, 132, 3.65%, 0, 0, 4, 2757.42
1572214962, 0, 361, 705, 610, 132, 3.65%, 0, 0, 4, 2769.18
1572214967, 0, 361, 710, 615, 132, 3.66%, 0, 0, 4, 2790.09
1572214972, 0, 361, 712, 617, 132, 3.66%, 0, 0, 4, 2736.84
1572214977, 0, 361, 724, 629, 132, 3.67%, 0, 0, 4, 2742.66
1572214982, 0, 361, 737, 642, 132, 3.68%, 0, 0, 4, 2735.66
1572214987, 0, 380, 739, 639, 161, 3.68%, 0, 0, 4, 2961.37
1572214993, 0, 381, 742, 641, 160, 3.68%, 0, 0, 4, 2696.40
1572215008, 0, 381, 748, 647, 160, 3.68%, 0, 0, 4, 2569.83
1572215013, 0, 381, 752, 651, 160, 3.68%, 0, 0, 4, 2578.75
1572215033, 0, 381, 754, 653, 160, 3.68%, 0, 0, 4, 2576.27
1572215038, 0, 381, 755, 654, 160, 3.68%, 0, 0, 4, 2558.93
1572215064, 0, 381, 758, 657, 160, 3.68%, 0, 0, 4, 2591.49
1572215074, 0, 381, 760, 659, 160, 3.68%, 0, 0, 4, 2639.94
1572215090, 0, 381, 761, 660, 160, 3.68%, 0, 0, 4, 2633.38
1572215161, 0, 381, 763, 662, 160, 3.68%, 0, 0, 4, 2647.83
1572215176, 0, 386, 763, 660, 162, 3.68%, 0, 0, 4, 2770.64
1572215330, 0, 386, 764, 661, 162, 3.68%, 0, 0, 4, 2646.81
1572215370, 0, 388, 765, 661, 162, 3.69%, 0, 0, 4, 2740.13
1572215391, 0, 388, 766, 662, 162, 3.69%, 0, 0, 4, 2605.10
1572215396, 0, 388, 767, 663, 162, 3.69%, 0, 0, 4, 2603.80
1572215498, 0, 388, 769, 665, 162, 3.69%, 0, 0, 4, 2630.40
1572215569, 0, 395, 770, 665, 163, 3.69%, 0, 0, 4, 2731.38
1572215590, 0, 395, 771, 666, 163, 3.69%, 0, 0, 4, 2651.32
1572215646, 0, 395, 772, 667, 163, 3.69%, 0, 0, 4, 2669.28
1572215758, 0, 397, 772, 666, 163, 3.69%, 0, 0, 4, 2771.22
1572215763, 0, 399, 772, 665, 162, 3.69%, 0, 0, 4, 2724.80
1572215784, 0, 399, 773, 666, 162, 3.69%, 0, 0, 4, 2671.03
1572215953, 0, 402, 777, 668, 162, 3.69%, 0, 0, 4, 2767.61
1572215973, 0, 402, 778, 669, 162, 3.69%, 0, 0, 4, 2666.90
1572216143, 0, 405, 780, 669, 161, 3.69%, 0, 0, 4, 2748.73
1572216163, 0, 405, 784, 673, 161, 3.69%, 0, 0, 4, 2544.95
1572216189, 0, 405, 785, 674, 161, 3.69%, 0, 0, 4, 2547.38
1572216209, 0, 405, 786, 675, 161, 3.69%, 0, 0, 4, 2562.11
1572216219, 0, 405, 787, 676, 161, 3.69%, 0, 0, 4, 2532.73
1572216230, 0, 405, 788, 677, 161, 3.69%, 0, 0, 4, 2594.11
1572216321, 0, 405, 789, 678, 161, 3.69%, 0, 0, 4, 2603.55
1572216342, 0, 408, 790, 678, 163, 3.69%, 0, 0, 4, 2876.75
1572216429, 0, 412, 790, 677, 162, 3.69%, 0, 0, 4, 2909.45
1572216506, 0, 413, 794, 680, 161, 3.69%, 0, 0, 4, 2849.15
1572216526, 0, 413, 795, 681, 161, 3.69%, 0, 0, 4, 2752.44
1572216572, 0, 413, 796, 682, 161, 3.69%, 0, 0, 4, 2778.96
1572216664, 0, 421, 796, 680, 159, 3.69%, 0, 0, 4, 2705.67
1572216690, 0, 421, 797, 681, 159, 3.69%, 0, 0, 4, 1272.60
1572216695, 0, 421, 798, 682, 159, 3.69%, 0, 0, 4, 1262.64
1572216806, 0, 421, 799, 683, 159, 3.69%, 0, 0, 4, 1267.99
1572217004, 0, 429, 799, 679, 157, 3.69%, 0, 0, 4, 1641.48
1572217049, 0, 429, 806, 686, 157, 3.69%, 0, 0, 4, 1258.54
1572217181, 0, 429, 807, 687, 157, 3.69%, 0, 0, 4, 1239.53
1572217419, 0, 432, 811, 690, 161, 3.69%, 0, 0, 4, 1315.82
1572217566, 0, 435, 812, 689, 159, 3.69%, 0, 0, 4, 1498.36
1572217607, 0, 435, 813, 690, 159, 3.69%, 0, 0, 4, 1258.94
1572217977, 0, 441, 813, 688, 158, 3.69%, 0, 0, 4, 1301.23
1572218023, 0, 441, 814, 689, 158, 3.69%, 0, 0, 4, 1266.83
1572218140, 0, 441, 815, 690, 158, 3.69%, 0, 0, 4, 1294.72
1572218378, 0, 454, 815, 687, 157, 3.69%, 0, 0, 4, 1530.13
1572218383, 0, 455, 816, 687, 156, 3.69%, 0, 0, 4, 1438.88
1572218464, 0, 455, 817, 688, 156, 3.69%, 0, 0, 4, 1329.15
1572218636, 0, 455, 818, 689, 156, 3.69%, 0, 0, 4, 1340.15
1572218697, 0, 463, 818, 688, 156, 3.69%, 0, 0, 4, 1680.10
1572218764, 0, 463, 819, 689, 156, 3.69%, 0, 0, 4, 2863.18
1572218815, 0, 465, 821, 690, 156, 3.69%, 0, 0, 4, 2820.82
1572218856, 0, 465, 822, 691, 156, 3.69%, 0, 0, 4, 2778.83
1572218902, 0, 465, 823, 692, 156, 3.69%, 0, 0, 4, 2805.76
1572218943, 0, 465, 824, 693, 156, 3.69%, 0, 0, 4, 2796.35
1572218974, 0, 470, 824, 691, 156, 3.69%, 0, 0, 4, 2849.12
1572218994, 0, 470, 825, 692, 156, 3.69%, 0, 0, 4, 2658.89
1572219163, 0, 471, 827, 693, 156, 3.69%, 0, 0, 4, 2748.90
1572219184, 0, 471, 830, 696, 156, 3.69%, 0, 0, 4, 2468.06
1572219189, 0, 471, 837, 703, 156, 3.69%, 0, 0, 4, 2476.58
1572219250, 0, 471, 840, 706, 156, 3.69%, 0, 0, 4, 2544.06
1572219261, 0, 471, 843, 709, 156, 3.69%, 0, 0, 4, 2509.40
1572219266, 0, 471, 847, 713, 156, 3.70%, 0, 0, 4, 2504.57
1572219352, 0, 471, 848, 714, 156, 3.70%, 0, 0, 4, 2576.30
1572219368, 0, 478, 849, 711, 164, 3.70%, 0, 0, 4, 2922.29
1572219373, 0, 492, 849, 705, 158, 3.70%, 0, 0, 4, 2935.42
1572219394, 0, 492, 850, 706, 158, 3.70%, 0, 0, 4, 2677.07
1572219568, 0, 494, 850, 705, 158, 3.70%, 0, 0, 4, 2825.76
1572219584, 0, 494, 852, 707, 158, 3.70%, 0, 0, 4, 2824.40
1572219701, 0, 503, 852, 706, 158, 3.70%, 0, 0, 4, 2927.15
1572219706, 0, 524, 852, 697, 149, 3.70%, 0, 0, 4, 3161.08
1572219727, 0, 524, 853, 698, 149, 3.70%, 0, 0, 4, 2589.45
1572219906, 0, 532, 853, 695, 146, 3.70%, 0, 0, 4, 2870.90
1572219911, 0, 540, 857, 693, 140, 3.74%, 0, 0, 4, 2928.40
1572219916, 0, 540, 859, 695, 140, 3.74%, 0, 0, 4, 2694.45
1572219932, 0, 540, 864, 700, 140, 3.74%, 0, 0, 4, 2636.62
1572219937, 0, 540, 866, 702, 140, 3.75%, 0, 0, 4, 2648.59
1572219957, 0, 540, 867, 703, 140, 3.76%, 0, 0, 4, 2656.66
1572219983, 0, 540, 868, 704, 140, 3.76%, 0, 0, 4, 2667.88
1572220009, 0, 540, 869, 705, 140, 3.76%, 0, 0, 4, 2690.19
1572220100, 0, 542, 872, 707, 149, 3.76%, 0, 0, 4, 2769.05
1572220167, 0, 542, 875, 710, 149, 3.76%, 0, 0, 4, 2797.14
1572220218, 0, 542, 876, 711, 149, 3.76%, 0, 0, 4, 2800.03
1572220249, 0, 560, 890, 714, 146, 3.82%, 0, 0, 4, 2853.46
1572220254, 0, 565, 913, 732, 153, 3.89%, 0, 0, 4, 2990.17
1572220259, 0, 569, 914, 732, 160, 3.90%, 0, 0, 4, 2830.30
1572220377, 0, 576, 914, 730, 158, 3.90%, 0, 0, 4, 2946.60
1572220398, 0, 576, 915, 731, 158, 3.90%, 0, 0, 4, 2793.02
1572220418, 0, 576, 916, 732, 158, 3.90%, 0, 0, 4, 2790.33
1572220449, 0, 576, 917, 733, 158, 3.90%, 0, 0, 4, 2797.51
1572220531, 0, 583, 921, 736, 160, 3.90%, 0, 0, 4, 2820.90
1572220541, 0, 583, 923, 738, 160, 3.90%, 0, 0, 4, 2794.93
1572220546, 0, 583, 925, 740, 160, 3.90%, 0, 0, 4, 2793.76
1572220551, 0, 583, 929, 744, 160, 3.90%, 0, 0, 4, 2798.69
1572220572, 0, 583, 930, 745, 160, 3.90%, 0, 0, 4, 2777.80
1572220597, 0, 583, 931, 746, 160, 3.90%, 0, 0, 4, 2785.98
1572220679, 0, 585, 941, 755, 159, 4.01%, 0, 0, 4, 2834.26
1572220684, 0, 592, 969, 779, 175, 4.07%, 0, 0, 4, 2915.15
1572220710, 0, 592, 971, 781, 175, 4.07%, 0, 0, 4, 2541.46
1572220889, 0, 596, 971, 780, 175, 4.07%, 0, 0, 4, 2669.24
1572220894, 0, 596, 972, 781, 175, 4.07%, 0, 0, 4, 2600.08
1572220909, 0, 596, 973, 782, 175, 4.07%, 0, 0, 4, 2587.90
1572220971, 0, 596, 974, 783, 175, 4.07%, 0, 0, 4, 2642.51
1572220986, 0, 596, 975, 784, 175, 4.07%, 0, 0, 4, 2646.16
1572221068, 0, 603, 976, 783, 175, 4.07%, 0, 0, 4, 2756.30
1572221088, 0, 603, 978, 785, 175, 4.08%, 0, 0, 4, 2701.99
1572221109, 0, 603, 979, 786, 175, 4.08%, 0, 0, 4, 2727.23
1572221210, 0, 604, 980, 786, 177, 4.08%, 0, 0, 4, 2803.77
1572221231, 0, 604, 981, 787, 177, 4.08%, 0, 0, 4, 2717.44
1572221329, 0, 604, 982, 788, 177, 4.09%, 0, 0, 4, 2738.75
1572221354, 0, 605, 983, 788, 178, 4.09%, 0, 0, 4, 2808.58
1572221375, 0, 605, 985, 790, 178, 4.09%, 0, 0, 4, 2733.20
1572221497, 0, 607, 986, 789, 177, 4.09%, 0, 0, 4, 2879.43
1572221517, 0, 607, 987, 790, 177, 4.12%, 0, 0, 4, 2706.55
1572221640, 0, 608, 987, 789, 178, 4.12%, 0, 0, 4, 2783.36
1572221645, 0, 609, 988, 789, 177, 4.12%, 0, 0, 4, 2755.68
1572221660, 0, 609, 989, 790, 177, 4.12%, 0, 0, 4, 2708.63
1572221666, 0, 609, 1002, 803, 177, 4.14%, 0, 0, 4, 2700.57
1572221686, 0, 609, 1005, 806, 177, 4.21%, 0, 0, 4, 2619.86
1572221707, 0, 609, 1006, 807, 177, 4.21%, 0, 0, 4, 2667.60
1572221712, 0, 609, 1010, 811, 177, 4.24%, 0, 0, 4, 2694.63
1572221722, 0, 609, 1014, 815, 177, 4.24%, 0, 0, 4, 2584.68
1572221773, 0, 609, 1015, 816, 177, 4.24%, 0, 0, 4, 2722.23
1572221789, 0, 612, 1015, 815, 192, 4.24%, 0, 0, 4, 2743.97
1572221794, 0, 615, 1016, 815, 191, 4.24%, 0, 0, 4, 2750.72
1572221937, 0, 616, 1017, 815, 191, 4.24%, 0, 0, 4, 2745.61
1572221952, 0, 616, 1018, 816, 191, 4.24%, 0, 0, 4, 2678.93
1572221973, 0, 616, 1019, 817, 191, 4.24%, 0, 0, 4, 2688.93
1572222004, 0, 616, 1023, 821, 191, 4.24%, 0, 0, 4, 2722.02
1572222080, 0, 618, 1023, 820, 191, 4.24%, 0, 0, 4, 2629.04
1572222162, 0, 618, 1024, 821, 191, 4.24%, 0, 0, 5, 2557.32
1572222182, 0, 618, 1026, 823, 191, 4.25%, 0, 0, 5, 2571.89
1572222284, 0, 633, 1026, 822, 192, 4.25%, 0, 0, 5, 2482.66
1572222310, 0, 633, 1028, 824, 192, 4.25%, 0, 0, 5, 2407.68
1572222412, 0, 633, 1029, 825, 192, 4.25%, 0, 0, 5, 2410.18
1572222417, 0, 633, 1037, 833, 192, 4.25%, 0, 0, 5, 2685.18
1572222422, 0, 633, 1041, 837, 192, 4.26%, 0, 0, 5, 2671.90
1572222427, 0, 672, 1042, 829, 184, 4.26%, 0, 0, 5, 2687.37
1572222432, 0, 672, 1043, 830, 184, 4.26%, 0, 0, 5, 2662.96
1572222443, 0, 672, 1044, 831, 184, 4.26%, 0, 0, 5, 2667.52
1572222504, 0, 673, 1046, 832, 185, 4.26%, 0, 0, 5, 2650.58
1572222525, 0, 673, 1047, 833, 185, 4.26%, 0, 0, 5, 1262.79
1572222652, 0, 675, 1047, 832, 186, 4.26%, 0, 0, 5, 1291.60
1572222657, 0, 685, 1049, 832, 184, 4.26%, 0, 0, 5, 1274.92
1572222683, 0, 685, 1050, 833, 184, 4.26%, 0, 0, 5, 1262.18
1572222713, 0, 685, 1051, 834, 184, 4.26%, 0, 0, 5, 1253.50
1572222815, 0, 706, 1051, 826, 177, 4.26%, 0, 0, 5, 1416.31
1572222820, 0, 712, 1051, 823, 174, 4.26%, 0, 0, 5, 1312.69
1572222825, 0, 712, 1052, 824, 174, 4.27%, 0, 0, 5, 1262.73
1572222830, 0, 712, 1053, 825, 174, 4.28%, 0, 0, 5, 1239.56
1572222840, 0, 712, 1054, 826, 174, 4.28%, 0, 0, 5, 1269.52
1572222891, 0, 716, 1060, 831, 176, 4.28%, 0, 0, 5, 1318.61
1572222906, 0, 716, 1063, 834, 176, 4.28%, 0, 0, 5, 1301.56
1572223028, 0, 718, 1063, 832, 176, 4.28%, 0, 0, 5, 1329.64
1572223033, 0, 718, 1064, 833, 176, 4.28%, 0, 0, 5, 1350.86
1572223085, 0, 730, 1064, 831, 175, 4.28%, 0, 0, 5, 1262.16
1572223288, 0, 733, 1064, 830, 175, 4.28%, 0, 0, 5, 1300.80
1572223339, 0, 736, 1065, 830, 172, 4.29%, 0, 0, 5, 1403.96
1572223370, 0, 738, 1066, 830, 172, 4.29%, 0, 0, 5, 1353.74
1572223385, 0, 738, 1067, 831, 172, 4.30%, 0, 0, 5, 1349.34
1572223410, 0, 746, 1067, 829, 173, 4.30%, 0, 0, 5, 1491.13
1572223466, 0, 746, 1068, 830, 173, 4.30%, 0, 0, 5, 1201.58
1572223512, 0, 746, 1069, 831, 173, 4.30%, 0, 0, 5, 1164.82
1572223817, 0, 747, 1069, 830, 172, 4.30%, 0, 0, 5, 1400.90
1572223822, 0, 763, 1069, 825, 167, 4.30%, 0, 0, 5, 1701.11
1572223868, 0, 763, 1070, 826, 167, 4.30%, 0, 0, 5, 1203.56
1572223980, 0, 763, 1072, 828, 167, 4.30%, 0, 0, 5, 1222.92
1572224005, 0, 763, 1073, 829, 167, 4.30%, 0, 0, 5, 1219.49
1572224157, 0, 763, 1074, 830, 167, 4.30%, 0, 0, 5, 1187.44
1572224254, 0, 765, 1074, 829, 170, 4.30%, 0, 0, 5, 1297.84
1572224304, 0, 765, 1075, 830, 170, 4.30%, 0, 0, 5, 1179.50
1572224691, 0, 773, 1075, 826, 166, 4.30%, 0, 0, 5, 1618.54
1572224726, 0, 773, 1076, 827, 166, 4.30%, 0, 0, 5, 1382.39
1572224818, 0, 801, 1076, 822, 162, 4.30%, 0, 0, 5, 1687.88
1572224823, 0, 810, 1076, 819, 159, 4.30%, 0, 0, 5, 1492.95
1572224944, 0, 812, 1077, 819, 157, 4.30%, 0, 0, 5, 2599.29
1572224949, 0, 831, 1077, 811, 149, 4.30%, 0, 0, 5, 2890.00
1572224975, 0, 831, 1078, 812, 149, 4.30%, 0, 0, 5, 2426.64
1572225000, 0, 831, 1079, 813, 149, 4.30%, 0, 0, 5, 2450.87
1572225031, 0, 831, 1080, 814, 149, 4.30%, 0, 0, 5, 2460.67
1572225157, 0, 836, 1080, 812, 148, 4.30%, 0, 0, 5, 2758.51
1572225162, 0, 846, 1082, 806, 140, 4.30%, 0, 0, 5, 3077.50
1572225183, 0, 846, 1083, 807, 140, 4.30%, 0, 0, 5, 2447.27
1572225188, 0, 846, 1084, 808, 140, 4.30%, 0, 0, 5, 2467.02
1572225327, 0, 846, 1085, 809, 140, 4.30%, 0, 0, 5, 2521.77
1572225373, 0, 847, 1086, 809, 141, 4.31%, 0, 0, 5, 2655.34
1572225393, 0, 847, 1087, 810, 141, 4.31%, 0, 0, 5, 2398.09
1572225398, 0, 847, 1093, 816, 141, 4.32%, 0, 0, 5, 2423.52
1572225424, 0, 847, 1095, 818, 141, 4.32%, 0, 0, 5, 2386.70
1572225444, 0, 847, 1096, 819, 141, 4.32%, 0, 0, 5, 2419.65
1572225460, 0, 847, 1098, 821, 141, 4.32%, 0, 0, 5, 2424.49
1572225465, 0, 847, 1100, 823, 141, 4.32%, 0, 0, 5, 2489.51
1572225470, 0, 847, 1107, 830, 141, 4.33%, 0, 0, 5, 2470.52
1572225475, 0, 847, 1112, 835, 141, 4.33%, 0, 0, 5, 2438.67
1572225480, 0, 847, 1113, 836, 141, 4.33%, 0, 0, 5, 2468.80
1572225572, 0, 847, 1115, 838, 141, 4.34%, 0, 0, 5, 2506.73
1572225587, 0, 848, 1115, 837, 163, 4.34%, 0, 0, 5, 2569.93
1572225613, 0, 848, 1116, 838, 163, 4.34%, 0, 0, 5, 2404.80
1572225629, 0, 848, 1117, 839, 163, 4.35%, 0, 0, 5, 2396.85
1572225796, 0, 851, 1117, 837, 164, 4.35%, 0, 0, 5, 2755.36
1572225863, 0, 851, 1118, 838, 164, 4.35%, 0, 0, 5, 2793.08
1572225935, 0, 857, 1118, 835, 162, 4.35%, 0, 0, 5, 3010.43
1572225940, 0, 857, 1121, 838, 162, 4.36%, 0, 0, 5, 2714.73
1572225955, 0, 857, 1125, 842, 162, 4.36%, 0, 0, 5, 2616.14
1572225961, 0, 857, 1127, 844, 162, 4.36%, 0, 0, 5, 2638.76
1572225981, 0, 857, 1128, 845, 162, 4.37%, 0, 0, 5, 2656.49
1572226007, 0, 857, 1129, 846, 162, 4.37%, 0, 0, 5, 2659.87
1572226130, 0, 858, 1129, 845, 164, 4.37%, 0, 0, 5, 2673.67
1572226150, 0, 858, 1134, 850, 164, 4.37%, 0, 0, 5, 2645.85
1572226227, 0, 858, 1135, 851, 164, 4.37%, 0, 0, 5, 2649.28
1572226318, 0, 873, 1141, 854, 163, 4.37%, 0, 0, 5, 2927.56
1572226339, 0, 873, 1142, 855, 163, 4.37%, 0, 0, 5, 2772.49
1572226344, 0, 873, 1144, 857, 163, 4.37%, 0, 0, 5, 2772.25
1572226365, 0, 873, 1145, 858, 163, 4.37%, 0, 0, 5, 2773.28
1572226390, 0, 873, 1146, 859, 163, 4.37%, 0, 0, 5, 2789.37
1572226472, 0, 882, 1149, 859, 162, 4.39%, 0, 0, 5, 2910.44
1572226477, 0, 882, 1157, 867, 162, 4.43%, 0, 0, 5, 2899.53
1572226482, 0, 886, 1162, 871, 166, 4.43%, 0, 0, 5, 2919.08
1572226487, 0, 886, 1168, 877, 166, 4.44%, 0, 0, 5, 2904.07
1572226492, 0, 890, 1172, 877, 167, 4.49%, 0, 0, 5, 2924.99
1572226498, 0, 891, 1176, 880, 167, 4.51%, 0, 0, 5, 2999.61
1572226503, 0, 906, 1179, 871, 160, 4.52%, 0, 0, 5, 3044.34
1572226508, 0, 909, 1180, 870, 159, 4.52%, 0, 0, 5, 3057.47
1572226513, 0, 913, 1181, 868, 158, 4.52%, 0, 0, 5, 3055.81
1572226518, 0, 915, 1182, 867, 156, 4.52%, 0, 0, 5, 3061.27
1572226590, 0, 915, 1183, 868, 156, 4.52%, 0, 0, 5, 2764.65
1572226662, 0, 915, 1184, 869, 156, 4.53%, 0, 0, 5, 2846.58
1572226667, 0, 930, 1185, 869, 157, 4.53%, 0, 0, 5, 2799.42
1572226682, 0, 930, 1187, 871, 157, 4.53%, 0, 0, 5, 2760.28
1572226801, 0, 930, 1188, 872, 157, 4.53%, 0, 0, 5, 2768.52
1572226821, 0, 939, 1217, 896, 155, 4.68%, 0, 0, 5, 2949.39
1572226826, 0, 939, 1231, 910, 155, 4.70%, 0, 0, 5, 2959.97
1572226831, 0, 945, 1234, 910, 180, 4.71%, 0, 0, 5, 3037.42
1572226837, 0, 951, 1235, 909, 180, 4.73%, 0, 0, 5, 3062.36
1572226842, 0, 957, 1237, 908, 178, 4.75%, 0, 0, 5, 3043.54
1572226847, 0, 957, 1242, 913, 178, 4.76%, 0, 0, 5, 2969.19
1572226852, 0, 958, 1245, 915, 186, 4.76%, 0, 0, 5, 2980.65
1572226857, 0, 970, 1245, 907, 178, 4.76%, 0, 0, 5, 2875.89
1572227062, 0, 971, 1246, 907, 178, 4.76%, 0, 0, 5, 2682.21
1572227067, 0, 978, 1247, 903, 173, 4.76%, 0, 0, 5, 2879.19
1572227088, 0, 978, 1248, 904, 173, 4.76%, 0, 0, 5, 2665.29
1572227108, 0, 978, 1249, 905, 173, 4.77%, 0, 0, 5, 2604.58
1572227144, 0, 978, 1250, 906, 173, 4.77%, 0, 0, 5, 2489.40
1572227215, 0, 984, 1250, 902, 169, 4.77%, 0, 0, 5, 2969.94
1572227220, 0, 984, 1251, 903, 169, 4.77%, 0, 0, 5, 2729.87
1572227240, 0, 984, 1253, 905, 169, 4.77%, 0, 0, 5, 2648.18
1572227261, 0, 984, 1254, 906, 169, 4.77%, 0, 0, 5, 2672.11
1572227302, 0, 984, 1256, 908, 169, 4.77%, 0, 0, 5, 2683.05
1572227368, 0, 986, 1257, 907, 170, 4.77%, 0, 0, 5, 2776.11
1572227373, 0, 986, 1258, 908, 170, 4.78%, 0, 0, 5, 2531.75
1572227389, 0, 986, 1259, 909, 170, 4.78%, 0, 0, 5, 2439.91
1572227455, 0, 986, 1260, 910, 170, 4.78%, 0, 0, 5, 2481.15
1572227526, 0, 994, 1261, 910, 170, 4.78%, 0, 0, 5, 2710.14
1572227547, 0, 994, 1262, 911, 170, 4.78%, 0, 0, 5, 2671.15
1572227573, 0, 994, 1263, 912, 170, 4.79%, 0, 0, 5, 2658.40
1572227609, 0, 994, 1264, 913, 170, 4.79%, 0, 0, 5, 2745.15
1572227675, 0, 1000, 1264, 911, 169, 4.79%, 0, 0, 5, 2851.15
1572227680, 0, 1001, 1265, 911, 168, 4.79%, 0, 0, 5, 2717.60
1572227696, 0, 1001, 1266, 912, 168, 4.79%, 0, 0, 5, 2655.96
1572227701, 0, 1001, 1269, 915, 168, 4.79%, 0, 0, 5, 2638.92
1572227721, 0, 1001, 1270, 916, 168, 4.79%, 0, 0, 5, 2647.25
1572227834, 0, 1005, 1271, 914, 169, 4.79%, 0, 0, 5, 2854.12
1572227854, 0, 1005, 1273, 916, 169, 4.80%, 0, 0, 5, 2645.29
1572227880, 0, 1005, 1274, 917, 169, 4.80%, 0, 0, 5, 2639.66
1572227921, 0, 1005, 1275, 918, 169, 4.80%, 0, 0, 5, 2573.94
1572227987, 0, 1011, 1275, 912, 164, 4.80%, 0, 0, 5, 3050.28
1572227992, 0, 1019, 1275, 907, 159, 4.80%, 0, 0, 5, 2944.37
1572228013, 0, 1019, 1276, 908, 159, 4.80%, 0, 0, 5, 2694.07
1572228135, 0, 1021, 1276, 906, 158, 4.80%, 0, 0, 5, 2854.77
1572228140, 0, 1021, 1277, 907, 158, 4.80%, 0, 0, 5, 2742.89
1572228284, 0, 1024, 1277, 904, 156, 4.80%, 0, 0, 5, 2766.48
1572228509, 0, 1025, 1278, 904, 155, 4.80%, 0, 0, 6, 1188.75
1572228555, 0, 1025, 1279, 905, 155, 4.80%, 0, 0, 6, 1115.30
1572228967, 0, 1028, 1279, 904, 157, 4.80%, 0, 0, 6, 1245.49
1572229217, 0, 1033, 1279, 903, 157, 4.80%, 0, 0, 6, 1325.30
1572229222, 0, 1033, 1280, 904, 157, 4.80%, 0, 0, 6, 1324.97
1572229227, 0, 1035, 1280, 903, 157, 4.80%, 0, 0, 6, 1172.88
1572229232, 0, 1035, 1281, 904, 157, 4.80%, 0, 0, 6, 1074.77
1572229243, 0, 1035, 1282, 905, 157, 4.80%, 0, 0, 6, 1034.65
1572229533, 0, 1037, 1282, 904, 157, 4.80%, 0, 0, 6, 1120.19
1572229752, 0, 1046, 1282, 901, 153, 4.80%, 0, 0, 6, 1193.33
1572229757, 0, 1055, 1284, 897, 147, 4.80%, 0, 0, 6, 1341.90
1572229848, 0, 1055, 1285, 898, 147, 4.80%, 0, 0, 6, 1262.39
1572229859, 0, 1067, 1285, 892, 143, 4.80%, 0, 0, 6, 1482.54
1572229864, 0, 1073, 1286, 891, 141, 4.80%, 0, 0, 6, 1321.12
1572230022, 0, 1073, 1287, 892, 141, 4.80%, 0, 0, 6, 1124.78
1572230316, 0, 1076, 1297, 899, 149, 4.85%, 0, 0, 6, 1354.39
1572230322, 0, 1076, 1298, 900, 149, 4.85%, 0, 0, 6, 1050.98
1572230907, 0, 1076, 1299, 901, 149, 4.85%, 0, 0, 6, 1015.39
1572230912, 0, 1082, 1299, 898, 147, 4.85%, 0, 0, 6, 1512.76
1572230917, 0, 1092, 1299, 893, 142, 4.85%, 0, 0, 6, 1713.79
1572230922, 0, 1092, 1301, 895, 142, 4.85%, 0, 0, 6, 1278.18
1572231110, 0, 1092, 1302, 896, 142, 4.85%, 0, 0, 6, 1155.20
1572231243, 0, 1094, 1302, 895, 142, 4.85%, 0, 0, 6, 2577.65
1572231263, 0, 1094, 1303, 896, 142, 4.85%, 0, 0, 6, 2433.10
1572231452, 0, 1096, 1303, 895, 142, 4.85%, 0, 0, 6, 2643.05
1572231458, 0, 1107, 1303, 886, 133, 4.85%, 0, 0, 6, 3134.15
1572231463, 0, 1112, 1303, 882, 129, 4.85%, 0, 0, 6, 2712.98
1572231483, 0, 1112, 1304, 883, 129, 4.85%, 0, 0, 6, 2401.32
1572231678, 0, 1113, 1305, 883, 129, 4.85%, 0, 0, 6, 2469.45
1572231698, 0, 1113, 1309, 887, 129, 4.85%, 0, 0, 6, 2402.88
1572231703, 0, 1113, 1310, 888, 129, 4.85%, 0, 0, 6, 2392.04
1572231841, 0, 1113, 1311, 889, 129, 4.85%, 0, 0, 6, 2476.80
1572231887, 0, 1116, 1312, 888, 131, 4.85%, 0, 0, 6, 2792.48
1572231892, 0, 1116, 1313, 889, 131, 4.85%, 0, 0, 6, 2499.74
1572231902, 0, 1116, 1314, 890, 131, 4.86%, 0, 0, 6, 2383.15
1572231912, 0, 1116, 1316, 892, 131, 4.86%, 0, 0, 6, 2419.50
1572231994, 0, 1116, 1317, 893, 131, 4.86%, 0, 0, 6, 2444.99
1572232055, 0, 1116, 1319, 895, 131, 4.87%, 0, 0, 6, 2431.98
1572232095, 0, 1116, 1320, 896, 131, 4.87%, 0, 0, 6, 2459.83
1572232100, 0, 1118, 1320, 894, 135, 4.87%, 0, 0, 6, 2689.51
1572232121, 0, 1118, 1325, 899, 135, 4.87%, 0, 0, 6, 2621.58
1572232295, 0, 1134, 1325, 891, 128, 4.87%, 0, 0, 6, 3099.42
1572232315, 0, 1134, 1329, 895, 128, 4.87%, 0, 0, 6, 2606.13
1572232320, 0, 1134, 1330, 896, 128, 4.87%, 0, 0, 6, 2565.16
1572232489, 0, 1140, 1330, 894, 127, 4.87%, 0, 0, 6, 2820.46
1572232494, 0, 1143, 1332, 894, 125, 4.87%, 0, 0, 6, 2821.48
1572232510, 0, 1143, 1334, 896, 125, 4.87%, 0, 0, 6, 2757.53
1572232648, 0, 1150, 1338, 898, 125, 4.87%, 0, 0, 6, 2897.34
1572232653, 0, 1150, 1342, 902, 125, 4.87%, 0, 0, 6, 2891.47
1572232658, 0, 1153, 1359, 918, 129, 4.89%, 0, 0, 6, 2912.09
1572232664, 0, 1153, 1362, 921, 129, 4.89%, 0, 0, 6, 2895.41
1572232669, 0, 1165, 1364, 920, 133, 4.89%, 0, 0, 6, 2942.69
1572232674, 0, 1165, 1371, 927, 133, 4.90%, 0, 0, 6, 2966.24
1572232679, 0, 1165, 1374, 930, 133, 4.90%, 0, 0, 6, 2941.42
1572232684, 0, 1171, 1375, 928, 132, 4.90%, 0, 0, 6, 2892.93
1572232689, 0, 1175, 1379, 929, 129, 4.91%, 0, 0, 6, 2932.22
1572232694, 0, 1175, 1382, 932, 129, 4.93%, 0, 0, 6, 3026.29
1572232699, 0, 1176, 1385, 934, 135, 4.94%, 0, 0, 6, 3030.27
1572232710, 0, 1179, 1385, 931, 132, 4.94%, 0, 0, 6, 3053.33
1572232715, 0, 1187, 1385, 926, 127, 4.94%, 0, 0, 6, 2977.62
1572232735, 0, 1187, 1387, 928, 127, 4.94%, 0, 0, 6, 2741.72
1572232868, 0, 1190, 1399, 937, 124, 4.97%, 0, 0, 6, 2869.54
1572232873, 0, 1190, 1405, 943, 124, 4.97%, 0, 0, 6, 2932.55
1572232879, 0, 1190, 1410, 948, 124, 4.98%, 0, 0, 6, 2934.55
1572232884, 0, 1202, 1415, 949, 134, 4.98%, 0, 0, 6, 2966.77
1572232889, 0, 1210, 1419, 949, 132, 4.99%, 0, 0, 6, 2959.03
1572232894, 0, 1214, 1421, 949, 131, 4.99%, 0, 0, 6, 3022.16
1572232899, 0, 1214, 1428, 956, 131, 5.05%, 0, 0, 6, 3022.12
1572232904, 0, 1215, 1436, 963, 139, 5.06%, 0, 0, 6, 3011.39
1572232909, 0, 1220, 1445, 969, 137, 5.06%, 0, 0, 6, 2985.27
1572232914, 0, 1220, 1450, 974, 137, 5.06%, 0, 0, 6, 2944.77
1572232925, 0, 1222, 1452, 975, 144, 5.07%, 0, 0, 6, 2965.12
1572232930, 0, 1224, 1457, 978, 143, 5.07%, 0, 0, 6, 3000.26
1572232935, 0, 1229, 1458, 975, 143, 5.07%, 0, 0, 6, 3045.41
1572232940, 0, 1232, 1459, 974, 141, 5.08%, 0, 0, 6, 3059.60
1572232945, 0, 1234, 1462, 975, 140, 5.08%, 0, 0, 6, 3051.63
1572232950, 0, 1237, 1463, 974, 138, 5.08%, 0, 0, 6, 3057.57
1572232960, 0, 1238, 1463, 973, 137, 5.08%, 0, 0, 6, 3107.51
1572232965, 0, 1240, 1465, 973, 135, 5.08%, 0, 0, 6, 3008.30
1572232970, 0, 1241, 1465, 972, 135, 5.08%, 0, 0, 6, 3040.27
1572232975, 0, 1245, 1466, 969, 132, 5.08%, 0, 0, 6, 3035.64
1572233073, 0, 1251, 1466, 967, 130, 5.08%, 0, 0, 6, 2882.58
1572233078, 0, 1251, 1467, 968, 130, 5.08%, 0, 0, 6, 2672.74
1572233099, 0, 1251, 1468, 969, 130, 5.08%, 0, 0, 6, 2629.75
1572233226, 0, 1254, 1468, 968, 130, 5.08%, 0, 0, 6, 2792.62
1572233231, 0, 1257, 1469, 968, 129, 5.08%, 0, 0, 6, 2563.38
1572233252, 0, 1257, 1476, 975, 129, 5.09%, 0, 0, 6, 2493.42
1572233277, 0, 1257, 1477, 976, 129, 5.09%, 0, 0, 6, 2491.54
1572233303, 0, 1257, 1478, 977, 129, 5.09%, 0, 0, 6, 2502.37
1572233313, 0, 1257, 1483, 982, 129, 5.15%, 0, 0, 6, 2392.26
1572233390, 0, 1269, 1484, 978, 134, 5.15%, 0, 0, 6, 2795.42
1572233410, 0, 1269, 1486, 980, 134, 5.15%, 0, 0, 6, 2586.37
1572233436, 0, 1269, 1487, 981, 134, 5.15%, 0, 0, 6, 2587.15
1572233462, 0, 1269, 1490, 984, 134, 5.16%, 0, 0, 6, 2594.92
1572233549, 0, 1271, 1490, 983, 137, 5.16%, 0, 0, 6, 2694.13
1572233569, 0, 1271, 1491, 984, 137, 5.16%, 0, 0, 6, 2469.54
1572233574, 0, 1271, 1493, 986, 137, 5.16%, 0, 0, 6, 2473.66
1572233590, 0, 1271, 1494, 987, 137, 5.16%, 0, 0, 6, 2460.53
1572233712, 0, 1284, 1495, 980, 131, 5.16%, 0, 0, 7, 2951.23
1572233717, 0, 1284, 1497, 982, 131, 5.16%, 0, 0, 7, 2807.03
1572233723, 0, 1284, 1498, 983, 131, 5.16%, 0, 0, 7, 2795.83
1572233769, 0, 1301, 1498, 972, 121, 5.16%, 0, 0, 7, 2926.72
1572233774, 0, 1307, 1499, 968, 116, 5.16%, 0, 0, 7, 2878.11
1572233794, 0, 1307, 1500, 969, 116, 5.16%, 0, 0, 7, 2660.06
1572233845, 0, 1307, 1501, 970, 116, 5.16%, 0, 0, 7, 2700.77
1572233851, 0, 1307, 1502, 971, 116, 5.16%, 0, 0, 7, 2708.36
1572233938, 0, 1310, 1502, 970, 116, 5.16%, 0, 0, 7, 2728.59
1572233958, 0, 1310, 1503, 971, 116, 5.16%, 0, 0, 7, 2546.94
1572233963, 0, 1310, 1505, 973, 116, 5.16%, 0, 0, 7, 2543.21
1572233983, 0, 1310, 1506, 974, 116, 5.16%, 0, 0, 7, 2561.87
1572234004, 0, 1310, 1507, 975, 116, 5.16%, 0, 0, 7, 2553.38
1572234024, 0, 1310, 1509, 977, 116, 5.16%, 0, 0, 7, 2569.96
1572234029, 0, 1310, 1513, 981, 116, 5.16%, 0, 0, 7, 2552.43
1572234035, 0, 1310, 1519, 987, 116, 5.16%, 0, 0, 7, 2563.60
1572234040, 0, 1310, 1521, 989, 116, 5.16%, 0, 0, 7, 2600.28
1572234142, 0, 1314, 1521, 986, 127, 5.16%, 0, 0, 7, 2613.98
1572234167, 0, 1314, 1523, 988, 127, 5.16%, 0, 0, 7, 2385.86
1572234356, 0, 1315, 1524, 988, 128, 5.16%, 0, 0, 7, 2510.43
1572234570, 0, 1317, 1525, 988, 128, 5.16%, 0, 0, 7, 2501.80
1572235048, 0, 1319, 1526, 987, 127, 5.16%, 0, 0, 7, 1272.26
1572235104, 0, 1319, 1529, 990, 127, 5.16%, 0, 0, 7, 1061.49
1572235256, 0, 1319, 1530, 991, 127, 5.16%, 0, 0, 7, 1071.79
1572235292, 0, 1319, 1531, 992, 127, 5.16%, 0, 0, 7, 1074.73
1572235526, 0, 1319, 1532, 993, 127, 5.16%, 0, 0, 7, 1083.61
1572235531, 0, 1324, 1532, 992, 130, 5.16%, 0, 0, 7, 1211.24
1572235536, 0, 1352, 1537, 986, 120, 5.16%, 0, 0, 7, 1438.65
1572235541, 0, 1360, 1542, 988, 120, 5.17%, 0, 0, 7, 1360.23
1572235546, 0, 1373, 1551, 993, 121, 5.17%, 0, 0, 7, 1341.25
1572235551, 0, 1378, 1560, 998, 121, 5.18%, 0, 0, 7, 1347.98
1572235556, 0, 1394, 1561, 990, 117, 5.18%, 0, 0, 7, 1437.82
1572235566, 0, 1398, 1562, 989, 116, 5.19%, 0, 0, 7, 1378.84
1572235576, 0, 1399, 1572, 998, 117, 5.20%, 0, 0, 7, 1363.13
1572235581, 0, 1399, 1575, 1001, 117, 5.20%, 0, 0, 7, 1397.74
1572235587, 0, 1399, 1576, 1002, 117, 5.20%, 0, 0, 7, 1354.41
1572235592, 0, 1402, 1576, 1000, 124, 5.20%, 0, 0, 7, 1358.55
1572235602, 0, 1411, 1576, 995, 119, 5.20%, 0, 0, 7, 1364.73
1572235612, 0, 1429, 1583, 991, 110, 5.22%, 0, 0, 7, 1366.64
1572235632, 0, 1430, 1585, 992, 114, 5.22%, 0, 0, 7, 1340.67
1572235642, 0, 1445, 1585, 982, 104, 5.22%, 0, 0, 7, 1368.40
1572235652, 0, 1446, 1585, 981, 103, 5.22%, 0, 0, 7, 1362.34
1572235662, 0, 1448, 1586, 981, 103, 5.22%, 0, 0, 7, 1376.69
1572235668, 0, 1448, 1587, 982, 103, 5.22%, 0, 0, 7, 1366.76
1572235673, 0, 1449, 1589, 983, 102, 5.22%, 0, 0, 7, 1367.93
1572235683, 0, 1465, 1589, 973, 94, 5.22%, 0, 0, 7, 1365.75
1572235688, 0, 1467, 1590, 973, 93, 5.22%, 0, 0, 7, 1276.39
1572235733, 0, 1467, 1591, 974, 93, 5.22%, 0, 0, 7, 1168.39
1572236034, 0, 1469, 1592, 974, 93, 5.22%, 0, 0, 7, 1210.16
1572236226, 0, 1469, 1593, 975, 93, 5.22%, 0, 0, 7, 61.02
1572236363, 0, 1469, 1594, 976, 93, 5.22%, 0, 0, 7, 1123.90
1572236399, 0, 1473, 1595, 976, 92, 5.22%, 0, 0, 7, 1177.61
1572236444, 0, 1473, 1596, 977, 92, 5.22%, 0, 0, 7, 1120.12
1572236754, 0, 1479, 1596, 973, 89, 5.22%, 0, 0, 7, 1605.79
1572236759, 0, 1482, 1597, 972, 87, 5.22%, 0, 0, 7, 1352.42
1572236805, 0, 1482, 1598, 973, 87, 5.22%, 0, 0, 7, 1046.37
1572236810, 0, 1482, 1604, 979, 87, 5.23%, 0, 0, 7, 1034.65
1572236815, 0, 1482, 1610, 985, 87, 5.24%, 0, 0, 7, 1051.73
1572236866, 0, 1482, 1611, 986, 87, 5.24%, 0, 0, 7, 1037.20
1572236927, 0, 1482, 1613, 988, 87, 5.25%, 0, 0, 7, 1041.49
1572236937, 0, 1482, 1614, 989, 87, 5.25%, 0, 0, 7, 1088.90
1572236942, 0, 1482, 1615, 990, 87, 5.26%, 0, 0, 7, 1079.66
1572236962, 0, 1482, 1619, 994, 87, 5.40%, 0, 0, 7, 741.54
1572236977, 0, 1482, 1620, 995, 87, 5.40%, 0, 0, 7, 1067.61
1572237079, 0, 1482, 1624, 999, 87, 5.41%, 0, 0, 7, 1040.91
1572237115, 0, 1482, 1626, 1001, 87, 5.42%, 0, 0, 7, 1082.32
1572237125, 0, 1482, 1627, 1002, 87, 5.42%, 0, 0, 7, 1001.38
1572237145, 0, 1486, 1627, 1000, 104, 5.42%, 0, 0, 7, 1372.46
1572237150, 0, 1487, 1628, 1000, 103, 5.42%, 0, 0, 7, 1303.94
1572237394, 0, 1487, 1629, 1001, 103, 5.42%, 0, 0, 7, 783.39
1572237471, 0, 1488, 1631, 1002, 105, 5.42%, 0, 0, 7, 2577.77
1572237634, 0, 1489, 1632, 1002, 105, 5.42%, 0, 0, 7, 2637.62
1572237792, 0, 1493, 1633, 1000, 103, 5.42%, 0, 0, 7, 2677.99
1572237955, 0, 1503, 1633, 994, 98, 5.42%, 0, 0, 7, 2960.06
1572237960, 0, 1504, 1633, 993, 97, 5.42%, 0, 0, 7, 2676.04
1572238053, 0, 1504, 1634, 994, 97, 5.42%, 0, 0, 8, 2610.19
1572238155, 0, 1511, 1634, 990, 94, 5.42%, 0, 0, 8, 2960.58
1572238160, 0, 1520, 1634, 983, 87, 5.42%, 0, 0, 8, 2959.83
1572238360, 0, 1522, 1634, 981, 85, 5.42%, 0, 0, 8, 2605.54
1572238386, 0, 1522, 1636, 983, 85, 5.42%, 0, 0, 8, 2378.42
1572238580, 0, 1529, 1636, 979, 82, 5.42%, 0, 0, 8, 2876.23
1572238585, 0, 1531, 1637, 978, 80, 5.43%, 0, 0, 8, 2540.85
1572238600, 0, 1531, 1638, 979, 80, 5.43%, 0, 0, 8, 2349.72
1572238605, 0, 1531, 1639, 980, 80, 5.43%, 0, 0, 8, 2386.98
1572238611, 0, 1531, 1642, 983, 80, 5.43%, 0, 0, 8, 2354.75
1572238631, 0, 1531, 1643, 984, 80, 5.43%, 0, 0, 8, 2373.65
1572238692, 0, 1531, 1646, 987, 80, 5.43%, 0, 0, 8, 2424.15
1572238753, 0, 1531, 1647, 988, 80, 5.43%, 0, 0, 8, 2424.36
1572238805, 0, 1567, 1663, 984, 70, 5.43%, 0, 0, 8, 2854.88
1572238810, 0, 1592, 1670, 973, 57, 5.43%, 0, 0, 8, 3018.97
1572238815, 0, 1606, 1670, 965, 49, 5.43%, 0, 0, 8, 3193.22
1572238820, 0, 1619, 1670, 956, 40, 5.43%, 0, 0, 8, 3155.42
1572238825, 0, 1628, 1672, 951, 35, 5.43%, 0, 0, 8, 3151.86
1572238830, 0, 1639, 1672, 943, 27, 5.43%, 0, 0, 8, 3194.67
1572238835, 0, 1645, 1673, 941, 24, 5.43%, 0, 0, 9, 2647.78
1572238861, 0, 1645, 1674, 942, 24, 5.43%, 0, 0, 9, 2350.89
1572238943, 0, 1645, 1676, 944, 24, 5.43%, 0, 0, 9, 2385.06
1572239004, 0, 1645, 1678, 946, 24, 5.43%, 0, 0, 9, 2419.24
1572239009, 0, 1645, 1681, 949, 24, 5.43%, 0, 0, 9, 2348.27
1572239025, 0, 1645, 1682, 950, 24, 5.43%, 0, 0, 9, 2379.68
1572239055, 0, 1663, 1687, 947, 24, 5.43%, 0, 0, 9, 2810.01
1572239060, 0, 1663, 1689, 949, 24, 5.43%, 0, 0, 9, 2892.60
1572239065, 0, 1670, 1691, 947, 23, 5.43%, 0, 0, 9, 2696.69
1572239085, 0, 1670, 1700, 956, 23, 5.43%, 0, 0, 9, 2549.69
1572239111, 0, 1670, 1704, 960, 23, 5.43%, 0, 0, 9, 2563.32
1572239132, 0, 1670, 1705, 961, 23, 5.43%, 0, 0, 9, 2554.10
1572239147, 0, 1670, 1713, 969, 23, 5.43%, 0, 0, 9, 2538.10
1572239152, 0, 1670, 1715, 971, 23, 5.43%, 0, 0, 9, 2627.53
1572239193, 0, 1670, 1717, 973, 23, 5.43%, 0, 0, 9, 2501.03
1572239213, 0, 1671, 1717, 972, 31, 5.43%, 0, 0, 9, 2755.77
1572239239, 0, 1671, 1719, 974, 31, 5.43%, 0, 0, 9, 2476.14
1572239285, 0, 1671, 1720, 975, 31, 5.43%, 0, 0, 9, 2490.85
1572239290, 0, 1671, 1721, 976, 31, 5.43%, 0, 0, 9, 2576.34
1572239300, 0, 1671, 1723, 978, 31, 5.43%, 0, 0, 9, 2404.90
1572239305, 0, 1671, 1725, 980, 31, 5.43%, 0, 0, 9, 2570.15
1572239346, 0, 1671, 1728, 983, 31, 5.43%, 0, 0, 9, 2588.93
1572239356, 0, 1671, 1729, 984, 31, 5.43%, 0, 0, 9, 2610.42
1572239361, 0, 1671, 1731, 986, 31, 5.43%, 0, 0, 9, 2525.10
1572239371, 0, 1675, 1731, 985, 40, 5.43%, 0, 0, 9, 2625.91
1572239581, 0, 1676, 1731, 984, 39, 5.43%, 0, 0, 9, 2465.38
1572239801, 0, 1678, 1732, 984, 38, 5.43%, 0, 0, 10, 2525.32
1572239826, 0, 1678, 1733, 985, 38, 5.43%, 0, 0, 10, 2363.51
1572240020, 0, 1681, 1734, 985, 38, 5.43%, 0, 0, 10, 2663.39
1572240040, 0, 1681, 1735, 986, 38, 5.43%, 0, 0, 10, 2331.85
1572240045, 0, 1681, 1736, 987, 38, 5.43%, 0, 0, 10, 2376.05
1572240194, 0, 1681, 1737, 988, 38, 5.43%, 0, 0, 10, 2419.57
1572240214, 0, 1681, 1738, 989, 38, 5.43%, 0, 0, 10, 2394.00
1572240219, 0, 1681, 1740, 991, 38, 5.46%, 0, 0, 10, 2334.23
1572240245, 0, 1686, 1745, 993, 39, 5.46%, 0, 0, 10, 2714.62
1572240250, 0, 1688, 1746, 992, 39, 5.46%, 0, 0, 10, 2906.72
1572240255, 0, 1690, 1746, 991, 39, 5.46%, 0, 0, 10, 2994.23
1572240260, 0, 1696, 1747, 990, 38, 5.46%, 0, 0, 10, 2882.86
1572240280, 0, 1696, 1748, 991, 38, 5.46%, 0, 0, 10, 2557.61
1572240342, 0, 1696, 1750, 993, 38, 5.46%, 0, 0, 10, 2475.53
1572240413, 0, 1701, 1750, 991, 38, 5.46%, 0, 0, 10, 2662.11
1572240495, 0, 1701, 1751, 992, 38, 5.46%, 0, 0, 10, 2512.88
1572240566, 0, 1718, 1751, 985, 32, 5.46%, 0, 0, 10, 3064.45
1572240571, 0, 1719, 1753, 986, 31, 5.46%, 0, 0, 10, 2531.89
1572240592, 0, 1719, 1756, 989, 31, 5.46%, 0, 0, 10, 2318.23
1572240617, 0, 1719, 1758, 991, 31, 5.46%, 0, 0, 10, 2243.48
1572240643, 0, 1719, 1759, 992, 31, 5.46%, 0, 0, 10, 2237.37
1572240653, 0, 1719, 1761, 994, 31, 5.46%, 0, 0, 10, 2332.16
1572240664, 0, 1719, 1765, 998, 31, 5.47%, 0, 0, 10, 2231.19
1572240785, 0, 1724, 1765, 995, 38, 5.47%, 0, 0, 10, 1511.54
1572240790, 0, 1727, 1765, 993, 36, 5.47%, 0, 0, 10, 1308.49
1572240795, 0, 1727, 1766, 994, 36, 5.47%, 0, 0, 10, 1114.08
1572241121, 0, 1727, 1767, 995, 36, 5.47%, 0, 0, 10, 1105.55
1572241156, 0, 1729, 1767, 994, 36, 5.47%, 0, 0, 10, 1179.95
1572241207, 0, 1729, 1768, 995, 36, 5.47%, 0, 0, 10, 1068.29
1572241522, 0, 1736, 1768, 992, 34, 5.47%, 0, 0, 10, 1351.43
1572241553, 0, 1736, 1770, 994, 34, 5.47%, 0, 0, 11, 1056.95
1572241568, 0, 1736, 1771, 995, 34, 5.47%, 0, 0, 11, 1051.29
1572241755, 0, 1736, 1772, 996, 34, 5.47%, 0, 0, 11, 1093.18
1572241954, 0, 1736, 1775, 999, 34, 5.47%, 0, 0, 11, 1042.84
1572242015, 0, 1737, 1775, 998, 35, 5.47%, 0, 0, 11, 1201.79
1572242274, 0, 1737, 1776, 999, 35, 5.47%, 0, 0, 11, 1017.95
1572242543, 0, 1739, 1777, 999, 35, 5.47%, 0, 0, 11, 1185.46
1572242584, 0, 1739, 1780, 1002, 35, 5.53%, 0, 0, 11, 969.71
1572242645, 0, 1739, 1782, 1004, 35, 5.53%, 0, 0, 11, 977.56
1572242701, 0, 1739, 1783, 1005, 35, 5.53%, 0, 0, 11, 980.62
1572242731, 0, 1739, 1785, 1007, 35, 5.55%, 0, 0, 11, 1062.65
1572242741, 0, 1739, 1787, 1009, 35, 5.55%, 0, 0, 11, 979.16
1572242960, 0, 1739, 1788, 1010, 35, 5.55%, 0, 0, 11, 989.62
1572243005, 0, 1739, 1789, 1011, 35, 5.55%, 0, 0, 11, 962.30
1572243072, 0, 1740, 1790, 1011, 41, 5.55%, 0, 0, 11, 1169.04
1572243077, 0, 1746, 1798, 1016, 38, 5.55%, 0, 0, 11, 1293.68
1572243087, 0, 1750, 1798, 1015, 40, 5.55%, 0, 0, 11, 1275.78
1572243444, 0, 1751, 1798, 1014, 39, 5.55%, 0, 0, 11, 1288.61
1572243449, 0, 1754, 1798, 1012, 37, 5.55%, 0, 0, 11, 1218.78
1572243499, 0, 1754, 1799, 1013, 37, 5.55%, 0, 0, 11, 974.29
1572243505, 0, 1754, 1800, 1014, 37, 5.55%, 0, 0, 11, 979.46
1572243566, 0, 1754, 1801, 1015, 37, 5.55%, 0, 0, 11, 982.98
1572243637, 0, 1754, 1802, 1016, 37, 5.55%, 0, 0, 11, 997.27
1572243642, 0, 1754, 1803, 1017, 37, 5.55%, 0, 0, 11, 1009.28
1572243789, 0, 1755, 1803, 1016, 40, 5.55%, 0, 0, 11, 2421.24
1572243794, 0, 1755, 1804, 1017, 40, 5.55%, 0, 0, 11, 2309.21
1572243809, 0, 1755, 1805, 1018, 40, 5.55%, 0, 0, 11, 2334.02
1572243866, 0, 1755, 1806, 1019, 40, 5.55%, 0, 0, 11, 2405.74
1572243963, 0, 1761, 1806, 1014, 37, 5.55%, 0, 0, 11, 2921.70
1572243968, 0, 1771, 1806, 1006, 29, 5.55%, 0, 0, 11, 3183.90
1572243973, 0, 1773, 1806, 1005, 28, 5.55%, 0, 0, 11, 2674.87
1572243988, 0, 1773, 1808, 1007, 28, 5.56%, 0, 0, 12, 2436.10
1572243993, 0, 1773, 1809, 1008, 28, 5.56%, 0, 0, 12, 2480.17
1572244019, 0, 1773, 1810, 1009, 28, 5.57%, 0, 0, 12, 2494.78
1572244045, 0, 1773, 1812, 1011, 28, 5.57%, 0, 0, 12, 2523.39
1572244126, 0, 1773, 1813, 1012, 28, 5.57%, 0, 0, 12, 2532.29
1572244137, 0, 1773, 1816, 1015, 28, 5.57%, 0, 0, 12, 2517.57
1572244157, 0, 1773, 1817, 1016, 28, 5.57%, 0, 0, 12, 2493.63
1572244183, 0, 1782, 1821, 1018, 29, 5.58%, 0, 0, 12, 2825.17
1572244203, 0, 1782, 1833, 1030, 29, 5.58%, 0, 0, 12, 2213.67
1572244213, 0, 1782, 1834, 1031, 29, 5.58%, 0, 0, 12, 2234.08
1572244228, 0, 1782, 1836, 1033, 29, 5.58%, 0, 0, 12, 2199.06
1572244239, 0, 1782, 1837, 1034, 29, 5.58%, 0, 0, 12, 2223.08
1572244254, 0, 1782, 1840, 1037, 29, 5.58%, 0, 0, 12, 2207.39
1572244265, 0, 1782, 1843, 1040, 29, 5.58%, 0, 0, 12, 2222.86
1572244270, 0, 1782, 1849, 1046, 29, 5.59%, 0, 0, 12, 2245.92
1572244275, 0, 1782, 1851, 1048, 29, 5.59%, 0, 0, 12, 2199.95
1572244306, 0, 1782, 1852, 1049, 29, 5.59%, 0, 0, 12, 2332.61
1572244372, 0, 1782, 1853, 1050, 29, 5.59%, 0, 0, 12, 2301.27
1572244377, 0, 1782, 1854, 1051, 29, 5.59%, 0, 0, 12, 2279.54
1572244382, 0, 1782, 1855, 1052, 29, 5.59%, 0, 0, 12, 2307.28
1572244387, 0, 1782, 1858, 1055, 29, 5.60%, 0, 0, 12, 2219.20
1572244408, 0, 1782, 1863, 1060, 29, 5.60%, 0, 0, 12, 2246.03
1572244444, 0, 1804, 1864, 1053, 31, 5.60%, 0, 0, 12, 2951.87
1572244449, 0, 1816, 1864, 1049, 27, 5.60%, 0, 0, 12, 2794.64
1572244464, 0, 1816, 1879, 1064, 27, 5.60%, 0, 0, 13, 2466.17
1572244474, 0, 1816, 1880, 1065, 27, 5.60%, 0, 0, 13, 2470.69
1572244490, 0, 1816, 1882, 1067, 27, 5.60%, 0, 0, 13, 2446.70
1572244510, 0, 1816, 1884, 1069, 27, 5.60%, 0, 0, 13, 2457.63
1572244521, 0, 1816, 1886, 1071, 27, 5.60%, 0, 0, 13, 2457.22
1572244526, 0, 1816, 1892, 1077, 27, 5.60%, 0, 0, 13, 2486.54
1572244623, 0, 1816, 1894, 1079, 27, 5.60%, 0, 0, 13, 2486.24
1572244638, 0, 1816, 1898, 1083, 27, 5.60%, 0, 0, 13, 2483.02
1572244668, 0, 1851, 1899, 1081, 28, 5.60%, 0, 0, 13, 2721.48
1572244694, 0, 1851, 1900, 1082, 28, 5.60%, 0, 0, 13, 2291.18
1572244714, 0, 1851, 1901, 1083, 28, 5.60%, 0, 0, 13, 2238.10
1572244720, 0, 1851, 1903, 1085, 28, 5.60%, 0, 0, 13, 2307.48
1572244786, 0, 1851, 1904, 1086, 28, 5.60%, 0, 0, 13, 2354.67
1572244863, 0, 1851, 1905, 1087, 28, 5.60%, 0, 0, 13, 2254.10
1572244914, 0, 1869, 1907, 1087, 30, 5.60%, 0, 0, 13, 2652.95
1572244935, 0, 1869, 1910, 1090, 30, 5.60%, 0, 0, 14, 2431.88
1572244991, 0, 1869, 1911, 1091, 30, 5.60%, 0, 0, 14, 2495.62
1572244996, 0, 1869, 1915, 1095, 30, 5.60%, 0, 0, 14, 2459.35
1572245094, 0, 1869, 1916, 1096, 30, 5.60%, 0, 0, 14, 2480.77
1572245114, 0, 1869, 1919, 1099, 30, 5.60%, 0, 0, 14, 2458.99
1572245139, 0, 1869, 1920, 1100, 30, 5.61%, 0, 0, 14, 2605.34
1572245145, 0, 1900, 1920, 1093, 24, 5.61%, 0, 0, 14, 3062.48
1572245150, 0, 1900, 1921, 1094, 24, 5.61%, 0, 0, 14, 2430.82
1572245390, 0, 1903, 1921, 1092, 23, 5.61%, 0, 0, 14, 2639.58
1572245395, 0, 1907, 1922, 1091, 22, 5.61%, 0, 0, 14, 2573.93
1572245472, 0, 1907, 1923, 1092, 22, 5.61%, 0, 0, 15, 2470.03
1572245619, 0, 1908, 1924, 1092, 21, 5.61%, 0, 0, 15, 2764.71
1572245644, 0, 1908, 1925, 1093, 21, 5.61%, 0, 0, 15, 2493.01
1572245696, 0, 1908, 1926, 1094, 21, 5.61%, 0, 0, 15, 2512.38
1572245813, 0, 1908, 1927, 1095, 21, 5.61%, 0, 0, 15, 2481.80
1572245844, 0, 1919, 1927, 1092, 19, 5.61%, 0, 0, 15, 2681.53
1572245859, 0, 1919, 1931, 1096, 19, 5.61%, 0, 0, 15, 2451.84
1572245870, 0, 1919, 1932, 1097, 19, 5.61%, 0, 0, 15, 2466.79
1572246068, 0, 1919, 1933, 1098, 19, 5.61%, 0, 0, 15, 2731.90
1572246073, 0, 1923, 1933, 1094, 18, 5.61%, 0, 0, 15, 2687.49
1572246089, 0, 1923, 1936, 1097, 18, 5.61%, 0, 0, 16, 2453.08
1572246099, 0, 1923, 1937, 1098, 18, 5.61%, 0, 0, 16, 2458.92
1572246247, 0, 1923, 1938, 1099, 18, 5.61%, 0, 0, 16, 2485.71
1572246298, 0, 1926, 1938, 1098, 19, 5.61%, 0, 0, 16, 2622.55
1572246518, 0, 1929, 1938, 1097, 18, 5.61%, 0, 0, 16, 2746.19
1572246523, 1, 346, 1938, 1088, 12, 5.61%, 0, 0, 16, 3083.82
1572246727, 1, 419, 1938, 1087, 11, 5.61%, 0, 0, 16, 2665.00
1572246926, 1, 503, 1938, 1086, 11, 5.61%, 0, 0, 16, 2557.24
1572247212, 1, 817, 1938, 1084, 9, 5.61%, 0, 0, 16, 1447.80
1572247583, 1, 823, 1938, 1083, 8, 5.61%, 0, 0, 16, 1202.27
1572247628, 1, 823, 1940, 1085, 8, 5.61%, 0, 0, 16, 1075.79
1572247634, 1, 823, 1941, 1086, 8, 5.61%, 0, 0, 16, 1071.49
1572247684, 1, 823, 1942, 1087, 8, 5.61%, 0, 0, 16, 1086.76
1572247689, 1, 823, 1945, 1090, 8, 5.62%, 0, 0, 16, 1085.57
1572247745, 1, 823, 1946, 1091, 8, 5.62%, 0, 0, 16, 1074.85
1572247786, 1, 823, 1947, 1092, 8, 5.62%, 0, 0, 16, 1103.98
1572247923, 1, 823, 1948, 1093, 8, 5.62%, 0, 0, 16, 1089.81
1572248014, 1, 1030, 1948, 1092, 15, 5.62%, 0, 0, 16, 1157.38
1572248329, 1, 1039, 1949, 1092, 16, 5.62%, 0, 0, 16, 1080.42
1572248644, 1, 1052, 1950, 1092, 15, 5.62%, 0, 0, 16, 1171.91
1572248670, 1, 1161, 1950, 1091, 16, 5.62%, 0, 0, 16, 1338.74
1572248675, 1, 1665, 1950, 1085, 12, 5.62%, 0, 0, 16, 1309.11
1572248685, 1, 1665, 1951, 1086, 12, 5.62%, 0, 0, 16, 1264.14
1572248690, 1, 1868, 1951, 1082, 11, 5.62%, 0, 0, 16, 1582.90
1572248731, 1, 1868, 1953, 1084, 11, 5.62%, 0, 0, 16, 1032.42
1572248868, 1, 1868, 1954, 1085, 11, 5.62%, 0, 0, 16, 1027.55
1572249279, 1, 1880, 1954, 1084, 13, 5.62%, 0, 0, 16, 1128.76
1572249802, 1, 1940, 1955, 1082, 11, 5.62%, 0, 0, 16, 1452.83
1572249904, 1, 1940, 1956, 1083, 11, 5.62%, 0, 0, 16, 1077.23
1572249909, 1, 1940, 1957, 1084, 11, 5.62%, 0, 0, 16, 1084.88
1572249914, 1, 1940, 1958, 1085, 11, 5.62%, 0, 0, 16, 1078.75
1572250142, 1, 1940, 1959, 1086, 11, 5.62%, 0, 0, 16, 1101.67
1572250204, 1, 1944, 1960, 1084, 10, 5.62%, 0, 0, 16, 2682.88
1572250224, 1, 1944, 1961, 1085, 10, 5.62%, 0, 0, 16, 2524.88
1572250245, 1, 1944, 1962, 1086, 10, 5.62%, 0, 0, 16, 2528.34
1572250388, 1, 1947, 1962, 1084, 9, 5.62%, 0, 0, 16, 2668.19
1572250408, 1, 1947, 1965, 1087, 9, 5.62%, 0, 0, 16, 2585.81
1572250429, 1, 1947, 1968, 1090, 9, 5.62%, 0, 0, 16, 2580.81
1572250475, 1, 1947, 1969, 1091, 9, 5.62%, 0, 0, 16, 2577.12
1572250480, 1, 1947, 1970, 1092, 9, 5.62%, 0, 0, 16, 2591.10
1572250572, 1, 1950, 1976, 1096, 14, 5.62%, 0, 0, 16, 2948.34
1572250577, 1, 1950, 1978, 1098, 14, 5.62%, 0, 0, 16, 2989.90
1572250582, 1, 1950, 1980, 1100, 14, 5.62%, 0, 0, 16, 2931.53
1572250587, 1, 1963, 1980, 1095, 14, 5.62%, 0, 0, 16, 3109.17
1572250772, 1, 1969, 1980, 1089, 8, 5.62%, 0, 0, 16, 2987.42
1572250797, 1, 1969, 1981, 1090, 8, 5.62%, 0, 0, 16, 2576.07
1572250818, 1, 1969, 1982, 1091, 8, 5.63%, 0, 0, 16, 2595.84
1572250956, 1, 1971, 1984, 1092, 9, 5.63%, 0, 0, 16, 2888.06
1572250966, 1, 1971, 1985, 1093, 9, 5.63%, 0, 0, 16, 2940.25
1572250971, 1, 1972, 1985, 1092, 11, 5.63%, 0, 0, 16, 3004.94
1572250981, 1, 1972, 1989, 1096, 11, 5.63%, 0, 0, 16, 2939.75
1572250986, 1, 1976, 1991, 1096, 11, 5.63%, 0, 0, 16, 2988.10
1572250996, 1, 1976, 1993, 1098, 11, 5.63%, 0, 0, 16, 2947.08
1572251002, 1, 1979, 1993, 1096, 11, 5.63%, 0, 0, 16, 2956.38
1572251012, 1, 1980, 1993, 1095, 10, 5.63%, 0, 0, 16, 2770.71
1572251032, 1, 1980, 1994, 1096, 10, 5.63%, 0, 0, 16, 2566.46
1572251053, 1, 1980, 1996, 1098, 10, 5.63%, 0, 0, 16, 2576.86
1572251058, 1, 1980, 2000, 1102, 10, 5.63%, 0, 0, 16, 2575.37
1572251190, 1, 1980, 2002, 1104, 10, 5.63%, 0, 0, 16, 2687.91
1572251195, 1, 1982, 2002, 1102, 14, 5.63%, 0, 0, 16, 2868.87
1572251205, 1, 1982, 2004, 1104, 14, 5.63%, 0, 0, 16, 2951.22
1572251210, 1, 1982, 2007, 1107, 14, 5.63%, 0, 0, 16, 2917.03
1572251215, 1, 1983, 2008, 1107, 17, 5.63%, 0, 0, 16, 2968.69
1572251226, 1, 1987, 2008, 1106, 16, 5.63%, 0, 0, 16, 2985.45
1572251231, 1, 1987, 2011, 1109, 16, 5.63%, 0, 0, 16, 2957.20
1572251236, 1, 1991, 2012, 1108, 17, 5.63%, 0, 0, 16, 2963.82
1572251241, 1, 1991, 2013, 1109, 17, 5.63%, 0, 0, 16, 2992.25
1572251251, 1, 1991, 2016, 1112, 17, 5.63%, 0, 0, 16, 2945.23
1572251256, 1, 1992, 2017, 1112, 19, 5.63%, 0, 0, 16, 2964.17
1572251272, 1, 2000, 2017, 1107, 14, 5.63%, 0, 0, 16, 3027.33
1572251282, 1, 2000, 2018, 1108, 14, 5.63%, 0, 0, 16, 2793.33
1572251400, 1, 2000, 2019, 1109, 14, 5.63%, 0, 0, 16, 2789.11
1572251405, 1, 2001, 2019, 1108, 14, 5.63%, 0, 0, 16, 2757.88
1572251446, 1, 2001, 2020, 1109, 14, 5.63%, 0, 0, 16, 2576.22
1572251585, 1, 2003, 2020, 1108, 14, 5.63%, 0, 0, 16, 2761.68
1572251595, 1, 2003, 2021, 1109, 14, 5.63%, 0, 0, 16, 2986.48
1572251600, 1, 2005, 2022, 1109, 14, 5.63%, 0, 0, 16, 2998.31
1572251611, 1, 2005, 2025, 1112, 14, 5.64%, 0, 0, 16, 2945.28
1572251616, 1, 2006, 2026, 1112, 15, 5.64%, 0, 0, 16, 2964.21
1572251626, 1, 2007, 2029, 1114, 14, 5.64%, 0, 0, 16, 3004.87
1572251636, 1, 2007, 2033, 1118, 14, 5.64%, 0, 0, 16, 2910.10
1572251641, 1, 2008, 2033, 1117, 16, 5.64%, 0, 0, 16, 2939.02
1572251646, 1, 2008, 2035, 1119, 16, 5.64%, 0, 0, 16, 2958.10
1572251652, 1, 2012, 2036, 1119, 16, 5.64%, 0, 0, 16, 2946.92
1572251657, 1, 2012, 2037, 1120, 16, 5.64%, 0, 0, 16, 2989.63
1572251667, 1, 2012, 2038, 1121, 16, 5.64%, 0, 0, 16, 2918.98
1572251672, 1, 2020, 2038, 1118, 16, 5.64%, 0, 0, 16, 2985.29
1572251682, 1, 2022, 2039, 1117, 14, 5.64%, 0, 0, 16, 2963.56
1572251687, 1, 2022, 2042, 1120, 14, 5.65%, 0, 0, 16, 2897.97
1572251692, 1, 2023, 2043, 1120, 16, 5.65%, 0, 0, 16, 2966.71
1572251703, 1, 2023, 2045, 1122, 16, 5.65%, 0, 0, 16, 2913.67
1572251708, 1, 2025, 2047, 1123, 18, 5.65%, 0, 0, 16, 2935.41
1572251718, 1, 2027, 2047, 1122, 18, 5.65%, 0, 0, 16, 2950.17
1572251729, 1, 2029, 2047, 1120, 16, 5.65%, 0, 0, 16, 2981.98
1572251739, 1, 2029, 2048, 1121, 16, 5.65%, 0, 0, 16, 2944.53
1572251744, 1, 2030, 2050, 1122, 16, 5.65%, 0, 0, 16, 2976.64
1572251754, 1, 2031, 2052, 1123, 16, 5.65%, 0, 0, 16, 2990.99
1572251764, 1, 2032, 2053, 1123, 15, 5.65%, 0, 0, 16, 2995.72
1572251769, 1, 2033, 2053, 1122, 16, 5.65%, 0, 0, 16, 2979.57
1572251784, 1, 2037, 2057, 1124, 14, 5.65%, 0, 0, 16, 2992.33
1572251805, 1, 2037, 2060, 1127, 14, 5.65%, 0, 0, 16, 2951.17
1572251810, 1, 2039, 2061, 1127, 16, 5.65%, 0, 0, 16, 2944.74
1572251820, 1, 2039, 2062, 1128, 16, 5.65%, 0, 0, 16, 2919.94
1572251825, 1, 2039, 2063, 1129, 16, 5.65%, 0, 0, 16, 2916.42
1572251830, 1, 2042, 2064, 1129, 17, 5.65%, 0, 0, 16, 2982.48
1572251836, 1, 2042, 2071, 1136, 17, 5.66%, 0, 0, 16, 2951.09
1572251841, 1, 2043, 2072, 1136, 19, 5.66%, 0, 0, 16, 2946.74
1572251846, 1, 2043, 2073, 1137, 19, 5.66%, 0, 0, 16, 2986.72
1572251856, 1, 2047, 2073, 1135, 17, 5.66%, 0, 0, 16, 2972.53
1572251866, 1, 2047, 2074, 1136, 17, 5.66%, 0, 0, 16, 2969.48
1572251871, 1, 2048, 2074, 1135, 16, 5.66%, 0, 0, 16, 2969.65
1572251882, 1, 2048, 2076, 1137, 16, 5.66%, 0, 0, 16, 2944.13
1572251892, 1, 2052, 2078, 1137, 15, 5.66%, 0, 0, 16, 3002.31
1572251902, 1, 2052, 2080, 1139, 15, 5.66%, 0, 0, 16, 2877.61
1572251907, 1, 2054, 2082, 1140, 16, 5.66%, 0, 0, 16, 2906.61
1572251928, 1, 2054, 2083, 1141, 16, 5.66%, 0, 0, 16, 2934.57
1572251933, 1, 2054, 2086, 1144, 16, 5.66%, 0, 0, 16, 2918.94
1572251943, 1, 2055, 2089, 1146, 16, 5.66%, 0, 0, 16, 2963.16
1572251948, 1, 2055, 2090, 1147, 16, 5.66%, 0, 0, 16, 2973.00
1572251964, 1, 2061, 2094, 1150, 16, 5.66%, 0, 0, 16, 2924.61
1572251969, 1, 2061, 2096, 1152, 16, 5.66%, 0, 0, 16, 2920.09
1572251974, 1, 2061, 2102, 1158, 16, 5.66%, 0, 0, 16, 2905.40
1572251979, 1, 2062, 2103, 1158, 17, 5.66%, 0, 0, 16, 2954.37
1572251984, 1, 2066, 2103, 1156, 15, 5.66%, 0, 0, 16, 2930.64
1572251995, 1, 2068, 2103, 1155, 14, 5.66%, 0, 0, 16, 2933.57
1572252005, 1, 2074, 2107, 1157, 13, 5.66%, 0, 0, 16, 2949.00
1572252010, 1, 2074, 2108, 1158, 13, 5.66%, 0, 0, 16, 2983.73
1572252020, 1, 2078, 2112, 1161, 15, 5.67%, 0, 0, 16, 2961.49
1572252025, 1, 2079, 2112, 1160, 18, 5.67%, 0, 0, 16, 2972.66
1572252030, 1, 2079, 2114, 1162, 18, 5.67%, 0, 0, 16, 2967.70
1572252035, 1, 2079, 2115, 1163, 18, 5.73%, 0, 0, 16, 2931.09
1572252041, 1, 2081, 2115, 1162, 20, 5.73%, 0, 0, 16, 2949.04
1572252061, 1, 2081, 2116, 1163, 20, 5.74%, 0, 0, 16, 2943.18
1572252066, 1, 2084, 2116, 1162, 20, 5.74%, 0, 0, 16, 2962.97
1572252077, 1, 2084, 2117, 1163, 20, 5.74%, 0, 0, 16, 2988.77
1572252082, 1, 2095, 2117, 1160, 17, 5.74%, 0, 0, 16, 2956.35
1572252092, 1, 2098, 2119, 1161, 16, 5.74%, 0, 0, 17, 2930.21
1572252102, 1, 2098, 2120, 1162, 16, 5.74%, 0, 0, 17, 2885.51
1572252107, 1, 2101, 2121, 1162, 16, 5.74%, 0, 0, 17, 2945.62
1572252113, 1, 2103, 2122, 1162, 16, 5.74%, 0, 0, 17, 2934.38
1572252123, 1, 2103, 2123, 1163, 16, 5.74%, 0, 0, 17, 2934.14
1572252128, 1, 2107, 2123, 1161, 16, 5.74%, 0, 0, 17, 2994.81
1572252138, 1, 2108, 2123, 1160, 15, 5.74%, 0, 0, 17, 3005.42
1572252143, 1, 2111, 2123, 1157, 12, 5.74%, 0, 0, 17, 2980.30
1572252153, 1, 2114, 2136, 1168, 10, 5.78%, 0, 0, 17, 2960.55
1572252158, 1, 2114, 2144, 1176, 10, 5.80%, 0, 0, 17, 2948.33
1572252164, 1, 2115, 2146, 1177, 23, 5.81%, 0, 0, 17, 2956.95
1572252179, 1, 2116, 2147, 1177, 25, 5.81%, 0, 0, 17, 2924.71
1572252199, 1, 2119, 2147, 1175, 23, 5.81%, 0, 0, 17, 2914.16
1572252205, 1, 2119, 2148, 1176, 23, 5.81%, 0, 0, 18, 2916.05
1572252210, 1, 2121, 2148, 1174, 22, 5.81%, 0, 0, 18, 2906.39
1572252225, 1, 2122, 2149, 1174, 21, 5.81%, 0, 0, 18, 2959.03
1572252235, 1, 2132, 2151, 1170, 16, 5.82%, 0, 0, 18, 2965.29
1572252240, 1, 2132, 2152, 1171, 16, 5.82%, 0, 0, 18, 2953.38
1572252246, 1, 2134, 2153, 1171, 16, 5.82%, 0, 0, 18, 2954.50
1572252251, 1, 2146, 2154, 1164, 9, 5.82%, 0, 0, 18, 2974.47
1572252271, 1, 2148, 2154, 1162, 8, 5.82%, 0, 0, 18, 2967.11
1572252281, 1, 2150, 2156, 1163, 8, 5.83%, 0, 0, 19, 2956.96
1572252292, 1, 2153, 2156, 1160, 6, 5.83%, 0, 0, 19, 2970.11
1572252307, 1, 2154, 2156, 1159, 5, 5.83%, 0, 0, 19, 2965.10
1572252323, 2, 369, 2156, 1154, 3, 5.83%, 0, 0, 19, 3066.19
1572252528, 2, 1036, 2156, 1151, 1, 5.83%, 0, 0, 19, 2572.16
1572252646, 2, 1985, 2158, 1151, 2, 5.83%, 0, 0, 19, 2680.03
1572252651, 2, 1985, 2160, 1153, 2, 5.83%, 0, 0, 19, 2882.05
1572252656, 2, 2157, 2160, 1152, 2, 5.83%, 0, 0, 19, 2827.67
1572252661, 2, 2157, 2174, 1166, 2, 5.83%, 0, 0, 19, 2414.13
1572252666, 2, 2157, 2178, 1170, 2, 5.83%, 0, 0, 19, 2339.30
1572252794, 2, 2157, 2181, 1173, 2, 5.83%, 0, 0, 19, 2308.40
1572252850, 2, 2159, 2181, 1172, 17, 5.83%, 0, 0, 19, 2486.22
1572252855, 2, 2159, 2182, 1173, 17, 5.83%, 0, 0, 19, 2840.20
1572252860, 2, 2168, 2182, 1166, 11, 5.83%, 0, 0, 19, 3036.42
1572252865, 2, 2168, 2183, 1167, 11, 5.83%, 0, 0, 19, 2481.08
1572253040, 2, 2168, 2184, 1168, 11, 5.83%, 0, 0, 19, 2382.42
1572253045, 2, 2168, 2187, 1171, 11, 5.83%, 0, 0, 19, 2605.85
1572253055, 2, 2178, 2187, 1164, 7, 5.83%, 0, 0, 19, 2783.58
1572253060, 2, 2178, 2188, 1165, 7, 5.83%, 0, 0, 19, 2393.10
1572253188, 2, 2178, 2189, 1166, 7, 5.83%, 0, 0, 19, 2313.48
1572253249, 2, 2178, 2191, 1168, 7, 5.83%, 0, 0, 19, 2490.08
1572253254, 2, 2181, 2191, 1165, 7, 5.83%, 0, 0, 19, 2754.07
1572253259, 2, 2181, 2192, 1166, 7, 5.83%, 0, 0, 19, 2800.76
1572253275, 2, 2181, 2195, 1169, 7, 5.83%, 0, 0, 19, 2786.52
1572253280, 2, 2181, 2198, 1172, 7, 5.83%, 0, 0, 19, 2724.02
1572253285, 2, 2184, 2200, 1172, 7, 5.83%, 0, 0, 19, 2688.28
1572253290, 2, 2184, 2206, 1178, 7, 5.83%, 0, 0, 19, 2375.86
1572253295, 2, 2184, 2210, 1182, 7, 5.83%, 0, 0, 19, 2310.58
1572253321, 2, 2184, 2214, 1186, 7, 5.83%, 0, 0, 19, 2319.60
1572253424, 2, 2184, 2216, 1188, 7, 5.83%, 0, 0, 19, 2264.85
1572253510, 2, 2184, 2220, 1192, 7, 5.83%, 0, 0, 19, 1080.44
1572253521, 2, 2184, 2222, 1194, 7, 5.83%, 0, 0, 19, 1065.99
1572253531, 2, 2186, 2222, 1193, 20, 5.83%, 0, 0, 19, 1040.22
1572253536, 2, 2186, 2223, 1194, 20, 5.83%, 0, 0, 19, 979.13
1572254008, 2, 2189, 2223, 1192, 19, 5.83%, 0, 0, 19, 1194.00
1572254013, 2, 2189, 2230, 1199, 19, 5.83%, 0, 0, 19, 973.72
1572254034, 2, 2189, 2232, 1201, 19, 5.83%, 0, 0, 19, 908.07
1572254054, 2, 2189, 2233, 1202, 19, 5.83%, 0, 0, 19, 935.05
1572254090, 2, 2189, 2234, 1203, 19, 5.83%, 0, 0, 19, 952.47
1572254344, 2, 2189, 2235, 1204, 19, 5.83%, 0, 0, 19, 929.53
1572254496, 2, 2189, 2236, 1205, 19, 5.84%, 0, 0, 19, 1052.46
1572254507, 2, 2190, 2238, 1206, 22, 5.84%, 0, 0, 19, 1032.86
1572254812, 2, 2190, 2239, 1207, 22, 5.84%, 0, 0, 19, 1001.32
1572254949, 2, 2193, 2239, 1205, 20, 5.84%, 0, 0, 19, 1210.36
1572255051, 2, 2204, 2239, 1203, 18, 5.84%, 0, 0, 19, 1335.76
1572255056, 2, 2204, 2240, 1204, 18, 5.84%, 0, 0, 19, 1042.13
1572255382, 2, 2204, 2241, 1205, 18, 5.84%, 0, 0, 19, 958.83
1572255529, 2, 2214, 2241, 1203, 17, 5.84%, 0, 0, 19, 1098.99
1572255534, 2, 2214, 2242, 1204, 17, 5.84%, 0, 0, 19, 965.54
1572255610, 2, 2214, 2249, 1211, 17, 5.85%, 0, 0, 19, 964.93
1572255853, 2, 2214, 2250, 1212, 17, 5.85%, 0, 0, 19, 948.14
1572256001, 2, 2216, 2250, 1210, 23, 5.85%, 0, 0, 19, 1238.80
1572256006, 2, 2216, 2252, 1212, 23, 5.85%, 0, 0, 19, 1139.07
1572256027, 2, 2216, 2255, 1215, 23, 5.85%, 0, 0, 19, 1044.34
1572256174, 2, 2219, 2256, 1215, 25, 5.85%, 0, 0, 19, 1185.55
1572256433, 2, 2219, 2259, 1218, 25, 5.85%, 0, 0, 19, 1077.16
1572256438, 2, 2219, 2260, 1219, 25, 5.85%, 0, 0, 19, 1078.99
1572256443, 2, 2219, 2261, 1220, 25, 5.85%, 0, 0, 19, 1080.70
1572256448, 2, 2221, 2261, 1219, 24, 5.85%, 0, 0, 19, 1034.15
1572256799, 2, 2229, 2261, 1213, 18, 5.85%, 0, 0, 19, 1530.55
1572256804, 2, 2235, 2261, 1210, 15, 5.85%, 0, 0, 19, 1363.29
1572256809, 2, 2235, 2262, 1211, 15, 5.86%, 0, 0, 19, 1237.27
1572256814, 2, 2236, 2262, 1210, 15, 5.86%, 0, 0, 19, 1323.31
1572256819, 2, 2240, 2262, 1207, 12, 5.86%, 0, 0, 19, 1192.23
1572257019, 2, 2242, 2266, 1210, 12, 5.86%, 0, 0, 19, 2506.96
1572257024, 2, 2242, 2267, 1211, 12, 5.86%, 0, 0, 19, 2326.95
1572257214, 2, 2249, 2267, 1206, 9, 5.86%, 0, 0, 19, 2759.93
1572257409, 2, 2250, 2267, 1205, 8, 5.86%, 0, 0, 19, 2483.45
1572257414, 2, 2252, 2269, 1206, 7, 5.86%, 0, 0, 19, 2631.67
1572257486, 2, 2262, 2271, 1204, 6, 5.86%, 0, 0, 19, 2693.70
1572257522, 2, 2262, 2272, 1205, 6, 5.86%, 0, 0, 19, 2345.77
1572257701, 2, 2262, 2273, 1206, 6, 5.86%, 0, 0, 19, 2537.97
1572257706, 2, 2272, 2274, 1200, 0, 5.86%, 0, 0, 19, 2778.72
1572257711, 2, 2272, 2280, 1206, 0, 5.86%, 0, 0, 19, 2406.32
1572257716, 2, 2272, 2283, 1209, 0, 5.86%, 0, 0, 19, 2346.11
1572257742, 2, 2272, 2286, 1212, 0, 5.86%, 0, 0, 19, 2259.48
1572257860, 2, 2272, 2287, 1213, 0, 5.86%, 0, 0, 19, 2331.42
1572257927, 2, 2272, 2288, 1214, 0, 5.86%, 0, 0, 19, 2507.60
1572257932, 2, 2285, 2288, 1205, 2, 5.86%, 0, 0, 19, 2976.62
1572257937, 2, 2286, 2290, 1206, 1, 5.86%, 0, 0, 19, 2471.47
1572257942, 2, 2286, 2291, 1207, 1, 5.86%, 0, 0, 19, 2353.41
1572257968, 2, 2286, 2292, 1208, 1, 5.86%, 0, 0, 19, 2333.98
1572258091, 2, 2286, 2293, 1209, 1, 5.86%, 0, 0, 19, 2327.09
1572258158, 2, 2288, 2293, 1208, 4, 5.86%, 0, 0, 19, 2544.37
1572258163, 2, 2288, 2295, 1210, 4, 5.87%, 0, 0, 19, 2360.50
1572258168, 2, 2288, 2296, 1211, 4, 5.87%, 0, 0, 19, 2331.36
1572258193, 2, 2288, 2297, 1212, 4, 5.87%, 0, 0, 19, 2340.02
1572258383, 2, 2290, 2297, 1211, 7, 5.87%, 0, 0, 19, 2571.81
1572258388, 3, 27, 2297, 1202, 0, 5.87%, 0, 0, 19, 2817.89
1572258592, 3, 410, 2299, 1202, 1, 5.87%, 0, 0, 19, 2698.04
1572258623, 3, 606, 2299, 1201, 2, 5.87%, 0, 0, 19, 2582.84
1572258643, 3, 606, 2301, 1203, 2, 5.87%, 0, 0, 19, 2608.26
1572258771, 3, 1617, 2305, 1198, 5, 5.88%, 0, 0, 19, 528.71
1572258777, 3, 1617, 2318, 1211, 5, 5.90%, 0, 0, 19, 634.91
1572258782, 3, 2069, 2330, 1218, 16, 5.92%, 0, 0, 19, 2267.42
1572258792, 3, 2298, 2330, 1217, 16, 5.92%, 0, 0, 19, 2652.50
1572258971, 3, 2299, 2331, 1217, 15, 5.92%, 0, 0, 19, 2559.39
1572259124, 3, 2303, 2336, 1221, 14, 5.92%, 0, 0, 19, 554.05
1572259129, 3, 2303, 2346, 1231, 14, 5.93%, 0, 0, 19, 636.66
1572259134, 3, 2308, 2350, 1234, 23, 5.93%, 0, 0, 19, 1069.05
1572259139, 3, 2314, 2358, 1239, 21, 5.93%, 0, 0, 19, 1901.62
1572259144, 3, 2318, 2365, 1244, 23, 5.93%, 0, 0, 19, 1546.16
1572259165, 3, 2318, 2366, 1245, 23, 5.93%, 0, 0, 19, 571.50
1572259205, 3, 2318, 2367, 1246, 23, 5.94%, 0, 0, 19, 569.05
1572259241, 3, 2318, 2375, 1254, 23, 5.95%, 0, 0, 19, 623.47
1572259246, 3, 2318, 2376, 1255, 23, 5.95%, 0, 0, 19, 637.08
1572259266, 3, 2318, 2377, 1256, 23, 5.95%, 0, 0, 19, 569.02
1572259343, 3, 2318, 2384, 1263, 23, 5.96%, 0, 0, 19, 622.60
1572259440, 3, 2318, 2387, 1266, 23, 5.97%, 0, 0, 19, 650.55
1572259445, 3, 2318, 2389, 1268, 23, 5.97%, 0, 0, 19, 637.26
1572259450, 3, 2318, 2390, 1269, 23, 5.97%, 0, 0, 19, 594.32
1572259846, 3, 2318, 2395, 1274, 23, 5.97%, 0, 0, 19, 707.09
1572259851, 3, 2318, 2396, 1275, 23, 5.97%, 0, 0, 19, 633.15
1572259882, 3, 2318, 2398, 1277, 23, 5.97%, 0, 0, 19, 823.15
1572261566, 3, 2318, 2399, 1278, 23, 5.97%, 0, 0, 19, 279.57
1572261708, 3, 2318, 2401, 1280, 23, 5.97%, 0, 0, 19, 291.72
1572261996, 3, 2318, 2403, 1282, 23, 5.97%, 0, 0, 19, 329.46
1572262665, 3, 2318, 2404, 1283, 23, 5.97%, 0, 0, 19, 253.06
1572262747, 3, 2318, 2405, 1284, 23, 5.98%, 0, 0, 19, 283.75
1572262797, 3, 2318, 2407, 1286, 23, 5.98%, 0, 0, 19, 363.93
1572262868, 3, 2320, 2407, 1285, 40, 5.98%, 0, 0, 19, 880.33
1572262873, 3, 2321, 2407, 1284, 39, 5.98%, 0, 0, 19, 1118.32
1572262909, 3, 2321, 2412, 1289, 39, 5.98%, 0, 0, 19, 1203.38
1572262914, 3, 2321, 2413, 1290, 39, 5.98%, 0, 0, 19, 1191.47
1572262919, 3, 2321, 2416, 1293, 39, 5.98%, 0, 0, 19, 1188.20
1572262924, 3, 2324, 2416, 1292, 43, 5.98%, 0, 0, 19, 1211.45
1572262944, 3, 2328, 2416, 1291, 42, 5.98%, 0, 0, 19, 1166.35
1572262975, 3, 2328, 2417, 1292, 42, 5.98%, 0, 0, 19, 1157.13
1572263006, 3, 2330, 2417, 1291, 42, 5.98%, 0, 0, 19, 1277.89
1572263011, 3, 2335, 2419, 1292, 41, 5.98%, 0, 0, 19, 243.89
1572263066, 3, 2335, 2421, 1294, 41, 5.98%, 0, 0, 19, 217.17
1572263122, 3, 2335, 2422, 1295, 41, 5.98%, 0, 0, 19, 212.45
1572263142, 3, 2335, 2423, 1296, 41, 5.98%, 0, 0, 19, 216.04
1572263260, 3, 2335, 2427, 1300, 41, 5.98%, 0, 0, 19, 236.67
1572263525, 3, 2335, 2429, 1302, 41, 5.98%, 0, 0, 19, 243.81
1572263688, 3, 2335, 2430, 1303, 41, 5.98%, 0, 0, 19, 570.78
1572263764, 3, 2335, 2431, 1304, 41, 5.98%, 0, 0, 19, 593.47
1572264043, 3, 2335, 2432, 1305, 41, 5.98%, 0, 0, 19, 557.05
1572264184, 3, 2335, 2434, 1307, 41, 5.98%, 0, 0, 19, 643.70
1572264215, 3, 2337, 2434, 1306, 44, 5.98%, 0, 0, 19, 1441.68
1572264220, 3, 2360, 2434, 1302, 40, 5.98%, 0, 0, 19, 1576.65
1572264250, 3, 2360, 2436, 1304, 40, 5.98%, 0, 0, 19, 440.10
1572264291, 3, 2360, 2438, 1306, 40, 5.98%, 0, 0, 19, 435.28
1572264296, 3, 2360, 2462, 1330, 40, 5.98%, 0, 0, 19, 437.05
1572264332, 3, 2360, 2463, 1331, 40, 5.99%, 0, 0, 19, 469.27
1572264337, 3, 2360, 2466, 1334, 40, 5.99%, 0, 0, 19, 513.31
1572264342, 3, 2360, 2476, 1344, 40, 6.00%, 0, 0, 19, 529.37
1572264347, 3, 2360, 2477, 1345, 40, 6.00%, 0, 0, 19, 513.71
1572264352, 3, 2360, 2478, 1346, 40, 6.00%, 0, 0, 19, 487.16
1572264378, 3, 2360, 2480, 1348, 40, 6.00%, 0, 0, 19, 438.67
1572264474, 3, 2360, 2486, 1354, 40, 6.01%, 0, 0, 19, 505.37
1572264602, 3, 2360, 2489, 1357, 40, 6.01%, 0, 0, 19, 556.82
1572264663, 3, 2360, 2491, 1359, 40, 6.02%, 0, 0, 19, 476.43
1572264720, 3, 2360, 2492, 1360, 40, 6.02%, 0, 0, 19, 585.78
1572264725, 3, 2360, 2493, 1361, 40, 6.02%, 0, 0, 19, 520.87
1572264756, 3, 2360, 2494, 1362, 40, 6.02%, 0, 0, 19, 612.25
1572265001, 3, 2360, 2495, 1363, 40, 6.02%, 0, 0, 19, 553.32
1572265011, 3, 2360, 2496, 1364, 40, 6.02%, 0, 0, 19, 549.08
1572265022, 3, 2360, 2497, 1365, 40, 6.02%, 0, 0, 19, 538.31
1572265144, 3, 2360, 2498, 1366, 40, 6.02%, 0, 0, 19, 621.58
1572265169, 3, 2360, 2502, 1370, 40, 6.02%, 0, 0, 19, 687.37
1572265205, 3, 2360, 2506, 1374, 40, 6.02%, 0, 0, 19, 1224.17
1572265210, 3, 2360, 2509, 1377, 40, 6.02%, 0, 0, 19, 1567.50
1572265215, 3, 2363, 2510, 1376, 49, 6.02%, 0, 0, 19, 1991.64
1572265628, 3, 2368, 2510, 1375, 48, 6.02%, 0, 0, 19, 1359.97
1572265827, 3, 2368, 2513, 1378, 48, 6.02%, 0, 0, 19, 618.15
1572266026, 3, 2368, 2514, 1379, 48, 6.02%, 0, 0, 19, 655.66
1572266306, 3, 2368, 2515, 1380, 48, 6.02%, 0, 0, 19, 720.55
1572266423, 3, 2370, 2515, 1378, 48, 6.02%, 0, 0, 19, 1735.03
1572266632, 3, 2370, 2516, 1379, 48, 6.02%, 0, 0, 19, 605.48
1572266738, 3, 2370, 2517, 1380, 48, 6.02%, 0, 0, 19, 577.51
1572267716, 3, 2370, 2518, 1381, 48, 6.02%, 0, 0, 19, 571.13
1572267721, 3, 2370, 2519, 1382, 48, 6.02%, 0, 0, 19, 683.74
1572267741, 3, 2371, 2519, 1381, 49, 6.02%, 0, 0, 19, 750.53
1572270788, 3, 2371, 2520, 1382, 49, 6.02%, 0, 0, 19, 620.65
1572271371, 3, 2377, 2520, 1378, 45, 6.02%, 0, 0, 19, 1464.09
1572272149, 3, 2382, 2520, 1374, 41, 6.02%, 0, 0, 19, 2300.03
1572272154, 3, 2394, 2520, 1371, 38, 6.02%, 0, 0, 19, 1416.68
1572272250, 3, 2394, 2521, 1372, 38, 6.02%, 0, 0, 19, 612.68
1572272540, 3, 2394, 2522, 1373, 38, 6.02%, 0, 0, 19, 672.33
1572272906, 3, 2394, 2523, 1374, 38, 6.02%, 0, 0, 19, 1488.43
1572272911, 3, 2396, 2523, 1373, 39, 6.02%, 0, 0, 19, 1133.91
1572272993, 3, 2396, 2524, 1374, 39, 6.02%, 0, 0, 19, 571.00
1572273546, 3, 2396, 2527, 1377, 39, 6.02%, 0, 0, 19, 538.02
1572276693, 3, 2396, 2528, 1378, 39, 6.03%, 0, 0, 19, 252.90
1572276891, 3, 2408, 2528, 1376, 42, 6.03%, 0, 0, 19, 1040.46
1572276942, 3, 2408, 2530, 1378, 42, 6.03%, 0, 0, 19, 1177.53
1572276957, 3, 2409, 2531, 1378, 42, 6.03%, 0, 0, 19, 1199.03
1572277003, 3, 2409, 2532, 1379, 42, 6.03%, 0, 0, 19, 1167.03
1572277008, 3, 2413, 2532, 1378, 42, 6.03%, 0, 0, 19, 1186.66
1572277069, 3, 2414, 2532, 1377, 41, 6.03%, 0, 0, 19, 1207.40
1572277099, 3, 2416, 2532, 1376, 40, 6.03%, 0, 0, 19, 1126.00
1572277160, 3, 2428, 2532, 1374, 38, 6.03%, 0, 0, 19, 1416.91
1572277166, 3, 2429, 2535, 1376, 37, 6.03%, 0, 0, 19, 222.01
1572277313, 3, 2429, 2536, 1377, 37, 6.03%, 0, 0, 19, 493.41
1572277434, 3, 2429, 2537, 1378, 37, 6.03%, 0, 0, 19, 507.51
1572278128, 3, 2467, 2537, 1375, 37, 6.03%, 0, 0, 19, 1841.81
1572278133, 3, 2475, 2537, 1374, 36, 6.03%, 0, 0, 19, 1003.28
1572278205, 3, 2475, 2538, 1375, 36, 6.03%, 0, 0, 19, 437.91
1572278241, 3, 2475, 2539, 1376, 36, 6.03%, 0, 0, 19, 431.74
1572278246, 3, 2475, 2540, 1377, 36, 6.03%, 0, 0, 19, 502.44
1572278251, 3, 2475, 2541, 1378, 36, 6.03%, 0, 0, 19, 505.95
1572278287, 3, 2475, 2542, 1379, 36, 6.03%, 0, 0, 19, 438.30
1572278383, 3, 2475, 2543, 1380, 36, 6.03%, 0, 0, 19, 525.43
1572278572, 3, 2475, 2544, 1381, 36, 6.04%, 0, 0, 19, 411.89
1572278950, 3, 2475, 2545, 1382, 36, 6.04%, 0, 0, 19, 553.20
1572279016, 3, 2475, 2546, 1383, 36, 6.04%, 0, 0, 19, 454.93
1572279092, 3, 2475, 2547, 1384, 36, 6.04%, 0, 0, 19, 636.86
1572279133, 3, 2476, 2548, 1384, 39, 6.04%, 0, 0, 19, 1554.32
1572279138, 3, 2489, 2548, 1381, 36, 6.04%, 0, 0, 19, 1696.35
1572279169, 3, 2489, 2549, 1382, 36, 6.04%, 0, 0, 19, 1223.25
1572279179, 3, 2489, 2550, 1383, 36, 6.04%, 0, 0, 19, 1287.86
1572279184, 3, 2489, 2553, 1386, 36, 6.04%, 0, 0, 19, 1294.69
1572279230, 3, 2489, 2558, 1391, 36, 6.04%, 0, 0, 19, 1337.02
1572279276, 3, 2489, 2559, 1392, 36, 6.04%, 0, 0, 19, 1314.52
1572279322, 3, 2489, 2563, 1396, 36, 6.04%, 0, 0, 19, 1586.81
1572279450, 3, 2489, 2564, 1397, 36, 6.04%, 0, 0, 19, 1313.83
1572279455, 3, 2489, 2565, 1398, 36, 6.04%, 0, 0, 19, 1291.79
1572279511, 3, 2489, 2566, 1399, 36, 6.04%, 0, 0, 19, 1390.52
1572279531, 3, 2489, 2570, 1403, 36, 6.04%, 0, 0, 19, 2201.11
1572279536, 3, 2497, 2570, 1398, 37, 6.04%, 0, 0, 19, 2569.12
1572279546, 3, 2497, 2571, 1399, 37, 6.04%, 0, 0, 19, 1394.04
1572279577, 3, 2497, 2574, 1402, 37, 6.04%, 0, 0, 19, 1399.13
1572279623, 3, 2497, 2575, 1403, 37, 6.04%, 0, 0, 19, 1421.40
1572279663, 3, 2497, 2576, 1404, 37, 6.04%, 0, 0, 19, 1408.28
1572279694, 3, 2497, 2579, 1407, 37, 6.04%, 0, 0, 19, 1827.23
1572279811, 3, 2497, 2580, 1408, 37, 6.04%, 0, 0, 19, 1561.83
1572279826, 3, 2502, 2580, 1405, 40, 6.04%, 0, 0, 19, 447.53
1572279939, 3, 2502, 2581, 1406, 40, 6.04%, 0, 0, 19, 431.84
1572279944, 3, 2502, 2582, 1407, 40, 6.04%, 0, 0, 19, 498.08
1572280877, 3, 2502, 2583, 1408, 40, 6.04%, 0, 0, 19, 254.05
1572280898, 3, 2502, 2584, 1409, 40, 6.04%, 0, 0, 19, 279.75
1572281309, 3, 2505, 2584, 1408, 41, 6.04%, 0, 0, 19, 779.65
1572281649, 3, 2505, 2585, 1409, 41, 6.04%, 0, 0, 19, 533.76
1572281954, 3, 2512, 2585, 1407, 40, 6.04%, 0, 0, 19, 274.81
1572282005, 3, 2512, 2586, 1408, 40, 6.04%, 0, 0, 19, 254.08
1572282167, 3, 2512, 2587, 1409, 40, 6.04%, 0, 0, 19, 292.45
1572282172, 3, 2512, 2588, 1410, 40, 6.04%, 0, 0, 19, 270.15
1572282396, 3, 2512, 2589, 1411, 40, 6.04%, 0, 0, 19, 287.78
1572283722, 3, 2515, 2590, 1411, 39, 6.04%, 0, 0, 19, 553.63
1572284707, 3, 2515, 2591, 1412, 39, 6.04%, 0, 0, 19, 831.36
1572284743, 3, 2516, 2592, 1412, 40, 6.04%, 0, 0, 19, 876.30
1572285553, 3, 2523, 2592, 1409, 38, 6.04%, 0, 0, 19, 1347.25
1572285639, 3, 2523, 2593, 1410, 38, 6.04%, 0, 0, 19, 618.63
1572287730, 3, 2524, 2593, 1409, 38, 6.04%, 0, 0, 19, 1423.89
1572287822, 3, 2524, 2594, 1410, 38, 6.04%, 0, 0, 19, 642.87
1572289928, 3, 2525, 2594, 1409, 38, 6.04%, 0, 0, 19, 1143.51
1572289933, 3, 2529, 2594, 1406, 35, 6.04%, 0, 0, 19, 1294.86
1572289979, 3, 2529, 2595, 1407, 35, 6.04%, 0, 0, 19, 1140.56
1572289989, 3, 2531, 2595, 1405, 34, 6.04%, 0, 0, 19, 1165.79
1572290004, 3, 2531, 2596, 1406, 34, 6.04%, 0, 0, 19, 1170.21
1572290055, 3, 2532, 2596, 1405, 34, 6.04%, 0, 0, 19, 1174.64
1572290060, 3, 2543, 2596, 1401, 30, 6.04%, 0, 0, 19, 1591.99
1572290066, 3, 2547, 2596, 1399, 28, 6.04%, 0, 0, 19, 1338.28
1572290503, 3, 2551, 2596, 1398, 27, 6.04%, 0, 0, 19, 813.31
1572290610, 3, 2551, 2597, 1399, 27, 6.04%, 0, 0, 19, 515.55
1572291285, 3, 2551, 2598, 1400, 27, 6.04%, 0, 0, 19, 570.57
1572291483, 3, 2556, 2598, 1398, 27, 6.04%, 0, 0, 19, 907.59
1572291508, 3, 2556, 2599, 1399, 27, 6.04%, 0, 0, 19, 486.52
1572291589, 3, 2556, 2600, 1400, 27, 6.04%, 0, 0, 19, 521.92
1572291701, 3, 2556, 2601, 1401, 27, 6.04%, 0, 0, 19, 525.81
1572291889, 3, 2556, 2602, 1402, 27, 6.05%, 0, 0, 19, 519.26
1572292275, 3, 2556, 2603, 1403, 27, 6.05%, 0, 0, 19, 539.79
1572292474, 3, 2562, 2603, 1400, 27, 6.05%, 0, 0, 19, 1064.92
1572292499, 3, 2562, 2604, 1401, 27, 6.05%, 0, 0, 19, 552.04
1572292530, 3, 2562, 2605, 1402, 27, 6.05%, 0, 0, 19, 548.61
1572292575, 3, 2562, 2608, 1405, 27, 6.05%, 0, 0, 19, 586.98
1572292677, 3, 2562, 2610, 1407, 27, 6.05%, 0, 0, 19, 584.18
1572292783, 3, 2562, 2611, 1408, 27, 6.05%, 0, 0, 19, 596.86
1572292885, 3, 2562, 2612, 1409, 27, 6.05%, 0, 0, 19, 56.29
1572293317, 3, 2562, 2614, 1411, 27, 6.05%, 0, 0, 19, 645.73
1572293363, 3, 2566, 2614, 1410, 26, 6.05%, 0, 0, 19, 1116.34
1572293546, 3, 2566, 2615, 1411, 26, 6.05%, 0, 0, 19, 1054.44
1572293597, 3, 2566, 2616, 1412, 26, 6.05%, 0, 0, 19, 1051.17
1572293703, 3, 2569, 2616, 1411, 26, 6.05%, 0, 0, 19, 2659.22
1572293719, 3, 2569, 2617, 1412, 26, 6.05%, 0, 0, 19, 1132.45
1572293801, 3, 2569, 2618, 1413, 26, 6.05%, 0, 0, 19, 1191.54
1572293898, 3, 2569, 2619, 1414, 26, 6.05%, 0, 0, 19, 1196.70
1572293924, 3, 2569, 2622, 1417, 26, 6.05%, 0, 0, 19, 1490.49
1572294209, 3, 2569, 2623, 1418, 26, 6.05%, 0, 0, 19, 1889.75
1572294214, 3, 2569, 2624, 1419, 26, 6.05%, 0, 0, 19, 2229.93
1572294219, 3, 2575, 2624, 1416, 24, 6.05%, 0, 0, 19, 1829.78
1572294229, 3, 2575, 2625, 1417, 24, 6.05%, 0, 0, 19, 1361.17
1572294260, 3, 2575, 2626, 1418, 24, 6.05%, 0, 0, 19, 1432.78
1572294508, 3, 2577, 2626, 1417, 24, 6.05%, 0, 0, 19, 1609.45
1572294544, 3, 2577, 2627, 1418, 24, 6.05%, 0, 0, 19, 1378.49
1572294799, 3, 2584, 2627, 1416, 23, 6.05%, 0, 0, 19, 2189.46
