# unix_time, cycles_done, cur_path, paths_total, pending_total, pending_favs, map_size, unique_crashes, unique_hangs, max_depth, execs_per_sec
1572714476, 0, 0, 1, 1, 1, 1.37%, 0, 0, 1, 2000.00
1572714481, 0, 0, 61, 61, 1, 1.79%, 0, 0, 2, 2562.23
1572714496, 0, 0, 142, 142, 1, 2.08%, 0, 0, 2, 2699.14
1572714501, 0, 0, 209, 209, 1, 2.25%, 0, 0, 2, 2690.91
1572714522, 0, 0, 219, 219, 1, 2.27%, 0, 0, 2, 2705.32
1572714542, 0, 0, 223, 223, 1, 2.31%, 0, 0, 2, 2611.04
1572714548, 0, 0, 252, 252, 1, 2.62%, 0, 0, 2, 2646.47
1572714553, 0, 0, 255, 255, 1, 2.62%, 0, 0, 2, 2619.69
1572714558, 0, 0, 264, 264, 1, 2.72%, 0, 0, 2, 2654.34
1572714563, 0, 0, 269, 269, 1, 2.74%, 0, 0, 2, 2646.25
1572714568, 0, 0, 271, 271, 1, 2.74%, 0, 0, 2, 2635.34
1572714573, 0, 0, 272, 272, 1, 2.75%, 0, 0, 2, 2621.29
1572714578, 0, 0, 281, 281, 1, 2.75%, 0, 0, 2, 2638.25
1572714583, 0, 0, 282, 282, 1, 2.75%, 0, 0, 2, 2669.92
1572714588, 0, 0, 283, 283, 1, 2.75%, 0, 0, 2, 2619.73
1572714604, 0, 0, 284, 284, 1, 2.76%, 0, 0, 2, 2547.90
1572714624, 0, 0, 285, 285, 1, 2.76%, 0, 0, 2, 2549.94
1572714629, 0, 0, 288, 288, 1, 2.77%, 0, 0, 2, 2547.39
1572714634, 0, 0, 293, 293, 1, 2.81%, 0, 0, 2, 2544.34
1572714640, 0, 0, 295, 295, 1, 2.81%, 0, 0, 2, 2546.19
1572714650, 0, 0, 298, 298, 1, 2.82%, 0, 0, 2, 2535.77
1572714660, 0, 0, 330, 330, 1, 2.84%, 0, 0, 2, 2682.04
1572714665, 0, 0, 345, 345, 1, 2.86%, 0, 0, 2, 2751.24
1572714670, 0, 13, 350, 343, 109, 2.87%, 0, 0, 2, 2837.87
1572714675, 0, 31, 351, 341, 106, 2.87%, 0, 0, 3, 2764.44
1572714798, 0, 34, 351, 340, 105, 2.87%, 0, 0, 3, 2712.06
1572714803, 0, 34, 352, 341, 105, 2.87%, 0, 0, 3, 2559.06
1572714818, 0, 34, 356, 345, 105, 2.87%, 0, 0, 3, 2514.43
1572714823, 0, 34, 357, 346, 105, 2.87%, 0, 0, 3, 2518.43
1572714849, 0, 34, 358, 347, 105, 2.87%, 0, 0, 3, 2509.82
1572714884, 0, 34, 359, 348, 105, 2.87%, 0, 0, 3, 2541.07
1572714899, 0, 34, 361, 350, 105, 2.88%, 0, 0, 3, 2535.43
1572714981, 0, 57, 361, 347, 108, 2.88%, 0, 0, 3, 2753.77
1572715002, 0, 57, 363, 349, 108, 2.88%, 0, 0, 3, 2512.05
1572715007, 0, 57, 364, 350, 108, 2.88%, 0, 0, 3, 2516.04
1572715058, 0, 57, 365, 351, 108, 2.95%, 0, 0, 3, 2527.73
1572715170, 0, 57, 367, 353, 108, 2.95%, 0, 0, 3, 2583.26
1572715175, 0, 57, 374, 360, 108, 2.96%, 0, 0, 3, 2722.36
1572715181, 0, 57, 378, 364, 108, 2.96%, 0, 0, 3, 2754.32
1572715186, 0, 66, 379, 364, 111, 2.96%, 0, 0, 3, 2605.02
1572715268, 0, 66, 380, 365, 111, 2.97%, 0, 0, 3, 2542.73
1572715375, 0, 107, 380, 356, 103, 2.97%, 0, 0, 3, 2929.36
1572715380, 0, 132, 380, 352, 99, 2.97%, 0, 0, 3, 2750.15
1572715401, 0, 132, 382, 354, 99, 2.97%, 0, 0, 3, 2518.43
1572715426, 0, 132, 383, 355, 99, 2.97%, 0, 0, 3, 2525.51
1572715569, 0, 145, 384, 352, 96, 3.01%, 0, 0, 3, 2734.28
1572715589, 0, 145, 388, 356, 96, 3.01%, 0, 0, 3, 2510.92
1572715594, 0, 145, 389, 357, 96, 3.01%, 0, 0, 3, 2510.08
1572715640, 0, 145, 390, 358, 96, 3.01%, 0, 0, 3, 2485.43
1572715660, 0, 145, 391, 359, 96, 3.01%, 0, 0, 3, 2540.77
1572715762, 0, 165, 392, 355, 94, 3.01%, 0, 0, 3, 2685.21
1572715788, 0, 165, 393, 356, 94, 3.01%, 0, 0, 3, 2515.62
1572715829, 0, 165, 394, 357, 94, 3.01%, 0, 0, 3, 2523.21
1572715850, 0, 165, 396, 359, 94, 3.01%, 0, 0, 3, 2550.31
1572715952, 0, 171, 396, 358, 96, 3.01%, 0, 0, 3, 2534.91
1572715972, 0, 171, 398, 360, 96, 3.02%, 0, 0, 3, 2440.86
1572715978, 0, 171, 399, 361, 96, 3.02%, 0, 0, 3, 2435.56
1572716028, 0, 171, 401, 363, 96, 3.02%, 0, 0, 3, 2464.46
1572716038, 0, 171, 402, 364, 96, 3.02%, 0, 0, 3, 2482.84
1572716059, 0, 171, 403, 365, 96, 3.02%, 0, 0, 3, 2468.12
1572716115, 0, 171, 404, 366, 96, 3.02%, 0, 0, 3, 2456.94
1572716146, 0, 176, 405, 366, 98, 3.02%, 0, 0, 3, 2597.52
1572716166, 0, 176, 406, 367, 98, 3.02%, 0, 0, 3, 2507.14
1572716171, 0, 176, 409, 370, 98, 3.02%, 0, 0, 3, 2508.41
1572716227, 0, 176, 410, 371, 98, 3.03%, 0, 0, 3, 2507.48
1572716232, 0, 176, 413, 374, 98, 3.03%, 0, 0, 3, 2535.23
1572716248, 0, 176, 415, 376, 98, 3.03%, 0, 0, 3, 2523.99
1572716335, 0, 196, 415, 372, 98, 3.03%, 0, 0, 3, 2778.76
1572716340, 0, 208, 417, 371, 95, 3.03%, 0, 0, 3, 2597.95
1572716360, 0, 208, 420, 374, 95, 3.04%, 0, 0, 3, 2511.95
1572716386, 0, 208, 421, 375, 95, 3.04%, 0, 0, 3, 2512.23
1572716412, 0, 208, 422, 376, 95, 3.04%, 0, 0, 3, 2532.17
1572716528, 0, 209, 422, 375, 95, 3.04%, 0, 0, 3, 2589.92
1572716549, 0, 209, 429, 382, 95, 3.06%, 0, 0, 3, 2481.07
1572716712, 0, 209, 430, 383, 95, 3.06%, 0, 0, 3, 2515.76
1572716722, 0, 212, 430, 381, 99, 3.06%, 0, 0, 3, 2645.36
1572716728, 0, 235, 432, 376, 92, 3.06%, 0, 0, 3, 2725.43
1572716800, 0, 235, 433, 377, 92, 3.06%, 0, 0, 3, 2517.25
1572716887, 0, 235, 434, 378, 92, 3.07%, 0, 0, 3, 2535.55
1572716922, 0, 254, 435, 374, 90, 3.07%, 0, 0, 3, 2737.19
1572716942, 0, 254, 436, 375, 90, 3.07%, 0, 0, 3, 2508.68
1572716999, 0, 254, 437, 376, 90, 3.07%, 0, 0, 3, 2517.99
1572717085, 0, 254, 438, 377, 90, 3.07%, 0, 0, 3, 2519.80
1572717116, 0, 255, 438, 376, 90, 3.07%, 0, 0, 3, 2572.57
1572717300, 0, 255, 439, 377, 90, 3.07%, 0, 0, 3, 2536.27
1572717310, 0, 255, 440, 378, 90, 3.07%, 0, 0, 3, 2556.73
1572717315, 0, 257, 440, 376, 89, 3.07%, 0, 0, 3, 2571.62
1572717336, 0, 257, 443, 379, 89, 3.07%, 0, 0, 3, 2515.18
1572717397, 0, 257, 446, 382, 89, 3.08%, 0, 0, 3, 2543.32
1572717509, 0, 260, 449, 383, 89, 3.09%, 0, 0, 3, 2733.68
1572717529, 0, 260, 452, 386, 89, 3.11%, 0, 0, 3, 2504.95
1572717534, 0, 260, 458, 392, 89, 3.11%, 0, 0, 3, 2510.07
1572717555, 0, 260, 460, 394, 89, 3.11%, 0, 0, 3, 2512.72
1572717585, 0, 260, 461, 395, 89, 3.11%, 0, 0, 3, 2523.41
1572717596, 0, 260, 462, 396, 89, 3.11%, 0, 0, 3, 2531.87
1572717709, 0, 265, 462, 393, 91, 3.11%, 0, 0, 3, 2655.35
1572717729, 0, 265, 463, 394, 91, 3.11%, 0, 0, 3, 2516.30
1572717781, 0, 265, 465, 396, 91, 3.11%, 0, 0, 3, 2496.37
1572717801, 0, 265, 466, 397, 91, 3.11%, 0, 0, 3, 2530.50
1572717811, 0, 265, 468, 399, 91, 3.11%, 0, 0, 3, 2547.59
1572717908, 0, 266, 469, 399, 93, 3.11%, 0, 0, 3, 2534.41
1572717929, 0, 266, 470, 400, 93, 3.11%, 0, 0, 3, 2506.86
1572717990, 0, 266, 471, 401, 93, 3.12%, 0, 0, 3, 2539.19
1572718000, 0, 266, 472, 402, 93, 3.12%, 0, 0, 3, 2523.36
1572718102, 0, 267, 472, 401, 92, 3.12%, 0, 0, 3, 2570.97
1572718127, 0, 267, 473, 402, 92, 3.12%, 0, 0, 3, 2509.53
1572718188, 0, 267, 474, 403, 92, 3.12%, 0, 0, 3, 2533.37
1572718199, 0, 267, 475, 404, 92, 3.12%, 0, 0, 3, 2514.29
1572718301, 0, 268, 475, 403, 93, 3.12%, 0, 0, 3, 2538.15
1572718321, 0, 268, 477, 405, 93, 3.12%, 0, 0, 3, 2511.03
1572718382, 0, 268, 479, 407, 93, 3.13%, 0, 0, 3, 2535.74
1572718388, 0, 268, 480, 408, 93, 3.13%, 0, 0, 3, 2532.24
1572718398, 0, 268, 481, 409, 93, 3.13%, 0, 0, 3, 2509.67
1572718495, 0, 268, 483, 411, 93, 3.13%, 0, 0, 3, 2578.60
1572718500, 0, 269, 483, 410, 95, 3.13%, 0, 0, 3, 2544.18
1572718521, 0, 269, 484, 411, 95, 3.13%, 0, 0, 3, 2502.59
1572718582, 0, 269, 485, 412, 95, 3.13%, 0, 0, 3, 2534.10
1572718598, 0, 269, 486, 413, 95, 3.13%, 0, 0, 3, 2508.11
1572718695, 0, 271, 486, 411, 95, 3.13%, 0, 0, 3, 2638.65
1572718700, 0, 272, 486, 410, 94, 3.13%, 0, 0, 3, 2564.88
1572718720, 0, 272, 487, 411, 94, 3.13%, 0, 0, 3, 2509.50
1572718781, 0, 272, 488, 412, 94, 3.13%, 0, 0, 3, 2532.75
1572718802, 0, 272, 489, 413, 94, 3.13%, 0, 0, 3, 2532.82
1572718895, 0, 288, 489, 410, 94, 3.13%, 0, 0, 3, 2743.08
1572718915, 0, 288, 496, 417, 94, 3.13%, 0, 0, 3, 2492.77
1572718920, 0, 288, 508, 429, 94, 3.13%, 0, 0, 3, 2500.77
1572718972, 0, 288, 510, 431, 94, 3.13%, 0, 0, 3, 2514.43
1572719013, 0, 288, 511, 432, 94, 3.13%, 0, 0, 3, 2547.46
1572719059, 0, 288, 512, 433, 94, 3.13%, 0, 0, 3, 2525.69
1572719064, 0, 288, 514, 435, 94, 3.13%, 0, 0, 3, 2522.13
1572719079, 0, 288, 515, 436, 94, 3.13%, 0, 0, 3, 2533.27
1572719095, 0, 302, 515, 433, 96, 3.13%, 0, 0, 3, 2704.70
1572719162, 0, 302, 516, 434, 96, 3.13%, 0, 0, 3, 2725.89
1572719167, 0, 302, 517, 435, 96, 3.13%, 0, 0, 3, 2740.40
1572719182, 0, 312, 517, 432, 95, 3.13%, 0, 0, 3, 2755.68
1572719187, 0, 312, 518, 433, 95, 3.19%, 0, 0, 3, 2842.88
1572719192, 0, 312, 538, 453, 95, 3.24%, 0, 0, 3, 2846.05
1572719198, 0, 317, 540, 452, 103, 3.24%, 0, 0, 3, 2850.48
1572719203, 0, 317, 542, 454, 103, 3.24%, 0, 0, 3, 2630.17
1572719218, 0, 317, 552, 464, 103, 3.24%, 0, 0, 3, 2576.64
1572719244, 0, 317, 555, 467, 103, 3.24%, 0, 0, 3, 2590.67
1572719274, 0, 317, 557, 469, 103, 3.24%, 0, 0, 3, 2598.87
1572719279, 0, 317, 558, 470, 103, 3.24%, 0, 0, 3, 2592.35
1572719351, 0, 317, 560, 472, 103, 3.24%, 0, 0, 3, 2599.66
1572719361, 0, 328, 564, 475, 110, 3.25%, 0, 0, 3, 2627.88
1572719382, 0, 328, 565, 476, 110, 3.25%, 0, 0, 3, 2503.34
1572719387, 0, 328, 568, 479, 110, 3.25%, 0, 0, 3, 2502.55
1572719443, 0, 328, 570, 481, 110, 3.26%, 0, 0, 3, 2507.13
1572719448, 0, 328, 572, 483, 110, 3.27%, 0, 0, 3, 2526.99
1572719464, 0, 328, 573, 484, 110, 3.27%, 0, 0, 3, 2514.36
1572719469, 0, 328, 574, 485, 110, 3.27%, 0, 0, 3, 2519.22
1572719541, 0, 328, 575, 486, 110, 3.27%, 0, 0, 3, 2510.44
1572719546, 0, 328, 576, 487, 110, 3.27%, 0, 0, 3, 2531.19
1572719561, 0, 329, 576, 486, 119, 3.27%, 0, 0, 3, 2547.99
1572719582, 0, 329, 578, 488, 119, 3.28%, 0, 0, 3, 2536.63
1572719587, 0, 329, 588, 498, 119, 3.39%, 0, 0, 3, 2536.97
1572719608, 0, 329, 589, 499, 119, 3.39%, 0, 0, 3, 2549.76
1572719633, 0, 329, 590, 500, 119, 3.39%, 0, 0, 3, 2518.18
1572719649, 0, 329, 591, 501, 119, 3.39%, 0, 0, 3, 2563.80
1572719654, 0, 329, 593, 503, 119, 3.39%, 0, 0, 3, 2591.32
1572719700, 0, 329, 596, 506, 119, 3.39%, 0, 0, 3, 2593.99
1572719710, 0, 336, 596, 505, 131, 3.39%, 0, 0, 3, 2640.56
1572719797, 0, 336, 597, 506, 131, 3.39%, 0, 0, 3, 2631.97
1572719818, 0, 336, 598, 507, 131, 3.39%, 0, 0, 3, 2640.53
1572719848, 0, 336, 599, 508, 131, 3.39%, 0, 0, 3, 2627.64
1572719858, 0, 337, 599, 507, 133, 3.39%, 0, 0, 3, 2728.98
1572719879, 0, 337, 601, 509, 133, 3.39%, 0, 0, 3, 2779.29
1572719919, 0, 340, 602, 509, 132, 3.39%, 0, 0, 3, 2782.17
1572719960, 0, 340, 603, 510, 132, 3.39%, 0, 0, 3, 2738.84
1572719965, 0, 340, 604, 511, 132, 3.40%, 0, 0, 3, 2738.65
1572719986, 0, 340, 605, 512, 132, 3.40%, 0, 0, 3, 2726.60
1572720032, 0, 344, 605, 511, 134, 3.40%, 0, 0, 3, 2760.15
1572720053, 0, 344, 606, 512, 134, 3.41%, 0, 0, 3, 2745.23
1572720099, 0, 344, 608, 514, 134, 3.41%, 0, 0, 3, 2746.67
1572720104, 0, 345, 612, 517, 137, 3.41%, 0, 0, 3, 2791.40
1572720110, 0, 345, 614, 519, 137, 3.41%, 0, 0, 3, 2491.34
1572720125, 0, 345, 615, 520, 137, 3.41%, 0, 0, 3, 2413.86
1572720130, 0, 345, 620, 525, 137, 3.41%, 0, 0, 3, 2426.84
1572720176, 0, 345, 621, 526, 137, 3.41%, 0, 0, 3, 2439.48
1572720186, 0, 345, 625, 530, 137, 3.41%, 0, 0, 3, 2431.90
1572720191, 0, 345, 626, 531, 137, 3.41%, 0, 0, 3, 2445.09
1572720196, 0, 345, 628, 533, 137, 3.41%, 0, 0, 3, 2458.05
1572720212, 0, 345, 629, 534, 137, 3.41%, 0, 0, 3, 2490.04
1572720315, 0, 360, 629, 531, 141, 3.41%, 0, 0, 3, 2620.09
1572720340, 0, 360, 630, 532, 141, 3.41%, 0, 0, 4, 2490.04
1572720397, 0, 360, 631, 533, 141, 3.41%, 0, 0, 4, 2528.13
1572720418, 0, 360, 632, 534, 141, 3.42%, 0, 0, 4, 2520.75
1572720516, 0, 364, 683, 583, 140, 3.51%, 0, 0, 4, 2585.82
1572720526, 0, 364, 691, 591, 140, 3.51%, 0, 0, 4, 2563.21
1572720531, 0, 364, 698, 598, 140, 3.53%, 0, 0, 4, 2566.24
1572720541, 0, 364, 700, 600, 140, 3.53%, 0, 0, 4, 2564.97
1572720557, 0, 364, 708, 608, 140, 3.53%, 0, 0, 4, 2558.27
1572720562, 0, 364, 709, 609, 140, 3.53%, 0, 0, 4, 2584.35
1572720567, 0, 364, 710, 610, 140, 3.54%, 0, 0, 4, 2562.02
1572720577, 0, 364, 713, 613, 140, 3.54%, 0, 0, 4, 2576.68
1572720582, 0, 364, 717, 617, 140, 3.55%, 0, 0, 4, 2591.46
1572720587, 0, 364, 719, 619, 140, 3.55%, 0, 0, 4, 2562.57
1572720592, 0, 364, 729, 629, 140, 3.57%, 0, 0, 4, 2562.49
1572720598, 0, 364, 735, 635, 140, 3.57%, 0, 0, 4, 2556.88
1572720603, 0, 365, 739, 638, 169, 3.57%, 0, 0, 4, 2609.01
1572720608, 0, 365, 740, 639, 169, 3.57%, 0, 0, 4, 2475.59
1572720624, 0, 365, 741, 640, 169, 3.57%, 0, 0, 4, 2437.09
1572720629, 0, 365, 743, 642, 169, 3.57%, 0, 0, 4, 2449.37
1572720654, 0, 365, 745, 644, 169, 3.57%, 0, 0, 4, 2450.25
1572720690, 0, 365, 746, 645, 169, 3.57%, 0, 0, 4, 2475.18
1572720793, 0, 371, 747, 644, 168, 3.58%, 0, 0, 4, 2583.35
1572720818, 0, 373, 747, 643, 166, 3.58%, 0, 0, 4, 2629.58
1572720823, 0, 375, 747, 642, 165, 3.58%, 0, 0, 4, 2754.56
1572720849, 0, 383, 747, 640, 163, 3.58%, 0, 0, 4, 2851.19
1572720854, 0, 393, 749, 641, 162, 3.59%, 0, 0, 4, 2639.36
1572720874, 0, 393, 752, 644, 162, 3.59%, 0, 0, 4, 2547.53
1572720921, 0, 393, 753, 645, 162, 3.59%, 0, 0, 4, 2520.62
1572720931, 0, 393, 757, 649, 162, 3.59%, 0, 0, 4, 2563.32
1572720941, 0, 393, 759, 651, 162, 3.59%, 0, 0, 4, 2557.37
1572720946, 0, 393, 760, 652, 162, 3.59%, 0, 0, 4, 2584.28
1572721013, 0, 393, 761, 653, 162, 3.59%, 0, 0, 4, 2565.74
1572721028, 0, 399, 762, 651, 167, 3.59%, 0, 0, 4, 2690.90
1572721192, 0, 399, 763, 652, 167, 3.59%, 0, 0, 4, 2453.44
1572721238, 0, 401, 763, 651, 166, 3.59%, 0, 0, 4, 2558.88
1572721263, 0, 401, 765, 653, 166, 3.59%, 0, 0, 4, 2423.47
1572721376, 0, 401, 767, 655, 166, 3.59%, 0, 0, 4, 2456.83
1572721453, 0, 414, 767, 653, 165, 3.59%, 0, 0, 4, 2594.60
1572721659, 0, 420, 767, 651, 163, 3.59%, 0, 0, 4, 2535.60
1572721679, 0, 420, 768, 652, 163, 3.59%, 0, 0, 4, 2469.40
1572721736, 0, 420, 770, 654, 163, 3.59%, 0, 0, 4, 2493.45
1572721864, 0, 432, 771, 650, 158, 3.59%, 0, 0, 4, 2759.59
1572721869, 0, 432, 773, 652, 158, 3.59%, 0, 0, 4, 2607.46
1572721940, 0, 433, 775, 653, 157, 3.59%, 0, 0, 4, 2608.08
1572721945, 0, 435, 775, 652, 156, 3.59%, 0, 0, 4, 2546.26
1572721965, 0, 435, 776, 653, 156, 3.59%, 0, 0, 4, 2493.53
1572722150, 0, 443, 776, 650, 153, 3.59%, 0, 0, 4, 2569.92
1572722171, 0, 443, 777, 651, 153, 3.59%, 0, 0, 4, 2491.79
1572722233, 0, 443, 778, 652, 153, 3.59%, 0, 0, 4, 2518.76
1572722356, 0, 446, 778, 649, 152, 3.59%, 0, 0, 4, 2623.84
1572722376, 0, 446, 780, 651, 152, 3.60%, 0, 0, 4, 2479.59
1572722381, 0, 446, 781, 652, 152, 3.60%, 0, 0, 4, 2477.43
1572722437, 0, 446, 784, 655, 152, 3.60%, 0, 0, 4, 2512.69
1572722535, 0, 451, 786, 656, 152, 3.60%, 0, 0, 4, 2619.65
1572722555, 0, 451, 787, 657, 152, 3.60%, 0, 0, 4, 2594.61
1572722561, 0, 451, 788, 658, 152, 3.60%, 0, 0, 4, 2598.60
1572722607, 0, 451, 791, 661, 152, 3.60%, 0, 0, 4, 2606.27
1572722699, 0, 458, 792, 661, 151, 3.60%, 0, 0, 4, 2635.20
1572722740, 0, 458, 793, 662, 151, 3.60%, 0, 0, 4, 2598.21
1572722848, 0, 458, 794, 663, 151, 3.60%, 0, 0, 4, 2609.93
1572722863, 0, 477, 794, 655, 144, 3.60%, 0, 0, 4, 2940.72
1572722868, 0, 488, 794, 649, 138, 3.60%, 0, 0, 4, 2824.33
1572722894, 0, 488, 795, 650, 138, 3.60%, 0, 0, 4, 2497.32
1572723074, 0, 490, 795, 649, 138, 3.60%, 0, 0, 4, 2626.86
1572723094, 0, 490, 796, 650, 138, 3.60%, 0, 0, 4, 2642.36
1572723223, 0, 517, 807, 652, 130, 3.65%, 0, 0, 4, 2934.96
1572723228, 0, 537, 822, 657, 140, 3.71%, 0, 0, 4, 2845.12
1572723233, 0, 542, 824, 656, 140, 3.71%, 0, 0, 4, 2704.52
1572723254, 0, 542, 825, 657, 140, 3.71%, 0, 0, 4, 2563.90
1572723274, 0, 542, 826, 658, 140, 3.71%, 0, 0, 4, 2560.80
1572723402, 0, 548, 826, 656, 141, 3.71%, 0, 0, 4, 2612.64
1572723443, 0, 548, 827, 657, 141, 3.71%, 0, 0, 4, 2554.03
1572723576, 0, 555, 833, 659, 136, 3.75%, 0, 0, 4, 2683.88
1572723586, 0, 555, 835, 661, 136, 3.76%, 0, 0, 4, 2549.23
1572723596, 0, 555, 838, 664, 136, 3.76%, 0, 0, 4, 2553.84
1572723601, 0, 555, 841, 667, 136, 3.77%, 0, 0, 4, 2553.03
1572723622, 0, 555, 842, 668, 136, 3.77%, 0, 0, 4, 2557.05
1572723647, 0, 555, 844, 670, 136, 3.78%, 0, 0, 4, 2574.65
1572723744, 0, 557, 844, 668, 147, 3.78%, 0, 0, 4, 2685.65
1572723749, 0, 562, 844, 665, 144, 3.78%, 0, 0, 4, 2641.35
1572723770, 0, 562, 849, 670, 144, 3.78%, 0, 0, 4, 2479.38
1572723954, 0, 569, 849, 668, 142, 3.78%, 0, 0, 4, 2671.60
1572723959, 0, 578, 850, 663, 136, 3.78%, 0, 0, 4, 2765.43
1572723979, 0, 578, 853, 666, 136, 3.79%, 0, 0, 4, 2524.25
1572724111, 0, 580, 854, 666, 139, 3.79%, 0, 0, 4, 2615.14
1572724131, 0, 580, 855, 667, 139, 3.79%, 0, 0, 4, 2520.28
1572724157, 0, 580, 856, 668, 139, 3.79%, 0, 0, 4, 2533.97
1572724264, 0, 581, 857, 668, 141, 3.79%, 0, 0, 4, 2601.23
1572724289, 0, 581, 858, 669, 141, 3.79%, 0, 0, 4, 2526.17
1572724391, 0, 581, 859, 670, 141, 3.79%, 0, 0, 4, 2582.11
1572724416, 0, 582, 860, 670, 141, 3.79%, 0, 0, 4, 2608.92
1572724437, 0, 582, 862, 672, 141, 3.80%, 0, 0, 4, 2523.10
1572724442, 0, 582, 863, 673, 141, 3.80%, 0, 0, 4, 2524.52
1572724569, 0, 584, 864, 672, 141, 3.80%, 0, 0, 4, 2667.69
1572724595, 0, 584, 865, 673, 141, 3.81%, 0, 0, 4, 2529.18
1572724722, 0, 587, 866, 672, 141, 3.81%, 0, 0, 4, 2683.34
1572724742, 0, 587, 867, 673, 141, 3.81%, 0, 0, 4, 2472.66
1572724747, 0, 587, 878, 684, 141, 3.83%, 0, 0, 4, 2467.16
1572724762, 0, 587, 879, 685, 141, 3.86%, 0, 0, 4, 2469.27
1572724768, 0, 587, 882, 688, 141, 3.92%, 0, 0, 4, 2457.87
1572724793, 0, 587, 883, 689, 141, 3.92%, 0, 0, 4, 2445.00
1572724813, 0, 587, 888, 694, 141, 3.93%, 0, 0, 4, 2450.24
1572724865, 0, 587, 893, 699, 141, 3.95%, 0, 0, 4, 2512.97
1572724880, 0, 590, 893, 697, 153, 3.95%, 0, 0, 4, 2636.35
1572724885, 0, 590, 894, 698, 153, 3.95%, 0, 0, 4, 2553.19
1572725033, 0, 594, 894, 696, 152, 3.95%, 0, 0, 4, 2711.51
1572725038, 0, 598, 894, 693, 149, 3.95%, 0, 0, 4, 2673.96
1572725109, 0, 598, 895, 694, 149, 3.95%, 0, 0, 4, 2591.82
1572725186, 0, 601, 895, 693, 149, 3.95%, 0, 0, 4, 2632.58
1572725191, 0, 603, 897, 693, 147, 3.96%, 0, 0, 4, 2679.05
1572725212, 0, 603, 898, 694, 147, 3.96%, 0, 0, 4, 2644.64
1572725268, 0, 603, 899, 695, 147, 3.97%, 0, 0, 4, 2672.48
1572725309, 0, 625, 900, 692, 147, 3.97%, 0, 0, 4, 2813.50
1572725524, 0, 631, 900, 688, 143, 3.97%, 0, 0, 4, 2656.52
1572725549, 0, 631, 901, 689, 143, 3.97%, 0, 0, 5, 2473.49
1572725722, 0, 632, 902, 689, 143, 3.97%, 0, 0, 5, 2598.18
1572725748, 0, 632, 904, 691, 143, 3.97%, 0, 0, 5, 2399.67
1572725800, 0, 632, 905, 692, 143, 3.97%, 0, 0, 5, 2396.41
1572725928, 0, 675, 905, 685, 137, 3.97%, 0, 0, 5, 2533.07
1572725933, 0, 676, 907, 686, 136, 3.97%, 0, 0, 5, 2542.23
1572725944, 0, 676, 908, 687, 136, 3.98%, 0, 0, 5, 2551.66
1572725979, 0, 676, 909, 688, 136, 3.98%, 0, 0, 5, 2568.75
1572726010, 0, 679, 911, 687, 136, 3.98%, 0, 0, 5, 2559.38
1572726025, 0, 679, 912, 688, 136, 3.98%, 0, 0, 5, 2560.95
1572726086, 0, 680, 913, 688, 137, 3.98%, 0, 0, 5, 2567.58
1572726092, 0, 680, 914, 689, 137, 3.98%, 0, 0, 5, 2546.46
1572726102, 0, 680, 915, 690, 137, 3.98%, 0, 0, 5, 2548.73
1572726168, 0, 694, 917, 688, 135, 3.99%, 0, 0, 5, 2549.65
1572726184, 0, 694, 918, 689, 135, 3.99%, 0, 0, 5, 2545.49
1572726194, 0, 694, 919, 690, 135, 3.99%, 0, 0, 5, 2546.46
1572726245, 0, 697, 920, 688, 135, 3.99%, 0, 0, 5, 2554.35
1572726250, 0, 719, 920, 681, 128, 3.99%, 0, 0, 5, 2680.96
1572726271, 0, 724, 920, 680, 127, 3.99%, 0, 0, 5, 2752.32
1572726296, 0, 728, 921, 679, 125, 3.99%, 0, 0, 5, 2659.80
1572726307, 0, 729, 922, 679, 125, 3.99%, 0, 0, 5, 2715.62
1572726312, 0, 730, 923, 679, 124, 3.99%, 0, 0, 5, 2725.17
1572726337, 0, 731, 925, 680, 124, 3.99%, 0, 0, 5, 2582.94
1572726353, 0, 731, 926, 681, 124, 3.99%, 0, 0, 5, 2054.43
1572726363, 0, 731, 927, 682, 124, 3.99%, 0, 0, 5, 2057.00
1572726378, 0, 731, 931, 686, 124, 3.99%, 0, 0, 5, 2081.52
1572726506, 0, 731, 941, 696, 124, 3.99%, 0, 0, 5, 2329.63
1572726511, 0, 731, 944, 699, 124, 4.00%, 0, 0, 5, 2437.24
1572726517, 0, 735, 945, 698, 126, 4.00%, 0, 0, 5, 2491.64
1572726522, 0, 735, 948, 701, 126, 4.00%, 0, 0, 5, 2650.93
1572726527, 0, 735, 952, 705, 126, 4.01%, 0, 0, 5, 2678.78
1572726542, 0, 743, 952, 702, 130, 4.01%, 0, 0, 5, 2713.11
1572726562, 0, 743, 953, 703, 130, 4.01%, 0, 0, 5, 2410.99
1572726568, 0, 743, 956, 706, 130, 4.01%, 0, 0, 5, 2419.17
1572726588, 0, 743, 957, 707, 130, 4.01%, 0, 0, 5, 2427.56
1572726629, 0, 743, 958, 708, 130, 4.03%, 0, 0, 5, 2452.35
1572726645, 0, 743, 959, 709, 130, 4.03%, 0, 0, 5, 2473.94
1572726737, 0, 746, 959, 708, 132, 4.03%, 0, 0, 5, 2748.97
1572726742, 0, 757, 959, 702, 126, 4.03%, 0, 0, 5, 2766.24
1572726946, 0, 759, 959, 700, 124, 4.03%, 0, 0, 5, 2635.36
1572726966, 0, 759, 960, 701, 124, 4.03%, 0, 0, 5, 2363.96
1572726971, 0, 759, 962, 703, 124, 4.03%, 0, 0, 5, 2385.85
1572727160, 0, 760, 962, 702, 126, 4.03%, 0, 0, 5, 2553.37
1572727236, 0, 760, 963, 703, 126, 4.03%, 0, 0, 5, 2545.07
1572727241, 0, 760, 965, 705, 126, 4.03%, 0, 0, 5, 2546.36
1572727338, 0, 762, 966, 705, 127, 4.03%, 0, 0, 5, 2484.19
1572727359, 0, 762, 967, 706, 127, 4.03%, 0, 0, 5, 2404.18
1572727415, 0, 762, 968, 707, 127, 4.03%, 0, 0, 5, 2415.96
1572727503, 0, 762, 969, 708, 127, 4.03%, 0, 0, 5, 2456.49
1572727549, 0, 763, 969, 707, 127, 4.03%, 0, 0, 5, 2569.28
1572727574, 0, 763, 970, 708, 127, 4.03%, 0, 0, 5, 2399.08
1572727764, 0, 768, 972, 709, 128, 4.03%, 0, 0, 5, 2556.96
1572727789, 0, 768, 973, 710, 128, 4.03%, 0, 0, 5, 2393.51
1572727979, 0, 772, 973, 709, 128, 4.03%, 0, 0, 5, 2492.61
1572727994, 0, 772, 974, 710, 128, 4.03%, 0, 0, 5, 2556.79
1572728056, 0, 775, 974, 709, 128, 4.03%, 0, 0, 5, 2620.41
1572728061, 0, 779, 975, 707, 125, 4.03%, 0, 0, 5, 2498.42
1572728066, 0, 779, 977, 709, 125, 4.04%, 0, 0, 5, 2341.83
1572728081, 0, 779, 980, 712, 125, 4.04%, 0, 0, 5, 2312.92
1572728107, 0, 779, 981, 713, 125, 4.04%, 0, 0, 5, 2322.24
1572728138, 0, 779, 982, 714, 125, 4.04%, 0, 0, 5, 2332.21
1572728153, 0, 779, 992, 724, 125, 4.04%, 0, 0, 5, 267.24
1572728214, 0, 779, 993, 725, 125, 4.05%, 0, 0, 5, 2352.91
1572728235, 0, 779, 994, 726, 125, 4.05%, 0, 0, 5, 2381.94
1572728255, 0, 789, 998, 726, 122, 4.05%, 0, 0, 5, 2714.32
1572728270, 0, 789, 999, 727, 122, 4.05%, 0, 0, 5, 2584.11
1572728276, 0, 789, 1001, 729, 122, 4.05%, 0, 0, 5, 2587.66
1572728281, 0, 789, 1005, 733, 122, 4.05%, 0, 0, 5, 2588.67
1572728302, 0, 789, 1006, 734, 122, 4.05%, 0, 0, 5, 2592.45
1572728327, 0, 789, 1007, 735, 122, 4.05%, 0, 0, 5, 2596.44
1572728424, 0, 793, 1008, 734, 125, 4.05%, 0, 0, 5, 2654.72
1572728445, 0, 793, 1011, 737, 125, 4.05%, 0, 0, 5, 2540.49
1572728466, 0, 793, 1012, 738, 125, 4.05%, 0, 0, 5, 2541.33
1572728589, 0, 795, 1012, 736, 127, 4.05%, 0, 0, 5, 2729.65
1572728737, 0, 797, 1013, 735, 125, 4.05%, 0, 0, 5, 2702.57
1572728747, 0, 802, 1016, 735, 126, 4.20%, 0, 0, 5, 2787.29
1572728753, 0, 802, 1018, 737, 126, 4.22%, 0, 0, 5, 2822.98
1572728758, 0, 806, 1018, 734, 123, 4.22%, 0, 0, 5, 2868.96
1572728763, 0, 808, 1019, 733, 121, 4.22%, 0, 0, 5, 2848.76
1572728768, 0, 811, 1024, 736, 122, 4.24%, 0, 0, 5, 2902.33
1572728773, 0, 821, 1026, 728, 117, 4.30%, 0, 0, 5, 2860.96
1572728783, 0, 823, 1026, 726, 115, 4.30%, 0, 0, 5, 2871.90
1572728788, 0, 825, 1029, 727, 113, 4.30%, 0, 0, 5, 2834.25
1572728860, 0, 825, 1032, 730, 113, 4.30%, 0, 0, 5, 2625.68
1572728942, 0, 826, 1034, 731, 116, 4.30%, 0, 0, 5, 2708.03
1572729146, 0, 826, 1035, 732, 116, 4.30%, 0, 0, 5, 2539.92
1572729151, 0, 828, 1037, 733, 117, 4.30%, 0, 0, 5, 2568.10
1572729161, 0, 828, 1039, 735, 117, 4.31%, 0, 0, 5, 2528.84
1572729172, 0, 828, 1043, 739, 117, 4.31%, 0, 0, 5, 2542.27
1572729197, 0, 828, 1044, 740, 117, 4.31%, 0, 0, 5, 2541.22
1572729331, 0, 833, 1046, 740, 119, 4.32%, 0, 0, 5, 2605.06
1572729352, 0, 833, 1050, 744, 119, 4.32%, 0, 0, 5, 2545.18
1572729377, 0, 833, 1051, 745, 119, 4.32%, 0, 0, 5, 2547.20
1572729500, 0, 833, 1052, 746, 119, 4.32%, 0, 0, 5, 2617.84
1572729506, 0, 834, 1053, 746, 120, 4.32%, 0, 0, 5, 2580.49
1572729521, 0, 834, 1055, 748, 120, 4.32%, 0, 0, 5, 2536.66
1572729526, 0, 834, 1056, 749, 120, 4.32%, 0, 0, 5, 2544.85
1572729675, 0, 838, 1056, 748, 120, 4.32%, 0, 0, 5, 2605.69
1572729680, 0, 851, 1057, 746, 117, 4.32%, 0, 0, 5, 2640.77
1572729701, 0, 851, 1058, 747, 117, 4.32%, 0, 0, 5, 2505.97
1572729813, 0, 851, 1060, 749, 117, 4.33%, 0, 0, 5, 2497.04
1572729833, 0, 852, 1061, 749, 121, 4.33%, 0, 0, 5, 2641.11
1572729838, 0, 852, 1062, 750, 121, 4.33%, 0, 0, 5, 2415.41
1572729859, 0, 852, 1063, 751, 121, 4.33%, 0, 0, 5, 2353.08
1572729885, 0, 852, 1064, 752, 121, 4.33%, 0, 0, 5, 2354.25
1572729921, 0, 852, 1065, 753, 121, 4.33%, 0, 0, 5, 2302.09
1572729982, 0, 852, 1067, 755, 121, 4.34%, 0, 0, 5, 2417.61
1572730002, 0, 855, 1068, 754, 121, 4.34%, 0, 0, 5, 2608.19
1572730023, 0, 855, 1069, 755, 121, 4.34%, 0, 0, 5, 2477.79
1572730028, 0, 855, 1070, 756, 121, 4.34%, 0, 0, 5, 2474.81
1572730048, 0, 855, 1071, 757, 121, 4.34%, 0, 0, 5, 2459.26
1572730160, 0, 857, 1072, 757, 119, 4.34%, 0, 0, 5, 2624.11
1572730186, 0, 857, 1074, 759, 119, 4.34%, 0, 0, 5, 2454.95
1572730323, 0, 863, 1074, 755, 116, 4.34%, 0, 0, 5, 2760.57
1572730328, 0, 864, 1075, 755, 115, 4.34%, 0, 0, 5, 2437.12
1572730349, 0, 864, 1077, 757, 115, 4.34%, 0, 0, 5, 2280.65
1572730375, 0, 864, 1078, 758, 115, 4.34%, 0, 0, 5, 2298.70
1572730416, 0, 864, 1079, 759, 115, 4.34%, 0, 0, 5, 2253.86
1572730497, 0, 880, 1081, 758, 114, 4.35%, 0, 0, 5, 2591.71
1572730517, 0, 880, 1082, 759, 114, 4.35%, 0, 0, 5, 2463.83
1572730543, 0, 880, 1083, 760, 114, 4.35%, 0, 0, 5, 2463.57
1572730655, 0, 882, 1085, 761, 115, 4.35%, 0, 0, 5, 2634.26
1572730680, 0, 882, 1088, 764, 115, 4.36%, 0, 0, 5, 2430.61
1572730747, 0, 882, 1091, 767, 115, 4.36%, 0, 0, 5, 2509.26
1572730819, 0, 883, 1092, 767, 119, 4.36%, 0, 0, 5, 2561.95
1572730839, 0, 883, 1093, 768, 119, 4.41%, 0, 0, 5, 2485.25
1572730896, 0, 883, 1094, 769, 119, 4.41%, 0, 0, 5, 2509.29
1572730907, 0, 883, 1095, 770, 119, 4.41%, 0, 0, 5, 2338.77
1572730963, 0, 883, 1096, 771, 119, 4.41%, 0, 0, 5, 2517.52
1572730978, 0, 890, 1096, 768, 117, 4.41%, 0, 0, 5, 2743.83
1572730983, 0, 892, 1097, 768, 116, 4.41%, 0, 0, 5, 2547.36
1572731003, 0, 892, 1098, 769, 116, 4.41%, 0, 0, 5, 2476.06
1572731029, 0, 892, 1099, 770, 116, 4.41%, 0, 0, 5, 2480.35
1572731070, 0, 892, 1100, 771, 116, 4.42%, 0, 0, 5, 2423.05
1572731141, 0, 897, 1101, 769, 115, 4.42%, 0, 0, 5, 2771.36
1572731146, 0, 897, 1107, 775, 115, 4.44%, 0, 0, 5, 2803.15
1572731152, 0, 898, 1108, 775, 119, 4.44%, 0, 0, 5, 2740.66
1572731157, 0, 898, 1111, 778, 119, 4.45%, 0, 0, 5, 2590.98
1572731228, 0, 899, 1112, 778, 123, 4.45%, 0, 0, 5, 2575.25
1572731248, 0, 899, 1113, 779, 123, 4.45%, 0, 0, 5, 2550.14
1572731320, 0, 899, 1114, 780, 123, 4.45%, 0, 0, 5, 2591.99
1572731367, 0, 899, 1116, 782, 123, 4.45%, 0, 0, 5, 2581.64
1572731382, 0, 907, 1116, 777, 121, 4.45%, 0, 0, 5, 2726.78
1572731387, 0, 914, 1117, 773, 116, 4.45%, 0, 0, 6, 2586.54
1572731397, 0, 914, 1118, 774, 116, 4.45%, 0, 0, 6, 2547.76
1572731463, 0, 919, 1118, 770, 113, 4.45%, 0, 0, 6, 2549.16
1572731494, 0, 930, 1118, 767, 109, 4.45%, 0, 0, 6, 2526.12
1572731499, 0, 930, 1119, 768, 109, 4.45%, 0, 0, 6, 2242.81
1572731662, 0, 934, 1119, 767, 109, 4.45%, 0, 0, 6, 2236.86
1572731811, 0, 942, 1119, 766, 108, 4.45%, 0, 0, 6, 2115.03
1572732004, 0, 944, 1119, 765, 107, 4.45%, 0, 0, 6, 2493.09
1572732035, 0, 944, 1120, 766, 107, 4.45%, 0, 0, 6, 2598.11
1572732066, 0, 947, 1121, 765, 106, 4.45%, 0, 0, 6, 2644.68
1572732086, 0, 957, 1121, 759, 101, 4.45%, 0, 0, 6, 2785.12
1572732091, 0, 957, 1122, 760, 101, 4.45%, 0, 0, 6, 2532.60
1572732107, 0, 957, 1123, 761, 101, 4.45%, 0, 0, 6, 2460.24
1572732112, 0, 957, 1124, 762, 101, 4.45%, 0, 0, 6, 2474.89
1572732132, 0, 957, 1130, 768, 101, 4.45%, 0, 0, 6, 2480.02
1572732173, 0, 957, 1131, 769, 101, 4.45%, 0, 0, 6, 2499.80
1572732183, 0, 957, 1133, 771, 101, 4.45%, 0, 0, 6, 2500.64
1572732230, 0, 957, 1135, 773, 101, 4.45%, 0, 0, 6, 2497.62
1572732250, 0, 957, 1139, 777, 101, 4.45%, 0, 0, 6, 2506.27
1572732266, 0, 958, 1141, 778, 104, 4.46%, 0, 0, 6, 2606.10
1572732286, 0, 958, 1142, 779, 104, 4.46%, 0, 0, 6, 2394.29
1572732291, 0, 958, 1143, 780, 104, 4.46%, 0, 0, 6, 2406.44
1572732461, 0, 966, 1143, 773, 99, 4.46%, 0, 0, 6, 2849.40
1572732487, 0, 966, 1145, 775, 99, 4.46%, 0, 0, 6, 2393.32
1572732512, 0, 966, 1146, 776, 99, 4.46%, 0, 0, 6, 2392.67
1572732676, 0, 970, 1146, 775, 100, 4.46%, 0, 0, 6, 2506.86
1572732681, 0, 983, 1147, 774, 98, 4.46%, 0, 0, 6, 2465.52
1572732702, 0, 983, 1148, 775, 98, 4.57%, 0, 0, 6, 2343.54
1572732758, 0, 983, 1149, 776, 98, 4.57%, 0, 0, 6, 2381.26
1572732774, 0, 983, 1150, 777, 98, 4.57%, 0, 0, 6, 2273.34
1572732876, 0, 993, 1151, 774, 95, 4.57%, 0, 0, 6, 2718.69
1572732881, 0, 993, 1153, 776, 95, 4.57%, 0, 0, 6, 2357.08
1572732901, 0, 993, 1156, 779, 95, 4.57%, 0, 0, 6, 2283.92
1572732952, 0, 993, 1157, 780, 95, 4.57%, 0, 0, 6, 2269.22
1572732957, 0, 993, 1160, 783, 95, 4.59%, 0, 0, 6, 2285.49
1572732967, 0, 993, 1161, 784, 95, 4.59%, 0, 0, 6, 2328.67
1572732978, 0, 993, 1162, 785, 95, 4.59%, 0, 0, 6, 2294.55
1572733075, 0, 993, 1163, 786, 95, 4.59%, 0, 0, 6, 2401.78
1572733080, 0, 995, 1165, 787, 98, 4.59%, 0, 0, 6, 2559.70
1572733100, 0, 995, 1167, 789, 98, 4.59%, 0, 0, 6, 2564.23
1572733229, 0, 995, 1168, 790, 98, 4.59%, 0, 0, 6, 2581.72
1572733249, 0, 1007, 1170, 786, 95, 4.59%, 0, 0, 6, 2759.01
1572733270, 0, 1007, 1172, 788, 95, 4.59%, 0, 0, 6, 2560.13
1572733331, 0, 1007, 1173, 789, 95, 4.59%, 0, 0, 6, 2583.66
1572733418, 0, 1013, 1176, 787, 93, 4.60%, 0, 0, 6, 2821.94
1572733423, 0, 1013, 1187, 798, 93, 4.63%, 0, 0, 6, 2831.77
1572733434, 0, 1014, 1187, 797, 101, 4.63%, 0, 0, 6, 2829.29
1572733439, 0, 1017, 1188, 796, 99, 4.63%, 0, 0, 6, 2812.41
1572733444, 0, 1018, 1190, 797, 99, 4.63%, 0, 0, 6, 2843.84
1572733449, 0, 1018, 1193, 800, 99, 4.64%, 0, 0, 6, 2866.57
1572733454, 0, 1023, 1193, 796, 99, 4.64%, 0, 0, 6, 2899.89
1572733459, 0, 1032, 1194, 791, 93, 4.64%, 0, 0, 6, 2838.76
1572733500, 0, 1032, 1195, 792, 93, 4.64%, 0, 0, 6, 2599.33
1572733530, 0, 1032, 1197, 794, 93, 4.64%, 0, 0, 6, 2605.73
1572733617, 0, 1034, 1197, 792, 92, 4.64%, 0, 0, 6, 2597.26
1572733637, 0, 1034, 1198, 793, 92, 4.64%, 0, 0, 6, 2454.82
1572733694, 0, 1034, 1199, 794, 92, 4.64%, 0, 0, 6, 2464.56
1572733821, 0, 1037, 1200, 793, 94, 4.64%, 0, 0, 6, 2647.18
1572733842, 0, 1037, 1203, 796, 94, 4.64%, 0, 0, 6, 2517.33
1572733867, 0, 1037, 1204, 797, 94, 4.64%, 0, 0, 6, 2534.63
1572734005, 0, 1038, 1205, 797, 94, 4.64%, 0, 0, 6, 2598.23
1572734025, 0, 1038, 1208, 800, 94, 4.64%, 0, 0, 6, 2518.83
1572734188, 0, 1042, 1210, 801, 95, 4.64%, 0, 0, 6, 2600.17
1572734208, 0, 1042, 1213, 804, 95, 4.64%, 0, 0, 6, 2499.98
1572734341, 0, 1042, 1214, 805, 95, 4.64%, 0, 0, 6, 2518.08
1572734376, 0, 1049, 1215, 803, 96, 4.64%, 0, 0, 6, 2673.20
1572734397, 0, 1049, 1218, 806, 96, 4.64%, 0, 0, 6, 2512.91
1572734550, 0, 1050, 1218, 805, 95, 4.64%, 0, 0, 6, 2649.51
1572734555, 0, 1051, 1221, 807, 94, 4.64%, 0, 0, 6, 2550.25
1572734576, 0, 1051, 1222, 808, 94, 4.64%, 0, 0, 6, 2508.00
1572734601, 0, 1051, 1223, 809, 94, 4.64%, 0, 0, 6, 2506.00
1572734627, 0, 1051, 1224, 810, 94, 4.64%, 0, 0, 6, 2515.39
1572734719, 0, 1058, 1224, 808, 97, 4.64%, 0, 0, 6, 2701.80
1572734724, 0, 1058, 1225, 809, 97, 4.64%, 0, 0, 6, 2417.89
1572734872, 0, 1058, 1226, 810, 97, 4.64%, 0, 0, 6, 2418.70
1572734877, 0, 1058, 1227, 811, 97, 4.64%, 0, 0, 6, 2379.58
1572734893, 0, 1060, 1228, 810, 96, 4.64%, 0, 0, 6, 2533.74
1572734913, 0, 1060, 1229, 811, 96, 4.64%, 0, 0, 6, 2503.54
1572735046, 0, 1062, 1230, 811, 96, 4.64%, 0, 0, 6, 2621.53
1572735071, 0, 1062, 1231, 812, 96, 4.64%, 0, 0, 6, 2342.79
1572735214, 0, 1065, 1232, 812, 95, 4.64%, 0, 0, 6, 2552.09
1572735363, 0, 1065, 1233, 813, 95, 4.64%, 0, 0, 6, 2475.75
1572735378, 0, 1066, 1233, 812, 94, 4.64%, 0, 0, 6, 2547.82
1572735383, 0, 1072, 1234, 811, 92, 4.64%, 0, 0, 6, 2541.80
1572735547, 0, 1077, 1236, 812, 93, 4.64%, 0, 0, 6, 2429.76
1572735694, 0, 1077, 1237, 813, 93, 4.64%, 0, 0, 6, 2386.81
1572735715, 0, 1079, 1238, 813, 94, 4.64%, 0, 0, 6, 2403.02
1572735792, 0, 1079, 1239, 814, 94, 4.64%, 0, 0, 6, 2272.48
1572735868, 0, 1079, 1241, 816, 94, 4.64%, 0, 0, 6, 2390.38
1572735888, 0, 1083, 1242, 815, 94, 4.64%, 0, 0, 6, 2504.71
1572735909, 0, 1083, 1244, 817, 94, 4.64%, 0, 0, 6, 2460.66
1572736051, 0, 1085, 1245, 817, 95, 4.64%, 0, 0, 6, 2376.63
1572736061, 0, 1085, 1246, 818, 95, 4.64%, 0, 0, 6, 2260.20
1572736072, 0, 1085, 1248, 820, 95, 4.64%, 0, 0, 6, 2280.13
1572736220, 0, 1085, 1249, 821, 95, 4.64%, 0, 0, 6, 2331.35
1572736240, 0, 1088, 1250, 819, 94, 4.64%, 0, 0, 6, 2381.25
1572736260, 0, 1088, 1251, 820, 94, 4.64%, 0, 0, 6, 2134.28
1572736409, 0, 1088, 1252, 821, 94, 4.64%, 0, 0, 6, 2220.19
1572736414, 0, 1088, 1253, 822, 94, 4.64%, 0, 0, 6, 2275.42
1572736429, 0, 1094, 1254, 820, 92, 4.64%, 0, 0, 6, 2611.41
1572736444, 0, 1094, 1256, 822, 92, 4.65%, 0, 0, 6, 2412.11
1572736450, 0, 1094, 1257, 823, 92, 4.65%, 0, 0, 6, 2414.89
1572736455, 0, 1094, 1263, 829, 92, 4.66%, 0, 0, 6, 2419.67
1572736475, 0, 1094, 1264, 830, 92, 4.66%, 0, 0, 6, 2431.67
1572736495, 0, 1094, 1265, 831, 92, 4.66%, 0, 0, 6, 2415.01
1572736506, 0, 1094, 1268, 834, 92, 4.67%, 0, 0, 6, 2430.70
1572736572, 0, 1094, 1269, 835, 92, 4.67%, 0, 0, 6, 2472.04
1572736582, 0, 1094, 1271, 837, 92, 4.67%, 0, 0, 6, 2468.27
1572736588, 0, 1094, 1272, 838, 92, 4.68%, 0, 0, 6, 2465.65
1572736598, 0, 1098, 1273, 838, 103, 4.68%, 0, 0, 6, 2569.51
1572736762, 0, 1101, 1274, 837, 102, 4.68%, 0, 0, 6, 2642.36
1572736767, 0, 1101, 1275, 838, 102, 4.68%, 0, 0, 6, 2762.53
1572736772, 0, 1103, 1277, 839, 103, 4.68%, 0, 0, 6, 2863.38
1572736777, 0, 1108, 1278, 836, 100, 4.68%, 0, 0, 6, 2817.76
1572736782, 0, 1110, 1279, 835, 98, 4.68%, 0, 0, 6, 2607.96
1572736858, 0, 1111, 1281, 836, 98, 4.69%, 0, 0, 6, 2598.48
1572736863, 0, 1111, 1282, 837, 98, 4.69%, 0, 0, 6, 2623.39
1572736884, 0, 1111, 1283, 838, 98, 4.69%, 0, 0, 6, 2632.04
1572736905, 0, 1113, 1283, 837, 99, 4.69%, 0, 0, 6, 2687.28
1572736910, 0, 1117, 1283, 833, 95, 4.69%, 0, 0, 6, 2337.08
1572736951, 0, 1117, 1284, 834, 95, 4.69%, 0, 0, 7, 2106.50
1572737073, 0, 1117, 1287, 837, 95, 4.69%, 0, 0, 7, 2329.34
1572737078, 0, 1117, 1290, 840, 95, 4.69%, 0, 0, 7, 2433.45
1572737083, 0, 1129, 1290, 838, 94, 4.69%, 0, 0, 7, 2520.13
1572737170, 0, 1129, 1291, 839, 94, 4.69%, 0, 0, 7, 2476.66
1572737267, 0, 1133, 1291, 837, 92, 4.69%, 0, 0, 7, 2571.83
1572737287, 0, 1133, 1292, 838, 92, 4.69%, 0, 0, 7, 2498.98
1572737308, 0, 1133, 1296, 842, 92, 4.69%, 0, 0, 7, 2495.31
1572737313, 0, 1133, 1298, 844, 92, 4.69%, 0, 0, 7, 2497.67
1572737339, 0, 1133, 1299, 845, 92, 4.69%, 0, 0, 7, 2509.02
1572737359, 0, 1133, 1300, 846, 92, 4.69%, 0, 0, 7, 2513.51
1572737416, 0, 1133, 1301, 847, 92, 4.69%, 0, 0, 7, 2511.89
1572737426, 0, 1133, 1302, 848, 92, 4.69%, 0, 0, 7, 2521.33
1572737442, 0, 1142, 1302, 845, 94, 4.69%, 0, 0, 7, 2698.83
1572737447, 0, 1147, 1304, 845, 92, 4.69%, 0, 0, 7, 2319.26
1572737452, 0, 1147, 1311, 852, 92, 4.71%, 0, 0, 7, 2077.70
1572737472, 0, 1147, 1335, 876, 92, 4.78%, 0, 0, 7, 2042.43
1572737478, 0, 1147, 1338, 879, 92, 4.78%, 0, 0, 7, 2029.75
1572737498, 0, 1147, 1339, 880, 92, 4.78%, 0, 0, 7, 2049.16
1572737503, 0, 1147, 1344, 885, 92, 4.79%, 0, 0, 7, 2053.42
1572737529, 0, 1147, 1347, 888, 92, 4.80%, 0, 0, 7, 2063.08
1572737534, 0, 1147, 1347, 888, 92, 4.80%, 1, 0, 7, 2020.68
1572737539, 0, 1147, 1349, 890, 92, 4.81%, 1, 0, 7, 2079.30
1572737549, 0, 1147, 1351, 892, 92, 4.81%, 1, 0, 7, 2116.65
1572737559, 0, 1147, 1356, 897, 92, 4.82%, 1, 0, 7, 2162.49
1572737630, 0, 1147, 1357, 898, 92, 4.82%, 1, 0, 7, 2182.09
1572737666, 0, 1147, 1358, 899, 92, 4.82%, 1, 0, 7, 2047.36
1572737676, 0, 1147, 1359, 900, 92, 4.82%, 1, 0, 7, 2168.62
1572737681, 0, 1147, 1360, 901, 92, 4.83%, 1, 0, 7, 2145.75
1572737697, 0, 1149, 1361, 901, 120, 4.83%, 1, 0, 7, 2389.94
1572737865, 0, 1149, 1362, 902, 120, 4.83%, 1, 0, 7, 2390.73
1572737891, 0, 1161, 1363, 899, 117, 4.83%, 1, 0, 7, 2589.76
1572737973, 0, 1161, 1364, 900, 117, 4.83%, 1, 0, 7, 2318.74
1572738090, 0, 1162, 1366, 901, 117, 4.83%, 1, 0, 7, 2379.14
1572738173, 0, 1162, 1367, 902, 117, 4.83%, 1, 0, 7, 2276.39
1572738198, 0, 1162, 1368, 903, 117, 4.83%, 1, 0, 7, 2327.55
1572738294, 0, 1167, 1369, 903, 119, 4.83%, 1, 0, 7, 2527.86
1572738315, 0, 1167, 1371, 905, 119, 4.83%, 1, 0, 7, 2552.00
1572738458, 0, 1171, 1371, 903, 119, 4.83%, 1, 0, 7, 2707.23
1572738463, 0, 1196, 1376, 891, 103, 4.83%, 1, 0, 7, 2681.82
1572738484, 0, 1196, 1377, 892, 103, 4.83%, 1, 0, 7, 2599.54
1572738509, 0, 1196, 1378, 893, 103, 4.83%, 1, 0, 7, 2603.44
1572738535, 0, 1196, 1379, 894, 103, 4.83%, 1, 0, 7, 2604.32
1572738626, 0, 1203, 1379, 890, 105, 4.83%, 1, 0, 7, 2725.45
1572738637, 0, 1203, 1380, 891, 105, 4.83%, 1, 0, 7, 2644.22
1572738662, 0, 1203, 1381, 892, 105, 4.83%, 1, 0, 7, 2651.78
1572738739, 0, 1203, 1382, 893, 105, 4.83%, 1, 0, 7, 2653.50
1572738765, 0, 1208, 1383, 892, 102, 4.83%, 1, 0, 7, 2747.57
1572738770, 0, 1218, 1386, 891, 99, 4.83%, 1, 0, 7, 2679.42
1572738790, 0, 1218, 1388, 893, 99, 4.83%, 1, 0, 7, 2477.77
1572738939, 0, 1221, 1389, 891, 97, 4.83%, 1, 0, 7, 2708.65
1572738959, 0, 1221, 1391, 893, 97, 4.83%, 1, 0, 7, 2484.00
1572739114, 0, 1226, 1391, 890, 95, 4.83%, 1, 0, 7, 2710.34
1572739119, 0, 1226, 1392, 891, 95, 4.83%, 1, 0, 7, 2432.20
1572739139, 0, 1226, 1398, 897, 95, 4.83%, 1, 0, 7, 2330.28
1572739164, 0, 1226, 1401, 900, 95, 4.83%, 1, 0, 7, 2341.04
1572739190, 0, 1226, 1402, 901, 95, 4.83%, 1, 0, 7, 2334.99
1572739195, 0, 1226, 1403, 902, 95, 4.83%, 1, 0, 7, 2363.68
1572739205, 0, 1226, 1404, 903, 95, 4.83%, 1, 0, 7, 2411.01
1572739287, 0, 1228, 1405, 903, 100, 4.83%, 1, 0, 7, 2509.44
1572739308, 0, 1228, 1407, 905, 100, 4.83%, 1, 0, 7, 2483.44
1572739447, 0, 1230, 1408, 905, 97, 4.83%, 1, 0, 7, 2419.29
1572739467, 0, 1230, 1409, 906, 97, 4.83%, 1, 0, 7, 2325.30
1572739615, 0, 1236, 1410, 906, 97, 4.83%, 1, 0, 7, 2427.35
1572739774, 0, 1236, 1411, 907, 97, 4.83%, 1, 0, 7, 2388.13
1572739790, 0, 1239, 1411, 905, 96, 4.83%, 1, 0, 7, 2435.52
1572739810, 0, 1239, 1412, 906, 96, 4.83%, 1, 0, 7, 2289.36
1572739836, 0, 1239, 1413, 907, 96, 4.83%, 1, 0, 7, 2294.85
1572739861, 0, 1239, 1414, 908, 96, 4.83%, 1, 0, 7, 2287.85
1572739942, 0, 1239, 1415, 909, 96, 4.83%, 1, 0, 7, 2360.00
1572739963, 0, 1242, 1416, 909, 99, 4.83%, 1, 0, 7, 2478.08
1572739983, 0, 1242, 1417, 910, 99, 4.83%, 1, 0, 7, 2458.07
1572739988, 0, 1242, 1418, 911, 99, 4.83%, 1, 0, 7, 2453.99
1572740126, 0, 1248, 1419, 909, 98, 4.83%, 1, 0, 7, 2687.11
1572740151, 0, 1248, 1426, 916, 98, 4.83%, 1, 0, 7, 2243.98
1572740177, 0, 1248, 1428, 918, 98, 4.83%, 1, 0, 7, 2248.14
1572740228, 0, 1248, 1430, 920, 98, 4.83%, 1, 0, 7, 2032.14
1572740315, 0, 1251, 1430, 919, 103, 4.83%, 1, 0, 7, 2414.23
1572740320, 0, 1251, 1431, 920, 103, 4.83%, 1, 0, 7, 2214.29
1572740341, 0, 1251, 1432, 921, 103, 4.83%, 1, 0, 7, 2142.33
1572740489, 0, 1251, 1434, 923, 103, 4.84%, 1, 0, 7, 2202.34
1572740509, 0, 1262, 1434, 917, 101, 4.84%, 1, 0, 7, 2746.73
1572740514, 0, 1270, 1435, 913, 96, 4.84%, 1, 0, 7, 2732.93
1572740591, 0, 1270, 1436, 914, 96, 4.84%, 2, 0, 7, 2446.64
1572740683, 0, 1271, 1438, 915, 96, 4.84%, 2, 0, 7, 2509.41
1572740703, 0, 1271, 1442, 919, 96, 4.84%, 2, 0, 7, 2408.86
1572740708, 0, 1271, 1444, 921, 96, 4.84%, 2, 0, 7, 2406.50
1572740734, 0, 1271, 1445, 922, 96, 4.84%, 2, 0, 7, 2406.73
1572740759, 0, 1271, 1448, 925, 96, 4.84%, 2, 0, 7, 2429.55
1572740836, 0, 1271, 1449, 926, 96, 4.84%, 2, 0, 7, 2441.32
1572740856, 0, 1279, 1449, 919, 94, 4.84%, 2, 0, 7, 2575.41
1572740861, 0, 1279, 1452, 922, 94, 4.84%, 2, 0, 7, 2600.15
1572740892, 0, 1279, 1453, 923, 94, 4.85%, 2, 0, 7, 2620.35
1572740897, 0, 1289, 1455, 922, 94, 4.85%, 2, 0, 8, 2540.11
1572740903, 0, 1306, 1457, 919, 91, 4.85%, 2, 0, 8, 2821.18
1572740908, 0, 1306, 1458, 920, 91, 4.85%, 2, 0, 8, 2183.18
1572740994, 0, 1306, 1458, 920, 91, 4.85%, 3, 0, 8, 2052.71
1572741157, 0, 1318, 1459, 916, 86, 4.85%, 3, 0, 8, 2597.09
1572741183, 0, 1318, 1460, 917, 86, 4.85%, 3, 0, 8, 2043.31
1572741249, 0, 1318, 1461, 918, 86, 4.85%, 3, 0, 8, 2069.71
1572741407, 0, 1318, 1462, 919, 86, 4.85%, 3, 0, 8, 2123.84
1572741412, 0, 1319, 1463, 919, 86, 4.85%, 3, 0, 8, 2163.59
1572741438, 0, 1319, 1466, 922, 86, 4.85%, 3, 0, 8, 2022.13
1572741505, 0, 1319, 1466, 922, 86, 4.85%, 4, 0, 8, 2072.23
1572741525, 0, 1319, 1467, 923, 86, 4.85%, 4, 0, 8, 1724.01
1572741641, 0, 1319, 1468, 924, 86, 4.85%, 4, 0, 8, 2167.76
1572741662, 0, 1333, 1468, 922, 84, 4.85%, 4, 0, 8, 2505.47
1572741667, 0, 1336, 1469, 921, 82, 4.85%, 4, 0, 8, 2210.27
1572741754, 0, 1336, 1469, 921, 82, 4.85%, 5, 0, 8, 2039.46
1572741917, 0, 1340, 1470, 920, 80, 4.85%, 5, 0, 8, 2276.87
1572742004, 0, 1340, 1470, 920, 80, 4.85%, 6, 0, 8, 2053.66
1572742161, 0, 1344, 1470, 919, 80, 4.85%, 6, 0, 8, 2382.32
1572742166, 0, 1345, 1471, 919, 79, 4.85%, 6, 0, 8, 1753.90
1572742171, 0, 1345, 1472, 920, 79, 4.86%, 6, 0, 8, 1521.90
1572742197, 0, 1345, 1473, 921, 79, 4.86%, 6, 0, 8, 1522.73
1572742202, 0, 1345, 1475, 923, 79, 4.86%, 6, 0, 8, 1563.12
1572742207, 0, 1345, 1477, 925, 79, 4.87%, 6, 0, 8, 1485.11
1572742237, 0, 1345, 1479, 927, 79, 4.87%, 6, 0, 8, 1549.44
1572742278, 0, 1345, 1480, 928, 79, 4.88%, 6, 0, 8, 1566.01
1572742288, 0, 1345, 1480, 928, 79, 4.88%, 7, 0, 8, 1638.70
1572742319, 0, 1345, 1481, 929, 79, 4.88%, 7, 0, 8, 1594.17
1572742415, 0, 1345, 1482, 930, 79, 4.89%, 7, 0, 8, 1523.57
1572742491, 0, 1346, 1482, 929, 85, 4.89%, 7, 0, 8, 1986.83
1572742496, 0, 1361, 1482, 921, 77, 4.89%, 7, 0, 8, 2807.58
1572742501, 0, 1375, 1482, 912, 68, 4.89%, 7, 0, 8, 2940.03
1572742506, 0, 1387, 1484, 907, 63, 4.89%, 7, 0, 8, 2927.81
1572742511, 0, 1403, 1484, 900, 57, 4.89%, 7, 0, 8, 2972.93
1572742516, 0, 1414, 1485, 894, 50, 4.89%, 7, 0, 8, 2941.51
1572742521, 0, 1424, 1487, 889, 45, 4.89%, 7, 0, 8, 2912.47
1572742527, 0, 1431, 1494, 894, 43, 4.89%, 7, 0, 8, 2731.12
1572742532, 0, 1442, 1496, 889, 41, 4.89%, 7, 0, 8, 2898.89
1572742537, 0, 1455, 1497, 883, 34, 4.89%, 7, 0, 9, 2729.21
1572742542, 0, 1455, 1501, 887, 34, 4.89%, 7, 0, 9, 2242.25
1572742552, 0, 1455, 1503, 889, 34, 4.89%, 7, 0, 9, 2127.56
1572742588, 0, 1455, 1506, 892, 34, 4.89%, 7, 0, 9, 2146.18
1572742689, 0, 1455, 1509, 895, 34, 4.89%, 7, 0, 9, 2127.13
1572742766, 0, 1456, 1510, 895, 43, 4.89%, 7, 0, 9, 2099.44
1572742781, 0, 1456, 1511, 896, 43, 4.89%, 7, 0, 9, 1992.58
1572742982, 0, 1460, 1511, 894, 43, 4.89%, 7, 0, 9, 2311.13
1572742987, 0, 1461, 1513, 895, 42, 4.89%, 7, 0, 9, 2247.96
1572743012, 0, 1461, 1514, 896, 42, 4.89%, 7, 0, 9, 2162.96
1572743222, 0, 1464, 1515, 896, 44, 4.89%, 7, 0, 9, 2441.54
1572743258, 0, 1464, 1516, 897, 44, 4.89%, 7, 0, 9, 1594.94
1572743268, 0, 1464, 1517, 898, 44, 4.89%, 7, 0, 9, 1520.37
1572743369, 0, 1464, 1518, 899, 44, 4.89%, 7, 0, 9, 1679.63
1572743466, 0, 1464, 1519, 900, 44, 4.89%, 7, 0, 9, 1611.26
1572743547, 0, 1467, 1524, 904, 45, 4.89%, 7, 0, 9, 1990.49
1572743572, 0, 1467, 1533, 913, 45, 4.89%, 7, 0, 9, 1939.02
1572743638, 0, 1467, 1533, 913, 45, 4.89%, 8, 0, 9, 1924.76
1572743643, 0, 1467, 1535, 915, 45, 4.89%, 8, 0, 9, 1976.49
1572743765, 0, 1467, 1536, 916, 45, 4.89%, 8, 0, 9, 2037.96
1572743811, 0, 1469, 1536, 915, 45, 4.89%, 8, 0, 9, 2358.48
1572743816, 0, 1473, 1537, 914, 43, 4.89%, 8, 0, 9, 1837.19
1572743851, 0, 1473, 1538, 915, 43, 4.90%, 8, 0, 9, 1552.29
1572743861, 0, 1473, 1539, 916, 43, 4.90%, 8, 0, 9, 1468.50
1572743937, 0, 1473, 1539, 916, 43, 4.90%, 9, 0, 9, 1618.14
1572744140, 0, 1474, 1539, 915, 48, 4.90%, 9, 0, 9, 2050.86
1572744145, 0, 1480, 1540, 911, 43, 4.90%, 9, 0, 9, 2260.57
1572744176, 0, 1480, 1543, 914, 43, 4.90%, 9, 0, 9, 1698.29
1572744212, 0, 1480, 1544, 915, 43, 4.90%, 9, 0, 9, 1708.91
1572744259, 0, 1480, 1544, 915, 43, 4.90%, 10, 0, 9, 1780.13
1572744473, 0, 1482, 1547, 917, 46, 4.90%, 10, 0, 9, 2402.35
1572744498, 0, 1482, 1548, 918, 46, 4.90%, 10, 0, 9, 2528.59
1572744636, 0, 1483, 1552, 921, 48, 4.90%, 10, 0, 9, 2641.84
1572744646, 0, 1483, 1556, 925, 48, 4.90%, 10, 0, 9, 2612.69
1572744671, 0, 1483, 1557, 926, 48, 4.90%, 10, 0, 9, 2627.21
1572744778, 0, 1484, 1557, 925, 53, 4.90%, 10, 0, 9, 2637.40
1572744798, 0, 1484, 1558, 926, 53, 4.90%, 10, 0, 9, 2541.89
1572744845, 0, 1484, 1559, 927, 53, 4.90%, 10, 0, 9, 2548.21
1572744850, 0, 1484, 1561, 929, 53, 4.90%, 10, 0, 9, 2556.08
1572744865, 0, 1484, 1562, 930, 53, 4.90%, 10, 0, 9, 2575.38
1572744916, 0, 1484, 1564, 932, 53, 4.90%, 10, 0, 9, 2564.38
1572744937, 0, 1485, 1564, 931, 58, 4.90%, 10, 0, 9, 2464.42
1572744947, 0, 1485, 1568, 935, 58, 4.90%, 10, 0, 9, 2397.98
1572744957, 0, 1485, 1577, 944, 58, 4.90%, 10, 0, 9, 2397.55
1572744983, 0, 1485, 1582, 949, 58, 4.90%, 10, 0, 9, 2397.73
1572745008, 0, 1485, 1583, 950, 58, 4.90%, 10, 0, 9, 2364.25
1572745013, 0, 1485, 1584, 951, 58, 4.90%, 10, 0, 9, 2404.51
1572745018, 0, 1485, 1585, 952, 58, 4.90%, 10, 0, 9, 2453.03
1572745028, 0, 1485, 1586, 953, 58, 4.90%, 10, 0, 9, 2480.96
1572745080, 0, 1485, 1587, 954, 58, 4.90%, 10, 0, 9, 2436.18
1572745095, 0, 1485, 1591, 958, 58, 4.90%, 10, 0, 9, 2462.45
1572745111, 0, 1489, 1591, 957, 70, 4.90%, 10, 0, 9, 2341.69
1572745136, 0, 1489, 1592, 958, 70, 4.90%, 10, 0, 9, 2102.97
1572745219, 0, 1489, 1593, 959, 70, 4.90%, 10, 0, 9, 2129.74
1572745306, 0, 1495, 1594, 958, 69, 4.91%, 10, 0, 9, 2478.59
1572745372, 0, 1495, 1595, 959, 69, 4.91%, 10, 0, 9, 2536.52
1572745444, 0, 1495, 1596, 960, 69, 4.91%, 10, 0, 9, 2540.24
1572745465, 0, 1506, 1596, 952, 62, 4.91%, 10, 0, 9, 2879.05
1572745470, 0, 1523, 1596, 944, 55, 4.91%, 10, 0, 9, 2946.57
1572745475, 0, 1531, 1597, 941, 52, 4.91%, 10, 0, 10, 2416.79
1572745567, 0, 1531, 1597, 941, 52, 4.91%, 11, 0, 10, 1977.68
1572745740, 0, 1532, 1598, 941, 52, 4.91%, 11, 0, 10, 2481.56
1572745745, 0, 1535, 1603, 943, 49, 4.91%, 11, 0, 10, 1803.82
1572745750, 0, 1538, 1606, 945, 51, 4.91%, 11, 0, 10, 1606.11
1572745872, 0, 1538, 1606, 945, 51, 4.91%, 12, 0, 10, 1619.65
1572746080, 0, 1542, 1607, 943, 48, 4.91%, 12, 0, 10, 2066.51
1572746192, 0, 1542, 1607, 943, 48, 4.91%, 13, 0, 10, 1688.45
1572746410, 0, 1548, 1607, 940, 47, 4.91%, 13, 0, 10, 2414.37
1572746415, 0, 1549, 1608, 940, 46, 4.91%, 13, 0, 10, 2598.95
1572746420, 0, 1549, 1609, 941, 46, 4.91%, 13, 0, 10, 2601.71
1572746557, 0, 1551, 1609, 939, 48, 4.91%, 13, 0, 10, 2680.27
1572746567, 0, 1551, 1610, 940, 48, 4.91%, 13, 0, 10, 2616.15
1572746700, 0, 1553, 1610, 939, 48, 4.91%, 13, 0, 10, 2642.44
1572746710, 0, 1553, 1612, 941, 48, 4.91%, 13, 0, 10, 2606.26
1572746842, 0, 1554, 1612, 940, 49, 4.91%, 13, 0, 10, 2651.79
1572746985, 0, 1558, 1612, 937, 46, 4.91%, 13, 0, 10, 2776.06
1572747011, 0, 1558, 1613, 938, 46, 4.91%, 13, 0, 10, 2546.82
1572747143, 0, 1559, 1613, 937, 46, 4.91%, 13, 0, 10, 2628.13
1572747148, 0, 1563, 1613, 933, 42, 4.91%, 13, 0, 10, 2685.14
1572747169, 0, 1563, 1615, 935, 42, 4.91%, 13, 0, 10, 2526.89
1572747190, 0, 1563, 1616, 936, 42, 4.91%, 13, 0, 10, 2542.63
1572747236, 0, 1563, 1617, 937, 42, 4.92%, 13, 0, 10, 2547.94
1572747292, 0, 1563, 1618, 938, 42, 4.92%, 13, 0, 10, 2567.43
1572747307, 0, 1570, 1618, 935, 43, 4.92%, 13, 0, 10, 2634.34
1572747357, 0, 1570, 1620, 937, 43, 4.92%, 13, 0, 10, 2307.02
1572747398, 0, 1570, 1622, 939, 43, 4.92%, 13, 0, 10, 2269.49
1572747460, 0, 1570, 1623, 940, 43, 4.92%, 13, 0, 10, 2341.45
1572747496, 0, 1571, 1623, 939, 44, 4.92%, 13, 0, 10, 2432.72
1572747671, 0, 1577, 1623, 936, 41, 4.92%, 13, 0, 10, 2680.89
1572747722, 0, 1577, 1625, 938, 41, 4.92%, 13, 0, 10, 2379.18
1572747764, 0, 1577, 1626, 939, 41, 4.92%, 13, 0, 10, 2345.90
1572747851, 0, 1578, 1626, 938, 41, 4.92%, 13, 0, 10, 2446.15
1572747866, 0, 1578, 1628, 940, 41, 4.92%, 13, 0, 10, 2369.40
1572747896, 0, 1578, 1629, 941, 41, 4.92%, 13, 0, 10, 2354.68
1572747912, 0, 1578, 1631, 943, 41, 4.92%, 13, 0, 10, 2373.28
1572747942, 0, 1578, 1632, 944, 41, 4.92%, 13, 0, 10, 2466.09
1572748019, 0, 1587, 1632, 939, 40, 4.92%, 13, 0, 10, 2684.54
1572748024, 0, 1588, 1632, 938, 39, 4.92%, 13, 0, 10, 2521.33
1572748044, 0, 1588, 1633, 939, 39, 4.92%, 13, 0, 10, 2416.68
1572748100, 0, 1588, 1634, 940, 39, 4.92%, 13, 0, 10, 2426.65
1572748115, 0, 1588, 1636, 942, 39, 4.92%, 13, 0, 10, 2408.80
1572748192, 0, 1590, 1636, 940, 38, 4.92%, 13, 0, 10, 2593.94
1572748366, 0, 1594, 1636, 937, 35, 4.92%, 13, 0, 10, 2594.92
1572748500, 0, 1594, 1636, 937, 35, 4.92%, 14, 0, 10, 2485.66
1572748531, 0, 1595, 1636, 936, 34, 4.92%, 14, 0, 10, 2584.73
1572748551, 0, 1595, 1637, 937, 34, 4.92%, 14, 0, 10, 2536.67
1572748618, 0, 1595, 1638, 938, 34, 4.92%, 14, 0, 10, 2530.82
1572748659, 0, 1595, 1638, 938, 34, 4.92%, 16, 0, 10, 2555.62
1572748669, 0, 1595, 1639, 939, 34, 4.92%, 16, 0, 10, 2141.85
1572748674, 0, 1595, 1640, 940, 34, 4.92%, 16, 0, 10, 2479.18
1572748684, 0, 1596, 1640, 939, 37, 4.92%, 16, 0, 10, 2607.42
1572748689, 0, 1597, 1641, 939, 36, 4.92%, 16, 0, 11, 2467.10
1572748863, 0, 1604, 1642, 936, 34, 4.92%, 16, 0, 11, 2502.47
1572748868, 0, 1611, 1642, 929, 27, 4.92%, 16, 0, 11, 2873.27
1572748873, 0, 1611, 1643, 930, 27, 4.92%, 16, 0, 11, 2655.43
1572748878, 0, 1611, 1644, 931, 27, 4.92%, 16, 0, 11, 2608.21
1572749011, 0, 1613, 1644, 930, 28, 4.92%, 16, 0, 11, 2661.50
1572749016, 0, 1617, 1644, 926, 24, 4.92%, 16, 0, 11, 2729.68
1572749036, 0, 1617, 1645, 927, 24, 4.92%, 16, 0, 11, 2579.35
1572749165, 0, 1618, 1648, 929, 24, 4.92%, 16, 0, 11, 2358.99
1572749170, 0, 1629, 1656, 933, 23, 4.92%, 16, 0, 11, 2274.29
1572749185, 0, 1629, 1657, 934, 23, 4.92%, 16, 0, 11, 2370.68
1572749195, 0, 1629, 1659, 936, 23, 4.92%, 16, 0, 11, 2373.62
1572749221, 0, 1629, 1660, 937, 23, 4.92%, 16, 0, 11, 2377.51
1572749338, 0, 1630, 1660, 936, 26, 4.92%, 16, 0, 11, 2534.66
1572749353, 0, 1630, 1663, 939, 26, 4.92%, 16, 0, 11, 2356.83
1572749363, 0, 1630, 1667, 943, 26, 4.92%, 16, 0, 11, 2362.72
1572749389, 0, 1630, 1668, 944, 26, 4.92%, 16, 0, 11, 2367.17
1572749420, 0, 1630, 1670, 946, 26, 4.92%, 16, 0, 11, 2395.02
1572749430, 0, 1630, 1672, 948, 26, 4.92%, 16, 0, 11, 637.99
1572749486, 0, 1630, 1673, 949, 26, 4.92%, 16, 0, 11, 2416.51
1572749496, 0, 1630, 1674, 950, 26, 4.92%, 16, 0, 11, 2423.07
1572749501, 0, 1630, 1675, 951, 26, 4.92%, 16, 0, 11, 2431.28
1572749516, 0, 1638, 1675, 946, 26, 4.92%, 16, 0, 11, 2700.82
1572749645, 0, 1638, 1675, 946, 26, 4.92%, 17, 0, 11, 2563.51
1572749655, 0, 1638, 1677, 948, 26, 4.93%, 17, 0, 11, 2555.42
1572749660, 0, 1638, 1678, 949, 26, 4.93%, 17, 0, 11, 2571.81
1572749670, 0, 1641, 1678, 947, 26, 4.93%, 17, 0, 11, 2674.21
1572749675, 0, 1655, 1679, 942, 23, 4.95%, 17, 0, 12, 2613.08
1572749680, 0, 1671, 1681, 938, 18, 4.95%, 17, 0, 12, 2727.31
1572749685, 0, 1676, 1681, 933, 13, 4.95%, 17, 0, 12, 2852.62
1572749691, 1, 326, 1682, 928, 9, 4.95%, 17, 0, 13, 2646.22
1572749823, 1, 467, 1682, 927, 8, 4.95%, 17, 0, 13, 2537.20
1572749843, 1, 467, 1683, 928, 8, 4.95%, 17, 0, 13, 2434.76
1572750028, 1, 773, 1683, 927, 8, 4.95%, 17, 0, 13, 2490.82
1572750043, 1, 911, 1686, 928, 7, 4.95%, 17, 0, 13, 2667.95
1572750053, 1, 911, 1687, 929, 7, 4.96%, 17, 0, 13, 2617.63
1572750058, 1, 911, 1688, 930, 7, 4.96%, 17, 0, 13, 2632.76
1572750068, 1, 950, 1689, 931, 12, 4.96%, 17, 0, 13, 2626.20
1572750094, 1, 968, 1690, 932, 13, 4.96%, 17, 0, 13, 2431.12
1572750171, 1, 968, 1691, 933, 13, 4.96%, 17, 0, 13, 2375.10
1572750309, 1, 1132, 1691, 929, 12, 4.96%, 17, 0, 13, 2716.88
1572750314, 1, 1537, 1691, 923, 11, 4.96%, 17, 0, 13, 2703.81
1572750579, 1, 1683, 1691, 919, 8, 4.96%, 17, 0, 13, 2560.18
1572750610, 2, 33, 1691, 904, 0, 4.96%, 17, 0, 13, 2922.41
1572750615, 2, 76, 1691, 895, 0, 4.96%, 17, 0, 13, 3002.47
1572750620, 2, 109, 1691, 887, 0, 4.96%, 17, 0, 13, 3020.20
1572750625, 2, 173, 1691, 878, 0, 4.96%, 17, 0, 13, 3022.21
1572750630, 2, 206, 1691, 870, 0, 4.96%, 17, 0, 13, 3006.36
1572750635, 2, 242, 1691, 861, 0, 4.96%, 17, 0, 13, 3016.66
1572750640, 2, 303, 1691, 851, 0, 4.96%, 17, 0, 13, 3001.42
1572750645, 2, 315, 1691, 849, 0, 4.96%, 17, 0, 13, 2523.32
1572750722, 2, 315, 1692, 850, 0, 4.96%, 17, 0, 13, 2389.50
1572750844, 2, 936, 1692, 845, 3, 4.96%, 17, 0, 13, 2467.54
1572751091, 2, 1533, 1694, 846, 4, 4.96%, 17, 0, 13, 1999.60
1572751116, 2, 1533, 1700, 852, 4, 4.96%, 17, 0, 13, 1998.83
1572751147, 2, 1533, 1703, 855, 4, 4.96%, 17, 0, 13, 2018.64
1572751178, 2, 1533, 1705, 857, 4, 4.96%, 17, 0, 13, 1874.08
1572751188, 2, 1533, 1706, 858, 4, 4.96%, 17, 0, 13, 1987.39
1572751203, 2, 1533, 1709, 861, 4, 4.96%, 17, 0, 13, 2134.86
1572751300, 2, 1533, 1710, 862, 4, 4.96%, 17, 0, 13, 1910.46
1572751315, 2, 1533, 1711, 863, 4, 4.96%, 17, 0, 13, 2154.23
1572751366, 2, 1533, 1712, 864, 4, 4.96%, 17, 0, 13, 2355.57
1572751371, 2, 1662, 1712, 861, 10, 4.96%, 17, 0, 13, 2421.60
1572751386, 2, 1662, 1714, 863, 10, 4.96%, 17, 0, 13, 2095.67
1572751396, 2, 1662, 1718, 867, 10, 4.96%, 17, 0, 13, 2101.65
1572751401, 2, 1662, 1719, 868, 10, 4.97%, 17, 0, 13, 2103.93
1572751427, 2, 1662, 1723, 872, 10, 4.97%, 17, 0, 13, 2118.74
1572751453, 2, 1662, 1724, 873, 10, 4.97%, 17, 0, 13, 2099.81
1572751463, 2, 1662, 1726, 875, 10, 4.97%, 17, 0, 13, 2130.12
1572751483, 2, 1662, 1727, 876, 10, 4.97%, 17, 0, 13, 2178.60
1572751488, 2, 1662, 1729, 878, 10, 4.97%, 17, 0, 13, 2265.76
1572751493, 2, 1662, 1731, 880, 10, 4.97%, 17, 0, 13, 2220.85
1572751570, 2, 1662, 1732, 881, 10, 4.97%, 17, 0, 13, 2126.55
1572751580, 2, 1662, 1733, 882, 10, 4.97%, 17, 0, 13, 2099.69
1572751585, 2, 1662, 1734, 883, 10, 4.97%, 17, 0, 13, 2168.65
1572751621, 2, 1691, 1739, 886, 27, 4.97%, 17, 0, 13, 2416.50
1572751631, 2, 1691, 1746, 893, 27, 4.97%, 17, 0, 13, 2333.02
1572751646, 2, 1691, 1748, 895, 27, 4.97%, 17, 0, 13, 2344.49
1572751672, 2, 1691, 1749, 896, 27, 4.97%, 17, 0, 13, 2344.14
1572751698, 2, 1691, 1750, 897, 27, 4.97%, 17, 0, 13, 2377.69
1572751826, 2, 1692, 1750, 896, 37, 4.97%, 17, 0, 13, 2266.67
1572751970, 2, 1705, 1750, 893, 34, 4.97%, 17, 0, 13, 2555.51
1572751975, 2, 1711, 1751, 890, 30, 4.97%, 17, 0, 13, 2586.91
1572752001, 2, 1711, 1752, 891, 30, 4.97%, 17, 0, 13, 2384.62
1572752053, 2, 1711, 1753, 892, 30, 4.97%, 17, 0, 13, 2406.93
1572752078, 2, 1711, 1755, 894, 30, 4.97%, 17, 0, 13, 2427.35
1572752181, 2, 1715, 1755, 892, 30, 4.97%, 17, 0, 13, 2613.59
1572752186, 2, 1716, 1755, 891, 29, 4.97%, 17, 0, 13, 2265.85
1572752211, 2, 1716, 1758, 894, 29, 4.97%, 17, 0, 13, 2103.58
1572752401, 2, 1716, 1759, 895, 29, 4.97%, 17, 0, 13, 2136.90
1572752436, 2, 1717, 1759, 894, 28, 4.97%, 17, 0, 13, 2186.26
1572752452, 2, 1717, 1760, 895, 28, 4.97%, 17, 0, 13, 2011.36
1572752696, 2, 1720, 1760, 893, 27, 4.97%, 17, 0, 13, 2042.76
1572752834, 2, 1720, 1764, 897, 27, 4.97%, 17, 0, 13, 2050.10
1572752987, 2, 1727, 1764, 893, 28, 4.97%, 17, 0, 13, 2523.47
1572753012, 2, 1727, 1765, 894, 28, 4.97%, 17, 0, 13, 2319.22
1572753196, 2, 1730, 1765, 893, 28, 4.97%, 17, 0, 13, 2307.89
1572753447, 2, 1737, 1765, 891, 26, 4.97%, 17, 0, 13, 2515.19
1572753457, 2, 1737, 1768, 894, 26, 4.97%, 17, 0, 13, 2329.90
1572753652, 2, 1739, 1770, 894, 28, 4.97%, 17, 0, 13, 2598.81
1572753678, 2, 1739, 1771, 895, 28, 4.97%, 17, 0, 13, 2350.02
1572753704, 2, 1739, 1772, 896, 28, 4.97%, 17, 0, 13, 2349.30
1572753735, 2, 1739, 1773, 897, 28, 4.97%, 17, 0, 13, 2357.23
1572753858, 2, 1740, 1773, 896, 30, 4.97%, 17, 0, 13, 2552.91
1572754068, 2, 1742, 1773, 894, 28, 4.97%, 17, 0, 13, 2506.90
1572754089, 2, 1742, 1776, 897, 28, 4.97%, 17, 0, 13, 2341.68
1572754274, 2, 1743, 1776, 896, 28, 4.97%, 17, 0, 13, 2548.97
1572754485, 2, 1745, 1777, 896, 27, 4.97%, 17, 0, 13, 2410.66
1572754690, 2, 1751, 1777, 892, 25, 4.97%, 17, 0, 13, 2759.04
1572754716, 2, 1751, 1778, 893, 25, 4.97%, 17, 0, 13, 2398.14
1572754901, 2, 1758, 1778, 888, 21, 4.97%, 17, 0, 13, 2780.15
1572754993, 2, 1758, 1779, 889, 21, 4.97%, 17, 0, 14, 2132.58
1572755152, 2, 1762, 1779, 885, 18, 4.97%, 17, 0, 14, 2686.59
1572755157, 2, 1765, 1779, 882, 15, 4.97%, 17, 0, 14, 2532.09
1572755362, 2, 1766, 1779, 881, 14, 4.97%, 17, 0, 14, 2556.57
1572755367, 2, 1768, 1780, 880, 12, 4.97%, 17, 0, 14, 2443.12
1572755377, 2, 1768, 1781, 881, 12, 4.97%, 17, 0, 14, 2312.19
1572755573, 2, 1771, 1781, 878, 12, 4.97%, 17, 0, 14, 2646.15
1572755578, 2, 1776, 1781, 875, 9, 4.97%, 17, 0, 14, 2559.78
1572755783, 2, 1777, 1781, 874, 8, 4.97%, 17, 0, 14, 2493.13
1572755788, 3, 347, 1781, 870, 4, 4.97%, 17, 0, 14, 2563.45
1572756003, 3, 412, 1782, 870, 5, 4.97%, 17, 0, 14, 2402.59
1572756024, 3, 412, 1785, 873, 5, 4.97%, 17, 0, 14, 2405.84
1572756095, 3, 412, 1788, 876, 5, 4.98%, 17, 0, 14, 2434.02
1572756100, 3, 412, 1792, 880, 5, 4.99%, 17, 0, 14, 2418.46
1572756111, 3, 412, 1793, 881, 5, 4.99%, 17, 0, 14, 2435.74
1572756197, 3, 412, 1794, 882, 5, 5.00%, 17, 0, 14, 2439.44
1572756218, 3, 471, 1794, 882, 16, 5.00%, 17, 0, 14, 2409.24
1572756238, 3, 471, 1795, 883, 16, 5.00%, 17, 0, 14, 2421.60
1572756320, 3, 471, 1796, 884, 16, 5.00%, 17, 0, 14, 2433.49
1572756427, 3, 655, 1796, 883, 17, 5.00%, 17, 0, 14, 2475.53
1572756504, 3, 862, 1796, 882, 17, 5.00%, 17, 0, 14, 2486.03
1572756530, 3, 862, 1797, 883, 17, 5.00%, 17, 0, 14, 2391.57
1572756669, 3, 903, 1797, 883, 18, 5.00%, 17, 0, 14, 2538.40
1572756674, 3, 938, 1797, 882, 18, 5.00%, 17, 0, 14, 2129.91
1572756896, 3, 1219, 1798, 881, 18, 5.00%, 17, 0, 14, 2362.22
1572757065, 3, 1462, 1798, 881, 19, 5.00%, 17, 0, 14, 2592.22
1572757070, 3, 1546, 1798, 880, 19, 5.00%, 17, 0, 14, 2537.94
1572757085, 3, 1546, 1799, 881, 19, 5.00%, 17, 0, 14, 2484.39
1572757233, 3, 1781, 1799, 877, 15, 5.00%, 17, 0, 14, 2738.16
1572757238, 3, 1781, 1804, 882, 15, 5.02%, 17, 0, 14, 2806.63
1572757243, 3, 1781, 1817, 895, 15, 5.04%, 17, 0, 14, 2714.91
1572757248, 3, 1781, 1820, 898, 15, 5.08%, 17, 0, 14, 2690.47
1572757253, 3, 1786, 1822, 896, 18, 5.08%, 17, 0, 14, 2779.26
1572757274, 3, 1786, 1824, 898, 18, 5.08%, 17, 0, 14, 2455.56
1572757279, 3, 1786, 1825, 899, 18, 5.08%, 17, 0, 14, 2463.79
1572757335, 3, 1786, 1826, 900, 18, 5.08%, 17, 0, 14, 2487.65
1572757351, 3, 1786, 1829, 903, 18, 5.08%, 17, 0, 14, 2483.84
1572757427, 3, 1786, 1831, 905, 18, 5.08%, 17, 0, 14, 2484.00
1572757443, 3, 1805, 1835, 900, 16, 5.08%, 17, 0, 14, 2841.41
1572757448, 3, 1807, 1841, 905, 18, 5.09%, 17, 0, 14, 2766.65
1572757453, 3, 1807, 1847, 911, 18, 5.10%, 17, 0, 14, 2681.07
1572757458, 3, 1814, 1849, 911, 19, 5.12%, 17, 0, 14, 2668.33
1572757463, 3, 1817, 1864, 925, 19, 5.13%, 17, 0, 14, 2694.86
1572757468, 3, 1817, 1868, 929, 19, 5.14%, 17, 0, 14, 2696.68
1572757473, 3, 1817, 1879, 940, 19, 5.15%, 17, 0, 14, 2648.22
1572757479, 3, 1817, 1893, 954, 19, 5.15%, 17, 0, 14, 2640.70
1572757484, 3, 1818, 1895, 955, 25, 5.15%, 17, 0, 14, 2733.18
1572757489, 3, 1818, 1898, 958, 25, 5.15%, 17, 0, 14, 2732.76
1572757494, 3, 1822, 1898, 956, 24, 5.15%, 17, 0, 14, 2775.66
1572757499, 3, 1824, 1898, 954, 22, 5.15%, 17, 0, 14, 2522.54
1572757591, 3, 1824, 1902, 958, 22, 5.15%, 17, 0, 14, 2400.47
1572757596, 3, 1824, 1906, 962, 22, 5.15%, 17, 0, 14, 2388.63
1572757601, 3, 1824, 1908, 964, 22, 5.15%, 17, 0, 14, 2395.77
1572757709, 3, 1829, 1908, 959, 26, 5.15%, 17, 0, 14, 2645.65
1572757730, 3, 1829, 1909, 960, 26, 5.15%, 17, 0, 14, 2468.32
1572757852, 3, 1829, 1910, 961, 26, 5.15%, 17, 0, 14, 2486.36
1572757893, 3, 1830, 1910, 960, 26, 5.15%, 17, 0, 14, 2524.53
1572757938, 3, 1830, 1911, 961, 26, 5.15%, 17, 0, 14, 2466.80
1572757979, 3, 1830, 1912, 962, 26, 5.15%, 17, 0, 14, 2472.62
1572758076, 3, 1834, 1912, 960, 25, 5.15%, 17, 0, 14, 2579.86
1572758081, 3, 1839, 1913, 960, 24, 5.16%, 17, 0, 14, 2709.94
1572758086, 3, 1841, 1914, 960, 25, 5.16%, 17, 0, 14, 2714.27
1572758091, 3, 1841, 1915, 961, 25, 5.16%, 17, 0, 14, 2723.39
1572758096, 3, 1841, 1918, 964, 25, 5.16%, 17, 0, 14, 2682.55
1572758101, 3, 1847, 1918, 963, 27, 5.16%, 17, 0, 14, 2730.97
1572758106, 3, 1847, 1920, 965, 27, 5.16%, 17, 0, 14, 2699.86
1572758111, 3, 1847, 1922, 967, 27, 5.16%, 17, 0, 14, 2682.38
1572758116, 3, 1863, 1926, 969, 26, 5.16%, 17, 0, 14, 2708.47
1572758121, 3, 1863, 1927, 970, 26, 5.17%, 17, 0, 14, 2700.20
1572758127, 3, 1863, 1930, 973, 26, 5.17%, 17, 0, 14, 2641.35
1572758132, 3, 1874, 1933, 974, 28, 5.17%, 17, 0, 14, 2671.08
1572758137, 3, 1874, 1934, 975, 28, 5.17%, 17, 0, 14, 2760.71
1572758142, 3, 1874, 1938, 979, 28, 5.17%, 17, 0, 14, 2721.07
1572758147, 3, 1874, 1941, 982, 28, 5.17%, 17, 0, 14, 2680.03
1572758152, 3, 1876, 1941, 981, 28, 5.17%, 17, 0, 14, 2723.12
1572758162, 3, 1876, 1944, 984, 28, 5.17%, 17, 0, 14, 2697.12
1572758167, 3, 1876, 1946, 986, 28, 5.17%, 17, 0, 14, 2666.33
1572758172, 3, 1889, 1946, 985, 28, 5.17%, 17, 0, 14, 2695.39
1572758177, 3, 1890, 1946, 984, 27, 5.17%, 17, 0, 14, 2686.85
1572758183, 3, 1890, 1947, 985, 27, 5.17%, 17, 0, 14, 2681.26
1572758188, 3, 1892, 1948, 985, 27, 5.17%, 17, 0, 14, 2738.08
1572758193, 3, 1894, 1948, 984, 27, 5.17%, 17, 0, 14, 2762.26
1572758198, 3, 1899, 1948, 983, 26, 5.17%, 17, 0, 14, 2779.84
1572758203, 3, 1909, 1948, 975, 18, 5.17%, 17, 0, 14, 2979.81
1572758386, 3, 1910, 1948, 974, 17, 5.17%, 17, 0, 14, 2565.02
1572758391, 3, 1913, 1948, 971, 14, 5.17%, 17, 0, 14, 2769.58
1572758397, 3, 1915, 1948, 969, 12, 5.17%, 17, 0, 14, 2749.19
1572758407, 3, 1925, 1949, 967, 9, 5.17%, 17, 0, 14, 2716.85
1572758412, 3, 1925, 1950, 968, 9, 5.17%, 17, 0, 14, 2703.80
1572758417, 3, 1926, 1951, 968, 9, 5.17%, 17, 0, 14, 2663.68
1572758427, 3, 1926, 1952, 969, 9, 5.17%, 17, 0, 14, 2696.02
1572758432, 3, 1927, 1952, 968, 9, 5.17%, 17, 0, 14, 2543.24
1572758453, 3, 1939, 1956, 971, 8, 5.17%, 17, 0, 14, 2637.78
1572758458, 3, 1940, 1956, 970, 8, 5.17%, 17, 0, 14, 2708.94
1572758473, 3, 1941, 1956, 969, 8, 5.17%, 17, 0, 14, 2718.61
1572758499, 3, 1943, 1956, 968, 7, 5.17%, 17, 0, 14, 2735.54
1572758509, 3, 1947, 1956, 966, 5, 5.17%, 17, 0, 14, 2773.01
1572758514, 3, 1947, 1957, 967, 5, 5.17%, 17, 0, 14, 2727.26
1572758519, 3, 1948, 1957, 966, 5, 5.17%, 17, 0, 14, 2656.97
1572758544, 3, 1948, 1960, 969, 5, 5.17%, 17, 0, 14, 2648.80
1572758555, 3, 1950, 1961, 969, 6, 5.17%, 17, 0, 14, 2675.88
1572758560, 3, 1950, 1962, 970, 6, 5.17%, 17, 0, 14, 2703.21
1572758575, 3, 1950, 1963, 971, 6, 5.17%, 17, 0, 14, 2685.69
1572758580, 3, 1951, 1963, 970, 6, 5.17%, 17, 0, 14, 2706.99
1572758590, 3, 1956, 1963, 969, 5, 5.17%, 17, 0, 14, 2729.73
1572758595, 3, 1956, 1965, 971, 5, 5.17%, 17, 0, 14, 2740.67
1572758600, 3, 1959, 1965, 969, 3, 5.17%, 17, 0, 14, 2660.84
1572758631, 3, 1959, 1966, 970, 3, 5.17%, 17, 0, 14, 2615.10
1572758636, 3, 1962, 1966, 969, 4, 5.17%, 17, 0, 14, 2637.97
1572758677, 3, 1962, 1968, 971, 4, 5.17%, 17, 0, 14, 2634.70
1572758682, 3, 1963, 1968, 970, 4, 5.17%, 17, 0, 14, 2635.82
1572758687, 3, 1963, 1969, 971, 4, 5.17%, 17, 0, 14, 2681.78
1572758733, 3, 1967, 1969, 969, 3, 5.17%, 17, 0, 14, 2594.72
1572758820, 3, 1967, 1971, 971, 3, 5.17%, 17, 0, 14, 2520.69
1572758830, 3, 1969, 1971, 969, 3, 5.17%, 17, 0, 14, 2469.20
1572758989, 3, 1971, 1972, 969, 2, 5.17%, 17, 0, 14, 2297.61
1572759330, 3, 1971, 1973, 970, 2, 5.17%, 17, 0, 14, 2137.40
1572759335, 3, 1972, 1973, 969, 2, 5.17%, 17, 0, 14, 2255.96
1572759778, 4, 104, 1974, 967, 1, 5.17%, 17, 0, 14, 2405.87
1572759783, 4, 602, 1974, 964, 1, 5.17%, 17, 0, 14, 2599.71
1572759901, 4, 715, 1974, 963, 1, 5.17%, 17, 0, 14, 2572.47
1572759983, 4, 843, 1974, 963, 1, 5.17%, 17, 0, 14, 2521.25
1572760161, 4, 871, 1974, 962, 1, 5.17%, 17, 0, 14, 2394.70
1572760335, 4, 1112, 1974, 960, 1, 5.17%, 17, 0, 14, 2470.44
1572760340, 4, 1843, 1974, 958, 1, 5.17%, 17, 0, 14, 2668.76
1572760346, 4, 1917, 1974, 957, 1, 5.17%, 17, 0, 14, 2722.69
1572760356, 4, 1935, 1974, 956, 0, 5.17%, 17, 0, 14, 2733.53
1572760381, 4, 1936, 1974, 955, 0, 5.17%, 17, 0, 14, 2737.93
1572760397, 4, 1938, 1974, 954, 0, 5.17%, 17, 0, 14, 2722.45
1572760417, 4, 1965, 1974, 953, 0, 5.17%, 17, 0, 14, 2666.86
1572760478, 4, 1973, 1975, 954, 1, 5.17%, 17, 0, 14, 2508.66
1572760483, 4, 1974, 1975, 954, 1, 5.17%, 17, 0, 14, 2273.74
1572760595, 4, 1974, 1976, 955, 1, 5.17%, 17, 0, 14, 2363.02
1572760601, 4, 1975, 1976, 954, 1, 5.17%, 17, 0, 14, 2297.51
1572760869, 4, 1975, 1978, 956, 1, 5.18%, 17, 0, 14, 1951.22
1572760879, 4, 1976, 1978, 955, 2, 5.18%, 17, 0, 14, 1832.90
1572761280, 4, 1976, 1979, 956, 2, 5.18%, 17, 0, 14, 2033.58
1572761285, 4, 1977, 1979, 955, 2, 5.18%, 17, 0, 14, 1695.66
1572761951, 4, 1977, 1981, 957, 2, 5.18%, 17, 0, 14, 1749.57
1572761956, 4, 1977, 1982, 958, 2, 5.18%, 17, 0, 14, 1900.98
1572761966, 4, 1980, 1982, 957, 1, 5.18%, 17, 0, 14, 1279.88
1572763209, 4, 1980, 1983, 958, 1, 5.18%, 17, 0, 14, 1463.76
1572763214, 4, 1982, 1983, 957, 1, 5.18%, 17, 0, 14, 1513.22
1572766249, 4, 1982, 1986, 960, 1, 5.18%, 17, 0, 15, 1195.69
1572766265, 4, 1984, 1986, 959, 1, 5.18%, 17, 0, 15, 902.93
1572772789, 4, 1984, 1987, 960, 1, 5.18%, 17, 0, 16, 690.90
1572772794, 4, 1984, 1988, 961, 1, 5.18%, 17, 0, 16, 944.37
1572772814, 4, 1986, 1988, 960, 3, 5.18%, 17, 0, 16, 621.02
1572772819, 4, 1987, 1988, 959, 2, 5.18%, 17, 0, 16, 670.85
1572773841, 4, 1987, 1990, 961, 2, 5.18%, 17, 0, 17, 991.59
1572773861, 4, 1988, 1990, 960, 2, 5.18%, 17, 0, 17, 1187.64
1572774311, 5, 376, 1990, 958, 1, 5.18%, 17, 0, 17, 2351.97
1572774440, 5, 686, 1990, 956, 1, 5.18%, 17, 0, 17, 2671.25
1572774445, 5, 1172, 1990, 955, 1, 5.18%, 17, 0, 17, 2458.05
1572774465, 5, 1172, 1994, 959, 1, 5.18%, 17, 0, 17, 2407.12
1572774628, 5, 1981, 1994, 957, 4, 5.18%, 17, 0, 17, 1345.56
1572776586, 5, 1991, 1994, 956, 3, 5.18%, 17, 0, 17, 2111.06
1572776663, 5, 1991, 1995, 957, 3, 5.18%, 17, 0, 17, 2416.94
1572776771, 5, 1992, 1995, 956, 3, 5.18%, 17, 0, 17, 2571.43
1572776848, 5, 1992, 1996, 957, 3, 5.18%, 17, 0, 17, 2433.44
1572776960, 5, 1993, 1997, 957, 3, 5.18%, 17, 0, 17, 2505.48
1572777037, 5, 1993, 1998, 958, 3, 5.18%, 17, 0, 17, 2424.66
1572777150, 6, 39, 1998, 950, 0, 5.18%, 17, 0, 17, 2636.94
1572777365, 6, 54, 1998, 946, 0, 5.18%, 17, 0, 17, 2702.68
1572777370, 6, 103, 1998, 938, 0, 5.18%, 17, 0, 17, 2954.34
1572777375, 6, 185, 1998, 929, 0, 5.18%, 17, 0, 17, 3005.77
1572777380, 6, 220, 1998, 922, 0, 5.18%, 17, 0, 17, 2931.88
1572777596, 6, 224, 1998, 920, 0, 5.18%, 17, 0, 17, 2606.65
1572777601, 6, 297, 1998, 911, 0, 5.18%, 17, 0, 17, 2929.16
1572777606, 6, 321, 1998, 907, 0, 5.18%, 17, 0, 17, 2775.77
1572777683, 6, 324, 1998, 905, 0, 5.18%, 17, 0, 17, 2690.69
1572777770, 6, 384, 1998, 898, 0, 5.18%, 17, 0, 17, 2629.76
1572777985, 6, 385, 1998, 897, 0, 5.18%, 17, 0, 17, 2467.01
1572777990, 6, 388, 1999, 897, 0, 5.18%, 17, 0, 17, 2463.46
1572778011, 6, 388, 2000, 898, 0, 5.18%, 17, 0, 17, 2421.83
1572778077, 6, 388, 2001, 899, 0, 5.18%, 17, 0, 17, 2436.83
1572778179, 6, 575, 2001, 897, 1, 5.18%, 17, 0, 17, 2556.21
1572778347, 6, 2001, 2005, 896, 3, 5.20%, 17, 0, 17, 2629.64
1572778353, 6, 2003, 2005, 894, 2, 5.20%, 17, 0, 17, 2710.22
1572778461, 6, 2003, 2007, 896, 2, 5.20%, 17, 0, 17, 495.13
1572778472, 6, 2003, 2008, 897, 2, 5.20%, 17, 0, 17, 513.10
1572778477, 6, 2003, 2009, 898, 2, 5.20%, 17, 0, 17, 532.01
1572778750, 6, 2003, 2010, 899, 2, 5.20%, 17, 0, 17, 638.07
1572778853, 6, 2003, 2011, 900, 2, 5.20%, 17, 0, 17, 671.69
1572779267, 6, 2003, 2012, 901, 2, 5.20%, 17, 0, 17, 590.48
1572779292, 6, 2007, 2012, 899, 4, 5.20%, 17, 0, 17, 1358.56
1572779297, 6, 2010, 2012, 897, 2, 5.20%, 17, 0, 17, 1044.05
1572779401, 6, 2010, 2013, 898, 2, 5.20%, 17, 0, 17, 453.41
1572779421, 6, 2010, 2015, 900, 2, 5.20%, 17, 0, 17, 517.58
1572779525, 6, 2010, 2016, 901, 2, 5.20%, 17, 0, 17, 456.02
1572779716, 6, 2010, 2017, 902, 2, 5.21%, 17, 0, 17, 485.57
1572780242, 6, 2016, 2017, 897, 1, 5.21%, 17, 0, 17, 1689.26
1572780309, 6, 2016, 2019, 899, 1, 5.22%, 17, 0, 17, 848.09
1572780380, 6, 2016, 2020, 900, 1, 5.22%, 17, 0, 17, 848.15
1572780528, 6, 2016, 2023, 903, 1, 5.22%, 17, 0, 17, 748.26
1572780797, 6, 2016, 2024, 904, 1, 5.22%, 17, 0, 17, 909.07
1572780818, 6, 2020, 2024, 902, 2, 5.22%, 17, 0, 17, 1853.23
1572781221, 6, 2020, 2025, 903, 2, 5.22%, 17, 0, 17, 1034.42
1572781271, 6, 2023, 2025, 902, 2, 5.22%, 17, 0, 17, 1718.34
1572781344, 6, 2023, 2026, 903, 2, 5.22%, 17, 0, 17, 585.76
1572781359, 6, 2023, 2027, 904, 2, 5.22%, 17, 0, 17, 645.74
1572781364, 6, 2023, 2029, 906, 2, 5.22%, 17, 0, 17, 632.12
1572781369, 6, 2023, 2031, 908, 2, 5.22%, 17, 0, 17, 678.77
1572781457, 6, 2023, 2032, 909, 2, 5.22%, 17, 0, 17, 643.23
1572781467, 6, 2023, 2034, 911, 2, 5.22%, 17, 0, 17, 684.80
1572781565, 6, 2023, 2035, 912, 2, 5.22%, 17, 0, 17, 649.55
1572781586, 6, 2023, 2036, 913, 2, 5.22%, 17, 0, 17, 715.13
1572781612, 6, 2023, 2037, 914, 2, 5.22%, 17, 0, 17, 670.81
1572781801, 6, 2023, 2038, 915, 2, 5.22%, 17, 0, 17, 759.21
1572782116, 6, 2024, 2038, 914, 6, 5.22%, 17, 0, 17, 1808.50
1572782177, 6, 2024, 2039, 915, 6, 5.22%, 17, 0, 17, 903.20
1572782249, 6, 2024, 2040, 916, 6, 5.22%, 17, 0, 17, 898.81
1572782331, 6, 2024, 2041, 917, 6, 5.22%, 17, 0, 17, 1019.21
1572782494, 6, 2024, 2043, 919, 6, 5.22%, 17, 0, 17, 1020.35
1572782525, 6, 2024, 2044, 920, 6, 5.22%, 17, 0, 17, 1002.21
1572782555, 6, 2024, 2046, 922, 6, 5.22%, 17, 0, 17, 1021.76
1572782571, 6, 2025, 2046, 921, 11, 5.22%, 17, 0, 17, 1795.35
1572782576, 6, 2030, 2046, 920, 10, 5.22%, 17, 0, 17, 1087.63
1572782664, 6, 2030, 2047, 921, 10, 5.22%, 17, 0, 17, 629.99
1572782885, 6, 2030, 2048, 922, 10, 5.22%, 17, 0, 17, 737.62
1572782911, 6, 2030, 2049, 923, 10, 5.22%, 17, 0, 17, 587.56
1572782982, 6, 2030, 2050, 924, 10, 5.22%, 17, 0, 17, 712.96
1572783411, 6, 2030, 2051, 925, 10, 5.22%, 17, 0, 17, 1705.29
1572783421, 6, 2033, 2051, 923, 9, 5.22%, 17, 0, 17, 1111.74
1572783503, 6, 2033, 2052, 924, 9, 5.22%, 17, 0, 17, 629.59
1572783750, 6, 2033, 2053, 925, 9, 5.22%, 17, 0, 17, 588.98
1572784240, 6, 2043, 2053, 920, 5, 5.22%, 17, 0, 17, 2351.81
1572784455, 6, 2043, 2054, 921, 5, 5.22%, 17, 0, 17, 982.76
1572784699, 6, 2043, 2055, 922, 5, 5.22%, 17, 0, 17, 1861.41
1572784705, 6, 2054, 2055, 917, 2, 5.22%, 17, 0, 17, 2548.48
1572784765, 6, 2054, 2056, 918, 2, 5.22%, 17, 0, 18, 911.25
1572784770, 6, 2054, 2057, 919, 2, 5.22%, 17, 0, 18, 919.98
1572784776, 6, 2054, 2059, 921, 2, 5.22%, 17, 0, 18, 896.17
1572785052, 6, 2054, 2060, 922, 2, 5.22%, 17, 0, 18, 978.87
1572785078, 6, 2054, 2061, 923, 2, 5.22%, 17, 0, 18, 1074.57
1572785108, 6, 2054, 2062, 924, 2, 5.22%, 17, 0, 18, 1068.92
1572785124, 7, 1708, 2062, 916, 1, 5.22%, 17, 0, 18, 2610.29
1572785129, 7, 1718, 2062, 915, 0, 5.22%, 17, 0, 18, 2398.33
1572785354, 7, 1719, 2062, 914, 0, 5.22%, 17, 0, 18, 1625.02
1572785415, 7, 1719, 2063, 915, 0, 5.22%, 17, 0, 18, 794.03
1572785986, 7, 1719, 2064, 916, 0, 5.22%, 17, 0, 18, 1098.95
1572786007, 7, 2060, 2064, 916, 3, 5.22%, 17, 0, 18, 1547.51
1572786067, 7, 2060, 2065, 917, 3, 5.22%, 17, 0, 19, 914.40
1572786072, 7, 2060, 2068, 920, 3, 5.22%, 17, 0, 19, 920.29
1572786224, 7, 2060, 2069, 921, 3, 5.22%, 17, 0, 19, 1027.27
1572786428, 7, 2063, 2069, 919, 4, 5.22%, 17, 0, 19, 2114.65
1572786464, 7, 2063, 2070, 920, 4, 5.22%, 17, 0, 19, 1237.41
1572786576, 7, 2063, 2071, 921, 4, 5.22%, 17, 0, 19, 1343.90
1572786735, 7, 2068, 2071, 918, 3, 5.22%, 17, 0, 19, 2355.92
1572786796, 7, 2068, 2072, 919, 3, 5.22%, 17, 0, 20, 917.88
1572787158, 7, 2071, 2072, 916, 1, 5.22%, 17, 0, 20, 2250.77
1572787163, 8, 82, 2072, 907, 0, 5.22%, 17, 0, 20, 2852.26
1572787168, 8, 164, 2072, 899, 0, 5.22%, 17, 0, 20, 2977.40
1572787173, 8, 212, 2072, 894, 0, 5.22%, 17, 0, 20, 2658.36
1572787345, 8, 212, 2073, 895, 0, 5.22%, 17, 0, 20, 2385.86
1572787391, 8, 1159, 2073, 894, 1, 5.22%, 17, 0, 20, 2264.08
1572787601, 8, 2072, 2073, 892, 1, 5.22%, 17, 0, 20, 2450.32
1572787815, 9, 19, 2073, 890, 0, 5.22%, 17, 0, 20, 2599.87
1572787820, 9, 27, 2073, 888, 0, 5.22%, 17, 0, 20, 2478.21
1572788034, 9, 45, 2073, 886, 0, 5.22%, 17, 0, 20, 2574.28
1572788040, 9, 186, 2073, 877, 0, 5.22%, 17, 0, 20, 2927.79
1572788045, 9, 271, 2073, 870, 0, 5.22%, 17, 0, 20, 2773.81
1572788265, 9, 318, 2073, 867, 0, 5.22%, 17, 0, 20, 2623.16
1572788367, 9, 327, 2073, 866, 0, 5.22%, 17, 0, 20, 2558.95
1572788547, 9, 331, 2073, 865, 0, 5.22%, 17, 0, 20, 2420.54
1572788577, 9, 341, 2073, 864, 0, 5.22%, 17, 0, 20, 2399.82
1572788766, 9, 342, 2073, 863, 0, 5.22%, 17, 0, 20, 2530.82
1572788900, 9, 366, 2073, 861, 0, 5.22%, 17, 0, 20, 2423.99
1572789110, 9, 372, 2073, 860, 0, 5.22%, 17, 0, 20, 2432.07
1572789284, 9, 379, 2073, 859, 0, 5.22%, 17, 0, 20, 2401.06
1572789310, 9, 379, 2074, 860, 0, 5.22%, 17, 0, 20, 2288.06
