# unix_time, cycles_done, cur_path, paths_total, pending_total, pending_favs, map_size, unique_crashes, unique_hangs, max_depth, execs_per_sec
1572119984, 0, 0, 1, 1, 1, 1.37%, 0, 0, 1, 2000.00
1572119989, 0, 0, 61, 61, 1, 1.79%, 0, 0, 2, 2805.96
1572120004, 0, 0, 187, 187, 1, 2.13%, 0, 0, 2, 2962.95
1572120009, 0, 0, 209, 209, 1, 2.25%, 0, 0, 2, 2949.27
1572120025, 0, 0, 219, 219, 1, 2.27%, 0, 0, 2, 2967.03
1572120045, 0, 0, 226, 226, 1, 2.31%, 0, 0, 2, 2935.39
1572120050, 0, 0, 255, 255, 1, 2.62%, 0, 0, 2, 2958.32
1572120055, 0, 0, 259, 259, 1, 2.63%, 0, 0, 2, 2974.13
1572120060, 0, 0, 268, 268, 1, 2.73%, 0, 0, 2, 2992.83
1572120066, 0, 0, 271, 271, 1, 2.74%, 0, 0, 2, 2985.53
1572120076, 0, 0, 282, 282, 1, 2.75%, 0, 0, 2, 2983.72
1572120086, 0, 0, 283, 283, 1, 2.75%, 0, 0, 2, 3002.96
1572120096, 0, 0, 284, 284, 1, 2.76%, 0, 0, 2, 3013.94
1572120117, 0, 0, 287, 287, 1, 2.76%, 0, 0, 2, 2990.39
1572120122, 0, 0, 293, 293, 1, 2.81%, 0, 0, 2, 3003.17
1572120127, 0, 0, 295, 295, 1, 2.81%, 0, 0, 2, 2867.72
1572120137, 0, 0, 298, 298, 1, 2.82%, 0, 0, 2, 2869.40
1572120147, 0, 0, 336, 336, 1, 2.84%, 0, 0, 2, 3089.76
1572120152, 0, 0, 344, 344, 1, 2.87%, 0, 0, 2, 3102.08
1572120157, 0, 1, 357, 356, 124, 3.02%, 0, 0, 3, 3334.21
1572120162, 0, 1, 360, 359, 124, 3.03%, 0, 0, 3, 3363.35
1572120168, 0, 2, 363, 361, 135, 3.05%, 0, 0, 3, 3405.93
1572120173, 0, 6, 363, 358, 132, 3.05%, 0, 0, 3, 3419.34
1572120178, 0, 8, 364, 358, 131, 3.05%, 0, 0, 3, 3027.20
1572120361, 0, 9, 364, 357, 130, 3.05%, 0, 0, 3, 2537.77
1572120382, 0, 9, 370, 363, 130, 3.10%, 0, 0, 3, 2511.41
1572120387, 0, 9, 371, 364, 130, 3.11%, 0, 0, 3, 2463.05
1572120432, 0, 9, 372, 365, 130, 3.11%, 0, 0, 3, 2356.96
1572120453, 0, 9, 373, 366, 130, 3.11%, 0, 0, 3, 1770.57
1572120594, 0, 11, 378, 370, 132, 3.11%, 0, 0, 3, 1821.46
1572120625, 0, 11, 398, 390, 132, 3.11%, 0, 0, 3, 1875.56
1572120630, 0, 11, 403, 395, 132, 3.11%, 0, 0, 3, 1948.45
1572120701, 0, 11, 405, 397, 132, 3.12%, 0, 0, 3, 1890.14
1572120823, 0, 11, 406, 398, 132, 3.12%, 0, 0, 3, 1629.83
1572120828, 0, 11, 408, 400, 132, 3.12%, 0, 0, 3, 1710.10
1572120859, 0, 11, 409, 401, 132, 3.12%, 0, 0, 3, 1939.94
1572120864, 0, 12, 410, 401, 134, 3.12%, 0, 0, 3, 1950.31
1572120889, 0, 12, 412, 403, 134, 3.12%, 0, 0, 3, 1934.39
1572120894, 0, 12, 413, 404, 134, 3.12%, 0, 0, 3, 1814.15
1572120971, 0, 12, 416, 407, 134, 3.14%, 0, 0, 3, 1696.74
1572121138, 0, 13, 417, 407, 135, 3.14%, 0, 0, 3, 1766.80
1572121168, 0, 13, 422, 412, 135, 3.14%, 0, 0, 3, 1793.96
1572121244, 0, 13, 424, 414, 135, 3.14%, 0, 0, 3, 1801.75
1572121371, 0, 13, 425, 415, 135, 3.15%, 0, 0, 3, 1786.06
1572121407, 0, 17, 425, 414, 136, 3.15%, 0, 0, 3, 1962.08
1572121412, 0, 17, 429, 418, 136, 3.19%, 0, 0, 3, 1693.99
1572121432, 0, 17, 431, 420, 136, 3.19%, 0, 0, 3, 1759.67
1572121437, 0, 17, 435, 424, 136, 3.19%, 0, 0, 3, 1612.27
1572121442, 0, 17, 438, 427, 136, 3.20%, 0, 0, 3, 1801.73
1572121478, 0, 17, 439, 428, 136, 3.20%, 0, 0, 3, 1606.72
1572121518, 0, 17, 441, 430, 136, 3.20%, 0, 0, 3, 1693.92
1572121685, 0, 17, 442, 431, 136, 3.20%, 0, 0, 3, 1634.75
1572121691, 0, 19, 442, 430, 144, 3.20%, 0, 0, 3, 1970.39
1572121781, 0, 19, 444, 432, 144, 3.20%, 0, 0, 3, 2070.44
1572121786, 0, 19, 446, 434, 144, 3.20%, 0, 0, 3, 1968.95
1572121791, 0, 23, 448, 435, 144, 3.21%, 0, 0, 3, 2093.79
1572121802, 0, 23, 451, 438, 144, 3.21%, 0, 0, 3, 2027.94
1572121807, 0, 23, 454, 441, 144, 3.21%, 0, 0, 3, 1964.51
1572121817, 0, 23, 455, 442, 144, 3.22%, 0, 0, 3, 2047.81
1572121832, 0, 23, 456, 443, 144, 3.22%, 0, 0, 3, 1957.48
1572121837, 0, 23, 458, 445, 144, 3.23%, 0, 0, 3, 1876.96
1572121938, 0, 23, 459, 446, 144, 3.23%, 0, 0, 3, 1938.95
1572121959, 0, 23, 465, 452, 144, 3.23%, 0, 0, 3, 2089.88
1572121964, 0, 23, 467, 454, 144, 3.23%, 0, 0, 3, 2086.56
1572121969, 0, 23, 471, 458, 144, 3.24%, 0, 0, 3, 2181.08
1572121974, 0, 31, 472, 458, 146, 3.24%, 0, 0, 3, 2054.48
1572122146, 0, 34, 473, 458, 145, 3.24%, 0, 0, 3, 1969.95
1572122171, 0, 34, 474, 459, 145, 3.24%, 0, 0, 3, 1856.23
1572122176, 0, 34, 476, 461, 145, 3.24%, 0, 0, 3, 1793.28
1572122212, 0, 34, 477, 462, 145, 3.25%, 0, 0, 3, 1771.91
1572122263, 0, 34, 478, 463, 145, 3.25%, 0, 0, 3, 1758.93
1572122288, 0, 34, 480, 465, 145, 3.25%, 0, 0, 3, 1928.19
1572122399, 0, 35, 481, 465, 146, 3.25%, 0, 0, 3, 2273.16
1572122420, 0, 35, 484, 468, 146, 3.25%, 0, 0, 3, 2265.85
1572122425, 0, 35, 486, 470, 146, 3.26%, 0, 0, 3, 2285.15
1572122481, 0, 35, 487, 471, 146, 3.26%, 0, 0, 3, 2236.60
1572122607, 0, 44, 487, 470, 145, 3.26%, 0, 0, 3, 2402.48
1572122816, 0, 54, 487, 469, 144, 3.26%, 0, 0, 3, 2618.75
1572122836, 0, 54, 488, 470, 144, 3.26%, 0, 0, 3, 2285.21
1572122892, 0, 54, 489, 471, 144, 3.26%, 0, 0, 3, 2513.67
1572123013, 0, 55, 489, 470, 142, 3.26%, 0, 0, 3, 2622.32
1572123207, 0, 57, 489, 469, 141, 3.26%, 0, 0, 3, 2638.35
1572123227, 0, 57, 491, 471, 141, 3.26%, 0, 0, 3, 2335.38
1572123232, 0, 57, 492, 472, 141, 3.27%, 0, 0, 3, 2569.73
1572123288, 0, 57, 493, 473, 141, 3.34%, 0, 0, 3, 2519.80
1572123409, 0, 59, 494, 473, 141, 3.34%, 0, 0, 3, 2613.95
1572123607, 0, 66, 494, 472, 140, 3.34%, 0, 0, 3, 2408.95
1572123633, 0, 66, 495, 473, 140, 3.34%, 0, 0, 3, 2558.20
1572123689, 0, 66, 496, 474, 140, 3.34%, 0, 0, 3, 2563.91
1572123801, 0, 68, 496, 473, 140, 3.34%, 0, 0, 3, 2735.99
1572123892, 0, 68, 497, 474, 140, 3.34%, 0, 0, 3, 2714.38
1572123943, 0, 70, 497, 473, 140, 3.34%, 0, 0, 3, 2766.03
1572123963, 0, 70, 498, 474, 140, 3.34%, 0, 0, 3, 2758.10
1572124085, 0, 72, 498, 473, 140, 3.34%, 0, 0, 3, 2401.99
1572124176, 0, 72, 499, 474, 140, 3.34%, 0, 0, 3, 2389.51
1572124287, 0, 76, 499, 473, 139, 3.34%, 0, 0, 3, 2367.39
1572124313, 0, 76, 501, 475, 139, 3.35%, 0, 0, 3, 2227.31
1572124369, 0, 76, 503, 477, 139, 3.35%, 0, 0, 3, 2206.62
1572124374, 0, 76, 504, 478, 139, 3.35%, 0, 0, 3, 2425.74
1572124500, 0, 83, 505, 478, 140, 3.35%, 0, 0, 3, 2317.67
1572124703, 0, 87, 505, 477, 139, 3.35%, 0, 0, 3, 2385.48
1572124723, 0, 87, 508, 480, 139, 3.35%, 0, 0, 3, 2530.95
1572124728, 0, 87, 510, 482, 139, 3.35%, 0, 0, 3, 2548.21
1572124749, 0, 87, 511, 483, 139, 3.35%, 0, 0, 3, 2293.73
1572124795, 0, 87, 512, 484, 139, 3.35%, 0, 0, 3, 2243.72
1572124906, 0, 90, 512, 483, 139, 3.35%, 0, 0, 3, 2377.12
1572124911, 0, 90, 513, 484, 139, 3.35%, 0, 0, 3, 2701.82
1572124931, 0, 90, 514, 485, 139, 3.35%, 0, 0, 3, 2480.78
1572124977, 0, 90, 517, 488, 139, 3.35%, 0, 0, 3, 2838.37
1572125053, 0, 91, 518, 488, 138, 3.35%, 0, 0, 3, 2561.46
1572125074, 0, 91, 521, 491, 138, 3.35%, 0, 0, 3, 2555.28
1572125251, 0, 91, 524, 494, 138, 3.35%, 0, 0, 3, 2689.94
1572125256, 0, 94, 524, 493, 137, 3.35%, 0, 0, 3, 2612.14
1572125276, 0, 94, 525, 494, 137, 3.35%, 0, 0, 3, 2402.14
1572125454, 0, 95, 525, 493, 136, 3.35%, 0, 0, 3, 2631.59
1572125601, 0, 102, 525, 492, 135, 3.35%, 0, 0, 3, 2450.00
1572125621, 0, 102, 527, 494, 135, 3.35%, 0, 0, 3, 2276.57
1572125804, 0, 106, 527, 493, 135, 3.35%, 0, 0, 3, 2501.25
1572125829, 0, 106, 529, 495, 135, 3.35%, 0, 0, 3, 2375.09
1572125895, 0, 106, 530, 496, 135, 3.35%, 0, 0, 3, 2575.64
1572126007, 0, 107, 530, 495, 134, 3.35%, 0, 0, 3, 2326.69
1572126027, 0, 107, 531, 496, 134, 3.35%, 0, 0, 3, 2381.02
1572126032, 0, 107, 532, 497, 134, 3.35%, 0, 0, 3, 2270.42
1572126215, 0, 113, 532, 496, 133, 3.35%, 0, 0, 3, 1909.43
1572126240, 0, 113, 533, 497, 133, 3.35%, 0, 0, 3, 1802.01
1572126245, 0, 113, 541, 505, 133, 3.36%, 0, 0, 3, 1745.53
1572126250, 0, 113, 543, 507, 133, 3.36%, 0, 0, 3, 1804.65
1572126276, 0, 113, 548, 512, 133, 3.37%, 0, 0, 3, 1809.90
1572126281, 0, 113, 549, 513, 133, 3.37%, 0, 0, 3, 1764.17
1572126336, 0, 113, 551, 515, 133, 3.38%, 0, 0, 3, 1836.31
1572126483, 0, 116, 551, 514, 139, 3.38%, 0, 0, 3, 1897.12
1572126514, 0, 116, 553, 516, 139, 3.38%, 0, 0, 3, 1849.33
1572126544, 0, 116, 554, 517, 139, 3.38%, 0, 0, 3, 1764.73
1572126585, 0, 116, 556, 519, 139, 3.38%, 0, 0, 3, 1851.31
1572126625, 0, 116, 557, 520, 139, 3.38%, 0, 0, 3, 1865.29
1572126752, 0, 117, 557, 519, 138, 3.38%, 0, 0, 3, 1851.98
1572126777, 0, 117, 558, 520, 138, 3.38%, 0, 0, 3, 1893.48
1572126852, 0, 117, 559, 521, 138, 3.38%, 0, 0, 3, 1842.19
1572127020, 0, 118, 559, 520, 137, 3.38%, 0, 0, 3, 1813.10
1572127050, 0, 118, 560, 521, 137, 3.38%, 0, 0, 3, 1851.55
1572127288, 0, 120, 560, 520, 136, 3.38%, 0, 0, 3, 1834.11
1572127314, 0, 120, 562, 522, 136, 3.38%, 0, 0, 3, 1841.61
1572127405, 0, 120, 563, 523, 136, 3.39%, 0, 0, 3, 1780.55
1572127552, 0, 123, 564, 523, 137, 3.39%, 0, 0, 3, 1953.22
1572127557, 0, 123, 565, 524, 137, 3.39%, 0, 0, 3, 2045.02
1572127582, 0, 123, 566, 525, 137, 3.39%, 0, 0, 3, 1980.50
1572127612, 0, 123, 568, 527, 137, 3.39%, 0, 0, 3, 1982.86
1572127653, 0, 123, 573, 532, 137, 3.39%, 0, 0, 3, 1975.86
1572127658, 0, 123, 574, 533, 137, 3.39%, 0, 0, 3, 1901.13
1572127750, 0, 123, 575, 534, 137, 3.39%, 0, 0, 3, 1848.67
1572127765, 0, 124, 575, 533, 136, 3.39%, 0, 0, 3, 2022.11
1572127973, 0, 132, 575, 532, 135, 3.39%, 0, 0, 3, 1994.95
1572128246, 0, 135, 575, 531, 134, 3.39%, 0, 0, 3, 1816.36
1572128302, 0, 135, 577, 533, 134, 3.39%, 0, 0, 3, 1858.72
1572128352, 0, 135, 579, 535, 134, 3.39%, 0, 0, 3, 1915.80
1572128428, 0, 135, 580, 536, 134, 3.39%, 0, 0, 3, 1943.95
1572128459, 0, 135, 581, 537, 134, 3.39%, 0, 0, 3, 1850.71
1572128469, 0, 140, 581, 536, 133, 3.39%, 0, 0, 3, 2060.56
1572128748, 0, 143, 581, 535, 132, 3.39%, 0, 0, 3, 1792.85
1572128773, 0, 143, 583, 537, 132, 3.50%, 0, 0, 3, 1777.82
1572128778, 0, 143, 587, 541, 132, 3.51%, 0, 0, 3, 1785.47
1572128849, 0, 143, 588, 542, 132, 3.60%, 0, 0, 3, 1782.50
1572129021, 0, 165, 588, 541, 134, 3.60%, 0, 0, 3, 1918.37
1572129051, 0, 165, 589, 542, 134, 3.60%, 0, 0, 3, 1898.96
1572129112, 0, 165, 590, 543, 134, 3.60%, 0, 0, 3, 1872.01
1572129137, 0, 165, 591, 544, 134, 3.60%, 0, 0, 3, 1697.58
1572129143, 0, 165, 592, 545, 134, 3.60%, 0, 0, 3, 1837.53
1572129294, 0, 167, 592, 544, 134, 3.60%, 0, 0, 3, 1827.29
1572129320, 0, 167, 593, 545, 134, 3.60%, 0, 0, 3, 1795.64
1572129568, 0, 171, 593, 544, 133, 3.60%, 0, 0, 3, 1867.08
1572129599, 0, 171, 594, 545, 133, 3.60%, 0, 0, 3, 1770.90
1572129675, 0, 171, 595, 546, 133, 3.60%, 0, 0, 3, 2152.95
1572129700, 0, 171, 596, 547, 133, 3.60%, 0, 0, 3, 2384.14
1572129802, 0, 172, 596, 546, 132, 3.60%, 0, 0, 3, 2575.81
1572130005, 0, 182, 597, 546, 131, 3.60%, 0, 0, 3, 2588.47
1572130030, 0, 182, 602, 551, 131, 3.60%, 0, 0, 3, 2141.37
1572130056, 0, 182, 603, 552, 131, 3.60%, 0, 0, 3, 2233.08
1572130081, 0, 182, 604, 553, 131, 3.60%, 0, 0, 3, 2482.52
1572130086, 0, 182, 608, 557, 131, 3.60%, 0, 0, 3, 2482.88
1572130096, 0, 182, 611, 560, 131, 3.60%, 0, 0, 3, 2513.21
1572130117, 0, 182, 612, 561, 131, 3.60%, 0, 0, 3, 2517.57
1572130177, 0, 182, 613, 562, 131, 3.60%, 0, 0, 3, 2560.85
1572130213, 0, 186, 613, 561, 131, 3.60%, 0, 0, 3, 2552.37
1572130238, 0, 186, 614, 562, 131, 3.60%, 0, 0, 3, 2290.68
1572130415, 0, 192, 614, 561, 130, 3.60%, 0, 0, 3, 2458.17
1572130420, 0, 192, 615, 562, 130, 3.61%, 0, 0, 3, 2629.21
1572130552, 0, 196, 615, 561, 130, 3.61%, 0, 0, 3, 2942.75
1572130689, 0, 197, 615, 560, 129, 3.61%, 0, 0, 3, 2658.12
1572130831, 0, 198, 615, 559, 128, 3.61%, 0, 0, 3, 2782.70
1572130968, 0, 199, 616, 559, 127, 3.61%, 0, 0, 3, 2630.18
1572130973, 0, 199, 631, 574, 127, 3.75%, 0, 0, 3, 2672.10
1572130978, 0, 199, 634, 577, 127, 3.76%, 0, 0, 3, 2700.27
1572130983, 0, 200, 640, 582, 140, 3.77%, 0, 0, 3, 2715.37
1572130988, 0, 200, 642, 584, 140, 3.77%, 0, 0, 3, 2590.31
1572130993, 0, 205, 642, 583, 139, 3.77%, 0, 0, 3, 2544.46
1572131075, 0, 205, 643, 584, 139, 3.77%, 0, 0, 3, 2545.03
1572131201, 0, 209, 643, 583, 139, 3.77%, 0, 0, 3, 2369.40
1572131222, 0, 209, 646, 586, 139, 3.78%, 0, 0, 3, 2241.26
1572131405, 0, 209, 647, 587, 139, 3.78%, 0, 0, 3, 2449.83
1572131415, 0, 210, 647, 586, 141, 3.78%, 0, 0, 3, 2629.69
1572131440, 0, 210, 648, 587, 141, 3.78%, 0, 0, 3, 2463.15
1572131623, 0, 212, 648, 586, 140, 3.78%, 0, 0, 3, 2484.65
1572131795, 0, 212, 649, 587, 140, 3.78%, 0, 0, 3, 2510.33
1572131835, 0, 219, 649, 585, 138, 3.78%, 0, 0, 3, 2773.24
1572132043, 0, 235, 649, 584, 137, 3.78%, 0, 0, 3, 2528.30
1572132119, 0, 235, 650, 585, 137, 3.78%, 0, 0, 3, 2505.39
1572132210, 0, 235, 651, 586, 137, 3.78%, 0, 0, 3, 2298.51
1572132251, 0, 243, 652, 586, 138, 3.78%, 0, 0, 3, 2410.87
1572132277, 0, 243, 654, 588, 138, 3.78%, 0, 0, 3, 2460.71
1572132333, 0, 243, 655, 589, 138, 3.79%, 0, 0, 3, 2339.31
1572132424, 0, 243, 656, 590, 138, 3.79%, 0, 0, 3, 2282.98
1572132460, 0, 250, 656, 589, 138, 3.79%, 0, 0, 3, 2744.22
1572132521, 0, 254, 656, 588, 137, 3.79%, 0, 0, 3, 2637.27
1572132728, 0, 256, 656, 587, 136, 3.79%, 0, 0, 3, 2453.07
1572132936, 0, 257, 656, 586, 135, 3.79%, 0, 0, 3, 2578.09
1572132961, 0, 257, 658, 588, 135, 3.80%, 0, 0, 3, 2277.16
1572133022, 0, 257, 661, 591, 135, 3.81%, 0, 0, 3, 2584.40
1572133144, 0, 259, 661, 590, 136, 3.81%, 0, 0, 3, 2600.47
1572133169, 0, 259, 662, 591, 136, 3.81%, 0, 0, 3, 2541.16
1572133235, 0, 259, 663, 592, 136, 3.81%, 0, 0, 3, 2532.52
1572133337, 0, 259, 664, 593, 136, 3.81%, 0, 0, 3, 2259.54
1572133352, 0, 262, 664, 592, 137, 3.81%, 0, 0, 3, 2259.80
1572133377, 0, 262, 665, 593, 137, 3.81%, 0, 0, 3, 2453.91
1572133453, 0, 262, 666, 594, 137, 3.81%, 0, 0, 3, 2215.28
1572133570, 0, 263, 666, 593, 136, 3.81%, 0, 0, 3, 2469.92
1572133590, 0, 263, 669, 596, 136, 3.81%, 0, 0, 3, 2201.93
1572133595, 0, 263, 672, 599, 136, 3.82%, 0, 0, 3, 2182.64
1572133620, 0, 263, 673, 600, 136, 3.82%, 0, 0, 3, 2126.89
1572133646, 0, 263, 675, 602, 136, 3.82%, 0, 0, 3, 2418.24
1572133651, 0, 263, 677, 604, 136, 3.82%, 0, 0, 3, 2316.73
1572133661, 0, 263, 678, 605, 136, 3.82%, 0, 0, 3, 2260.91
1572133666, 0, 263, 682, 609, 136, 3.84%, 0, 0, 3, 2459.22
1572133671, 0, 263, 687, 614, 136, 3.85%, 0, 0, 3, 2484.62
1572133676, 0, 263, 690, 617, 136, 3.85%, 0, 0, 3, 2252.41
1572133681, 0, 263, 692, 619, 136, 3.85%, 0, 0, 3, 2453.38
1572133773, 0, 263, 694, 621, 136, 3.86%, 0, 0, 3, 2294.79
1572133788, 0, 265, 695, 621, 157, 3.87%, 0, 0, 3, 2610.17
1572133808, 0, 265, 696, 622, 157, 3.87%, 0, 0, 3, 2265.35
1572133884, 0, 265, 697, 623, 157, 3.87%, 0, 0, 3, 2596.91
1572133996, 0, 266, 697, 622, 156, 3.87%, 0, 0, 3, 2653.14
1572134021, 0, 266, 698, 623, 156, 3.87%, 0, 0, 3, 2537.43
1572134092, 0, 266, 699, 624, 156, 3.87%, 0, 0, 3, 2533.67
1572134203, 0, 267, 699, 623, 155, 3.87%, 0, 0, 3, 2395.51
1572134229, 0, 267, 700, 624, 155, 3.87%, 0, 0, 3, 2278.19
1572134305, 0, 267, 701, 625, 155, 3.87%, 0, 0, 3, 2308.86
1572134421, 0, 268, 701, 624, 154, 3.87%, 0, 0, 3, 2370.62
1572134446, 0, 268, 702, 625, 154, 3.87%, 0, 0, 3, 2543.93
1572134523, 0, 268, 703, 626, 154, 3.87%, 0, 0, 3, 2536.83
1572134634, 0, 269, 703, 625, 153, 3.87%, 0, 0, 3, 2338.85
1572134659, 0, 269, 704, 626, 153, 3.87%, 0, 0, 3, 2451.44
1572134740, 0, 269, 705, 627, 153, 3.87%, 0, 0, 3, 2339.67
1572134847, 0, 270, 705, 626, 152, 3.87%, 0, 0, 3, 2470.07
1572134873, 0, 270, 706, 627, 152, 3.87%, 0, 0, 3, 2194.88
1572134954, 0, 270, 707, 628, 152, 3.87%, 0, 0, 3, 2379.51
1572135066, 0, 271, 707, 627, 151, 3.87%, 0, 0, 3, 2353.51
1572135091, 0, 271, 709, 629, 151, 3.87%, 0, 0, 3, 2412.80
1572135136, 0, 271, 710, 630, 151, 3.87%, 0, 0, 3, 2161.90
1572135284, 0, 272, 710, 629, 150, 3.87%, 0, 0, 3, 2578.81
1572135309, 0, 272, 711, 630, 150, 3.87%, 0, 0, 3, 2422.93
1572135395, 0, 272, 712, 631, 150, 3.87%, 0, 0, 3, 2481.78
1572135497, 0, 273, 712, 630, 150, 3.87%, 0, 0, 3, 2551.72
1572135715, 0, 280, 712, 629, 149, 3.87%, 0, 0, 3, 2711.38
1572135857, 0, 281, 712, 628, 148, 3.87%, 0, 0, 3, 2534.95
1572135877, 0, 281, 713, 629, 148, 3.87%, 0, 0, 3, 2398.67
1572135883, 0, 281, 722, 638, 148, 3.91%, 0, 0, 3, 2573.86
1572135933, 0, 281, 723, 639, 148, 3.91%, 0, 0, 3, 2235.30
1572135953, 0, 281, 724, 640, 148, 3.91%, 0, 0, 3, 2641.86
1572136019, 0, 286, 724, 639, 158, 3.91%, 0, 0, 3, 2533.95
1572136084, 0, 287, 724, 638, 157, 3.91%, 0, 0, 3, 2453.06
1572136105, 0, 287, 725, 639, 157, 3.91%, 0, 0, 3, 2425.68
1572136110, 0, 287, 726, 640, 157, 3.91%, 0, 0, 3, 2450.38
1572136165, 0, 287, 727, 641, 157, 3.91%, 0, 0, 3, 2471.21
1572136262, 0, 287, 728, 642, 157, 3.91%, 0, 0, 3, 1694.24
1572136297, 0, 287, 730, 644, 157, 3.91%, 0, 0, 3, 1794.76
1572136323, 0, 288, 730, 643, 156, 3.91%, 0, 0, 3, 1895.04
1572136602, 0, 290, 730, 642, 155, 3.91%, 0, 0, 3, 2023.78
1572136789, 0, 291, 730, 641, 154, 3.91%, 0, 0, 3, 2127.62
1572136794, 0, 292, 769, 679, 153, 3.94%, 0, 0, 3, 2175.76
1572136809, 0, 292, 774, 684, 153, 3.94%, 0, 0, 3, 1943.49
1572136814, 0, 292, 780, 690, 153, 3.95%, 0, 0, 3, 1912.88
1572136829, 0, 292, 781, 691, 153, 3.95%, 0, 0, 3, 2032.65
1572136850, 0, 292, 788, 698, 153, 3.95%, 0, 0, 3, 1893.25
1572136855, 0, 292, 789, 699, 153, 3.95%, 0, 0, 3, 1852.15
1572136860, 0, 292, 792, 702, 153, 3.97%, 0, 0, 3, 1810.48
1572136875, 0, 292, 793, 703, 153, 3.97%, 0, 0, 3, 1902.34
1572136880, 0, 292, 797, 707, 153, 3.98%, 0, 0, 3, 1868.65
1572136890, 0, 292, 800, 710, 153, 3.98%, 0, 0, 3, 2012.52
1572136895, 0, 292, 804, 714, 153, 3.98%, 0, 0, 3, 1954.86
1572136900, 0, 292, 808, 718, 153, 3.98%, 0, 0, 3, 1930.92
1572136905, 0, 292, 810, 720, 153, 3.99%, 0, 0, 3, 1942.41
1572136910, 0, 294, 811, 720, 177, 3.99%, 0, 0, 3, 2022.68
1572137113, 0, 297, 811, 719, 176, 3.99%, 0, 0, 3, 1959.15
1572137144, 0, 297, 812, 720, 176, 3.99%, 0, 0, 3, 1715.82
1572137149, 0, 297, 813, 721, 176, 3.99%, 0, 0, 3, 1766.73
1572137215, 0, 297, 814, 722, 176, 3.99%, 0, 0, 3, 1721.60
1572137220, 0, 297, 816, 724, 176, 3.99%, 0, 0, 3, 1765.30
1572137235, 0, 297, 818, 726, 176, 4.00%, 0, 0, 3, 1748.43
1572137250, 0, 297, 819, 727, 176, 4.00%, 0, 0, 3, 1719.24
1572137261, 0, 297, 820, 728, 176, 4.00%, 0, 0, 3, 1806.14
1572137352, 0, 297, 821, 729, 176, 4.00%, 0, 0, 3, 1764.31
1572137377, 0, 297, 822, 730, 176, 4.00%, 0, 0, 3, 1784.88
1572137408, 0, 312, 822, 729, 181, 4.00%, 0, 0, 3, 1878.45
1572137438, 0, 312, 823, 730, 181, 4.00%, 0, 0, 3, 1832.73
1572137687, 0, 320, 823, 729, 181, 4.00%, 0, 0, 3, 2037.14
1572137692, 0, 321, 823, 728, 180, 4.00%, 0, 0, 3, 2013.31
1572137788, 0, 328, 823, 727, 179, 4.00%, 0, 0, 3, 2058.78
1572137865, 0, 331, 823, 726, 178, 4.00%, 0, 0, 3, 2114.30
1572137895, 0, 331, 824, 727, 178, 4.00%, 0, 0, 3, 1811.50
1572137961, 0, 331, 825, 728, 178, 4.00%, 0, 0, 3, 1909.77
1572137986, 0, 331, 827, 730, 178, 4.00%, 0, 0, 3, 1890.06
1572138036, 0, 331, 828, 731, 178, 4.00%, 0, 0, 3, 1918.88
1572138056, 0, 334, 828, 730, 177, 4.00%, 0, 0, 3, 2082.12
1572138066, 0, 339, 833, 734, 176, 4.01%, 0, 0, 3, 2119.73
1572138077, 0, 339, 834, 735, 176, 4.01%, 0, 0, 3, 1998.19
1572138087, 0, 339, 835, 736, 176, 4.01%, 0, 0, 3, 1964.43
1572138092, 0, 339, 836, 737, 176, 4.01%, 0, 0, 3, 2014.08
1572138097, 0, 345, 838, 738, 180, 4.01%, 0, 0, 3, 2091.76
1572138204, 0, 345, 839, 739, 180, 4.01%, 0, 0, 3, 1849.64
1572138320, 0, 345, 840, 740, 180, 4.01%, 0, 0, 3, 1802.34
1572138340, 0, 350, 840, 738, 178, 4.01%, 0, 0, 3, 1847.16
1572138345, 0, 353, 845, 741, 176, 4.02%, 0, 0, 4, 2129.72
1572138350, 0, 353, 854, 750, 176, 4.04%, 0, 0, 4, 2135.35
1572138361, 0, 353, 855, 751, 176, 4.05%, 0, 0, 4, 2155.93
1572138366, 0, 354, 855, 750, 187, 4.05%, 0, 0, 4, 2249.83
1572138371, 0, 356, 856, 749, 185, 4.05%, 0, 0, 4, 2154.92
1572138376, 0, 357, 861, 753, 185, 4.07%, 0, 0, 4, 2249.27
1572138381, 0, 358, 863, 754, 191, 4.07%, 0, 0, 4, 2351.68
1572138386, 0, 360, 866, 755, 190, 4.10%, 0, 0, 4, 2253.80
1572138396, 0, 362, 867, 754, 189, 4.11%, 0, 0, 4, 2191.86
1572138401, 0, 362, 868, 755, 189, 4.11%, 0, 0, 4, 2221.62
1572138406, 0, 369, 868, 754, 189, 4.11%, 0, 0, 4, 2007.28
1572138431, 0, 369, 869, 755, 189, 4.11%, 0, 0, 4, 1859.49
1572138436, 0, 369, 874, 760, 189, 4.12%, 0, 0, 4, 1868.61
1572138467, 0, 369, 875, 761, 189, 4.12%, 0, 0, 4, 1911.29
1572138472, 0, 369, 877, 763, 189, 4.12%, 0, 0, 4, 1901.67
1572138502, 0, 369, 878, 764, 189, 4.12%, 0, 0, 4, 1832.82
1572138523, 0, 369, 879, 765, 189, 4.12%, 0, 0, 4, 1814.78
1572138533, 0, 369, 881, 767, 189, 4.12%, 0, 0, 4, 1801.87
1572138548, 0, 369, 882, 768, 189, 4.12%, 0, 0, 4, 1912.59
1572138690, 0, 370, 882, 767, 192, 4.12%, 0, 0, 4, 1890.38
1572138720, 0, 370, 883, 768, 192, 4.12%, 0, 0, 4, 1854.83
1572138974, 0, 373, 883, 767, 191, 4.12%, 0, 0, 4, 1981.99
1572138999, 0, 373, 887, 771, 191, 4.13%, 0, 0, 4, 1830.40
1572139004, 0, 373, 891, 775, 191, 4.13%, 0, 0, 4, 1841.53
1572139035, 0, 373, 894, 778, 191, 4.13%, 0, 0, 4, 1858.16
1572139075, 0, 373, 895, 779, 191, 4.13%, 0, 0, 4, 1888.44
1572139090, 0, 373, 897, 781, 191, 4.13%, 0, 0, 4, 1808.79
1572139095, 0, 373, 898, 782, 191, 4.13%, 0, 0, 4, 1780.72
1572139101, 0, 373, 899, 783, 191, 4.13%, 0, 0, 4, 1903.16
1572139111, 0, 373, 900, 784, 191, 4.13%, 0, 0, 4, 1803.74
1572139116, 0, 373, 901, 785, 191, 4.13%, 0, 0, 4, 1823.66
1572139253, 0, 374, 901, 784, 195, 4.13%, 0, 0, 4, 2081.53
1572139294, 0, 374, 902, 785, 195, 4.13%, 0, 0, 4, 2165.12
1572139420, 0, 403, 902, 784, 194, 4.13%, 0, 0, 4, 1931.67
1572139450, 0, 403, 912, 794, 194, 4.13%, 0, 0, 4, 1821.57
1572139455, 0, 403, 914, 796, 194, 4.13%, 0, 0, 4, 1851.84
1572139481, 0, 403, 915, 797, 194, 4.13%, 0, 0, 4, 1790.74
1572139562, 0, 403, 916, 798, 194, 4.13%, 0, 0, 4, 1770.76
1572139567, 0, 403, 917, 799, 194, 4.13%, 0, 0, 4, 1866.97
1572139704, 0, 403, 918, 800, 194, 4.14%, 0, 0, 4, 1807.88
1572139709, 0, 408, 918, 799, 195, 4.14%, 0, 0, 4, 1888.39
1572139988, 0, 409, 920, 800, 194, 4.14%, 0, 0, 4, 1986.28
1572139993, 0, 409, 922, 802, 194, 4.14%, 0, 0, 4, 1845.16
1572140018, 0, 409, 927, 807, 194, 4.14%, 0, 0, 4, 1803.61
1572140023, 0, 409, 928, 808, 194, 4.14%, 0, 0, 4, 1822.04
1572140054, 0, 409, 929, 809, 194, 4.15%, 0, 0, 4, 1883.08
1572140272, 0, 416, 929, 808, 197, 4.15%, 0, 0, 4, 1877.89
1572140298, 0, 416, 933, 812, 197, 4.15%, 0, 0, 4, 1818.13
1572140303, 0, 416, 935, 814, 197, 4.15%, 0, 0, 4, 1766.78
1572140496, 0, 416, 936, 815, 197, 4.15%, 0, 0, 4, 1751.18
1572140557, 0, 423, 937, 815, 197, 4.15%, 0, 0, 4, 1872.87
1572140582, 0, 423, 940, 818, 197, 4.15%, 0, 0, 4, 1827.16
1572140587, 0, 423, 942, 820, 197, 4.15%, 0, 0, 4, 1849.18
1572140836, 0, 424, 945, 822, 197, 4.16%, 0, 0, 4, 1977.69
1572140867, 0, 424, 950, 827, 197, 4.16%, 0, 0, 4, 1850.51
1572140872, 0, 424, 951, 828, 197, 4.16%, 0, 0, 4, 1805.68
1572140902, 0, 424, 952, 829, 197, 4.16%, 0, 0, 4, 1916.15
1572140943, 0, 424, 955, 832, 197, 4.17%, 0, 0, 4, 1841.47
1572141120, 0, 428, 955, 831, 196, 4.17%, 0, 0, 4, 1848.09
1572141151, 0, 428, 960, 836, 196, 4.17%, 0, 0, 4, 1918.34
1572141368, 0, 429, 960, 835, 196, 4.17%, 0, 0, 4, 2391.18
1572141388, 0, 429, 964, 839, 196, 4.17%, 0, 0, 4, 2392.93
1572141393, 0, 429, 965, 840, 196, 4.17%, 0, 0, 4, 2419.65
1572141586, 0, 430, 965, 839, 196, 4.17%, 0, 0, 4, 2328.92
1572141606, 0, 430, 970, 844, 196, 4.17%, 0, 0, 4, 2535.65
1572141799, 0, 451, 970, 843, 196, 4.17%, 0, 0, 4, 2492.32
1572141809, 0, 451, 971, 844, 196, 4.17%, 0, 0, 4, 2601.77
1572141820, 0, 451, 972, 845, 196, 4.17%, 0, 0, 4, 2586.48
1572141921, 0, 454, 972, 844, 197, 4.17%, 0, 0, 4, 2818.32
1572141951, 0, 454, 974, 846, 197, 4.17%, 0, 0, 4, 2826.42
1572141956, 0, 454, 981, 853, 197, 4.18%, 0, 0, 4, 2755.43
1572141961, 0, 454, 983, 855, 197, 4.19%, 0, 0, 4, 2594.07
1572142052, 0, 459, 983, 854, 204, 4.19%, 0, 0, 4, 2821.53
1572142184, 0, 460, 983, 853, 203, 4.19%, 0, 0, 4, 2674.50
1572142219, 0, 460, 984, 854, 203, 4.19%, 0, 0, 4, 2437.40
1572142320, 0, 462, 984, 853, 203, 4.19%, 0, 0, 4, 2692.09
1572142447, 0, 463, 985, 853, 203, 4.19%, 0, 0, 4, 2543.40
1572142472, 0, 465, 985, 852, 202, 4.19%, 0, 0, 4, 2756.08
1572142538, 0, 466, 985, 851, 201, 4.19%, 0, 0, 4, 2848.56
1572142659, 0, 467, 985, 850, 200, 4.19%, 0, 0, 4, 2558.76
1572142664, 0, 467, 986, 851, 200, 4.19%, 0, 0, 4, 2718.15
1572142680, 0, 468, 987, 851, 200, 4.21%, 0, 0, 4, 2647.90
1572142685, 0, 470, 989, 852, 201, 4.21%, 0, 0, 4, 2882.62
1572142690, 0, 471, 989, 851, 200, 4.21%, 0, 0, 4, 2915.53
1572142746, 0, 479, 989, 850, 199, 4.21%, 0, 0, 4, 2518.83
1572142771, 0, 479, 990, 851, 199, 4.21%, 0, 0, 4, 2506.57
1572142847, 0, 479, 991, 852, 199, 4.22%, 0, 0, 4, 2304.96
1572142953, 0, 485, 992, 852, 200, 4.22%, 0, 0, 4, 2264.47
1572143171, 0, 491, 992, 851, 199, 4.22%, 0, 0, 4, 2461.66
1572143196, 0, 491, 993, 852, 199, 4.22%, 0, 0, 4, 2222.47
1572143388, 0, 492, 1000, 858, 198, 4.24%, 0, 0, 4, 2533.43
1572143403, 0, 492, 1001, 859, 198, 4.24%, 0, 0, 4, 2634.81
1572143439, 0, 492, 1002, 860, 198, 4.24%, 0, 0, 4, 2373.80
1572143469, 0, 495, 1003, 860, 202, 4.24%, 0, 0, 4, 2637.56
1572143494, 0, 495, 1004, 861, 202, 4.24%, 0, 0, 4, 2289.06
1572143686, 0, 496, 1005, 861, 201, 4.24%, 0, 0, 4, 2439.09
1572143838, 0, 497, 1006, 861, 200, 4.24%, 0, 0, 4, 2722.55
1572143984, 0, 510, 1007, 861, 200, 4.24%, 0, 0, 4, 2564.57
1572144055, 0, 510, 1009, 863, 200, 4.24%, 0, 0, 4, 2530.76
1572144060, 0, 510, 1010, 864, 200, 4.24%, 0, 0, 4, 2448.83
1572144141, 0, 514, 1013, 866, 200, 4.24%, 0, 0, 4, 2653.80
1572144151, 0, 514, 1017, 870, 200, 4.24%, 0, 0, 4, 2817.69
1572144156, 0, 514, 1018, 871, 200, 4.24%, 0, 0, 4, 2855.93
1572144161, 0, 514, 1020, 873, 200, 4.24%, 0, 0, 4, 2850.76
1572144181, 0, 514, 1021, 874, 200, 4.24%, 0, 0, 4, 2820.27
1572144206, 0, 514, 1022, 875, 200, 4.24%, 0, 0, 4, 2817.03
1572144293, 0, 515, 1023, 875, 203, 4.24%, 0, 0, 4, 2640.45
1572144313, 0, 515, 1024, 876, 203, 4.24%, 0, 0, 4, 2616.02
1572144445, 0, 536, 1024, 875, 203, 4.24%, 0, 0, 4, 2686.36
1572144658, 0, 541, 1024, 874, 202, 4.24%, 0, 0, 4, 2359.94
1572144679, 0, 541, 1028, 878, 202, 4.24%, 0, 0, 4, 2339.31
1572144684, 0, 541, 1031, 881, 202, 4.24%, 0, 0, 4, 2240.52
1572144704, 0, 541, 1035, 885, 202, 4.24%, 0, 0, 4, 2732.26
1572144730, 0, 541, 1036, 886, 202, 4.24%, 0, 0, 4, 2396.36
1572144745, 0, 541, 1039, 889, 202, 4.24%, 0, 0, 4, 2458.43
1572144750, 0, 541, 1040, 890, 202, 4.25%, 0, 0, 4, 2411.75
1572144756, 0, 541, 1041, 891, 202, 4.25%, 0, 0, 4, 2427.45
1572144837, 0, 543, 1042, 891, 203, 4.25%, 0, 0, 4, 2292.63
1572144928, 0, 543, 1043, 892, 203, 4.25%, 0, 0, 4, 2272.35
1572145055, 0, 548, 1044, 892, 203, 4.25%, 0, 0, 4, 2496.20
1572145269, 0, 550, 1044, 891, 203, 4.25%, 0, 0, 4, 2488.78
1572145274, 0, 550, 1045, 892, 203, 4.25%, 0, 0, 4, 2521.46
1572145294, 0, 550, 1049, 896, 203, 4.25%, 0, 0, 4, 2317.86
1572145314, 0, 550, 1050, 897, 203, 4.25%, 0, 0, 4, 2555.92
1572145345, 0, 550, 1051, 898, 203, 4.25%, 0, 0, 4, 2484.45
1572145487, 0, 562, 1051, 897, 204, 4.25%, 0, 0, 4, 2166.27
1572145512, 0, 562, 1053, 899, 204, 4.25%, 0, 0, 4, 2212.62
1572145715, 0, 582, 1054, 899, 203, 4.25%, 0, 0, 4, 2192.79
1572145720, 0, 582, 1055, 900, 203, 4.25%, 0, 0, 4, 2010.61
1572145741, 0, 582, 1074, 919, 203, 4.40%, 0, 0, 4, 2341.39
1572145766, 0, 582, 1080, 925, 203, 4.42%, 0, 0, 4, 2139.59
1572145791, 0, 582, 1082, 927, 203, 4.42%, 0, 0, 4, 2229.19
1572145796, 0, 582, 1084, 929, 203, 4.43%, 0, 0, 4, 2326.06
1572145812, 0, 582, 1093, 938, 203, 4.44%, 0, 0, 4, 1826.17
1572145877, 0, 582, 1095, 940, 203, 4.44%, 0, 0, 4, 2202.83
1572145888, 0, 582, 1097, 942, 203, 4.45%, 0, 0, 4, 2362.61
1572145903, 0, 582, 1098, 943, 203, 4.45%, 0, 0, 4, 2225.60
1572145913, 0, 583, 1099, 943, 224, 4.45%, 0, 0, 4, 2242.12
1572145918, 0, 583, 1100, 944, 224, 4.45%, 0, 0, 4, 2139.86
1572145938, 0, 583, 1101, 945, 224, 4.45%, 0, 0, 4, 2060.63
1572145943, 0, 583, 1105, 949, 224, 4.45%, 0, 0, 4, 2078.53
1572145999, 0, 583, 1106, 950, 224, 4.45%, 0, 0, 4, 2384.85
1572146121, 0, 590, 1106, 949, 226, 4.45%, 0, 0, 4, 2571.12
1572146142, 0, 590, 1107, 950, 226, 4.45%, 0, 0, 4, 2483.73
1572146197, 0, 590, 1108, 951, 226, 4.45%, 0, 0, 4, 2221.36
1572146203, 0, 590, 1109, 952, 226, 4.45%, 0, 0, 4, 2358.39
1572146208, 0, 590, 1110, 953, 226, 4.45%, 0, 0, 4, 2359.75
1572146218, 0, 590, 1111, 954, 226, 4.45%, 0, 0, 4, 2315.04
1572146283, 0, 590, 1112, 955, 226, 4.45%, 0, 0, 4, 2615.51
1572146288, 0, 590, 1114, 957, 226, 4.45%, 0, 0, 4, 2599.16
1572146299, 0, 595, 1114, 956, 225, 4.45%, 0, 0, 4, 2418.83
1572146324, 0, 595, 1115, 957, 225, 4.45%, 0, 0, 4, 2394.21
1572146355, 0, 595, 1116, 958, 225, 4.45%, 0, 0, 4, 2252.66
1572146395, 0, 595, 1117, 959, 225, 4.45%, 0, 0, 4, 2381.24
1572146472, 0, 595, 1118, 960, 225, 4.45%, 0, 0, 4, 2175.33
1572146528, 0, 612, 1119, 960, 226, 4.45%, 0, 0, 4, 2315.04
1572146745, 0, 614, 1119, 959, 225, 4.45%, 0, 0, 4, 2477.17
1572146898, 0, 617, 1119, 957, 223, 4.45%, 0, 0, 4, 2964.85
1572146903, 0, 618, 1120, 957, 222, 4.45%, 0, 0, 4, 2981.53
1572146908, 0, 620, 1121, 957, 221, 4.46%, 0, 0, 4, 2996.86
1572146913, 0, 623, 1126, 961, 222, 4.48%, 0, 0, 4, 2880.13
1572146918, 0, 624, 1127, 961, 224, 4.49%, 0, 0, 4, 2638.91
1572146923, 0, 625, 1129, 962, 223, 4.50%, 0, 0, 4, 2740.05
1572146928, 0, 626, 1129, 961, 223, 4.50%, 0, 0, 4, 2928.12
1572146933, 0, 627, 1130, 961, 221, 4.55%, 0, 0, 4, 2806.01
1572146938, 0, 628, 1132, 962, 223, 4.57%, 0, 0, 4, 2925.91
1572146948, 0, 630, 1135, 964, 222, 4.58%, 0, 0, 4, 3044.57
1572146953, 0, 633, 1135, 963, 224, 4.58%, 0, 0, 4, 2946.87
1572146959, 0, 634, 1135, 962, 223, 4.58%, 0, 0, 4, 3170.77
1572146964, 0, 635, 1136, 962, 222, 4.58%, 0, 0, 4, 3048.91
1572146969, 0, 636, 1136, 961, 222, 4.58%, 0, 0, 4, 2867.24
1572146979, 0, 637, 1137, 961, 221, 4.58%, 0, 0, 4, 2676.49
1572146984, 0, 638, 1137, 960, 221, 4.58%, 0, 0, 4, 2961.64
1572146989, 0, 639, 1137, 959, 220, 4.58%, 0, 0, 4, 2985.76
1572146995, 0, 641, 1137, 958, 219, 4.58%, 0, 0, 4, 3048.90
1572147000, 0, 644, 1137, 957, 218, 4.58%, 0, 0, 4, 2783.44
1572147218, 0, 645, 1137, 956, 217, 4.58%, 0, 0, 4, 2557.60
1572147299, 0, 645, 1138, 957, 217, 4.58%, 0, 0, 4, 2490.73
1572147436, 0, 646, 1138, 956, 217, 4.58%, 0, 0, 4, 2538.78
1572147456, 0, 646, 1142, 960, 217, 4.58%, 0, 0, 4, 2264.06
1572147527, 0, 646, 1143, 961, 217, 4.58%, 0, 0, 4, 2538.82
1572147654, 0, 649, 1144, 961, 217, 4.58%, 0, 0, 4, 2426.88
1572147735, 0, 650, 1144, 960, 216, 4.58%, 0, 0, 4, 2272.42
1572147760, 0, 650, 1145, 961, 216, 4.58%, 0, 0, 4, 2330.25
1572147943, 0, 655, 1145, 960, 216, 4.58%, 0, 0, 4, 2532.16
1572147948, 0, 663, 1147, 961, 216, 4.58%, 0, 0, 4, 2452.67
1572147968, 0, 663, 1148, 962, 216, 4.58%, 0, 0, 4, 2422.02
1572147973, 0, 663, 1150, 964, 216, 4.59%, 0, 0, 4, 2418.47
1572148039, 0, 663, 1151, 965, 216, 4.59%, 0, 0, 4, 2404.25
1572148160, 0, 667, 1152, 965, 218, 4.59%, 0, 0, 4, 2592.84
1572148333, 0, 668, 1152, 964, 218, 4.59%, 0, 0, 4, 2236.67
1572148353, 0, 668, 1153, 965, 218, 4.59%, 0, 0, 4, 2391.29
1572148556, 0, 669, 1153, 964, 217, 4.59%, 0, 0, 4, 2249.06
1572148582, 0, 669, 1155, 966, 217, 4.59%, 0, 0, 4, 2235.43
1572148642, 0, 669, 1156, 967, 217, 4.59%, 0, 0, 4, 2205.43
1572148790, 0, 670, 1156, 966, 216, 4.59%, 0, 0, 4, 2431.20
1572148886, 0, 670, 1159, 969, 216, 4.59%, 0, 0, 4, 2554.50
1572148891, 0, 670, 1163, 973, 216, 4.59%, 0, 0, 4, 2548.52
1572148896, 0, 670, 1166, 976, 216, 4.59%, 0, 0, 4, 2510.11
1572149003, 0, 676, 1166, 975, 215, 4.59%, 0, 0, 4, 2307.37
1572149023, 0, 676, 1171, 980, 215, 4.59%, 0, 0, 4, 2301.25
1572149053, 0, 676, 1172, 981, 215, 4.59%, 0, 0, 4, 2194.13
1572149079, 0, 676, 1173, 982, 215, 4.59%, 0, 0, 4, 2027.27
1572149089, 0, 676, 1174, 983, 215, 4.59%, 0, 0, 4, 2306.46
1572149099, 0, 676, 1175, 984, 215, 4.59%, 0, 0, 4, 2279.34
1572149114, 0, 676, 1176, 985, 215, 4.59%, 0, 0, 4, 2178.67
1572149241, 0, 679, 1176, 984, 214, 4.59%, 0, 0, 4, 2427.87
1572149267, 0, 679, 1177, 985, 214, 4.59%, 0, 0, 4, 2193.68
1572149337, 0, 679, 1178, 986, 214, 4.59%, 0, 0, 4, 2515.32
1572149465, 0, 681, 1178, 985, 215, 4.59%, 0, 0, 4, 2254.68
1572149566, 0, 681, 1179, 986, 215, 4.59%, 0, 0, 4, 2213.11
1572149688, 0, 689, 1180, 986, 215, 4.59%, 0, 0, 4, 2414.92
1572149784, 0, 689, 1181, 987, 215, 4.59%, 0, 0, 4, 2430.79
1572149901, 0, 690, 1182, 987, 214, 4.59%, 0, 0, 4, 2279.91
1572150124, 0, 694, 1182, 986, 213, 4.59%, 0, 0, 4, 2473.76
1572150215, 0, 694, 1183, 987, 213, 4.60%, 0, 0, 4, 2209.47
1572150221, 0, 694, 1184, 988, 213, 4.60%, 0, 0, 4, 2248.88
1572150231, 0, 694, 1185, 989, 213, 4.60%, 0, 0, 4, 2395.83
1572150236, 0, 694, 1186, 990, 213, 4.60%, 0, 0, 4, 2447.68
1572150337, 0, 706, 1186, 989, 214, 4.60%, 0, 0, 4, 2537.28
1572150367, 0, 706, 1187, 990, 214, 4.60%, 0, 0, 4, 2377.72
1572150535, 0, 706, 1188, 991, 214, 4.60%, 0, 0, 4, 2401.54
1572150550, 0, 711, 1188, 990, 213, 4.60%, 0, 0, 4, 2493.78
1572150576, 0, 711, 1189, 991, 213, 4.60%, 0, 0, 4, 2440.13
1572150769, 0, 712, 1189, 990, 213, 4.60%, 0, 0, 4, 2344.56
1572150845, 0, 712, 1190, 991, 213, 4.60%, 0, 0, 4, 2504.04
1572150895, 0, 712, 1191, 992, 213, 4.60%, 0, 0, 4, 2755.21
1572150926, 0, 714, 1191, 991, 213, 4.60%, 0, 0, 4, 2447.79
1572150946, 0, 714, 1192, 992, 213, 4.60%, 0, 0, 4, 2509.51
1572150971, 0, 714, 1193, 993, 213, 4.61%, 0, 0, 4, 2314.35
1572151078, 0, 715, 1193, 992, 214, 4.61%, 0, 0, 4, 2586.15
1572151103, 0, 715, 1194, 993, 214, 4.61%, 0, 0, 4, 2319.42
1572151209, 0, 715, 1195, 994, 214, 4.61%, 0, 0, 4, 2765.59
1572151235, 0, 716, 1195, 993, 214, 4.61%, 0, 0, 4, 2408.95
1572151260, 0, 716, 1197, 995, 214, 4.61%, 0, 0, 4, 2409.03
1572151391, 0, 717, 1197, 994, 214, 4.61%, 0, 0, 4, 2567.32
1572151416, 0, 717, 1200, 997, 214, 4.61%, 0, 0, 4, 2464.87
1572151549, 0, 718, 1200, 996, 216, 4.61%, 0, 0, 4, 2420.87
1572151574, 0, 718, 1201, 997, 216, 4.62%, 0, 0, 4, 2617.87
1572151594, 0, 718, 1202, 998, 216, 4.62%, 0, 0, 4, 2425.72
1572151706, 0, 719, 1202, 997, 216, 4.62%, 0, 0, 4, 2731.73
1572151731, 0, 719, 1204, 999, 216, 4.62%, 0, 0, 4, 2586.95
1572151782, 0, 719, 1205, 1000, 216, 4.62%, 0, 0, 4, 2364.59
1572151868, 0, 721, 1205, 999, 216, 4.62%, 0, 0, 4, 2519.78
1572151888, 0, 721, 1206, 1000, 216, 4.62%, 0, 0, 4, 2445.14
1572151999, 0, 721, 1207, 1001, 216, 4.62%, 0, 0, 4, 2476.24
1572152009, 0, 721, 1208, 1002, 216, 4.62%, 0, 0, 4, 2484.41
1572152030, 0, 725, 1208, 1001, 216, 4.62%, 0, 0, 4, 2255.65
1572152258, 0, 755, 1208, 1000, 215, 4.62%, 0, 0, 4, 2250.06
1572152273, 0, 755, 1209, 1001, 215, 4.62%, 0, 0, 4, 2320.77
1572152339, 0, 755, 1210, 1002, 215, 4.63%, 0, 0, 4, 2376.79
1572152344, 0, 759, 1217, 1008, 215, 4.64%, 0, 0, 4, 2533.18
1572152354, 0, 759, 1219, 1010, 215, 4.64%, 0, 0, 4, 2579.77
1572152415, 0, 765, 1220, 1010, 217, 4.64%, 0, 0, 4, 2357.49
1572152492, 0, 766, 1220, 1009, 216, 4.64%, 0, 0, 4, 2373.70
1572152497, 0, 766, 1221, 1010, 216, 4.64%, 0, 0, 4, 2376.20
1572152588, 0, 768, 1221, 1009, 216, 4.64%, 0, 0, 4, 1974.32
1572152689, 0, 773, 1222, 1009, 215, 4.64%, 0, 0, 4, 1717.19
1572152750, 0, 773, 1228, 1015, 215, 4.64%, 0, 0, 4, 1574.50
1572152907, 0, 773, 1236, 1023, 215, 4.64%, 0, 0, 4, 1687.20
1572152912, 0, 773, 1239, 1026, 215, 4.64%, 0, 0, 4, 1824.53
1572152917, 0, 773, 1240, 1027, 215, 4.64%, 0, 0, 4, 1768.47
1572152923, 0, 773, 1241, 1028, 215, 4.64%, 0, 0, 4, 1850.05
1572152928, 0, 777, 1241, 1027, 214, 4.64%, 0, 0, 4, 1869.56
1572152988, 0, 777, 1242, 1028, 214, 4.64%, 0, 0, 4, 2013.58
1572153024, 0, 778, 1242, 1027, 213, 4.64%, 0, 0, 4, 2018.42
1572153029, 0, 778, 1245, 1030, 213, 4.65%, 0, 0, 4, 1776.43
1572153044, 0, 778, 1247, 1032, 213, 4.65%, 0, 0, 4, 1859.31
1572153090, 0, 778, 1251, 1036, 213, 4.66%, 0, 0, 4, 1890.54
1572153125, 0, 779, 1251, 1035, 220, 4.66%, 0, 0, 4, 1891.19
1572153227, 0, 788, 1251, 1034, 219, 4.66%, 0, 0, 4, 2042.88
1572153252, 0, 788, 1252, 1035, 219, 4.66%, 0, 0, 4, 2119.58
1572153257, 0, 790, 1252, 1034, 218, 4.66%, 0, 0, 4, 1985.37
1572153318, 0, 790, 1253, 1035, 218, 4.66%, 0, 0, 4, 2011.66
1572153354, 0, 791, 1253, 1034, 218, 4.66%, 0, 0, 4, 1917.07
1572153364, 0, 794, 1253, 1033, 217, 4.66%, 0, 0, 4, 2082.82
1572153389, 0, 795, 1253, 1032, 216, 4.66%, 0, 0, 4, 1962.34
1572153470, 0, 795, 1254, 1033, 216, 4.66%, 0, 0, 4, 2103.96
1572153491, 0, 796, 1255, 1033, 216, 4.67%, 0, 0, 4, 1887.19
1572153572, 0, 796, 1256, 1034, 216, 4.67%, 0, 0, 4, 1927.66
1572153587, 0, 804, 1256, 1033, 217, 4.67%, 0, 0, 4, 2077.54
1572153592, 0, 806, 1256, 1032, 216, 4.67%, 0, 0, 4, 1963.99
1572153608, 0, 806, 1257, 1033, 216, 4.67%, 0, 0, 4, 1926.92
1572153633, 0, 808, 1257, 1032, 216, 4.67%, 0, 0, 4, 2034.37
1572153638, 0, 808, 1259, 1034, 216, 4.67%, 0, 0, 4, 1907.65
1572153678, 0, 816, 1260, 1034, 215, 4.67%, 0, 0, 4, 2095.40
1572153709, 0, 816, 1262, 1036, 215, 4.69%, 0, 0, 4, 1928.87
1572153877, 0, 817, 1263, 1036, 215, 4.69%, 0, 0, 4, 2035.82
1572153907, 0, 817, 1265, 1038, 215, 4.69%, 0, 0, 4, 1973.08
1572154075, 0, 817, 1266, 1039, 215, 4.69%, 0, 0, 4, 1891.91
1572154095, 0, 820, 1266, 1038, 217, 4.69%, 0, 0, 4, 1857.70
1572154303, 0, 828, 1266, 1037, 216, 4.69%, 0, 0, 4, 1998.48
1572154328, 0, 830, 1266, 1036, 215, 4.69%, 0, 0, 4, 1925.65
1572154334, 0, 830, 1267, 1037, 215, 4.69%, 0, 0, 4, 2017.80
1572154359, 0, 831, 1267, 1036, 215, 4.69%, 0, 0, 4, 2013.18
1572154389, 0, 832, 1267, 1035, 214, 4.69%, 0, 0, 4, 2117.94
1572154420, 0, 833, 1267, 1034, 213, 4.69%, 0, 0, 4, 1937.65
1572154450, 0, 833, 1269, 1036, 213, 4.70%, 0, 0, 4, 2009.28
1572154455, 0, 834, 1269, 1035, 213, 4.70%, 0, 0, 4, 2044.89
1572154491, 0, 836, 1270, 1035, 213, 4.70%, 0, 0, 4, 2151.41
1572154496, 0, 836, 1271, 1036, 213, 4.70%, 0, 0, 4, 2201.80
1572154516, 0, 837, 1273, 1037, 213, 4.71%, 0, 0, 4, 2087.85
1572154551, 0, 840, 1273, 1036, 213, 4.71%, 0, 0, 4, 2147.67
1572154556, 0, 841, 1273, 1035, 212, 4.71%, 0, 0, 4, 2260.65
1572154566, 0, 842, 1273, 1034, 211, 4.71%, 0, 0, 4, 2128.14
1572154577, 0, 844, 1273, 1033, 210, 4.71%, 0, 0, 4, 2273.37
1572154582, 0, 845, 1273, 1032, 209, 4.71%, 0, 0, 4, 2195.32
1572154592, 0, 846, 1273, 1031, 208, 4.71%, 0, 0, 4, 2143.68
1572154602, 0, 849, 1273, 1030, 207, 4.71%, 0, 0, 4, 2089.50
1572154607, 0, 850, 1273, 1029, 206, 4.71%, 0, 0, 4, 2215.36
1572154613, 0, 851, 1273, 1028, 205, 4.71%, 0, 0, 4, 2162.53
1572154623, 0, 852, 1273, 1027, 204, 4.71%, 0, 0, 4, 2061.61
1572154628, 0, 853, 1273, 1026, 203, 4.71%, 0, 0, 4, 2175.54
1572154638, 0, 854, 1273, 1025, 202, 4.71%, 0, 0, 4, 2226.04
1572154648, 0, 855, 1275, 1026, 201, 4.71%, 0, 0, 5, 2172.77
1572154653, 0, 856, 1281, 1031, 202, 4.74%, 0, 0, 5, 2312.90
1572154658, 0, 857, 1281, 1030, 207, 4.74%, 0, 0, 5, 2235.06
1572154663, 0, 858, 1283, 1031, 206, 4.75%, 0, 0, 5, 2289.49
1572154673, 0, 859, 1283, 1030, 207, 4.75%, 0, 0, 5, 2196.56
1572154678, 0, 860, 1283, 1029, 206, 4.75%, 0, 0, 5, 2144.42
1572154688, 0, 863, 1285, 1029, 204, 4.75%, 0, 0, 5, 2157.23
1572154693, 0, 866, 1288, 1031, 204, 4.77%, 0, 0, 5, 2106.43
1572154699, 0, 867, 1288, 1030, 203, 4.77%, 0, 0, 5, 2120.58
1572154704, 0, 872, 1289, 1030, 203, 4.77%, 0, 0, 5, 2166.73
1572154709, 0, 872, 1290, 1031, 203, 4.77%, 0, 0, 5, 1788.29
1572154769, 0, 872, 1291, 1032, 203, 4.77%, 0, 0, 5, 1859.54
1572154830, 0, 872, 1292, 1033, 203, 4.77%, 0, 0, 5, 1790.15
1572154977, 0, 874, 1293, 1033, 202, 4.77%, 0, 0, 5, 2013.11
1572155007, 0, 874, 1295, 1035, 202, 4.77%, 0, 0, 5, 1903.49
1572155225, 0, 894, 1296, 1035, 201, 4.77%, 0, 0, 5, 1978.27
1572155240, 0, 894, 1298, 1037, 201, 4.77%, 0, 0, 5, 1844.06
1572155255, 0, 894, 1302, 1041, 201, 4.77%, 0, 0, 5, 1765.08
1572155519, 0, 896, 1303, 1041, 202, 4.77%, 0, 0, 5, 2007.58
1572155741, 0, 898, 1303, 1040, 202, 4.77%, 0, 0, 5, 1868.55
1572155873, 0, 898, 1304, 1041, 202, 4.77%, 0, 0, 5, 1903.12
1572155990, 0, 900, 1304, 1040, 201, 4.77%, 0, 0, 5, 2141.72
1572156137, 0, 900, 1305, 1041, 201, 4.78%, 0, 0, 5, 2180.86
1572156167, 0, 911, 1305, 1040, 201, 4.78%, 0, 0, 5, 2076.81
1572156197, 0, 911, 1308, 1043, 201, 4.83%, 0, 0, 5, 1943.30
1572156263, 0, 911, 1309, 1044, 201, 4.83%, 0, 0, 5, 1813.37
1572156391, 0, 911, 1310, 1045, 201, 4.84%, 0, 0, 5, 1859.82
1572156411, 0, 912, 1310, 1044, 202, 4.84%, 0, 0, 5, 1889.90
1572156431, 0, 912, 1312, 1046, 202, 4.84%, 0, 0, 5, 1686.22
1572156442, 0, 912, 1332, 1066, 202, 4.90%, 0, 0, 5, 1673.70
1572156477, 0, 912, 1340, 1074, 202, 4.90%, 0, 0, 5, 1046.35
1572156513, 0, 912, 1347, 1081, 202, 4.91%, 0, 0, 5, 1316.91
1572156523, 0, 912, 1350, 1084, 202, 4.91%, 0, 0, 5, 1853.89
1572156533, 0, 912, 1352, 1086, 202, 4.92%, 0, 0, 5, 1793.60
1572156543, 0, 912, 1353, 1087, 202, 4.92%, 0, 0, 5, 1822.15
1572156554, 0, 912, 1358, 1092, 202, 4.92%, 0, 0, 5, 2081.36
1572156594, 0, 912, 1359, 1093, 202, 4.92%, 0, 0, 5, 794.40
1572156635, 0, 912, 1361, 1095, 202, 4.92%, 0, 0, 5, 1832.45
1572156645, 0, 912, 1363, 1097, 202, 4.93%, 0, 0, 5, 491.21
1572156665, 0, 912, 1367, 1101, 202, 4.93%, 0, 0, 5, 1687.97
1572156686, 0, 912, 1368, 1102, 202, 4.93%, 0, 0, 5, 1813.38
1572156706, 0, 912, 1369, 1103, 202, 4.93%, 0, 0, 5, 1733.34
1572156711, 0, 916, 1369, 1102, 214, 4.93%, 0, 0, 5, 1968.83
1572156742, 0, 916, 1370, 1103, 214, 4.93%, 0, 0, 5, 1870.90
1572156990, 0, 917, 1370, 1102, 214, 4.93%, 0, 0, 5, 1933.69
1572157026, 0, 917, 1371, 1103, 214, 4.94%, 0, 0, 5, 1778.75
1572157046, 0, 917, 1372, 1104, 214, 4.95%, 0, 0, 5, 1839.93
1572157280, 0, 930, 1373, 1104, 215, 4.95%, 0, 0, 5, 1940.08
1572157376, 0, 930, 1375, 1106, 215, 4.95%, 0, 0, 5, 1980.43
1572157483, 0, 935, 1375, 1105, 214, 4.95%, 0, 0, 5, 1984.08
1572157488, 0, 935, 1376, 1106, 214, 4.95%, 0, 0, 5, 1845.92
1572157513, 0, 935, 1380, 1110, 214, 4.95%, 0, 0, 5, 1883.47
1572157518, 0, 935, 1382, 1112, 214, 4.95%, 0, 0, 5, 1806.85
1572157772, 0, 943, 1382, 1111, 214, 4.95%, 0, 0, 5, 1896.36
1572157802, 0, 943, 1387, 1116, 214, 4.95%, 0, 0, 5, 1743.68
1572158060, 0, 944, 1387, 1115, 214, 4.95%, 0, 0, 5, 1980.03
1572158091, 0, 944, 1392, 1120, 214, 4.95%, 0, 0, 5, 1905.66
1572158345, 0, 950, 1392, 1119, 214, 4.95%, 0, 0, 5, 2008.35
1572158376, 0, 950, 1397, 1124, 214, 4.95%, 0, 0, 5, 1764.49
1572158634, 0, 951, 1397, 1123, 214, 4.95%, 0, 0, 5, 1837.71
1572158665, 0, 951, 1402, 1128, 214, 4.95%, 0, 0, 5, 1821.93
1572158877, 0, 952, 1402, 1127, 214, 4.95%, 0, 0, 5, 2542.29
1572158897, 0, 952, 1407, 1132, 214, 4.95%, 0, 0, 5, 2535.37
1572159100, 0, 953, 1407, 1131, 214, 4.95%, 0, 0, 5, 2287.58
1572159120, 0, 953, 1412, 1136, 214, 4.95%, 0, 0, 5, 2499.50
1572159307, 0, 961, 1412, 1135, 214, 4.95%, 0, 0, 5, 2392.47
1572159465, 0, 966, 1412, 1134, 213, 4.95%, 0, 0, 5, 2534.09
1572159617, 0, 970, 1412, 1133, 212, 4.95%, 0, 0, 5, 2598.63
1572159633, 0, 970, 1413, 1134, 212, 4.95%, 0, 0, 5, 2849.76
1572159648, 0, 970, 1414, 1135, 212, 4.95%, 0, 0, 5, 2736.73
1572159729, 0, 971, 1415, 1135, 212, 4.95%, 0, 0, 5, 2533.58
1572159871, 0, 972, 1416, 1135, 211, 4.95%, 0, 0, 5, 2508.38
1572159983, 0, 973, 1417, 1135, 210, 4.95%, 0, 0, 5, 2497.51
1572159998, 0, 973, 1418, 1136, 210, 4.95%, 0, 0, 5, 2655.31
1572160105, 0, 974, 1418, 1135, 210, 4.95%, 0, 0, 5, 2721.43
1572160120, 0, 974, 1419, 1136, 210, 4.95%, 0, 0, 5, 2607.02
1572160217, 0, 975, 1420, 1136, 210, 4.95%, 0, 0, 5, 2789.21
1572160232, 0, 975, 1421, 1137, 210, 4.95%, 0, 0, 5, 2520.33
1572160333, 0, 976, 1422, 1137, 210, 4.95%, 0, 0, 5, 2842.47
1572160349, 0, 976, 1423, 1138, 210, 4.95%, 0, 0, 5, 2833.64
1572160445, 0, 978, 1424, 1138, 210, 4.95%, 0, 0, 5, 2531.39
1572160466, 0, 978, 1425, 1139, 210, 4.95%, 0, 0, 5, 2725.99
1572160562, 0, 979, 1425, 1138, 209, 4.95%, 0, 0, 5, 2634.22
1572160567, 0, 979, 1426, 1139, 209, 4.95%, 0, 0, 5, 2769.01
1572160583, 0, 979, 1427, 1140, 209, 4.95%, 0, 0, 5, 2495.00
1572160684, 0, 980, 1428, 1140, 209, 4.95%, 0, 0, 5, 3041.26
1572160700, 0, 980, 1429, 1141, 209, 4.95%, 0, 0, 5, 2512.90
1572160807, 0, 981, 1429, 1140, 209, 4.95%, 0, 0, 5, 2529.54
1572160812, 0, 981, 1430, 1141, 209, 4.95%, 0, 0, 5, 2505.18
1572160827, 0, 981, 1431, 1142, 209, 4.95%, 0, 0, 5, 2857.21
1572160934, 0, 983, 1431, 1141, 208, 4.95%, 0, 0, 5, 2547.29
1572160944, 0, 983, 1432, 1142, 208, 4.95%, 0, 0, 5, 2417.28
1572161076, 0, 984, 1432, 1141, 207, 4.95%, 0, 0, 5, 2417.08
1572161188, 0, 985, 1432, 1140, 206, 4.95%, 0, 0, 5, 3055.51
1572161208, 0, 986, 1435, 1142, 205, 4.96%, 0, 0, 5, 2626.05
1572161213, 0, 988, 1435, 1140, 204, 4.96%, 0, 0, 5, 2888.23
1572161218, 0, 989, 1435, 1139, 203, 4.96%, 0, 0, 5, 2813.07
1572161335, 0, 989, 1436, 1140, 203, 4.96%, 0, 0, 5, 2436.09
1572161451, 0, 993, 1436, 1139, 202, 4.96%, 0, 0, 5, 2226.19
1572161482, 0, 995, 1437, 1139, 201, 4.96%, 0, 0, 5, 2202.91
1572161563, 0, 996, 1437, 1138, 201, 4.96%, 0, 0, 5, 2098.34
1572161578, 0, 996, 1438, 1139, 201, 4.96%, 0, 0, 5, 2361.74
1572161644, 0, 997, 1439, 1139, 201, 4.97%, 0, 0, 5, 2433.82
1572161659, 0, 997, 1440, 1140, 201, 4.97%, 0, 0, 5, 2556.99
1572161725, 0, 998, 1440, 1139, 202, 4.97%, 0, 0, 5, 2625.02
1572161740, 0, 998, 1441, 1140, 202, 4.97%, 0, 0, 5, 2605.55
1572161807, 0, 999, 1442, 1140, 202, 4.97%, 0, 0, 5, 2304.31
1572161822, 0, 999, 1443, 1141, 202, 4.97%, 0, 0, 5, 2485.20
1572161832, 0, 999, 1444, 1142, 202, 4.98%, 0, 0, 5, 2346.92
1572161888, 0, 1000, 1444, 1141, 204, 4.98%, 0, 0, 5, 2620.60
1572161903, 0, 1000, 1445, 1142, 204, 4.98%, 0, 0, 5, 2652.44
1572161965, 0, 1001, 1445, 1141, 204, 4.98%, 0, 0, 5, 2615.86
1572162050, 0, 1005, 1445, 1140, 203, 4.98%, 0, 0, 5, 2731.26
1572162183, 0, 1006, 1445, 1139, 202, 4.98%, 0, 0, 5, 2621.80
1572162325, 0, 1010, 1445, 1138, 201, 4.98%, 0, 0, 5, 2771.87
1572162482, 0, 1011, 1445, 1137, 200, 4.98%, 0, 0, 5, 2261.16
1572162645, 0, 1012, 1445, 1136, 199, 4.98%, 0, 0, 5, 2702.12
1572162807, 0, 1013, 1445, 1135, 198, 4.98%, 0, 0, 5, 2498.35
1572162828, 0, 1013, 1446, 1136, 198, 4.98%, 0, 0, 5, 2473.21
1572162965, 0, 1014, 1446, 1135, 197, 4.98%, 0, 0, 5, 2776.63
1572162985, 0, 1014, 1447, 1136, 197, 4.98%, 0, 0, 5, 2621.85
1572163128, 0, 1016, 1448, 1136, 196, 4.98%, 0, 0, 5, 2721.95
1572163148, 0, 1016, 1449, 1137, 196, 4.98%, 0, 0, 5, 2685.67
1572163290, 0, 1021, 1449, 1136, 195, 4.98%, 0, 0, 5, 2278.25
1572163452, 0, 1022, 1449, 1135, 194, 4.98%, 0, 0, 5, 2738.23
1572163609, 0, 1028, 1450, 1135, 193, 4.98%, 0, 0, 5, 2446.43
1572163629, 0, 1028, 1453, 1138, 193, 4.98%, 0, 0, 5, 2303.80
1572163711, 0, 1028, 1454, 1139, 193, 4.98%, 0, 0, 5, 2522.99
1572163802, 0, 1031, 1454, 1138, 193, 4.98%, 0, 0, 5, 2711.59
1572163949, 0, 1032, 1454, 1137, 192, 4.98%, 0, 0, 5, 2806.48
1572163975, 0, 1032, 1455, 1138, 192, 4.98%, 0, 0, 5, 2658.18
1572164036, 0, 1032, 1456, 1139, 192, 4.98%, 0, 0, 5, 2682.63
1572164117, 0, 1033, 1456, 1138, 191, 4.98%, 0, 0, 5, 2665.47
1572164122, 0, 1033, 1457, 1139, 191, 4.98%, 0, 0, 5, 2678.31
1572164138, 0, 1033, 1459, 1141, 191, 4.98%, 0, 0, 5, 2659.17
1572164143, 0, 1033, 1460, 1142, 191, 4.98%, 0, 0, 5, 2521.06
1572164163, 0, 1033, 1462, 1144, 191, 4.98%, 0, 0, 5, 2655.67
1572164199, 0, 1033, 1463, 1145, 191, 4.98%, 0, 0, 5, 2547.93
1572164204, 0, 1033, 1464, 1146, 191, 4.98%, 0, 0, 5, 2456.90
1572164290, 0, 1034, 1465, 1146, 190, 4.98%, 0, 0, 5, 2495.29
1572164315, 0, 1034, 1467, 1148, 190, 4.98%, 0, 0, 5, 2647.32
1572164472, 0, 1036, 1467, 1147, 190, 4.98%, 0, 0, 5, 2665.08
1572164493, 0, 1036, 1468, 1148, 190, 4.98%, 0, 0, 5, 2486.96
1572164518, 0, 1036, 1470, 1150, 190, 4.98%, 0, 0, 5, 2240.48
1572164554, 0, 1036, 1472, 1152, 190, 4.98%, 0, 0, 5, 2306.32
1572164620, 0, 1036, 1475, 1155, 190, 4.98%, 0, 0, 5, 2677.73
1572164631, 0, 1037, 1475, 1154, 191, 4.98%, 0, 0, 5, 2741.29
1572164651, 0, 1037, 1476, 1155, 191, 4.98%, 0, 0, 5, 2513.14
1572164793, 0, 1040, 1476, 1154, 191, 4.98%, 0, 0, 5, 2314.63
1572164818, 0, 1040, 1478, 1156, 191, 4.98%, 0, 0, 5, 2440.46
1572164904, 0, 1040, 1479, 1157, 191, 4.98%, 0, 0, 5, 2493.77
1572165006, 0, 1043, 1479, 1156, 191, 4.98%, 0, 0, 5, 2691.94
1572165026, 0, 1043, 1482, 1159, 191, 4.98%, 0, 0, 5, 2480.58
1572165031, 0, 1043, 1484, 1161, 191, 4.98%, 0, 0, 5, 2338.89
1572165052, 0, 1043, 1486, 1163, 191, 4.98%, 0, 0, 5, 2527.04
1572165057, 0, 1043, 1488, 1165, 191, 4.98%, 0, 0, 5, 2572.85
1572165077, 0, 1043, 1489, 1166, 191, 4.98%, 0, 0, 5, 2282.21
1572165098, 0, 1043, 1490, 1167, 191, 4.98%, 0, 0, 5, 2514.80
1572165103, 0, 1043, 1491, 1168, 191, 4.98%, 0, 0, 5, 2553.70
1572165200, 0, 1044, 1491, 1167, 191, 4.98%, 0, 0, 5, 2289.77
1572165225, 0, 1044, 1494, 1170, 191, 4.98%, 0, 0, 5, 2309.91
1572165281, 0, 1044, 1495, 1171, 191, 4.98%, 0, 0, 5, 2258.45
1572165296, 0, 1044, 1496, 1172, 191, 4.98%, 0, 0, 5, 2237.08
1572165377, 0, 1044, 1497, 1173, 191, 4.98%, 0, 0, 5, 2509.92
1572165402, 0, 1046, 1497, 1172, 190, 4.98%, 0, 0, 5, 2250.56
1572165620, 0, 1055, 1497, 1171, 189, 4.98%, 0, 0, 5, 2273.94
1572165625, 0, 1055, 1501, 1175, 189, 4.99%, 0, 0, 5, 1806.36
1572165651, 0, 1055, 1504, 1178, 189, 5.00%, 0, 0, 5, 1703.46
1572165656, 0, 1055, 1516, 1190, 189, 5.01%, 0, 0, 5, 1647.32
1572165686, 0, 1055, 1519, 1193, 189, 5.01%, 0, 0, 5, 2060.85
1572165717, 0, 1055, 1521, 1195, 189, 5.01%, 0, 0, 5, 1793.93
1572165722, 0, 1055, 1524, 1198, 189, 5.02%, 0, 0, 5, 1968.20
1572165737, 0, 1055, 1526, 1200, 189, 5.03%, 0, 0, 5, 2134.21
1572165742, 0, 1055, 1528, 1202, 189, 5.03%, 0, 0, 5, 2143.88
1572165747, 0, 1055, 1533, 1207, 189, 5.04%, 0, 0, 5, 1852.80
1572165762, 0, 1055, 1534, 1208, 189, 5.04%, 0, 0, 5, 2031.44
1572165869, 0, 1055, 1535, 1209, 189, 5.04%, 0, 0, 5, 2061.51
1572165894, 0, 1056, 1535, 1208, 201, 5.04%, 0, 0, 5, 2056.28
1572165920, 0, 1056, 1537, 1210, 201, 5.04%, 0, 0, 5, 2085.67
1572166066, 0, 1056, 1538, 1211, 201, 5.04%, 0, 0, 5, 2193.95
1572166092, 0, 1058, 1539, 1211, 201, 5.04%, 0, 0, 5, 2489.92
1572166284, 0, 1064, 1540, 1211, 201, 5.04%, 0, 0, 5, 2516.56
1572166360, 0, 1064, 1541, 1212, 201, 5.04%, 0, 0, 5, 2196.88
1572166472, 0, 1065, 1542, 1212, 200, 5.04%, 0, 0, 5, 2459.53
1572166553, 0, 1065, 1543, 1213, 200, 5.04%, 0, 0, 5, 2372.06
1572166670, 0, 1066, 1543, 1212, 200, 5.04%, 0, 0, 5, 2428.83
1572166721, 0, 1066, 1544, 1213, 200, 5.04%, 0, 0, 5, 2402.98
1572166863, 0, 1067, 1544, 1212, 199, 5.04%, 0, 0, 5, 2674.37
1572166883, 0, 1067, 1545, 1213, 199, 5.05%, 0, 0, 5, 2194.42
1572167045, 0, 1072, 1546, 1213, 199, 5.05%, 0, 0, 5, 2705.80
1572167065, 0, 1072, 1547, 1214, 199, 5.05%, 0, 0, 5, 2664.89
1572167222, 0, 1075, 1548, 1214, 199, 5.05%, 0, 0, 5, 2390.23
1572167319, 0, 1075, 1549, 1215, 199, 5.05%, 0, 0, 5, 517.34
1572167420, 0, 1078, 1549, 1214, 199, 5.05%, 0, 0, 5, 2159.27
1572167425, 0, 1078, 1550, 1215, 199, 5.05%, 0, 0, 5, 2359.49
1572167507, 0, 1078, 1551, 1216, 199, 5.05%, 0, 0, 5, 2105.68
1572167623, 0, 1080, 1552, 1216, 199, 5.05%, 0, 0, 5, 2312.23
1572167704, 0, 1080, 1553, 1217, 199, 5.05%, 0, 0, 5, 2553.34
1572167811, 0, 1081, 1553, 1216, 198, 5.05%, 0, 0, 5, 2335.55
1572167836, 0, 1081, 1554, 1217, 198, 5.05%, 0, 0, 5, 2448.05
1572167861, 0, 1081, 1555, 1218, 198, 5.05%, 0, 0, 5, 2277.07
1572167912, 0, 1081, 1556, 1219, 198, 5.05%, 0, 0, 5, 2472.29
1572168003, 0, 1081, 1557, 1220, 198, 5.05%, 0, 0, 5, 2337.73
1572168008, 0, 1082, 1557, 1219, 198, 5.05%, 0, 0, 5, 2303.60
1572168028, 0, 1082, 1561, 1223, 198, 5.05%, 0, 0, 5, 2243.36
1572168054, 0, 1082, 1563, 1225, 198, 5.05%, 0, 0, 5, 2487.02
1572168095, 0, 1082, 1569, 1231, 198, 5.05%, 0, 0, 5, 271.70
1572168156, 0, 1082, 1570, 1232, 198, 5.05%, 0, 0, 5, 2548.77
1572168191, 0, 1092, 1571, 1232, 197, 5.05%, 0, 0, 5, 2430.54
1572168207, 0, 1092, 1573, 1234, 197, 5.05%, 0, 0, 5, 1874.80
1572168217, 0, 1092, 1576, 1237, 197, 5.06%, 0, 0, 5, 2119.46
1572168222, 0, 1092, 1577, 1238, 197, 5.06%, 0, 0, 5, 2050.54
1572168298, 0, 1092, 1578, 1239, 197, 5.06%, 0, 0, 5, 1972.63
1572168323, 0, 1092, 1579, 1240, 197, 5.07%, 0, 0, 5, 1998.00
1572168460, 0, 1095, 1579, 1239, 199, 5.07%, 0, 0, 5, 2199.09
1572168480, 0, 1095, 1580, 1240, 199, 5.07%, 0, 0, 5, 2420.80
1572168541, 0, 1095, 1581, 1241, 199, 5.07%, 0, 0, 5, 2204.49
1572168648, 0, 1098, 1581, 1240, 198, 5.07%, 0, 0, 5, 2636.90
1572168800, 0, 1098, 1582, 1241, 198, 5.07%, 0, 0, 5, 2264.39
1572168835, 0, 1106, 1582, 1240, 197, 5.07%, 0, 0, 5, 2448.98
1572168937, 0, 1106, 1583, 1241, 197, 5.07%, 0, 0, 5, 2625.11
1572169018, 0, 1107, 1583, 1240, 197, 5.07%, 0, 0, 5, 2403.80
1572169109, 0, 1107, 1584, 1241, 197, 5.07%, 0, 0, 5, 2332.61
1572169205, 0, 1108, 1584, 1240, 196, 5.07%, 0, 0, 5, 2631.98
1572169377, 0, 1109, 1584, 1239, 195, 5.07%, 0, 0, 5, 2664.33
1572169402, 0, 1109, 1585, 1240, 195, 5.07%, 0, 0, 5, 2391.18
1572169453, 0, 1109, 1586, 1241, 195, 5.07%, 0, 0, 5, 2236.50
1572169468, 0, 1109, 1587, 1242, 195, 5.07%, 0, 0, 5, 2503.90
1572169529, 0, 1109, 1588, 1243, 195, 5.07%, 0, 0, 5, 2234.02
1572169565, 0, 1110, 1588, 1242, 195, 5.07%, 0, 0, 5, 2495.88
1572169666, 0, 1110, 1589, 1243, 195, 5.07%, 0, 0, 5, 2721.24
1572169748, 0, 1111, 1589, 1242, 195, 5.07%, 0, 0, 5, 2402.67
1572169926, 0, 1112, 1589, 1241, 194, 5.07%, 0, 0, 5, 2535.95
1572169946, 0, 1112, 1590, 1242, 194, 5.08%, 0, 0, 5, 2421.27
1572170073, 0, 1112, 1591, 1243, 194, 5.08%, 0, 0, 5, 2595.75
1572170108, 0, 1113, 1591, 1242, 194, 5.08%, 0, 0, 5, 2714.95
1572170154, 0, 1113, 1592, 1243, 194, 5.08%, 0, 0, 5, 2357.97
1572170296, 0, 1116, 1592, 1242, 194, 5.08%, 0, 0, 5, 2441.48
1572170499, 0, 1116, 1593, 1243, 194, 5.08%, 0, 0, 5, 2151.61
1572170530, 0, 1118, 1593, 1242, 193, 5.08%, 0, 0, 5, 2407.50
1572170555, 0, 1118, 1594, 1243, 193, 5.08%, 0, 0, 5, 2327.44
1572170758, 0, 1120, 1594, 1242, 192, 5.08%, 0, 0, 5, 2644.50
1572170763, 0, 1121, 1595, 1242, 192, 5.08%, 0, 0, 5, 2573.89
1572170768, 0, 1121, 1597, 1244, 192, 5.09%, 0, 0, 5, 2641.94
1572170773, 0, 1122, 1597, 1243, 193, 5.09%, 0, 0, 5, 2619.79
1572170779, 0, 1123, 1599, 1244, 192, 5.09%, 0, 0, 5, 2671.50
1572170784, 0, 1124, 1599, 1243, 193, 5.09%, 0, 0, 5, 2825.58
1572170789, 0, 1126, 1599, 1242, 192, 5.09%, 0, 0, 5, 2962.75
1572170794, 0, 1127, 1601, 1243, 192, 5.09%, 0, 0, 5, 2993.36
1572170799, 0, 1128, 1601, 1242, 191, 5.09%, 0, 0, 5, 2966.67
1572170809, 0, 1129, 1603, 1243, 190, 5.09%, 0, 0, 5, 3029.12
1572170814, 0, 1129, 1608, 1248, 190, 5.15%, 0, 0, 5, 2916.42
1572170819, 0, 1131, 1608, 1247, 195, 5.15%, 0, 0, 5, 2488.68
1572170824, 0, 1133, 1608, 1246, 194, 5.15%, 0, 0, 5, 2916.74
1572170829, 0, 1133, 1609, 1247, 194, 5.15%, 0, 0, 5, 2757.62
1572170834, 0, 1134, 1609, 1246, 194, 5.15%, 0, 0, 5, 2739.99
1572170839, 0, 1135, 1609, 1245, 193, 5.15%, 0, 0, 5, 2655.93
1572170845, 0, 1137, 1609, 1244, 192, 5.15%, 0, 0, 5, 2665.37
1572170921, 0, 1137, 1610, 1245, 192, 5.15%, 0, 0, 5, 2647.80
1572171027, 0, 1144, 1610, 1244, 191, 5.15%, 0, 0, 5, 2598.71
1572171230, 0, 1148, 1610, 1243, 190, 5.15%, 0, 0, 5, 2563.07
1572171256, 0, 1148, 1611, 1244, 190, 5.15%, 0, 0, 5, 2271.00
1572171317, 0, 1148, 1612, 1245, 190, 5.15%, 0, 0, 5, 2623.67
1572171443, 0, 1149, 1612, 1244, 189, 5.15%, 0, 0, 5, 2458.33
1572171539, 0, 1149, 1614, 1246, 189, 5.15%, 0, 0, 5, 2293.39
1572171549, 0, 1149, 1616, 1248, 189, 5.15%, 0, 0, 5, 2434.95
1572171670, 0, 1151, 1616, 1247, 188, 5.15%, 0, 0, 5, 2478.68
1572171813, 0, 1151, 1617, 1248, 188, 5.16%, 0, 0, 5, 2719.75
1572171828, 0, 1159, 1617, 1247, 188, 5.16%, 0, 0, 5, 2210.77
1572171930, 0, 1159, 1618, 1248, 188, 5.16%, 0, 0, 5, 2381.85
1572172046, 0, 1161, 1618, 1247, 188, 5.16%, 0, 0, 5, 2603.58
1572172147, 0, 1161, 1619, 1248, 188, 5.16%, 0, 0, 5, 2106.43
1572172152, 0, 1161, 1620, 1249, 188, 5.16%, 0, 0, 5, 2431.48
1572172254, 0, 1162, 1620, 1248, 189, 5.16%, 0, 0, 5, 2581.53
1572172350, 0, 1162, 1621, 1249, 189, 5.16%, 0, 0, 5, 2497.49
1572172457, 0, 1163, 1621, 1248, 189, 5.16%, 0, 0, 5, 2154.10
1572172558, 0, 1163, 1622, 1249, 189, 5.17%, 0, 0, 5, 2467.37
1572172665, 0, 1164, 1622, 1248, 189, 5.17%, 0, 0, 5, 2342.39
1572172766, 0, 1164, 1623, 1249, 189, 5.17%, 0, 0, 5, 2523.73
1572172868, 0, 1165, 1623, 1248, 189, 5.17%, 0, 0, 5, 2467.29
1572172919, 0, 1165, 1624, 1249, 189, 5.17%, 0, 0, 5, 2536.27
1572173081, 0, 1175, 1624, 1248, 189, 5.17%, 0, 0, 5, 2233.81
1572173112, 0, 1175, 1631, 1255, 189, 5.18%, 0, 0, 5, 2072.20
1572173137, 0, 1175, 1633, 1257, 189, 5.18%, 0, 0, 5, 2001.44
1572173198, 0, 1175, 1634, 1258, 189, 5.18%, 0, 0, 5, 1978.26
1572173325, 0, 1176, 1634, 1257, 187, 5.18%, 0, 0, 5, 2494.75
1572173544, 0, 1178, 1634, 1256, 186, 5.18%, 0, 0, 5, 2467.25
1572173565, 0, 1178, 1635, 1257, 186, 5.18%, 0, 0, 5, 2439.33
1572173767, 0, 1182, 1636, 1257, 186, 5.18%, 0, 0, 5, 2402.37
1572173980, 0, 1184, 1637, 1257, 186, 5.18%, 0, 0, 5, 2556.03
1572174193, 0, 1188, 1637, 1256, 185, 5.18%, 0, 0, 5, 2111.44
1572174422, 0, 1189, 1638, 1256, 184, 5.18%, 0, 0, 5, 2663.44
1572174569, 0, 1191, 1639, 1256, 184, 5.18%, 0, 0, 5, 2856.24
1572174725, 0, 1194, 1639, 1255, 184, 5.18%, 0, 0, 5, 2518.59
1572174877, 0, 1195, 1639, 1254, 183, 5.18%, 0, 0, 5, 2341.07
1572174882, 0, 1195, 1640, 1255, 183, 5.18%, 0, 0, 5, 2466.30
1572175035, 0, 1197, 1641, 1255, 183, 5.18%, 0, 0, 5, 2691.22
1572175182, 0, 1198, 1642, 1255, 183, 5.18%, 0, 0, 5, 2656.04
1572175345, 0, 1199, 1643, 1255, 182, 5.18%, 0, 0, 5, 2458.80
1572175502, 0, 1200, 1644, 1255, 181, 5.18%, 0, 0, 5, 2487.84
1572175654, 0, 1200, 1645, 1256, 181, 5.18%, 0, 0, 5, 2203.42
1572175680, 0, 1202, 1645, 1255, 181, 5.18%, 0, 0, 5, 2065.80
1572175710, 0, 1202, 1646, 1256, 181, 5.19%, 0, 0, 5, 1740.05
1572175827, 0, 1202, 1647, 1257, 181, 5.19%, 0, 0, 5, 1856.64
1572175868, 0, 1202, 1648, 1258, 181, 5.19%, 0, 0, 5, 1650.54
1572175898, 0, 1206, 1649, 1258, 182, 5.19%, 0, 0, 5, 1942.58
1572176122, 0, 1207, 1651, 1259, 182, 5.19%, 0, 0, 5, 2291.05
1572176142, 0, 1207, 1653, 1261, 182, 5.20%, 0, 0, 5, 2434.57
1572176172, 0, 1207, 1654, 1262, 182, 5.20%, 0, 0, 5, 2321.38
1572176279, 0, 1207, 1655, 1263, 182, 5.20%, 0, 0, 5, 1817.35
1572176320, 0, 1209, 1655, 1262, 185, 5.20%, 0, 0, 5, 1999.96
1572176350, 0, 1210, 1658, 1264, 184, 5.20%, 0, 0, 5, 1992.18
1572176360, 0, 1210, 1660, 1266, 184, 5.20%, 0, 0, 5, 2011.04
1572176426, 0, 1211, 1662, 1267, 185, 5.20%, 0, 0, 5, 1958.65
1572176487, 0, 1219, 1662, 1266, 184, 5.20%, 0, 0, 5, 2082.62
1572176492, 0, 1219, 1663, 1267, 184, 5.20%, 0, 0, 5, 2043.69
1572176517, 0, 1220, 1663, 1266, 184, 5.20%, 0, 0, 5, 1986.76
1572176618, 0, 1242, 1663, 1265, 183, 5.20%, 0, 0, 5, 1969.78
1572176623, 0, 1242, 1667, 1269, 183, 5.22%, 0, 0, 5, 2009.83
1572176628, 0, 1242, 1671, 1273, 183, 5.23%, 0, 0, 5, 2151.67
1572176654, 0, 1243, 1671, 1272, 190, 5.23%, 0, 0, 5, 1889.15
1572176734, 0, 1243, 1672, 1273, 190, 5.23%, 0, 0, 5, 2013.08
1572176750, 0, 1244, 1672, 1272, 189, 5.23%, 0, 0, 5, 2008.44
1572176851, 0, 1245, 1672, 1271, 188, 5.23%, 0, 0, 5, 1819.28
1572176953, 0, 1246, 1674, 1272, 187, 5.23%, 0, 0, 5, 1907.85
1572177049, 0, 1247, 1674, 1271, 187, 5.23%, 0, 0, 5, 1949.64
1572177151, 0, 1248, 1674, 1270, 186, 5.23%, 0, 0, 5, 1956.65
1572177252, 0, 1250, 1674, 1269, 185, 5.23%, 0, 0, 5, 1961.07
1572177333, 0, 1250, 1675, 1270, 185, 5.23%, 0, 0, 5, 2015.28
1572177349, 0, 1251, 1675, 1269, 185, 5.23%, 0, 0, 5, 1955.57
1572177354, 0, 1251, 1676, 1270, 185, 5.23%, 0, 0, 5, 2147.67
1572177384, 0, 1252, 1676, 1269, 184, 5.23%, 0, 0, 5, 2039.75
1572177485, 0, 1253, 1676, 1268, 183, 5.23%, 0, 0, 5, 1900.53
1572177586, 0, 1254, 1676, 1267, 182, 5.23%, 0, 0, 5, 2003.55
1572177622, 0, 1255, 1676, 1266, 181, 5.23%, 0, 0, 5, 1934.37
1572177718, 0, 1256, 1676, 1265, 180, 5.23%, 0, 0, 5, 1804.50
1572177764, 0, 1257, 1676, 1264, 179, 5.23%, 0, 0, 5, 2074.03
1572177799, 0, 1259, 1676, 1263, 178, 5.23%, 0, 0, 5, 2104.40
1572177825, 0, 1259, 1678, 1265, 178, 5.23%, 0, 0, 5, 1972.96
1572177972, 0, 1261, 1678, 1264, 177, 5.23%, 0, 0, 5, 2063.54
1572177977, 0, 1261, 1679, 1265, 177, 5.23%, 0, 0, 5, 1613.65
1572178007, 0, 1261, 1682, 1268, 177, 5.23%, 0, 0, 5, 1592.74
1572178104, 0, 1261, 1683, 1269, 177, 5.23%, 0, 0, 5, 1940.56
1572178267, 0, 1261, 1684, 1270, 177, 5.23%, 0, 0, 5, 1683.86
1572178297, 0, 1262, 1684, 1269, 178, 5.23%, 0, 0, 5, 1938.63
1572178322, 0, 1262, 1686, 1271, 178, 5.23%, 0, 0, 5, 2101.55
1572178485, 0, 1266, 1687, 1271, 178, 5.23%, 0, 0, 5, 2109.57
1572178520, 0, 1268, 1687, 1270, 177, 5.23%, 0, 0, 5, 2039.43
1572178530, 0, 1269, 1687, 1269, 176, 5.23%, 0, 0, 5, 2048.15
1572178571, 0, 1270, 1687, 1268, 175, 5.23%, 0, 0, 5, 2084.83
1572178596, 0, 1271, 1687, 1267, 174, 5.23%, 0, 0, 5, 1962.90
1572178627, 0, 1273, 1687, 1266, 173, 5.23%, 0, 0, 5, 2109.47
1572178632, 0, 1274, 1689, 1267, 174, 5.24%, 0, 0, 6, 2189.95
1572178637, 0, 1275, 1691, 1268, 175, 5.25%, 0, 0, 6, 2246.18
1572178647, 0, 1276, 1692, 1268, 174, 5.26%, 0, 0, 6, 2201.12
1572178652, 0, 1277, 1694, 1269, 174, 5.27%, 0, 0, 6, 2224.25
1572178662, 0, 1278, 1697, 1271, 175, 5.27%, 0, 0, 6, 2231.76
1572178667, 0, 1279, 1698, 1271, 178, 5.28%, 0, 0, 6, 2311.70
1572178672, 0, 1280, 1698, 1270, 177, 5.28%, 0, 0, 6, 2290.50
1572178683, 0, 1281, 1698, 1269, 176, 5.28%, 0, 0, 6, 2180.61
1572178688, 0, 1282, 1698, 1268, 175, 5.28%, 0, 0, 6, 2153.47
1572178698, 0, 1286, 1707, 1275, 173, 5.29%, 0, 0, 6, 2074.19
1572178703, 0, 1286, 1712, 1280, 173, 5.33%, 0, 0, 6, 2045.81
1572178708, 0, 1286, 1713, 1281, 173, 5.33%, 0, 0, 6, 2006.29
1572178713, 0, 1288, 1713, 1280, 179, 5.33%, 0, 0, 6, 2201.90
1572178718, 0, 1297, 1713, 1279, 178, 5.33%, 0, 0, 6, 2137.60
1572178744, 0, 1297, 1716, 1282, 178, 5.33%, 0, 0, 6, 1834.63
1572178749, 0, 1297, 1718, 1284, 178, 5.33%, 0, 0, 6, 1825.13
1572179012, 0, 1302, 1718, 1283, 177, 5.33%, 0, 0, 6, 1945.18
1572179214, 0, 1303, 1718, 1282, 176, 5.33%, 0, 0, 6, 1973.61
1572179462, 0, 1304, 1719, 1282, 175, 5.33%, 0, 0, 6, 2065.91
1572179539, 0, 1308, 1721, 1283, 175, 5.33%, 0, 0, 6, 2088.06
1572179781, 0, 1315, 1721, 1282, 174, 5.33%, 0, 0, 6, 1970.24
1572179878, 0, 1315, 1722, 1283, 174, 5.33%, 0, 0, 6, 1964.33
1572180010, 0, 1318, 1722, 1282, 173, 5.33%, 0, 0, 6, 1901.22
1572180040, 0, 1318, 1725, 1285, 173, 5.33%, 0, 0, 6, 1751.26
1572180076, 0, 1318, 1726, 1286, 173, 5.33%, 0, 0, 6, 1781.12
1572180234, 0, 1318, 1727, 1287, 173, 5.33%, 0, 0, 6, 1817.85
1572180305, 0, 1341, 1727, 1286, 171, 5.33%, 0, 0, 6, 1860.17
1572180335, 0, 1341, 1728, 1287, 171, 5.33%, 0, 0, 6, 1676.39
1572180564, 0, 1341, 1730, 1289, 171, 5.33%, 0, 0, 6, 1694.72
1572180599, 0, 1341, 1732, 1291, 171, 5.33%, 0, 0, 6, 1777.85
1572180609, 0, 1353, 1732, 1290, 171, 5.33%, 0, 0, 6, 1714.41
1572180635, 0, 1353, 1733, 1291, 171, 5.33%, 0, 0, 6, 1819.58
1572180899, 0, 1362, 1734, 1291, 170, 5.33%, 0, 0, 6, 1134.30
1572180965, 0, 1362, 1737, 1294, 170, 5.33%, 0, 0, 6, 877.07
1572180970, 0, 1362, 1738, 1295, 170, 5.33%, 0, 0, 6, 837.93
1572181052, 0, 1362, 1739, 1296, 170, 5.33%, 0, 0, 6, 857.30
1572181123, 0, 1362, 1740, 1297, 170, 5.33%, 0, 0, 6, 867.34
1572181174, 0, 1362, 1741, 1298, 170, 5.33%, 0, 0, 6, 793.43
1572181549, 0, 1365, 1742, 1298, 170, 5.33%, 0, 0, 6, 1558.37
1572181579, 0, 1365, 1746, 1302, 170, 5.33%, 0, 0, 6, 1721.72
1572181585, 0, 1365, 1747, 1303, 170, 5.33%, 0, 0, 6, 1635.24
1572181671, 0, 1365, 1750, 1306, 170, 5.33%, 0, 0, 6, 1731.03
1572181681, 0, 1365, 1751, 1307, 170, 5.33%, 0, 0, 6, 1714.87
1572181874, 0, 1369, 1751, 1306, 168, 5.33%, 0, 0, 6, 1881.26
1572181905, 0, 1369, 1752, 1307, 168, 5.33%, 0, 0, 6, 1772.51
1572182168, 0, 1370, 1753, 1307, 167, 5.33%, 0, 0, 6, 1836.22
1572182458, 0, 1371, 1753, 1306, 167, 5.33%, 0, 0, 6, 1812.64
1572182478, 0, 1371, 1754, 1307, 167, 5.34%, 0, 0, 6, 1610.86
1572182493, 0, 1371, 1755, 1308, 167, 5.34%, 0, 0, 6, 1804.83
1572182604, 0, 1371, 1756, 1309, 167, 5.34%, 0, 0, 6, 1883.17
1572182691, 0, 1371, 1758, 1311, 167, 5.35%, 0, 0, 6, 1837.45
1572182741, 0, 1371, 1759, 1312, 167, 5.35%, 0, 0, 6, 1771.53
1572182746, 0, 1381, 1759, 1311, 171, 5.35%, 0, 0, 6, 1899.79
1572182817, 0, 1381, 1760, 1312, 171, 5.35%, 0, 0, 6, 1807.41
1572183035, 0, 1385, 1760, 1311, 170, 5.35%, 0, 0, 6, 1846.34
1572183262, 0, 1388, 1760, 1310, 169, 5.35%, 0, 0, 6, 2099.87
1572183460, 0, 1396, 1760, 1309, 168, 5.35%, 0, 0, 6, 2014.65
1572183668, 0, 1398, 1760, 1308, 167, 5.35%, 0, 0, 6, 2416.46
1572183826, 0, 1401, 1760, 1307, 167, 5.35%, 0, 0, 6, 2536.78
1572184024, 0, 1402, 1760, 1306, 166, 5.35%, 0, 0, 6, 2591.51
1572184187, 0, 1411, 1760, 1305, 165, 5.35%, 0, 0, 6, 2663.49
1572184385, 0, 1413, 1760, 1304, 164, 5.35%, 0, 0, 6, 2355.71
1572184496, 0, 1414, 1760, 1303, 163, 5.35%, 0, 0, 6, 2854.43
1572184633, 0, 1416, 1761, 1303, 163, 5.35%, 0, 0, 6, 2377.99
1572184750, 0, 1418, 1761, 1302, 162, 5.35%, 0, 0, 6, 2602.45
1572184786, 0, 1418, 1762, 1303, 162, 5.35%, 0, 0, 6, 2572.09
1572184862, 0, 1419, 1762, 1302, 162, 5.35%, 0, 0, 6, 2515.37
1572184984, 0, 1421, 1762, 1301, 161, 5.35%, 0, 0, 6, 2811.87
1572185105, 0, 1425, 1762, 1300, 160, 5.35%, 0, 0, 6, 2769.66
1572185222, 0, 1427, 1762, 1299, 159, 5.35%, 0, 0, 6, 2920.07
1572185349, 0, 1434, 1773, 1309, 158, 5.44%, 0, 0, 6, 2623.32
1572185354, 0, 1434, 1774, 1310, 158, 5.44%, 0, 0, 6, 2555.74
1572185359, 0, 1435, 1774, 1309, 164, 5.44%, 0, 0, 6, 2341.90
1572185588, 0, 1436, 1774, 1308, 163, 5.44%, 0, 0, 6, 2460.06
1572185669, 0, 1437, 1774, 1307, 162, 5.44%, 0, 0, 6, 2684.47
1572185694, 0, 1438, 1774, 1306, 161, 5.44%, 0, 0, 6, 2837.14
1572185719, 0, 1439, 1774, 1305, 160, 5.44%, 0, 0, 6, 2728.33
1572185745, 0, 1440, 1774, 1304, 159, 5.44%, 0, 0, 6, 2678.27
1572185770, 0, 1441, 1774, 1303, 158, 5.44%, 0, 0, 6, 2661.68
1572185801, 0, 1442, 1774, 1302, 157, 5.44%, 0, 0, 6, 2540.07
1572185877, 0, 1443, 1774, 1301, 156, 5.44%, 0, 0, 6, 2450.85
1572185948, 0, 1444, 1774, 1300, 155, 5.44%, 0, 0, 6, 2455.68
1572185973, 0, 1447, 1774, 1299, 154, 5.44%, 0, 0, 6, 2900.16
1572185993, 0, 1447, 1775, 1300, 154, 5.44%, 0, 0, 6, 2633.05
1572186130, 0, 1450, 1775, 1299, 154, 5.44%, 0, 0, 6, 2627.96
1572186318, 0, 1461, 1775, 1298, 153, 5.44%, 0, 0, 6, 2744.10
1572186343, 0, 1461, 1776, 1299, 153, 5.44%, 0, 0, 6, 2705.55
1572186414, 0, 1461, 1777, 1300, 153, 5.44%, 0, 0, 6, 2667.71
1572186495, 0, 1466, 1777, 1299, 153, 5.44%, 0, 0, 6, 2460.22
1572186652, 0, 1468, 1778, 1299, 152, 5.44%, 0, 0, 6, 2487.29
1572186810, 0, 1470, 1778, 1298, 151, 5.44%, 0, 0, 6, 2359.13
1572186967, 0, 1471, 1779, 1298, 150, 5.44%, 0, 0, 6, 2712.32
1572187119, 0, 1475, 1779, 1297, 150, 5.44%, 0, 0, 6, 2325.15
1572187281, 0, 1478, 1779, 1296, 149, 5.44%, 0, 0, 6, 2137.57
1572187495, 0, 1489, 1779, 1295, 148, 5.44%, 0, 0, 6, 2464.48
1572187515, 0, 1489, 1780, 1296, 148, 5.44%, 0, 0, 6, 2286.36
1572187687, 0, 1491, 1780, 1295, 147, 5.44%, 0, 0, 6, 2559.75
1572187708, 0, 1491, 1781, 1296, 147, 5.44%, 0, 0, 6, 2559.17
1572187733, 0, 1491, 1782, 1297, 147, 5.44%, 0, 0, 6, 2222.36
1572187880, 0, 1494, 1782, 1296, 146, 5.44%, 0, 0, 6, 2427.21
1572187931, 0, 1494, 1783, 1297, 146, 5.44%, 0, 0, 6, 2243.41
1572188078, 0, 1499, 1784, 1297, 145, 5.44%, 0, 0, 6, 2209.24
1572188103, 0, 1499, 1785, 1298, 145, 5.44%, 0, 0, 6, 2084.49
1572188311, 0, 1499, 1786, 1299, 145, 5.44%, 0, 0, 6, 2068.48
1572188337, 0, 1501, 1786, 1298, 146, 5.44%, 0, 0, 6, 2075.18
1572188362, 0, 1501, 1789, 1301, 146, 5.44%, 0, 0, 6, 2025.70
1572188601, 0, 1502, 1790, 1301, 145, 5.44%, 0, 0, 6, 2449.05
1572188800, 0, 1504, 1791, 1301, 144, 5.44%, 0, 0, 6, 2274.51
1572188825, 0, 1504, 1792, 1302, 144, 5.44%, 0, 0, 6, 1788.05
1572189069, 0, 1505, 1794, 1303, 144, 5.44%, 0, 0, 6, 2089.51
1572189125, 0, 1505, 1795, 1304, 144, 5.44%, 0, 0, 6, 1928.37
1572189186, 0, 1505, 1796, 1305, 144, 5.44%, 0, 0, 6, 2145.39
1572189328, 0, 1507, 1797, 1305, 146, 5.44%, 0, 0, 6, 2384.06
1572189597, 0, 1511, 1797, 1304, 146, 5.44%, 0, 0, 6, 2105.69
1572189602, 0, 1511, 1798, 1305, 146, 5.44%, 0, 0, 6, 384.57
1572189633, 0, 1511, 1799, 1306, 146, 5.44%, 0, 0, 6, 419.75
1572189638, 0, 1511, 1800, 1307, 146, 5.44%, 0, 0, 6, 393.92
1572189729, 0, 1511, 1803, 1310, 146, 5.45%, 0, 0, 6, 474.67
1572189740, 0, 1511, 1804, 1311, 146, 5.45%, 0, 0, 6, 423.61
1572190809, 0, 1512, 1805, 1311, 145, 5.45%, 0, 0, 6, 1711.62
1572190901, 0, 1512, 1806, 1312, 145, 5.45%, 0, 0, 6, 2486.87
1572191007, 0, 1513, 1806, 1311, 145, 5.45%, 0, 0, 6, 2461.91
1572191028, 0, 1513, 1807, 1312, 145, 5.45%, 0, 0, 6, 2612.20
1572191089, 0, 1513, 1808, 1313, 145, 5.45%, 0, 0, 6, 2340.54
1572191185, 0, 1516, 1808, 1312, 145, 5.45%, 0, 0, 6, 2687.03
1572191215, 0, 1516, 1809, 1313, 145, 5.45%, 0, 0, 6, 2154.76
1572191449, 0, 1517, 1809, 1312, 144, 5.45%, 0, 0, 6, 2222.56
1572191576, 0, 1517, 1810, 1313, 144, 5.46%, 0, 0, 6, 2249.48
1572191723, 0, 1520, 1811, 1313, 144, 5.46%, 0, 0, 6, 2182.41
1572192003, 0, 1522, 1811, 1312, 144, 5.46%, 0, 0, 6, 2086.75
1572192105, 0, 1522, 1812, 1313, 144, 5.46%, 0, 0, 6, 2436.67
1572192115, 0, 1522, 1814, 1315, 144, 5.46%, 0, 0, 6, 2153.83
1572192241, 0, 1524, 1814, 1314, 144, 5.46%, 0, 0, 6, 2343.96
1572192267, 0, 1524, 1815, 1315, 144, 5.46%, 0, 0, 6, 2053.51
1572192445, 0, 1534, 1815, 1314, 144, 5.46%, 0, 0, 6, 2324.18
1572192450, 0, 1534, 1816, 1315, 144, 5.46%, 0, 0, 6, 1856.78
1572192475, 0, 1534, 1820, 1319, 144, 5.46%, 0, 0, 6, 1811.28
1572192480, 0, 1534, 1821, 1320, 144, 5.46%, 0, 0, 6, 1714.81
1572192546, 0, 1534, 1822, 1321, 144, 5.46%, 0, 0, 6, 2057.67
1572192561, 0, 1534, 1823, 1322, 144, 5.46%, 0, 0, 6, 2014.99
1572192729, 0, 1535, 1825, 1323, 144, 5.46%, 0, 0, 6, 2449.93
1572192927, 0, 1541, 1825, 1322, 144, 5.46%, 0, 0, 6, 2368.48
1572193094, 0, 1544, 1825, 1321, 143, 5.46%, 0, 0, 6, 2395.19
1572193119, 0, 1544, 1826, 1322, 143, 5.46%, 0, 0, 6, 2360.30
1572193277, 0, 1545, 1826, 1321, 143, 5.46%, 0, 0, 6, 2660.95
1572193348, 0, 1545, 1827, 1322, 143, 5.46%, 0, 0, 6, 2547.23
1572193358, 0, 1545, 1828, 1323, 143, 5.46%, 0, 0, 6, 2576.34
1572193466, 0, 1546, 1828, 1322, 143, 5.46%, 0, 0, 6, 2329.53
1572193643, 0, 1549, 1828, 1321, 142, 5.46%, 0, 0, 6, 2359.37
1572193815, 0, 1555, 1828, 1320, 141, 5.46%, 0, 0, 6, 2436.92
1572193840, 0, 1555, 1829, 1321, 141, 5.46%, 0, 0, 6, 2153.83
1572194012, 0, 1566, 1829, 1320, 140, 5.46%, 0, 0, 6, 2288.15
1572194205, 0, 1567, 1829, 1319, 139, 5.46%, 0, 0, 6, 2492.10
1572194393, 0, 1572, 1830, 1319, 138, 5.46%, 0, 0, 6, 2020.52
1572194429, 0, 1572, 1833, 1322, 138, 5.46%, 0, 0, 6, 1694.05
1572194611, 0, 1572, 1834, 1323, 138, 5.46%, 0, 0, 6, 1992.80
1572194631, 0, 1572, 1835, 1324, 138, 5.46%, 0, 0, 6, 1960.78
1572194667, 0, 1574, 1835, 1323, 139, 5.46%, 0, 0, 6, 2370.27
1572194692, 0, 1574, 1842, 1330, 139, 5.46%, 0, 0, 6, 2343.30
1572194783, 0, 1574, 1843, 1331, 139, 5.46%, 0, 0, 6, 2205.05
1572194905, 0, 1582, 1844, 1331, 138, 5.46%, 0, 0, 6, 2612.35
1572195083, 0, 1584, 1844, 1330, 138, 5.46%, 0, 0, 6, 2660.57
1572195261, 0, 1586, 1844, 1329, 137, 5.46%, 0, 0, 6, 2609.08
1572195332, 0, 1586, 1845, 1330, 137, 5.46%, 0, 0, 6, 2298.18
1572195433, 0, 1586, 1846, 1331, 137, 5.46%, 0, 0, 6, 2306.19
1572195444, 0, 1588, 1846, 1330, 136, 5.46%, 0, 0, 6, 2381.24
1572195449, 0, 1588, 1847, 1331, 136, 5.46%, 0, 0, 6, 2268.79
1572195631, 0, 1590, 1847, 1330, 135, 5.46%, 0, 0, 6, 2506.17
1572195813, 0, 1591, 1848, 1330, 134, 5.46%, 0, 0, 6, 2689.80
1572195986, 0, 1594, 1848, 1329, 134, 5.46%, 0, 0, 6, 2444.64
1572195991, 0, 1594, 1849, 1330, 134, 5.46%, 0, 0, 6, 2604.47
1572195996, 0, 1595, 1849, 1329, 133, 5.46%, 0, 0, 6, 2506.73
1572196001, 0, 1597, 1849, 1328, 132, 5.46%, 0, 0, 6, 2778.96
1572196006, 0, 1599, 1850, 1328, 131, 5.46%, 0, 0, 6, 2992.10
1572196011, 0, 1601, 1851, 1328, 130, 5.47%, 0, 0, 6, 3056.11
1572196016, 0, 1602, 1852, 1328, 130, 5.48%, 0, 0, 6, 3082.04
1572196021, 0, 1603, 1854, 1329, 131, 5.48%, 0, 0, 6, 3139.59
1572196026, 0, 1603, 1864, 1339, 131, 5.51%, 0, 0, 6, 2998.11
1572196031, 0, 1603, 1869, 1344, 131, 5.52%, 0, 0, 6, 2931.93
1572196037, 0, 1605, 1870, 1344, 142, 5.53%, 0, 0, 6, 2981.71
1572196042, 0, 1606, 1873, 1346, 141, 5.53%, 0, 0, 6, 2774.45
1572196047, 0, 1608, 1874, 1345, 140, 5.53%, 0, 0, 6, 2731.46
1572196057, 0, 1613, 1874, 1344, 140, 5.53%, 0, 0, 6, 2542.00
1572196280, 0, 1617, 1875, 1344, 139, 5.53%, 0, 0, 6, 2486.86
1572196478, 0, 1618, 1875, 1343, 139, 5.53%, 0, 0, 6, 2403.33
1572196483, 0, 1618, 1876, 1344, 139, 5.53%, 0, 0, 6, 2486.68
1572196575, 0, 1618, 1877, 1345, 139, 5.53%, 0, 0, 6, 2503.42
1572196681, 0, 1619, 1877, 1344, 140, 5.53%, 0, 0, 6, 2639.52
1572196888, 0, 1620, 1878, 1344, 139, 5.53%, 0, 0, 6, 2287.57
1572197102, 0, 1621, 1879, 1344, 138, 5.53%, 0, 0, 6, 2486.45
1572197315, 0, 1622, 1880, 1344, 138, 5.53%, 0, 0, 6, 2147.07
1572197518, 0, 1623, 1881, 1344, 137, 5.53%, 0, 0, 6, 2370.24
1572197721, 0, 1624, 1881, 1343, 136, 5.53%, 0, 0, 6, 2398.55
1572197752, 0, 1624, 1885, 1347, 136, 5.53%, 0, 0, 6, 2008.00
1572197782, 0, 1624, 1886, 1348, 136, 5.53%, 0, 0, 6, 2041.72
1572197838, 0, 1624, 1887, 1349, 136, 5.53%, 0, 0, 6, 1822.60
1572198015, 0, 1625, 1887, 1348, 136, 5.53%, 0, 0, 6, 2158.04
1572198040, 0, 1625, 1888, 1349, 136, 5.53%, 0, 0, 6, 1753.44
1572198142, 0, 1625, 1889, 1350, 136, 5.53%, 0, 0, 6, 2281.87
1572198289, 0, 1625, 1892, 1353, 136, 5.53%, 0, 0, 6, 2615.93
1572198294, 0, 1626, 1892, 1352, 135, 5.53%, 0, 0, 6, 2791.22
1572198324, 0, 1626, 1894, 1354, 135, 5.53%, 0, 0, 6, 1930.15
1572198574, 0, 1631, 1894, 1353, 134, 5.53%, 0, 0, 6, 2119.66
1572198599, 0, 1631, 1896, 1355, 134, 5.53%, 0, 0, 6, 2217.57
1572198665, 0, 1631, 1897, 1356, 134, 5.53%, 0, 0, 6, 2085.27
1572198675, 0, 1631, 1898, 1357, 134, 5.53%, 0, 0, 6, 2283.33
1572198827, 0, 1634, 1898, 1356, 136, 5.53%, 0, 0, 6, 2148.75
1572199059, 0, 1635, 1898, 1355, 135, 5.53%, 0, 0, 6, 2594.12
1572199262, 0, 1637, 1898, 1354, 134, 5.53%, 0, 0, 6, 2480.55
1572199399, 0, 1638, 1898, 1353, 133, 5.53%, 0, 0, 6, 2753.49
1572199537, 0, 1639, 1898, 1352, 132, 5.53%, 0, 0, 6, 2528.82
1572199557, 0, 1639, 1899, 1353, 132, 5.53%, 0, 0, 6, 2679.82
1572199669, 0, 1640, 1899, 1352, 132, 5.53%, 0, 0, 6, 2606.31
1572199806, 0, 1644, 1899, 1351, 131, 5.53%, 0, 0, 6, 2571.17
1572199979, 0, 1648, 1899, 1350, 130, 5.53%, 0, 0, 6, 2585.53
1572200004, 0, 1648, 1900, 1351, 130, 5.53%, 0, 0, 6, 2033.26
1572200142, 0, 1649, 1900, 1350, 129, 5.53%, 0, 0, 6, 2557.73
1572200329, 0, 1651, 1901, 1350, 128, 5.53%, 0, 0, 6, 1965.11
1572200355, 0, 1651, 1904, 1353, 128, 5.53%, 0, 0, 6, 1909.25
1572200426, 0, 1651, 1905, 1354, 128, 5.53%, 0, 0, 6, 1670.25
1572200431, 0, 1651, 1906, 1355, 128, 5.53%, 0, 0, 6, 1853.78
1572200609, 0, 1652, 1906, 1354, 129, 5.53%, 0, 0, 6, 1950.32
1572200792, 0, 1653, 1906, 1353, 128, 5.53%, 0, 0, 6, 2489.87
1572200965, 0, 1654, 1906, 1352, 127, 5.53%, 0, 0, 6, 2451.67
1572201107, 0, 1658, 1906, 1351, 126, 5.53%, 0, 0, 6, 2679.80
1572201112, 0, 1658, 1908, 1353, 126, 5.53%, 0, 0, 6, 2727.99
1572201158, 0, 1658, 1909, 1354, 126, 5.53%, 0, 0, 6, 2379.46
1572201173, 0, 1659, 1909, 1353, 127, 5.53%, 0, 0, 6, 2238.02
1572201234, 0, 1662, 1910, 1353, 127, 5.53%, 0, 0, 6, 2793.25
1572201259, 0, 1663, 1910, 1352, 126, 5.53%, 0, 0, 6, 2808.61
1572201279, 0, 1664, 1910, 1351, 125, 5.53%, 0, 0, 6, 2786.80
1572201310, 0, 1665, 1910, 1350, 124, 5.53%, 0, 0, 6, 2786.99
1572201330, 0, 1666, 1910, 1349, 123, 5.53%, 0, 0, 6, 2607.67
1572201356, 0, 1667, 1910, 1348, 122, 5.53%, 0, 0, 6, 2521.14
1572201381, 0, 1668, 1910, 1347, 121, 5.53%, 0, 0, 6, 2647.51
1572201406, 0, 1669, 1910, 1346, 120, 5.53%, 0, 0, 6, 2798.77
1572201427, 0, 1670, 1910, 1345, 119, 5.53%, 0, 0, 6, 2534.21
1572201452, 0, 1673, 1910, 1344, 118, 5.53%, 0, 0, 6, 2494.40
1572201533, 0, 1674, 1911, 1344, 117, 5.53%, 0, 0, 6, 2557.94
1572201584, 0, 1674, 1912, 1345, 117, 5.53%, 0, 0, 6, 2422.19
1572201614, 0, 1676, 1912, 1344, 117, 5.53%, 0, 0, 6, 2603.05
1572201752, 0, 1677, 1912, 1343, 116, 5.53%, 0, 0, 6, 2261.93
1572201772, 0, 1677, 1913, 1344, 116, 5.53%, 0, 0, 6, 2382.70
1572201935, 0, 1677, 1914, 1345, 116, 5.53%, 0, 0, 6, 2347.55
1572201980, 0, 1678, 1914, 1344, 116, 5.53%, 0, 0, 6, 2109.56
1572202229, 0, 1684, 1914, 1343, 115, 5.53%, 0, 0, 6, 2151.96
1572202372, 0, 1685, 1914, 1342, 114, 5.53%, 0, 0, 6, 2498.54
1572202469, 0, 1685, 1915, 1343, 114, 5.53%, 0, 0, 6, 1890.00
1572202606, 0, 1686, 1916, 1343, 113, 5.53%, 0, 0, 6, 2271.84
1572202626, 0, 1686, 1917, 1344, 113, 5.53%, 0, 0, 6, 2225.30
1572202748, 0, 1687, 1918, 1344, 112, 5.58%, 0, 0, 7, 2791.44
1572202753, 0, 1688, 1918, 1343, 112, 5.58%, 0, 0, 7, 2964.94
1572202758, 0, 1689, 1918, 1342, 111, 5.58%, 0, 0, 7, 2977.35
1572202763, 0, 1691, 1918, 1340, 109, 5.58%, 0, 0, 7, 2956.30
1572202773, 0, 1692, 1918, 1339, 108, 5.58%, 0, 0, 7, 2965.18
1572202779, 0, 1693, 1921, 1341, 107, 5.59%, 0, 0, 7, 3219.30
1572202784, 0, 1694, 1921, 1340, 109, 5.59%, 0, 0, 7, 3026.53
1572202789, 0, 1695, 1921, 1339, 108, 5.59%, 0, 0, 7, 2994.48
1572202794, 0, 1696, 1921, 1338, 107, 5.59%, 0, 0, 7, 2837.85
1572202799, 0, 1697, 1922, 1338, 106, 5.75%, 0, 0, 7, 2751.08
1572202804, 0, 1701, 1925, 1338, 104, 5.75%, 0, 0, 7, 2651.49
1572202809, 0, 1701, 1930, 1343, 104, 5.75%, 0, 0, 7, 2539.31
1572202814, 0, 1703, 1934, 1346, 103, 5.75%, 0, 0, 7, 2510.27
1572202819, 0, 1703, 1944, 1356, 103, 5.76%, 0, 0, 7, 2435.70
1572202824, 0, 1703, 1947, 1359, 103, 5.76%, 0, 0, 7, 2307.31
1572202829, 0, 1718, 1948, 1357, 103, 5.76%, 0, 0, 7, 2419.96
1572202855, 0, 1730, 1948, 1356, 102, 5.76%, 0, 0, 7, 2134.31
1572202966, 0, 1730, 1949, 1357, 102, 5.76%, 0, 0, 7, 1906.88
1572203129, 0, 1736, 1949, 1356, 102, 5.76%, 0, 0, 7, 1864.81
1572203454, 0, 1744, 1951, 1357, 101, 5.76%, 0, 0, 7, 2320.66
1572203479, 0, 1744, 1952, 1358, 101, 5.76%, 0, 0, 7, 2589.98
1572203530, 0, 1744, 1955, 1361, 101, 5.76%, 0, 0, 7, 2570.44
1572203616, 0, 1745, 1955, 1360, 102, 5.76%, 0, 0, 7, 2635.95
1572203785, 0, 1752, 1955, 1359, 101, 5.76%, 0, 0, 7, 2649.35
1572204009, 0, 1753, 1955, 1358, 100, 5.76%, 0, 0, 7, 2138.88
1572204186, 0, 1753, 1956, 1359, 100, 5.76%, 0, 0, 7, 2410.32
1572204232, 0, 1754, 1956, 1358, 99, 5.76%, 0, 0, 7, 2508.41
1572204456, 0, 1755, 1956, 1357, 98, 5.76%, 0, 0, 7, 2495.69
1572204684, 0, 1755, 1957, 1358, 98, 5.76%, 0, 0, 7, 2236.00
1572204689, 0, 1756, 1957, 1357, 97, 5.76%, 0, 0, 7, 2201.94
1572204912, 0, 1760, 1960, 1359, 96, 5.77%, 0, 0, 7, 2662.20
1572204922, 0, 1760, 1961, 1360, 96, 5.77%, 0, 0, 7, 2685.67
1572204927, 0, 1760, 1964, 1363, 96, 5.79%, 0, 0, 7, 2704.03
1572204943, 0, 1760, 1967, 1366, 96, 5.80%, 0, 0, 7, 2355.95
1572205034, 0, 1761, 1967, 1365, 102, 5.80%, 0, 0, 7, 2428.02
1572205146, 0, 1762, 1967, 1364, 101, 5.80%, 0, 0, 7, 2848.15
1572205151, 0, 1763, 1968, 1364, 100, 5.81%, 0, 0, 7, 3026.29
1572205156, 0, 1765, 1975, 1369, 103, 5.85%, 0, 0, 7, 3049.00
1572205161, 0, 1772, 2005, 1398, 102, 6.00%, 0, 0, 7, 3104.49
1572205166, 0, 1772, 2020, 1413, 102, 6.01%, 0, 0, 7, 3038.42
1572205171, 0, 1773, 2022, 1414, 126, 6.01%, 0, 0, 7, 3111.30
1572205176, 0, 1774, 2022, 1413, 125, 6.01%, 0, 0, 7, 2799.33
1572205338, 0, 1776, 2022, 1412, 124, 6.01%, 0, 0, 7, 2721.72
1572205511, 0, 1778, 2022, 1411, 123, 6.01%, 0, 0, 7, 2386.16
1572205673, 0, 1778, 2024, 1413, 123, 6.01%, 0, 0, 7, 2310.47
1572205694, 0, 1783, 2024, 1412, 122, 6.01%, 0, 0, 7, 2288.69
1572205719, 0, 1783, 2025, 1413, 122, 6.01%, 0, 0, 7, 2337.05
1572205927, 0, 1791, 2025, 1412, 121, 6.01%, 0, 0, 7, 2549.03
1572206023, 0, 1791, 2026, 1413, 121, 6.01%, 0, 0, 7, 1763.45
1572206190, 0, 1793, 2026, 1412, 121, 6.01%, 0, 0, 7, 2465.19
1572206240, 0, 1793, 2027, 1413, 121, 6.01%, 0, 0, 7, 2401.96
1572206291, 0, 1793, 2028, 1414, 121, 6.01%, 0, 0, 7, 2536.85
