# unix_time, cycles_done, cur_path, paths_total, pending_total, pending_favs, map_size, unique_crashes, unique_hangs, max_depth, execs_per_sec
1572714219, 0, 0, 1, 1, 1, 1.37%, 0, 0, 1, 2000.00
1572714224, 0, 0, 61, 61, 1, 1.79%, 0, 0, 2, 2689.43
1572714240, 0, 0, 159, 159, 1, 2.10%, 0, 0, 2, 2853.11
1572714245, 0, 0, 209, 209, 1, 2.25%, 0, 0, 2, 2855.29
1572714260, 0, 0, 212, 212, 1, 2.26%, 0, 0, 2, 2875.18
1572714266, 0, 0, 219, 219, 1, 2.27%, 0, 0, 2, 2862.27
1572714281, 0, 0, 223, 223, 1, 2.31%, 0, 0, 2, 2866.39
1572714286, 0, 0, 252, 252, 1, 2.62%, 0, 0, 2, 2887.69
1572714291, 0, 0, 255, 255, 1, 2.62%, 0, 0, 2, 2856.39
1572714297, 0, 0, 266, 266, 1, 2.73%, 0, 0, 2, 2889.89
1572714302, 0, 0, 269, 269, 1, 2.74%, 0, 0, 2, 2885.55
1572714307, 0, 0, 271, 271, 1, 2.74%, 0, 0, 2, 2856.95
1572714312, 0, 0, 279, 279, 1, 2.75%, 0, 0, 2, 2820.78
1572714317, 0, 0, 282, 282, 1, 2.75%, 0, 0, 2, 2877.55
1572714322, 0, 0, 283, 283, 1, 2.75%, 0, 0, 2, 2855.35
1572714338, 0, 0, 284, 284, 1, 2.76%, 0, 0, 2, 2865.41
1572714358, 0, 0, 287, 287, 1, 2.76%, 0, 0, 2, 2853.84
1572714363, 0, 0, 293, 293, 1, 2.81%, 0, 0, 2, 2850.04
1572714368, 0, 0, 295, 295, 1, 2.81%, 0, 0, 2, 2829.66
1572714379, 0, 0, 297, 297, 1, 2.81%, 0, 0, 2, 2836.10
1572714384, 0, 0, 298, 298, 1, 2.82%, 0, 0, 2, 2855.06
1572714389, 0, 0, 332, 332, 1, 2.84%, 0, 0, 2, 3056.30
1572714394, 0, 0, 347, 347, 1, 2.85%, 0, 0, 2, 3125.17
1572714399, 0, 1, 358, 357, 124, 2.88%, 0, 0, 3, 3314.40
1572714404, 0, 1, 364, 363, 124, 3.04%, 0, 0, 3, 3348.21
1572714409, 0, 2, 367, 365, 135, 3.04%, 0, 0, 3, 3411.51
1572714414, 0, 6, 367, 362, 132, 3.04%, 0, 0, 3, 3450.00
1572714420, 0, 8, 367, 361, 131, 3.04%, 0, 0, 3, 3049.96
1572714594, 0, 9, 367, 360, 130, 3.04%, 0, 0, 3, 2558.03
1572714614, 0, 9, 375, 368, 130, 3.10%, 0, 0, 3, 2524.41
1572714660, 0, 9, 376, 369, 130, 3.10%, 0, 0, 3, 2519.94
1572714675, 0, 9, 377, 370, 130, 3.10%, 0, 0, 3, 2551.32
1572714777, 0, 11, 382, 374, 131, 3.11%, 0, 0, 3, 2667.83
1572714798, 0, 11, 397, 389, 131, 3.11%, 0, 0, 3, 2514.40
1572714803, 0, 11, 407, 399, 131, 3.11%, 0, 0, 3, 2520.30
1572714855, 0, 11, 410, 402, 131, 3.11%, 0, 0, 3, 2531.21
1572714942, 0, 11, 411, 403, 131, 3.11%, 0, 0, 3, 2521.51
1572714947, 0, 11, 413, 405, 131, 3.11%, 0, 0, 3, 2561.84
1572714967, 0, 12, 414, 405, 133, 3.11%, 0, 0, 3, 2595.77
1572714988, 0, 12, 415, 406, 133, 3.11%, 0, 0, 3, 2520.76
1572715044, 0, 12, 418, 409, 133, 3.13%, 0, 0, 3, 2533.36
1572715156, 0, 13, 420, 410, 134, 3.13%, 0, 0, 3, 2554.97
1572715176, 0, 13, 425, 415, 134, 3.13%, 0, 0, 3, 2521.21
1572715227, 0, 13, 427, 417, 134, 3.14%, 0, 0, 3, 2549.90
1572715314, 0, 13, 428, 418, 134, 3.14%, 0, 0, 3, 2547.86
1572715345, 0, 17, 434, 423, 136, 3.18%, 0, 0, 3, 2596.29
1572715360, 0, 17, 436, 425, 136, 3.18%, 0, 0, 3, 2506.10
1572715365, 0, 17, 441, 430, 136, 3.18%, 0, 0, 3, 2516.75
1572715371, 0, 17, 443, 432, 136, 3.19%, 0, 0, 3, 2514.65
1572715391, 0, 17, 444, 433, 136, 3.19%, 0, 0, 3, 2525.36
1572715422, 0, 17, 446, 435, 136, 3.20%, 0, 0, 3, 2524.52
1572715535, 0, 23, 446, 434, 144, 3.20%, 0, 0, 3, 2648.44
1572715545, 0, 23, 452, 440, 144, 3.20%, 0, 0, 3, 2762.31
1572715550, 0, 23, 453, 441, 144, 3.21%, 0, 0, 3, 2773.30
1572715565, 0, 23, 456, 444, 144, 3.22%, 0, 0, 3, 2779.90
1572715642, 0, 23, 457, 445, 144, 3.22%, 0, 0, 3, 2780.46
1572715653, 0, 23, 463, 451, 144, 3.23%, 0, 0, 3, 2814.07
1572715658, 0, 23, 465, 453, 144, 3.23%, 0, 0, 3, 2849.70
1572715663, 0, 30, 469, 456, 148, 3.23%, 0, 0, 3, 2859.21
1572715730, 0, 30, 470, 457, 148, 3.23%, 0, 0, 3, 2804.56
1572715750, 0, 31, 470, 456, 147, 3.23%, 0, 0, 3, 2740.96
1572715872, 0, 34, 470, 455, 146, 3.23%, 0, 0, 3, 2742.06
1572715893, 0, 34, 472, 457, 146, 3.23%, 0, 0, 3, 2503.59
1572715898, 0, 34, 473, 458, 146, 3.23%, 0, 0, 3, 2506.90
1572715919, 0, 34, 474, 459, 146, 3.23%, 0, 0, 3, 2511.46
1572715959, 0, 34, 475, 460, 146, 3.23%, 0, 0, 3, 2539.53
1572715975, 0, 34, 477, 462, 146, 3.24%, 0, 0, 3, 2546.25
1572716062, 0, 50, 477, 461, 147, 3.24%, 0, 0, 3, 2529.07
1572716082, 0, 50, 478, 462, 147, 3.24%, 0, 0, 3, 2513.43
1572716251, 0, 52, 479, 462, 147, 3.24%, 0, 0, 3, 2621.24
1572716276, 0, 52, 480, 463, 147, 3.24%, 0, 0, 3, 2515.82
1572716445, 0, 57, 480, 462, 146, 3.24%, 0, 0, 3, 2534.27
1572716466, 0, 57, 483, 465, 146, 3.24%, 0, 0, 3, 2516.46
1572716517, 0, 57, 484, 466, 146, 3.31%, 0, 0, 3, 2538.08
1572716635, 0, 59, 484, 465, 147, 3.31%, 0, 0, 3, 2582.59
1572716824, 0, 66, 484, 464, 146, 3.31%, 0, 0, 3, 2633.33
1572716849, 0, 66, 485, 465, 146, 3.31%, 0, 0, 3, 2516.07
1572716906, 0, 66, 486, 466, 146, 3.31%, 0, 0, 3, 2525.51
1572717019, 0, 68, 486, 465, 146, 3.31%, 0, 0, 3, 2662.94
1572717085, 0, 68, 487, 466, 146, 3.31%, 0, 0, 3, 2697.89
1572717101, 0, 68, 488, 467, 146, 3.31%, 0, 0, 3, 2717.89
1572717152, 0, 70, 488, 466, 146, 3.31%, 0, 0, 3, 2749.81
1572717173, 0, 70, 489, 467, 146, 3.31%, 0, 0, 3, 2744.45
1572717286, 0, 81, 491, 468, 146, 3.32%, 0, 0, 3, 2649.93
1572717306, 0, 81, 492, 469, 146, 3.32%, 0, 0, 3, 2514.05
1572717475, 0, 83, 493, 469, 146, 3.32%, 0, 0, 3, 2632.81
1572717669, 0, 87, 494, 469, 145, 3.32%, 0, 0, 3, 2575.75
1572717689, 0, 87, 498, 473, 145, 3.32%, 0, 0, 3, 2515.59
1572717710, 0, 87, 499, 474, 145, 3.32%, 0, 0, 3, 2514.10
1572717756, 0, 87, 500, 475, 145, 3.32%, 0, 0, 3, 2559.12
1572717857, 0, 92, 502, 476, 145, 3.32%, 0, 0, 3, 2586.40
1572717878, 0, 92, 505, 479, 145, 3.32%, 0, 0, 3, 2515.91
1572717934, 0, 92, 506, 480, 145, 3.32%, 0, 0, 3, 2522.13
1572718051, 0, 93, 507, 480, 144, 3.32%, 0, 0, 3, 2613.75
1572718072, 0, 93, 508, 481, 144, 3.32%, 0, 0, 3, 2505.37
1572718245, 0, 94, 508, 480, 143, 3.32%, 0, 0, 3, 2580.74
1572718265, 0, 94, 509, 481, 143, 3.32%, 0, 0, 3, 2518.20
1572718434, 0, 95, 510, 481, 142, 3.32%, 0, 0, 3, 2685.32
1572718455, 0, 95, 511, 482, 142, 3.32%, 0, 0, 3, 2789.14
1572718502, 0, 95, 514, 485, 142, 3.32%, 0, 0, 3, 2788.03
1572718569, 0, 99, 515, 485, 141, 3.32%, 0, 0, 3, 2819.38
1572718640, 0, 99, 518, 488, 141, 3.32%, 0, 0, 3, 2767.21
1572718711, 0, 102, 518, 487, 140, 3.32%, 0, 0, 3, 2680.05
1572718732, 0, 102, 519, 488, 140, 3.32%, 0, 0, 3, 2518.55
1572718901, 0, 103, 519, 487, 140, 3.32%, 0, 0, 3, 2696.54
1572718973, 0, 106, 519, 486, 140, 3.32%, 0, 0, 3, 2823.09
1572718998, 0, 106, 521, 488, 140, 3.32%, 0, 0, 3, 2517.82
1572719060, 0, 106, 522, 489, 140, 3.32%, 0, 0, 3, 2543.84
1572719132, 0, 106, 523, 490, 140, 3.32%, 0, 0, 3, 2533.86
1572719167, 0, 114, 523, 489, 140, 3.32%, 0, 0, 3, 2549.57
1572719188, 0, 114, 528, 494, 140, 3.32%, 0, 0, 3, 2510.75
1572719208, 0, 114, 530, 496, 140, 3.32%, 0, 0, 3, 2511.00
1572719213, 0, 114, 533, 499, 140, 3.33%, 0, 0, 3, 2513.53
1572719254, 0, 114, 534, 500, 140, 3.33%, 0, 0, 3, 2549.18
1572719357, 0, 118, 534, 499, 145, 3.33%, 0, 0, 3, 2628.58
1572719551, 0, 120, 534, 498, 144, 3.33%, 0, 0, 3, 2540.04
1572719572, 0, 120, 536, 500, 144, 3.33%, 0, 0, 3, 2520.14
1572719633, 0, 120, 537, 501, 144, 3.33%, 0, 0, 3, 2546.03
1572719740, 0, 123, 539, 502, 145, 3.34%, 0, 0, 3, 2646.51
1572719781, 0, 123, 540, 503, 145, 3.34%, 0, 0, 3, 2632.86
1572719786, 0, 123, 541, 504, 145, 3.34%, 0, 0, 3, 2637.95
1572719812, 0, 123, 545, 508, 145, 3.34%, 0, 0, 3, 2646.77
1572719817, 0, 123, 547, 510, 145, 3.34%, 0, 0, 3, 2641.18
1572719883, 0, 123, 548, 511, 145, 3.34%, 0, 0, 3, 2650.82
1572719894, 0, 124, 548, 510, 144, 3.34%, 0, 0, 3, 2665.00
1572720042, 0, 132, 548, 509, 143, 3.34%, 0, 0, 3, 2675.05
1572720236, 0, 134, 548, 508, 142, 3.34%, 0, 0, 3, 2614.40
1572720257, 0, 134, 549, 509, 142, 3.34%, 0, 0, 3, 2615.91
1572720278, 0, 134, 551, 511, 142, 3.34%, 0, 0, 3, 2627.93
1572720313, 0, 134, 553, 513, 142, 3.34%, 0, 0, 3, 2626.21
1572720380, 0, 134, 554, 514, 142, 3.34%, 0, 0, 3, 2637.06
1572720390, 0, 140, 554, 513, 141, 3.34%, 0, 0, 3, 2639.08
1572720477, 0, 140, 555, 514, 141, 3.34%, 0, 0, 3, 2540.53
1572720584, 0, 143, 555, 513, 140, 3.34%, 0, 0, 3, 2563.75
1572720604, 0, 143, 561, 519, 140, 3.45%, 0, 0, 3, 2511.50
1572720655, 0, 143, 562, 520, 140, 3.55%, 0, 0, 3, 2493.54
1572720778, 0, 145, 563, 520, 143, 3.55%, 0, 0, 3, 2590.33
1572720798, 0, 145, 566, 523, 143, 3.55%, 0, 0, 3, 2518.50
1572720849, 0, 145, 567, 524, 143, 3.55%, 0, 0, 3, 2493.19
1572720869, 0, 145, 568, 525, 143, 3.55%, 0, 0, 3, 2543.37
1572720971, 0, 155, 568, 524, 142, 3.55%, 0, 0, 3, 2575.25
1572720992, 0, 155, 569, 525, 142, 3.55%, 0, 0, 3, 2511.43
1572721165, 0, 165, 569, 524, 141, 3.55%, 0, 0, 3, 2562.49
1572721191, 0, 165, 570, 525, 141, 3.55%, 0, 0, 3, 2509.33
1572721232, 0, 165, 571, 526, 141, 3.55%, 0, 0, 3, 2524.08
1572721252, 0, 165, 573, 528, 141, 3.55%, 0, 0, 3, 2541.32
1572721360, 0, 167, 573, 527, 141, 3.55%, 0, 0, 3, 2555.22
1572721380, 0, 167, 574, 528, 141, 3.55%, 0, 0, 3, 2523.69
1572721549, 0, 176, 574, 527, 140, 3.55%, 0, 0, 3, 2632.83
1572721569, 0, 176, 575, 528, 140, 3.55%, 0, 0, 3, 2507.49
1572721631, 0, 176, 576, 529, 140, 3.56%, 0, 0, 3, 2517.38
1572721636, 0, 176, 578, 531, 140, 3.56%, 0, 0, 3, 2551.08
1572721651, 0, 176, 579, 532, 140, 3.56%, 0, 0, 3, 2550.61
1572721743, 0, 182, 581, 533, 142, 3.56%, 0, 0, 3, 2526.00
1572721763, 0, 182, 584, 536, 142, 3.56%, 0, 0, 3, 2397.31
1572721769, 0, 182, 587, 539, 142, 3.56%, 0, 0, 3, 2426.47
1572721789, 0, 182, 588, 540, 142, 3.56%, 0, 0, 3, 2457.03
1572721809, 0, 182, 589, 541, 142, 3.56%, 0, 0, 3, 2430.76
1572721820, 0, 182, 593, 545, 142, 3.56%, 0, 0, 3, 2463.78
1572721830, 0, 182, 596, 548, 142, 3.56%, 0, 0, 3, 2482.86
1572721851, 0, 182, 597, 549, 142, 3.56%, 0, 0, 3, 2467.34
1572721907, 0, 182, 598, 550, 142, 3.56%, 0, 0, 3, 2490.02
1572721942, 0, 186, 598, 549, 142, 3.56%, 0, 0, 3, 2539.85
1572721963, 0, 186, 600, 551, 142, 3.56%, 0, 0, 3, 2511.70
1572722136, 0, 192, 601, 551, 141, 3.56%, 0, 0, 3, 2798.60
1572722264, 0, 196, 601, 550, 141, 3.56%, 0, 0, 3, 2860.42
1572722391, 0, 197, 601, 549, 140, 3.56%, 0, 0, 3, 2864.68
1572722528, 0, 198, 601, 548, 139, 3.56%, 0, 0, 3, 2706.38
1572722661, 0, 199, 619, 565, 138, 3.68%, 0, 0, 3, 2909.68
1572722666, 0, 199, 623, 569, 138, 3.71%, 0, 0, 3, 2920.54
1572722671, 0, 200, 629, 574, 150, 3.71%, 0, 0, 3, 2971.92
1572722676, 0, 200, 632, 577, 150, 3.73%, 0, 0, 3, 2959.34
1572722681, 0, 201, 632, 576, 149, 3.73%, 0, 0, 3, 2740.53
1572722707, 0, 201, 633, 577, 149, 3.73%, 0, 0, 3, 2513.81
1572722753, 0, 201, 634, 578, 149, 3.74%, 0, 0, 3, 2529.98
1572722870, 0, 209, 634, 577, 147, 3.74%, 0, 0, 3, 2572.77
1572722891, 0, 209, 638, 581, 147, 3.74%, 0, 0, 3, 2503.52
1572723055, 0, 209, 639, 582, 147, 3.74%, 0, 0, 3, 2532.12
1572723065, 0, 210, 639, 581, 149, 3.74%, 0, 0, 3, 2595.93
1572723085, 0, 210, 640, 582, 149, 3.74%, 0, 0, 3, 2504.61
1572723259, 0, 212, 640, 581, 148, 3.74%, 0, 0, 3, 2624.61
1572723423, 0, 212, 641, 582, 148, 3.74%, 0, 0, 3, 2531.15
1572723454, 0, 216, 641, 581, 147, 3.74%, 0, 0, 3, 2582.11
1572723459, 0, 219, 641, 580, 146, 3.74%, 0, 0, 3, 2684.76
1572723653, 0, 226, 642, 580, 146, 3.74%, 0, 0, 3, 2606.74
1572723725, 0, 226, 643, 581, 146, 3.74%, 0, 0, 3, 2510.25
1572723848, 0, 230, 643, 580, 145, 3.74%, 0, 0, 3, 2566.46
1572723868, 0, 230, 649, 586, 145, 3.77%, 0, 0, 3, 2438.59
1572723873, 0, 230, 655, 592, 145, 3.79%, 0, 0, 3, 2437.07
1572723894, 0, 230, 656, 593, 145, 3.79%, 0, 0, 3, 2450.78
1572723919, 0, 230, 657, 594, 145, 3.80%, 0, 0, 3, 2433.61
1572723925, 0, 230, 659, 596, 145, 3.80%, 0, 0, 3, 2468.77
1572723930, 0, 230, 660, 597, 145, 3.80%, 0, 0, 3, 2438.06
1572723945, 0, 230, 661, 598, 145, 3.80%, 0, 0, 3, 2466.57
1572723950, 0, 230, 662, 599, 145, 3.80%, 0, 0, 3, 2459.80
1572723955, 0, 230, 663, 600, 145, 3.80%, 0, 0, 3, 2467.67
1572724047, 0, 231, 663, 599, 160, 3.80%, 0, 0, 3, 2496.97
1572724068, 0, 231, 665, 601, 160, 3.80%, 0, 0, 3, 2363.66
1572724073, 0, 231, 666, 602, 160, 3.80%, 0, 0, 3, 2368.95
1572724119, 0, 231, 667, 603, 160, 3.80%, 0, 0, 3, 2388.19
1572724134, 0, 231, 668, 604, 160, 3.80%, 0, 0, 3, 2401.35
1572724150, 0, 231, 669, 605, 160, 3.80%, 0, 0, 3, 2401.03
1572724212, 0, 231, 670, 606, 160, 3.80%, 0, 0, 3, 2402.47
1572724237, 0, 231, 671, 607, 160, 3.80%, 0, 0, 3, 2433.90
1572724252, 0, 234, 713, 648, 159, 3.86%, 0, 0, 3, 2593.44
1572724263, 0, 234, 725, 660, 159, 3.87%, 0, 0, 3, 2635.15
1572724278, 0, 234, 727, 662, 159, 3.87%, 0, 0, 3, 2641.43
1572724288, 0, 234, 728, 663, 159, 3.88%, 0, 0, 3, 2640.74
1572724294, 0, 234, 736, 671, 159, 3.88%, 0, 0, 3, 2639.92
1572724299, 0, 234, 739, 674, 159, 3.90%, 0, 0, 3, 2642.24
1572724309, 0, 234, 741, 676, 159, 3.90%, 0, 0, 3, 2653.83
1572724314, 0, 234, 746, 681, 159, 3.91%, 0, 0, 3, 2642.60
1572724319, 0, 234, 749, 684, 159, 3.91%, 0, 0, 3, 2634.59
1572724324, 0, 234, 762, 697, 159, 3.92%, 0, 0, 3, 2640.66
1572724329, 0, 234, 770, 705, 159, 3.92%, 0, 0, 3, 2641.46
1572724335, 0, 235, 772, 706, 185, 3.93%, 0, 0, 3, 2629.19
1572724493, 0, 235, 773, 707, 185, 3.93%, 0, 0, 3, 2531.07
1572724534, 0, 236, 774, 707, 184, 3.93%, 0, 0, 3, 2556.01
1572724544, 0, 236, 778, 711, 184, 3.94%, 0, 0, 3, 2505.96
1572724554, 0, 236, 780, 713, 184, 3.94%, 0, 0, 3, 2523.45
1572724728, 0, 237, 780, 712, 188, 3.94%, 0, 0, 3, 2629.62
1572724733, 0, 237, 781, 713, 188, 3.95%, 0, 0, 3, 2528.63
1572724749, 0, 237, 782, 714, 188, 3.95%, 0, 0, 3, 2514.22
1572724928, 0, 243, 782, 713, 188, 3.95%, 0, 0, 3, 2572.82
1572724949, 0, 243, 783, 714, 188, 3.95%, 0, 0, 3, 2555.37
1572725113, 0, 250, 783, 713, 187, 3.95%, 0, 0, 3, 2618.05
1572725174, 0, 254, 783, 712, 186, 3.95%, 0, 0, 3, 2792.77
1572725374, 0, 256, 783, 711, 185, 3.95%, 0, 0, 3, 2589.26
1572725574, 0, 257, 783, 710, 184, 3.95%, 0, 0, 3, 2542.96
1572725594, 0, 257, 784, 711, 184, 3.95%, 0, 0, 3, 2518.08
1572725655, 0, 257, 787, 714, 184, 3.96%, 0, 0, 3, 2545.99
1572725768, 0, 258, 787, 713, 186, 3.96%, 0, 0, 3, 2595.06
1572725794, 0, 258, 788, 714, 186, 3.96%, 0, 0, 3, 2508.37
1572725855, 0, 258, 789, 715, 186, 3.96%, 0, 0, 3, 2536.84
1572725968, 0, 259, 789, 714, 186, 3.96%, 0, 0, 3, 2589.77
1572725993, 0, 259, 790, 715, 186, 3.96%, 0, 0, 3, 2508.93
1572726060, 0, 259, 791, 716, 186, 3.96%, 0, 0, 3, 2526.62
1572726152, 0, 259, 792, 717, 186, 3.96%, 0, 0, 3, 2554.10
1572726168, 0, 261, 792, 716, 184, 3.96%, 0, 0, 3, 2537.32
1572726188, 0, 261, 793, 717, 184, 3.96%, 0, 0, 3, 2509.89
1572726367, 0, 262, 793, 716, 183, 3.96%, 0, 0, 3, 2549.10
1572726459, 0, 262, 794, 717, 183, 3.96%, 0, 0, 3, 2526.69
1572726566, 0, 263, 794, 716, 182, 3.96%, 0, 0, 3, 2565.06
1572726587, 0, 263, 797, 719, 182, 3.96%, 0, 0, 3, 2431.95
1572726592, 0, 263, 799, 721, 182, 3.97%, 0, 0, 3, 2432.37
1572726612, 0, 263, 800, 722, 182, 3.97%, 0, 0, 3, 2443.41
1572726638, 0, 263, 802, 724, 182, 3.97%, 0, 0, 3, 2448.88
1572726643, 0, 263, 803, 725, 182, 3.97%, 0, 0, 3, 2478.94
1572726658, 0, 263, 806, 728, 182, 3.98%, 0, 0, 3, 2488.85
1572726663, 0, 263, 812, 734, 182, 3.99%, 0, 0, 3, 2461.82
1572726668, 0, 263, 816, 738, 182, 4.00%, 0, 0, 3, 2456.39
1572726673, 0, 263, 817, 739, 182, 4.00%, 0, 0, 3, 2496.99
1572726760, 0, 263, 819, 741, 182, 4.01%, 0, 0, 3, 2499.53
1572726776, 0, 265, 819, 740, 197, 4.01%, 0, 0, 3, 2534.05
1572726796, 0, 265, 820, 741, 197, 4.01%, 0, 0, 3, 2515.33
1572726868, 0, 265, 821, 742, 197, 4.01%, 0, 0, 3, 2528.56
1572726975, 0, 266, 821, 741, 196, 4.01%, 0, 0, 3, 2589.35
1572727001, 0, 266, 822, 742, 196, 4.01%, 0, 0, 3, 2510.33
1572727072, 0, 266, 823, 743, 196, 4.01%, 0, 0, 3, 2524.54
1572727175, 0, 267, 823, 742, 195, 4.01%, 0, 0, 3, 2618.83
1572727200, 0, 267, 824, 743, 195, 4.01%, 0, 0, 3, 2517.05
1572727271, 0, 267, 825, 744, 195, 4.01%, 0, 0, 3, 2528.49
1572727379, 0, 268, 825, 743, 194, 4.01%, 0, 0, 3, 2533.14
1572727399, 0, 268, 826, 744, 194, 4.01%, 0, 0, 3, 2511.42
1572727476, 0, 268, 827, 745, 194, 4.01%, 0, 0, 3, 2520.85
1572727578, 0, 269, 827, 744, 193, 4.01%, 0, 0, 3, 2602.09
1572727604, 0, 269, 828, 745, 193, 4.01%, 0, 0, 3, 2510.71
1572727681, 0, 269, 829, 746, 193, 4.01%, 0, 0, 3, 2532.66
1572727783, 0, 270, 829, 745, 192, 4.01%, 0, 0, 3, 2554.37
1572727803, 0, 270, 830, 746, 192, 4.01%, 0, 0, 3, 2497.63
1572727880, 0, 270, 831, 747, 192, 4.01%, 0, 0, 3, 2524.05
1572727983, 0, 271, 831, 746, 191, 4.01%, 0, 0, 3, 2625.28
1572728008, 0, 271, 833, 748, 191, 4.01%, 0, 0, 3, 2441.24
1572728053, 0, 271, 834, 749, 191, 4.01%, 0, 0, 3, 2452.01
1572728187, 0, 272, 834, 748, 190, 4.01%, 0, 0, 3, 2523.52
1572728213, 0, 272, 835, 749, 190, 4.01%, 0, 0, 3, 2518.94
1572728238, 0, 272, 836, 750, 190, 4.01%, 0, 0, 3, 2517.48
1572728294, 0, 272, 837, 751, 190, 4.01%, 0, 0, 3, 2538.60
1572728391, 0, 273, 837, 750, 190, 4.01%, 0, 0, 3, 2566.73
1572728591, 0, 280, 837, 749, 190, 4.01%, 0, 0, 3, 2681.33
1572728729, 0, 281, 837, 748, 189, 4.01%, 0, 0, 3, 2739.48
1572728877, 0, 286, 837, 747, 188, 4.01%, 0, 0, 3, 2803.33
1572728934, 0, 287, 837, 746, 187, 4.01%, 0, 0, 3, 2712.24
1572729098, 0, 287, 838, 747, 187, 4.01%, 0, 0, 3, 2497.29
1572729124, 0, 287, 840, 749, 187, 4.01%, 0, 0, 3, 2498.84
1572729144, 0, 288, 840, 748, 186, 4.01%, 0, 0, 3, 2530.10
1572729343, 0, 290, 840, 747, 185, 4.01%, 0, 0, 3, 2681.65
1572729480, 0, 291, 840, 746, 184, 4.01%, 0, 0, 3, 2854.84
1572729485, 0, 294, 841, 746, 184, 4.02%, 0, 0, 3, 2755.25
1572729633, 0, 298, 841, 745, 183, 4.02%, 0, 0, 3, 2502.70
1572729653, 0, 298, 842, 746, 183, 4.02%, 0, 0, 3, 2451.78
1572729813, 0, 298, 843, 747, 183, 4.02%, 0, 0, 3, 2458.07
1572729838, 0, 304, 846, 749, 182, 4.02%, 0, 0, 3, 2573.03
1572729844, 0, 304, 847, 750, 182, 4.03%, 0, 0, 3, 2622.44
1572729869, 0, 313, 849, 751, 183, 4.03%, 0, 0, 3, 2712.92
1572729946, 0, 313, 850, 752, 183, 4.03%, 0, 0, 3, 2594.81
1572730033, 0, 315, 850, 751, 182, 4.03%, 0, 0, 3, 2810.47
1572730038, 0, 321, 850, 750, 181, 4.03%, 0, 0, 3, 2643.79
1572730058, 0, 321, 851, 751, 181, 4.03%, 0, 0, 3, 2438.39
1572730227, 0, 325, 851, 750, 180, 4.03%, 0, 0, 3, 2585.92
1572730310, 0, 338, 852, 750, 179, 4.03%, 0, 0, 3, 2631.29
1572730386, 0, 338, 853, 751, 179, 4.03%, 0, 0, 3, 2603.79
1572730468, 0, 341, 853, 750, 178, 4.03%, 0, 0, 3, 2558.37
1572730488, 0, 341, 855, 752, 178, 4.03%, 0, 0, 3, 2516.13
1572730667, 0, 341, 856, 753, 178, 4.03%, 0, 0, 3, 2519.72
1572730672, 0, 342, 856, 752, 177, 4.03%, 0, 0, 3, 2635.21
1572730816, 0, 349, 856, 751, 176, 4.03%, 0, 0, 3, 2717.11
1572730836, 0, 349, 857, 752, 176, 4.03%, 0, 0, 3, 2585.77
1572730842, 0, 349, 858, 753, 176, 4.03%, 0, 0, 3, 2586.48
1572730903, 0, 349, 860, 755, 176, 4.03%, 0, 0, 3, 2647.43
1572730939, 0, 349, 861, 756, 176, 4.03%, 0, 0, 3, 2648.98
1572730944, 0, 349, 862, 757, 176, 4.03%, 0, 0, 3, 2650.78
1572730954, 0, 357, 867, 759, 175, 4.03%, 0, 0, 4, 2763.90
1572730959, 0, 358, 867, 758, 175, 4.03%, 0, 0, 4, 2836.39
1572730965, 0, 360, 869, 758, 173, 4.04%, 0, 0, 4, 3029.05
1572730970, 0, 362, 876, 764, 177, 4.07%, 0, 0, 4, 3040.25
1572730975, 0, 362, 884, 772, 177, 4.09%, 0, 0, 4, 2951.96
1572730980, 0, 363, 884, 771, 185, 4.09%, 0, 0, 4, 2922.47
1572730985, 0, 365, 885, 770, 183, 4.09%, 0, 0, 4, 2994.75
1572730990, 0, 366, 886, 770, 182, 4.11%, 0, 0, 4, 2970.09
1572730995, 0, 368, 887, 770, 182, 4.11%, 0, 0, 4, 2761.93
1572731016, 0, 368, 901, 784, 182, 4.12%, 0, 0, 4, 2510.82
1572731021, 0, 368, 910, 793, 182, 4.12%, 0, 0, 4, 2506.53
1572731041, 0, 368, 920, 803, 182, 4.14%, 0, 0, 4, 2521.56
1572731067, 0, 368, 921, 804, 182, 4.14%, 0, 0, 4, 2498.81
1572731082, 0, 368, 927, 810, 182, 4.14%, 0, 0, 4, 2543.89
1572731087, 0, 368, 928, 811, 182, 4.14%, 0, 0, 4, 2534.00
1572731092, 0, 368, 932, 815, 182, 4.14%, 0, 0, 4, 2578.35
1572731163, 0, 368, 933, 816, 182, 4.14%, 0, 0, 4, 2547.70
1572731179, 0, 375, 933, 815, 190, 4.14%, 0, 0, 4, 2581.26
1572731204, 0, 375, 934, 816, 190, 4.14%, 0, 0, 4, 2503.63
1572731225, 0, 375, 935, 817, 190, 4.14%, 0, 0, 4, 2521.97
1572731383, 0, 377, 935, 816, 190, 4.14%, 0, 0, 4, 2558.66
1572731404, 0, 377, 941, 822, 190, 4.14%, 0, 0, 4, 2502.86
1572731409, 0, 377, 944, 825, 190, 4.15%, 0, 0, 4, 2498.75
1572731429, 0, 377, 946, 827, 190, 4.15%, 0, 0, 4, 2514.05
1572731470, 0, 377, 948, 829, 190, 4.16%, 0, 0, 4, 2530.26
1572731475, 0, 377, 950, 831, 190, 4.16%, 0, 0, 4, 2518.93
1572731485, 0, 377, 953, 834, 190, 4.16%, 0, 0, 4, 2541.06
1572731583, 0, 379, 953, 833, 194, 4.16%, 0, 0, 4, 2621.76
1572731614, 0, 379, 954, 834, 194, 4.16%, 0, 0, 4, 2788.31
1572731712, 0, 407, 954, 833, 193, 4.16%, 0, 0, 4, 2587.57
1572731732, 0, 407, 965, 844, 193, 4.16%, 0, 0, 4, 2450.85
1572731814, 0, 407, 967, 846, 193, 4.16%, 0, 0, 4, 2488.66
1572731916, 0, 413, 968, 846, 195, 4.16%, 0, 0, 4, 2566.45
1572731921, 0, 413, 969, 847, 195, 4.16%, 0, 0, 4, 2529.93
1572731936, 0, 413, 971, 849, 195, 4.16%, 0, 0, 4, 2503.00
1572731941, 0, 413, 974, 852, 195, 4.16%, 0, 0, 4, 2515.09
1572732121, 0, 416, 974, 851, 196, 4.16%, 0, 0, 4, 2602.16
1572732126, 0, 416, 975, 852, 196, 4.16%, 0, 0, 4, 2532.16
1572732141, 0, 416, 978, 855, 196, 4.16%, 0, 0, 4, 2507.71
1572732146, 0, 416, 981, 858, 196, 4.17%, 0, 0, 4, 2517.89
1572732326, 0, 419, 981, 857, 198, 4.17%, 0, 0, 4, 2545.70
1572732346, 0, 419, 986, 862, 198, 4.17%, 0, 0, 4, 2521.46
1572732483, 0, 419, 987, 863, 198, 4.17%, 0, 0, 4, 2549.05
1572732529, 0, 426, 987, 862, 197, 4.17%, 0, 0, 4, 2555.82
1572732550, 0, 426, 992, 867, 197, 4.17%, 0, 0, 4, 2527.50
1572732729, 0, 427, 994, 868, 197, 4.17%, 0, 0, 4, 2591.51
1572732749, 0, 427, 999, 873, 197, 4.17%, 0, 0, 4, 2518.48
1572732754, 0, 427, 1000, 874, 197, 4.18%, 0, 0, 4, 2516.07
1572732775, 0, 427, 1001, 875, 197, 4.18%, 0, 0, 4, 2525.87
1572732806, 0, 427, 1004, 878, 197, 4.19%, 0, 0, 4, 2524.18
1572732934, 0, 433, 1004, 877, 195, 4.19%, 0, 0, 4, 2564.75
1572732955, 0, 433, 1009, 882, 195, 4.19%, 0, 0, 4, 2514.78
1572733139, 0, 434, 1009, 881, 195, 4.19%, 0, 0, 4, 2607.42
1572733160, 0, 434, 1013, 885, 195, 4.19%, 0, 0, 4, 2517.91
1572733165, 0, 434, 1014, 886, 195, 4.19%, 0, 0, 4, 2517.72
1572733348, 0, 435, 1014, 885, 195, 4.19%, 0, 0, 4, 2540.66
1572733368, 0, 435, 1019, 890, 195, 4.19%, 0, 0, 4, 2524.61
1572733553, 0, 449, 1019, 889, 195, 4.19%, 0, 0, 4, 2739.53
1572733558, 0, 449, 1020, 890, 195, 4.19%, 0, 0, 4, 2794.26
1572733568, 0, 449, 1021, 891, 195, 4.19%, 0, 0, 4, 2820.65
1572733665, 0, 452, 1021, 890, 196, 4.19%, 0, 0, 4, 2848.80
1572733701, 0, 452, 1026, 895, 196, 4.19%, 0, 0, 4, 2748.87
1572733706, 0, 452, 1032, 901, 196, 4.20%, 0, 0, 4, 2747.99
1572733794, 0, 453, 1032, 900, 203, 4.20%, 0, 0, 4, 2770.70
1572733927, 0, 456, 1033, 900, 202, 4.20%, 0, 0, 4, 2771.75
1572733943, 0, 457, 1033, 899, 201, 4.20%, 0, 0, 4, 2716.85
1572734071, 0, 458, 1033, 898, 200, 4.20%, 0, 0, 4, 2715.46
1572734081, 0, 458, 1034, 899, 200, 4.20%, 0, 0, 4, 2702.06
1572734182, 0, 460, 1034, 898, 200, 4.20%, 0, 0, 4, 2755.06
1572734213, 0, 460, 1035, 899, 200, 4.20%, 0, 0, 4, 2731.42
1572734300, 0, 460, 1036, 900, 200, 4.20%, 0, 0, 4, 2749.39
1572734305, 0, 463, 1036, 898, 198, 4.20%, 0, 0, 4, 2886.32
1572734356, 0, 467, 1037, 898, 197, 4.20%, 0, 0, 4, 2907.24
1572734362, 0, 469, 1038, 898, 196, 4.20%, 0, 0, 4, 2831.47
1572734422, 0, 469, 1040, 900, 196, 4.21%, 0, 0, 4, 2801.29
1572734448, 0, 473, 1040, 899, 196, 4.21%, 0, 0, 4, 2649.74
1572734468, 0, 473, 1041, 900, 196, 4.21%, 0, 0, 4, 2317.08
1572734473, 0, 473, 1042, 901, 196, 4.21%, 0, 0, 4, 2336.24
1572734607, 0, 473, 1043, 902, 196, 4.21%, 0, 0, 4, 2380.51
1572734653, 0, 476, 1043, 901, 195, 4.21%, 0, 0, 4, 2498.24
1572734678, 0, 476, 1044, 902, 195, 4.21%, 0, 0, 4, 2517.16
1572734755, 0, 476, 1045, 903, 195, 4.21%, 0, 0, 4, 2555.03
1572734852, 0, 482, 1045, 902, 195, 4.21%, 0, 0, 4, 2553.35
1572735057, 0, 483, 1050, 906, 194, 4.23%, 0, 0, 4, 2605.96
1572735067, 0, 483, 1051, 907, 194, 4.23%, 0, 0, 4, 2623.77
1572735103, 0, 483, 1052, 908, 194, 4.23%, 0, 0, 4, 2634.67
1572735128, 0, 485, 1052, 907, 199, 4.23%, 0, 0, 4, 2668.85
1572735338, 0, 487, 1053, 907, 198, 4.23%, 0, 0, 4, 2673.77
1572735477, 0, 488, 1054, 907, 198, 4.23%, 0, 0, 4, 2760.47
1572735621, 0, 498, 1055, 907, 198, 4.23%, 0, 0, 4, 2720.96
1572735693, 0, 498, 1056, 908, 198, 4.23%, 0, 0, 4, 2694.16
1572735770, 0, 522, 1056, 907, 198, 4.23%, 0, 0, 4, 2576.73
1572735975, 0, 529, 1057, 907, 197, 4.23%, 0, 0, 4, 2627.81
1572736102, 0, 529, 1058, 908, 197, 4.23%, 0, 0, 4, 2654.48
1572736122, 0, 529, 1059, 909, 197, 4.23%, 0, 0, 4, 2651.09
1572736133, 0, 532, 1059, 908, 195, 4.23%, 0, 0, 4, 2700.85
1572736337, 0, 536, 1059, 907, 194, 4.23%, 0, 0, 4, 2605.26
1572736362, 0, 536, 1061, 909, 194, 4.23%, 0, 0, 4, 2437.62
1572736552, 0, 553, 1061, 908, 194, 4.23%, 0, 0, 4, 2587.89
1572736593, 0, 553, 1062, 909, 194, 4.23%, 0, 0, 4, 2590.43
1572736722, 0, 556, 1063, 909, 194, 4.23%, 0, 0, 4, 2527.35
1572736727, 0, 556, 1064, 910, 194, 4.24%, 0, 0, 4, 2419.22
1572736742, 0, 556, 1082, 928, 194, 4.38%, 0, 0, 4, 2392.47
1572736747, 0, 556, 1083, 929, 194, 4.38%, 0, 0, 4, 2401.06
1572736768, 0, 556, 1089, 935, 194, 4.40%, 0, 0, 4, 2418.15
1572736793, 0, 556, 1091, 937, 194, 4.41%, 0, 0, 4, 2390.79
1572736799, 0, 556, 1093, 939, 194, 4.41%, 0, 0, 4, 2429.73
1572736814, 0, 556, 1102, 948, 194, 4.43%, 0, 0, 4, 2251.14
1572736870, 0, 556, 1104, 950, 194, 4.43%, 0, 0, 4, 2444.21
1572736880, 0, 556, 1107, 953, 194, 4.44%, 0, 0, 4, 2472.62
1572736895, 0, 556, 1108, 954, 194, 4.44%, 0, 0, 4, 2439.38
1572736906, 0, 557, 1109, 954, 215, 4.44%, 0, 0, 4, 2452.31
1572736926, 0, 557, 1113, 958, 215, 4.44%, 0, 0, 4, 2345.46
1572736931, 0, 557, 1114, 959, 215, 4.44%, 0, 0, 4, 2354.62
1572736983, 0, 557, 1115, 960, 215, 4.44%, 0, 0, 4, 2410.54
1572737100, 0, 577, 1115, 959, 216, 4.44%, 0, 0, 4, 2505.09
1572737120, 0, 577, 1116, 960, 216, 4.44%, 0, 0, 4, 2503.51
1572737203, 0, 577, 1117, 961, 216, 4.44%, 0, 0, 4, 2525.18
1572737305, 0, 600, 1117, 960, 217, 4.44%, 0, 0, 4, 2794.33
1572737437, 0, 602, 1117, 959, 216, 4.44%, 0, 0, 4, 2930.39
1572737442, 0, 604, 1117, 958, 215, 4.44%, 0, 0, 4, 2973.07
1572737447, 0, 609, 1117, 956, 213, 4.44%, 0, 0, 4, 3003.00
1572737453, 0, 610, 1117, 955, 212, 4.44%, 0, 0, 4, 2966.22
1572737458, 0, 611, 1117, 954, 211, 4.44%, 0, 0, 4, 2953.00
1572737463, 0, 614, 1121, 957, 209, 4.46%, 0, 0, 4, 2960.23
1572737468, 0, 615, 1124, 959, 214, 4.47%, 0, 0, 4, 2968.38
1572737478, 0, 617, 1125, 958, 213, 4.47%, 0, 0, 4, 2978.24
1572737483, 0, 617, 1126, 959, 213, 4.47%, 0, 0, 4, 2989.09
1572737488, 0, 618, 1126, 958, 214, 4.47%, 0, 0, 4, 2978.56
1572737493, 0, 619, 1127, 958, 213, 4.47%, 0, 0, 4, 2953.13
1572737498, 0, 621, 1127, 957, 213, 4.47%, 0, 0, 4, 2957.09
1572737503, 0, 622, 1128, 957, 212, 4.48%, 0, 0, 4, 3026.12
1572737509, 0, 624, 1128, 956, 212, 4.48%, 0, 0, 4, 3028.69
1572737514, 0, 625, 1129, 956, 211, 4.48%, 0, 0, 4, 3036.30
1572737519, 0, 626, 1129, 955, 210, 4.48%, 0, 0, 4, 3036.42
1572737529, 0, 627, 1129, 954, 209, 4.48%, 0, 0, 4, 3028.50
1572737534, 0, 628, 1130, 954, 208, 4.48%, 0, 0, 4, 2996.69
1572737539, 0, 629, 1130, 953, 208, 4.48%, 0, 0, 4, 3014.72
1572737544, 0, 630, 1130, 952, 206, 4.48%, 0, 0, 4, 2978.69
1572737550, 0, 631, 1130, 951, 205, 4.48%, 0, 0, 4, 3040.56
1572737555, 0, 632, 1130, 950, 204, 4.48%, 0, 0, 4, 2937.30
1572737580, 0, 632, 1131, 951, 204, 4.48%, 0, 0, 4, 2524.97
1572737754, 0, 634, 1131, 950, 203, 4.48%, 0, 0, 4, 2577.23
1572737774, 0, 634, 1132, 951, 203, 4.48%, 0, 0, 4, 2492.95
1572737831, 0, 634, 1133, 952, 203, 4.48%, 0, 0, 4, 2500.07
1572737963, 0, 635, 1133, 951, 203, 4.48%, 0, 0, 4, 2528.81
1572738167, 0, 636, 1133, 950, 202, 4.48%, 0, 0, 4, 2527.19
1572738188, 0, 636, 1134, 951, 202, 4.48%, 0, 0, 4, 2501.84
1572738372, 0, 646, 1134, 950, 201, 4.48%, 0, 0, 4, 2544.31
1572738392, 0, 646, 1135, 951, 201, 4.48%, 0, 0, 4, 2488.46
1572738444, 0, 646, 1136, 952, 201, 4.48%, 0, 0, 4, 2520.56
1572738546, 0, 660, 1136, 951, 199, 4.48%, 0, 0, 4, 2575.78
1572738571, 0, 660, 1148, 963, 199, 4.61%, 0, 0, 4, 2413.39
1572738597, 0, 660, 1156, 971, 199, 4.62%, 0, 0, 4, 2404.96
1572738622, 0, 660, 1162, 977, 199, 4.63%, 0, 0, 4, 1877.76
1572738648, 0, 660, 1166, 981, 199, 4.63%, 0, 0, 4, 2519.95
1572738673, 0, 660, 1168, 983, 199, 4.63%, 0, 0, 4, 2478.16
1572738755, 0, 660, 1170, 985, 199, 4.63%, 0, 0, 4, 2410.64
1572738760, 0, 665, 1171, 985, 208, 4.63%, 0, 0, 4, 2516.20
1572738786, 0, 665, 1174, 988, 208, 4.63%, 0, 0, 4, 2340.06
1572738979, 0, 675, 1174, 987, 209, 4.63%, 0, 0, 4, 2470.08
1572739004, 0, 683, 1174, 986, 208, 4.63%, 0, 0, 4, 2603.55
1572739035, 0, 683, 1177, 989, 208, 4.63%, 0, 0, 4, 2340.39
1572739147, 0, 683, 1185, 997, 208, 4.63%, 0, 0, 4, 2525.96
1572739152, 0, 683, 1188, 1000, 208, 4.63%, 0, 0, 4, 2638.13
1572739157, 0, 688, 1189, 1000, 210, 4.64%, 0, 0, 4, 2650.46
1572739234, 0, 696, 1192, 1002, 210, 4.64%, 0, 0, 4, 2727.68
1572739239, 0, 696, 1193, 1003, 210, 4.64%, 0, 0, 4, 2764.33
1572739260, 0, 699, 1193, 1002, 212, 4.64%, 0, 0, 4, 2778.84
1572739275, 0, 701, 1193, 1001, 211, 4.64%, 0, 0, 4, 2786.64
1572739296, 0, 709, 1193, 1000, 210, 4.64%, 0, 0, 4, 2749.90
1572739301, 0, 709, 1194, 1001, 210, 4.64%, 0, 0, 4, 2658.67
1572739373, 0, 710, 1195, 1001, 210, 4.64%, 0, 0, 4, 2641.01
1572739444, 0, 711, 1195, 1000, 210, 4.64%, 0, 0, 4, 2647.31
1572739516, 0, 712, 1195, 999, 209, 4.64%, 0, 0, 4, 2649.82
1572739593, 0, 720, 1195, 998, 208, 4.64%, 0, 0, 4, 2746.74
1572739619, 0, 721, 1196, 998, 207, 4.64%, 0, 0, 4, 2770.91
1572739644, 0, 722, 1197, 998, 206, 4.64%, 0, 0, 4, 2667.93
1572739690, 0, 722, 1198, 999, 206, 4.64%, 0, 0, 4, 2645.45
1572739716, 0, 723, 1201, 1001, 206, 4.65%, 0, 0, 4, 2637.68
1572739731, 0, 723, 1203, 1003, 206, 4.65%, 0, 0, 4, 2642.57
1572739762, 0, 723, 1207, 1007, 206, 4.66%, 0, 0, 4, 2655.43
1572739788, 0, 724, 1207, 1006, 212, 4.66%, 0, 0, 4, 2642.10
1572739865, 0, 727, 1207, 1005, 211, 4.66%, 0, 0, 4, 2634.42
1572739937, 0, 735, 1207, 1004, 210, 4.66%, 0, 0, 4, 2695.20
1572739957, 0, 735, 1208, 1005, 210, 4.66%, 0, 0, 4, 2779.26
1572739962, 0, 738, 1209, 1005, 210, 4.66%, 0, 0, 4, 2908.53
1572739967, 0, 742, 1210, 1005, 209, 4.67%, 0, 0, 4, 2701.24
1572740029, 0, 742, 1211, 1006, 209, 4.67%, 0, 0, 4, 2647.93
1572740039, 0, 743, 1211, 1005, 210, 4.67%, 0, 0, 4, 2635.64
1572740101, 0, 743, 1212, 1006, 210, 4.67%, 0, 0, 4, 2649.89
1572740111, 0, 745, 1213, 1006, 209, 4.67%, 0, 0, 4, 2677.95
1572740116, 0, 750, 1213, 1005, 208, 4.67%, 0, 0, 4, 2861.40
1572740121, 0, 750, 1214, 1006, 208, 4.67%, 0, 0, 4, 2803.81
1572740142, 0, 758, 1214, 1005, 208, 4.67%, 0, 0, 4, 2735.63
1572740147, 0, 760, 1214, 1004, 207, 4.67%, 0, 0, 4, 2799.80
1572740167, 0, 763, 1216, 1005, 206, 4.67%, 0, 0, 4, 2815.83
1572740188, 0, 766, 1216, 1004, 207, 4.67%, 0, 0, 4, 2802.90
1572740193, 0, 770, 1216, 1003, 206, 4.67%, 0, 0, 4, 2755.01
1572740203, 0, 770, 1217, 1004, 206, 4.67%, 0, 0, 4, 2627.14
1572740224, 0, 771, 1217, 1003, 206, 4.67%, 0, 0, 4, 2673.66
1572740249, 0, 772, 1217, 1002, 204, 4.67%, 0, 0, 4, 2651.46
1572740439, 0, 772, 1218, 1003, 204, 4.67%, 0, 0, 4, 2616.75
1572740445, 0, 774, 1218, 1002, 203, 4.67%, 0, 0, 4, 2530.39
1572740460, 0, 774, 1220, 1004, 203, 4.67%, 0, 0, 4, 2489.93
1572740465, 0, 774, 1223, 1007, 203, 4.67%, 0, 0, 4, 2501.97
1572740650, 0, 775, 1223, 1006, 203, 4.67%, 0, 0, 4, 2602.31
1572740670, 0, 775, 1227, 1010, 203, 4.67%, 0, 0, 4, 2500.92
1572740675, 0, 775, 1228, 1011, 203, 4.67%, 0, 0, 4, 2500.03
1572740859, 0, 776, 1228, 1010, 203, 4.67%, 0, 0, 4, 2567.94
1572740880, 0, 776, 1233, 1015, 203, 4.67%, 0, 0, 4, 2506.05
1572741069, 0, 777, 1234, 1015, 203, 4.67%, 0, 0, 4, 2546.50
1572741089, 0, 777, 1239, 1020, 203, 4.67%, 0, 0, 4, 2505.31
1572741273, 0, 778, 1239, 1019, 203, 4.67%, 0, 0, 4, 2570.54
1572741278, 0, 778, 1242, 1022, 203, 4.67%, 0, 0, 4, 2601.24
1572741299, 0, 778, 1244, 1024, 203, 4.67%, 0, 0, 4, 2602.56
1572741320, 0, 778, 1245, 1025, 203, 4.67%, 0, 0, 4, 2612.90
1572741350, 0, 778, 1246, 1026, 203, 4.67%, 0, 0, 4, 2625.56
1572741432, 0, 784, 1246, 1025, 203, 4.67%, 0, 0, 4, 2704.56
1572741458, 0, 784, 1247, 1026, 203, 4.67%, 0, 0, 4, 2525.23
1572741519, 0, 784, 1248, 1027, 203, 4.68%, 0, 0, 4, 2554.64
1572741636, 0, 786, 1248, 1026, 203, 4.68%, 0, 0, 4, 2558.17
1572741657, 0, 786, 1249, 1027, 203, 4.68%, 0, 0, 4, 2438.47
1572741738, 0, 786, 1250, 1028, 203, 4.68%, 0, 0, 4, 2451.80
1572741846, 0, 788, 1250, 1027, 202, 4.68%, 0, 0, 4, 2537.48
1572741867, 0, 788, 1251, 1028, 202, 4.68%, 0, 0, 4, 2429.06
1572742056, 0, 791, 1251, 1027, 201, 4.68%, 0, 0, 4, 2542.23
1572742081, 0, 791, 1253, 1029, 201, 4.68%, 0, 0, 4, 2508.75
1572742260, 0, 795, 1254, 1029, 201, 4.68%, 0, 0, 4, 2577.87
1572742423, 0, 803, 1254, 1028, 201, 4.68%, 0, 0, 4, 2508.94
1572742443, 0, 803, 1256, 1030, 201, 4.68%, 0, 0, 4, 2454.83
1572742490, 0, 803, 1257, 1031, 201, 4.68%, 0, 0, 4, 2456.52
1572742511, 0, 803, 1258, 1032, 201, 4.68%, 0, 0, 4, 2473.48
1572742628, 0, 803, 1259, 1033, 201, 4.68%, 0, 0, 4, 2511.95
1572742633, 0, 805, 1259, 1032, 204, 4.68%, 0, 0, 4, 2480.90
1572742653, 0, 805, 1260, 1033, 204, 4.68%, 0, 0, 4, 2445.67
1572742842, 0, 806, 1260, 1032, 203, 4.68%, 0, 0, 4, 2482.55
1572742862, 0, 806, 1261, 1033, 203, 4.68%, 0, 0, 4, 2435.92
1572742933, 0, 806, 1262, 1034, 203, 4.68%, 0, 0, 4, 2473.19
1572743051, 0, 807, 1262, 1033, 203, 4.68%, 0, 0, 4, 2553.45
1572743072, 0, 807, 1263, 1034, 203, 4.68%, 0, 0, 4, 2425.45
1572743148, 0, 807, 1264, 1035, 203, 4.69%, 0, 0, 4, 2464.70
1572743261, 0, 808, 1264, 1034, 203, 4.69%, 0, 0, 4, 2533.03
1572743286, 0, 808, 1265, 1035, 203, 4.69%, 0, 0, 4, 2450.44
1572743358, 0, 808, 1267, 1037, 203, 4.69%, 0, 0, 4, 2471.09
1572743476, 0, 810, 1267, 1036, 204, 4.69%, 0, 0, 4, 2484.24
1572743496, 0, 810, 1268, 1037, 204, 4.69%, 0, 0, 4, 2442.44
1572743572, 0, 810, 1269, 1038, 204, 4.69%, 0, 0, 4, 2461.83
1572743685, 0, 811, 1269, 1037, 204, 4.69%, 0, 0, 4, 2534.45
1572743705, 0, 811, 1270, 1038, 204, 4.69%, 0, 0, 4, 2438.52
1572743782, 0, 811, 1271, 1039, 204, 4.70%, 0, 0, 4, 2468.92
1572743895, 0, 812, 1271, 1038, 204, 4.70%, 0, 0, 4, 2576.91
1572743915, 0, 812, 1272, 1039, 204, 4.70%, 0, 0, 4, 2431.74
1572743997, 0, 812, 1273, 1040, 204, 4.70%, 0, 0, 4, 2463.25
1572744109, 0, 813, 1273, 1039, 204, 4.70%, 0, 0, 4, 2463.62
1572744129, 0, 813, 1274, 1040, 204, 4.70%, 0, 0, 4, 2447.60
1572744206, 0, 813, 1275, 1041, 204, 4.70%, 0, 0, 4, 2464.56
1572744318, 0, 814, 1275, 1040, 204, 4.70%, 0, 0, 4, 2493.84
1572744339, 0, 814, 1276, 1041, 204, 4.70%, 0, 0, 4, 2437.21
1572744364, 0, 814, 1277, 1042, 204, 4.71%, 0, 0, 4, 2454.51
1572744528, 0, 815, 1278, 1042, 204, 4.71%, 0, 0, 4, 2554.94
1572744712, 0, 815, 1280, 1044, 204, 4.71%, 0, 0, 4, 2521.50
1572744727, 0, 836, 1281, 1044, 202, 4.71%, 0, 0, 4, 2590.72
1572744752, 0, 836, 1282, 1045, 202, 4.71%, 0, 0, 4, 2508.17
1572744931, 0, 840, 1282, 1044, 201, 4.71%, 0, 0, 4, 2735.20
1572744936, 0, 841, 1282, 1043, 200, 4.71%, 0, 0, 4, 2898.12
1572745023, 0, 841, 1283, 1044, 200, 4.71%, 0, 0, 4, 2467.72
1572745044, 0, 841, 1284, 1045, 200, 4.71%, 0, 0, 4, 2499.28
1572745151, 0, 846, 1284, 1044, 200, 4.71%, 0, 0, 4, 2628.95
1572745156, 0, 846, 1285, 1045, 200, 4.71%, 0, 0, 4, 2643.06
1572745182, 0, 857, 1285, 1043, 199, 4.71%, 0, 0, 4, 2839.77
1572745187, 0, 857, 1286, 1044, 199, 4.71%, 0, 0, 4, 2588.12
1572745207, 0, 857, 1287, 1045, 199, 4.71%, 0, 0, 4, 2521.80
1572745228, 0, 857, 1288, 1046, 199, 4.71%, 0, 0, 4, 2516.89
1572745254, 0, 857, 1289, 1047, 199, 4.71%, 0, 0, 4, 2492.69
1572745304, 0, 857, 1290, 1048, 199, 4.71%, 0, 0, 4, 2589.15
1572745310, 0, 857, 1291, 1049, 199, 4.71%, 0, 0, 4, 2565.54
1572745325, 0, 860, 1292, 1049, 202, 4.71%, 0, 0, 4, 2658.86
1572745448, 0, 861, 1292, 1048, 202, 4.71%, 0, 0, 4, 2782.46
1572745453, 0, 861, 1293, 1049, 202, 4.71%, 0, 0, 4, 2694.95
1572745530, 0, 861, 1294, 1050, 202, 4.71%, 0, 0, 4, 2719.95
1572745570, 0, 861, 1295, 1051, 202, 4.71%, 0, 0, 4, 2717.59
1572745580, 0, 867, 1298, 1051, 203, 4.73%, 0, 0, 5, 2800.72
1572745591, 0, 868, 1298, 1050, 202, 4.73%, 0, 0, 5, 3154.31
1572745596, 0, 869, 1300, 1051, 203, 4.75%, 0, 0, 5, 3020.78
1572745601, 0, 871, 1300, 1049, 201, 4.75%, 0, 0, 5, 3022.84
1572745606, 0, 876, 1300, 1047, 199, 4.75%, 0, 0, 5, 2982.93
1572745611, 0, 878, 1300, 1046, 198, 4.75%, 0, 0, 5, 2982.29
1572745616, 0, 880, 1300, 1044, 196, 4.75%, 0, 0, 5, 2956.61
1572745621, 0, 881, 1300, 1043, 195, 4.75%, 0, 0, 5, 2966.98
1572745626, 0, 882, 1300, 1042, 194, 4.75%, 0, 0, 5, 2953.02
1572745631, 0, 883, 1300, 1041, 193, 4.75%, 0, 0, 5, 2977.37
1572745636, 0, 884, 1300, 1040, 192, 4.75%, 0, 0, 5, 2986.73
1572745641, 0, 885, 1303, 1042, 191, 4.76%, 0, 0, 5, 2965.31
1572745646, 0, 886, 1303, 1041, 191, 4.76%, 0, 0, 5, 2722.13
1572745662, 0, 886, 1305, 1043, 191, 4.76%, 0, 0, 5, 2642.86
1572745667, 0, 886, 1308, 1046, 191, 4.76%, 0, 0, 5, 2645.89
1572745688, 0, 886, 1309, 1047, 191, 4.76%, 0, 0, 5, 2650.72
1572745708, 0, 886, 1310, 1048, 191, 4.76%, 0, 0, 5, 2650.00
1572745724, 0, 886, 1311, 1049, 191, 4.76%, 0, 0, 5, 2660.09
1572745729, 0, 886, 1314, 1052, 191, 4.76%, 0, 0, 5, 2667.69
1572745810, 0, 890, 1314, 1051, 191, 4.76%, 0, 0, 5, 2665.21
1572745831, 0, 890, 1315, 1052, 191, 4.76%, 0, 0, 5, 2576.05
1572745979, 0, 896, 1315, 1051, 190, 4.76%, 0, 0, 5, 2699.66
1572746164, 0, 900, 1315, 1050, 189, 4.76%, 0, 0, 5, 2639.74
1572746184, 0, 900, 1316, 1051, 189, 4.76%, 0, 0, 5, 2561.42
1572746210, 0, 900, 1317, 1052, 189, 4.76%, 0, 0, 5, 2574.86
1572746302, 0, 900, 1318, 1053, 189, 4.76%, 0, 0, 5, 2586.71
1572746337, 0, 902, 1318, 1052, 189, 4.76%, 0, 0, 5, 2639.65
1572746384, 0, 902, 1319, 1053, 189, 4.76%, 0, 0, 5, 2527.17
1572746414, 0, 902, 1320, 1054, 189, 4.76%, 0, 0, 5, 2517.95
1572746522, 0, 905, 1321, 1054, 188, 4.76%, 0, 0, 5, 2686.28
1572746542, 0, 905, 1322, 1055, 188, 4.76%, 0, 0, 5, 2482.71
1572746547, 0, 905, 1323, 1056, 188, 4.76%, 0, 0, 5, 2487.92
1572746568, 0, 905, 1324, 1057, 188, 4.76%, 0, 0, 5, 2494.27
1572746727, 0, 906, 1324, 1056, 187, 4.76%, 0, 0, 5, 2604.78
1572746910, 0, 912, 1324, 1055, 186, 4.76%, 0, 0, 5, 2615.16
1572746956, 0, 912, 1325, 1056, 186, 4.76%, 0, 0, 5, 2524.57
1572747079, 0, 912, 1326, 1057, 186, 4.76%, 0, 0, 5, 2543.98
1572747094, 0, 924, 1326, 1056, 186, 4.76%, 0, 0, 5, 2608.76
1572747119, 0, 924, 1327, 1057, 186, 4.76%, 0, 0, 5, 2509.55
1572747277, 0, 927, 1327, 1056, 185, 4.76%, 0, 0, 5, 2624.77
1572747451, 0, 935, 1327, 1055, 184, 4.76%, 0, 0, 5, 2626.31
1572747472, 0, 935, 1329, 1057, 184, 4.76%, 0, 0, 5, 2494.65
1572747554, 0, 935, 1330, 1058, 184, 4.76%, 0, 0, 5, 2525.22
1572747661, 0, 945, 1330, 1057, 184, 4.76%, 0, 0, 5, 2524.31
1572747682, 0, 945, 1331, 1058, 184, 4.76%, 0, 0, 5, 2498.60
1572747862, 0, 947, 1332, 1058, 184, 4.76%, 0, 0, 5, 2629.85
1572748024, 0, 948, 1332, 1057, 183, 4.76%, 0, 0, 5, 2672.71
1572748122, 0, 948, 1333, 1058, 183, 4.76%, 0, 0, 5, 2589.65
1572748168, 0, 948, 1334, 1059, 183, 4.76%, 0, 0, 5, 2578.80
1572748203, 0, 949, 1334, 1058, 182, 4.76%, 0, 0, 5, 2568.86
1572748346, 0, 949, 1335, 1059, 182, 4.76%, 0, 0, 5, 2574.86
1572748382, 0, 951, 1335, 1058, 181, 4.76%, 0, 0, 5, 2633.94
1572748587, 0, 952, 1335, 1057, 180, 4.76%, 0, 0, 5, 2721.22
1572748694, 0, 952, 1336, 1058, 180, 4.77%, 0, 0, 5, 2872.63
1572748720, 0, 953, 1336, 1057, 179, 4.77%, 0, 0, 5, 2874.29
1572748822, 0, 954, 1336, 1056, 178, 4.77%, 0, 0, 5, 2736.55
1572749026, 0, 956, 1336, 1055, 177, 4.77%, 0, 0, 5, 2636.43
1572749031, 0, 956, 1339, 1058, 177, 4.77%, 0, 0, 5, 2383.36
1572749051, 0, 956, 1359, 1078, 177, 4.79%, 0, 0, 5, 2320.48
1572749077, 0, 956, 1366, 1085, 177, 4.79%, 0, 0, 5, 2310.75
1572749102, 0, 956, 1369, 1088, 177, 4.79%, 0, 0, 5, 2341.15
1572749112, 0, 956, 1371, 1090, 177, 4.80%, 0, 0, 5, 2323.29
1572749118, 0, 956, 1373, 1092, 177, 4.81%, 0, 0, 5, 2362.17
1572749128, 0, 956, 1377, 1096, 177, 4.81%, 0, 0, 5, 2114.02
1572749199, 0, 956, 1379, 1098, 177, 4.81%, 0, 0, 5, 2320.75
1572749214, 0, 956, 1382, 1101, 177, 4.81%, 0, 0, 5, 2358.47
1572749239, 0, 956, 1384, 1103, 177, 4.81%, 0, 0, 5, 2384.87
1572749249, 0, 956, 1386, 1105, 177, 4.82%, 0, 0, 5, 2554.54
1572749255, 0, 957, 1386, 1104, 183, 4.82%, 0, 0, 5, 2667.51
1572749275, 0, 957, 1387, 1105, 183, 4.82%, 0, 0, 5, 2627.28
1572749418, 0, 958, 1387, 1104, 183, 4.82%, 0, 0, 5, 2692.17
1572749444, 0, 958, 1388, 1105, 183, 4.82%, 0, 0, 5, 2608.75
1572749577, 0, 958, 1389, 1106, 183, 4.82%, 0, 0, 5, 2642.27
1572749587, 0, 959, 1389, 1105, 183, 4.82%, 0, 0, 5, 2661.26
1572749607, 0, 959, 1391, 1107, 183, 4.82%, 0, 0, 5, 2618.32
1572749755, 0, 960, 1391, 1106, 183, 4.82%, 0, 0, 5, 2684.47
1572749775, 0, 960, 1393, 1108, 183, 4.82%, 0, 0, 5, 2611.76
1572749780, 0, 960, 1394, 1109, 183, 4.82%, 0, 0, 5, 2610.21
1572749929, 0, 961, 1394, 1108, 184, 4.82%, 0, 0, 5, 2621.12
1572749949, 0, 961, 1395, 1109, 184, 4.82%, 0, 0, 5, 2601.35
1572750016, 0, 961, 1396, 1110, 184, 4.82%, 0, 0, 5, 2628.08
1572750097, 0, 962, 1396, 1109, 183, 4.82%, 0, 0, 5, 2675.49
1572750123, 0, 962, 1398, 1111, 183, 4.83%, 0, 0, 5, 2598.21
1572750169, 0, 962, 1399, 1112, 183, 4.83%, 0, 0, 5, 2601.44
1572750276, 0, 965, 1399, 1111, 185, 4.83%, 0, 0, 5, 2645.34
1572750470, 0, 966, 1399, 1110, 184, 4.83%, 0, 0, 5, 2641.96
1572750670, 0, 967, 1399, 1109, 183, 4.83%, 0, 0, 5, 2643.10
1572750695, 0, 967, 1400, 1110, 183, 4.83%, 0, 0, 5, 2418.80
1572750711, 0, 967, 1401, 1111, 183, 4.84%, 0, 0, 5, 2394.80
1572750880, 0, 970, 1401, 1110, 184, 4.84%, 0, 0, 5, 2573.15
1572750885, 0, 970, 1404, 1113, 184, 4.84%, 0, 0, 5, 2745.32
1572750906, 0, 970, 1406, 1115, 184, 4.84%, 0, 0, 5, 2788.73
1572750926, 0, 970, 1407, 1116, 184, 4.84%, 0, 0, 5, 2788.85
1572750947, 0, 970, 1408, 1117, 184, 4.84%, 0, 0, 5, 2782.03
1572751030, 0, 982, 1408, 1116, 183, 4.84%, 0, 0, 5, 2800.39
1572751175, 0, 986, 1409, 1116, 182, 4.84%, 0, 0, 5, 2638.79
1572751196, 0, 986, 1415, 1122, 182, 4.84%, 0, 0, 5, 2507.34
1572751385, 0, 992, 1415, 1121, 182, 4.84%, 0, 0, 5, 2542.48
1572751405, 0, 992, 1420, 1126, 182, 4.84%, 0, 0, 5, 2514.50
1572751588, 0, 993, 1420, 1125, 182, 4.84%, 0, 0, 5, 2654.47
1572751609, 0, 993, 1424, 1129, 182, 4.84%, 0, 0, 5, 2505.85
1572751614, 0, 993, 1425, 1130, 182, 4.84%, 0, 0, 5, 2513.66
1572751793, 0, 995, 1425, 1129, 182, 4.84%, 0, 0, 5, 2603.56
1572751819, 0, 995, 1426, 1130, 182, 4.84%, 0, 0, 5, 2787.66
1572751840, 0, 995, 1427, 1131, 182, 4.84%, 0, 0, 5, 2791.86
1572751866, 0, 995, 1429, 1133, 182, 4.84%, 0, 0, 5, 2782.49
1572751943, 0, 1005, 1429, 1132, 181, 4.84%, 0, 0, 5, 2799.86
1572752093, 0, 1013, 1429, 1131, 180, 4.84%, 0, 0, 5, 2585.28
1572752114, 0, 1013, 1431, 1133, 180, 4.84%, 0, 0, 5, 2482.43
1572752140, 0, 1013, 1432, 1134, 180, 4.84%, 0, 0, 5, 2476.18
1572752170, 0, 1013, 1433, 1135, 180, 4.84%, 0, 0, 5, 2474.24
1572752284, 0, 1014, 1433, 1134, 180, 4.84%, 0, 0, 5, 2651.84
1572752309, 0, 1014, 1435, 1136, 180, 4.84%, 0, 0, 5, 2655.37
1572752330, 0, 1014, 1436, 1137, 180, 4.84%, 0, 0, 5, 2662.21
1572752355, 0, 1014, 1437, 1138, 180, 4.84%, 0, 0, 5, 2670.97
1572752437, 0, 1020, 1438, 1138, 179, 4.84%, 0, 0, 5, 2751.62
1572752447, 0, 1020, 1439, 1139, 179, 4.84%, 0, 0, 5, 2743.31
1572752565, 0, 1021, 1440, 1139, 179, 4.84%, 0, 0, 5, 2798.83
1572752673, 0, 1022, 1441, 1139, 179, 4.84%, 0, 0, 5, 2804.70
1572752689, 0, 1022, 1442, 1140, 179, 4.84%, 0, 0, 5, 2784.32
1572752781, 0, 1024, 1443, 1140, 179, 4.84%, 0, 0, 5, 2807.81
1572752797, 0, 1024, 1444, 1141, 179, 4.84%, 0, 0, 5, 2784.55
1572752890, 0, 1025, 1444, 1140, 179, 4.84%, 0, 0, 5, 2801.00
1572752895, 0, 1025, 1445, 1141, 179, 4.84%, 0, 0, 5, 2786.55
1572752910, 0, 1025, 1446, 1142, 179, 4.84%, 0, 0, 5, 2785.79
1572753003, 0, 1027, 1447, 1142, 179, 4.84%, 0, 0, 5, 2810.08
1572753018, 0, 1027, 1448, 1143, 179, 4.84%, 0, 0, 5, 2775.61
1572753116, 0, 1028, 1449, 1143, 179, 4.84%, 0, 0, 5, 2810.83
1572753132, 0, 1028, 1450, 1144, 179, 4.84%, 0, 0, 5, 2776.25
1572753229, 0, 1029, 1451, 1144, 179, 4.84%, 0, 0, 5, 2824.90
1572753245, 0, 1029, 1452, 1145, 179, 4.84%, 0, 0, 5, 2782.81
1572753347, 0, 1030, 1453, 1145, 178, 4.84%, 0, 0, 5, 2780.20
1572753363, 0, 1030, 1454, 1146, 178, 4.84%, 0, 0, 5, 2785.99
1572753461, 0, 1031, 1455, 1146, 178, 4.84%, 0, 0, 5, 2812.11
1572753476, 0, 1031, 1456, 1147, 178, 4.84%, 0, 0, 5, 2773.64
1572753579, 0, 1033, 1457, 1147, 178, 4.84%, 0, 0, 5, 2744.26
1572753584, 0, 1033, 1458, 1148, 178, 4.84%, 0, 0, 5, 2702.99
1572753609, 0, 1033, 1459, 1149, 178, 4.84%, 0, 0, 5, 2718.76
1572753691, 0, 1035, 1459, 1148, 178, 4.84%, 0, 0, 5, 2818.28
1572753711, 0, 1038, 1459, 1147, 177, 4.84%, 0, 0, 5, 2879.88
1572753732, 0, 1038, 1460, 1148, 177, 4.84%, 0, 0, 5, 2906.64
1572753773, 0, 1044, 1460, 1147, 176, 4.84%, 0, 0, 5, 2638.33
1572753793, 0, 1044, 1461, 1148, 176, 4.84%, 0, 0, 5, 2519.87
1572753967, 0, 1045, 1461, 1147, 175, 4.84%, 0, 0, 5, 2605.20
1572753998, 0, 1046, 1461, 1146, 174, 4.84%, 0, 0, 5, 2647.73
1572754014, 0, 1046, 1462, 1147, 174, 4.84%, 0, 0, 5, 2640.78
1572754075, 0, 1047, 1463, 1147, 174, 4.85%, 0, 0, 5, 2634.98
1572754086, 0, 1047, 1464, 1148, 174, 4.85%, 0, 0, 5, 2639.90
1572754147, 0, 1048, 1464, 1147, 175, 4.85%, 0, 0, 5, 2638.40
1572754163, 0, 1048, 1465, 1148, 175, 4.85%, 0, 0, 5, 2640.38
1572754224, 0, 1050, 1465, 1147, 175, 4.85%, 0, 0, 5, 2639.11
1572754240, 0, 1050, 1466, 1148, 175, 4.86%, 0, 0, 5, 2641.64
1572754302, 0, 1051, 1467, 1148, 175, 4.86%, 0, 0, 5, 2622.57
1572754378, 0, 1052, 1467, 1147, 174, 4.86%, 0, 0, 5, 2736.44
1572754501, 0, 1053, 1467, 1146, 173, 4.86%, 0, 0, 5, 2810.94
1572754628, 0, 1054, 1467, 1145, 172, 4.86%, 0, 0, 5, 2786.75
1572754761, 0, 1058, 1467, 1144, 171, 4.86%, 0, 0, 5, 2682.30
1572754782, 0, 1058, 1468, 1145, 171, 4.86%, 0, 0, 5, 2601.05
1572754802, 0, 1058, 1469, 1146, 171, 4.86%, 0, 0, 5, 2602.80
1572754921, 0, 1060, 1469, 1145, 173, 4.86%, 0, 0, 5, 2717.50
1572755126, 0, 1060, 1470, 1146, 173, 4.86%, 0, 0, 5, 2460.97
1572755131, 0, 1061, 1470, 1145, 172, 4.86%, 0, 0, 5, 2603.08
1572755151, 0, 1061, 1471, 1146, 172, 4.86%, 0, 0, 5, 2578.20
1572755300, 0, 1064, 1471, 1145, 171, 4.86%, 0, 0, 5, 2712.56
1572755305, 0, 1064, 1473, 1147, 171, 4.86%, 0, 0, 5, 2177.99
1572755325, 0, 1064, 1477, 1151, 171, 4.86%, 0, 0, 5, 2072.92
1572755331, 0, 1064, 1486, 1160, 171, 4.88%, 0, 0, 5, 2064.71
1572755387, 0, 1064, 1487, 1161, 171, 4.88%, 0, 0, 5, 2058.61
1572755392, 0, 1064, 1489, 1163, 171, 4.88%, 0, 0, 5, 2139.06
1572755403, 0, 1064, 1491, 1165, 171, 4.89%, 0, 0, 5, 2123.51
1572755408, 0, 1064, 1492, 1166, 171, 4.89%, 0, 0, 5, 2153.16
1572755413, 0, 1064, 1497, 1171, 171, 4.90%, 0, 0, 5, 2387.73
1572755428, 0, 1064, 1498, 1172, 171, 4.90%, 0, 0, 5, 2196.62
1572755550, 0, 1067, 1498, 1171, 182, 4.90%, 0, 0, 5, 2447.43
1572755720, 0, 1067, 1499, 1172, 182, 4.90%, 0, 0, 5, 2473.00
1572755735, 0, 1073, 1500, 1172, 181, 4.90%, 0, 0, 5, 2584.51
1572755812, 0, 1073, 1501, 1173, 181, 4.90%, 0, 0, 5, 2483.64
1572755918, 0, 1074, 1503, 1174, 184, 4.90%, 0, 0, 5, 2503.85
1572755995, 0, 1074, 1504, 1175, 184, 4.90%, 0, 0, 5, 2423.45
1572756103, 0, 1075, 1505, 1175, 184, 4.90%, 0, 0, 5, 2574.27
1572756149, 0, 1075, 1506, 1176, 184, 4.90%, 0, 0, 5, 2380.44
1572756287, 0, 1076, 1506, 1175, 184, 4.90%, 0, 0, 5, 2554.30
1572756312, 0, 1076, 1507, 1176, 184, 4.91%, 0, 0, 5, 2546.82
1572756446, 0, 1076, 1508, 1177, 184, 4.91%, 0, 0, 5, 2574.72
1572756461, 0, 1081, 1508, 1176, 183, 4.91%, 0, 0, 5, 2678.84
1572756487, 0, 1081, 1509, 1177, 183, 4.91%, 0, 0, 5, 2664.41
1572756630, 0, 1084, 1510, 1177, 183, 4.91%, 0, 0, 5, 2601.40
1572756722, 0, 1084, 1511, 1178, 183, 4.91%, 0, 0, 5, 2510.63
1572756818, 0, 1085, 1512, 1178, 184, 4.91%, 0, 0, 5, 2499.33
1572756895, 0, 1085, 1513, 1179, 184, 4.91%, 0, 0, 5, 2463.86
1572756905, 0, 1085, 1514, 1180, 184, 4.91%, 0, 0, 5, 2559.51
1572756997, 0, 1086, 1515, 1180, 186, 4.91%, 0, 0, 5, 2534.35
1572757074, 0, 1086, 1516, 1181, 186, 4.91%, 0, 0, 5, 2448.80
1572757181, 0, 1087, 1517, 1181, 186, 4.91%, 0, 0, 5, 2458.70
1572757258, 0, 1087, 1518, 1182, 186, 4.91%, 0, 0, 5, 2410.07
1572757366, 0, 1089, 1519, 1182, 186, 4.91%, 0, 0, 5, 2568.18
1572757442, 0, 1089, 1520, 1183, 186, 4.91%, 0, 0, 5, 2524.72
1572757545, 0, 1091, 1520, 1182, 186, 4.91%, 0, 0, 5, 2562.50
1572757565, 0, 1091, 1525, 1187, 186, 4.91%, 0, 0, 5, 2502.01
1572757591, 0, 1091, 1526, 1188, 186, 4.91%, 0, 0, 5, 2503.82
1572757632, 0, 1091, 1529, 1191, 186, 4.91%, 0, 0, 5, 2563.90
1572757719, 0, 1093, 1529, 1190, 185, 4.91%, 0, 0, 5, 2617.44
1572757908, 0, 1095, 1529, 1189, 184, 4.91%, 0, 0, 5, 2615.68
1572758000, 0, 1095, 1530, 1190, 184, 4.91%, 0, 0, 5, 2307.95
1572758097, 0, 1101, 1531, 1190, 184, 4.91%, 0, 0, 5, 2260.96
1572758113, 0, 1101, 1533, 1192, 184, 4.91%, 0, 0, 5, 2032.57
1572758123, 0, 1101, 1537, 1196, 184, 4.92%, 0, 0, 5, 2098.71
1572758200, 0, 1101, 1538, 1197, 184, 4.92%, 0, 0, 5, 2163.39
1572758221, 0, 1101, 1539, 1198, 184, 4.92%, 0, 0, 5, 2151.89
1572758327, 0, 1101, 1540, 1199, 184, 4.92%, 0, 0, 5, 2201.88
1572758348, 0, 1108, 1540, 1198, 186, 4.92%, 0, 0, 5, 2481.46
1572758522, 0, 1115, 1540, 1197, 185, 4.92%, 0, 0, 5, 2487.57
1572758542, 0, 1115, 1541, 1198, 185, 4.92%, 0, 0, 5, 2325.04
1572758624, 0, 1115, 1542, 1199, 185, 4.92%, 0, 0, 5, 2365.99
1572758634, 0, 1115, 1544, 1201, 185, 4.92%, 0, 0, 5, 2368.81
1572758742, 0, 1116, 1544, 1200, 185, 4.92%, 0, 0, 5, 2529.23
1572758946, 0, 1117, 1544, 1199, 184, 4.92%, 0, 0, 5, 2678.59
1572758951, 0, 1118, 1545, 1199, 183, 4.94%, 0, 0, 5, 2890.31
1572758956, 0, 1118, 1547, 1201, 183, 4.94%, 0, 0, 5, 2925.89
1572758961, 0, 1119, 1549, 1202, 184, 4.95%, 0, 0, 5, 2960.38
1572758966, 0, 1120, 1551, 1203, 185, 4.95%, 0, 0, 5, 2998.62
1572758971, 0, 1121, 1552, 1203, 187, 4.95%, 0, 0, 5, 2957.57
1572758976, 0, 1122, 1552, 1202, 186, 4.95%, 0, 0, 5, 2952.37
1572758982, 0, 1123, 1553, 1202, 185, 4.95%, 0, 0, 5, 2998.88
1572758987, 0, 1124, 1555, 1203, 187, 4.96%, 0, 0, 5, 2993.86
1572758992, 0, 1125, 1555, 1202, 186, 4.96%, 0, 0, 5, 2995.42
1572759002, 0, 1126, 1557, 1203, 185, 4.96%, 0, 0, 5, 2943.87
1572759007, 0, 1127, 1558, 1203, 186, 5.02%, 0, 0, 5, 2998.80
1572759012, 0, 1132, 1558, 1202, 186, 5.02%, 0, 0, 5, 2814.82
1572759187, 0, 1137, 1559, 1202, 185, 5.02%, 0, 0, 5, 2443.25
1572759212, 0, 1137, 1566, 1209, 185, 5.02%, 0, 0, 5, 2026.31
1572759217, 0, 1137, 1569, 1212, 185, 5.02%, 0, 0, 5, 2007.17
1572759295, 0, 1137, 1570, 1213, 185, 5.02%, 0, 0, 5, 2087.81
1572759458, 0, 1138, 1572, 1214, 186, 5.02%, 0, 0, 5, 2380.24
1572759483, 0, 1138, 1573, 1215, 186, 5.02%, 0, 0, 5, 2118.48
1572759652, 0, 1138, 1574, 1216, 186, 5.02%, 0, 0, 5, 2187.57
1572759708, 0, 1148, 1574, 1215, 186, 5.02%, 0, 0, 5, 2422.32
1572759728, 0, 1148, 1577, 1218, 186, 5.02%, 0, 0, 5, 2376.16
1572759877, 0, 1148, 1578, 1219, 186, 5.02%, 0, 0, 5, 2433.65
1572759923, 0, 1164, 1578, 1218, 185, 5.02%, 0, 0, 5, 2602.01
1572759928, 0, 1164, 1579, 1219, 185, 5.02%, 0, 0, 5, 1914.63
1572759954, 0, 1164, 1582, 1222, 185, 5.02%, 0, 0, 5, 1774.97
1572759959, 0, 1164, 1584, 1224, 185, 5.02%, 0, 0, 5, 1766.94
1572760050, 0, 1164, 1585, 1225, 185, 5.02%, 0, 0, 5, 1862.07
1572760167, 0, 1164, 1586, 1226, 185, 5.02%, 0, 0, 5, 1888.14
1572760212, 0, 1164, 1587, 1227, 185, 5.02%, 0, 0, 5, 1955.16
1572760233, 0, 1164, 1589, 1229, 185, 5.02%, 0, 0, 5, 2127.51
1572760238, 0, 1168, 1589, 1228, 185, 5.02%, 0, 0, 5, 2513.41
1572760458, 0, 1176, 1589, 1227, 184, 5.02%, 0, 0, 5, 2530.99
1572760580, 0, 1181, 1589, 1226, 183, 5.02%, 0, 0, 5, 2513.64
1572760728, 0, 1183, 1589, 1225, 182, 5.02%, 0, 0, 5, 2312.85
1572760948, 0, 1186, 1591, 1226, 181, 5.02%, 0, 0, 5, 2310.05
1572761096, 0, 1189, 1592, 1226, 181, 5.02%, 0, 0, 5, 2485.99
1572761122, 0, 1190, 1592, 1225, 181, 5.02%, 0, 0, 5, 2764.29
1572761147, 0, 1191, 1592, 1224, 180, 5.02%, 0, 0, 5, 2703.26
1572761183, 0, 1192, 1592, 1223, 179, 5.02%, 0, 0, 5, 2742.34
1572761209, 0, 1193, 1594, 1224, 178, 5.02%, 0, 0, 5, 2787.52
1572761229, 0, 1194, 1594, 1223, 179, 5.02%, 0, 0, 5, 2716.27
1572761301, 0, 1195, 1594, 1222, 178, 5.02%, 0, 0, 5, 2678.73
1572761306, 0, 1195, 1596, 1224, 178, 5.02%, 0, 0, 5, 2757.47
1572761332, 0, 1197, 1597, 1224, 178, 5.02%, 0, 0, 5, 2700.29
1572761403, 0, 1198, 1597, 1223, 177, 5.02%, 0, 0, 5, 2657.12
1572761408, 0, 1198, 1601, 1227, 177, 5.04%, 0, 0, 5, 2765.20
1572761414, 0, 1198, 1605, 1231, 177, 5.05%, 0, 0, 5, 2779.76
1572761429, 0, 1199, 1605, 1230, 185, 5.05%, 0, 0, 5, 2700.21
1572761501, 0, 1200, 1605, 1229, 184, 5.05%, 0, 0, 5, 2648.25
1572761578, 0, 1201, 1606, 1229, 183, 5.05%, 0, 0, 5, 2641.10
1572761650, 0, 1203, 1606, 1228, 182, 5.05%, 0, 0, 5, 2645.21
1572761727, 0, 1204, 1606, 1227, 181, 5.05%, 0, 0, 5, 2642.66
1572761799, 0, 1206, 1606, 1226, 180, 5.05%, 0, 0, 5, 2639.47
1572761871, 0, 1207, 1606, 1225, 179, 5.05%, 0, 0, 5, 2663.78
1572761876, 0, 1207, 1609, 1228, 179, 5.05%, 0, 0, 5, 2766.21
1572761902, 0, 1209, 1609, 1227, 179, 5.05%, 0, 0, 5, 2798.51
1572761923, 0, 1210, 1609, 1226, 178, 5.05%, 0, 0, 5, 2716.90
1572761994, 0, 1212, 1609, 1225, 177, 5.05%, 0, 0, 5, 2686.28
1572761999, 0, 1212, 1615, 1231, 177, 5.05%, 0, 0, 5, 2727.47
1572762010, 0, 1212, 1617, 1233, 177, 5.05%, 0, 0, 5, 2742.02
1572762061, 0, 1213, 1617, 1232, 178, 5.05%, 0, 0, 5, 2748.76
1572762087, 0, 1215, 1617, 1231, 177, 5.05%, 0, 0, 5, 2789.11
1572762113, 0, 1216, 1617, 1230, 176, 5.05%, 0, 0, 5, 2700.83
1572762144, 0, 1219, 1617, 1229, 175, 5.05%, 0, 0, 5, 2750.75
1572762294, 0, 1224, 1617, 1228, 174, 5.05%, 0, 0, 5, 2804.88
1572762444, 0, 1229, 1617, 1227, 173, 5.05%, 0, 0, 5, 2803.51
1572762594, 0, 1233, 1617, 1226, 172, 5.05%, 0, 0, 5, 2591.68
1572762614, 0, 1233, 1622, 1231, 172, 5.05%, 0, 0, 5, 2508.88
1572762696, 0, 1233, 1623, 1232, 172, 5.05%, 0, 0, 5, 2543.47
1572762803, 0, 1235, 1623, 1231, 173, 5.05%, 0, 0, 5, 2748.96
1572762948, 0, 1247, 1623, 1230, 172, 5.05%, 0, 0, 5, 2805.27
1572762974, 0, 1247, 1624, 1231, 172, 5.05%, 0, 0, 5, 2524.53
1572763153, 0, 1249, 1624, 1230, 171, 5.05%, 0, 0, 5, 2609.67
1572763229, 0, 1249, 1625, 1231, 171, 5.05%, 0, 0, 5, 2603.71
1572763244, 0, 1249, 1626, 1232, 171, 5.06%, 0, 0, 5, 2627.13
1572763326, 0, 1253, 1627, 1232, 171, 5.06%, 0, 0, 5, 2682.73
1572763458, 0, 1253, 1628, 1233, 171, 5.06%, 0, 0, 5, 2690.86
1572763473, 0, 1255, 1628, 1232, 169, 5.06%, 0, 0, 5, 2523.05
1572763494, 0, 1255, 1629, 1233, 169, 5.06%, 0, 0, 5, 2446.42
1572763682, 0, 1256, 1630, 1233, 168, 5.06%, 0, 0, 5, 2615.90
1572763764, 0, 1256, 1631, 1234, 168, 5.06%, 0, 0, 5, 2600.98
1572763851, 0, 1258, 1631, 1233, 167, 5.06%, 0, 0, 5, 2608.61
1572763939, 0, 1258, 1632, 1234, 167, 5.06%, 0, 0, 5, 2496.74
1572763954, 0, 1258, 1633, 1235, 167, 5.06%, 0, 0, 5, 2472.24
1572764062, 0, 1261, 1633, 1234, 167, 5.06%, 0, 0, 5, 2523.55
1572764082, 0, 1261, 1634, 1235, 167, 5.06%, 0, 0, 5, 2442.10
1572764087, 0, 1261, 1635, 1236, 167, 5.06%, 0, 0, 5, 2436.42
1572764271, 0, 1263, 1635, 1235, 166, 5.06%, 0, 0, 5, 2603.69
1572764292, 0, 1263, 1636, 1236, 166, 5.06%, 0, 0, 5, 2431.57
1572764482, 0, 1265, 1636, 1235, 165, 5.06%, 0, 0, 5, 2598.79
1572764507, 0, 1265, 1637, 1236, 165, 5.06%, 0, 0, 5, 2447.67
1572764696, 0, 1266, 1637, 1235, 164, 5.06%, 0, 0, 5, 2507.94
1572764716, 0, 1266, 1638, 1236, 164, 5.06%, 0, 0, 5, 2442.49
1572764794, 0, 1266, 1639, 1237, 164, 5.06%, 0, 0, 5, 2467.26
1572764906, 0, 1268, 1639, 1236, 163, 5.06%, 0, 0, 5, 2507.43
1572764927, 0, 1268, 1640, 1237, 163, 5.06%, 0, 0, 5, 2441.45
1572765116, 0, 1270, 1640, 1236, 162, 5.06%, 0, 0, 5, 2600.86
1572765136, 0, 1270, 1641, 1237, 162, 5.06%, 0, 0, 5, 2428.50
1572765330, 0, 1272, 1641, 1236, 161, 5.06%, 0, 0, 5, 2478.06
1572765351, 0, 1272, 1642, 1237, 161, 5.06%, 0, 0, 5, 2449.40
1572765540, 0, 1274, 1642, 1236, 160, 5.06%, 0, 0, 5, 2519.65
1572765561, 0, 1274, 1643, 1237, 160, 5.06%, 0, 0, 5, 2438.13
1572765750, 0, 1276, 1643, 1236, 159, 5.06%, 0, 0, 5, 2592.16
1572765770, 0, 1276, 1644, 1237, 159, 5.06%, 0, 0, 5, 2426.31
1572765852, 0, 1276, 1645, 1238, 159, 5.06%, 0, 0, 5, 2460.61
1572765965, 0, 1278, 1645, 1237, 158, 5.06%, 0, 0, 5, 2507.36
1572765986, 0, 1278, 1646, 1238, 158, 5.07%, 0, 0, 5, 2483.69
1572766047, 0, 1278, 1647, 1239, 158, 5.07%, 0, 0, 5, 2517.69
1572766114, 0, 1278, 1648, 1240, 158, 5.07%, 0, 0, 5, 2507.39
1572766160, 0, 1279, 1648, 1239, 158, 5.07%, 0, 0, 5, 2534.61
1572766206, 0, 1279, 1649, 1240, 158, 5.07%, 0, 0, 5, 2480.52
1572766359, 0, 1282, 1649, 1239, 158, 5.07%, 0, 0, 5, 2489.05
1572766379, 0, 1282, 1650, 1240, 158, 5.07%, 0, 0, 5, 2446.20
1572766569, 0, 1284, 1650, 1239, 157, 5.07%, 0, 0, 5, 2604.29
1572766599, 0, 1288, 1651, 1239, 156, 5.07%, 0, 0, 5, 2487.58
1572766625, 0, 1288, 1652, 1240, 156, 5.07%, 0, 0, 5, 2219.57
1572766757, 0, 1288, 1653, 1241, 156, 5.07%, 0, 0, 5, 2376.28
1572766762, 0, 1289, 1654, 1241, 157, 5.07%, 0, 0, 5, 2277.00
1572766783, 0, 1289, 1656, 1243, 157, 5.07%, 0, 0, 5, 2141.82
1572766911, 0, 1289, 1657, 1244, 157, 5.07%, 0, 0, 5, 2318.97
1572766926, 0, 1290, 1658, 1244, 157, 5.07%, 0, 0, 5, 2380.61
1572767065, 0, 1290, 1659, 1245, 157, 5.07%, 0, 0, 5, 2469.38
1572767080, 0, 1291, 1659, 1244, 156, 5.07%, 0, 0, 5, 2722.18
1572767197, 0, 1292, 1659, 1243, 155, 5.07%, 0, 0, 5, 2773.76
1572767263, 0, 1292, 1660, 1244, 155, 5.07%, 0, 0, 5, 2767.52
1572767315, 0, 1294, 1660, 1243, 155, 5.07%, 0, 0, 5, 2804.95
1572767437, 0, 1294, 1661, 1244, 155, 5.07%, 0, 0, 5, 2703.73
1572767447, 0, 1295, 1664, 1246, 155, 5.08%, 0, 0, 6, 2747.65
1572767452, 0, 1295, 1668, 1250, 155, 5.12%, 0, 0, 6, 2780.91
1572767457, 0, 1296, 1672, 1253, 157, 5.12%, 0, 0, 6, 2784.71
1572767462, 0, 1297, 1675, 1255, 158, 5.12%, 0, 0, 6, 2845.86
1572767467, 0, 1299, 1678, 1257, 157, 5.15%, 0, 0, 6, 2961.22
1572767472, 0, 1310, 1678, 1256, 159, 5.15%, 0, 0, 6, 2765.67
1572767493, 0, 1310, 1679, 1257, 159, 5.15%, 0, 0, 6, 2671.91
1572767513, 0, 1310, 1683, 1261, 159, 5.15%, 0, 0, 6, 2684.06
1572767544, 0, 1310, 1686, 1264, 159, 5.15%, 0, 0, 6, 2685.36
1572767605, 0, 1310, 1690, 1268, 159, 5.15%, 0, 0, 6, 2701.48
1572767615, 0, 1313, 1690, 1267, 162, 5.15%, 0, 0, 6, 2730.13
1572767635, 0, 1313, 1692, 1269, 162, 5.15%, 0, 0, 6, 2606.40
1572767804, 0, 1314, 1693, 1269, 161, 5.15%, 0, 0, 6, 2663.34
1572767973, 0, 1315, 1694, 1269, 161, 5.15%, 0, 0, 6, 2633.80
1572768137, 0, 1328, 1694, 1268, 161, 5.15%, 0, 0, 6, 2711.51
1572768240, 0, 1328, 1695, 1269, 161, 5.15%, 0, 0, 6, 2504.81
1572768296, 0, 1328, 1696, 1270, 161, 5.15%, 0, 0, 6, 2516.24
1572768347, 0, 1330, 1696, 1269, 160, 5.15%, 0, 0, 6, 2563.65
1572768548, 0, 1335, 1696, 1268, 159, 5.15%, 0, 0, 6, 2675.24
1572768609, 0, 1339, 1696, 1267, 158, 5.15%, 0, 0, 6, 2507.80
1572768630, 0, 1339, 1701, 1272, 158, 5.15%, 0, 0, 6, 2305.46
1572768829, 0, 1343, 1701, 1271, 157, 5.15%, 0, 0, 6, 2567.39
1572768906, 0, 1343, 1702, 1272, 157, 5.15%, 0, 0, 6, 2542.99
1572769003, 0, 1346, 1702, 1271, 156, 5.15%, 0, 0, 6, 2457.50
1572769023, 0, 1346, 1703, 1272, 156, 5.15%, 0, 0, 6, 2320.55
1572769049, 0, 1346, 1704, 1273, 156, 5.15%, 0, 0, 6, 2319.99
1572769090, 0, 1346, 1705, 1274, 156, 5.15%, 0, 0, 6, 2338.18
1572769223, 0, 1348, 1705, 1273, 157, 5.15%, 0, 0, 6, 2579.05
1572769248, 0, 1348, 1706, 1274, 157, 5.15%, 0, 0, 6, 1959.06
1572769330, 0, 1348, 1707, 1275, 157, 5.15%, 0, 0, 6, 2038.85
1572769482, 0, 1358, 1707, 1274, 157, 5.15%, 0, 0, 6, 2382.27
1572769508, 0, 1358, 1712, 1279, 157, 5.15%, 0, 0, 6, 2285.86
1572769533, 0, 1358, 1713, 1280, 157, 5.15%, 0, 0, 6, 2297.12
1572769574, 0, 1358, 1714, 1281, 157, 5.15%, 0, 0, 6, 2305.15
1572769716, 0, 1361, 1714, 1280, 158, 5.15%, 0, 0, 6, 2405.38
1572769737, 0, 1361, 1715, 1281, 158, 5.15%, 0, 0, 6, 2357.61
1572769803, 0, 1361, 1716, 1282, 158, 5.15%, 0, 0, 6, 2413.55
1572769936, 0, 1369, 1716, 1281, 158, 5.15%, 0, 0, 6, 2417.58
1572770160, 0, 1371, 1717, 1281, 157, 5.15%, 0, 0, 6, 2503.31
1572770186, 0, 1371, 1724, 1288, 157, 5.15%, 0, 0, 6, 2349.10
1572770380, 0, 1374, 1724, 1287, 157, 5.15%, 0, 0, 6, 2535.30
1572770605, 0, 1375, 1724, 1286, 156, 5.15%, 0, 0, 6, 2473.89
1572770625, 0, 1375, 1727, 1289, 156, 5.15%, 0, 0, 6, 2349.00
1572770825, 0, 1381, 1727, 1288, 156, 5.15%, 0, 0, 6, 2360.45
1572770845, 0, 1381, 1728, 1289, 156, 5.15%, 0, 0, 6, 2163.15
1572770850, 0, 1381, 1729, 1290, 156, 5.15%, 0, 0, 6, 2193.67
1572770876, 0, 1381, 1730, 1291, 156, 5.15%, 0, 0, 6, 2220.56
1572771055, 0, 1381, 1731, 1292, 156, 5.15%, 0, 0, 6, 2268.68
1572771070, 0, 1382, 1731, 1291, 156, 5.15%, 0, 0, 6, 2456.86
1572771279, 0, 1386, 1732, 1291, 155, 5.15%, 0, 0, 6, 2627.90
1572771447, 0, 1387, 1733, 1291, 154, 5.15%, 0, 0, 6, 2630.92
1572771616, 0, 1388, 1733, 1290, 153, 5.15%, 0, 0, 6, 2685.17
1572771785, 0, 1389, 1733, 1289, 152, 5.15%, 0, 0, 6, 2698.04
1572771954, 0, 1390, 1734, 1289, 151, 5.15%, 0, 0, 6, 2708.96
1572772133, 0, 1391, 1735, 1289, 150, 5.15%, 0, 0, 6, 2634.21
1572772306, 0, 1392, 1735, 1288, 149, 5.15%, 0, 0, 6, 2512.93
1572772517, 0, 1393, 1736, 1288, 148, 5.15%, 0, 0, 6, 2615.74
1572772690, 0, 1394, 1737, 1288, 147, 5.15%, 0, 0, 6, 2417.68
1572772914, 0, 1396, 1737, 1287, 146, 5.15%, 0, 0, 6, 2536.36
1572772919, 0, 1396, 1738, 1288, 146, 5.15%, 0, 0, 6, 1993.24
1572773200, 0, 1397, 1739, 1288, 145, 5.15%, 0, 0, 6, 2524.61
1572773374, 0, 1398, 1740, 1288, 144, 5.15%, 0, 0, 6, 2671.19
1572773554, 0, 1399, 1741, 1288, 143, 5.15%, 0, 0, 6, 2479.37
1572773764, 0, 1400, 1741, 1287, 143, 5.15%, 0, 0, 6, 2448.77
1572773774, 0, 1400, 1742, 1288, 143, 5.16%, 0, 0, 6, 2394.78
1572773784, 0, 1400, 1743, 1289, 143, 5.16%, 0, 0, 6, 2432.22
1572773866, 0, 1400, 1744, 1290, 143, 5.16%, 0, 0, 6, 2471.56
1572773928, 0, 1400, 1746, 1292, 143, 5.17%, 0, 0, 6, 2447.58
1572773968, 0, 1400, 1747, 1293, 143, 5.17%, 0, 0, 6, 2486.03
1572773973, 0, 1402, 1747, 1292, 147, 5.17%, 0, 0, 6, 2722.64
1572774118, 0, 1405, 1747, 1291, 146, 5.17%, 0, 0, 6, 2818.44
1572774268, 0, 1410, 1747, 1290, 145, 5.17%, 0, 0, 6, 2802.34
1572774413, 0, 1412, 1749, 1291, 144, 5.17%, 0, 0, 6, 2736.77
1572774438, 0, 1412, 1750, 1292, 144, 5.17%, 0, 0, 6, 2571.08
1572774459, 0, 1412, 1751, 1293, 144, 5.17%, 0, 0, 6, 2575.23
1572774576, 0, 1416, 1751, 1292, 144, 5.17%, 0, 0, 6, 2706.62
1572774726, 0, 1421, 1751, 1291, 143, 5.17%, 0, 0, 6, 2797.12
1572774871, 0, 1425, 1751, 1290, 142, 5.17%, 0, 0, 6, 2805.39
1572774891, 0, 1425, 1752, 1291, 142, 5.17%, 0, 0, 6, 2786.13
1572775016, 0, 1426, 1752, 1290, 141, 5.17%, 0, 0, 6, 2815.99
1572775036, 0, 1426, 1753, 1291, 141, 5.17%, 0, 0, 6, 2783.17
1572775166, 0, 1427, 1753, 1290, 140, 5.17%, 0, 0, 6, 2800.07
1572775181, 0, 1427, 1754, 1291, 140, 5.17%, 0, 0, 6, 2780.35
1572775310, 0, 1428, 1754, 1290, 139, 5.17%, 0, 0, 6, 2816.95
1572775331, 0, 1428, 1755, 1291, 139, 5.17%, 0, 0, 6, 2797.44
1572775454, 0, 1435, 1755, 1290, 138, 5.17%, 0, 0, 6, 2810.83
1572775607, 0, 1437, 1755, 1289, 138, 5.17%, 0, 0, 6, 2751.17
1572775736, 0, 1439, 1755, 1288, 137, 5.17%, 0, 0, 6, 2778.04
1572775844, 0, 1440, 1755, 1287, 136, 5.17%, 0, 0, 6, 2844.12
1572775947, 0, 1442, 1755, 1286, 135, 5.17%, 0, 0, 6, 2852.63
1572776056, 0, 1444, 1755, 1285, 134, 5.17%, 0, 0, 6, 2850.25
1572776165, 0, 1446, 1755, 1284, 133, 5.17%, 0, 0, 6, 2842.88
1572776279, 0, 1448, 1755, 1283, 132, 5.17%, 0, 0, 6, 2838.35
1572776392, 0, 1452, 1755, 1282, 131, 5.17%, 0, 0, 6, 2835.03
1572776501, 0, 1454, 1755, 1281, 130, 5.17%, 0, 0, 6, 2847.71
1572776615, 0, 1457, 1755, 1280, 129, 5.17%, 0, 0, 6, 2836.46
1572776728, 0, 1461, 1755, 1279, 128, 5.17%, 0, 0, 6, 2746.38
1572776753, 0, 1462, 1755, 1278, 127, 5.17%, 0, 0, 6, 2761.17
1572776779, 0, 1463, 1755, 1277, 126, 5.17%, 0, 0, 6, 2762.32
1572776805, 0, 1464, 1755, 1276, 125, 5.17%, 0, 0, 6, 2769.18
1572776830, 0, 1465, 1755, 1275, 124, 5.17%, 0, 0, 6, 2774.09
1572776851, 0, 1467, 1755, 1274, 123, 5.17%, 0, 0, 6, 2801.62
1572777010, 0, 1472, 1756, 1274, 122, 5.17%, 0, 0, 6, 2506.47
1572777035, 0, 1472, 1757, 1275, 122, 5.17%, 0, 0, 6, 2082.86
1572777259, 0, 1474, 1758, 1275, 123, 5.17%, 0, 0, 6, 2416.55
1572777448, 0, 1477, 1759, 1275, 123, 5.17%, 0, 0, 6, 2190.24
1572777473, 0, 1477, 1760, 1276, 123, 5.17%, 0, 0, 6, 2080.09
1572777697, 0, 1478, 1761, 1276, 123, 5.17%, 0, 0, 6, 2348.72
1572777753, 0, 1478, 1762, 1277, 123, 5.17%, 0, 0, 6, 2129.04
1572777809, 0, 1478, 1763, 1278, 123, 5.17%, 0, 0, 6, 2272.60
1572777947, 0, 1479, 1764, 1278, 125, 5.17%, 0, 0, 6, 2174.60
1572777972, 0, 1479, 1765, 1279, 125, 5.17%, 0, 0, 6, 2084.56
1572778171, 0, 1479, 1766, 1280, 125, 5.17%, 0, 0, 6, 2165.38
1572778197, 0, 1480, 1767, 1280, 126, 5.17%, 0, 0, 6, 1896.89
1572778202, 0, 1480, 1768, 1281, 126, 5.18%, 0, 0, 6, 1610.25
1572778340, 0, 1480, 1769, 1282, 126, 5.18%, 0, 0, 6, 207.32
1572778512, 0, 1481, 1769, 1281, 128, 5.18%, 0, 0, 6, 2058.05
1572778517, 0, 1481, 1770, 1282, 128, 5.18%, 0, 0, 6, 260.36
1572778712, 0, 1481, 1773, 1285, 128, 5.18%, 0, 0, 6, 296.42
1572778717, 0, 1481, 1774, 1286, 128, 5.18%, 0, 0, 6, 308.84
1572778722, 0, 1481, 1776, 1288, 128, 5.18%, 0, 0, 6, 328.05
1572779222, 0, 1481, 1777, 1289, 128, 5.19%, 0, 0, 6, 327.07
1572780361, 0, 1482, 1778, 1289, 128, 5.19%, 0, 0, 6, 1711.17
1572780443, 0, 1482, 1779, 1290, 128, 5.19%, 0, 0, 6, 2403.75
1572780550, 0, 1483, 1779, 1289, 128, 5.19%, 0, 0, 6, 2606.47
1572780570, 0, 1483, 1780, 1290, 128, 5.19%, 0, 0, 6, 2609.83
1572780626, 0, 1483, 1781, 1291, 128, 5.19%, 0, 0, 6, 2624.51
1572780723, 0, 1487, 1781, 1290, 128, 5.19%, 0, 0, 6, 2435.39
1572780810, 0, 1487, 1782, 1291, 128, 5.19%, 0, 0, 6, 2372.57
1572780820, 0, 1487, 1784, 1293, 128, 5.19%, 0, 0, 6, 2471.42
1572780947, 0, 1489, 1784, 1292, 127, 5.19%, 0, 0, 6, 2450.80
1572780968, 0, 1489, 1785, 1293, 127, 5.20%, 0, 0, 6, 2421.21
1572781019, 0, 1489, 1786, 1294, 127, 5.20%, 0, 0, 6, 2380.77
1572781131, 0, 1499, 1786, 1293, 127, 5.20%, 0, 0, 6, 2608.05
1572781294, 0, 1501, 1787, 1293, 126, 5.20%, 0, 0, 6, 2506.68
1572781365, 0, 1501, 1788, 1294, 126, 5.20%, 0, 0, 6, 2396.57
1572781457, 0, 1501, 1789, 1295, 126, 5.20%, 0, 0, 6, 2493.97
1572781472, 0, 1502, 1789, 1294, 126, 5.20%, 0, 0, 6, 2615.62
1572781636, 0, 1504, 1789, 1293, 125, 5.20%, 0, 0, 6, 2706.52
1572781799, 0, 1508, 1789, 1292, 124, 5.20%, 0, 0, 6, 2714.25
1572781820, 0, 1508, 1791, 1294, 124, 5.20%, 0, 0, 6, 2656.72
1572781973, 0, 1509, 1791, 1293, 123, 5.20%, 0, 0, 6, 2633.01
1572782055, 0, 1509, 1792, 1294, 123, 5.20%, 0, 0, 6, 2549.42
1572782137, 0, 1511, 1792, 1293, 122, 5.20%, 0, 0, 6, 2655.46
1572782295, 0, 1513, 1792, 1292, 121, 5.20%, 0, 0, 6, 2701.61
1572782478, 0, 1514, 1792, 1291, 120, 5.20%, 0, 0, 6, 2612.72
1572782636, 0, 1516, 1792, 1290, 119, 5.20%, 0, 0, 6, 2714.91
1572782800, 0, 1518, 1792, 1289, 118, 5.20%, 0, 0, 6, 2673.94
1572782963, 0, 1527, 1792, 1288, 117, 5.20%, 0, 0, 6, 2576.75
1572783138, 0, 1528, 1792, 1287, 116, 5.20%, 0, 0, 6, 2630.77
1572783225, 0, 1528, 1794, 1289, 116, 5.20%, 0, 0, 6, 2607.19
1572783313, 0, 1532, 1795, 1289, 116, 5.20%, 0, 0, 6, 2551.93
1572783343, 0, 1532, 1798, 1292, 116, 5.20%, 0, 0, 6, 2057.77
1572783512, 0, 1532, 1799, 1293, 116, 5.20%, 0, 0, 6, 2128.14
1572783532, 0, 1532, 1800, 1294, 116, 5.20%, 0, 0, 6, 2112.70
1572783568, 0, 1534, 1800, 1293, 118, 5.20%, 0, 0, 6, 2379.53
1572783588, 0, 1534, 1808, 1301, 118, 5.20%, 0, 0, 6, 2347.35
1572783593, 0, 1534, 1809, 1302, 118, 5.20%, 0, 0, 6, 2352.02
1572783675, 0, 1534, 1810, 1303, 118, 5.20%, 0, 0, 6, 2362.56
1572783793, 0, 1543, 1810, 1302, 117, 5.20%, 0, 0, 6, 2410.53
1572784007, 0, 1544, 1810, 1301, 116, 5.20%, 0, 0, 6, 2530.18
1572784013, 0, 1544, 1812, 1303, 116, 5.20%, 0, 0, 6, 2839.02
1572784018, 0, 1547, 1812, 1302, 116, 5.20%, 0, 0, 6, 2960.69
1572784023, 0, 1548, 1812, 1301, 115, 5.20%, 0, 0, 6, 2987.69
1572784028, 0, 1549, 1813, 1301, 114, 5.20%, 0, 0, 6, 3012.86
1572784033, 0, 1550, 1813, 1300, 113, 5.20%, 0, 0, 6, 3048.18
1572784038, 0, 1551, 1813, 1299, 112, 5.20%, 0, 0, 6, 3020.54
1572784043, 0, 1552, 1813, 1298, 111, 5.20%, 0, 0, 6, 3036.95
1572784048, 0, 1553, 1813, 1297, 110, 5.20%, 0, 0, 6, 2980.79
1572784053, 0, 1555, 1813, 1295, 108, 5.20%, 0, 0, 6, 2983.54
1572784058, 0, 1556, 1814, 1295, 108, 5.20%, 0, 0, 6, 2949.79
1572784063, 0, 1557, 1814, 1294, 107, 5.20%, 0, 0, 6, 2946.58
1572784068, 0, 1557, 1818, 1298, 107, 5.21%, 0, 0, 6, 3013.39
1572784074, 0, 1558, 1818, 1297, 110, 5.21%, 0, 0, 6, 2463.02
1572784309, 0, 1565, 1818, 1296, 109, 5.21%, 0, 0, 6, 2513.27
1572784329, 0, 1565, 1819, 1297, 109, 5.21%, 0, 0, 6, 2318.85
1572784335, 0, 1565, 1825, 1303, 109, 5.21%, 0, 0, 6, 2333.36
1572784360, 0, 1565, 1827, 1305, 109, 5.21%, 0, 0, 6, 2338.79
1572784386, 0, 1565, 1828, 1306, 109, 5.21%, 0, 0, 6, 2305.89
1572784391, 0, 1565, 1830, 1308, 109, 5.21%, 0, 0, 6, 2350.49
1572784411, 0, 1565, 1832, 1310, 109, 5.21%, 0, 0, 6, 2231.06
1572784518, 0, 1571, 1832, 1309, 110, 5.21%, 0, 0, 6, 2507.39
1572784743, 0, 1575, 1832, 1308, 109, 5.21%, 0, 0, 6, 2625.76
1572784764, 0, 1575, 1833, 1309, 109, 5.21%, 0, 0, 6, 2622.55
1572784918, 0, 1588, 1833, 1308, 108, 5.21%, 0, 0, 6, 1724.21
1572784964, 0, 1588, 1834, 1309, 108, 5.21%, 0, 0, 6, 1217.47
1572785134, 0, 1588, 1835, 1310, 108, 5.21%, 0, 0, 6, 1393.75
1572785286, 0, 1588, 1836, 1311, 108, 5.21%, 0, 0, 6, 1407.14
1572785316, 0, 1590, 1836, 1310, 108, 5.21%, 0, 0, 6, 1839.56
1572785470, 0, 1591, 1838, 1311, 107, 5.21%, 0, 0, 6, 2624.03
1572785495, 0, 1592, 1838, 1310, 106, 5.21%, 0, 0, 6, 2791.71
1572785516, 0, 1593, 1838, 1309, 105, 5.21%, 0, 0, 6, 2806.55
1572785541, 0, 1595, 1838, 1308, 104, 5.21%, 0, 0, 6, 2797.78
1572785562, 0, 1595, 1839, 1309, 104, 5.21%, 0, 0, 6, 2814.59
1572785567, 0, 1597, 1839, 1308, 104, 5.21%, 0, 0, 6, 2795.13
1572785592, 0, 1598, 1839, 1307, 103, 5.21%, 0, 0, 6, 2800.77
1572785613, 0, 1599, 1839, 1306, 102, 5.21%, 0, 0, 6, 2803.18
1572785638, 0, 1600, 1839, 1305, 101, 5.21%, 0, 0, 6, 2794.22
1572785659, 0, 1601, 1839, 1304, 100, 5.21%, 0, 0, 6, 2798.54
1572785684, 0, 1602, 1839, 1303, 99, 5.21%, 0, 0, 6, 2794.16
1572785705, 0, 1603, 1839, 1302, 98, 5.21%, 0, 0, 6, 2801.09
1572785730, 0, 1604, 1839, 1301, 97, 5.21%, 0, 0, 6, 2797.73
1572785751, 0, 1607, 1839, 1300, 96, 5.21%, 0, 0, 6, 2799.67
1572785756, 0, 1607, 1840, 1301, 96, 5.21%, 0, 0, 6, 2800.26
1572785776, 0, 1609, 1840, 1300, 95, 5.21%, 0, 0, 6, 2805.17
1572785781, 0, 1609, 1841, 1301, 95, 5.21%, 0, 0, 6, 2761.13
1572785786, 0, 1609, 1843, 1303, 95, 5.21%, 0, 0, 6, 2751.07
1572785817, 0, 1609, 1844, 1304, 95, 5.21%, 0, 0, 6, 2762.85
1572785837, 0, 1613, 1845, 1304, 95, 5.21%, 0, 0, 6, 2762.91
1572785903, 0, 1618, 1845, 1303, 94, 5.21%, 0, 0, 6, 2774.25
1572785991, 0, 1618, 1846, 1304, 94, 5.21%, 0, 0, 6, 2800.57
1572786057, 0, 1624, 1846, 1303, 93, 5.21%, 0, 0, 6, 2664.86
1572786078, 0, 1624, 1847, 1304, 93, 5.21%, 0, 0, 6, 2600.33
1572786134, 0, 1624, 1849, 1306, 93, 5.21%, 0, 0, 6, 2621.24
1572786221, 0, 1625, 1850, 1306, 93, 5.21%, 0, 0, 6, 2696.62
1572786396, 0, 1627, 1850, 1305, 93, 5.21%, 0, 0, 6, 2492.03
1572786416, 0, 1627, 1853, 1308, 93, 5.22%, 0, 0, 6, 2432.85
1572786483, 0, 1627, 1854, 1309, 93, 5.22%, 0, 0, 6, 2520.48
1572786616, 0, 1631, 1854, 1308, 95, 5.22%, 0, 0, 6, 2489.74
1572786636, 0, 1631, 1855, 1309, 95, 5.22%, 0, 0, 6, 2461.63
1572786821, 0, 1638, 1855, 1308, 95, 5.22%, 0, 0, 6, 2583.96
1572786842, 0, 1638, 1856, 1309, 95, 5.22%, 0, 0, 6, 2452.83
1572787032, 0, 1647, 1856, 1308, 94, 5.22%, 0, 0, 6, 2589.99
1572787073, 0, 1647, 1857, 1309, 94, 5.22%, 0, 0, 6, 2556.37
1572787226, 0, 1648, 1858, 1309, 93, 5.22%, 0, 0, 6, 2521.20
1572787420, 0, 1650, 1858, 1308, 93, 5.22%, 0, 0, 6, 2559.19
1572787441, 0, 1650, 1859, 1309, 93, 5.22%, 0, 0, 6, 2469.45
1572787584, 0, 1653, 1859, 1308, 92, 5.22%, 0, 0, 6, 2490.28
1572787604, 0, 1653, 1860, 1309, 92, 5.22%, 0, 0, 6, 2429.16
1572787731, 0, 1657, 1860, 1308, 92, 5.22%, 0, 0, 6, 2569.08
1572787869, 0, 1659, 1860, 1307, 91, 5.22%, 0, 0, 6, 2728.50
1572787987, 0, 1660, 1860, 1306, 90, 5.22%, 0, 0, 6, 2810.57
1572788100, 0, 1660, 1861, 1307, 90, 5.22%, 0, 0, 6, 2708.09
1572788110, 0, 1660, 1862, 1308, 90, 5.22%, 0, 0, 6, 2703.73
1572788120, 0, 1661, 1866, 1311, 89, 5.22%, 0, 0, 7, 2761.68
1572788125, 0, 1667, 1889, 1332, 93, 5.26%, 0, 0, 7, 2818.40
1572788130, 0, 1667, 1895, 1338, 93, 5.26%, 0, 0, 7, 2821.85
1572788135, 0, 1673, 1895, 1336, 102, 5.26%, 0, 0, 7, 2883.37
1572788140, 0, 1674, 1910, 1350, 102, 5.38%, 0, 0, 7, 2864.61
1572788145, 0, 1674, 1914, 1354, 102, 5.38%, 0, 0, 7, 2841.24
1572788151, 0, 1675, 1920, 1359, 110, 5.40%, 0, 0, 7, 2878.29
1572788156, 0, 1676, 1922, 1360, 115, 5.41%, 0, 0, 7, 2957.36
1572788166, 0, 1677, 1922, 1359, 116, 5.41%, 0, 0, 7, 2990.21
1572788171, 0, 1681, 1923, 1359, 115, 5.41%, 0, 0, 7, 2734.12
1572788186, 0, 1681, 1925, 1361, 115, 5.41%, 0, 0, 7, 2636.79
1572788304, 0, 1681, 1927, 1363, 115, 5.41%, 0, 0, 7, 2674.02
1572788315, 0, 1685, 1928, 1363, 114, 5.41%, 0, 0, 7, 2724.33
1572788463, 0, 1688, 1930, 1364, 113, 5.41%, 0, 0, 7, 2685.70
1572788483, 0, 1688, 1931, 1365, 113, 5.41%, 0, 0, 7, 2668.58
1572788534, 0, 1688, 1934, 1368, 113, 5.41%, 0, 0, 7, 2685.96
1572788606, 0, 1689, 1934, 1367, 112, 5.41%, 0, 0, 7, 2713.69
1572788647, 0, 1689, 1935, 1368, 112, 5.41%, 0, 0, 7, 2670.77
1572788677, 0, 1689, 1936, 1369, 112, 5.41%, 0, 0, 7, 2676.46
1572788754, 0, 1690, 1936, 1368, 111, 5.41%, 0, 0, 7, 2672.60
1572788907, 0, 1692, 1936, 1367, 110, 5.41%, 0, 0, 7, 2704.64
1572789055, 0, 1693, 1936, 1366, 109, 5.41%, 0, 0, 7, 2734.43
1572789209, 0, 1704, 1936, 1365, 108, 5.41%, 0, 0, 7, 2455.28
