# unix_time, cycles_done, cur_path, paths_total, pending_total, pending_favs, map_size, unique_crashes, unique_hangs, max_depth, execs_per_sec
1572533406, 0, 0, 1, 1, 1, 1.37%, 0, 0, 1, 2000.00
1572533411, 0, 0, 61, 61, 1, 1.79%, 0, 0, 2, 2748.18
1572533426, 0, 0, 169, 169, 1, 2.11%, 0, 0, 2, 2898.60
1572533431, 0, 0, 209, 209, 1, 2.25%, 0, 0, 2, 2871.35
1572533447, 0, 0, 212, 212, 1, 2.26%, 0, 0, 2, 2837.97
1572533452, 0, 0, 219, 219, 1, 2.27%, 0, 0, 2, 2835.15
1572533467, 0, 0, 223, 223, 1, 2.31%, 0, 0, 2, 2828.79
1572533472, 0, 0, 241, 241, 1, 2.61%, 0, 0, 2, 2849.32
1572533478, 0, 0, 255, 255, 1, 2.62%, 0, 0, 2, 2808.50
1572533483, 0, 0, 266, 266, 1, 2.73%, 0, 0, 2, 2853.98
1572533488, 0, 0, 269, 269, 1, 2.74%, 0, 0, 2, 2861.55
1572533493, 0, 0, 271, 271, 1, 2.74%, 0, 0, 2, 2839.80
1572533498, 0, 0, 279, 279, 1, 2.75%, 0, 0, 2, 2848.62
1572533503, 0, 0, 282, 282, 1, 2.75%, 0, 0, 2, 2855.70
1572533508, 0, 0, 283, 283, 1, 2.75%, 0, 0, 2, 2854.31
1572533524, 0, 0, 284, 284, 1, 2.76%, 0, 0, 2, 2855.14
1572533544, 0, 0, 287, 287, 1, 2.76%, 0, 0, 2, 2844.76
1572533549, 0, 0, 291, 291, 1, 2.78%, 0, 0, 2, 2838.85
1572533554, 0, 0, 295, 295, 1, 2.81%, 0, 0, 2, 2818.77
1572533565, 0, 0, 297, 297, 1, 2.81%, 0, 0, 2, 2839.10
1572533570, 0, 0, 298, 298, 1, 2.82%, 0, 0, 2, 2854.18
1572533575, 0, 0, 328, 328, 1, 2.86%, 0, 0, 2, 3026.21
1572533580, 0, 0, 344, 344, 1, 2.88%, 0, 0, 2, 3098.99
1572533585, 0, 1, 356, 355, 130, 2.92%, 0, 0, 3, 3255.60
1572533590, 0, 1, 362, 361, 130, 2.94%, 0, 0, 3, 3287.08
1572533595, 0, 2, 363, 361, 139, 2.94%, 0, 0, 3, 3337.95
1572533600, 0, 4, 363, 359, 137, 2.94%, 0, 0, 3, 3388.87
1572533605, 0, 8, 363, 357, 135, 2.94%, 0, 0, 3, 3098.76
1572533769, 0, 9, 363, 356, 134, 2.94%, 0, 0, 3, 2867.44
1572533800, 0, 9, 370, 363, 134, 2.99%, 0, 0, 3, 1481.64
1572533805, 0, 9, 371, 364, 134, 2.99%, 0, 0, 3, 1487.20
1572533881, 0, 9, 372, 365, 134, 2.99%, 0, 0, 3, 1482.15
1572533912, 0, 9, 373, 366, 134, 2.99%, 0, 0, 3, 1458.29
1572534084, 0, 11, 376, 368, 137, 3.00%, 0, 0, 3, 1523.19
1572534120, 0, 11, 395, 387, 137, 3.00%, 0, 0, 3, 1479.05
1572534125, 0, 11, 402, 394, 137, 3.00%, 0, 0, 3, 1453.90
1572534211, 0, 11, 404, 396, 137, 3.00%, 0, 0, 3, 1478.15
1572534363, 0, 11, 405, 397, 137, 3.00%, 0, 0, 3, 1497.28
1572534373, 0, 11, 407, 399, 137, 3.00%, 0, 0, 3, 1494.75
1572534408, 0, 13, 408, 399, 139, 3.00%, 0, 0, 3, 1523.99
1572534413, 0, 13, 409, 400, 139, 3.01%, 0, 0, 3, 1510.39
1572534434, 0, 13, 414, 405, 139, 3.01%, 0, 0, 3, 2721.25
1572534485, 0, 13, 418, 409, 139, 3.02%, 0, 0, 3, 2769.43
1572534562, 0, 13, 419, 410, 139, 3.02%, 0, 0, 3, 2776.14
1572534587, 0, 16, 419, 409, 144, 3.02%, 0, 0, 3, 2937.37
1572534649, 0, 16, 421, 411, 144, 3.02%, 0, 0, 3, 3165.50
1572534690, 0, 16, 422, 412, 144, 3.02%, 0, 0, 3, 3153.19
1572534700, 0, 16, 423, 413, 144, 3.02%, 0, 0, 3, 3150.18
1572534705, 0, 17, 428, 417, 144, 3.07%, 0, 0, 3, 2851.99
1572534715, 0, 17, 430, 419, 144, 3.07%, 0, 0, 3, 2755.27
1572534720, 0, 17, 435, 424, 144, 3.07%, 0, 0, 3, 2765.01
1572534725, 0, 17, 437, 426, 144, 3.07%, 0, 0, 3, 2754.20
1572534746, 0, 17, 438, 427, 144, 3.07%, 0, 0, 3, 2688.75
1572534771, 0, 17, 441, 430, 144, 3.08%, 0, 0, 3, 2758.51
1572534879, 0, 17, 448, 437, 144, 3.08%, 0, 0, 3, 2942.88
1572534884, 0, 17, 456, 445, 144, 3.08%, 0, 0, 3, 3032.36
1572534889, 0, 23, 457, 445, 152, 3.08%, 0, 0, 3, 3055.10
1572534894, 0, 23, 459, 447, 152, 3.08%, 0, 0, 3, 3037.28
1572534915, 0, 23, 461, 449, 152, 3.08%, 0, 0, 3, 2983.44
1572534920, 0, 23, 462, 450, 152, 3.08%, 0, 0, 3, 2993.19
1572534986, 0, 23, 463, 451, 152, 3.08%, 0, 0, 3, 3031.61
1572534997, 0, 23, 470, 458, 152, 3.08%, 0, 0, 3, 3079.17
1572535002, 0, 23, 472, 460, 152, 3.08%, 0, 0, 3, 3108.40
1572535007, 0, 30, 474, 461, 145, 3.08%, 0, 0, 3, 3057.44
1572535069, 0, 30, 475, 462, 145, 3.08%, 0, 0, 3, 3034.10
1572535084, 0, 31, 475, 461, 144, 3.08%, 0, 0, 3, 3024.13
1572535202, 0, 34, 475, 460, 143, 3.08%, 0, 0, 3, 2826.92
1572535218, 0, 34, 477, 462, 143, 3.08%, 0, 0, 3, 2740.60
1572535223, 0, 34, 478, 463, 143, 3.08%, 0, 0, 3, 2743.28
1572535243, 0, 34, 479, 464, 143, 3.09%, 0, 0, 3, 2756.90
1572535279, 0, 34, 480, 465, 143, 3.09%, 0, 0, 3, 2785.06
1572535294, 0, 34, 482, 467, 143, 3.09%, 0, 0, 3, 2768.97
1572535371, 0, 42, 483, 467, 144, 3.09%, 0, 0, 3, 2788.28
1572535391, 0, 42, 485, 469, 144, 3.09%, 0, 0, 3, 2729.35
1572535509, 0, 42, 486, 470, 144, 3.09%, 0, 0, 3, 2804.71
1572535544, 0, 52, 486, 469, 143, 3.09%, 0, 0, 3, 2831.50
1572535565, 0, 52, 487, 470, 143, 3.09%, 0, 0, 3, 2779.72
1572535719, 0, 54, 487, 469, 142, 3.09%, 0, 0, 3, 2835.18
1572535739, 0, 54, 488, 470, 142, 3.09%, 0, 0, 3, 2766.90
1572535785, 0, 54, 489, 471, 142, 3.10%, 0, 0, 3, 2795.25
1572535893, 0, 56, 490, 471, 141, 3.10%, 0, 0, 3, 2762.85
1572535959, 0, 56, 491, 472, 141, 3.11%, 0, 0, 3, 2761.76
1572536066, 0, 57, 491, 471, 141, 3.11%, 0, 0, 3, 2870.39
1572536087, 0, 57, 492, 472, 141, 3.11%, 0, 0, 3, 2770.18
1572536092, 0, 57, 493, 473, 141, 3.11%, 0, 0, 3, 2769.93
1572536134, 0, 57, 494, 474, 141, 3.18%, 0, 0, 3, 2775.65
1572536246, 0, 59, 494, 473, 141, 3.18%, 0, 0, 3, 2772.35
1572536415, 0, 66, 494, 472, 140, 3.18%, 0, 0, 3, 2830.44
1572536441, 0, 66, 495, 473, 140, 3.18%, 0, 0, 3, 2737.70
1572536492, 0, 66, 496, 474, 140, 3.18%, 0, 0, 3, 2742.31
1572536604, 0, 68, 496, 473, 140, 3.18%, 0, 0, 3, 1561.02
1572536746, 0, 68, 497, 474, 140, 3.18%, 0, 0, 3, 1568.23
1572536833, 0, 70, 497, 473, 140, 3.18%, 0, 0, 3, 1598.15
1572536868, 0, 70, 498, 474, 140, 3.18%, 0, 0, 3, 1585.52
1572537066, 0, 72, 498, 473, 140, 3.18%, 0, 0, 3, 1585.50
1572537213, 0, 72, 499, 474, 140, 3.18%, 0, 0, 3, 1505.73
1572537396, 0, 81, 503, 477, 139, 3.18%, 0, 0, 3, 1542.95
1572537431, 0, 81, 504, 478, 139, 3.18%, 0, 0, 3, 1486.87
1572537726, 0, 83, 504, 477, 139, 3.18%, 0, 0, 3, 1501.14
1572537960, 0, 87, 504, 476, 138, 3.18%, 0, 0, 3, 2797.13
1572537975, 0, 87, 507, 479, 138, 3.18%, 0, 0, 3, 2741.76
1572537980, 0, 87, 509, 481, 138, 3.18%, 0, 0, 3, 2772.31
1572538001, 0, 87, 510, 482, 138, 3.19%, 0, 0, 3, 2734.71
1572538037, 0, 87, 511, 483, 138, 3.19%, 0, 0, 3, 2780.61
1572538134, 0, 94, 511, 482, 139, 3.19%, 0, 0, 3, 2795.14
1572538149, 0, 94, 513, 484, 139, 3.19%, 0, 0, 3, 2772.42
1572538303, 0, 95, 513, 483, 139, 3.19%, 0, 0, 3, 2886.77
1572538365, 0, 95, 516, 486, 139, 3.19%, 0, 0, 3, 3076.83
1572538427, 0, 101, 516, 485, 138, 3.19%, 0, 0, 3, 3018.88
1572538447, 0, 101, 517, 486, 138, 3.19%, 0, 0, 3, 2747.70
1572538606, 0, 102, 519, 487, 137, 3.19%, 0, 0, 3, 2848.11
1572538627, 0, 102, 521, 489, 137, 3.19%, 0, 0, 3, 2774.60
1572538780, 0, 106, 521, 488, 137, 3.19%, 0, 0, 3, 2797.36
1572538796, 0, 106, 523, 490, 137, 3.19%, 0, 0, 3, 2751.61
1572538857, 0, 106, 524, 491, 137, 3.19%, 0, 0, 3, 2800.33
1572538923, 0, 106, 525, 492, 137, 3.19%, 0, 0, 3, 2735.52
1572538953, 0, 107, 525, 491, 137, 3.19%, 0, 0, 3, 2807.10
1572539128, 0, 113, 525, 490, 136, 3.19%, 0, 0, 3, 2736.79
1572539148, 0, 113, 536, 501, 136, 3.19%, 0, 0, 3, 2749.91
1572539169, 0, 113, 542, 507, 136, 3.20%, 0, 0, 3, 2750.91
1572539205, 0, 113, 544, 509, 136, 3.22%, 0, 0, 3, 2781.79
1572539302, 0, 118, 544, 508, 142, 3.22%, 0, 0, 3, 2805.74
1572539481, 0, 120, 545, 508, 142, 3.22%, 0, 0, 3, 2723.28
1572539496, 0, 120, 547, 510, 142, 3.22%, 0, 0, 3, 2721.71
1572539558, 0, 120, 548, 511, 142, 3.22%, 0, 0, 3, 2797.15
1572539655, 0, 123, 550, 512, 142, 3.22%, 0, 0, 3, 2890.59
1572539691, 0, 123, 552, 514, 142, 3.22%, 0, 0, 3, 2896.46
1572539721, 0, 123, 557, 519, 142, 3.22%, 0, 0, 3, 2893.88
1572539726, 0, 123, 558, 520, 142, 3.22%, 0, 0, 3, 2905.66
1572539793, 0, 124, 558, 519, 140, 3.22%, 0, 0, 3, 2939.46
1572539927, 0, 124, 559, 520, 140, 3.26%, 0, 0, 3, 2926.84
1572539932, 0, 125, 559, 519, 140, 3.26%, 0, 0, 3, 2828.22
1572540106, 0, 128, 559, 518, 139, 3.26%, 0, 0, 3, 2876.28
1572540122, 0, 128, 560, 519, 139, 3.27%, 0, 0, 3, 2891.36
1572540178, 0, 128, 561, 520, 139, 3.27%, 0, 0, 3, 2917.54
1572540245, 0, 135, 561, 519, 139, 3.27%, 0, 0, 3, 2926.02
1572540286, 0, 135, 563, 521, 139, 3.27%, 0, 0, 3, 2872.39
1572540317, 0, 135, 564, 522, 139, 3.27%, 0, 0, 3, 2871.19
1572540368, 0, 135, 565, 523, 139, 3.27%, 0, 0, 3, 2878.73
1572540394, 0, 137, 565, 522, 138, 3.27%, 0, 0, 3, 2819.24
1572540430, 0, 137, 566, 523, 138, 3.27%, 0, 0, 3, 2777.54
1572540567, 0, 140, 566, 522, 137, 3.27%, 0, 0, 3, 2863.90
1572540747, 0, 143, 566, 521, 136, 3.27%, 0, 0, 3, 2819.35
1572540767, 0, 143, 572, 527, 136, 3.39%, 0, 0, 3, 2704.65
1572540814, 0, 143, 573, 528, 136, 3.48%, 0, 0, 3, 2655.38
1572541022, 0, 145, 573, 527, 137, 3.48%, 0, 0, 3, 1523.49
1572541058, 0, 145, 576, 530, 137, 3.48%, 0, 0, 3, 1453.81
1572541139, 0, 145, 577, 531, 137, 3.48%, 0, 0, 3, 1492.63
1572541179, 0, 145, 578, 532, 137, 3.48%, 0, 0, 3, 1447.54
1572541357, 0, 155, 578, 531, 136, 3.48%, 0, 0, 3, 1552.26
1572541393, 0, 155, 579, 532, 136, 3.48%, 0, 0, 3, 1463.09
1572541698, 0, 165, 579, 531, 135, 3.48%, 0, 0, 3, 1499.88
1572541816, 0, 165, 580, 532, 135, 3.48%, 0, 0, 3, 1463.60
1572541846, 0, 165, 581, 533, 135, 3.48%, 0, 0, 3, 1474.10
1572541851, 0, 165, 582, 534, 135, 3.48%, 0, 0, 3, 1499.93
1572542034, 0, 167, 582, 533, 135, 3.48%, 0, 0, 3, 1548.98
1572542369, 0, 175, 582, 532, 134, 3.48%, 0, 0, 3, 1566.73
1572542405, 0, 175, 583, 533, 134, 3.48%, 0, 0, 3, 1467.14
1572542410, 0, 175, 584, 534, 134, 3.48%, 0, 0, 3, 1455.12
1572542497, 0, 175, 585, 535, 134, 3.48%, 0, 0, 3, 2603.65
1572542522, 0, 175, 586, 536, 134, 3.48%, 0, 0, 3, 2583.13
1572542609, 0, 176, 586, 535, 134, 3.48%, 0, 0, 3, 2752.09
1572542681, 0, 176, 587, 536, 134, 3.49%, 0, 0, 3, 2774.68
1572542686, 0, 176, 589, 538, 134, 3.49%, 0, 0, 3, 2800.43
1572542782, 0, 177, 589, 537, 135, 3.49%, 0, 0, 3, 2880.11
1572542860, 0, 177, 590, 538, 135, 3.49%, 0, 0, 3, 2769.32
1572542962, 0, 182, 591, 538, 134, 3.49%, 0, 0, 3, 2751.74
1572542983, 0, 182, 596, 543, 134, 3.49%, 0, 0, 3, 2698.73
1572543003, 0, 182, 597, 544, 134, 3.49%, 0, 0, 3, 2715.78
1572543024, 0, 182, 598, 545, 134, 3.49%, 0, 0, 3, 2696.77
1572543034, 0, 182, 601, 548, 134, 3.49%, 0, 0, 3, 2706.47
1572543039, 0, 182, 603, 550, 134, 3.49%, 0, 0, 3, 2714.40
1572543044, 0, 182, 604, 551, 134, 3.49%, 0, 0, 3, 2683.10
1572543060, 0, 182, 605, 552, 134, 3.49%, 0, 0, 3, 2718.02
1572543111, 0, 182, 606, 553, 134, 3.49%, 0, 0, 3, 2727.38
1572543142, 0, 186, 606, 552, 134, 3.49%, 0, 0, 3, 2822.35
1572543162, 0, 186, 607, 553, 134, 3.49%, 0, 0, 3, 2769.20
1572543321, 0, 192, 608, 553, 133, 3.49%, 0, 0, 3, 3006.83
1572543439, 0, 196, 608, 552, 133, 3.49%, 0, 0, 3, 3139.03
1572543557, 0, 197, 608, 551, 132, 3.49%, 0, 0, 3, 3113.09
1572543685, 0, 198, 608, 550, 131, 3.49%, 0, 0, 3, 2976.89
1572543803, 0, 198, 609, 551, 131, 3.51%, 0, 0, 3, 3072.67
1572543808, 0, 199, 627, 568, 131, 3.71%, 0, 0, 3, 3132.00
1572543813, 0, 199, 632, 573, 131, 3.72%, 0, 0, 3, 3171.27
1572543819, 0, 200, 639, 579, 142, 3.74%, 0, 0, 3, 3205.04
1572543824, 0, 216, 641, 580, 144, 3.75%, 0, 0, 3, 3209.67
1572543829, 0, 219, 641, 579, 143, 3.75%, 0, 0, 3, 2988.64
1572544008, 0, 230, 642, 579, 143, 3.75%, 0, 0, 3, 2770.01
1572544029, 0, 230, 655, 592, 143, 3.80%, 0, 0, 3, 2673.90
1572544049, 0, 230, 656, 593, 143, 3.80%, 0, 0, 3, 2666.24
1572544075, 0, 230, 657, 594, 143, 3.81%, 0, 0, 3, 2661.99
1572544080, 0, 230, 659, 596, 143, 3.81%, 0, 0, 3, 2680.63
1572544085, 0, 230, 660, 597, 143, 3.81%, 0, 0, 3, 2699.61
1572544100, 0, 230, 662, 599, 143, 3.81%, 0, 0, 3, 2691.48
1572544105, 0, 230, 663, 600, 143, 3.81%, 0, 0, 3, 2717.67
1572544192, 0, 235, 663, 599, 158, 3.81%, 0, 0, 3, 2789.41
1572544258, 0, 235, 664, 600, 158, 3.82%, 0, 0, 3, 2753.53
1572544340, 0, 235, 665, 601, 158, 3.82%, 0, 0, 3, 2773.60
1572544371, 0, 248, 665, 600, 158, 3.82%, 0, 0, 3, 2884.34
1572544432, 0, 255, 665, 599, 158, 3.82%, 0, 0, 3, 2923.89
1572544617, 0, 256, 665, 598, 157, 3.82%, 0, 0, 3, 2767.06
1572544796, 0, 257, 665, 597, 156, 3.82%, 0, 0, 3, 2835.66
1572544816, 0, 257, 666, 598, 156, 3.82%, 0, 0, 3, 2760.43
1572544873, 0, 257, 669, 601, 156, 3.83%, 0, 0, 3, 2810.73
1572544980, 0, 258, 669, 600, 158, 3.83%, 0, 0, 3, 2786.33
1572545000, 0, 258, 670, 601, 158, 3.83%, 0, 0, 3, 2756.46
1572545057, 0, 258, 671, 602, 158, 3.83%, 0, 0, 3, 2795.55
1572545159, 0, 259, 671, 601, 158, 3.83%, 0, 0, 3, 2845.71
1572545180, 0, 259, 672, 602, 158, 3.83%, 0, 0, 3, 2774.20
1572545241, 0, 259, 673, 603, 158, 3.83%, 0, 0, 3, 2774.91
1572545328, 0, 259, 674, 604, 158, 3.83%, 0, 0, 3, 2810.97
1572545338, 0, 262, 674, 603, 158, 3.83%, 0, 0, 3, 2826.93
1572545358, 0, 262, 675, 604, 158, 3.83%, 0, 0, 3, 2745.29
1572545379, 0, 262, 676, 605, 158, 3.83%, 0, 0, 3, 2752.20
1572545425, 0, 262, 677, 606, 158, 3.83%, 0, 0, 3, 2777.50
1572545435, 0, 262, 678, 607, 158, 3.83%, 0, 0, 3, 2781.76
1572545522, 0, 265, 678, 606, 158, 3.83%, 0, 0, 3, 2850.89
1572545543, 0, 265, 679, 607, 158, 3.83%, 0, 0, 3, 2749.46
1572545609, 0, 265, 680, 608, 158, 3.83%, 0, 0, 3, 2757.40
1572545620, 0, 265, 681, 609, 158, 3.83%, 0, 0, 3, 2778.81
1572545706, 0, 266, 681, 608, 157, 3.83%, 0, 0, 3, 2824.75
1572545727, 0, 266, 682, 609, 157, 3.83%, 0, 0, 3, 2765.92
1572545783, 0, 266, 683, 610, 157, 3.84%, 0, 0, 3, 2803.57
1572545793, 0, 266, 684, 611, 157, 3.84%, 0, 0, 3, 2777.69
1572545890, 0, 267, 684, 610, 156, 3.84%, 0, 0, 3, 2784.31
1572545911, 0, 267, 685, 611, 156, 3.84%, 0, 0, 3, 2726.89
1572545967, 0, 267, 686, 612, 156, 3.84%, 0, 0, 3, 2807.96
1572545978, 0, 267, 687, 613, 156, 3.84%, 0, 0, 3, 2770.02
1572546075, 0, 268, 687, 612, 156, 3.84%, 0, 0, 3, 2519.04
1572546111, 0, 268, 688, 613, 156, 3.84%, 0, 0, 3, 1432.03
1572546217, 0, 268, 689, 614, 156, 3.84%, 0, 0, 3, 1479.77
1572546237, 0, 268, 690, 615, 156, 3.84%, 0, 0, 3, 1433.32
1572546420, 0, 269, 690, 614, 156, 3.84%, 0, 0, 3, 1540.74
1572546461, 0, 269, 691, 615, 156, 3.84%, 0, 0, 3, 1457.37
1572546567, 0, 269, 692, 616, 156, 3.84%, 0, 0, 3, 1462.86
1572546593, 0, 269, 693, 617, 156, 3.84%, 0, 0, 3, 1464.80
1572546771, 0, 270, 693, 616, 155, 3.84%, 0, 0, 3, 1539.57
1572546812, 0, 270, 694, 617, 155, 3.84%, 0, 0, 3, 1455.40
1572546919, 0, 270, 695, 618, 155, 3.85%, 0, 0, 3, 1472.82
1572546944, 0, 270, 696, 619, 155, 3.85%, 0, 0, 3, 1459.45
1572547122, 0, 271, 696, 618, 155, 3.85%, 0, 0, 3, 1441.27
1572547163, 0, 271, 698, 620, 155, 3.85%, 0, 0, 3, 1398.55
1572547244, 0, 271, 699, 621, 155, 3.85%, 0, 0, 3, 1389.56
1572547254, 0, 271, 700, 622, 155, 3.85%, 0, 0, 3, 1403.04
1572547478, 0, 272, 700, 621, 154, 3.85%, 0, 0, 3, 1502.43
1572547519, 0, 272, 701, 622, 154, 3.85%, 0, 0, 3, 1451.58
1572547559, 0, 272, 702, 623, 154, 3.85%, 0, 0, 3, 1442.20
1572547625, 0, 272, 703, 624, 154, 3.85%, 0, 0, 3, 1457.04
1572547656, 0, 272, 704, 625, 154, 3.85%, 0, 0, 3, 1484.42
1572547824, 0, 287, 704, 624, 155, 3.85%, 0, 0, 3, 1493.99
1572547859, 0, 287, 705, 625, 155, 3.85%, 0, 0, 3, 1398.69
1572547951, 0, 287, 706, 626, 155, 3.85%, 0, 0, 3, 1872.96
1572548038, 0, 287, 707, 627, 155, 3.85%, 0, 0, 3, 2737.08
1572548058, 0, 287, 709, 629, 155, 3.85%, 0, 0, 3, 2743.32
1572548079, 0, 288, 709, 628, 154, 3.85%, 0, 0, 3, 2771.39
1572548258, 0, 290, 709, 627, 153, 3.85%, 0, 0, 3, 2829.68
1572548387, 0, 292, 712, 628, 153, 3.87%, 0, 0, 3, 3133.88
1572548392, 0, 292, 751, 667, 153, 3.91%, 0, 0, 3, 2931.93
1572548402, 0, 292, 763, 679, 153, 3.92%, 0, 0, 3, 2885.43
1572548412, 0, 292, 765, 681, 153, 3.92%, 0, 0, 3, 2870.93
1572548428, 0, 292, 773, 689, 153, 3.93%, 0, 0, 3, 2878.14
1572548433, 0, 292, 776, 692, 153, 3.95%, 0, 0, 3, 2856.10
1572548443, 0, 292, 779, 695, 153, 3.96%, 0, 0, 3, 2887.95
1572548448, 0, 292, 782, 698, 153, 3.96%, 0, 0, 3, 2908.37
1572548454, 0, 292, 785, 701, 153, 3.96%, 0, 0, 3, 2885.73
1572548459, 0, 292, 797, 713, 153, 3.97%, 0, 0, 3, 2872.39
1572548464, 0, 292, 807, 723, 153, 3.97%, 0, 0, 3, 2855.55
1572548469, 0, 293, 808, 723, 179, 3.97%, 0, 0, 3, 2886.16
1572548484, 0, 293, 809, 724, 179, 3.97%, 0, 0, 3, 2861.35
1572548531, 0, 293, 810, 725, 179, 3.97%, 0, 0, 3, 2847.89
1572548602, 0, 294, 810, 724, 178, 3.97%, 0, 0, 3, 2909.34
1572548735, 0, 298, 810, 723, 177, 3.97%, 0, 0, 3, 2901.39
1572548756, 0, 298, 811, 724, 177, 3.97%, 0, 0, 3, 2669.09
1572548761, 0, 298, 812, 725, 177, 3.98%, 0, 0, 3, 2663.37
1572548904, 0, 298, 813, 726, 177, 3.98%, 0, 0, 3, 2692.97
1572548924, 0, 298, 814, 727, 177, 3.98%, 0, 0, 3, 2706.26
1572548930, 0, 306, 816, 728, 178, 3.98%, 0, 0, 3, 2809.84
1572548945, 0, 306, 817, 729, 178, 3.98%, 0, 0, 3, 2793.23
1572548966, 0, 306, 818, 730, 178, 3.98%, 0, 0, 3, 2765.69
1572548971, 0, 306, 820, 732, 178, 3.98%, 0, 0, 3, 2784.96
1572549012, 0, 306, 821, 733, 178, 3.98%, 0, 0, 3, 2810.57
1572549017, 0, 306, 824, 736, 178, 3.99%, 0, 0, 3, 2814.31
1572549103, 0, 309, 824, 735, 182, 3.99%, 0, 0, 3, 3075.44
1572549109, 0, 311, 824, 734, 181, 3.99%, 0, 0, 3, 3079.11
1572549159, 0, 316, 824, 733, 180, 3.99%, 0, 0, 3, 3083.49
1572549180, 0, 320, 824, 732, 179, 3.99%, 0, 0, 3, 3057.57
1572549247, 0, 330, 824, 731, 178, 3.99%, 0, 0, 3, 3073.31
1572549309, 0, 330, 825, 732, 178, 3.99%, 0, 0, 3, 3026.69
1572549314, 0, 330, 826, 733, 178, 3.99%, 0, 0, 3, 3036.08
1572549329, 0, 346, 826, 732, 178, 3.99%, 0, 0, 3, 2803.59
1572549396, 0, 346, 827, 733, 178, 3.99%, 0, 0, 3, 2749.03
1572549482, 0, 347, 828, 733, 177, 3.99%, 0, 0, 3, 2975.22
1572549545, 0, 347, 831, 736, 177, 3.99%, 0, 0, 3, 3004.14
1572549617, 0, 351, 831, 735, 176, 3.99%, 0, 0, 3, 3003.43
1572549622, 0, 357, 833, 732, 172, 4.00%, 0, 0, 4, 3183.73
1572549627, 0, 358, 837, 735, 176, 4.01%, 0, 0, 4, 3238.43
1572549632, 0, 359, 837, 734, 175, 4.01%, 0, 0, 4, 3175.99
1572549637, 0, 360, 838, 734, 175, 4.01%, 0, 0, 4, 3233.36
1572549642, 0, 367, 840, 733, 174, 4.03%, 0, 0, 4, 3177.73
1572549663, 0, 367, 843, 736, 174, 4.04%, 0, 0, 4, 2757.19
1572549668, 0, 367, 844, 737, 174, 4.04%, 0, 0, 4, 2758.16
1572549683, 0, 367, 846, 739, 174, 4.05%, 0, 0, 4, 2771.39
1572549689, 0, 367, 848, 741, 174, 4.05%, 0, 0, 4, 2764.96
1572549725, 0, 367, 850, 743, 174, 4.05%, 0, 0, 4, 2803.65
1572549740, 0, 367, 851, 744, 174, 4.05%, 0, 0, 4, 2785.31
1572549832, 0, 373, 851, 743, 178, 4.05%, 0, 0, 4, 2923.39
1572549862, 0, 373, 852, 744, 178, 4.05%, 0, 0, 4, 3044.91
1572549950, 0, 402, 852, 743, 177, 4.05%, 0, 0, 4, 2769.58
1572549965, 0, 402, 853, 744, 177, 4.05%, 0, 0, 4, 2676.37
1572549970, 0, 402, 863, 754, 177, 4.05%, 0, 0, 4, 2680.55
1572550042, 0, 402, 865, 756, 177, 4.05%, 0, 0, 4, 2733.84
1572550139, 0, 407, 865, 755, 176, 4.05%, 0, 0, 4, 2778.45
1572550323, 0, 408, 865, 754, 175, 4.05%, 0, 0, 4, 2884.31
1572550343, 0, 408, 870, 759, 175, 4.05%, 0, 0, 4, 2764.18
1572550394, 0, 408, 873, 762, 175, 4.05%, 0, 0, 4, 2772.84
1572550471, 0, 408, 874, 763, 175, 4.05%, 0, 0, 4, 2786.25
1572550511, 0, 416, 875, 763, 176, 4.05%, 0, 0, 4, 2809.93
1572550522, 0, 416, 877, 765, 176, 4.06%, 0, 0, 4, 2759.09
1572550527, 0, 416, 878, 766, 176, 4.06%, 0, 0, 4, 2746.27
1572550532, 0, 416, 882, 770, 176, 4.06%, 0, 0, 4, 2761.09
1572550695, 0, 418, 884, 771, 178, 4.07%, 0, 0, 4, 2867.59
1572550716, 0, 418, 889, 776, 178, 4.07%, 0, 0, 4, 2757.80
1572550721, 0, 418, 890, 777, 178, 4.07%, 0, 0, 4, 2754.58
1572550741, 0, 418, 891, 778, 178, 4.08%, 0, 0, 4, 2780.53
1572550767, 0, 418, 894, 781, 178, 4.08%, 0, 0, 4, 2780.07
1572550884, 0, 422, 894, 780, 178, 4.08%, 0, 0, 4, 2940.61
1572550940, 0, 427, 894, 779, 177, 4.08%, 0, 0, 4, 2835.70
1572550955, 0, 427, 898, 783, 177, 4.08%, 0, 0, 4, 2721.61
1572550960, 0, 427, 899, 784, 177, 4.08%, 0, 0, 4, 2740.13
1572551129, 0, 428, 899, 783, 177, 4.08%, 0, 0, 4, 2785.36
1572551145, 0, 428, 903, 787, 177, 4.08%, 0, 0, 4, 2754.40
1572551150, 0, 428, 904, 788, 177, 4.08%, 0, 0, 4, 2760.58
1572551314, 0, 429, 904, 787, 177, 4.08%, 0, 0, 4, 2858.24
1572551334, 0, 429, 908, 791, 177, 4.08%, 0, 0, 4, 2769.48
1572551569, 0, 431, 908, 790, 177, 4.08%, 0, 0, 4, 1511.57
1572551574, 0, 431, 910, 792, 177, 4.08%, 0, 0, 4, 1654.58
1572551594, 0, 431, 911, 793, 177, 4.08%, 0, 0, 4, 1665.25
1572551609, 0, 431, 913, 795, 177, 4.08%, 0, 0, 4, 1684.08
1572551640, 0, 431, 914, 796, 177, 4.08%, 0, 0, 4, 1660.49
1572551686, 0, 431, 915, 797, 177, 4.08%, 0, 0, 4, 1662.02
1572551822, 0, 442, 915, 796, 176, 4.08%, 0, 0, 4, 1669.34
1572551934, 0, 445, 918, 798, 175, 4.08%, 0, 0, 4, 1657.07
1572551964, 0, 445, 919, 799, 175, 4.08%, 0, 0, 4, 1655.35
1572551969, 0, 445, 921, 801, 175, 4.08%, 0, 0, 4, 1637.88
1572552005, 0, 445, 922, 802, 175, 4.08%, 0, 0, 4, 1676.17
1572552046, 0, 445, 923, 803, 175, 4.08%, 0, 0, 4, 1641.98
1572552188, 0, 449, 923, 802, 174, 4.08%, 0, 0, 4, 1639.14
1572552432, 0, 455, 927, 805, 173, 4.08%, 0, 0, 4, 1566.32
1572552473, 0, 455, 929, 807, 173, 4.08%, 0, 0, 4, 1466.43
1572552513, 0, 455, 930, 808, 173, 4.08%, 0, 0, 4, 1485.05
1572552559, 0, 455, 931, 809, 173, 4.08%, 0, 0, 4, 1496.82
1572552731, 0, 457, 931, 808, 173, 4.08%, 0, 0, 4, 1543.49
1572552747, 0, 457, 932, 809, 173, 4.08%, 0, 0, 4, 1677.95
1572552762, 0, 457, 933, 810, 173, 4.08%, 0, 0, 4, 1658.63
1572552914, 0, 459, 933, 809, 173, 4.08%, 0, 0, 4, 1626.51
1572553138, 0, 460, 933, 808, 172, 4.08%, 0, 0, 4, 1602.16
1572553158, 0, 460, 934, 809, 172, 4.08%, 0, 0, 4, 1648.06
1572553163, 0, 465, 936, 810, 171, 4.08%, 0, 0, 4, 1627.78
1572553204, 0, 466, 936, 809, 170, 4.08%, 0, 0, 4, 1582.72
1572553219, 0, 466, 937, 810, 170, 4.08%, 0, 0, 4, 1527.33
1572553234, 0, 466, 938, 811, 170, 4.08%, 0, 0, 4, 1546.24
1572553432, 0, 467, 939, 811, 169, 4.08%, 0, 0, 4, 1573.41
1572553448, 0, 467, 940, 812, 169, 4.08%, 0, 0, 4, 1601.67
1572553610, 0, 469, 940, 811, 168, 4.08%, 0, 0, 4, 2958.17
1572553646, 0, 469, 946, 817, 168, 4.09%, 0, 0, 4, 2937.09
1572553657, 0, 469, 948, 819, 168, 4.09%, 0, 0, 4, 2941.39
1572553708, 0, 469, 949, 820, 168, 4.09%, 0, 0, 4, 2969.73
1572553723, 0, 470, 949, 819, 173, 4.09%, 0, 0, 4, 2944.46
1572553779, 0, 470, 950, 820, 173, 4.09%, 0, 0, 4, 2966.94
1572553810, 0, 471, 950, 819, 173, 4.09%, 0, 0, 4, 3064.47
1572553825, 0, 471, 951, 820, 173, 4.09%, 0, 0, 4, 3123.33
1572553830, 0, 473, 951, 819, 173, 4.09%, 0, 0, 4, 3104.49
1572553923, 0, 474, 952, 819, 172, 4.09%, 0, 0, 4, 3073.68
1572553979, 0, 474, 954, 821, 172, 4.10%, 0, 0, 4, 3021.59
1572554005, 0, 478, 954, 820, 172, 4.10%, 0, 0, 4, 2904.97
1572554025, 0, 478, 956, 822, 172, 4.10%, 0, 0, 4, 2549.70
1572554148, 0, 478, 957, 823, 172, 4.10%, 0, 0, 4, 2642.48
1572554174, 0, 478, 958, 824, 172, 4.10%, 0, 0, 4, 2605.25
1572554194, 0, 481, 958, 823, 172, 4.10%, 0, 0, 4, 2754.40
1572554215, 0, 481, 959, 824, 172, 4.10%, 0, 0, 4, 2760.43
1572554271, 0, 481, 960, 825, 172, 4.10%, 0, 0, 4, 2788.99
1572554287, 0, 481, 961, 826, 172, 4.10%, 0, 0, 4, 2798.79
1572554373, 0, 488, 961, 825, 173, 4.10%, 0, 0, 4, 2839.46
1572554378, 0, 488, 963, 827, 173, 4.11%, 0, 0, 4, 2914.53
1572554384, 0, 488, 965, 829, 173, 4.11%, 0, 0, 4, 2961.37
1572554394, 0, 492, 965, 828, 172, 4.11%, 0, 0, 4, 2927.81
1572554414, 0, 492, 966, 829, 172, 4.11%, 0, 0, 4, 2760.48
1572554583, 0, 493, 973, 835, 172, 4.13%, 0, 0, 4, 2767.77
1572554593, 0, 493, 974, 836, 172, 4.13%, 0, 0, 4, 2804.73
1572554624, 0, 493, 975, 837, 172, 4.13%, 0, 0, 4, 2824.12
1572554654, 0, 493, 979, 841, 172, 4.14%, 0, 0, 4, 2829.63
1572554659, 0, 495, 979, 840, 178, 4.14%, 0, 0, 4, 2782.28
1572554843, 0, 496, 980, 840, 177, 4.14%, 0, 0, 4, 2876.69
1572554977, 0, 497, 981, 840, 177, 4.14%, 0, 0, 4, 2977.72
1572555105, 0, 502, 982, 840, 177, 4.14%, 0, 0, 4, 2981.54
1572555126, 0, 502, 983, 841, 177, 4.15%, 0, 0, 4, 2764.41
1572555295, 0, 509, 984, 841, 177, 4.15%, 0, 0, 4, 2893.31
1572555357, 0, 509, 986, 843, 177, 4.15%, 0, 0, 4, 2948.66
1572555362, 0, 509, 987, 844, 177, 4.15%, 0, 0, 4, 2912.79
1572555433, 0, 512, 987, 843, 175, 4.15%, 0, 0, 4, 2922.20
1572555500, 0, 512, 988, 844, 175, 4.15%, 0, 0, 4, 2885.50
1572555576, 0, 513, 989, 844, 174, 4.15%, 0, 0, 4, 3059.63
1572555587, 0, 513, 993, 848, 174, 4.15%, 0, 0, 4, 3070.31
1572555710, 0, 514, 994, 848, 177, 4.15%, 0, 0, 4, 3086.78
1572555839, 0, 524, 994, 847, 176, 4.15%, 0, 0, 4, 3066.77
1572556028, 0, 529, 995, 847, 175, 4.15%, 0, 0, 4, 2844.05
1572556217, 0, 534, 995, 846, 175, 4.15%, 0, 0, 4, 2867.97
1572556233, 0, 534, 1003, 854, 175, 4.16%, 0, 0, 4, 2891.32
1572556238, 0, 534, 1010, 861, 175, 4.17%, 0, 0, 4, 2903.77
1572556253, 0, 534, 1015, 866, 175, 4.17%, 0, 0, 4, 2915.46
1572556274, 0, 534, 1016, 867, 175, 4.17%, 0, 0, 4, 2924.42
1572556289, 0, 534, 1019, 870, 175, 4.17%, 0, 0, 4, 2929.83
1572556294, 0, 534, 1021, 872, 175, 4.17%, 0, 0, 4, 2935.42
1572556300, 0, 534, 1022, 873, 175, 4.17%, 0, 0, 4, 2934.74
1572556367, 0, 537, 1022, 872, 184, 4.17%, 0, 0, 4, 2987.54
1572556372, 0, 537, 1023, 873, 184, 4.17%, 0, 0, 4, 2748.86
1572556387, 0, 537, 1027, 877, 184, 4.18%, 0, 0, 4, 2717.79
1572556449, 0, 537, 1029, 879, 184, 4.18%, 0, 0, 4, 2729.47
1572556469, 0, 537, 1030, 880, 184, 4.18%, 0, 0, 4, 2792.13
1572556515, 0, 537, 1031, 881, 184, 4.18%, 0, 0, 4, 2740.16
1572556541, 0, 537, 1032, 882, 184, 4.18%, 0, 0, 4, 2763.18
1572556556, 0, 541, 1032, 881, 186, 4.18%, 0, 0, 4, 2837.89
1572556561, 0, 541, 1033, 882, 186, 4.18%, 0, 0, 4, 2767.09
1572556746, 0, 547, 1033, 881, 186, 4.18%, 0, 0, 4, 2838.56
1572556766, 0, 547, 1035, 883, 186, 4.18%, 0, 0, 4, 2677.61
1572556771, 0, 547, 1036, 884, 186, 4.18%, 0, 0, 4, 2665.67
1572556792, 0, 547, 1037, 885, 186, 4.18%, 0, 0, 4, 2674.79
1572556813, 0, 547, 1039, 887, 186, 4.18%, 0, 0, 4, 2642.10
1572556833, 0, 547, 1041, 889, 186, 4.19%, 0, 0, 4, 2693.50
1572556838, 0, 547, 1043, 891, 186, 4.19%, 0, 0, 4, 2686.02
1572556930, 0, 547, 1045, 893, 186, 4.20%, 0, 0, 4, 1545.26
1572556961, 0, 551, 1045, 892, 192, 4.20%, 0, 0, 4, 1537.84
1572557032, 0, 551, 1046, 893, 192, 4.20%, 0, 0, 4, 1521.18
1572557209, 0, 551, 1047, 894, 192, 4.20%, 0, 0, 4, 1519.57
1572557214, 0, 551, 1048, 895, 192, 4.20%, 0, 0, 4, 1507.64
1572557239, 0, 555, 1048, 894, 191, 4.20%, 0, 0, 4, 1579.27
1572557270, 0, 555, 1049, 895, 191, 4.20%, 0, 0, 4, 1501.91
1572557513, 0, 557, 1049, 894, 190, 4.20%, 0, 0, 4, 1566.01
1572557762, 0, 557, 1050, 895, 190, 4.20%, 0, 0, 4, 1543.31
1572557787, 0, 559, 1050, 894, 189, 4.20%, 0, 0, 4, 1590.71
1572557828, 0, 559, 1051, 895, 189, 4.20%, 0, 0, 4, 1406.60
1572557934, 0, 559, 1052, 896, 189, 4.20%, 0, 0, 4, 1390.20
1572557949, 0, 559, 1054, 898, 189, 4.20%, 0, 0, 4, 1427.26
1572557964, 0, 559, 1055, 899, 189, 4.21%, 0, 0, 4, 1402.62
1572558122, 0, 559, 1056, 900, 189, 4.21%, 0, 0, 4, 1462.55
1572558152, 0, 560, 1058, 901, 194, 4.22%, 0, 0, 4, 1540.89
1572558193, 0, 560, 1059, 902, 194, 4.22%, 0, 0, 4, 1550.66
1572558279, 0, 560, 1060, 903, 194, 4.22%, 0, 0, 4, 1544.31
1572558284, 0, 560, 1061, 904, 194, 4.22%, 0, 0, 4, 1539.81
1572558289, 0, 560, 1062, 905, 194, 4.22%, 0, 0, 4, 1521.90
1572558304, 0, 560, 1063, 906, 194, 4.22%, 0, 0, 4, 1537.80
1572558406, 0, 560, 1064, 907, 194, 4.22%, 0, 0, 4, 1519.83
1572558431, 0, 567, 1065, 907, 193, 4.22%, 0, 0, 4, 1495.32
1572558436, 0, 567, 1066, 908, 193, 4.22%, 0, 0, 4, 1407.36
1572558467, 0, 567, 1067, 909, 193, 4.28%, 0, 0, 4, 1372.85
1572558472, 0, 567, 1085, 927, 193, 4.37%, 0, 0, 4, 1375.16
1572558513, 0, 567, 1091, 933, 193, 4.39%, 0, 0, 4, 1376.69
1572558553, 0, 567, 1092, 934, 193, 4.39%, 0, 0, 4, 1368.39
1572558558, 0, 567, 1093, 935, 193, 4.39%, 0, 0, 4, 1367.44
1572558563, 0, 567, 1095, 937, 193, 4.40%, 0, 0, 4, 1337.88
1572558589, 0, 567, 1104, 946, 193, 4.41%, 0, 0, 4, 1188.13
1572558690, 0, 567, 1106, 948, 193, 4.41%, 0, 0, 4, 1418.20
1572558706, 0, 567, 1108, 950, 193, 4.42%, 0, 0, 4, 1390.25
1572558736, 0, 567, 1109, 951, 193, 4.42%, 0, 0, 4, 1381.02
1572558752, 0, 571, 1110, 951, 215, 4.42%, 0, 0, 4, 1509.89
1572558757, 0, 571, 1111, 952, 215, 4.42%, 0, 0, 4, 1398.28
1572558792, 0, 571, 1115, 956, 215, 4.42%, 0, 0, 4, 1338.40
1572558797, 0, 571, 1116, 957, 215, 4.43%, 0, 0, 4, 1368.03
1572558894, 0, 571, 1117, 958, 215, 4.43%, 0, 0, 4, 1362.10
1572559097, 0, 585, 1118, 958, 216, 4.43%, 0, 0, 4, 1494.89
1572559132, 0, 585, 1120, 960, 216, 4.43%, 0, 0, 4, 1394.20
1572559325, 0, 588, 1120, 959, 215, 4.43%, 0, 0, 4, 2786.62
1572559366, 0, 588, 1121, 960, 215, 4.43%, 0, 0, 4, 2752.39
1572559417, 0, 588, 1122, 961, 215, 4.43%, 0, 0, 4, 2786.95
1572559514, 0, 607, 1122, 960, 215, 4.43%, 0, 0, 4, 3070.78
1572559637, 0, 614, 1124, 960, 213, 4.43%, 0, 0, 4, 3183.81
1572559647, 0, 616, 1127, 961, 212, 4.45%, 0, 0, 4, 3181.51
1572559652, 0, 616, 1136, 970, 212, 4.48%, 0, 0, 4, 3194.81
1572559657, 0, 620, 1136, 969, 217, 4.48%, 0, 0, 4, 3197.28
1572559662, 0, 621, 1139, 971, 216, 4.50%, 0, 0, 4, 3189.20
1572559667, 0, 624, 1142, 973, 218, 4.50%, 0, 0, 4, 3160.43
1572559678, 0, 626, 1143, 973, 217, 4.51%, 0, 0, 4, 3128.52
1572559683, 0, 628, 1143, 972, 217, 4.51%, 0, 0, 4, 3161.54
1572559688, 0, 629, 1143, 971, 215, 4.51%, 0, 0, 4, 3154.55
1572559693, 0, 633, 1143, 970, 214, 4.51%, 0, 0, 4, 3197.90
1572559703, 0, 634, 1143, 969, 213, 4.51%, 0, 0, 4, 3253.45
1572559708, 0, 635, 1143, 968, 212, 4.51%, 0, 0, 4, 3277.06
1572559714, 0, 637, 1146, 969, 210, 4.52%, 0, 0, 4, 3228.83
1572559719, 0, 638, 1160, 982, 211, 4.58%, 0, 0, 4, 3119.05
1572559724, 0, 638, 1164, 986, 211, 4.62%, 0, 0, 4, 3096.62
1572559729, 0, 639, 1167, 988, 219, 4.63%, 0, 0, 4, 3248.09
1572559734, 0, 652, 1168, 988, 221, 4.64%, 0, 0, 4, 3142.13
1572559754, 0, 652, 1170, 990, 221, 4.70%, 0, 0, 4, 2706.24
1572559759, 0, 652, 1171, 991, 221, 4.70%, 0, 0, 4, 2702.80
1572559806, 0, 652, 1172, 992, 221, 4.70%, 0, 0, 4, 2674.95
1572559908, 0, 663, 1174, 993, 221, 4.70%, 0, 0, 4, 2824.27
1572559974, 0, 664, 1175, 993, 221, 4.70%, 0, 0, 4, 2845.17
1572560000, 0, 664, 1176, 994, 221, 4.70%, 0, 0, 4, 2784.45
1572560153, 0, 666, 1176, 993, 220, 4.70%, 0, 0, 4, 2845.80
1572560230, 0, 666, 1177, 994, 220, 4.70%, 0, 0, 4, 2809.51
1572560337, 0, 668, 1177, 993, 220, 4.70%, 0, 0, 4, 2804.56
1572560430, 0, 668, 1178, 994, 220, 4.70%, 0, 0, 4, 2693.52
1572560532, 0, 670, 1178, 993, 220, 4.70%, 0, 0, 4, 2714.87
1572560722, 0, 673, 1178, 992, 219, 4.70%, 0, 0, 4, 2789.30
1572560742, 0, 673, 1180, 994, 219, 4.70%, 0, 0, 4, 2772.24
1572560906, 0, 677, 1180, 993, 219, 4.70%, 0, 0, 4, 2788.76
1572560921, 0, 677, 1181, 994, 219, 4.70%, 0, 0, 4, 2755.14
1572561090, 0, 682, 1181, 993, 218, 4.70%, 0, 0, 4, 2729.40
1572561151, 0, 682, 1182, 994, 218, 4.70%, 0, 0, 4, 2697.31
1572561167, 0, 682, 1183, 995, 218, 4.70%, 0, 0, 4, 2739.59
1572561279, 0, 683, 1183, 994, 219, 4.70%, 0, 0, 4, 2790.16
1572561299, 0, 683, 1184, 995, 219, 4.70%, 0, 0, 4, 2721.78
1572561366, 0, 683, 1185, 996, 219, 4.70%, 0, 0, 4, 2763.41
1572561463, 0, 685, 1185, 995, 218, 4.70%, 0, 0, 4, 2779.11
1572561484, 0, 685, 1186, 996, 218, 4.70%, 0, 0, 4, 2696.80
1572561653, 0, 688, 1186, 995, 217, 4.70%, 0, 0, 4, 2761.47
1572561674, 0, 688, 1187, 996, 217, 4.70%, 0, 0, 4, 2698.06
1572561741, 0, 688, 1188, 997, 217, 4.71%, 0, 0, 4, 2707.80
1572561848, 0, 694, 1188, 996, 217, 4.71%, 0, 0, 4, 2733.33
1572561868, 0, 694, 1189, 997, 217, 4.71%, 0, 0, 4, 2667.39
1572561935, 0, 694, 1190, 998, 217, 4.71%, 0, 0, 4, 2718.48
1572562042, 0, 702, 1190, 997, 218, 4.71%, 0, 0, 4, 2712.93
1572562058, 0, 702, 1191, 998, 218, 4.71%, 0, 0, 4, 2700.40
1572562135, 0, 702, 1192, 999, 218, 4.71%, 0, 0, 4, 2757.14
1572562232, 0, 703, 1192, 998, 219, 4.71%, 0, 0, 4, 2767.09
1572562253, 0, 703, 1193, 999, 219, 4.71%, 0, 0, 4, 2764.00
1572562416, 0, 709, 1193, 998, 219, 4.71%, 0, 0, 4, 3013.32
1572562421, 0, 710, 1193, 997, 218, 4.71%, 0, 0, 4, 3168.35
1572562426, 0, 715, 1193, 996, 217, 4.71%, 0, 0, 4, 3027.39
1572562452, 0, 722, 1193, 995, 217, 4.71%, 0, 0, 4, 2606.33
1572562477, 0, 722, 1194, 996, 217, 4.71%, 0, 0, 4, 2467.73
1572562656, 0, 722, 1199, 1001, 217, 4.71%, 0, 0, 4, 1434.85
1572562661, 0, 722, 1204, 1006, 217, 4.71%, 0, 0, 4, 1488.71
1572562666, 0, 722, 1205, 1007, 217, 4.72%, 0, 0, 4, 1479.58
1572562671, 0, 722, 1206, 1008, 217, 4.72%, 0, 0, 4, 1478.33
1572562676, 0, 728, 1207, 1008, 215, 4.72%, 0, 0, 4, 1543.21
1572562686, 0, 728, 1208, 1009, 215, 4.72%, 0, 0, 4, 1652.18
1572562696, 0, 744, 1208, 1008, 214, 4.72%, 0, 0, 4, 1575.30
1572562722, 0, 744, 1209, 1009, 214, 4.72%, 0, 0, 4, 1534.48
1572562823, 0, 747, 1209, 1008, 214, 4.72%, 0, 0, 4, 1531.22
1572562829, 0, 747, 1210, 1009, 214, 4.72%, 0, 0, 4, 1513.27
1572562950, 0, 750, 1210, 1008, 213, 4.72%, 0, 0, 4, 1519.46
1572563077, 0, 760, 1210, 1007, 212, 4.72%, 0, 0, 4, 1543.95
1572563158, 0, 760, 1211, 1008, 212, 4.72%, 0, 0, 4, 1521.46
1572563204, 0, 761, 1211, 1007, 211, 4.72%, 0, 0, 4, 1524.17
1572563209, 0, 761, 1215, 1011, 211, 4.73%, 0, 0, 4, 1517.71
1572563230, 0, 761, 1217, 1013, 211, 4.73%, 0, 0, 4, 1523.08
1572563286, 0, 761, 1221, 1017, 211, 4.74%, 0, 0, 4, 1536.84
1572563331, 0, 762, 1221, 1016, 217, 4.74%, 0, 0, 4, 1508.82
1572563463, 0, 769, 1221, 1015, 216, 4.74%, 0, 0, 4, 1629.11
1572563468, 0, 773, 1221, 1014, 215, 4.74%, 0, 0, 4, 1623.70
1572563550, 0, 773, 1222, 1015, 215, 4.74%, 0, 0, 4, 1560.77
1572563595, 0, 774, 1222, 1014, 215, 4.74%, 0, 0, 4, 1511.57
1572563677, 0, 774, 1223, 1015, 215, 4.74%, 0, 0, 4, 1552.75
1572563728, 0, 775, 1223, 1014, 214, 4.74%, 0, 0, 4, 1650.96
1572563733, 0, 778, 1224, 1014, 214, 4.75%, 0, 0, 4, 1651.73
1572563768, 0, 779, 1224, 1013, 213, 4.75%, 0, 0, 4, 1563.96
1572563773, 0, 779, 1225, 1014, 213, 4.75%, 0, 0, 4, 1540.40
1572563875, 0, 779, 1226, 1015, 213, 4.75%, 0, 0, 4, 1558.19
1572563895, 0, 780, 1226, 1014, 213, 4.75%, 0, 0, 4, 1531.95
1572563900, 0, 780, 1227, 1015, 213, 4.75%, 0, 0, 4, 1556.49
1572564002, 0, 780, 1228, 1016, 213, 4.75%, 0, 0, 4, 1553.19
1572564022, 0, 781, 1228, 1015, 213, 4.75%, 0, 0, 4, 1597.59
1572564032, 0, 785, 1229, 1015, 212, 4.75%, 0, 0, 4, 1671.97
1572564067, 0, 789, 1229, 1014, 212, 4.75%, 0, 0, 4, 1619.11
1572564077, 0, 791, 1232, 1016, 211, 4.77%, 0, 0, 4, 1596.26
1572564149, 0, 792, 1232, 1015, 210, 4.77%, 0, 0, 4, 1589.38
1572564194, 0, 794, 1233, 1015, 210, 4.77%, 0, 0, 4, 1597.93
1572564240, 0, 795, 1233, 1014, 209, 4.77%, 0, 0, 4, 1646.56
1572564245, 0, 796, 1233, 1013, 208, 4.77%, 0, 0, 4, 1672.47
1572564316, 0, 796, 1234, 1014, 208, 4.77%, 0, 0, 4, 1316.37
1572564519, 0, 800, 1234, 1013, 207, 4.77%, 0, 0, 4, 1345.55
1572564575, 0, 811, 1235, 1013, 206, 4.77%, 0, 0, 4, 1462.13
1572564600, 0, 811, 1236, 1014, 206, 4.77%, 0, 0, 4, 1266.00
1572564616, 0, 811, 1241, 1019, 206, 4.79%, 0, 0, 4, 1297.18
1572564621, 0, 811, 1251, 1029, 206, 4.80%, 0, 0, 4, 1282.84
1572564666, 0, 811, 1253, 1031, 206, 4.80%, 0, 0, 4, 1288.29
1572564737, 0, 811, 1255, 1033, 206, 4.81%, 0, 0, 4, 1323.13
1572564768, 0, 811, 1257, 1035, 206, 4.81%, 0, 0, 4, 742.42
1572564905, 0, 811, 1258, 1036, 206, 4.81%, 0, 0, 4, 2466.32
1572564935, 0, 815, 1259, 1036, 213, 4.81%, 0, 0, 4, 2649.42
1572564956, 0, 815, 1262, 1039, 213, 4.81%, 0, 0, 4, 2804.97
1572564976, 0, 815, 1263, 1040, 213, 4.81%, 0, 0, 4, 2796.55
1572565022, 0, 815, 1264, 1041, 213, 4.81%, 0, 0, 4, 2777.45
1572565108, 0, 817, 1264, 1040, 213, 4.81%, 0, 0, 4, 2907.10
1572565237, 0, 818, 1265, 1040, 212, 4.81%, 0, 0, 4, 2876.73
1572565258, 0, 818, 1266, 1041, 212, 4.81%, 0, 0, 4, 2765.05
1572565406, 0, 819, 1266, 1040, 212, 4.81%, 0, 0, 4, 2832.24
1572565575, 0, 820, 1266, 1039, 211, 4.81%, 0, 0, 4, 2858.55
1572565580, 0, 820, 1267, 1040, 211, 4.81%, 0, 0, 4, 2825.51
1572565596, 0, 820, 1268, 1041, 211, 4.81%, 0, 0, 4, 2778.25
1572565743, 0, 821, 1269, 1041, 211, 4.81%, 0, 0, 4, 2794.25
1572565764, 0, 821, 1270, 1042, 211, 4.81%, 0, 0, 4, 2771.46
1572565907, 0, 822, 1270, 1041, 211, 4.81%, 0, 0, 4, 2876.53
1572565912, 0, 822, 1271, 1042, 211, 4.81%, 0, 0, 4, 2765.95
1572565927, 0, 822, 1272, 1043, 211, 4.81%, 0, 0, 4, 2732.57
1572566081, 0, 823, 1272, 1042, 211, 4.81%, 0, 0, 4, 2874.50
1572566101, 0, 823, 1273, 1043, 211, 4.81%, 0, 0, 4, 2811.33
1572566255, 0, 831, 1274, 1043, 210, 4.81%, 0, 0, 5, 3030.86
1572566260, 0, 833, 1276, 1043, 211, 4.86%, 0, 0, 5, 3216.37
1572566265, 0, 834, 1277, 1043, 210, 4.87%, 0, 0, 5, 3253.74
1572566270, 0, 835, 1277, 1042, 210, 4.87%, 0, 0, 5, 3289.90
1572566275, 0, 837, 1277, 1040, 208, 4.87%, 0, 0, 5, 3246.84
1572566280, 0, 843, 1278, 1039, 207, 4.87%, 0, 0, 5, 3188.61
1572566300, 0, 843, 1279, 1040, 207, 4.87%, 0, 0, 5, 2753.86
1572566470, 0, 844, 1280, 1040, 206, 4.87%, 0, 0, 5, 2809.12
1572566485, 0, 844, 1282, 1042, 206, 4.87%, 0, 0, 5, 2801.95
1572566628, 0, 845, 1284, 1043, 206, 4.87%, 0, 0, 5, 2956.78
1572566649, 0, 845, 1285, 1044, 206, 4.87%, 0, 0, 5, 2814.72
1572566791, 0, 848, 1285, 1043, 206, 4.87%, 0, 0, 5, 2909.85
1572566879, 0, 848, 1286, 1044, 206, 4.87%, 0, 0, 5, 2720.93
1572566987, 0, 849, 1287, 1044, 206, 4.87%, 0, 0, 5, 2837.64
1572567145, 0, 852, 1287, 1043, 206, 4.87%, 0, 0, 5, 2882.72
1572567334, 0, 854, 1287, 1042, 205, 4.87%, 0, 0, 5, 2686.34
1572567339, 0, 854, 1290, 1045, 205, 4.87%, 0, 0, 5, 2562.51
1572567355, 0, 854, 1311, 1066, 205, 4.93%, 0, 0, 5, 2557.73
1572567380, 0, 854, 1318, 1073, 205, 4.94%, 0, 0, 5, 2552.60
1572567401, 0, 854, 1326, 1081, 205, 4.95%, 0, 0, 5, 2509.60
1572567411, 0, 854, 1328, 1083, 205, 4.95%, 0, 0, 5, 2557.66
1572567416, 0, 854, 1330, 1085, 205, 4.95%, 0, 0, 5, 2623.70
1572567426, 0, 854, 1335, 1090, 205, 4.96%, 0, 0, 5, 2586.01
1572567493, 0, 854, 1338, 1093, 205, 4.96%, 0, 0, 5, 2600.78
1572567503, 0, 854, 1341, 1096, 205, 4.96%, 0, 0, 5, 2570.98
1572567523, 0, 854, 1343, 1098, 205, 4.96%, 0, 0, 5, 2605.99
1572567538, 0, 855, 1344, 1098, 214, 4.96%, 0, 0, 5, 2861.80
1572567559, 0, 855, 1345, 1099, 214, 4.96%, 0, 0, 5, 2897.17
1572567687, 0, 856, 1346, 1099, 212, 4.96%, 0, 0, 5, 2951.24
1572567708, 0, 856, 1347, 1100, 212, 4.96%, 0, 0, 5, 2869.79
1572567840, 0, 857, 1347, 1099, 211, 4.96%, 0, 0, 5, 2970.15
1572567861, 0, 857, 1349, 1101, 211, 4.96%, 0, 0, 5, 2879.05
1572567999, 0, 858, 1349, 1100, 210, 4.96%, 0, 0, 5, 2890.90
1572568015, 0, 858, 1351, 1102, 210, 4.97%, 0, 0, 5, 2873.79
1572568020, 0, 858, 1352, 1103, 210, 4.97%, 0, 0, 5, 2875.52
1572568178, 0, 859, 1352, 1102, 211, 4.97%, 0, 0, 5, 1591.14
1572568213, 0, 859, 1353, 1103, 211, 4.97%, 0, 0, 5, 1506.84
1572568335, 0, 859, 1354, 1104, 211, 4.97%, 0, 0, 5, 1538.23
1572568472, 0, 863, 1354, 1103, 211, 4.97%, 0, 0, 5, 1555.30
1572568802, 0, 863, 1355, 1104, 211, 4.97%, 0, 0, 5, 1551.18
1572568807, 0, 864, 1355, 1103, 210, 4.97%, 0, 0, 5, 1539.18
1572569148, 0, 866, 1355, 1102, 209, 4.97%, 0, 0, 5, 1642.55
1572569387, 0, 873, 1355, 1101, 208, 4.97%, 0, 0, 5, 1614.70
1572569422, 0, 873, 1359, 1105, 208, 4.97%, 0, 0, 5, 1471.45
1572569427, 0, 873, 1361, 1107, 208, 4.97%, 0, 0, 5, 1476.10
1572569742, 0, 878, 1362, 1107, 207, 4.97%, 0, 0, 5, 1625.61
1572569985, 0, 882, 1362, 1106, 206, 4.97%, 0, 0, 5, 1675.53
1572570021, 0, 882, 1366, 1110, 206, 4.97%, 0, 0, 5, 1464.90
1572570026, 0, 882, 1367, 1111, 206, 4.97%, 0, 0, 5, 1468.78
1572570341, 0, 883, 1367, 1110, 205, 4.97%, 0, 0, 5, 1587.73
1572570376, 0, 883, 1371, 1114, 205, 4.97%, 0, 0, 5, 1460.55
1572570381, 0, 883, 1372, 1115, 205, 4.97%, 0, 0, 5, 1461.98
1572570676, 0, 885, 1372, 1114, 204, 4.97%, 0, 0, 5, 2746.30
1572570696, 0, 885, 1373, 1115, 204, 4.97%, 0, 0, 5, 2726.58
1572570716, 0, 885, 1374, 1116, 204, 4.97%, 0, 0, 5, 3083.03
1572570742, 0, 885, 1376, 1118, 204, 4.97%, 0, 0, 5, 3050.09
1572570814, 0, 895, 1376, 1117, 203, 4.97%, 0, 0, 5, 3074.93
1572570948, 0, 900, 1376, 1116, 202, 4.97%, 0, 0, 5, 3074.29
1572571081, 0, 905, 1376, 1115, 201, 4.97%, 0, 0, 5, 3108.25
1572571220, 0, 932, 1377, 1115, 200, 4.97%, 0, 0, 5, 3031.26
1572571225, 0, 932, 1378, 1116, 200, 4.97%, 0, 0, 5, 3010.16
1572571338, 0, 935, 1379, 1116, 199, 4.97%, 0, 0, 5, 3109.28
1572571348, 0, 940, 1379, 1115, 197, 4.97%, 0, 0, 5, 3079.82
1572571450, 0, 941, 1379, 1114, 196, 4.97%, 0, 0, 5, 3024.61
1572571553, 0, 942, 1379, 1113, 195, 4.97%, 0, 0, 5, 3029.66
1572571656, 0, 943, 1379, 1112, 194, 4.97%, 0, 0, 5, 2922.23
1572571764, 0, 944, 1379, 1111, 193, 4.97%, 0, 0, 5, 3010.87
1572571872, 0, 945, 1379, 1110, 192, 4.97%, 0, 0, 5, 2977.01
1572571980, 0, 946, 1380, 1110, 191, 4.97%, 0, 0, 5, 2945.96
1572571985, 0, 946, 1381, 1111, 191, 4.97%, 0, 0, 5, 2926.52
1572572016, 0, 946, 1382, 1112, 191, 4.97%, 0, 0, 5, 2931.90
1572572092, 0, 948, 1382, 1111, 193, 4.97%, 0, 0, 5, 2916.45
1572572118, 0, 948, 1383, 1112, 193, 4.97%, 0, 0, 5, 2924.40
1572572123, 0, 948, 1386, 1115, 193, 4.98%, 0, 0, 5, 2917.95
1572572205, 0, 949, 1386, 1114, 195, 4.98%, 0, 0, 5, 2951.36
1572572221, 0, 949, 1387, 1115, 195, 4.98%, 0, 0, 5, 2886.56
1572572308, 0, 950, 1387, 1114, 195, 4.98%, 0, 0, 5, 3140.80
1572572318, 0, 951, 1387, 1113, 194, 4.98%, 0, 0, 5, 3122.97
1572572374, 0, 951, 1388, 1114, 194, 4.98%, 0, 0, 5, 2993.36
1572572400, 0, 952, 1389, 1114, 193, 4.98%, 0, 0, 5, 3080.16
1572572415, 0, 952, 1390, 1115, 193, 4.98%, 0, 0, 5, 3125.60
1572572456, 0, 959, 1390, 1114, 192, 4.98%, 0, 0, 5, 2828.12
1572572472, 0, 959, 1391, 1115, 192, 4.98%, 0, 0, 5, 2611.17
1572572640, 0, 960, 1391, 1114, 191, 4.98%, 0, 0, 5, 2840.27
1572572660, 0, 960, 1392, 1115, 191, 4.98%, 0, 0, 5, 2772.18
1572572819, 0, 961, 1392, 1114, 190, 4.98%, 0, 0, 5, 2916.46
1572572824, 0, 961, 1393, 1115, 190, 4.98%, 0, 0, 5, 2995.76
1572572840, 0, 962, 1393, 1114, 190, 4.98%, 0, 0, 5, 2975.82
1572572860, 0, 963, 1393, 1113, 189, 4.98%, 0, 0, 5, 3010.94
1572572880, 0, 964, 1393, 1112, 188, 4.98%, 0, 0, 5, 3022.77
1572572901, 0, 965, 1393, 1111, 187, 4.98%, 0, 0, 5, 2997.54
1572573044, 0, 967, 1395, 1112, 186, 4.98%, 0, 0, 5, 2850.83
1572573110, 0, 968, 1395, 1111, 187, 4.98%, 0, 0, 5, 2813.56
1572573126, 0, 968, 1396, 1112, 187, 4.99%, 0, 0, 5, 2828.19
1572573182, 0, 969, 1398, 1113, 187, 4.99%, 0, 0, 5, 2856.25
1572573197, 0, 969, 1399, 1114, 187, 4.99%, 0, 0, 5, 2828.99
1572573253, 0, 970, 1399, 1113, 189, 4.99%, 0, 0, 5, 2862.25
1572573264, 0, 970, 1400, 1114, 189, 4.99%, 0, 0, 5, 2857.26
1572573320, 0, 971, 1400, 1113, 189, 4.99%, 0, 0, 5, 2804.19
1572573335, 0, 971, 1401, 1114, 189, 4.99%, 0, 0, 5, 2812.90
1572573392, 0, 973, 1401, 1113, 188, 4.99%, 0, 0, 5, 2875.26
1572573407, 0, 973, 1402, 1114, 188, 5.00%, 0, 0, 5, 2889.94
1572573464, 0, 976, 1402, 1113, 188, 5.00%, 0, 0, 5, 2929.23
1572573469, 0, 979, 1402, 1112, 187, 5.00%, 0, 0, 5, 2913.99
1572573587, 0, 980, 1402, 1111, 186, 5.00%, 0, 0, 5, 3066.20
1572573701, 0, 982, 1403, 1111, 185, 5.00%, 0, 0, 5, 2858.20
1572573721, 0, 982, 1405, 1113, 185, 5.00%, 0, 0, 5, 2661.45
1572573981, 0, 985, 1405, 1112, 184, 5.00%, 0, 0, 5, 1573.97
1572574225, 0, 987, 1406, 1112, 184, 5.00%, 0, 0, 5, 1664.14
1572574261, 0, 987, 1407, 1113, 184, 5.00%, 0, 0, 5, 1540.50
1572574434, 0, 987, 1408, 1114, 184, 5.00%, 0, 0, 5, 1582.17
1572574489, 0, 988, 1408, 1113, 184, 5.00%, 0, 0, 5, 1636.29
1572574738, 0, 989, 1408, 1112, 183, 5.00%, 0, 0, 5, 1710.54
1572574769, 0, 989, 1409, 1113, 183, 5.00%, 0, 0, 5, 1699.34
1572574987, 0, 990, 1409, 1112, 182, 5.00%, 0, 0, 5, 1689.47
1572575018, 0, 990, 1410, 1113, 182, 5.00%, 0, 0, 5, 1662.44
1572575236, 0, 991, 1411, 1113, 181, 5.00%, 0, 0, 5, 1677.91
1572575267, 0, 991, 1413, 1115, 181, 5.00%, 0, 0, 5, 1659.95
1572575484, 0, 992, 1413, 1114, 180, 5.00%, 0, 0, 5, 1665.11
1572575489, 0, 992, 1414, 1115, 180, 5.00%, 0, 0, 5, 1686.78
1572575520, 0, 992, 1416, 1117, 180, 5.00%, 0, 0, 5, 1666.71
1572575738, 0, 994, 1416, 1116, 180, 5.00%, 0, 0, 5, 1584.24
1572575769, 0, 994, 1417, 1117, 180, 5.00%, 0, 0, 5, 1445.44
1572575774, 0, 994, 1426, 1126, 180, 5.00%, 0, 0, 5, 1475.30
1572575809, 0, 994, 1429, 1129, 180, 5.00%, 0, 0, 5, 1482.77
1572575814, 0, 994, 1433, 1133, 180, 5.00%, 0, 0, 5, 1503.47
1572575855, 0, 994, 1434, 1134, 180, 5.00%, 0, 0, 5, 1465.52
1572575881, 0, 994, 1435, 1135, 180, 5.00%, 0, 0, 5, 1490.75
1572575886, 0, 994, 1436, 1136, 180, 5.00%, 0, 0, 5, 1481.76
1572575896, 0, 994, 1439, 1139, 180, 5.00%, 0, 0, 5, 1496.15
1572576048, 0, 1001, 1439, 1138, 179, 5.00%, 0, 0, 5, 1585.35
1572576327, 0, 1003, 1439, 1137, 178, 5.00%, 0, 0, 5, 1589.77
1572576362, 0, 1003, 1442, 1140, 178, 5.00%, 0, 0, 5, 1551.52
1572576444, 0, 1003, 1443, 1141, 178, 5.00%, 0, 0, 5, 2832.20
1572576525, 0, 1004, 1443, 1140, 178, 5.00%, 0, 0, 5, 2934.99
1572576566, 0, 1004, 1444, 1141, 178, 5.00%, 0, 0, 5, 2915.82
1572576679, 0, 1005, 1444, 1140, 177, 5.00%, 0, 0, 5, 2945.58
1572576741, 0, 1005, 1445, 1141, 177, 5.00%, 0, 0, 5, 2863.13
1572576854, 0, 1010, 1445, 1140, 177, 5.00%, 0, 0, 5, 2985.64
1572576982, 0, 1011, 1445, 1139, 176, 5.00%, 0, 0, 5, 3001.75
1572577059, 0, 1011, 1447, 1141, 176, 5.00%, 0, 0, 5, 2950.45
1572577131, 0, 1015, 1447, 1140, 175, 5.00%, 0, 0, 5, 2936.60
1572577213, 0, 1015, 1448, 1141, 175, 5.00%, 0, 0, 5, 2906.64
1572577284, 0, 1016, 1448, 1140, 175, 5.00%, 0, 0, 5, 2901.67
1572577300, 0, 1016, 1449, 1141, 175, 5.00%, 0, 0, 5, 2934.76
1572577320, 0, 1016, 1452, 1144, 175, 5.00%, 0, 0, 5, 2942.86
1572577351, 0, 1016, 1456, 1148, 175, 5.00%, 0, 0, 5, 2947.48
1572577402, 0, 1016, 1458, 1150, 175, 5.00%, 0, 0, 5, 2944.36
1572577418, 0, 1017, 1458, 1149, 175, 5.00%, 0, 0, 5, 2975.19
1572577433, 0, 1017, 1459, 1150, 175, 5.00%, 0, 0, 5, 2962.64
1572577454, 0, 1017, 1461, 1152, 175, 5.00%, 0, 0, 5, 2960.24
1572577552, 0, 1020, 1461, 1151, 174, 5.00%, 0, 0, 5, 2992.58
1572577572, 0, 1020, 1462, 1152, 174, 5.00%, 0, 0, 5, 2870.60
1572577726, 0, 1023, 1462, 1151, 174, 5.00%, 0, 0, 5, 2841.08
1572577797, 0, 1023, 1463, 1152, 174, 5.00%, 0, 0, 5, 2701.58
1572577808, 0, 1023, 1464, 1153, 174, 5.00%, 0, 0, 5, 2738.56
1572577915, 0, 1024, 1465, 1153, 174, 5.00%, 0, 0, 5, 2887.10
1572577935, 0, 1024, 1466, 1154, 174, 5.00%, 0, 0, 5, 2725.60
1572578109, 0, 1025, 1466, 1153, 174, 5.00%, 0, 0, 5, 2751.00
1572578124, 0, 1025, 1467, 1154, 174, 5.00%, 0, 0, 5, 2715.15
1572578186, 0, 1025, 1468, 1155, 174, 5.00%, 0, 0, 5, 2709.43
1572578298, 0, 1031, 1468, 1154, 174, 5.00%, 0, 0, 5, 2764.40
1572578375, 0, 1031, 1469, 1155, 174, 5.00%, 0, 0, 5, 2738.98
1572578487, 0, 1032, 1469, 1154, 174, 5.00%, 0, 0, 5, 2794.85
1572578508, 0, 1032, 1470, 1155, 174, 5.00%, 0, 0, 5, 2776.26
1572578528, 0, 1032, 1471, 1156, 174, 5.00%, 0, 0, 5, 2759.83
1572578656, 0, 1034, 1472, 1156, 174, 5.00%, 0, 0, 5, 2773.13
1572578803, 0, 1039, 1472, 1155, 174, 5.00%, 0, 0, 5, 2928.71
1572578824, 0, 1039, 1473, 1156, 174, 5.00%, 0, 0, 5, 2679.64
1572578891, 0, 1039, 1474, 1157, 174, 5.00%, 0, 0, 5, 2711.01
1572578998, 0, 1040, 1474, 1156, 174, 5.00%, 0, 0, 5, 2857.18
1572579018, 0, 1040, 1475, 1157, 174, 5.00%, 0, 0, 5, 2677.83
1572579090, 0, 1040, 1477, 1159, 174, 5.01%, 0, 0, 5, 2680.18
1572579192, 0, 1041, 1477, 1158, 175, 5.01%, 0, 0, 5, 2796.26
1572579284, 0, 1041, 1478, 1159, 175, 5.01%, 0, 0, 5, 2698.44
1572579386, 0, 1042, 1478, 1158, 175, 5.01%, 0, 0, 5, 2798.13
1572579406, 0, 1042, 1479, 1159, 175, 5.01%, 0, 0, 5, 2659.68
1572579478, 0, 1042, 1480, 1160, 175, 5.01%, 0, 0, 5, 2595.31
1572579636, 0, 1043, 1480, 1159, 175, 5.01%, 0, 0, 5, 1532.20
1572579676, 0, 1043, 1482, 1161, 175, 5.01%, 0, 0, 5, 1436.41
1572580001, 0, 1044, 1482, 1160, 176, 5.01%, 0, 0, 5, 1559.43
1572580041, 0, 1044, 1483, 1161, 176, 5.01%, 0, 0, 5, 1427.83
1572580366, 0, 1051, 1483, 1160, 175, 5.01%, 0, 0, 5, 1524.92
1572580401, 0, 1051, 1484, 1161, 175, 5.01%, 0, 0, 5, 1429.08
1572580726, 0, 1052, 1484, 1160, 174, 5.01%, 0, 0, 5, 1524.72
1572580762, 0, 1052, 1485, 1161, 174, 5.01%, 0, 0, 5, 1421.01
1572581082, 0, 1053, 1485, 1160, 174, 5.01%, 0, 0, 5, 1563.05
1572581123, 0, 1053, 1486, 1161, 174, 5.01%, 0, 0, 5, 1404.83
1572581442, 0, 1054, 1486, 1160, 173, 5.01%, 0, 0, 5, 1476.58
1572581478, 0, 1054, 1487, 1161, 173, 5.01%, 0, 0, 5, 1419.08
1572581797, 0, 1055, 1487, 1160, 173, 5.01%, 0, 0, 5, 1506.91
1572581833, 0, 1055, 1488, 1161, 173, 5.01%, 0, 0, 5, 1429.77
1572582153, 0, 1056, 1488, 1160, 173, 5.01%, 0, 0, 5, 1489.88
1572582193, 0, 1056, 1491, 1163, 173, 5.02%, 0, 0, 5, 1419.03
1572582265, 0, 1056, 1492, 1164, 173, 5.02%, 0, 0, 5, 2599.32
1572582372, 0, 1066, 1493, 1164, 174, 5.02%, 0, 0, 5, 2602.36
1572582377, 0, 1066, 1496, 1167, 174, 5.02%, 0, 0, 5, 2299.71
1572582397, 0, 1066, 1510, 1181, 174, 5.04%, 0, 0, 5, 2261.84
1572582422, 0, 1066, 1512, 1183, 174, 5.04%, 0, 0, 5, 2260.12
1572582448, 0, 1066, 1514, 1185, 174, 5.04%, 0, 0, 5, 2280.94
1572582454, 0, 1066, 1517, 1188, 174, 5.04%, 0, 0, 5, 2281.35
1572582464, 0, 1066, 1518, 1189, 174, 5.06%, 0, 0, 5, 2289.41
1572582469, 0, 1066, 1519, 1190, 174, 5.06%, 0, 0, 5, 2363.95
1572582474, 0, 1066, 1524, 1195, 174, 5.06%, 0, 0, 5, 960.72
1572582489, 0, 1066, 1525, 1196, 174, 5.06%, 0, 0, 5, 2325.33
1572582596, 0, 1066, 1526, 1197, 174, 5.06%, 0, 0, 5, 2326.53
1572582601, 0, 1069, 1526, 1196, 185, 5.06%, 0, 0, 5, 2616.24
1572582668, 0, 1069, 1527, 1197, 185, 5.07%, 0, 0, 5, 2596.11
1572582770, 0, 1076, 1528, 1197, 185, 5.07%, 0, 0, 5, 2717.51
1572582842, 0, 1076, 1529, 1198, 185, 5.07%, 0, 0, 5, 2640.93
1572582938, 0, 1077, 1529, 1197, 185, 5.07%, 0, 0, 5, 2786.42
1572582943, 0, 1077, 1530, 1198, 185, 5.07%, 0, 0, 5, 2637.14
1572582985, 0, 1077, 1531, 1199, 185, 5.07%, 0, 0, 5, 2626.16
1572583097, 0, 1077, 1532, 1200, 185, 5.07%, 0, 0, 5, 2709.03
1572583112, 0, 1083, 1532, 1199, 186, 5.07%, 0, 0, 5, 2908.75
1572583127, 0, 1083, 1533, 1200, 186, 5.07%, 0, 0, 5, 2941.56
1572583246, 0, 1083, 1534, 1201, 186, 5.07%, 0, 0, 5, 2935.44
1572583261, 0, 1086, 1535, 1201, 184, 5.07%, 0, 0, 5, 2841.89
1572583343, 0, 1086, 1536, 1202, 184, 5.08%, 0, 0, 5, 2542.13
1572583429, 0, 1089, 1536, 1201, 184, 5.08%, 0, 0, 5, 2830.45
1572583435, 0, 1089, 1537, 1202, 184, 5.08%, 0, 0, 5, 2654.83
1572583501, 0, 1089, 1538, 1203, 184, 5.08%, 0, 0, 5, 2615.19
1572583604, 0, 1091, 1539, 1203, 184, 5.08%, 0, 0, 5, 2782.23
1572583670, 0, 1091, 1540, 1204, 184, 5.08%, 0, 0, 5, 2781.47
1572583762, 0, 1093, 1540, 1203, 184, 5.08%, 0, 0, 5, 2869.40
1572583782, 0, 1093, 1546, 1209, 184, 5.08%, 0, 0, 5, 2725.38
1572583803, 0, 1093, 1548, 1211, 184, 5.08%, 0, 0, 5, 2743.93
1572583844, 0, 1093, 1551, 1214, 184, 5.08%, 0, 0, 5, 2660.08
1572583925, 0, 1097, 1551, 1213, 186, 5.08%, 0, 0, 5, 2842.86
1572584012, 0, 1097, 1552, 1214, 186, 5.08%, 0, 0, 5, 2698.08
1572584099, 0, 1103, 1553, 1214, 186, 5.08%, 0, 0, 5, 2402.00
1572584114, 0, 1103, 1555, 1216, 186, 5.08%, 0, 0, 5, 2232.53
1572584119, 0, 1103, 1557, 1218, 186, 5.08%, 0, 0, 5, 2276.79
1572584124, 0, 1103, 1558, 1219, 186, 5.08%, 0, 0, 5, 2257.70
1572584191, 0, 1103, 1559, 1220, 186, 5.08%, 0, 0, 5, 2382.01
1572584212, 0, 1103, 1560, 1221, 186, 5.08%, 0, 0, 5, 2349.42
1572584308, 0, 1103, 1561, 1222, 186, 5.08%, 0, 0, 5, 2403.09
1572584328, 0, 1120, 1561, 1221, 190, 5.08%, 0, 0, 5, 2748.76
1572584410, 0, 1120, 1562, 1222, 190, 5.08%, 0, 0, 5, 2872.82
1572584481, 0, 1122, 1562, 1221, 189, 5.08%, 0, 0, 5, 2984.18
1572584486, 0, 1123, 1563, 1221, 188, 5.08%, 0, 0, 5, 3115.76
1572584491, 0, 1124, 1564, 1221, 188, 5.09%, 0, 0, 5, 3203.99
1572584496, 0, 1124, 1568, 1225, 188, 5.10%, 0, 0, 5, 3225.07
1572584501, 0, 1125, 1568, 1224, 189, 5.10%, 0, 0, 5, 3224.55
1572584506, 0, 1131, 1568, 1222, 187, 5.10%, 0, 0, 5, 3248.17
1572584511, 0, 1133, 1568, 1220, 185, 5.10%, 0, 0, 5, 3220.81
1572584521, 0, 1135, 1568, 1218, 183, 5.10%, 0, 0, 5, 3241.87
1572584526, 0, 1136, 1570, 1219, 183, 5.11%, 0, 0, 5, 3208.80
1572584537, 0, 1137, 1573, 1221, 183, 5.12%, 0, 0, 5, 3214.51
1572584542, 0, 1138, 1573, 1220, 185, 5.12%, 0, 0, 5, 3187.19
1572584547, 0, 1141, 1573, 1219, 184, 5.12%, 0, 0, 5, 3185.15
1572584552, 0, 1142, 1580, 1225, 184, 5.13%, 0, 0, 5, 3153.35
1572584557, 0, 1142, 1581, 1226, 184, 5.13%, 0, 0, 5, 3139.89
1572584562, 0, 1144, 1592, 1236, 187, 5.14%, 0, 0, 5, 3122.98
1572584567, 0, 1144, 1595, 1239, 187, 5.17%, 0, 0, 5, 3075.99
1572584572, 0, 1147, 1599, 1241, 192, 5.17%, 0, 0, 5, 3129.10
1572584578, 0, 1154, 1609, 1249, 192, 5.18%, 0, 0, 5, 3139.58
1572584583, 0, 1154, 1618, 1258, 192, 5.19%, 0, 0, 5, 3100.21
1572584588, 0, 1154, 1625, 1265, 192, 5.20%, 0, 0, 5, 3091.87
1572584593, 0, 1162, 1626, 1262, 200, 5.20%, 0, 0, 5, 3114.99
1572584598, 0, 1162, 1631, 1267, 200, 5.20%, 0, 0, 5, 3121.55
1572584603, 0, 1163, 1637, 1272, 200, 5.20%, 0, 0, 5, 3147.74
1572584608, 0, 1163, 1644, 1279, 200, 5.20%, 0, 0, 5, 3169.24
1572584613, 0, 1163, 1650, 1285, 200, 5.20%, 0, 0, 5, 3136.04
1572584618, 0, 1165, 1652, 1286, 204, 5.20%, 0, 0, 5, 3308.61
1572584623, 0, 1166, 1652, 1285, 203, 5.20%, 0, 0, 5, 3422.80
1572584629, 0, 1167, 1652, 1284, 202, 5.20%, 0, 0, 5, 3236.39
1572584634, 0, 1169, 1654, 1285, 202, 5.21%, 0, 0, 5, 2615.33
1572584644, 0, 1169, 1656, 1287, 202, 5.21%, 0, 0, 5, 1576.98
1572584664, 0, 1169, 1659, 1290, 202, 5.22%, 0, 0, 5, 1533.15
1572584669, 0, 1169, 1666, 1297, 202, 5.22%, 0, 0, 5, 1611.89
1572584705, 0, 1169, 1668, 1299, 202, 5.22%, 0, 0, 5, 1636.75
1572584746, 0, 1169, 1669, 1300, 202, 5.22%, 0, 0, 5, 1618.82
1572584766, 0, 1169, 1670, 1301, 202, 5.22%, 0, 0, 5, 1563.57
1572584787, 0, 1169, 1674, 1305, 202, 5.22%, 0, 0, 5, 2124.09
1572584960, 0, 1176, 1674, 1304, 204, 5.22%, 0, 0, 5, 2591.61
1572584981, 0, 1176, 1675, 1305, 204, 5.22%, 0, 0, 5, 2752.51
1572585140, 0, 1177, 1675, 1304, 203, 5.22%, 0, 0, 5, 2857.32
1572585212, 0, 1177, 1676, 1305, 203, 5.22%, 0, 0, 5, 2769.65
1572585227, 0, 1177, 1677, 1306, 203, 5.22%, 0, 0, 5, 2778.26
1572585304, 0, 1181, 1677, 1305, 203, 5.22%, 0, 0, 5, 2804.19
1572585426, 0, 1181, 1678, 1306, 203, 5.22%, 0, 0, 5, 1500.37
1572585578, 0, 1182, 1678, 1305, 202, 5.22%, 0, 0, 5, 1631.27
1572585618, 0, 1182, 1679, 1306, 202, 5.22%, 0, 0, 5, 1392.45
1572585623, 0, 1182, 1680, 1307, 202, 5.22%, 0, 0, 5, 1393.08
1572585664, 0, 1182, 1681, 1308, 202, 5.22%, 0, 0, 5, 1404.98
1572585755, 0, 1182, 1682, 1309, 202, 5.22%, 0, 0, 5, 1421.83
1572585943, 0, 1186, 1682, 1308, 201, 5.22%, 0, 0, 5, 1540.03
1572585984, 0, 1186, 1683, 1309, 201, 5.22%, 0, 0, 5, 1309.06
1572586121, 0, 1186, 1684, 1310, 201, 5.22%, 0, 0, 5, 1357.01
1572586324, 0, 1186, 1685, 1311, 201, 5.22%, 0, 0, 5, 1375.67
1572586334, 0, 1187, 1685, 1310, 200, 5.22%, 0, 0, 5, 1530.39
1572586709, 0, 1188, 1685, 1309, 199, 5.22%, 0, 0, 5, 1390.13
1572586892, 0, 1188, 1686, 1310, 199, 5.22%, 0, 0, 5, 1356.46
1572586897, 0, 1188, 1687, 1311, 199, 5.22%, 0, 0, 5, 1353.44
1572587100, 0, 1189, 1687, 1310, 198, 5.22%, 0, 0, 5, 1452.53
1572587470, 0, 1190, 1687, 1309, 197, 5.22%, 0, 0, 5, 1403.74
1572587647, 0, 1190, 1688, 1310, 197, 5.22%, 0, 0, 5, 1359.49
1572587657, 0, 1190, 1689, 1311, 197, 5.22%, 0, 0, 5, 1380.85
1572587839, 0, 1190, 1691, 1313, 197, 5.22%, 0, 0, 5, 1547.11
1572587845, 0, 1191, 1691, 1312, 196, 5.22%, 0, 0, 5, 1507.98
1572588114, 0, 1192, 1691, 1311, 195, 5.22%, 0, 0, 5, 2820.11
1572588309, 0, 1204, 1691, 1310, 194, 5.22%, 0, 0, 5, 2746.38
1572588433, 0, 1206, 1692, 1310, 193, 5.22%, 0, 0, 5, 2577.37
1572588438, 0, 1206, 1693, 1311, 193, 5.22%, 0, 0, 5, 2953.27
1572588448, 0, 1209, 1694, 1311, 193, 5.22%, 0, 0, 5, 3031.66
1572588468, 0, 1211, 1697, 1313, 193, 5.23%, 0, 0, 5, 3009.32
1572588474, 0, 1211, 1698, 1314, 193, 5.24%, 0, 0, 5, 3018.41
1572588479, 0, 1211, 1702, 1318, 193, 5.25%, 0, 0, 5, 3025.72
1572588489, 0, 1212, 1702, 1317, 200, 5.25%, 0, 0, 5, 2983.17
1572588545, 0, 1212, 1703, 1318, 200, 5.25%, 0, 0, 5, 2895.63
1572588561, 0, 1213, 1703, 1317, 200, 5.25%, 0, 0, 5, 2889.34
1572588628, 0, 1215, 1703, 1316, 199, 5.25%, 0, 0, 5, 2889.99
1572588694, 0, 1217, 1703, 1315, 198, 5.25%, 0, 0, 5, 2874.93
1572588761, 0, 1218, 1703, 1314, 197, 5.25%, 0, 0, 5, 2871.43
1572588833, 0, 1220, 1703, 1313, 196, 5.25%, 0, 0, 5, 2887.09
1572588889, 0, 1220, 1704, 1314, 196, 5.25%, 0, 0, 5, 2895.89
1572588900, 0, 1221, 1705, 1314, 196, 5.25%, 0, 0, 5, 2847.86
1572588966, 0, 1224, 1705, 1313, 196, 5.25%, 0, 0, 5, 2929.51
1572588987, 0, 1226, 1705, 1312, 195, 5.25%, 0, 0, 5, 3024.02
1572589007, 0, 1228, 1705, 1311, 194, 5.25%, 0, 0, 5, 2990.61
1572589028, 0, 1229, 1705, 1310, 193, 5.25%, 0, 0, 5, 3010.86
1572589033, 0, 1229, 1710, 1315, 193, 5.25%, 0, 0, 5, 3005.77
1572589059, 0, 1232, 1710, 1314, 195, 5.25%, 0, 0, 5, 2992.11
1572589064, 0, 1232, 1712, 1316, 195, 5.25%, 0, 0, 5, 2988.94
1572589084, 0, 1241, 1712, 1315, 196, 5.25%, 0, 0, 5, 2989.13
1572589284, 0, 1248, 1712, 1314, 195, 5.25%, 0, 0, 5, 2756.20
1572589304, 0, 1248, 1714, 1316, 195, 5.25%, 0, 0, 5, 2657.12
1572589432, 0, 1248, 1715, 1317, 195, 5.25%, 0, 0, 5, 2661.69
1572589478, 0, 1258, 1715, 1316, 195, 5.25%, 0, 0, 5, 2664.41
1572589499, 0, 1258, 1716, 1317, 195, 5.25%, 0, 0, 5, 2463.14
1572589693, 0, 1264, 1716, 1316, 195, 5.25%, 0, 0, 5, 2843.14
1572589852, 0, 1266, 1716, 1315, 194, 5.25%, 0, 0, 5, 2952.41
1572590010, 0, 1268, 1716, 1314, 193, 5.25%, 0, 0, 5, 2983.01
1572590169, 0, 1270, 1716, 1313, 192, 5.25%, 0, 0, 5, 2975.83
1572590338, 0, 1275, 1721, 1315, 193, 5.26%, 0, 0, 6, 3155.51
1572590343, 0, 1276, 1721, 1314, 192, 5.26%, 0, 0, 6, 3249.12
1572590348, 0, 1279, 1721, 1312, 190, 5.26%, 0, 0, 6, 3154.26
1572590420, 0, 1279, 1722, 1313, 190, 5.26%, 0, 0, 6, 2946.35
1572590497, 0, 1286, 1722, 1312, 189, 5.26%, 0, 0, 6, 2961.68
1572590641, 0, 1291, 1722, 1311, 188, 5.26%, 0, 0, 6, 2949.15
1572590646, 0, 1291, 1723, 1312, 188, 5.26%, 0, 0, 6, 2642.25
1572590662, 0, 1291, 1730, 1319, 188, 5.26%, 0, 0, 6, 2578.34
1572590846, 0, 1293, 1730, 1318, 188, 5.26%, 0, 0, 6, 2787.61
1572590913, 0, 1293, 1731, 1319, 188, 5.26%, 0, 0, 6, 2788.25
1572590999, 0, 1295, 1731, 1318, 187, 5.26%, 0, 0, 6, 2900.17
1572591024, 0, 1295, 1732, 1319, 187, 5.26%, 0, 0, 6, 2480.27
1572591045, 0, 1295, 1733, 1320, 187, 5.26%, 0, 0, 6, 2446.93
1572591086, 0, 1295, 1734, 1321, 187, 5.26%, 0, 0, 6, 2514.94
1572591096, 0, 1295, 1735, 1322, 187, 5.26%, 0, 0, 6, 2570.55
1572591203, 0, 1295, 1737, 1324, 187, 5.26%, 0, 0, 6, 1337.60
1572591264, 0, 1295, 1738, 1325, 187, 5.26%, 0, 0, 6, 1262.15
1572591289, 0, 1297, 1738, 1324, 186, 5.26%, 0, 0, 6, 1522.92
1572591330, 0, 1297, 1740, 1326, 186, 5.26%, 0, 0, 6, 1361.75
1572591462, 0, 1297, 1741, 1327, 186, 5.27%, 0, 0, 6, 1151.25
1572591675, 0, 1300, 1741, 1326, 186, 5.27%, 0, 0, 6, 1506.83
1572592045, 0, 1310, 1741, 1325, 185, 5.27%, 0, 0, 6, 1548.51
1572592086, 0, 1310, 1743, 1327, 185, 5.27%, 0, 0, 6, 1314.61
1572592091, 0, 1310, 1746, 1330, 185, 5.27%, 0, 0, 6, 1320.88
1572592137, 0, 1310, 1747, 1331, 185, 5.27%, 0, 0, 6, 1313.31
1572592208, 0, 1310, 1748, 1332, 185, 5.27%, 0, 0, 6, 1372.45
1572592452, 0, 1311, 1748, 1331, 186, 5.27%, 0, 0, 6, 1469.73
1572592833, 0, 1313, 1748, 1330, 185, 5.27%, 0, 0, 6, 1536.27
1572593219, 0, 1321, 1748, 1329, 184, 5.27%, 0, 0, 6, 1526.13
1572593589, 0, 1322, 1748, 1328, 183, 5.27%, 0, 0, 6, 1452.94
1572593955, 0, 1326, 1748, 1327, 182, 5.27%, 0, 0, 6, 2506.57
1572594159, 0, 1328, 1748, 1326, 181, 5.27%, 0, 0, 6, 2755.88
1572594179, 0, 1328, 1753, 1331, 181, 5.27%, 0, 0, 6, 2556.66
1572594364, 0, 1329, 1753, 1330, 180, 5.27%, 0, 0, 6, 2646.11
1572594384, 0, 1329, 1754, 1331, 180, 5.27%, 0, 0, 6, 2538.93
1572594568, 0, 1332, 1754, 1330, 180, 5.27%, 0, 0, 6, 2746.35
1572594767, 0, 1335, 1754, 1329, 179, 5.27%, 0, 0, 6, 2824.41
1572594967, 0, 1338, 1754, 1328, 178, 5.27%, 0, 0, 6, 2746.68
1572595130, 0, 1338, 1755, 1329, 178, 5.27%, 0, 0, 6, 2616.04
1572595176, 0, 1339, 1756, 1329, 177, 5.27%, 0, 0, 6, 2714.02
1572595197, 0, 1339, 1758, 1331, 177, 5.28%, 0, 0, 6, 2426.86
1572595258, 0, 1339, 1759, 1332, 177, 5.28%, 0, 0, 6, 2434.33
1572595391, 0, 1343, 1759, 1331, 179, 5.28%, 0, 0, 6, 2692.96
1572595417, 0, 1343, 1763, 1335, 179, 5.28%, 0, 0, 6, 2467.91
1572595463, 0, 1343, 1764, 1336, 179, 5.28%, 0, 0, 6, 2457.99
1572595483, 0, 1343, 1765, 1337, 179, 5.28%, 0, 0, 6, 2550.74
1572595488, 0, 1343, 1766, 1338, 179, 5.28%, 0, 0, 6, 2597.90
1572595499, 0, 1343, 1768, 1340, 179, 5.28%, 0, 0, 6, 2564.15
1572595605, 0, 1345, 1768, 1339, 182, 5.28%, 0, 0, 6, 2811.97
1572595748, 0, 1348, 1769, 1339, 181, 5.28%, 0, 0, 6, 2889.79
1572595907, 0, 1350, 1769, 1338, 180, 5.28%, 0, 0, 6, 2908.55
1572595913, 0, 1350, 1770, 1339, 180, 5.28%, 0, 0, 6, 2700.98
1572596107, 0, 1351, 1771, 1339, 179, 5.28%, 0, 0, 6, 2865.81
1572596261, 0, 1352, 1771, 1338, 178, 5.28%, 0, 0, 6, 2927.13
1572596266, 0, 1352, 1772, 1339, 178, 5.28%, 0, 0, 6, 2588.62
1572596471, 0, 1372, 1772, 1338, 177, 5.28%, 0, 0, 6, 2901.39
1572596487, 0, 1372, 1773, 1339, 177, 5.28%, 0, 0, 6, 3089.10
1572596605, 0, 1373, 1773, 1338, 176, 5.28%, 0, 0, 6, 3096.25
1572596621, 0, 1373, 1774, 1339, 176, 5.28%, 0, 0, 6, 3086.44
1572596738, 0, 1374, 1774, 1338, 175, 5.28%, 0, 0, 6, 3101.73
1572596753, 0, 1374, 1775, 1339, 175, 5.28%, 0, 0, 6, 3049.16
1572596872, 0, 1375, 1775, 1338, 174, 5.28%, 0, 0, 6, 3086.66
1572596887, 0, 1375, 1776, 1339, 174, 5.28%, 0, 0, 6, 3026.55
1572597015, 0, 1376, 1776, 1338, 173, 5.28%, 0, 0, 6, 1689.16
1572597228, 0, 1378, 1776, 1337, 172, 5.28%, 0, 0, 6, 1720.33
1572597254, 0, 1379, 1776, 1336, 171, 5.28%, 0, 0, 6, 1690.21
1572597269, 0, 1379, 1777, 1337, 171, 5.28%, 0, 0, 6, 1664.26
1572597446, 0, 1380, 1777, 1336, 170, 5.28%, 0, 0, 6, 1660.84
1572597649, 0, 1381, 1778, 1336, 170, 5.28%, 0, 0, 6, 1681.85
1572597847, 0, 1383, 1779, 1336, 169, 5.28%, 0, 0, 6, 1665.84
1572597857, 0, 1383, 1780, 1337, 169, 5.29%, 0, 0, 6, 1651.31
1572598025, 0, 1384, 1781, 1337, 169, 5.29%, 0, 0, 6, 1704.40
1572598035, 0, 1384, 1782, 1338, 169, 5.29%, 0, 0, 6, 1624.37
1572598207, 0, 1385, 1783, 1338, 169, 5.29%, 0, 0, 6, 1673.04
1572598217, 0, 1385, 1784, 1339, 169, 5.29%, 0, 0, 6, 1643.53
1572598389, 0, 1386, 1784, 1338, 169, 5.29%, 0, 0, 6, 1652.90
1572598400, 0, 1386, 1785, 1339, 169, 5.29%, 0, 0, 6, 1591.10
1572598440, 0, 1386, 1786, 1340, 169, 5.29%, 0, 0, 6, 1574.84
1572598613, 0, 1388, 1786, 1339, 168, 5.29%, 0, 0, 6, 1636.77
1572598709, 0, 1392, 1786, 1338, 167, 5.29%, 0, 0, 6, 1692.56
1572598750, 0, 1393, 1787, 1338, 166, 5.29%, 0, 0, 6, 1579.79
1572598882, 0, 1394, 1787, 1337, 165, 5.29%, 0, 0, 6, 1517.78
1572599008, 0, 1395, 1787, 1336, 164, 5.29%, 0, 0, 6, 1517.20
1572599054, 0, 1396, 1788, 1336, 163, 5.29%, 0, 0, 6, 1561.58
1572599074, 0, 1396, 1789, 1337, 163, 5.29%, 0, 0, 6, 1534.42
1572599181, 0, 1397, 1789, 1336, 162, 5.29%, 0, 0, 6, 1565.39
1572599227, 0, 1398, 1789, 1335, 161, 5.29%, 0, 0, 6, 1627.05
1572599267, 0, 1399, 1789, 1334, 160, 5.29%, 0, 0, 6, 1620.92
1572599308, 0, 1401, 1789, 1333, 159, 5.29%, 0, 0, 6, 1603.69
1572599348, 0, 1405, 1789, 1332, 158, 5.29%, 0, 0, 6, 1629.32
1572599353, 0, 1405, 1790, 1333, 158, 5.29%, 0, 0, 6, 1602.91
1572599419, 0, 1405, 1791, 1334, 158, 5.29%, 0, 0, 6, 1626.21
1572599602, 0, 1406, 1792, 1334, 158, 5.29%, 0, 0, 6, 1575.25
1572599632, 0, 1406, 1793, 1335, 158, 5.29%, 0, 0, 6, 1515.08
1572599865, 0, 1413, 1793, 1334, 157, 5.29%, 0, 0, 6, 1663.90
1572599896, 0, 1413, 1795, 1336, 157, 5.29%, 0, 0, 6, 1669.25
1572599962, 0, 1413, 1796, 1337, 157, 5.29%, 0, 0, 6, 3053.69
1572600023, 0, 1425, 1796, 1336, 158, 5.29%, 0, 0, 6, 2775.38
1572600106, 0, 1425, 1797, 1337, 158, 5.29%, 0, 0, 6, 2691.38
1572600213, 0, 1441, 1797, 1336, 158, 5.29%, 0, 0, 6, 2831.69
1572600255, 0, 1441, 1801, 1340, 158, 5.29%, 0, 0, 6, 2877.98
1572600382, 0, 1442, 1801, 1339, 159, 5.29%, 0, 0, 6, 2967.02
1572600521, 0, 1444, 1802, 1339, 158, 5.29%, 0, 0, 6, 3010.41
1572600695, 0, 1446, 1802, 1338, 157, 5.29%, 0, 0, 6, 2946.76
1572600839, 0, 1455, 1802, 1337, 156, 5.29%, 0, 0, 6, 2982.18
1572600963, 0, 1455, 1803, 1338, 156, 5.29%, 0, 0, 6, 2954.19
1572600973, 0, 1457, 1805, 1339, 155, 5.29%, 0, 0, 6, 2957.37
1572600993, 0, 1457, 1806, 1340, 155, 5.29%, 0, 0, 6, 2942.48
1572601040, 0, 1457, 1809, 1343, 155, 5.29%, 0, 0, 6, 2910.03
1572601106, 0, 1458, 1809, 1342, 156, 5.29%, 0, 0, 6, 2960.93
1572601245, 0, 1461, 1809, 1341, 155, 5.29%, 0, 0, 6, 2941.29
1572601384, 0, 1462, 1809, 1340, 154, 5.29%, 0, 0, 6, 2924.38
1572601404, 0, 1462, 1811, 1342, 154, 5.31%, 0, 0, 6, 2900.61
1572601451, 0, 1462, 1813, 1344, 154, 5.31%, 0, 0, 6, 2853.05
1572601543, 0, 1465, 1813, 1343, 155, 5.31%, 0, 0, 6, 2872.19
1572601732, 0, 1468, 1813, 1342, 154, 5.31%, 0, 0, 6, 2887.32
1572601768, 0, 1468, 1814, 1343, 154, 5.31%, 0, 0, 6, 2939.25
1572601850, 0, 1468, 1815, 1344, 154, 5.31%, 0, 0, 6, 2962.68
1572601866, 0, 1468, 1816, 1345, 154, 5.31%, 0, 0, 6, 2936.01
1572601881, 0, 1471, 1816, 1344, 153, 5.31%, 0, 0, 6, 2954.99
1572602004, 0, 1471, 1817, 1345, 153, 5.32%, 0, 0, 6, 2932.31
1572602014, 0, 1473, 1817, 1344, 152, 5.32%, 0, 0, 6, 2934.73
1572602035, 0, 1473, 1818, 1345, 152, 5.32%, 0, 0, 6, 2674.10
1572602040, 0, 1473, 1819, 1346, 152, 5.32%, 0, 0, 6, 2670.09
1572602209, 0, 1475, 1819, 1345, 151, 5.32%, 0, 0, 6, 2831.58
1572602229, 0, 1475, 1820, 1346, 151, 5.32%, 0, 0, 6, 2646.26
1572602404, 0, 1476, 1820, 1345, 150, 5.32%, 0, 0, 6, 2781.72
1572602424, 0, 1476, 1821, 1346, 150, 5.32%, 0, 0, 6, 2669.36
1572602491, 0, 1476, 1822, 1347, 150, 5.32%, 0, 0, 6, 2706.13
1572602598, 0, 1477, 1822, 1346, 150, 5.32%, 0, 0, 6, 2722.88
1572602614, 0, 1477, 1823, 1347, 150, 5.32%, 0, 0, 6, 2665.49
1572602792, 0, 1479, 1823, 1346, 149, 5.32%, 0, 0, 6, 2718.49
1572602807, 0, 1479, 1824, 1347, 149, 5.32%, 0, 0, 6, 2634.10
1572603002, 0, 1480, 1824, 1346, 149, 5.32%, 0, 0, 6, 1383.86
1572603038, 0, 1480, 1825, 1347, 149, 5.32%, 0, 0, 6, 1316.99
1572603088, 0, 1480, 1826, 1348, 149, 5.32%, 0, 0, 6, 1337.84
1572603382, 0, 1484, 1827, 1348, 149, 5.32%, 0, 0, 6, 1473.68
1572603671, 0, 1486, 1827, 1347, 148, 5.32%, 0, 0, 6, 1586.16
1572603960, 0, 1487, 1827, 1346, 147, 5.32%, 0, 0, 6, 1582.75
1572604249, 0, 1488, 1827, 1345, 146, 5.32%, 0, 0, 6, 1569.74
1572604599, 0, 1491, 1827, 1344, 145, 5.32%, 0, 0, 6, 1517.11
1572604634, 0, 1491, 1828, 1345, 145, 5.32%, 0, 0, 6, 1431.34
1572604948, 0, 1494, 1829, 1345, 144, 5.32%, 0, 0, 6, 1390.85
1572604994, 0, 1494, 1830, 1346, 144, 5.32%, 0, 0, 6, 1171.62
1572605348, 0, 1494, 1831, 1347, 144, 5.32%, 0, 0, 6, 1297.36
1572605389, 0, 1497, 1832, 1347, 144, 5.32%, 0, 0, 6, 1423.33
1572605713, 0, 1500, 1833, 1347, 143, 5.32%, 0, 0, 6, 1366.57
1572605758, 0, 1500, 1834, 1348, 143, 5.32%, 0, 0, 6, 1179.79
1572606059, 0, 1501, 1835, 1348, 142, 5.32%, 0, 0, 6, 2490.16
1572606110, 0, 1501, 1836, 1349, 142, 5.32%, 0, 0, 6, 2315.76
1572606161, 0, 1501, 1838, 1351, 142, 5.32%, 0, 0, 6, 2299.36
1572606282, 0, 1502, 1839, 1351, 143, 5.32%, 0, 0, 6, 2692.79
1572606308, 0, 1502, 1840, 1352, 143, 5.33%, 0, 0, 6, 2275.44
1572606491, 0, 1502, 1841, 1353, 143, 5.33%, 0, 0, 6, 2373.53
1572606511, 0, 1505, 1841, 1352, 144, 5.33%, 0, 0, 6, 2601.02
1572606516, 0, 1505, 1842, 1353, 144, 5.33%, 0, 0, 6, 295.19
1572606563, 0, 1505, 1843, 1354, 144, 5.33%, 0, 0, 6, 276.10
1572606568, 0, 1505, 1844, 1355, 144, 5.33%, 0, 0, 6, 276.62
1572606691, 0, 1505, 1847, 1358, 144, 5.33%, 0, 0, 6, 328.89
1572606696, 0, 1505, 1848, 1359, 144, 5.33%, 0, 0, 6, 341.68
1572606702, 0, 1505, 1850, 1361, 144, 5.34%, 0, 0, 6, 353.93
1572607154, 0, 1505, 1851, 1362, 144, 5.34%, 0, 0, 6, 344.33
1572608209, 0, 1506, 1852, 1362, 148, 5.34%, 0, 0, 6, 3227.28
1572608286, 0, 1506, 1853, 1363, 148, 5.35%, 0, 0, 6, 2661.32
1572608382, 0, 1507, 1853, 1362, 148, 5.35%, 0, 0, 6, 2855.13
1572608403, 0, 1507, 1854, 1363, 148, 5.35%, 0, 0, 6, 2882.85
1572608449, 0, 1507, 1855, 1364, 148, 5.35%, 0, 0, 6, 2872.68
1572608542, 0, 1513, 1856, 1364, 147, 5.35%, 0, 0, 6, 2358.08
1572608567, 0, 1513, 1857, 1365, 147, 5.35%, 0, 0, 6, 2167.58
1572608781, 0, 1515, 1857, 1364, 147, 5.35%, 0, 0, 6, 2448.39
1572608863, 0, 1515, 1858, 1365, 147, 5.35%, 0, 0, 6, 2608.42
1572608873, 0, 1515, 1860, 1367, 147, 5.35%, 0, 0, 6, 2571.83
1572608986, 0, 1525, 1860, 1366, 145, 5.35%, 0, 0, 6, 2653.83
1572609016, 0, 1525, 1861, 1367, 145, 5.35%, 0, 0, 6, 2136.23
1572609032, 0, 1525, 1862, 1368, 145, 5.36%, 0, 0, 6, 2116.90
1572609383, 0, 1527, 1862, 1367, 146, 5.36%, 0, 0, 6, 1463.25
1572609662, 0, 1529, 1862, 1366, 145, 5.36%, 0, 0, 6, 1590.09
1572609940, 0, 1532, 1862, 1365, 144, 5.36%, 0, 0, 6, 1608.44
1572609976, 0, 1532, 1863, 1366, 144, 5.36%, 0, 0, 6, 1581.57
1572610229, 0, 1533, 1863, 1365, 143, 5.36%, 0, 0, 6, 1647.09
1572610478, 0, 1533, 1865, 1367, 143, 5.36%, 0, 0, 6, 1602.88
1572610518, 0, 1534, 1865, 1366, 142, 5.36%, 0, 0, 6, 1633.98
1572610802, 0, 1535, 1865, 1365, 141, 5.36%, 0, 0, 6, 1541.08
1572610808, 0, 1535, 1866, 1366, 141, 5.36%, 0, 0, 6, 1396.80
1572610843, 0, 1535, 1867, 1367, 141, 5.36%, 0, 0, 6, 1367.75
1572610884, 0, 1535, 1869, 1369, 141, 5.36%, 0, 0, 6, 1345.48
1572610939, 0, 1535, 1870, 1370, 141, 5.36%, 0, 0, 6, 1421.60
1572611137, 0, 1536, 1870, 1369, 142, 5.36%, 0, 0, 6, 1501.05
1572611421, 0, 1538, 1870, 1368, 141, 5.36%, 0, 0, 6, 1599.13
1572611695, 0, 1540, 1870, 1367, 140, 5.36%, 0, 0, 6, 1537.77
1572612000, 0, 1543, 1870, 1366, 139, 5.36%, 0, 0, 6, 1586.14
1572612198, 0, 1547, 1870, 1365, 138, 5.36%, 0, 0, 6, 2771.60
1572612357, 0, 1550, 1870, 1364, 137, 5.36%, 0, 0, 6, 2923.39
1572612398, 0, 1550, 1871, 1365, 137, 5.36%, 0, 0, 6, 2779.93
1572612439, 0, 1550, 1873, 1367, 137, 5.36%, 0, 0, 6, 2822.32
1572612520, 0, 1554, 1874, 1367, 136, 5.36%, 0, 0, 6, 2545.32
1572612546, 0, 1554, 1877, 1370, 136, 5.36%, 0, 0, 6, 2263.05
1572612704, 0, 1554, 1878, 1371, 136, 5.37%, 0, 0, 6, 2234.80
1572612719, 0, 1554, 1879, 1372, 136, 5.37%, 0, 0, 6, 2332.83
1572612749, 0, 1556, 1879, 1371, 138, 5.37%, 0, 0, 6, 2631.02
1572612754, 0, 1556, 1880, 1372, 138, 5.37%, 0, 0, 6, 2328.86
1572612980, 0, 1557, 1881, 1372, 138, 5.37%, 0, 0, 6, 2638.78
1572613215, 0, 1559, 1882, 1372, 138, 5.37%, 0, 0, 6, 2376.90
1572613444, 0, 1561, 1882, 1371, 138, 5.37%, 0, 0, 6, 2769.79
1572613597, 0, 1562, 1882, 1370, 137, 5.37%, 0, 0, 6, 3030.06
1572613602, 0, 1563, 1883, 1370, 137, 5.37%, 0, 0, 6, 3182.67
1572613607, 0, 1565, 1883, 1369, 136, 5.37%, 0, 0, 6, 3308.64
1572613612, 0, 1569, 1883, 1368, 135, 5.37%, 0, 0, 6, 3336.15
1572613617, 0, 1569, 1885, 1370, 135, 5.37%, 0, 0, 6, 3161.41
1572613623, 0, 1571, 1885, 1369, 134, 5.37%, 0, 0, 6, 3221.32
1572613628, 0, 1573, 1885, 1368, 133, 5.37%, 0, 0, 6, 3181.73
1572613633, 0, 1578, 1885, 1367, 132, 5.37%, 0, 0, 6, 3159.74
1572613638, 0, 1579, 1886, 1367, 131, 5.37%, 0, 0, 6, 3147.24
1572613643, 0, 1579, 1888, 1369, 131, 5.37%, 0, 0, 6, 3151.38
1572613648, 0, 1580, 1891, 1371, 132, 5.37%, 0, 0, 6, 3161.59
1572613653, 0, 1581, 1891, 1370, 132, 5.37%, 0, 0, 6, 3183.70
1572613658, 0, 1585, 1897, 1375, 131, 5.43%, 0, 0, 6, 3158.14
1572613664, 0, 1585, 1903, 1381, 131, 5.43%, 0, 0, 6, 3116.77
1572613669, 0, 1586, 1912, 1389, 140, 5.47%, 0, 0, 6, 3121.27
1572613674, 0, 1587, 1913, 1389, 144, 5.47%, 0, 0, 6, 3178.48
1572613679, 0, 1591, 1913, 1387, 142, 5.47%, 0, 0, 6, 3189.71
1572613684, 0, 1594, 1920, 1393, 141, 5.54%, 0, 0, 6, 3137.31
1572613689, 0, 1594, 1926, 1399, 141, 5.58%, 0, 0, 6, 3111.87
1572613694, 0, 1597, 1928, 1399, 149, 5.58%, 0, 0, 6, 3128.81
1572613699, 0, 1599, 1928, 1397, 148, 5.58%, 0, 0, 6, 3147.68
1572613704, 0, 1603, 1931, 1398, 148, 5.58%, 0, 0, 6, 3126.54
1572613709, 0, 1605, 1932, 1397, 147, 5.58%, 0, 0, 6, 3115.64
1572613714, 0, 1612, 1936, 1398, 143, 5.58%, 0, 0, 6, 3105.92
1572613720, 0, 1616, 1936, 1397, 142, 5.58%, 0, 0, 6, 3138.63
1572613725, 0, 1617, 1944, 1404, 142, 5.58%, 0, 0, 6, 3140.46
1572613730, 0, 1617, 1947, 1407, 142, 5.59%, 0, 0, 6, 3128.98
1572613735, 0, 1626, 1950, 1408, 141, 5.59%, 0, 0, 6, 3111.90
1572613740, 0, 1644, 1950, 1407, 140, 5.59%, 0, 0, 6, 3130.26
1572613745, 0, 1652, 1954, 1409, 139, 5.60%, 0, 0, 6, 3156.55
1572613750, 0, 1660, 1954, 1408, 141, 5.60%, 0, 0, 6, 2517.71
1572613775, 0, 1660, 1957, 1411, 141, 5.60%, 0, 0, 6, 2139.42
1572613832, 0, 1660, 1958, 1412, 141, 5.60%, 0, 0, 6, 2111.29
1572613837, 0, 1660, 1959, 1413, 141, 5.60%, 0, 0, 6, 2205.41
1572613858, 0, 1660, 1960, 1414, 141, 5.60%, 0, 0, 6, 2114.85
1572613918, 0, 1660, 1961, 1415, 141, 5.60%, 0, 0, 6, 2160.04
1572613939, 0, 1660, 1962, 1416, 141, 5.60%, 0, 0, 6, 2294.57
1572613949, 0, 1660, 1963, 1417, 141, 5.60%, 0, 0, 6, 2220.97
1572613959, 0, 1668, 1964, 1417, 142, 5.61%, 0, 0, 6, 2119.14
1572613990, 0, 1668, 1966, 1419, 142, 5.61%, 0, 0, 6, 1852.91
1572614021, 0, 1668, 1967, 1420, 142, 5.61%, 0, 0, 6, 1838.80
1572614128, 0, 1668, 1968, 1421, 142, 5.61%, 0, 0, 6, 2026.16
1572614234, 0, 1675, 1968, 1420, 141, 5.61%, 0, 0, 6, 2424.35
1572614254, 0, 1675, 1969, 1421, 141, 5.61%, 0, 0, 6, 2849.61
1572614306, 0, 1675, 1970, 1422, 141, 5.61%, 0, 0, 6, 2868.33
1572614311, 0, 1675, 1971, 1423, 141, 5.61%, 0, 0, 6, 2847.63
1572614387, 0, 1676, 1972, 1423, 143, 5.61%, 0, 0, 6, 2935.58
1572614546, 0, 1692, 1974, 1424, 143, 5.61%, 0, 0, 6, 2994.72
1572614566, 0, 1693, 1974, 1423, 143, 5.61%, 0, 0, 6, 3029.43
1572614587, 0, 1694, 1974, 1422, 142, 5.61%, 0, 0, 6, 3018.23
1572614607, 0, 1695, 1974, 1421, 141, 5.61%, 0, 0, 6, 3006.15
1572614628, 0, 1696, 1974, 1420, 140, 5.61%, 0, 0, 6, 3014.38
1572614648, 0, 1697, 1974, 1419, 139, 5.61%, 0, 0, 6, 3032.13
1572614669, 0, 1698, 1974, 1418, 138, 5.61%, 0, 0, 6, 3016.80
1572614695, 0, 1699, 1974, 1417, 137, 5.61%, 0, 0, 6, 3030.89
1572614715, 0, 1700, 1974, 1416, 136, 5.61%, 0, 0, 6, 3040.03
1572614736, 0, 1701, 1974, 1415, 135, 5.61%, 0, 0, 6, 2980.70
1572614756, 0, 1702, 1975, 1415, 134, 5.61%, 0, 0, 6, 2922.88
1572614797, 0, 1702, 1976, 1416, 134, 5.61%, 0, 0, 6, 2892.52
1572614823, 0, 1703, 1976, 1415, 133, 5.61%, 0, 0, 6, 2837.91
1572614869, 0, 1703, 1977, 1416, 133, 5.61%, 0, 0, 6, 2903.03
1572614894, 0, 1704, 1978, 1416, 133, 5.61%, 0, 0, 6, 2856.22
1572614961, 0, 1705, 1978, 1415, 133, 5.61%, 0, 0, 6, 2895.89
1572614992, 0, 1708, 1979, 1415, 132, 5.61%, 0, 0, 6, 2982.80
1572614997, 0, 1708, 1980, 1416, 132, 5.61%, 0, 0, 6, 3003.10
1572615002, 0, 1708, 1981, 1417, 132, 5.61%, 0, 0, 6, 2991.91
1572615023, 0, 1709, 1982, 1417, 134, 5.61%, 0, 0, 6, 2993.15
1572615059, 0, 1710, 1983, 1417, 133, 5.61%, 0, 0, 6, 2989.10
1572615079, 0, 1711, 1983, 1416, 132, 5.61%, 0, 0, 6, 2965.94
1572615105, 0, 1714, 1983, 1415, 131, 5.61%, 0, 0, 6, 2958.55
1572615304, 0, 1715, 1983, 1414, 130, 5.61%, 0, 0, 6, 2587.85
1572615351, 0, 1715, 1984, 1415, 130, 5.61%, 0, 0, 6, 2458.74
1572615407, 0, 1715, 1985, 1416, 130, 5.61%, 0, 0, 6, 2476.61
1572615518, 0, 1717, 1988, 1418, 129, 5.62%, 0, 0, 7, 3042.59
1572615523, 0, 1717, 1994, 1424, 129, 5.67%, 0, 0, 7, 3162.63
1572615528, 0, 1721, 1995, 1422, 132, 5.68%, 0, 0, 7, 3181.13
1572615682, 0, 1722, 1995, 1421, 131, 5.68%, 0, 0, 7, 2702.69
1572615882, 0, 1724, 1995, 1420, 130, 5.68%, 0, 0, 7, 2648.58
1572616092, 0, 1725, 1995, 1419, 129, 5.68%, 0, 0, 7, 2676.11
1572616292, 0, 1733, 1995, 1418, 128, 5.68%, 0, 0, 7, 2807.32
1572616496, 0, 1743, 1995, 1417, 127, 5.68%, 0, 0, 7, 2853.38
1572616650, 0, 1753, 1996, 1417, 126, 5.68%, 0, 0, 7, 2832.56
1572616671, 0, 1753, 1997, 1418, 126, 5.68%, 0, 0, 7, 2557.13
1572616854, 0, 1754, 1997, 1417, 126, 5.68%, 0, 0, 7, 2547.94
1572617104, 0, 1755, 1997, 1416, 125, 5.68%, 0, 0, 7, 2520.52
1572617124, 0, 1755, 1998, 1417, 125, 5.68%, 0, 0, 7, 2462.72
1572617319, 0, 1756, 1998, 1416, 125, 5.68%, 0, 0, 7, 2753.12
1572617468, 0, 1757, 1998, 1415, 124, 5.68%, 0, 0, 7, 2762.38
1572617657, 0, 1764, 1999, 1415, 123, 5.68%, 0, 0, 7, 1593.94
1572617910, 0, 1765, 1999, 1414, 122, 5.68%, 0, 0, 7, 1442.79
1572618098, 0, 1765, 2000, 1415, 122, 5.68%, 0, 0, 7, 1436.24
1572618286, 0, 1766, 2001, 1415, 121, 5.68%, 0, 0, 7, 1378.15
1572618686, 0, 1777, 2002, 1415, 120, 5.68%, 0, 0, 7, 1426.27
1572618707, 0, 1777, 2004, 1417, 120, 5.69%, 0, 0, 7, 1344.85
1572618924, 0, 1779, 2005, 1417, 122, 5.69%, 0, 0, 7, 1525.19
1572618940, 0, 1779, 2006, 1418, 122, 5.69%, 0, 0, 7, 1595.24
1572619112, 0, 1781, 2007, 1418, 122, 5.69%, 0, 0, 7, 1606.90
1572619122, 0, 1781, 2008, 1419, 122, 5.69%, 0, 0, 7, 1607.75
1572619295, 0, 1783, 2009, 1419, 123, 5.69%, 0, 0, 7, 1644.66
1572619482, 0, 1789, 2009, 1418, 122, 5.69%, 0, 0, 7, 1641.47
1572619705, 0, 1794, 2009, 1417, 121, 5.69%, 0, 0, 7, 1653.30
1572619741, 0, 1794, 2011, 1419, 121, 5.69%, 0, 0, 7, 1479.95
1572619746, 0, 1794, 2012, 1420, 121, 5.69%, 0, 0, 7, 1487.47
