# unix_time, cycles_done, cur_path, paths_total, pending_total, pending_favs, map_size, unique_crashes, unique_hangs, max_depth, execs_per_sec
1572533431, 0, 0, 1, 1, 1, 1.37%, 0, 0, 1, 2666.67
1572533436, 0, 0, 61, 61, 1, 1.79%, 0, 0, 2, 2762.04
1572533451, 0, 0, 148, 148, 1, 2.10%, 0, 0, 2, 2767.67
1572533456, 0, 0, 209, 209, 1, 2.25%, 0, 0, 2, 2773.53
1572533471, 0, 0, 211, 211, 1, 2.26%, 0, 0, 2, 2760.91
1572533476, 0, 0, 219, 219, 1, 2.27%, 0, 0, 2, 2729.21
1572533492, 0, 0, 220, 220, 1, 2.28%, 0, 0, 2, 2757.85
1572533497, 0, 0, 226, 226, 1, 2.31%, 0, 0, 2, 2745.65
1572533502, 0, 0, 255, 255, 1, 2.62%, 0, 0, 2, 2781.27
1572533507, 0, 0, 259, 259, 1, 2.63%, 0, 0, 2, 2775.18
1572533512, 0, 0, 267, 267, 1, 2.73%, 0, 0, 2, 2787.61
1572533517, 0, 0, 271, 271, 1, 2.74%, 0, 0, 2, 2788.62
1572533528, 0, 0, 281, 281, 1, 2.75%, 0, 0, 2, 2801.36
1572533533, 0, 0, 282, 282, 1, 2.75%, 0, 0, 2, 2784.00
1572533538, 0, 0, 283, 283, 1, 2.75%, 0, 0, 2, 2783.11
1572533553, 0, 0, 284, 284, 1, 2.76%, 0, 0, 2, 2716.88
1572533574, 0, 0, 287, 287, 1, 2.76%, 0, 0, 2, 2764.45
1572533579, 0, 0, 293, 293, 1, 2.81%, 0, 0, 2, 2767.22
1572533584, 0, 0, 295, 295, 1, 2.81%, 0, 0, 2, 2735.40
1572533594, 0, 0, 297, 297, 1, 2.81%, 0, 0, 2, 2756.55
1572533599, 0, 0, 298, 298, 1, 2.82%, 0, 0, 2, 2763.22
1572533604, 0, 0, 329, 329, 1, 2.85%, 0, 0, 2, 2893.45
1572533609, 0, 0, 341, 341, 1, 2.86%, 0, 0, 2, 3005.50
1572533615, 0, 17, 344, 336, 108, 2.86%, 0, 0, 2, 3111.53
1572533620, 0, 34, 345, 335, 106, 2.86%, 0, 0, 3, 2879.61
1572533635, 0, 34, 348, 338, 106, 2.86%, 0, 0, 3, 2739.70
1572533640, 0, 34, 349, 339, 106, 2.86%, 0, 0, 3, 2750.83
1572533661, 0, 34, 350, 340, 106, 2.87%, 0, 0, 3, 2753.38
1572533696, 0, 34, 351, 341, 106, 2.87%, 0, 0, 3, 2775.44
1572533711, 0, 34, 353, 343, 106, 2.87%, 0, 0, 3, 2769.50
1572533793, 0, 57, 353, 340, 107, 2.87%, 0, 0, 3, 1536.15
1572533828, 0, 57, 355, 342, 107, 2.87%, 0, 0, 3, 1384.86
1572533838, 0, 57, 356, 343, 107, 2.87%, 0, 0, 3, 1374.24
1572533930, 0, 57, 357, 344, 107, 2.94%, 0, 0, 3, 1413.27
1572534137, 0, 66, 358, 344, 107, 2.94%, 0, 0, 3, 1507.08
1572534178, 0, 66, 359, 345, 107, 2.94%, 0, 0, 3, 1378.34
1572534290, 0, 66, 360, 346, 107, 2.94%, 0, 0, 3, 1405.77
1572534452, 0, 87, 360, 342, 106, 2.94%, 0, 0, 3, 2922.02
1572534457, 0, 126, 360, 333, 98, 2.94%, 0, 0, 3, 3126.80
1572534462, 0, 132, 360, 332, 97, 2.94%, 0, 0, 3, 2788.24
1572534477, 0, 132, 362, 334, 97, 2.95%, 0, 0, 3, 2651.94
1572534636, 0, 137, 363, 333, 96, 2.95%, 0, 0, 3, 2835.49
1572534642, 0, 145, 364, 331, 93, 2.99%, 0, 0, 3, 2771.23
1572534657, 0, 145, 365, 332, 93, 2.99%, 0, 0, 3, 2674.82
1572534662, 0, 145, 369, 336, 93, 2.99%, 0, 0, 3, 2673.56
1572534703, 0, 145, 370, 337, 93, 2.99%, 0, 0, 3, 2673.37
1572534729, 0, 145, 371, 338, 93, 2.99%, 0, 0, 3, 2685.25
1572534821, 0, 165, 372, 336, 91, 2.99%, 0, 0, 3, 2767.50
1572534842, 0, 165, 373, 337, 91, 2.99%, 0, 0, 3, 2675.34
1572534887, 0, 165, 374, 338, 91, 2.99%, 0, 0, 3, 2627.87
1572534903, 0, 165, 376, 340, 91, 2.99%, 0, 0, 3, 2710.82
1572535000, 0, 165, 382, 346, 91, 2.99%, 0, 0, 3, 2840.04
1572535005, 0, 165, 388, 352, 91, 3.00%, 0, 0, 3, 2870.17
1572535010, 0, 171, 395, 358, 99, 3.00%, 0, 0, 3, 2839.88
1572535030, 0, 171, 397, 360, 99, 3.01%, 0, 0, 3, 2590.66
1572535035, 0, 171, 398, 361, 99, 3.02%, 0, 0, 3, 2585.30
1572535082, 0, 171, 400, 363, 99, 3.02%, 0, 0, 3, 2629.37
1572535092, 0, 171, 401, 364, 99, 3.02%, 0, 0, 3, 2642.06
1572535107, 0, 171, 402, 365, 99, 3.02%, 0, 0, 3, 2601.95
1572535164, 0, 171, 403, 366, 99, 3.02%, 0, 0, 3, 2621.94
1572535194, 0, 197, 403, 361, 96, 3.02%, 0, 0, 3, 2979.69
1572535199, 0, 208, 405, 359, 92, 3.02%, 0, 0, 3, 2785.01
1572535215, 0, 208, 406, 360, 92, 3.02%, 0, 0, 3, 2665.97
1572535220, 0, 208, 408, 362, 92, 3.02%, 0, 0, 3, 2668.58
1572535240, 0, 208, 409, 363, 92, 3.02%, 0, 0, 3, 2653.60
1572535266, 0, 208, 410, 364, 92, 3.02%, 0, 0, 3, 2681.78
1572535378, 0, 209, 410, 363, 91, 3.02%, 0, 0, 3, 2691.20
1572535399, 0, 209, 417, 370, 91, 3.04%, 0, 0, 3, 2660.50
1572535547, 0, 209, 418, 371, 91, 3.04%, 0, 0, 3, 2659.20
1572535558, 0, 219, 418, 366, 93, 3.04%, 0, 0, 3, 2838.36
1572535563, 0, 221, 420, 367, 92, 3.04%, 0, 0, 3, 2755.81
1572535578, 0, 221, 421, 368, 92, 3.04%, 0, 0, 3, 2664.86
1572535583, 0, 221, 426, 373, 92, 3.05%, 0, 0, 3, 2667.60
1572535624, 0, 221, 427, 374, 92, 3.05%, 0, 0, 3, 2683.22
1572535630, 0, 221, 428, 375, 92, 3.05%, 0, 0, 3, 2691.77
1572535640, 0, 221, 429, 376, 92, 3.05%, 0, 0, 3, 2701.62
1572535645, 0, 221, 430, 377, 92, 3.05%, 0, 0, 3, 2701.79
1572535655, 0, 221, 433, 380, 92, 3.06%, 0, 0, 3, 2647.77
1572535742, 0, 235, 435, 379, 97, 3.06%, 0, 0, 3, 2870.17
1572535814, 0, 235, 436, 380, 97, 3.06%, 0, 0, 3, 2672.39
1572535895, 0, 235, 437, 381, 97, 3.07%, 0, 0, 3, 2676.05
1572535926, 0, 254, 438, 377, 96, 3.07%, 0, 0, 3, 2902.29
1572535946, 0, 254, 439, 378, 96, 3.07%, 0, 0, 3, 2672.49
1572536110, 0, 257, 439, 376, 95, 3.07%, 0, 0, 3, 2733.01
1572536130, 0, 257, 443, 380, 95, 3.07%, 0, 0, 3, 2652.58
1572536156, 0, 257, 444, 381, 95, 3.07%, 0, 0, 3, 2669.52
1572536187, 0, 257, 445, 382, 95, 3.07%, 0, 0, 3, 2697.11
1572536192, 0, 257, 446, 383, 95, 3.08%, 0, 0, 3, 2704.71
1572536294, 0, 261, 447, 382, 94, 3.08%, 0, 0, 3, 2753.88
1572536314, 0, 261, 455, 390, 94, 3.10%, 0, 0, 3, 2644.23
1572536335, 0, 261, 458, 393, 94, 3.11%, 0, 0, 3, 2656.55
1572536340, 0, 261, 459, 394, 94, 3.11%, 0, 0, 3, 2652.17
1572536376, 0, 261, 460, 395, 94, 3.11%, 0, 0, 3, 2684.40
1572536478, 0, 265, 460, 393, 98, 3.11%, 0, 0, 3, 2791.62
1572536498, 0, 265, 461, 394, 98, 3.11%, 0, 0, 3, 2624.87
1572536549, 0, 265, 463, 396, 98, 3.11%, 0, 0, 3, 2613.03
1572536564, 0, 265, 464, 397, 98, 3.11%, 0, 0, 3, 2606.78
1572536580, 0, 265, 466, 399, 98, 3.11%, 0, 0, 3, 2611.53
1572536737, 0, 266, 467, 399, 98, 3.11%, 0, 0, 3, 1483.53
1572536782, 0, 266, 468, 400, 98, 3.11%, 0, 0, 3, 1348.86
1572536894, 0, 266, 469, 401, 98, 3.11%, 0, 0, 3, 1376.66
1572536914, 0, 266, 470, 402, 98, 3.11%, 0, 0, 3, 1362.91
1572537096, 0, 267, 470, 401, 97, 3.11%, 0, 0, 3, 1493.30
1572537142, 0, 267, 471, 402, 97, 3.11%, 0, 0, 3, 1372.83
1572537253, 0, 267, 472, 403, 97, 3.12%, 0, 0, 3, 1391.01
1572537274, 0, 267, 473, 404, 97, 3.12%, 0, 0, 3, 1356.22
1572537457, 0, 268, 473, 403, 98, 3.12%, 0, 0, 3, 1433.18
1572537497, 0, 268, 474, 404, 98, 3.12%, 0, 0, 3, 1349.37
1572537502, 0, 268, 475, 405, 98, 3.12%, 0, 0, 3, 1342.30
1572537614, 0, 268, 477, 407, 98, 3.12%, 0, 0, 3, 1373.46
1572537624, 0, 268, 478, 408, 98, 3.12%, 0, 0, 3, 1371.85
1572537634, 0, 268, 479, 409, 98, 3.12%, 0, 0, 3, 1373.12
1572537797, 0, 268, 480, 410, 98, 3.12%, 0, 0, 3, 1381.43
1572537822, 0, 269, 480, 409, 99, 3.12%, 0, 0, 3, 1411.65
1572537914, 0, 269, 481, 410, 99, 3.12%, 0, 0, 3, 2701.99
1572537929, 0, 269, 482, 411, 99, 3.12%, 0, 0, 3, 2694.36
1572538021, 0, 272, 482, 409, 99, 3.12%, 0, 0, 3, 2748.89
1572538042, 0, 272, 483, 410, 99, 3.12%, 0, 0, 3, 2662.50
1572538104, 0, 272, 484, 411, 99, 3.12%, 0, 0, 3, 2695.08
1572538119, 0, 272, 485, 412, 99, 3.13%, 0, 0, 3, 2686.43
1572538206, 0, 288, 485, 411, 100, 3.13%, 0, 0, 3, 2760.46
1572538226, 0, 288, 501, 427, 100, 3.13%, 0, 0, 3, 2643.11
1572538232, 0, 288, 503, 429, 100, 3.13%, 0, 0, 3, 2652.58
1572538278, 0, 288, 505, 431, 100, 3.13%, 0, 0, 3, 2660.87
1572538314, 0, 288, 506, 432, 100, 3.13%, 0, 0, 3, 2724.13
1572538360, 0, 288, 507, 433, 100, 3.13%, 0, 0, 3, 2687.92
1572538365, 0, 288, 509, 435, 100, 3.13%, 0, 0, 3, 2680.33
1572538380, 0, 288, 510, 436, 100, 3.13%, 0, 0, 3, 2699.89
1572538390, 0, 300, 520, 444, 105, 3.16%, 0, 0, 3, 2806.50
1572538395, 0, 302, 530, 453, 114, 3.20%, 0, 0, 3, 2939.40
1572538411, 0, 302, 531, 454, 114, 3.20%, 0, 0, 3, 2933.56
1572538416, 0, 302, 532, 455, 114, 3.24%, 0, 0, 3, 2939.94
1572538462, 0, 311, 534, 455, 111, 3.24%, 0, 0, 3, 2972.55
1572538468, 0, 311, 535, 456, 111, 3.25%, 0, 0, 3, 2715.70
1572538483, 0, 311, 537, 458, 111, 3.25%, 0, 0, 3, 2620.37
1572538488, 0, 311, 539, 460, 111, 3.25%, 0, 0, 3, 2606.07
1572538534, 0, 311, 541, 462, 111, 3.26%, 0, 0, 3, 2676.38
1572538544, 0, 311, 545, 466, 111, 3.27%, 0, 0, 3, 2664.51
1572538560, 0, 311, 546, 467, 111, 3.27%, 0, 0, 3, 2659.42
1572538565, 0, 311, 547, 468, 111, 3.27%, 0, 0, 3, 2680.62
1572538636, 0, 311, 548, 469, 111, 3.28%, 0, 0, 3, 2691.28
1572538651, 0, 316, 590, 509, 120, 3.34%, 0, 0, 3, 2862.35
1572538656, 0, 316, 592, 511, 120, 3.34%, 0, 0, 3, 2897.74
1572538662, 0, 316, 595, 514, 120, 3.35%, 0, 0, 3, 2878.61
1572538667, 0, 316, 610, 529, 120, 3.36%, 0, 0, 3, 2935.68
1572538672, 0, 316, 618, 537, 120, 3.48%, 0, 0, 3, 2987.56
1572538677, 0, 320, 623, 540, 139, 3.49%, 0, 0, 3, 2994.55
1572538718, 0, 320, 624, 541, 139, 3.49%, 0, 0, 3, 2927.97
1572538764, 0, 322, 624, 540, 138, 3.49%, 0, 0, 3, 2708.67
1572538928, 0, 322, 626, 542, 138, 3.49%, 0, 0, 3, 2638.79
1572538948, 0, 330, 628, 541, 136, 3.49%, 0, 0, 3, 2814.47
1572538969, 0, 330, 629, 542, 136, 3.49%, 0, 0, 3, 2801.35
1572539015, 0, 330, 633, 546, 136, 3.49%, 0, 0, 3, 2785.12
1572539031, 0, 330, 634, 547, 136, 3.49%, 0, 0, 3, 2834.98
1572539072, 0, 330, 635, 548, 136, 3.49%, 0, 0, 3, 2833.10
1572539082, 0, 331, 635, 547, 141, 3.49%, 0, 0, 3, 2824.02
1572539271, 0, 332, 639, 550, 140, 3.49%, 0, 0, 3, 2703.19
1572539291, 0, 332, 649, 560, 140, 3.49%, 0, 0, 3, 2555.83
1572539297, 0, 332, 652, 563, 140, 3.49%, 0, 0, 3, 2542.49
1572539317, 0, 332, 654, 565, 140, 3.49%, 0, 0, 3, 2577.41
1572539348, 0, 332, 658, 569, 140, 3.50%, 0, 0, 3, 2565.78
1572539353, 0, 332, 660, 571, 140, 3.50%, 0, 0, 3, 2597.41
1572539358, 0, 332, 661, 572, 140, 3.50%, 0, 0, 3, 2614.89
1572539374, 0, 332, 662, 573, 140, 3.50%, 0, 0, 3, 2606.27
1572539415, 0, 332, 663, 574, 140, 3.50%, 0, 0, 3, 2655.78
1572539445, 0, 332, 666, 577, 140, 3.50%, 0, 0, 3, 2611.67
1572539460, 0, 336, 666, 575, 144, 3.50%, 0, 0, 3, 2746.82
1572539481, 0, 336, 677, 586, 144, 3.59%, 0, 0, 3, 2642.42
1572539501, 0, 336, 678, 587, 144, 3.59%, 0, 0, 3, 2688.27
1572539527, 0, 336, 680, 589, 144, 3.59%, 0, 0, 3, 2699.05
1572539542, 0, 336, 683, 592, 144, 3.59%, 0, 0, 3, 2765.17
1572539588, 0, 336, 684, 593, 144, 3.59%, 0, 0, 3, 2750.72
1572539598, 0, 338, 685, 593, 155, 3.59%, 0, 0, 3, 2755.07
1572539619, 0, 338, 689, 597, 155, 3.59%, 0, 0, 3, 2670.26
1572539675, 0, 338, 690, 598, 155, 3.59%, 0, 0, 3, 2698.63
1572539762, 0, 341, 690, 597, 154, 3.59%, 0, 0, 3, 2701.85
1572539783, 0, 341, 693, 600, 154, 3.59%, 0, 0, 3, 2632.86
1572539834, 0, 341, 694, 601, 154, 3.59%, 0, 0, 3, 2644.99
1572539951, 0, 351, 694, 599, 153, 3.59%, 0, 0, 3, 2729.52
1572540141, 0, 352, 694, 598, 152, 3.59%, 0, 0, 3, 2696.72
1572540167, 0, 352, 695, 599, 152, 3.59%, 0, 0, 4, 2621.45
1572540223, 0, 352, 696, 600, 152, 3.59%, 0, 0, 4, 2644.69
1572540238, 0, 352, 697, 601, 152, 3.59%, 0, 0, 4, 2655.49
1572540330, 0, 356, 727, 628, 153, 3.64%, 0, 0, 4, 2775.10
1572540335, 0, 382, 731, 627, 158, 3.64%, 0, 0, 4, 2952.15
1572540407, 0, 383, 731, 626, 158, 3.64%, 0, 0, 4, 2859.79
1572540427, 0, 383, 732, 627, 158, 3.64%, 0, 0, 4, 2657.29
1572540479, 0, 383, 733, 628, 158, 3.64%, 0, 0, 4, 2654.93
1572540489, 0, 383, 734, 629, 158, 3.64%, 0, 0, 4, 2665.49
1572540560, 0, 383, 735, 630, 158, 3.64%, 0, 0, 4, 2663.67
1572540601, 0, 386, 735, 629, 158, 3.64%, 0, 0, 4, 2688.98
1572540622, 0, 386, 737, 631, 158, 3.65%, 0, 0, 4, 2652.77
1572540673, 0, 386, 738, 632, 158, 3.65%, 0, 0, 4, 2658.90
1572540795, 0, 387, 742, 635, 159, 3.65%, 0, 0, 4, 2591.73
1572540800, 0, 387, 745, 638, 159, 3.65%, 0, 0, 4, 2627.09
1572540805, 0, 387, 746, 639, 159, 3.66%, 0, 0, 4, 2637.20
1572540815, 0, 387, 748, 641, 159, 3.67%, 0, 0, 4, 2668.93
1572540826, 0, 387, 749, 642, 159, 3.67%, 0, 0, 4, 1554.75
1572540831, 0, 390, 751, 642, 162, 3.67%, 0, 0, 4, 1443.66
1572540866, 0, 390, 753, 644, 162, 3.67%, 0, 0, 4, 1301.91
1572540973, 0, 390, 757, 648, 162, 3.67%, 0, 0, 4, 1341.04
1572541150, 0, 392, 757, 647, 161, 3.67%, 0, 0, 4, 1369.60
1572541196, 0, 392, 761, 651, 161, 3.77%, 0, 0, 4, 1245.76
1572541237, 0, 392, 762, 652, 161, 3.77%, 0, 0, 4, 1239.32
1572541288, 0, 392, 763, 653, 161, 3.77%, 0, 0, 4, 1261.09
1572541298, 0, 392, 764, 654, 161, 3.77%, 0, 0, 4, 1226.75
1572541303, 0, 392, 765, 655, 161, 3.77%, 0, 0, 4, 1262.71
1572541349, 0, 392, 766, 656, 161, 3.77%, 0, 0, 4, 1250.47
1572541359, 0, 392, 767, 657, 161, 3.77%, 0, 0, 4, 1301.78
1572541547, 0, 392, 768, 658, 161, 3.77%, 0, 0, 4, 1253.66
1572541563, 0, 395, 768, 657, 159, 3.77%, 0, 0, 4, 1302.86
1572541603, 0, 395, 769, 658, 159, 3.77%, 0, 0, 4, 1271.38
1572541608, 0, 395, 770, 659, 159, 3.77%, 0, 0, 4, 1245.63
1572541654, 0, 395, 771, 660, 159, 3.77%, 0, 0, 4, 1241.57
1572541725, 0, 395, 772, 661, 159, 3.77%, 0, 0, 4, 1259.18
1572541771, 0, 395, 773, 662, 159, 3.77%, 0, 0, 4, 1281.32
1572541975, 0, 398, 773, 661, 160, 3.77%, 0, 0, 4, 1323.86
1572542378, 0, 414, 773, 659, 158, 3.77%, 0, 0, 4, 1468.88
1572542383, 0, 417, 773, 657, 156, 3.77%, 0, 0, 4, 1453.14
1572542424, 0, 417, 779, 663, 156, 3.77%, 0, 0, 4, 1278.14
1572542525, 0, 417, 780, 664, 156, 3.77%, 0, 0, 4, 2413.70
1572542638, 0, 424, 780, 661, 155, 3.77%, 0, 0, 4, 2887.66
1572542658, 0, 424, 783, 664, 155, 3.77%, 0, 0, 4, 2644.69
1572542663, 0, 424, 785, 666, 155, 3.77%, 0, 0, 4, 2657.90
1572542710, 0, 424, 786, 667, 155, 3.77%, 0, 0, 4, 2657.18
1572542837, 0, 435, 786, 661, 151, 3.77%, 0, 0, 4, 2975.25
1572542842, 0, 435, 792, 667, 151, 3.78%, 0, 0, 4, 2767.34
1572542852, 0, 435, 795, 670, 151, 3.78%, 0, 0, 4, 2723.42
1572542862, 0, 435, 796, 671, 151, 3.78%, 0, 0, 4, 2742.21
1572542878, 0, 435, 797, 672, 151, 3.78%, 0, 0, 4, 2737.00
1572542898, 0, 435, 798, 673, 151, 3.78%, 0, 0, 4, 2759.08
1572542908, 0, 435, 802, 677, 151, 3.78%, 0, 0, 4, 2750.60
1572542913, 0, 435, 810, 685, 151, 3.79%, 0, 0, 4, 2739.71
1572542918, 0, 435, 814, 689, 151, 3.79%, 0, 0, 4, 2742.26
1572542924, 0, 438, 814, 687, 154, 3.79%, 0, 0, 4, 2733.47
1572542944, 0, 438, 815, 688, 154, 3.79%, 0, 0, 4, 2647.01
1572543117, 0, 445, 815, 684, 153, 3.79%, 0, 0, 4, 2925.89
1572543122, 0, 448, 815, 682, 151, 3.79%, 0, 0, 4, 2763.07
1572543138, 0, 448, 816, 683, 151, 3.79%, 0, 0, 4, 2634.17
1572543143, 0, 448, 820, 687, 151, 3.80%, 0, 0, 4, 2637.19
1572543164, 0, 448, 821, 688, 151, 3.80%, 0, 0, 4, 2651.73
1572543205, 0, 448, 823, 690, 151, 3.80%, 0, 0, 4, 2667.94
1572543210, 0, 448, 827, 694, 151, 3.81%, 0, 0, 4, 2647.44
1572543220, 0, 448, 828, 695, 151, 3.81%, 0, 0, 4, 2670.28
1572543317, 0, 455, 828, 694, 156, 3.81%, 0, 0, 4, 2645.30
1572543332, 0, 455, 829, 695, 156, 3.81%, 0, 0, 4, 2622.20
1572543510, 0, 458, 829, 694, 156, 3.81%, 0, 0, 4, 2702.29
1572543531, 0, 458, 830, 695, 156, 3.81%, 0, 0, 4, 2592.27
1572543705, 0, 465, 830, 693, 155, 3.81%, 0, 0, 4, 2816.53
1572543726, 0, 465, 831, 694, 155, 3.81%, 0, 0, 4, 2650.32
1572543900, 0, 472, 831, 690, 152, 3.81%, 0, 0, 4, 2907.15
1572543905, 0, 484, 831, 683, 145, 3.81%, 0, 0, 4, 3034.01
1572543930, 0, 484, 832, 684, 145, 3.81%, 0, 0, 4, 2635.50
1572543987, 0, 484, 833, 685, 145, 3.81%, 0, 0, 4, 2639.97
1572544104, 0, 507, 833, 677, 138, 3.81%, 0, 0, 4, 3051.62
1572544124, 0, 507, 841, 685, 138, 3.81%, 0, 0, 4, 2705.90
1572544129, 0, 507, 843, 687, 138, 3.81%, 0, 0, 4, 2705.65
1572544186, 0, 507, 844, 688, 138, 3.81%, 0, 0, 4, 2747.95
1572544247, 0, 522, 854, 690, 132, 3.84%, 0, 0, 4, 2897.84
1572544252, 0, 531, 874, 703, 133, 3.93%, 0, 0, 4, 2950.28
1572544257, 0, 540, 878, 702, 138, 3.98%, 0, 0, 4, 2918.12
1572544272, 0, 540, 880, 704, 138, 3.98%, 0, 0, 4, 2619.98
1572544277, 0, 540, 883, 707, 138, 3.98%, 0, 0, 4, 2629.78
1572544283, 0, 540, 885, 709, 138, 3.98%, 0, 0, 4, 2630.84
1572544303, 0, 540, 886, 710, 138, 3.98%, 0, 0, 4, 2613.14
1572544329, 0, 540, 890, 714, 138, 3.98%, 0, 0, 4, 2634.63
1572544452, 0, 544, 890, 710, 143, 3.98%, 0, 0, 4, 2906.31
1572544457, 0, 547, 891, 708, 140, 3.98%, 0, 0, 4, 2827.43
1572544524, 0, 547, 892, 709, 140, 3.98%, 0, 0, 4, 2755.34
1572544606, 0, 595, 892, 704, 136, 3.98%, 0, 0, 4, 2765.14
1572544632, 0, 596, 892, 703, 135, 3.98%, 0, 0, 4, 2859.78
1572544647, 0, 603, 900, 710, 134, 4.02%, 0, 0, 4, 2975.35
1572544652, 0, 607, 900, 709, 141, 4.02%, 0, 0, 4, 2777.65
1572544677, 0, 608, 900, 708, 141, 4.02%, 0, 0, 4, 2720.94
1572544703, 0, 610, 912, 719, 140, 4.06%, 0, 0, 4, 2835.80
1572544708, 0, 611, 913, 719, 146, 4.07%, 0, 0, 4, 2826.36
1572544713, 0, 615, 914, 718, 144, 4.07%, 0, 0, 4, 2848.97
1572544719, 0, 615, 915, 719, 144, 4.07%, 0, 0, 4, 2883.43
1572544734, 0, 623, 915, 717, 142, 4.07%, 0, 0, 4, 2847.50
1572544770, 0, 623, 917, 719, 142, 4.07%, 0, 0, 4, 2861.28
1572544841, 0, 623, 918, 720, 142, 4.08%, 0, 0, 4, 2891.74
1572544851, 0, 623, 919, 721, 142, 4.08%, 0, 0, 4, 2874.14
1572544862, 0, 629, 924, 725, 144, 4.08%, 0, 0, 4, 2803.73
1572544867, 0, 629, 925, 726, 144, 4.08%, 0, 0, 4, 2784.85
1572544877, 0, 629, 928, 729, 144, 4.08%, 0, 0, 4, 2786.21
1572544882, 0, 629, 930, 731, 144, 4.08%, 0, 0, 4, 2780.88
1572544902, 0, 629, 931, 732, 144, 4.08%, 0, 0, 4, 2796.00
1572544928, 0, 629, 933, 734, 144, 4.09%, 0, 0, 4, 2791.77
1572544999, 0, 645, 934, 731, 146, 4.09%, 0, 0, 4, 2877.47
1572545046, 0, 645, 935, 732, 146, 4.09%, 0, 0, 4, 2547.51
1572545087, 0, 645, 936, 733, 146, 4.09%, 0, 0, 4, 2593.85
1572545194, 0, 669, 936, 727, 142, 4.09%, 0, 0, 4, 2925.26
1572545214, 0, 669, 938, 729, 142, 4.09%, 0, 0, 4, 2668.94
1572545240, 0, 669, 939, 730, 142, 4.09%, 0, 0, 4, 2652.92
1572545336, 0, 678, 939, 729, 144, 4.09%, 0, 0, 4, 2776.91
1572545357, 0, 678, 949, 739, 144, 4.17%, 0, 0, 4, 2662.65
1572545382, 0, 678, 951, 741, 144, 4.19%, 0, 0, 4, 2645.81
1572545418, 0, 678, 954, 744, 144, 4.19%, 0, 0, 4, 2713.70
1572545459, 0, 678, 956, 746, 144, 4.22%, 0, 0, 4, 2698.02
1572545484, 0, 681, 957, 746, 151, 4.22%, 0, 0, 4, 2714.07
1572545500, 0, 681, 959, 748, 151, 4.22%, 0, 0, 4, 2663.71
1572545525, 0, 681, 960, 749, 151, 4.22%, 0, 0, 4, 2693.14
1572545551, 0, 681, 964, 753, 151, 4.22%, 0, 0, 4, 2708.26
1572545627, 0, 683, 964, 752, 157, 4.22%, 0, 0, 4, 2674.91
1572545643, 0, 683, 965, 753, 157, 4.22%, 0, 0, 4, 2625.88
1572545648, 0, 683, 966, 754, 157, 4.22%, 0, 0, 4, 2640.78
1572545756, 0, 683, 967, 755, 157, 4.22%, 0, 0, 4, 2706.22
1572545771, 0, 696, 967, 750, 154, 4.22%, 0, 0, 4, 2863.30
1572545797, 0, 696, 968, 751, 154, 4.22%, 0, 0, 5, 2616.85
1572545960, 0, 707, 972, 754, 154, 4.23%, 0, 0, 5, 2682.42
1572545996, 0, 711, 972, 753, 157, 4.23%, 0, 0, 5, 2815.85
1572546021, 0, 714, 972, 752, 156, 4.23%, 0, 0, 5, 2662.78
1572546068, 0, 714, 973, 753, 156, 4.23%, 0, 0, 5, 2660.82
1572546119, 0, 717, 980, 759, 156, 4.23%, 0, 0, 5, 1360.63
1572546134, 0, 717, 981, 760, 156, 4.23%, 0, 0, 5, 1364.06
1572546149, 0, 717, 982, 761, 156, 4.23%, 0, 0, 5, 1365.03
1572546221, 0, 717, 983, 762, 156, 4.23%, 0, 0, 5, 1331.86
1572546226, 0, 718, 984, 762, 157, 4.24%, 0, 0, 5, 1271.72
1572546231, 0, 718, 985, 763, 157, 4.24%, 0, 0, 5, 1269.26
1572546298, 0, 719, 985, 762, 158, 4.24%, 0, 0, 5, 1279.53
1572546343, 0, 719, 986, 763, 158, 4.24%, 0, 0, 5, 1274.79
1572546364, 0, 722, 987, 763, 158, 4.24%, 0, 0, 5, 1287.88
1572546436, 0, 723, 988, 763, 157, 4.24%, 0, 0, 5, 1313.03
1572546461, 0, 723, 989, 764, 157, 4.25%, 0, 0, 5, 1295.11
1572546588, 0, 725, 991, 765, 158, 4.25%, 0, 0, 5, 1325.18
1572546593, 0, 725, 994, 768, 158, 4.26%, 0, 0, 5, 1359.85
1572546604, 0, 725, 998, 772, 158, 4.26%, 0, 0, 5, 1355.18
1572546639, 0, 729, 999, 772, 164, 4.26%, 0, 0, 5, 1367.28
1572546680, 0, 733, 999, 771, 164, 4.26%, 0, 0, 5, 1396.63
1572546685, 0, 734, 999, 770, 163, 4.26%, 0, 0, 5, 1341.72
1572547005, 0, 734, 1000, 771, 163, 4.26%, 0, 0, 5, 1229.72
1572547102, 0, 736, 1000, 769, 162, 4.26%, 0, 0, 5, 1496.07
1572547107, 0, 742, 1000, 766, 159, 4.26%, 0, 0, 5, 1386.35
1572547128, 0, 742, 1001, 767, 159, 4.26%, 0, 0, 5, 1286.25
1572547168, 0, 748, 1001, 762, 155, 4.26%, 0, 0, 5, 1366.40
1572547219, 0, 754, 1001, 760, 153, 4.26%, 0, 0, 5, 1576.85
1572547224, 0, 757, 1002, 759, 151, 4.26%, 0, 0, 5, 1296.08
1572547229, 0, 757, 1004, 761, 151, 4.27%, 0, 0, 5, 1053.91
1572547270, 0, 757, 1006, 763, 151, 4.30%, 0, 0, 5, 1000.43
1572547275, 0, 757, 1025, 782, 151, 4.34%, 0, 0, 5, 1005.07
1572547280, 0, 757, 1029, 786, 151, 4.34%, 0, 0, 5, 1027.27
1572547337, 0, 757, 1033, 790, 151, 4.35%, 0, 0, 5, 1034.59
1572547388, 0, 757, 1034, 791, 151, 4.35%, 0, 0, 5, 1008.49
1572547408, 0, 757, 1037, 794, 151, 4.37%, 0, 0, 5, 1093.27
1572547418, 0, 757, 1039, 796, 151, 4.38%, 0, 0, 5, 1006.25
1572547423, 0, 757, 1041, 798, 151, 4.38%, 0, 0, 5, 1017.44
1572547428, 0, 757, 1043, 800, 151, 4.39%, 0, 0, 5, 1019.99
1572547433, 0, 757, 1045, 802, 151, 4.39%, 0, 0, 5, 1084.50
1572547449, 0, 757, 1047, 804, 151, 4.39%, 0, 0, 5, 1037.59
1572547454, 0, 757, 1048, 805, 151, 4.39%, 0, 0, 5, 928.34
1572547459, 0, 757, 1049, 806, 151, 4.39%, 0, 0, 5, 1025.72
1572547464, 0, 757, 1050, 807, 151, 4.39%, 0, 0, 5, 1062.98
1572547479, 0, 757, 1053, 810, 151, 4.39%, 0, 0, 5, 1092.23
1572547617, 0, 757, 1056, 813, 151, 4.40%, 0, 0, 5, 994.25
1572547648, 0, 757, 1057, 814, 151, 4.40%, 0, 0, 5, 1059.16
1572547679, 0, 757, 1058, 815, 151, 4.40%, 0, 0, 5, 1016.95
1572547684, 0, 757, 1059, 816, 151, 4.41%, 0, 0, 5, 1062.60
1572547730, 0, 761, 1060, 816, 172, 4.41%, 0, 0, 5, 1210.29
1572547776, 0, 761, 1061, 817, 172, 4.41%, 0, 0, 5, 1143.16
1572547893, 0, 761, 1062, 818, 172, 4.41%, 0, 0, 5, 1193.55
1572548036, 0, 761, 1063, 819, 172, 4.41%, 0, 0, 5, 2505.74
1572548056, 0, 766, 1064, 819, 170, 4.41%, 0, 0, 5, 2537.63
1572548077, 0, 766, 1065, 820, 170, 4.43%, 0, 0, 5, 2467.93
1572548241, 0, 766, 1066, 821, 170, 4.43%, 0, 0, 5, 2549.13
1572548261, 0, 771, 1066, 820, 171, 4.43%, 0, 0, 5, 2584.10
1572548282, 0, 771, 1067, 821, 171, 4.43%, 0, 0, 5, 2533.50
1572548461, 0, 779, 1067, 817, 168, 4.43%, 0, 0, 5, 2844.43
1572548466, 0, 791, 1067, 814, 165, 4.43%, 0, 0, 5, 2790.81
1572548537, 0, 803, 1067, 810, 161, 4.43%, 0, 0, 5, 2858.79
1572548553, 0, 805, 1068, 810, 160, 4.43%, 0, 0, 5, 2862.85
1572548589, 0, 805, 1069, 811, 160, 4.43%, 0, 0, 5, 2293.38
1572548656, 0, 805, 1070, 812, 160, 4.43%, 0, 0, 5, 2277.54
1572548692, 0, 805, 1078, 820, 160, 4.43%, 0, 0, 5, 2561.98
1572548702, 0, 807, 1078, 819, 160, 4.43%, 0, 0, 5, 2763.67
1572548722, 0, 808, 1079, 819, 159, 4.44%, 0, 0, 5, 2954.43
1572548727, 0, 813, 1082, 821, 160, 4.44%, 0, 0, 5, 2893.55
1572548732, 0, 813, 1083, 822, 160, 4.44%, 0, 0, 5, 2865.70
1572548748, 0, 814, 1084, 822, 162, 4.44%, 0, 0, 5, 2895.10
1572548753, 0, 816, 1084, 821, 161, 4.44%, 0, 0, 5, 2783.61
1572548768, 0, 816, 1085, 822, 161, 4.44%, 0, 0, 5, 2724.62
1572548906, 0, 818, 1087, 823, 161, 4.44%, 0, 0, 5, 2702.03
1572548922, 0, 818, 1088, 824, 161, 4.44%, 0, 0, 5, 2650.08
1572548927, 0, 818, 1089, 825, 161, 4.44%, 0, 0, 5, 2658.97
1572548948, 0, 818, 1090, 826, 161, 4.44%, 0, 0, 5, 2668.38
1572549075, 0, 822, 1092, 826, 161, 4.44%, 0, 0, 5, 2726.75
1572549091, 0, 822, 1093, 827, 161, 4.44%, 0, 0, 5, 2657.78
1572549096, 0, 822, 1094, 828, 161, 4.44%, 0, 0, 5, 2669.92
1572549244, 0, 823, 1096, 829, 162, 4.45%, 0, 0, 5, 2768.49
1572549265, 0, 823, 1097, 830, 162, 4.45%, 0, 0, 5, 2638.66
1572549270, 0, 823, 1098, 831, 162, 4.45%, 0, 0, 5, 2639.56
1572549418, 0, 824, 1100, 832, 162, 4.45%, 0, 0, 5, 2703.95
1572549439, 0, 824, 1102, 834, 162, 4.45%, 0, 0, 5, 2636.52
1572549592, 0, 825, 1103, 834, 163, 4.45%, 0, 0, 5, 2689.26
1572549613, 0, 825, 1104, 835, 163, 4.45%, 0, 0, 5, 2633.81
1572549771, 0, 826, 1105, 835, 163, 4.45%, 0, 0, 5, 2627.46
1572549787, 0, 826, 1106, 836, 163, 4.45%, 0, 0, 5, 2608.49
1572549951, 0, 833, 1106, 831, 159, 4.45%, 0, 0, 5, 2922.26
1572549971, 0, 833, 1108, 833, 159, 4.45%, 0, 0, 5, 2684.33
1572550095, 0, 836, 1108, 832, 159, 4.45%, 0, 0, 5, 2830.28
1572550120, 0, 836, 1109, 833, 159, 4.45%, 0, 0, 5, 2702.52
1572550217, 0, 836, 1110, 834, 159, 4.46%, 0, 0, 5, 2749.14
1572550238, 0, 837, 1110, 833, 160, 4.46%, 0, 0, 5, 2830.01
1572550259, 0, 837, 1111, 834, 160, 4.46%, 0, 0, 5, 2699.28
1572550264, 0, 837, 1112, 835, 160, 4.46%, 0, 0, 5, 2680.30
1572550382, 0, 839, 1112, 833, 159, 4.46%, 0, 0, 5, 2851.19
1572550403, 0, 839, 1113, 834, 159, 4.46%, 0, 0, 5, 2697.44
1572550423, 0, 839, 1114, 835, 159, 4.46%, 0, 0, 5, 2693.22
1572550525, 0, 840, 1114, 834, 160, 4.46%, 0, 0, 5, 2787.98
1572550531, 0, 841, 1114, 833, 159, 4.46%, 0, 0, 5, 2723.04
1572550541, 0, 841, 1117, 836, 159, 4.47%, 0, 0, 5, 2683.21
1572550546, 0, 841, 1118, 837, 159, 4.47%, 0, 0, 5, 2688.92
1572550551, 0, 841, 1122, 841, 159, 4.47%, 0, 0, 5, 2682.24
1572550571, 0, 841, 1127, 846, 159, 4.47%, 0, 0, 5, 2687.57
1572550592, 0, 841, 1129, 848, 159, 4.47%, 0, 0, 5, 2670.07
1572550612, 0, 841, 1135, 854, 159, 4.47%, 0, 0, 5, 2707.24
1572550653, 0, 841, 1137, 856, 159, 4.47%, 0, 0, 5, 2701.44
1572550658, 0, 841, 1138, 857, 159, 4.47%, 0, 0, 5, 2663.81
1572550678, 0, 843, 1138, 856, 163, 4.47%, 0, 0, 5, 2729.73
1572550822, 0, 849, 1151, 867, 161, 4.53%, 0, 0, 5, 2860.94
1572550827, 0, 859, 1159, 872, 163, 4.54%, 0, 0, 5, 2883.82
1572550832, 0, 859, 1160, 873, 163, 4.54%, 0, 0, 5, 2986.81
1572550837, 0, 868, 1161, 868, 160, 4.55%, 0, 0, 5, 2987.84
1572550842, 0, 868, 1162, 869, 160, 4.55%, 0, 0, 5, 2987.67
1572550847, 0, 872, 1164, 867, 158, 4.55%, 0, 0, 5, 2999.10
1572550852, 0, 873, 1167, 869, 159, 4.56%, 0, 0, 5, 3006.79
1572550857, 0, 875, 1170, 871, 160, 4.57%, 0, 0, 5, 2800.57
1572550873, 0, 875, 1171, 872, 160, 4.57%, 0, 0, 5, 2567.50
1572550878, 0, 875, 1176, 877, 160, 4.57%, 0, 0, 5, 2597.98
1572550929, 0, 875, 1177, 878, 160, 4.58%, 0, 0, 5, 2602.09
1572551057, 0, 887, 1177, 873, 157, 4.58%, 0, 0, 5, 2804.28
1572551077, 0, 887, 1178, 874, 157, 4.58%, 0, 0, 5, 2619.39
1572551251, 0, 898, 1179, 866, 150, 4.58%, 0, 0, 5, 2951.75
1572551256, 0, 908, 1180, 863, 146, 4.59%, 0, 0, 5, 2980.08
1572551261, 0, 912, 1182, 861, 144, 4.59%, 0, 0, 5, 2998.87
1572551266, 0, 913, 1183, 861, 144, 4.60%, 0, 0, 5, 3030.73
1572551271, 0, 914, 1185, 862, 145, 4.60%, 0, 0, 5, 2827.18
1572551276, 0, 914, 1187, 864, 145, 4.61%, 0, 0, 5, 2743.38
1572551297, 0, 916, 1187, 863, 148, 4.61%, 0, 0, 5, 2835.03
1572551405, 0, 919, 1187, 860, 145, 4.61%, 0, 0, 5, 2763.88
1572551415, 0, 919, 1188, 861, 145, 4.61%, 0, 0, 5, 2702.29
1572551649, 0, 921, 1188, 860, 145, 4.61%, 0, 0, 5, 1407.79
1572551669, 0, 921, 1191, 863, 145, 4.61%, 0, 0, 5, 1282.84
1572551690, 0, 921, 1194, 866, 145, 4.61%, 0, 0, 5, 1289.99
1572551796, 0, 921, 1196, 868, 145, 4.61%, 0, 0, 5, 1286.56
1572551949, 0, 924, 1199, 868, 143, 4.62%, 0, 0, 5, 1550.28
1572551990, 0, 924, 1202, 871, 143, 4.62%, 0, 0, 5, 1293.25
1572551995, 0, 924, 1203, 872, 143, 4.62%, 0, 0, 5, 1300.84
1572552041, 0, 924, 1204, 873, 143, 4.62%, 0, 0, 5, 1308.96
1572552096, 0, 924, 1206, 875, 143, 4.63%, 0, 0, 5, 1290.20
1572552249, 0, 928, 1207, 875, 148, 4.63%, 0, 0, 5, 1303.76
1572552254, 0, 937, 1207, 871, 144, 4.63%, 0, 0, 5, 1655.50
1572552300, 0, 937, 1210, 874, 144, 4.63%, 0, 0, 5, 1228.11
1572552305, 0, 937, 1213, 877, 144, 4.63%, 0, 0, 5, 1236.21
1572552412, 0, 937, 1214, 878, 144, 4.63%, 0, 0, 5, 1273.75
1572552432, 0, 937, 1216, 880, 144, 4.63%, 0, 0, 5, 699.31
1572552524, 0, 937, 1217, 881, 144, 4.63%, 0, 0, 5, 1253.55
1572552575, 0, 938, 1217, 880, 147, 4.63%, 0, 0, 5, 1333.22
1572552580, 0, 938, 1218, 881, 147, 4.63%, 0, 0, 5, 1277.80
1572552620, 0, 938, 1219, 882, 147, 4.63%, 0, 0, 5, 1209.39
1572552895, 0, 949, 1219, 878, 145, 4.63%, 0, 0, 5, 1641.53
1572552940, 0, 949, 1220, 879, 145, 4.63%, 0, 0, 5, 1216.25
1572553052, 0, 949, 1222, 881, 145, 4.65%, 0, 0, 5, 1259.38
1572553215, 0, 954, 1222, 880, 145, 4.65%, 0, 0, 5, 1305.78
1572553220, 0, 957, 1222, 878, 143, 4.65%, 0, 0, 5, 1399.18
1572553261, 0, 957, 1223, 879, 143, 4.65%, 0, 0, 5, 1254.73
1572553530, 0, 962, 1224, 879, 142, 4.65%, 0, 0, 5, 1328.75
1572553688, 0, 967, 1224, 876, 140, 4.65%, 0, 0, 5, 2900.40
1572553693, 0, 971, 1225, 873, 136, 4.65%, 0, 0, 6, 2718.64
1572553724, 0, 985, 1225, 866, 130, 4.65%, 0, 0, 6, 2824.93
1572553749, 0, 985, 1226, 867, 130, 4.65%, 0, 0, 6, 2667.40
1572553759, 0, 990, 1227, 863, 126, 4.65%, 0, 0, 6, 2788.94
1572553775, 0, 990, 1228, 864, 126, 4.65%, 0, 0, 6, 2839.54
1572553785, 0, 999, 1229, 856, 119, 4.65%, 0, 0, 6, 2646.65
1572553805, 0, 999, 1230, 857, 119, 4.65%, 0, 0, 6, 2569.21
1572553856, 0, 999, 1231, 858, 119, 4.65%, 0, 0, 6, 2558.84
1572553979, 0, 999, 1232, 859, 119, 4.65%, 0, 0, 6, 2593.73
1572553984, 0, 1000, 1233, 859, 120, 4.65%, 0, 0, 6, 2690.90
1572554015, 0, 1019, 1234, 856, 116, 4.65%, 0, 0, 6, 2547.70
1572554040, 0, 1019, 1237, 859, 116, 4.65%, 0, 0, 6, 2155.14
1572554066, 0, 1019, 1239, 861, 116, 4.65%, 0, 0, 6, 2121.51
1572554102, 0, 1019, 1240, 862, 116, 4.66%, 0, 0, 6, 2225.84
1572554112, 0, 1019, 1241, 863, 116, 4.66%, 0, 0, 6, 2177.74
1572554122, 0, 1019, 1242, 864, 116, 4.66%, 0, 0, 6, 2198.71
1572554249, 0, 1026, 1242, 863, 116, 4.66%, 0, 0, 6, 2352.20
1572554254, 0, 1028, 1242, 862, 115, 4.66%, 0, 0, 6, 2277.02
1572554275, 0, 1028, 1243, 863, 115, 4.66%, 0, 0, 6, 2173.81
1572554306, 0, 1028, 1244, 864, 115, 4.66%, 0, 0, 6, 2195.58
1572554489, 0, 1041, 1244, 859, 111, 4.66%, 0, 0, 6, 2774.82
1572554494, 0, 1041, 1247, 862, 111, 4.66%, 0, 0, 6, 2498.65
1572554515, 0, 1041, 1259, 874, 111, 4.66%, 0, 0, 6, 2443.60
1572554535, 0, 1041, 1261, 876, 111, 4.66%, 0, 0, 6, 2441.68
1572554561, 0, 1041, 1262, 877, 111, 4.66%, 0, 0, 6, 2451.78
1572554566, 0, 1041, 1263, 878, 111, 4.66%, 0, 0, 6, 2486.07
1572554571, 0, 1041, 1264, 879, 111, 4.66%, 0, 0, 6, 2453.07
1572554587, 0, 1041, 1265, 880, 111, 4.66%, 0, 0, 6, 2439.19
1572554592, 0, 1041, 1266, 881, 111, 4.66%, 0, 0, 6, 2450.94
1572554658, 0, 1041, 1267, 882, 111, 4.66%, 0, 0, 6, 2482.34
1572554668, 0, 1041, 1269, 884, 111, 4.66%, 0, 0, 6, 2470.07
1572554684, 0, 1041, 1270, 885, 111, 4.66%, 0, 0, 6, 2500.68
1572554694, 0, 1041, 1272, 887, 111, 4.66%, 0, 0, 6, 2495.72
1572554704, 0, 1048, 1272, 883, 113, 4.66%, 0, 0, 6, 2830.57
1572554709, 0, 1050, 1272, 882, 112, 4.66%, 0, 0, 6, 2371.86
1572554730, 0, 1050, 1273, 883, 112, 4.66%, 0, 0, 6, 2136.23
1572554786, 0, 1050, 1274, 884, 112, 4.66%, 0, 0, 6, 2167.72
1572554806, 0, 1050, 1275, 885, 112, 4.66%, 0, 0, 6, 2272.78
1572554827, 0, 1050, 1276, 886, 112, 4.66%, 0, 0, 6, 2268.15
1572554943, 0, 1052, 1276, 885, 114, 4.66%, 0, 0, 6, 2288.46
1572554969, 0, 1052, 1277, 886, 114, 4.66%, 0, 0, 6, 2196.02
1572555174, 0, 1062, 1277, 884, 113, 4.66%, 0, 0, 6, 2544.62
1572555179, 0, 1062, 1278, 885, 113, 4.66%, 0, 0, 6, 2402.77
1572555199, 0, 1062, 1280, 887, 113, 4.66%, 0, 0, 6, 2354.26
1572555255, 0, 1062, 1281, 888, 113, 4.66%, 0, 0, 6, 2407.94
1572555266, 0, 1062, 1282, 889, 113, 4.67%, 0, 0, 6, 2282.56
1572555352, 0, 1062, 1283, 890, 113, 4.67%, 0, 0, 6, 2335.72
1572555387, 0, 1062, 1284, 891, 113, 4.67%, 0, 0, 6, 2570.00
1572555392, 0, 1064, 1285, 891, 114, 4.67%, 0, 0, 6, 1611.99
1572555444, 0, 1064, 1288, 894, 114, 4.67%, 0, 0, 6, 895.83
1572555449, 0, 1064, 1289, 895, 114, 4.67%, 0, 0, 6, 1016.38
1572555454, 0, 1064, 1300, 906, 114, 4.70%, 0, 0, 6, 1026.70
1572555520, 0, 1064, 1304, 910, 114, 4.73%, 0, 0, 6, 956.95
1572555582, 0, 1064, 1308, 914, 114, 4.73%, 0, 0, 6, 966.37
1572555663, 0, 1064, 1315, 921, 114, 4.73%, 0, 0, 6, 958.29
1572555774, 0, 1064, 1316, 922, 114, 4.73%, 0, 0, 6, 1066.96
1572555795, 0, 1064, 1323, 929, 114, 4.73%, 0, 0, 6, 1076.68
1572555830, 0, 1064, 1325, 931, 114, 4.75%, 0, 0, 6, 1230.54
1572555897, 0, 1065, 1332, 937, 124, 4.75%, 0, 0, 6, 1984.26
1572555917, 0, 1065, 1333, 938, 124, 4.75%, 0, 0, 6, 2612.00
1572555974, 0, 1065, 1334, 939, 124, 4.75%, 0, 0, 6, 2607.49
1572556096, 0, 1069, 1334, 937, 124, 4.75%, 0, 0, 6, 2497.20
1572556245, 0, 1075, 1334, 936, 123, 4.75%, 0, 0, 6, 2364.59
1572556250, 0, 1075, 1335, 937, 123, 4.75%, 0, 0, 6, 2275.50
1572556445, 0, 1079, 1338, 939, 123, 4.75%, 0, 0, 6, 2878.52
1572556450, 0, 1080, 1339, 939, 124, 4.75%, 0, 0, 6, 2852.66
1572556470, 0, 1084, 1339, 936, 122, 4.75%, 0, 0, 6, 2889.69
1572556476, 0, 1107, 1339, 927, 113, 4.75%, 0, 0, 6, 3131.25
1572556496, 0, 1107, 1341, 929, 113, 4.75%, 0, 0, 6, 2703.10
1572556547, 0, 1107, 1342, 930, 113, 4.75%, 0, 0, 6, 2710.60
1572556598, 0, 1107, 1344, 932, 113, 4.75%, 0, 0, 6, 2705.75
1572556604, 0, 1107, 1345, 933, 113, 4.75%, 0, 0, 6, 2686.08
1572556624, 0, 1111, 1345, 931, 114, 4.75%, 0, 0, 6, 2752.15
1572556691, 0, 1111, 1346, 932, 114, 4.75%, 0, 0, 6, 2653.72
1572556706, 0, 1111, 1347, 933, 114, 4.75%, 0, 0, 6, 2721.66
1572556757, 0, 1111, 1348, 934, 114, 4.76%, 0, 0, 6, 2691.58
1572556772, 0, 1112, 1349, 934, 115, 4.76%, 0, 0, 6, 2724.98
1572556793, 0, 1112, 1350, 935, 115, 4.76%, 0, 0, 6, 2567.09
1572556798, 0, 1112, 1351, 936, 115, 4.76%, 0, 0, 6, 2568.14
1572556844, 0, 1112, 1352, 937, 115, 4.76%, 0, 0, 6, 2510.32
1572556849, 0, 1112, 1353, 938, 115, 4.76%, 0, 0, 6, 2521.51
1572556859, 0, 1112, 1355, 940, 115, 4.76%, 0, 0, 6, 2553.94
1572556900, 0, 1112, 1356, 941, 115, 4.76%, 0, 0, 6, 2505.92
1572556910, 0, 1112, 1357, 942, 115, 4.76%, 0, 0, 6, 2545.33
1572556936, 0, 1114, 1357, 940, 112, 4.76%, 0, 0, 6, 1427.82
1572556976, 0, 1114, 1359, 942, 112, 4.81%, 0, 0, 6, 1255.65
1572556981, 0, 1114, 1360, 943, 112, 4.81%, 0, 0, 6, 1235.29
1572557032, 0, 1114, 1363, 946, 112, 4.81%, 0, 0, 6, 1229.80
1572557083, 0, 1114, 1364, 947, 112, 4.82%, 0, 0, 6, 1192.15
1572557113, 0, 1114, 1365, 948, 112, 4.82%, 0, 0, 6, 679.04
1572557261, 0, 1115, 1365, 947, 116, 4.82%, 0, 0, 6, 1308.76
1572557352, 0, 1115, 1366, 948, 116, 4.82%, 0, 0, 6, 1214.01
1572557438, 0, 1115, 1367, 949, 116, 4.82%, 0, 0, 6, 610.13
1572557585, 0, 1116, 1367, 948, 115, 4.82%, 0, 0, 6, 1321.45
1572557676, 0, 1116, 1368, 949, 115, 4.82%, 0, 0, 6, 1235.39
1572557727, 0, 1116, 1369, 950, 115, 4.82%, 0, 0, 6, 1226.32
1572557910, 0, 1124, 1369, 949, 115, 4.82%, 0, 0, 6, 1413.34
1572557915, 0, 1127, 1369, 948, 114, 4.82%, 0, 0, 6, 1308.62
1572557960, 0, 1127, 1370, 949, 114, 4.83%, 0, 0, 6, 1205.47
1572558239, 0, 1127, 1371, 950, 114, 4.83%, 0, 0, 6, 1235.36
1572558244, 0, 1130, 1371, 948, 113, 4.83%, 0, 0, 6, 1525.24
1572558574, 0, 1135, 1371, 947, 112, 4.83%, 0, 0, 6, 1284.17
1572558579, 0, 1143, 1375, 948, 109, 4.83%, 0, 0, 6, 1393.61
1572558584, 0, 1143, 1381, 954, 109, 4.85%, 0, 0, 6, 1343.41
1572558599, 0, 1144, 1396, 968, 112, 4.87%, 0, 0, 6, 1323.28
1572558604, 0, 1152, 1401, 970, 118, 4.88%, 0, 0, 6, 1354.67
1572558609, 0, 1161, 1404, 967, 113, 4.88%, 0, 0, 6, 1365.33
1572558620, 0, 1161, 1405, 968, 113, 4.89%, 0, 0, 6, 1388.02
1572558630, 0, 1162, 1407, 969, 114, 4.89%, 0, 0, 6, 1411.89
1572558640, 0, 1163, 1408, 969, 115, 4.89%, 0, 0, 6, 1410.13
1572558650, 0, 1176, 1408, 963, 110, 4.89%, 0, 0, 6, 1486.45
1572558696, 0, 1176, 1411, 966, 110, 4.89%, 0, 0, 6, 1184.51
1572558701, 0, 1176, 1412, 967, 110, 4.89%, 0, 0, 6, 1168.13
1572559081, 0, 1179, 1412, 965, 111, 4.89%, 0, 0, 6, 1389.10
1572559092, 0, 1183, 1412, 961, 107, 4.89%, 0, 0, 6, 1434.77
1572559102, 0, 1183, 1413, 962, 107, 4.89%, 0, 0, 6, 1414.92
1572559107, 0, 1185, 1414, 961, 105, 4.89%, 0, 0, 6, 1292.27
1572559168, 0, 1196, 1415, 958, 102, 4.89%, 0, 0, 6, 2240.97
1572559189, 0, 1196, 1418, 961, 102, 4.89%, 0, 0, 6, 2649.57
1572559194, 0, 1196, 1419, 962, 102, 4.89%, 0, 0, 6, 2659.96
1572559214, 0, 1196, 1420, 963, 102, 4.89%, 0, 0, 6, 2668.26
1572559240, 0, 1196, 1421, 964, 102, 4.89%, 0, 0, 6, 2719.19
1572559255, 0, 1196, 1422, 965, 102, 4.89%, 0, 0, 6, 2747.08
1572559312, 0, 1197, 1423, 965, 103, 4.89%, 0, 0, 6, 2821.08
1572559333, 0, 1197, 1427, 969, 103, 4.90%, 0, 0, 6, 2754.29
1572559379, 0, 1197, 1428, 970, 103, 4.90%, 0, 0, 6, 2764.23
1572559456, 0, 1208, 1430, 968, 101, 4.90%, 0, 0, 6, 2933.06
1572559476, 0, 1208, 1433, 971, 101, 4.90%, 0, 0, 6, 2596.10
1572559609, 0, 1225, 1433, 965, 96, 4.90%, 0, 0, 6, 2924.39
1572559644, 0, 1227, 1434, 964, 94, 4.90%, 0, 0, 7, 2789.15
1572559649, 0, 1227, 1435, 965, 94, 4.90%, 0, 0, 7, 2832.73
1572559665, 0, 1231, 1435, 963, 94, 4.90%, 0, 0, 7, 2906.22
1572559670, 0, 1231, 1436, 964, 94, 4.90%, 0, 0, 7, 2622.54
1572559869, 0, 1266, 1437, 961, 91, 4.90%, 0, 0, 7, 2511.51
1572559961, 0, 1266, 1438, 962, 91, 4.90%, 0, 0, 7, 2312.59
1572560094, 0, 1274, 1438, 958, 88, 4.90%, 0, 0, 7, 2598.58
1572560120, 0, 1274, 1439, 959, 88, 4.90%, 0, 0, 7, 2153.10
1572560329, 0, 1275, 1439, 958, 88, 4.90%, 0, 0, 7, 2480.70
1572560568, 0, 1283, 1439, 955, 85, 4.90%, 0, 0, 7, 2728.00
1572560593, 0, 1283, 1440, 956, 85, 4.90%, 0, 0, 7, 2354.86
1572560650, 0, 1283, 1441, 957, 85, 4.90%, 0, 0, 7, 2379.52
1572560675, 0, 1283, 1442, 958, 85, 4.90%, 0, 0, 7, 2387.07
1572560680, 0, 1283, 1443, 959, 85, 4.90%, 0, 0, 7, 2408.76
1572560782, 0, 1300, 1443, 955, 84, 4.90%, 0, 0, 7, 2822.65
1572560787, 0, 1300, 1444, 956, 84, 4.90%, 0, 0, 7, 1649.73
1572560822, 0, 1300, 1446, 958, 84, 4.90%, 0, 0, 7, 1396.78
1572560868, 0, 1300, 1447, 959, 84, 4.90%, 0, 0, 7, 1402.53
1572561067, 0, 1300, 1448, 960, 84, 4.90%, 0, 0, 7, 1454.84
1572561072, 0, 1300, 1449, 961, 84, 4.90%, 0, 0, 7, 1419.78
1572561143, 0, 1303, 1449, 960, 85, 4.90%, 0, 0, 7, 2022.47
1572561148, 0, 1328, 1449, 954, 79, 4.90%, 0, 0, 7, 2642.86
1572561312, 0, 1328, 1450, 955, 79, 4.90%, 0, 0, 7, 2451.24
1572561327, 0, 1328, 1453, 958, 79, 4.90%, 0, 0, 7, 2441.52
1572561353, 0, 1328, 1456, 961, 79, 4.90%, 0, 0, 7, 2504.50
1572561358, 0, 1342, 1456, 954, 74, 4.90%, 0, 0, 7, 2448.70
1572561388, 0, 1342, 1457, 955, 74, 4.90%, 0, 0, 7, 1680.79
1572561582, 0, 1344, 1457, 954, 71, 4.90%, 0, 0, 7, 2039.35
1572561602, 0, 1344, 1459, 956, 71, 4.90%, 0, 0, 7, 2554.30
1572561607, 0, 1344, 1460, 957, 71, 4.90%, 0, 0, 7, 2571.66
1572561628, 0, 1344, 1461, 958, 71, 4.90%, 0, 0, 7, 2568.47
1572561746, 0, 1347, 1461, 957, 71, 4.90%, 0, 0, 7, 2565.42
1572561766, 0, 1347, 1462, 958, 71, 4.91%, 0, 0, 7, 2560.72
1572561899, 0, 1352, 1462, 955, 69, 4.91%, 0, 0, 7, 2839.25
1572561919, 0, 1352, 1463, 956, 69, 4.91%, 0, 0, 7, 2584.70
1572562053, 0, 1361, 1464, 954, 69, 4.91%, 0, 0, 7, 2889.03
1572562058, 0, 1364, 1464, 951, 66, 4.91%, 0, 0, 7, 2705.44
1572562073, 0, 1364, 1465, 952, 66, 4.91%, 0, 0, 7, 2474.16
1572562078, 0, 1364, 1479, 966, 66, 4.94%, 0, 0, 7, 2488.64
1572562094, 0, 1364, 1480, 967, 66, 4.94%, 0, 0, 7, 2469.02
1572562104, 0, 1364, 1482, 969, 66, 4.94%, 0, 0, 7, 2484.16
1572562130, 0, 1364, 1485, 972, 66, 4.95%, 0, 0, 7, 2506.13
1572562140, 0, 1364, 1488, 975, 66, 4.96%, 0, 0, 7, 2515.30
1572562145, 0, 1364, 1489, 976, 66, 4.96%, 0, 0, 7, 2530.91
1572562155, 0, 1364, 1490, 977, 66, 4.96%, 0, 0, 7, 2426.49
1572562160, 0, 1364, 1491, 978, 66, 4.96%, 0, 0, 7, 2521.76
1572562217, 0, 1364, 1492, 979, 66, 4.96%, 0, 0, 7, 2522.48
1572562222, 0, 1364, 1493, 980, 66, 4.96%, 0, 0, 7, 2462.25
1572562268, 0, 1366, 1493, 979, 85, 4.96%, 0, 0, 7, 2625.92
1572562273, 0, 1370, 1493, 977, 83, 4.96%, 0, 0, 7, 2718.48
1572562288, 0, 1370, 1494, 978, 83, 4.96%, 0, 0, 7, 2649.91
1572562293, 0, 1370, 1495, 979, 83, 4.96%, 0, 0, 7, 2643.98
1572562355, 0, 1370, 1496, 980, 83, 4.96%, 0, 0, 7, 2633.12
1572562426, 0, 1409, 1513, 982, 79, 4.98%, 0, 0, 7, 2733.33
1572562431, 0, 1418, 1514, 978, 75, 4.99%, 0, 0, 7, 2747.80
1572562452, 0, 1418, 1518, 982, 75, 4.99%, 0, 0, 7, 2650.48
1572562503, 0, 1418, 1519, 983, 75, 4.99%, 0, 0, 7, 1988.42
1572562661, 0, 1420, 1519, 981, 75, 4.99%, 0, 0, 7, 1444.41
1572562666, 0, 1421, 1520, 981, 74, 4.99%, 0, 0, 7, 1352.79
1572562706, 0, 1421, 1523, 984, 74, 4.99%, 0, 0, 7, 1239.54
1572562712, 0, 1421, 1524, 985, 74, 4.99%, 0, 0, 7, 1251.30
1572562814, 0, 1421, 1525, 986, 74, 4.99%, 0, 0, 7, 1252.45
1572562977, 0, 1426, 1525, 985, 77, 4.99%, 0, 0, 7, 1365.98
1572563018, 0, 1426, 1528, 988, 77, 4.99%, 0, 0, 7, 1248.61
1572563125, 0, 1426, 1529, 989, 77, 4.99%, 0, 0, 7, 1231.48
1572563304, 0, 1428, 1531, 990, 77, 4.99%, 0, 0, 7, 1273.15
1572563350, 0, 1428, 1533, 992, 77, 4.99%, 0, 0, 7, 1154.71
1572563355, 0, 1428, 1536, 995, 77, 4.99%, 0, 0, 7, 1127.96
1572563406, 0, 1428, 1537, 996, 77, 4.99%, 0, 0, 7, 1142.93
1572563467, 0, 1428, 1538, 997, 77, 4.99%, 0, 0, 7, 1169.31
1572563686, 0, 1431, 1538, 995, 78, 4.99%, 0, 0, 7, 1400.87
1572564024, 0, 1432, 1539, 995, 77, 4.99%, 0, 0, 7, 1291.69
1572564069, 0, 1432, 1542, 998, 77, 4.99%, 0, 0, 7, 1199.66
1572564359, 0, 1438, 1542, 992, 73, 4.99%, 0, 0, 7, 1570.55
1572564364, 0, 1454, 1542, 988, 69, 4.99%, 0, 0, 7, 1722.62
1572564466, 0, 1454, 1544, 990, 69, 4.99%, 0, 0, 8, 554.62
1572564471, 0, 1454, 1545, 991, 69, 4.99%, 0, 0, 8, 568.80
1572564476, 0, 1454, 1547, 993, 69, 4.99%, 0, 0, 8, 555.62
1572564481, 0, 1454, 1550, 996, 69, 4.99%, 0, 0, 8, 548.24
1572564592, 0, 1454, 1551, 997, 69, 4.99%, 0, 0, 8, 574.21
1572564709, 0, 1454, 1552, 998, 69, 4.99%, 0, 0, 8, 594.97
1572565137, 0, 1456, 1552, 996, 67, 4.99%, 0, 0, 8, 1560.98
1572565142, 0, 1456, 1554, 998, 67, 5.00%, 0, 0, 8, 1173.32
1572565147, 0, 1456, 1555, 999, 67, 5.00%, 0, 0, 8, 1084.06
1572565183, 0, 1456, 1558, 1002, 67, 5.00%, 0, 0, 8, 1163.67
1572565188, 0, 1456, 1561, 1005, 67, 5.00%, 0, 0, 8, 1206.25
1572565336, 0, 1456, 1562, 1006, 67, 5.00%, 0, 0, 8, 1246.44
1572565347, 0, 1456, 1564, 1008, 67, 5.00%, 0, 0, 8, 1304.42
1572565362, 0, 1456, 1565, 1009, 67, 5.00%, 0, 0, 8, 1200.93
1572565525, 0, 1456, 1566, 1010, 67, 5.00%, 0, 0, 8, 1316.30
1572565601, 0, 1457, 1566, 1009, 76, 5.00%, 0, 0, 8, 1898.28
1572565627, 0, 1457, 1569, 1012, 76, 5.00%, 0, 0, 8, 2273.44
1572565678, 0, 1457, 1570, 1013, 76, 5.01%, 0, 0, 8, 2290.79
1572565683, 0, 1457, 1571, 1014, 76, 5.01%, 0, 0, 8, 2280.44
1572565704, 0, 1457, 1572, 1015, 76, 5.01%, 0, 0, 8, 2585.00
1572565785, 0, 1457, 1573, 1016, 76, 5.01%, 0, 0, 8, 2337.95
1572565836, 0, 1462, 1573, 1013, 76, 5.01%, 0, 0, 8, 2603.87
1572565856, 0, 1462, 1574, 1014, 76, 5.01%, 0, 0, 8, 2306.61
1572565861, 0, 1462, 1575, 1015, 76, 5.01%, 0, 0, 8, 2322.45
1572565887, 0, 1462, 1576, 1016, 76, 5.01%, 0, 0, 8, 2326.99
1572565913, 0, 1462, 1577, 1017, 76, 5.01%, 0, 0, 8, 2303.46
1572565939, 0, 1462, 1578, 1018, 76, 5.01%, 0, 0, 8, 2585.14
1572566061, 0, 1470, 1578, 1014, 75, 5.01%, 0, 0, 8, 2769.30
1572566139, 0, 1470, 1579, 1015, 75, 5.01%, 0, 0, 8, 2484.96
1572566276, 0, 1476, 1579, 1012, 73, 5.01%, 0, 0, 8, 2820.46
1572566281, 0, 1487, 1579, 1003, 64, 5.01%, 0, 0, 8, 3103.61
1572566287, 0, 1491, 1579, 1001, 62, 5.01%, 0, 0, 8, 2495.44
1572566307, 0, 1491, 1580, 1002, 62, 5.01%, 0, 0, 8, 2214.83
1572566369, 0, 1491, 1581, 1003, 62, 5.01%, 0, 0, 8, 2308.89
1572566399, 0, 1491, 1582, 1004, 62, 5.01%, 0, 0, 8, 2331.38
1572566521, 0, 1498, 1585, 1001, 58, 5.01%, 0, 0, 8, 2789.63
1572566527, 0, 1514, 1600, 1003, 52, 5.01%, 0, 0, 8, 2870.72
1572566532, 0, 1520, 1604, 1004, 53, 5.01%, 0, 0, 8, 2950.39
1572566537, 0, 1535, 1607, 1001, 49, 5.01%, 0, 0, 8, 3006.38
1572566542, 0, 1539, 1612, 1003, 48, 5.01%, 0, 0, 8, 2970.18
1572566547, 0, 1552, 1613, 998, 43, 5.01%, 0, 0, 9, 2559.28
1572566593, 0, 1552, 1614, 999, 43, 5.02%, 0, 0, 9, 1103.22
1572566716, 0, 1552, 1615, 1000, 43, 5.02%, 0, 0, 9, 1198.11
1572567016, 0, 1553, 1615, 999, 45, 5.02%, 0, 0, 9, 1495.28
1572567062, 0, 1553, 1616, 1000, 45, 5.02%, 0, 0, 9, 1156.38
1572567185, 0, 1553, 1617, 1001, 45, 5.02%, 0, 0, 9, 1280.42
1572567484, 0, 1555, 1617, 1000, 44, 5.02%, 0, 0, 9, 1726.91
1572567489, 0, 1569, 1617, 992, 36, 5.02%, 0, 0, 9, 2886.00
1572567515, 0, 1569, 1620, 995, 36, 5.02%, 0, 0, 9, 2258.96
1572567571, 0, 1569, 1621, 996, 36, 5.02%, 0, 0, 9, 2257.18
1572567723, 0, 1571, 1621, 995, 37, 5.02%, 0, 0, 9, 2599.22
1572567748, 0, 1571, 1622, 996, 37, 5.02%, 0, 0, 9, 2206.76
1572567962, 0, 1572, 1622, 995, 37, 5.02%, 0, 0, 9, 2602.54
1572568371, 0, 1574, 1622, 994, 36, 5.02%, 0, 0, 9, 1250.76
1572568554, 0, 1574, 1623, 995, 36, 5.02%, 0, 0, 9, 1069.44
1572568880, 0, 1578, 1623, 992, 34, 5.02%, 0, 0, 9, 1541.72
1572568885, 0, 1581, 1623, 990, 32, 5.02%, 0, 0, 9, 1298.58
1572568936, 0, 1581, 1624, 991, 32, 5.02%, 0, 0, 9, 950.31
1572569439, 0, 1588, 1635, 999, 33, 5.03%, 0, 0, 9, 1264.14
1572569445, 0, 1594, 1639, 1001, 33, 5.03%, 0, 0, 9, 1284.70
1572569450, 0, 1598, 1641, 1002, 32, 5.03%, 0, 0, 9, 1339.74
1572569470, 0, 1598, 1650, 1011, 32, 5.03%, 0, 0, 9, 1244.40
1572569490, 0, 1598, 1651, 1012, 32, 5.03%, 0, 0, 9, 1230.94
1572569500, 0, 1598, 1652, 1013, 32, 5.03%, 0, 0, 9, 1219.03
1572569546, 0, 1598, 1653, 1014, 32, 5.03%, 0, 0, 9, 1237.38
1572569602, 0, 1598, 1655, 1016, 32, 5.03%, 0, 0, 9, 1257.89
1572569780, 0, 1599, 1655, 1015, 42, 5.03%, 0, 0, 9, 1373.79
1572570085, 0, 1602, 1658, 1017, 41, 5.03%, 0, 0, 9, 1310.44
1572570100, 0, 1602, 1663, 1022, 41, 5.03%, 0, 0, 9, 1226.44
1572570131, 0, 1602, 1664, 1023, 41, 5.03%, 0, 0, 9, 1245.71
1572570182, 0, 1602, 1665, 1024, 41, 5.03%, 0, 0, 9, 1248.77
1572570232, 0, 1602, 1666, 1025, 41, 5.03%, 0, 0, 9, 1261.56
1572570237, 0, 1602, 1668, 1027, 41, 5.03%, 0, 0, 9, 1251.72
1572570395, 0, 1605, 1668, 1026, 40, 5.03%, 0, 0, 9, 1292.11
1572570401, 0, 1605, 1669, 1027, 40, 5.03%, 0, 0, 9, 1244.66
1572570416, 0, 1605, 1671, 1029, 40, 5.03%, 0, 0, 9, 1218.47
1572570446, 0, 1605, 1672, 1030, 40, 5.03%, 0, 0, 9, 1231.88
1572570492, 0, 1605, 1673, 1031, 40, 5.03%, 0, 0, 9, 1237.21
1572570553, 0, 1605, 1675, 1033, 40, 5.03%, 0, 0, 9, 1235.37
1572570686, 0, 1606, 1678, 1035, 41, 5.03%, 0, 0, 9, 2657.98
1572570706, 0, 1606, 1679, 1036, 41, 5.03%, 0, 0, 9, 2641.47
1572570711, 0, 1606, 1681, 1038, 41, 5.03%, 0, 0, 9, 2659.18
1572570732, 0, 1606, 1682, 1039, 41, 5.03%, 0, 0, 9, 2649.38
1572570758, 0, 1606, 1683, 1040, 41, 5.03%, 0, 0, 9, 2651.33
1572570839, 0, 1610, 1683, 1039, 39, 5.03%, 0, 0, 9, 2782.48
1572570849, 0, 1610, 1687, 1043, 39, 5.03%, 0, 0, 9, 2730.85
1572570957, 0, 1610, 1688, 1044, 39, 5.03%, 0, 0, 9, 2744.25
1572570967, 0, 1611, 1688, 1043, 40, 5.03%, 0, 0, 9, 2746.76
1572571091, 0, 1612, 1688, 1042, 39, 5.03%, 0, 0, 9, 2152.69
1572571121, 0, 1612, 1690, 1044, 39, 5.03%, 0, 0, 10, 1736.48
1572571126, 0, 1612, 1694, 1048, 39, 5.03%, 0, 0, 10, 1692.84
1572571162, 0, 1612, 1696, 1050, 39, 5.03%, 0, 0, 10, 1670.91
1572571193, 0, 1612, 1698, 1052, 39, 5.03%, 0, 0, 10, 1738.00
1572571198, 0, 1612, 1700, 1054, 39, 5.03%, 0, 0, 10, 1709.28
1572571203, 0, 1612, 1702, 1056, 39, 5.03%, 0, 0, 10, 1726.08
1572571244, 0, 1612, 1703, 1057, 39, 5.03%, 0, 0, 10, 1760.25
1572571401, 0, 1620, 1703, 1054, 42, 5.03%, 0, 0, 10, 2512.42
1572571406, 0, 1641, 1716, 1056, 35, 5.03%, 0, 0, 10, 2859.74
1572571560, 0, 1663, 1716, 1055, 34, 5.03%, 0, 0, 10, 2799.91
1572571704, 0, 1669, 1716, 1052, 31, 5.03%, 0, 0, 10, 2828.86
1572571848, 0, 1671, 1716, 1051, 30, 5.03%, 0, 0, 10, 2830.65
1572571992, 0, 1680, 1716, 1048, 27, 5.03%, 0, 0, 10, 2898.55
1572571997, 0, 1680, 1717, 1049, 27, 5.03%, 0, 0, 10, 2701.50
1572572017, 0, 1680, 1718, 1050, 27, 5.03%, 0, 0, 10, 2652.86
1572572150, 0, 1683, 1718, 1048, 26, 5.03%, 0, 0, 10, 2780.71
1572572278, 0, 1685, 1718, 1047, 25, 5.03%, 0, 0, 10, 2751.81
1572572401, 0, 1686, 1718, 1046, 24, 5.03%, 0, 0, 10, 2793.25
1572572406, 0, 1688, 1722, 1049, 23, 5.03%, 0, 0, 11, 1664.93
1572572447, 0, 1688, 1725, 1052, 23, 5.03%, 0, 0, 11, 1121.87
1572572452, 0, 1688, 1733, 1060, 23, 5.03%, 0, 0, 11, 1216.31
1572572457, 0, 1688, 1739, 1066, 23, 5.03%, 0, 0, 11, 1162.37
1572572508, 0, 1688, 1740, 1067, 23, 5.03%, 0, 0, 11, 1193.76
1572572554, 0, 1688, 1741, 1068, 23, 5.03%, 0, 0, 11, 1247.31
1572572559, 0, 1688, 1742, 1069, 23, 5.03%, 0, 0, 11, 1184.97
1572572596, 0, 1688, 1743, 1070, 23, 5.05%, 0, 0, 11, 1336.66
1572572631, 0, 1688, 1744, 1071, 23, 5.05%, 0, 0, 11, 1816.60
1572572738, 0, 1688, 1745, 1072, 23, 5.05%, 0, 0, 11, 1215.26
1572572814, 0, 1688, 1746, 1073, 23, 5.05%, 0, 0, 11, 1395.24
1572572835, 0, 1688, 1747, 1074, 23, 5.05%, 0, 0, 11, 1340.28
1572572850, 0, 1695, 1748, 1073, 38, 5.05%, 0, 0, 11, 1915.04
1572572881, 0, 1695, 1750, 1075, 38, 5.05%, 0, 0, 11, 1740.10
1572572886, 0, 1695, 1752, 1077, 38, 5.05%, 0, 0, 11, 1695.00
1572572952, 0, 1695, 1754, 1079, 38, 5.05%, 0, 0, 11, 1710.79
1572572958, 0, 1695, 1756, 1081, 38, 5.05%, 0, 0, 11, 1836.39
1572572963, 0, 1695, 1757, 1082, 38, 5.05%, 0, 0, 11, 1718.39
1572573150, 0, 1714, 1762, 1081, 40, 5.05%, 0, 0, 11, 2634.82
1572573156, 0, 1717, 1763, 1081, 41, 5.05%, 0, 0, 11, 2646.64
1572573171, 0, 1717, 1764, 1082, 41, 5.05%, 0, 0, 11, 2638.22
1572573176, 0, 1717, 1765, 1083, 41, 5.05%, 0, 0, 11, 2600.69
1572573315, 0, 1730, 1765, 1077, 39, 5.05%, 0, 0, 11, 3040.23
1572573320, 0, 1734, 1765, 1074, 36, 5.05%, 0, 0, 11, 1890.56
1572573366, 0, 1734, 1766, 1075, 36, 5.05%, 0, 0, 12, 1232.18
1572573494, 0, 1734, 1767, 1076, 36, 5.05%, 0, 0, 12, 1110.42
1572573774, 0, 1735, 1767, 1075, 36, 5.05%, 0, 0, 12, 1888.67
1572573779, 0, 1743, 1768, 1069, 30, 5.05%, 0, 0, 12, 2749.31
1572573784, 0, 1743, 1770, 1071, 30, 5.05%, 0, 0, 12, 1456.84
1572574787, 0, 1746, 1770, 1069, 30, 5.05%, 0, 0, 12, 1311.56
1572574792, 0, 1752, 1770, 1065, 26, 5.05%, 0, 0, 12, 1546.01
1572574797, 0, 1764, 1770, 1059, 20, 5.05%, 0, 0, 12, 1589.22
1572574802, 0, 1768, 1770, 1056, 17, 5.05%, 0, 0, 12, 1626.12
1572574807, 1, 364, 1770, 1053, 15, 5.05%, 0, 0, 12, 1476.47
1572575270, 1, 960, 1770, 1046, 11, 5.05%, 0, 0, 12, 1596.73
1572575275, 1, 1212, 1770, 1044, 9, 5.05%, 0, 0, 12, 1337.19
1572575321, 1, 1212, 1771, 1045, 9, 5.05%, 0, 0, 12, 1136.75
1572575326, 1, 1212, 1772, 1046, 9, 5.05%, 0, 0, 12, 1124.20
1572575372, 1, 1212, 1773, 1047, 9, 5.05%, 0, 0, 12, 1137.33
1572575632, 1, 1229, 1773, 1046, 11, 5.05%, 0, 0, 12, 1350.63
1572576095, 1, 1251, 1773, 1045, 11, 5.05%, 0, 0, 12, 1295.78
1572576487, 1, 1360, 1773, 1043, 11, 5.05%, 0, 0, 12, 2634.53
1572576640, 1, 1601, 1773, 1041, 9, 5.05%, 0, 0, 12, 2743.77
1572576778, 1, 1604, 1773, 1040, 8, 5.05%, 0, 0, 12, 2800.30
1572576917, 1, 1608, 1773, 1039, 7, 5.05%, 0, 0, 12, 2845.82
1572577044, 1, 1771, 1778, 1038, 5, 5.05%, 0, 0, 12, 2910.94
1572577049, 1, 1772, 1779, 1038, 4, 5.05%, 0, 0, 12, 2680.91
1572577070, 1, 1772, 1780, 1039, 4, 5.05%, 0, 0, 12, 2544.52
1572577208, 1, 1773, 1781, 1039, 4, 5.05%, 0, 0, 12, 2717.11
1572577213, 1, 1773, 1786, 1044, 4, 5.08%, 0, 0, 12, 2857.15
1572577218, 1, 1777, 1787, 1044, 6, 5.08%, 0, 0, 12, 2860.50
1572577228, 1, 1777, 1788, 1045, 6, 5.08%, 0, 0, 12, 2919.09
1572577233, 1, 1785, 1792, 1046, 8, 5.13%, 0, 0, 12, 2916.31
1572577238, 1, 1785, 1793, 1047, 8, 5.13%, 0, 0, 12, 2885.88
1572577243, 1, 1787, 1795, 1047, 8, 5.14%, 0, 0, 13, 2878.21
1572577248, 1, 1787, 1796, 1048, 8, 5.14%, 0, 0, 13, 2952.41
1572577258, 1, 1791, 1813, 1061, 5, 5.18%, 0, 0, 13, 2943.10
1572577264, 1, 1792, 1815, 1062, 18, 5.19%, 0, 0, 13, 2939.40
1572577279, 1, 1805, 1815, 1053, 9, 5.19%, 0, 0, 13, 2887.72
1572577284, 1, 1805, 1816, 1054, 9, 5.19%, 0, 0, 14, 2951.90
1572577289, 1, 1815, 1821, 1052, 7, 5.20%, 0, 0, 14, 2987.15
1572577294, 1, 1815, 1825, 1056, 7, 5.21%, 0, 0, 15, 2968.77
1572577299, 1, 1818, 1833, 1061, 11, 5.27%, 0, 0, 15, 2950.88
1572577304, 1, 1821, 1850, 1076, 20, 5.29%, 0, 0, 15, 2965.78
1572577309, 1, 1822, 1850, 1075, 19, 5.29%, 0, 0, 15, 2966.40
1572577314, 1, 1836, 1851, 1069, 12, 5.29%, 0, 0, 16, 2953.50
1572577319, 1, 1836, 1854, 1072, 12, 5.32%, 0, 0, 16, 2987.03
1572577325, 1, 1836, 1857, 1075, 12, 5.32%, 0, 0, 16, 2917.44
1572577330, 1, 1843, 1862, 1077, 13, 5.32%, 0, 0, 16, 2960.94
1572577335, 1, 1843, 1869, 1084, 13, 5.39%, 0, 0, 16, 2922.86
1572577340, 1, 1854, 1872, 1081, 17, 5.39%, 0, 0, 16, 2919.72
1572577345, 1, 1854, 1873, 1082, 17, 5.40%, 0, 0, 17, 3009.82
1572577350, 1, 1856, 1883, 1091, 17, 5.45%, 0, 0, 17, 2916.14
1572577355, 1, 1858, 1886, 1093, 20, 5.46%, 0, 0, 17, 2973.48
1572577360, 1, 1858, 1893, 1100, 20, 5.46%, 0, 0, 17, 2951.78
1572577365, 1, 1858, 1894, 1101, 20, 5.46%, 0, 0, 17, 2930.09
1572577370, 1, 1865, 1894, 1099, 21, 5.46%, 0, 0, 17, 2860.62
1572577375, 1, 1866, 1895, 1099, 20, 5.46%, 0, 0, 17, 2908.57
1572577381, 1, 1867, 1895, 1098, 20, 5.46%, 0, 0, 17, 2971.02
1572577386, 1, 1867, 1896, 1099, 20, 5.46%, 0, 0, 17, 2950.70
1572577391, 1, 1868, 1927, 1129, 20, 5.56%, 0, 0, 17, 2987.46
1572577396, 1, 1868, 1937, 1139, 20, 5.56%, 0, 0, 17, 2948.44
1572577401, 1, 1868, 1949, 1151, 20, 5.59%, 0, 0, 17, 2882.13
1572577406, 1, 1875, 1951, 1149, 39, 5.61%, 0, 0, 18, 2945.30
1572577411, 1, 1878, 1952, 1148, 38, 5.61%, 0, 0, 18, 2939.74
1572577416, 1, 1878, 1953, 1149, 38, 5.61%, 0, 0, 18, 2933.30
1572577421, 1, 1878, 1956, 1152, 38, 5.61%, 0, 0, 18, 2889.08
1572577426, 1, 1882, 1960, 1155, 38, 5.61%, 0, 0, 18, 2950.34
1572577432, 1, 1882, 1963, 1158, 38, 5.61%, 0, 0, 18, 2868.20
1572577437, 1, 1882, 1964, 1159, 38, 5.61%, 0, 0, 18, 2864.15
1572577442, 1, 1889, 1965, 1158, 38, 5.61%, 0, 0, 18, 2968.68
1572577447, 1, 1889, 1967, 1160, 38, 5.61%, 0, 0, 18, 2971.46
1572577452, 1, 1889, 1968, 1161, 38, 5.61%, 0, 0, 18, 2941.95
1572577457, 1, 1892, 1970, 1162, 38, 5.61%, 0, 0, 18, 2980.43
1572577462, 1, 1892, 1971, 1163, 38, 5.61%, 0, 0, 18, 2958.03
1572577467, 1, 1892, 1974, 1166, 38, 5.62%, 0, 0, 18, 2927.97
1572577472, 1, 1916, 1985, 1173, 36, 5.64%, 0, 0, 18, 2959.60
1572577477, 1, 1916, 1988, 1176, 36, 5.64%, 0, 0, 18, 2976.44
1572577483, 1, 1916, 1996, 1184, 36, 5.65%, 0, 0, 18, 2917.61
1572577488, 1, 1918, 1997, 1184, 53, 5.66%, 0, 0, 18, 2970.77
1572577498, 1, 1928, 1998, 1181, 50, 5.66%, 0, 0, 18, 2973.62
1572577503, 1, 1930, 1999, 1181, 50, 5.66%, 0, 0, 18, 2976.49
1572577508, 1, 1930, 2002, 1184, 50, 5.66%, 0, 0, 18, 2930.93
1572577513, 1, 1931, 2002, 1183, 51, 5.66%, 0, 0, 18, 2932.73
1572577523, 1, 1933, 2003, 1183, 50, 5.66%, 0, 0, 18, 2974.90
1572577529, 1, 1935, 2004, 1182, 48, 5.66%, 0, 0, 18, 2969.40
1572577534, 1, 1940, 2004, 1181, 47, 5.66%, 0, 0, 18, 2953.18
1572577539, 1, 1940, 2008, 1185, 47, 5.67%, 0, 0, 18, 2865.42
1572577544, 1, 1946, 2013, 1189, 50, 5.67%, 0, 0, 18, 2906.01
1572577554, 1, 1947, 2014, 1189, 50, 5.67%, 0, 0, 18, 2914.68
1572577559, 1, 1947, 2015, 1190, 50, 5.67%, 0, 0, 18, 2895.34
1572577565, 1, 1948, 2023, 1197, 51, 5.67%, 0, 0, 18, 2943.94
1572577570, 1, 1948, 2030, 1204, 51, 5.68%, 0, 0, 18, 2873.16
1572577575, 1, 1948, 2033, 1207, 51, 5.68%, 0, 0, 18, 2840.58
1572577580, 1, 1950, 2034, 1207, 58, 5.68%, 0, 0, 18, 2873.63
1572577585, 1, 1950, 2035, 1208, 58, 5.68%, 0, 0, 19, 2904.16
1572577590, 1, 1954, 2035, 1206, 57, 5.68%, 0, 0, 19, 2910.44
1572577600, 1, 1955, 2036, 1206, 56, 5.68%, 0, 0, 19, 2926.03
1572577605, 1, 1959, 2037, 1205, 54, 5.68%, 0, 0, 19, 2937.69
1572577615, 1, 1962, 2039, 1206, 54, 5.73%, 0, 0, 19, 2960.27
1572577620, 1, 1963, 2040, 1206, 55, 5.73%, 0, 0, 19, 2922.15
1572577630, 1, 1964, 2040, 1205, 54, 5.73%, 0, 0, 19, 2938.50
1572577641, 1, 1966, 2040, 1204, 53, 5.73%, 0, 0, 19, 2983.26
1572577646, 1, 1967, 2042, 1205, 52, 5.73%, 0, 0, 19, 2951.12
1572577656, 1, 1967, 2047, 1210, 52, 5.73%, 0, 0, 19, 2925.40
1572577661, 1, 1973, 2052, 1214, 54, 5.73%, 0, 0, 19, 2931.68
1572577672, 1, 1973, 2054, 1216, 54, 5.73%, 0, 0, 19, 2909.58
1572577677, 1, 1973, 2055, 1217, 54, 5.73%, 0, 0, 19, 2920.22
1572577682, 1, 1974, 2055, 1216, 55, 5.73%, 0, 0, 19, 2959.89
1572577687, 1, 1980, 2055, 1212, 51, 5.73%, 0, 0, 19, 2934.14
1572577697, 1, 1987, 2056, 1206, 44, 5.73%, 0, 0, 19, 2965.96
1572577707, 1, 1988, 2057, 1206, 44, 5.73%, 0, 0, 19, 2911.96
1572577713, 1, 1988, 2061, 1210, 44, 5.73%, 0, 0, 19, 2868.14
1572577718, 1, 1989, 2061, 1209, 45, 5.73%, 0, 0, 19, 2926.42
1572577723, 1, 1990, 2062, 1209, 44, 5.73%, 0, 0, 19, 2937.00
1572577728, 1, 1990, 2063, 1210, 44, 5.73%, 0, 0, 19, 2937.86
1572577733, 1, 1994, 2063, 1208, 42, 5.73%, 0, 0, 19, 2904.72
1572577738, 1, 1994, 2064, 1209, 42, 5.74%, 0, 0, 19, 2940.30
1572577743, 1, 1994, 2065, 1210, 42, 5.74%, 0, 0, 19, 2902.54
1572577748, 1, 1998, 2065, 1207, 40, 5.74%, 0, 0, 19, 2902.65
1572577758, 1, 2002, 2065, 1204, 37, 5.74%, 0, 0, 19, 2941.68
1572577764, 1, 2006, 2065, 1202, 35, 5.74%, 0, 0, 19, 2970.82
1572577769, 1, 2007, 2065, 1201, 34, 5.74%, 0, 0, 19, 2967.19
1572577774, 1, 2008, 2065, 1200, 33, 5.74%, 0, 0, 19, 2972.81
1572577779, 1, 2008, 2066, 1201, 33, 5.74%, 0, 0, 19, 2928.80
1572577784, 1, 2010, 2067, 1201, 33, 5.74%, 0, 0, 19, 2966.88
1572577789, 1, 2010, 2070, 1204, 33, 5.74%, 0, 0, 19, 2909.78
1572577794, 1, 2011, 2070, 1203, 33, 5.74%, 0, 0, 19, 2924.79
1572577799, 1, 2014, 2070, 1201, 30, 5.74%, 0, 0, 19, 2949.49
1572577809, 1, 2023, 2071, 1198, 27, 5.74%, 0, 0, 19, 2905.15
1572577819, 1, 2025, 2071, 1197, 26, 5.74%, 0, 0, 19, 2952.94
1572577825, 1, 2025, 2075, 1201, 26, 5.74%, 0, 0, 19, 2910.93
1572577830, 1, 2025, 2076, 1202, 26, 5.74%, 0, 0, 19, 2874.01
1572577835, 1, 2026, 2078, 1203, 28, 5.74%, 0, 0, 19, 2922.65
1572577845, 1, 2028, 2080, 1203, 28, 5.74%, 0, 0, 19, 2952.15
1572577850, 1, 2029, 2081, 1203, 29, 5.74%, 0, 0, 19, 2944.96
1572577855, 1, 2029, 2082, 1204, 29, 5.74%, 0, 0, 19, 2971.27
1572577860, 1, 2029, 2084, 1206, 29, 5.74%, 0, 0, 19, 2947.42
1572577866, 1, 2029, 2086, 1208, 29, 5.74%, 0, 0, 19, 2926.20
1572577871, 1, 2037, 2086, 1206, 30, 5.74%, 0, 0, 19, 2941.29
1572577881, 1, 2041, 2087, 1205, 29, 5.78%, 0, 0, 20, 2927.10
1572577886, 1, 2041, 2088, 1206, 29, 5.78%, 0, 0, 20, 2950.71
1572577891, 1, 2041, 2090, 1208, 29, 5.78%, 0, 0, 20, 2939.22
1572577901, 1, 2048, 2090, 1207, 29, 5.78%, 0, 0, 20, 2956.27
1572577906, 1, 2048, 2091, 1208, 29, 5.78%, 0, 0, 20, 2961.18
1572577912, 1, 2050, 2091, 1207, 29, 5.78%, 0, 0, 20, 2905.09
1572577922, 1, 2051, 2091, 1206, 28, 5.78%, 0, 0, 20, 2952.60
1572577932, 1, 2051, 2092, 1207, 28, 5.78%, 0, 0, 20, 2918.39
1572577937, 1, 2053, 2092, 1206, 27, 5.78%, 0, 0, 20, 2895.34
1572577953, 1, 2053, 2094, 1208, 27, 5.78%, 0, 0, 20, 2903.86
1572577963, 1, 2054, 2094, 1207, 29, 5.78%, 0, 0, 20, 2836.08
1572577978, 1, 2057, 2094, 1205, 27, 5.78%, 0, 0, 20, 2890.28
1572577983, 1, 2057, 2099, 1210, 27, 5.78%, 0, 0, 20, 2929.17
1572577989, 1, 2057, 2101, 1212, 27, 5.78%, 0, 0, 20, 2908.90
1572577994, 1, 2060, 2102, 1212, 27, 5.78%, 0, 0, 20, 2944.58
1572577999, 1, 2060, 2104, 1214, 27, 5.78%, 0, 0, 20, 2927.27
1572578004, 1, 2060, 2106, 1216, 27, 5.78%, 0, 0, 20, 2918.60
1572578009, 1, 2063, 2109, 1217, 28, 5.78%, 0, 0, 20, 2965.11
1572578019, 1, 2063, 2112, 1220, 28, 5.78%, 0, 0, 20, 2944.10
1572578030, 1, 2069, 2113, 1220, 31, 5.78%, 0, 0, 20, 2951.51
1572578035, 1, 2069, 2116, 1223, 31, 5.78%, 0, 0, 20, 2954.35
1572578040, 1, 2069, 2118, 1225, 31, 5.78%, 0, 0, 20, 2928.79
1572578045, 1, 2070, 2119, 1225, 32, 5.78%, 0, 0, 20, 2960.28
1572578055, 1, 2071, 2119, 1224, 32, 5.78%, 0, 0, 20, 2938.85
1572578060, 1, 2072, 2119, 1223, 31, 5.78%, 0, 0, 20, 2912.41
1572578071, 1, 2073, 2119, 1222, 30, 5.78%, 0, 0, 20, 2936.12
1572578076, 1, 2074, 2119, 1221, 29, 5.78%, 0, 0, 20, 2883.87
1572578086, 1, 2075, 2119, 1220, 28, 5.78%, 0, 0, 20, 2958.88
1572578096, 1, 2077, 2119, 1219, 27, 5.78%, 0, 0, 20, 2929.53
1572578101, 1, 2078, 2119, 1218, 26, 5.78%, 0, 0, 20, 2893.24
1572578111, 1, 2079, 2119, 1217, 25, 5.78%, 0, 0, 20, 2921.77
1572578117, 1, 2082, 2119, 1216, 24, 5.78%, 0, 0, 20, 2905.41
1572578122, 1, 2082, 2121, 1218, 24, 5.78%, 0, 0, 20, 2963.12
1572578132, 1, 2083, 2121, 1217, 24, 5.78%, 0, 0, 20, 2920.69
1572578142, 1, 2086, 2128, 1222, 22, 5.80%, 0, 0, 21, 2963.17
1572578147, 1, 2086, 2142, 1236, 22, 5.85%, 0, 0, 21, 2946.31
1572578158, 1, 2087, 2142, 1235, 35, 5.85%, 0, 0, 21, 2919.92
1572578163, 1, 2090, 2142, 1234, 34, 5.85%, 0, 0, 21, 2954.46
1572578173, 1, 2091, 2142, 1233, 33, 5.85%, 0, 0, 21, 2981.86
1572578183, 1, 2092, 2142, 1232, 32, 5.85%, 0, 0, 21, 2939.18
1572578209, 1, 2100, 2142, 1230, 30, 5.85%, 0, 0, 21, 2946.16
1572578219, 1, 2104, 2142, 1228, 28, 5.85%, 0, 0, 21, 2954.37
1572578229, 1, 2104, 2144, 1230, 28, 5.85%, 0, 0, 21, 2954.82
1572578234, 1, 2104, 2148, 1234, 28, 5.85%, 0, 0, 21, 2922.79
1572578239, 1, 2107, 2148, 1233, 29, 5.85%, 0, 0, 21, 2936.55
1572578250, 1, 2107, 2150, 1235, 29, 5.85%, 0, 0, 21, 2959.84
1572578265, 1, 2110, 2151, 1234, 29, 5.85%, 0, 0, 21, 2953.94
1572578280, 1, 2110, 2154, 1237, 29, 5.85%, 0, 0, 21, 2904.83
1572578286, 1, 2110, 2157, 1240, 29, 5.85%, 0, 0, 21, 2869.86
1572578291, 1, 2111, 2157, 1239, 31, 5.85%, 0, 0, 21, 2915.86
1572578306, 1, 2114, 2157, 1238, 30, 5.85%, 0, 0, 21, 2936.60
1572578316, 1, 2114, 2158, 1239, 30, 5.85%, 0, 0, 21, 2940.95
1572578322, 1, 2116, 2158, 1238, 30, 5.85%, 0, 0, 21, 2937.89
1572578332, 1, 2118, 2158, 1237, 29, 5.85%, 0, 0, 21, 2963.63
1572578342, 1, 2136, 2162, 1229, 19, 5.87%, 0, 0, 22, 2893.52
1572578347, 1, 2148, 2162, 1223, 14, 5.87%, 0, 0, 22, 2918.95
1572578362, 1, 2148, 2163, 1224, 14, 5.87%, 0, 0, 22, 2949.38
1572578368, 1, 2150, 2163, 1222, 13, 5.87%, 0, 0, 22, 2925.39
1572578373, 1, 2150, 2164, 1223, 13, 5.87%, 0, 0, 22, 2936.62
1572578388, 1, 2151, 2164, 1222, 13, 5.87%, 0, 0, 22, 2947.66
1572578409, 1, 2154, 2165, 1222, 12, 5.87%, 0, 0, 22, 2930.74
1572578414, 1, 2154, 2167, 1224, 12, 5.87%, 0, 0, 22, 2927.12
1572578429, 1, 2161, 2169, 1222, 10, 5.87%, 0, 0, 23, 2919.83
1572578439, 1, 2163, 2170, 1221, 8, 5.87%, 0, 0, 23, 2912.94
1572578455, 1, 2165, 2170, 1220, 8, 5.87%, 0, 0, 23, 2894.69
1572578475, 2, 301, 2170, 1214, 5, 5.87%, 0, 0, 23, 3040.57
1572578480, 2, 334, 2170, 1213, 5, 5.87%, 0, 0, 23, 2823.98
1572578552, 2, 606, 2170, 1210, 4, 5.87%, 0, 0, 23, 2880.90
1572578567, 2, 739, 2170, 1209, 3, 5.87%, 0, 0, 23, 2876.12
1572578572, 2, 1038, 2170, 1207, 3, 5.87%, 0, 0, 23, 2386.71
1572578593, 2, 1038, 2171, 1208, 3, 5.87%, 0, 0, 23, 2160.31
1572578807, 2, 1134, 2172, 1208, 6, 5.87%, 0, 0, 23, 2332.85
1572579155, 2, 1191, 2172, 1207, 6, 5.87%, 0, 0, 23, 2440.01
1572579293, 2, 1814, 2172, 1204, 4, 5.87%, 0, 0, 23, 2843.79
1572579298, 2, 1886, 2172, 1202, 3, 5.87%, 0, 0, 23, 2891.09
1572579313, 2, 2021, 2172, 1201, 3, 5.87%, 0, 0, 23, 2929.98
1572579319, 2, 2171, 2172, 1199, 1, 5.87%, 0, 0, 23, 2874.28
1572579503, 2, 2171, 2173, 1200, 1, 5.87%, 0, 0, 23, 2581.49
1572579508, 2, 2171, 2175, 1202, 1, 5.87%, 0, 0, 23, 2649.66
1572579513, 2, 2173, 2175, 1201, 4, 5.87%, 0, 0, 23, 2732.95
1572579554, 2, 2173, 2178, 1204, 4, 5.87%, 0, 0, 23, 1017.72
1572579559, 2, 2173, 2180, 1206, 4, 5.87%, 0, 0, 23, 1016.50
1572579620, 2, 2173, 2181, 1207, 4, 5.87%, 0, 0, 23, 1025.52
1572579671, 2, 2173, 2182, 1208, 4, 5.87%, 0, 0, 23, 1021.40
1572579686, 2, 2173, 2183, 1209, 4, 5.87%, 0, 0, 23, 1071.06
1572579717, 2, 2173, 2184, 1210, 4, 5.88%, 0, 0, 23, 1040.66
1572579722, 2, 2173, 2186, 1212, 4, 5.88%, 0, 0, 23, 1039.99
1572579727, 2, 2173, 2187, 1213, 4, 5.89%, 0, 0, 23, 1036.89
1572579915, 2, 2173, 2188, 1214, 4, 5.89%, 0, 0, 23, 999.55
1572579946, 2, 2173, 2189, 1215, 4, 5.89%, 0, 0, 23, 1006.28
1572579961, 2, 2173, 2190, 1216, 4, 5.89%, 0, 0, 23, 1069.97
1572579972, 2, 2173, 2191, 1217, 4, 5.89%, 0, 0, 23, 1134.04
1572579977, 2, 2173, 2192, 1218, 4, 5.89%, 0, 0, 23, 1131.58
1572579992, 2, 2174, 2192, 1217, 13, 5.89%, 0, 0, 23, 1215.20
1572580379, 2, 2175, 2192, 1216, 12, 5.89%, 0, 0, 23, 1094.46
1572580425, 2, 2175, 2194, 1218, 12, 5.89%, 0, 0, 23, 1041.55
1572580837, 2, 2181, 2194, 1216, 12, 5.89%, 0, 0, 23, 1384.80
1572580842, 2, 2189, 2194, 1211, 7, 5.89%, 0, 0, 23, 1711.92
1572580847, 2, 2191, 2194, 1210, 6, 5.89%, 0, 0, 23, 1313.48
1572580862, 2, 2192, 2195, 1210, 5, 5.89%, 0, 0, 23, 1086.50
1572580923, 2, 2192, 2196, 1211, 5, 5.89%, 0, 0, 23, 969.58
1572580974, 2, 2192, 2197, 1212, 5, 5.89%, 0, 0, 23, 949.64
1572581091, 2, 2192, 2199, 1214, 5, 5.89%, 0, 0, 23, 975.71
1572581097, 2, 2192, 2201, 1216, 5, 5.89%, 0, 0, 23, 978.22
1572581102, 2, 2192, 2203, 1218, 5, 5.89%, 0, 0, 23, 975.77
1572581351, 2, 2192, 2204, 1219, 5, 5.90%, 0, 0, 23, 1079.38
1572581361, 2, 2197, 2204, 1216, 10, 5.90%, 0, 0, 23, 1497.87
1572581367, 2, 2202, 2204, 1211, 5, 5.90%, 0, 0, 23, 1748.62
1572581372, 3, 324, 2204, 1206, 3, 5.90%, 0, 0, 23, 1794.70
1572581555, 3, 368, 2204, 1205, 2, 5.90%, 0, 0, 23, 1223.64
1572581600, 3, 368, 2205, 1206, 2, 5.90%, 0, 0, 23, 1070.24
1572581758, 3, 368, 2206, 1207, 2, 5.90%, 0, 0, 23, 1104.04
1572581982, 3, 780, 2206, 1205, 3, 5.90%, 0, 0, 23, 1180.64
1572581987, 3, 780, 2207, 1206, 3, 5.90%, 0, 0, 23, 1156.90
1572582033, 3, 780, 2208, 1207, 3, 5.90%, 0, 0, 23, 1082.11
1572582308, 3, 2035, 2209, 1200, 4, 5.90%, 0, 0, 23, 2933.84
1572582318, 3, 2208, 2209, 1195, 1, 5.90%, 0, 0, 23, 2973.35
1572582339, 3, 2208, 2212, 1198, 1, 5.90%, 0, 0, 23, 2857.88
1572582344, 3, 2210, 2212, 1197, 2, 5.90%, 0, 0, 23, 2241.29
1572582400, 3, 2210, 2214, 1199, 2, 5.90%, 0, 0, 23, 2029.46
1572582405, 3, 2210, 2216, 1201, 2, 5.90%, 0, 0, 23, 2097.54
1572582410, 3, 2214, 2216, 1199, 2, 5.90%, 0, 0, 23, 1952.03
1572582563, 3, 2214, 2225, 1208, 2, 5.91%, 0, 0, 23, 1848.74
1572582568, 3, 2215, 2226, 1208, 5, 5.91%, 0, 0, 23, 2007.09
1572582574, 3, 2215, 2227, 1209, 5, 5.91%, 0, 0, 23, 2652.63
1572582599, 3, 2217, 2227, 1208, 4, 5.91%, 0, 0, 23, 1851.95
1572582789, 3, 2217, 2230, 1211, 4, 5.91%, 0, 0, 23, 1655.14
1572582794, 3, 2217, 2231, 1212, 4, 5.91%, 0, 0, 23, 1710.80
1572582799, 3, 2225, 2231, 1211, 4, 5.91%, 0, 0, 23, 2031.52
1572582866, 3, 2228, 2231, 1210, 3, 5.91%, 0, 0, 23, 1410.32
1572583330, 3, 2228, 2233, 1212, 3, 5.91%, 0, 0, 23, 1196.51
1572583340, 3, 2228, 2234, 1213, 3, 5.91%, 0, 0, 23, 1329.04
1572583346, 3, 2229, 2234, 1212, 3, 5.91%, 0, 0, 23, 1644.75
1572583417, 3, 2229, 2235, 1213, 3, 5.91%, 0, 0, 23, 1862.07
1572583453, 3, 2229, 2236, 1214, 3, 5.91%, 0, 0, 23, 1880.90
1572583458, 3, 2229, 2238, 1216, 3, 5.91%, 0, 0, 23, 1997.26
1572583468, 3, 2236, 2238, 1215, 3, 5.91%, 0, 0, 23, 1885.74
1572583565, 3, 2236, 2239, 1216, 3, 5.91%, 0, 0, 23, 1892.47
1572583575, 4, 584, 2239, 1211, 1, 5.91%, 0, 0, 23, 2402.03
1572583601, 4, 959, 2239, 1209, 1, 5.91%, 0, 0, 23, 2745.83
1572583606, 4, 1010, 2240, 1208, 1, 5.91%, 0, 0, 23, 2264.97
1572583626, 4, 1010, 2244, 1212, 1, 5.91%, 0, 0, 23, 2097.16
1572583631, 4, 1010, 2246, 1214, 1, 5.91%, 0, 0, 23, 2110.36
1572583657, 4, 1010, 2251, 1219, 1, 5.91%, 0, 0, 23, 2136.38
1572583708, 4, 1010, 2252, 1220, 1, 5.92%, 0, 0, 23, 2247.39
1572583805, 4, 1010, 2253, 1221, 1, 5.92%, 0, 0, 23, 2200.36
1572583846, 4, 2105, 2253, 1214, 8, 5.92%, 0, 0, 23, 2833.59
1572583851, 4, 2183, 2253, 1213, 8, 5.92%, 0, 0, 23, 2681.83
1572583938, 4, 2183, 2255, 1215, 8, 5.93%, 0, 0, 23, 2508.90
1572584040, 4, 2237, 2255, 1214, 11, 5.93%, 0, 0, 23, 2265.99
1572584045, 4, 2252, 2255, 1208, 5, 5.93%, 0, 0, 23, 2680.34
1572584071, 4, 2252, 2256, 1209, 5, 5.93%, 0, 0, 23, 2399.23
1572584148, 4, 2252, 2257, 1210, 5, 5.93%, 0, 0, 23, 2440.88
1572584245, 4, 2252, 2258, 1211, 5, 5.93%, 0, 0, 23, 2442.04
1572584260, 4, 2252, 2259, 1212, 5, 5.93%, 0, 0, 23, 2693.82
1572584265, 4, 2253, 2259, 1211, 8, 5.93%, 0, 0, 23, 2748.19
1572584286, 4, 2253, 2260, 1212, 8, 5.93%, 0, 0, 23, 2459.89
1572584353, 4, 2253, 2261, 1213, 8, 5.93%, 0, 0, 23, 2484.74
1572584460, 4, 2257, 2261, 1209, 7, 5.93%, 0, 0, 23, 2752.99
1572584486, 4, 2257, 2262, 1210, 7, 5.93%, 0, 0, 23, 2414.18
1572584506, 4, 2257, 2263, 1211, 7, 5.93%, 0, 0, 23, 2437.43
1572584676, 4, 2258, 2263, 1210, 8, 5.93%, 0, 0, 23, 2600.97
1572584701, 4, 2258, 2264, 1211, 8, 5.93%, 0, 0, 23, 2403.65
1572584839, 4, 2258, 2265, 1212, 8, 5.93%, 0, 0, 23, 2385.86
1572584895, 4, 2264, 2265, 1206, 4, 5.93%, 0, 0, 23, 2981.64
1572584921, 4, 2264, 2266, 1207, 4, 5.93%, 0, 0, 23, 2429.94
1572584977, 4, 2264, 2267, 1208, 4, 5.93%, 0, 0, 23, 2409.44
1572585114, 4, 2264, 2268, 1209, 4, 5.93%, 0, 0, 23, 2701.70
1572585124, 4, 2267, 2268, 1206, 4, 5.93%, 0, 0, 23, 2808.97
1572585145, 4, 2267, 2269, 1207, 4, 5.93%, 0, 0, 23, 2681.21
1572585314, 5, 535, 2269, 1204, 3, 5.93%, 0, 0, 23, 2596.73
1572585411, 5, 535, 2270, 1205, 3, 5.93%, 0, 0, 23, 1041.60
1572585799, 5, 579, 2270, 1204, 3, 5.93%, 0, 0, 23, 1079.27
1572585865, 5, 622, 2270, 1202, 3, 5.93%, 0, 0, 23, 1052.04
1572585936, 5, 708, 2270, 1201, 3, 5.93%, 0, 0, 23, 970.65
1572586049, 5, 708, 2271, 1202, 3, 5.93%, 0, 0, 23, 899.45
1572586258, 5, 708, 2272, 1203, 3, 5.93%, 0, 0, 23, 927.87
1572586320, 5, 708, 2275, 1206, 3, 5.93%, 0, 0, 23, 900.51
1572586325, 5, 708, 2276, 1207, 3, 5.93%, 0, 0, 23, 986.52
1572586330, 5, 708, 2278, 1209, 3, 5.94%, 0, 0, 23, 1007.73
1572586355, 5, 727, 2279, 1209, 7, 5.94%, 0, 0, 23, 958.66
1572586808, 5, 781, 2279, 1208, 7, 5.94%, 0, 0, 23, 1009.02
1572586813, 5, 934, 2279, 1207, 7, 5.94%, 0, 0, 23, 1102.72
1572587196, 5, 934, 2280, 1208, 7, 5.94%, 0, 0, 23, 986.32
1572587308, 5, 1184, 2280, 1207, 7, 5.94%, 0, 0, 23, 1044.87
1572587329, 5, 1184, 2281, 1208, 7, 5.94%, 0, 0, 23, 1072.81
1572587379, 5, 1652, 2281, 1207, 8, 5.94%, 0, 0, 23, 1270.21
1572587384, 5, 1932, 2281, 1206, 8, 5.94%, 0, 0, 23, 1242.63
1572587400, 5, 2220, 2281, 1205, 8, 5.94%, 0, 0, 23, 788.50
1572588019, 5, 2269, 2282, 1204, 7, 5.94%, 0, 0, 23, 2169.90
1572588061, 5, 2269, 2283, 1205, 7, 5.94%, 0, 0, 23, 2599.54
1572588174, 5, 2270, 2283, 1204, 7, 5.94%, 0, 0, 23, 2440.88
1572588343, 5, 2270, 2284, 1205, 7, 5.94%, 0, 0, 23, 2128.09
1572588348, 5, 2270, 2286, 1207, 7, 5.94%, 0, 0, 23, 2423.64
1572588358, 5, 2278, 2286, 1206, 6, 5.94%, 0, 0, 23, 2414.60
1572588538, 5, 2278, 2287, 1207, 6, 5.94%, 0, 0, 23, 2497.64
1572588543, 5, 2279, 2287, 1206, 5, 5.94%, 0, 0, 23, 2574.58
1572588732, 5, 2284, 2287, 1203, 2, 5.94%, 0, 0, 23, 2816.62
1572588943, 5, 2284, 2288, 1204, 2, 5.94%, 0, 0, 23, 2403.36
1572588948, 5, 2285, 2289, 1204, 2, 5.94%, 0, 0, 23, 2445.18
1572589174, 5, 2285, 2290, 1205, 2, 5.94%, 0, 0, 23, 2493.51
1572589179, 5, 2287, 2290, 1204, 3, 5.94%, 0, 0, 23, 2348.67
1572589426, 5, 2287, 2291, 1205, 3, 5.94%, 0, 0, 23, 2238.58
1572589431, 5, 2288, 2291, 1204, 2, 5.94%, 0, 0, 23, 2484.13
1572589436, 5, 2290, 2291, 1203, 1, 5.94%, 0, 0, 23, 2276.46
1572589621, 5, 2290, 2293, 1205, 1, 5.95%, 0, 0, 23, 2454.32
1572589626, 5, 2291, 2293, 1204, 2, 5.95%, 0, 0, 23, 2596.64
1572589775, 5, 2291, 2295, 1206, 2, 5.95%, 0, 0, 23, 2383.18
1572589780, 5, 2291, 2296, 1207, 2, 5.95%, 0, 0, 23, 2481.85
1572589785, 5, 2292, 2298, 1208, 3, 5.95%, 0, 0, 23, 2801.31
1572589790, 5, 2294, 2298, 1207, 4, 5.95%, 0, 0, 23, 2647.00
1572590031, 5, 2295, 2298, 1206, 3, 5.95%, 0, 0, 23, 2262.62
1572590077, 5, 2295, 2300, 1208, 3, 5.95%, 0, 0, 23, 2110.23
1572590257, 5, 2295, 2301, 1209, 3, 5.95%, 0, 0, 23, 2453.59
1572590262, 5, 2298, 2301, 1206, 2, 5.95%, 0, 0, 23, 2324.66
1572590267, 5, 2298, 2302, 1207, 2, 5.95%, 0, 0, 23, 2094.47
1572590534, 6, 25, 2302, 1199, 0, 5.95%, 0, 0, 23, 2926.40
1572590539, 6, 27, 2302, 1198, 0, 5.95%, 0, 0, 23, 2638.76
1572590555, 6, 27, 2303, 1199, 0, 5.95%, 0, 0, 23, 2521.45
1572590739, 6, 62, 2303, 1198, 1, 5.95%, 0, 0, 23, 2612.85
1572590744, 6, 432, 2303, 1195, 1, 5.95%, 0, 0, 23, 2622.57
1572590948, 6, 620, 2303, 1194, 1, 5.95%, 0, 0, 23, 2558.65
1572590979, 6, 673, 2303, 1193, 1, 5.95%, 0, 0, 23, 2600.67
1572591148, 6, 1937, 2303, 1189, 1, 5.95%, 0, 0, 23, 1251.92
1572591163, 6, 2302, 2303, 1188, 1, 5.95%, 0, 0, 23, 1346.37
1572591168, 7, 39, 2303, 1183, 0, 5.95%, 0, 0, 23, 1521.47
1572591672, 7, 43, 2303, 1181, 0, 5.95%, 0, 0, 23, 1242.24
1572591677, 7, 65, 2303, 1176, 0, 5.95%, 0, 0, 23, 1673.45
1572591682, 7, 109, 2303, 1171, 0, 5.95%, 0, 0, 23, 1772.81
1572591687, 7, 149, 2303, 1166, 0, 5.95%, 0, 0, 23, 1808.10
1572591692, 7, 187, 2303, 1161, 0, 5.95%, 0, 0, 23, 1742.96
1572592186, 7, 205, 2303, 1158, 0, 5.95%, 0, 0, 23, 1571.91
1572592191, 7, 240, 2303, 1152, 0, 5.95%, 0, 0, 23, 1683.79
1572592196, 7, 273, 2303, 1147, 0, 5.95%, 0, 0, 23, 1744.41
1572592202, 7, 297, 2303, 1142, 0, 5.95%, 0, 0, 23, 1797.11
1572592207, 7, 328, 2303, 1138, 0, 5.95%, 0, 0, 23, 1509.45
1572592573, 7, 340, 2303, 1137, 0, 5.95%, 0, 0, 23, 1108.92
1572592767, 7, 340, 2304, 1138, 0, 5.95%, 0, 0, 23, 1038.59
1572592971, 7, 460, 2304, 1136, 3, 5.95%, 0, 0, 23, 1318.02
1572592976, 7, 1122, 2304, 1134, 3, 5.95%, 0, 0, 23, 1290.83
1572593384, 7, 1271, 2304, 1133, 3, 5.95%, 0, 0, 23, 1056.08
1572593497, 7, 1271, 2305, 1134, 3, 5.95%, 0, 0, 23, 980.94
1572593604, 7, 1271, 2306, 1135, 3, 5.95%, 0, 0, 23, 958.58
1572593934, 7, 1618, 2307, 1134, 4, 5.95%, 0, 0, 23, 1532.31
1572594204, 7, 2266, 2308, 1131, 4, 5.95%, 0, 0, 23, 2453.07
1572594225, 7, 2266, 2311, 1134, 4, 5.95%, 0, 0, 23, 2412.91
1572594414, 7, 2304, 2311, 1133, 6, 5.95%, 0, 0, 23, 2695.73
1572594419, 8, 36, 2311, 1125, 0, 5.95%, 0, 0, 23, 2977.71
1572594629, 8, 97, 2311, 1119, 0, 5.95%, 0, 0, 23, 2995.34
1572594634, 8, 147, 2311, 1110, 0, 5.95%, 0, 0, 23, 3143.11
1572594639, 8, 177, 2311, 1103, 0, 5.95%, 0, 0, 23, 2979.66
1572594726, 8, 177, 2312, 1104, 0, 5.95%, 0, 0, 23, 2543.84
1572594844, 8, 785, 2312, 1099, 1, 5.95%, 0, 0, 23, 2631.95
1572594859, 8, 785, 2314, 1101, 1, 5.95%, 0, 0, 23, 2211.67
1572594869, 8, 785, 2318, 1105, 1, 5.95%, 0, 0, 23, 2228.09
1572594895, 8, 785, 2320, 1107, 1, 5.95%, 0, 0, 23, 2231.24
1572594926, 8, 785, 2322, 1109, 1, 5.95%, 0, 0, 23, 2193.80
1572594931, 8, 785, 2324, 1111, 1, 5.95%, 0, 0, 23, 2235.83
1572594941, 8, 785, 2327, 1114, 1, 5.95%, 0, 0, 23, 2291.28
1572594946, 8, 785, 2328, 1115, 1, 5.95%, 0, 0, 23, 2300.29
1572594957, 8, 785, 2329, 1116, 1, 5.95%, 0, 0, 23, 2038.50
1572594987, 8, 785, 2330, 1117, 1, 5.95%, 0, 0, 23, 200.62
1572595023, 8, 785, 2331, 1118, 1, 5.95%, 0, 0, 23, 2264.56
1572595028, 8, 785, 2333, 1120, 1, 5.95%, 0, 0, 23, 2276.14
1572595043, 8, 785, 2334, 1121, 1, 5.95%, 0, 0, 23, 2232.93
1572595079, 8, 2039, 2334, 1119, 12, 5.95%, 0, 0, 23, 2772.98
1572595089, 8, 2088, 2335, 1118, 12, 5.95%, 0, 0, 23, 2817.89
1572595105, 8, 2088, 2337, 1120, 12, 5.95%, 0, 0, 23, 2791.70
1572595110, 8, 2317, 2339, 1118, 13, 5.95%, 0, 0, 23, 2934.42
1572595349, 8, 2317, 2340, 1119, 13, 5.95%, 0, 0, 23, 2571.54
1572595360, 8, 2333, 2340, 1110, 5, 5.95%, 0, 0, 23, 3082.98
1572595365, 8, 2337, 2341, 1110, 4, 5.95%, 0, 0, 23, 2623.03
1572595421, 8, 2337, 2343, 1112, 4, 5.95%, 0, 0, 23, 2610.64
1572595426, 8, 2337, 2345, 1114, 4, 5.95%, 0, 0, 23, 2645.59
1572595431, 8, 2341, 2345, 1112, 3, 5.95%, 0, 0, 23, 2496.70
1572595517, 8, 2343, 2345, 1111, 2, 5.95%, 0, 0, 23, 2220.50
1572595680, 8, 2343, 2347, 1113, 2, 5.95%, 0, 0, 23, 2167.90
1572595691, 8, 2344, 2348, 1113, 3, 5.95%, 0, 0, 23, 2417.64
1572595752, 8, 2344, 2349, 1114, 3, 5.95%, 0, 0, 23, 2597.92
1572595757, 8, 2344, 2350, 1115, 3, 5.95%, 0, 0, 23, 2636.10
1572595762, 8, 2348, 2350, 1114, 3, 5.95%, 0, 0, 23, 2766.52
1572595767, 8, 2349, 2351, 1114, 2, 5.95%, 0, 0, 24, 2634.61
1572595793, 8, 2349, 2353, 1116, 2, 5.95%, 0, 0, 24, 2629.75
1572595803, 8, 2351, 2353, 1115, 3, 5.95%, 0, 0, 24, 2301.20
1572595885, 8, 2351, 2354, 1116, 3, 5.95%, 0, 0, 25, 2164.95
1572595900, 8, 2353, 2354, 1114, 2, 5.95%, 0, 0, 25, 1639.03
1572596320, 9, 279, 2354, 1113, 1, 5.95%, 0, 0, 25, 1778.72
1572596325, 9, 483, 2354, 1110, 1, 5.95%, 0, 0, 25, 2383.89
1572596346, 9, 483, 2355, 1111, 1, 5.95%, 0, 0, 25, 2467.97
1572596413, 9, 483, 2356, 1112, 1, 5.96%, 0, 0, 25, 2527.24
1572596418, 9, 483, 2357, 1113, 1, 5.96%, 0, 0, 25, 2505.43
1572596428, 9, 483, 2358, 1114, 1, 5.96%, 0, 0, 25, 2508.02
1572596515, 9, 483, 2360, 1116, 1, 5.97%, 0, 0, 25, 2529.64
1572596530, 9, 732, 2360, 1115, 8, 5.97%, 0, 0, 25, 2695.06
1572596729, 9, 1239, 2360, 1112, 7, 5.97%, 0, 0, 25, 2655.08
1572596735, 9, 2280, 2360, 1107, 6, 5.97%, 0, 0, 25, 2687.80
1572596760, 9, 2280, 2361, 1108, 6, 5.97%, 0, 0, 25, 2649.98
1572596765, 9, 2280, 2362, 1109, 6, 5.97%, 0, 0, 25, 2758.60
1572596770, 9, 2355, 2364, 1110, 7, 5.97%, 0, 0, 25, 2674.38
1572596791, 9, 2355, 2366, 1112, 7, 5.97%, 0, 0, 25, 2591.34
1572596847, 9, 2355, 2368, 1114, 7, 5.97%, 0, 0, 25, 2579.28
1572596863, 9, 2355, 2370, 1116, 7, 5.97%, 0, 0, 25, 2617.14
1572596934, 9, 2355, 2372, 1118, 7, 5.97%, 0, 0, 25, 2512.23
1572596949, 9, 2355, 2373, 1119, 7, 5.97%, 0, 0, 25, 2642.13
1572596954, 9, 2358, 2373, 1117, 11, 5.97%, 0, 0, 25, 2544.56
1572596975, 9, 2358, 2378, 1122, 11, 5.97%, 0, 0, 25, 2416.30
1572597102, 9, 2358, 2379, 1123, 11, 5.97%, 0, 0, 25, 1066.48
1572597388, 9, 2361, 2390, 1132, 12, 5.97%, 0, 0, 25, 1112.93
1572597403, 9, 2361, 2392, 1134, 12, 5.97%, 0, 0, 25, 1122.47
1572597433, 9, 2361, 2393, 1135, 12, 5.97%, 0, 0, 25, 1096.08
1572597439, 9, 2361, 2394, 1136, 12, 5.97%, 0, 0, 25, 1127.83
1572597444, 9, 2361, 2395, 1137, 12, 5.97%, 0, 0, 25, 1145.10
1572597454, 9, 2361, 2396, 1138, 12, 5.97%, 0, 0, 25, 1114.34
1572597459, 9, 2361, 2397, 1139, 12, 5.97%, 0, 0, 25, 1126.14
1572597464, 9, 2362, 2397, 1138, 20, 5.97%, 0, 0, 25, 1164.19
1572597469, 9, 2365, 2397, 1136, 18, 5.97%, 0, 0, 25, 1303.51
1572597678, 9, 2365, 2398, 1137, 18, 5.97%, 0, 0, 25, 1071.64
1572597683, 9, 2365, 2401, 1140, 18, 5.97%, 0, 0, 25, 1062.26
1572597698, 9, 2365, 2402, 1141, 18, 5.97%, 0, 0, 25, 1070.91
1572597942, 9, 2366, 2402, 1140, 21, 5.97%, 0, 0, 25, 1179.96
1572597947, 9, 2371, 2402, 1136, 17, 5.97%, 0, 0, 25, 1626.69
1572598049, 9, 2371, 2403, 1137, 17, 5.98%, 0, 0, 25, 1089.32
1572598365, 9, 2373, 2403, 1136, 17, 5.98%, 0, 0, 25, 1238.35
1572598370, 9, 2388, 2407, 1134, 11, 5.98%, 0, 0, 25, 1351.19
1572598375, 9, 2388, 2410, 1137, 11, 5.98%, 0, 0, 25, 1178.34
1572598390, 9, 2388, 2413, 1140, 11, 5.98%, 0, 0, 25, 1121.95
1572598451, 9, 2388, 2414, 1141, 11, 5.98%, 0, 0, 25, 1159.68
1572598466, 9, 2389, 2414, 1140, 20, 5.98%, 0, 0, 25, 1131.74
1572598543, 9, 2389, 2416, 1142, 20, 5.98%, 0, 0, 25, 1126.92
1572598563, 9, 2394, 2418, 1141, 18, 5.98%, 0, 0, 25, 1105.31
1572598614, 9, 2394, 2419, 1142, 18, 5.98%, 0, 0, 25, 1071.36
1572598640, 9, 2394, 2420, 1143, 18, 5.98%, 0, 0, 25, 1119.57
1572598650, 9, 2395, 2420, 1142, 20, 5.98%, 0, 0, 25, 1158.99
1572598726, 9, 2395, 2421, 1143, 20, 5.98%, 0, 0, 25, 1129.90
1572598741, 9, 2398, 2421, 1141, 19, 5.98%, 0, 0, 25, 1360.39
1572598746, 9, 2404, 2421, 1136, 14, 5.98%, 0, 0, 25, 1488.75
1572598751, 9, 2404, 2423, 1138, 14, 5.98%, 0, 0, 25, 1135.37
1572598838, 9, 2415, 2435, 1141, 7, 5.98%, 0, 0, 25, 1114.83
1572598843, 9, 2415, 2438, 1144, 7, 5.98%, 0, 0, 25, 1066.54
1572598858, 9, 2415, 2447, 1153, 7, 5.98%, 0, 0, 25, 1085.68
1572598894, 9, 2415, 2448, 1154, 7, 5.98%, 0, 0, 25, 1063.60
1572598899, 9, 2415, 2449, 1155, 7, 5.98%, 0, 0, 25, 1073.04
1572598909, 9, 2415, 2450, 1156, 7, 5.98%, 0, 0, 25, 1053.28
1572598914, 9, 2415, 2451, 1157, 7, 5.98%, 0, 0, 25, 1108.27
1572598924, 9, 2416, 2453, 1158, 27, 5.98%, 0, 0, 25, 1117.18
1572598930, 9, 2416, 2454, 1159, 27, 5.98%, 0, 0, 25, 1057.85
1572598981, 9, 2416, 2455, 1160, 27, 5.98%, 0, 0, 25, 1068.78
1572599016, 9, 2420, 2455, 1159, 28, 5.98%, 0, 0, 25, 902.78
1572599341, 9, 2420, 2456, 1160, 28, 5.98%, 0, 0, 25, 745.18
1572600320, 9, 2420, 2458, 1162, 28, 5.98%, 0, 0, 25, 1852.26
1572600325, 9, 2420, 2459, 1163, 28, 5.98%, 0, 0, 25, 2127.40
1572600330, 9, 2426, 2462, 1163, 28, 5.98%, 0, 0, 25, 2416.04
1572600361, 9, 2426, 2463, 1164, 28, 5.98%, 0, 0, 25, 2663.47
1572600366, 9, 2433, 2463, 1157, 21, 5.98%, 0, 0, 25, 2688.00
1572600402, 9, 2448, 2464, 1146, 9, 5.98%, 0, 0, 25, 2706.43
1572600432, 9, 2448, 2465, 1147, 9, 5.98%, 0, 0, 25, 2644.67
1572600437, 9, 2449, 2465, 1146, 9, 5.98%, 0, 0, 25, 2722.05
1572600473, 9, 2452, 2465, 1145, 8, 5.98%, 0, 0, 25, 2682.10
1572600508, 9, 2456, 2465, 1144, 7, 5.98%, 0, 0, 25, 2161.53
1572600948, 9, 2458, 2465, 1143, 6, 5.98%, 0, 0, 25, 1862.84
1572601481, 9, 2458, 2466, 1144, 6, 5.98%, 0, 0, 25, 1834.64
1572601486, 9, 2458, 2467, 1145, 6, 5.98%, 0, 0, 25, 2124.29
1572601491, 9, 2461, 2468, 1144, 6, 5.99%, 0, 0, 25, 2196.53
1572601496, 9, 2462, 2468, 1143, 5, 5.99%, 0, 0, 25, 2528.39
1572601522, 9, 2462, 2469, 1144, 5, 5.99%, 0, 0, 25, 2605.58
1572601532, 9, 2464, 2470, 1144, 5, 5.99%, 0, 0, 25, 2653.18
1572601563, 9, 2464, 2471, 1145, 5, 5.99%, 0, 0, 25, 2704.21
1572601568, 9, 2466, 2471, 1144, 5, 5.99%, 0, 0, 25, 2198.72
1572601573, 9, 2466, 2472, 1145, 5, 5.99%, 0, 0, 25, 1838.47
1572602178, 9, 2467, 2472, 1144, 5, 5.99%, 0, 0, 25, 1716.24
1572604073, 9, 2467, 2474, 1146, 5, 5.99%, 0, 0, 25, 649.40
1572604078, 9, 2467, 2476, 1148, 5, 5.99%, 0, 0, 25, 696.24
1572604098, 9, 2470, 2479, 1149, 3, 5.99%, 0, 0, 25, 906.66
1572604119, 9, 2470, 2480, 1150, 3, 5.99%, 0, 0, 25, 1034.82
1572604190, 9, 2472, 2480, 1149, 5, 5.99%, 0, 0, 25, 1028.01
1572606511, 10, 806, 2480, 1143, 2, 5.99%, 0, 0, 25, 2280.42
1572606675, 10, 982, 2480, 1142, 1, 5.99%, 0, 0, 25, 2475.58
1572606680, 10, 982, 2481, 1143, 1, 5.99%, 0, 0, 25, 2654.63
1572606727, 10, 982, 2482, 1144, 1, 5.99%, 0, 0, 25, 2716.39
1572606732, 10, 1575, 2482, 1142, 1, 5.99%, 0, 0, 25, 2365.27
1572606809, 10, 1575, 2483, 1143, 1, 5.99%, 0, 0, 25, 2275.73
1572606957, 10, 1738, 2483, 1142, 3, 5.99%, 0, 0, 25, 2566.90
1572606962, 10, 2030, 2483, 1140, 3, 5.99%, 0, 0, 25, 2856.58
1572606967, 10, 2184, 2483, 1139, 3, 5.99%, 0, 0, 25, 2666.19
1572607059, 10, 2184, 2484, 1140, 3, 5.99%, 0, 0, 25, 2501.18
1572607161, 10, 2202, 2484, 1140, 4, 5.99%, 0, 0, 25, 2390.13
1572607181, 10, 2202, 2485, 1141, 4, 5.99%, 0, 0, 25, 2287.94
1572607258, 10, 2202, 2486, 1142, 4, 5.99%, 0, 0, 25, 2362.85
1572607365, 10, 2483, 2487, 1137, 3, 5.99%, 0, 0, 25, 2858.20
1572607391, 10, 2483, 2488, 1138, 3, 5.99%, 0, 0, 25, 2460.17
1572607560, 10, 2485, 2488, 1136, 2, 5.99%, 0, 0, 25, 2761.01
1572607565, 10, 2485, 2489, 1137, 2, 5.99%, 0, 0, 25, 2426.18
1572607657, 10, 2485, 2490, 1138, 2, 5.99%, 0, 0, 25, 2383.06
1572607770, 11, 32, 2490, 1132, 0, 5.99%, 0, 0, 25, 2934.41
1572607775, 11, 74, 2490, 1127, 0, 5.99%, 0, 0, 25, 2787.25
1572607980, 11, 138, 2490, 1119, 0, 5.99%, 0, 0, 25, 3089.40
1572607985, 11, 222, 2490, 1113, 0, 5.99%, 0, 0, 25, 2910.94
1572608189, 11, 251, 2490, 1109, 0, 5.99%, 0, 0, 25, 2835.08
1572608194, 11, 273, 2490, 1107, 0, 5.99%, 0, 0, 25, 2638.03
1572608393, 11, 283, 2490, 1105, 0, 5.99%, 0, 0, 25, 2807.82
1572608398, 11, 337, 2490, 1100, 0, 5.99%, 0, 0, 25, 2907.80
1572608471, 11, 339, 2490, 1099, 0, 5.99%, 0, 0, 25, 2719.97
1572608679, 11, 379, 2490, 1093, 0, 5.99%, 0, 0, 25, 2948.94
1572608818, 11, 391, 2490, 1092, 0, 5.99%, 0, 0, 25, 2652.07
1572608843, 11, 434, 2490, 1082, 0, 5.99%, 0, 0, 25, 3095.17
1572608848, 11, 436, 2490, 1081, 0, 5.99%, 0, 0, 25, 2689.07
1572609043, 11, 457, 2491, 1080, 0, 5.99%, 0, 0, 25, 2571.20
1572609548, 11, 1880, 2491, 1073, 2, 5.99%, 0, 0, 25, 1375.83
1572609568, 11, 1938, 2491, 1072, 2, 5.99%, 0, 0, 25, 1209.78
1572609589, 11, 2376, 2491, 1070, 2, 5.99%, 0, 0, 25, 1148.40
1572609640, 11, 2376, 2492, 1071, 2, 5.99%, 0, 0, 25, 1058.55
1572609787, 11, 2376, 2493, 1072, 2, 5.99%, 0, 0, 25, 1051.18
1572610011, 11, 2457, 2493, 1071, 3, 5.99%, 0, 0, 25, 1109.65
1572611241, 12, 665, 2493, 1066, 1, 5.99%, 0, 0, 25, 1442.73
1572611246, 12, 1744, 2494, 1062, 1, 5.99%, 0, 0, 25, 1483.43
1572611368, 12, 1744, 2495, 1063, 1, 5.99%, 0, 0, 25, 485.69
1572611373, 12, 1744, 2496, 1064, 1, 5.99%, 0, 0, 25, 474.44
1572612241, 12, 2032, 2496, 1064, 4, 5.99%, 0, 0, 25, 2400.93
1572612252, 12, 2283, 2496, 1063, 4, 5.99%, 0, 0, 25, 2357.38
1572612498, 12, 2283, 2497, 1064, 4, 5.99%, 0, 0, 25, 2345.81
1572612503, 12, 2392, 2497, 1062, 4, 5.99%, 0, 0, 25, 2591.01
1572612539, 12, 2496, 2497, 1059, 2, 5.99%, 0, 0, 25, 2888.85
1572612764, 12, 2497, 2498, 1059, 2, 5.99%, 0, 0, 25, 2518.39
1572613021, 13, 408, 2498, 1057, 1, 5.99%, 0, 0, 25, 2542.33
1572613221, 13, 697, 2498, 1052, 1, 5.99%, 0, 0, 25, 2630.41
1572613247, 13, 724, 2498, 1051, 1, 5.99%, 0, 0, 25, 2737.05
1572613319, 13, 1558, 2498, 1045, 0, 5.99%, 0, 0, 25, 2480.15
1572613797, 13, 1564, 2498, 1043, 0, 5.99%, 0, 0, 25, 1591.00
1572613848, 13, 1564, 2499, 1044, 0, 5.99%, 0, 0, 25, 1153.73
1572614275, 13, 1658, 2499, 1042, 1, 5.99%, 0, 0, 25, 2362.10
1572614424, 13, 2081, 2499, 1039, 1, 5.99%, 0, 0, 25, 2851.74
1572614434, 13, 2498, 2499, 1037, 1, 5.99%, 0, 0, 25, 2904.29
1572614439, 14, 84, 2499, 1028, 0, 5.99%, 0, 0, 25, 3156.39
1572614444, 14, 180, 2499, 1019, 0, 5.99%, 0, 0, 25, 3209.50
1572614449, 14, 220, 2499, 1015, 0, 5.99%, 0, 0, 25, 2849.51
1572614654, 14, 309, 2499, 1009, 0, 5.99%, 0, 0, 25, 2897.91
1572614864, 14, 325, 2499, 1007, 0, 5.99%, 0, 0, 25, 2579.54
1572615032, 14, 342, 2500, 1005, 0, 5.99%, 0, 0, 25, 2623.27
1572615242, 14, 462, 2501, 1005, 2, 5.99%, 0, 0, 25, 2403.47
1572615340, 14, 462, 2502, 1006, 2, 5.99%, 0, 0, 25, 2402.85
1572615452, 14, 533, 2502, 1005, 3, 5.99%, 0, 0, 25, 2595.72
1572615457, 14, 997, 2503, 1005, 3, 6.00%, 0, 0, 25, 2715.53
1572615478, 14, 1447, 2503, 1005, 4, 6.00%, 0, 0, 25, 2741.24
1572615508, 14, 1447, 2505, 1007, 4, 6.00%, 0, 0, 25, 1749.90
1572615767, 14, 2499, 2505, 1004, 6, 6.00%, 0, 0, 25, 2155.16
1572615976, 14, 2499, 2507, 1006, 6, 6.00%, 0, 0, 25, 2657.22
1572615981, 14, 2500, 2507, 1005, 7, 6.00%, 0, 0, 25, 2712.42
1572616043, 14, 2500, 2508, 1006, 7, 6.00%, 0, 0, 25, 2613.67
1572616140, 14, 2501, 2508, 1005, 7, 6.00%, 0, 0, 25, 2738.42
1572616145, 14, 2505, 2511, 1004, 3, 6.00%, 0, 0, 25, 2617.75
1572616170, 14, 2505, 2513, 1006, 3, 6.00%, 0, 0, 25, 2407.28
1572616191, 14, 2505, 2514, 1007, 3, 6.00%, 0, 0, 25, 2423.17
1572616221, 14, 2505, 2515, 1008, 3, 6.00%, 0, 0, 25, 2439.87
1572616354, 14, 2507, 2516, 1008, 8, 6.00%, 0, 0, 25, 2698.24
1572616375, 14, 2507, 2517, 1009, 8, 6.00%, 0, 0, 25, 2611.19
1572616518, 14, 2508, 2517, 1008, 9, 6.00%, 0, 0, 25, 2534.26
1572616728, 14, 2509, 2517, 1007, 8, 6.00%, 0, 0, 25, 2625.72
1572616733, 15, 28, 2517, 999, 0, 6.00%, 0, 0, 25, 3068.42
1572616738, 15, 202, 2517, 990, 0, 6.00%, 0, 0, 25, 3145.79
1572616743, 15, 204, 2517, 989, 0, 6.00%, 0, 0, 25, 2549.14
1572616953, 15, 259, 2517, 988, 0, 6.00%, 0, 0, 25, 2551.98
1572617153, 15, 278, 2517, 987, 0, 6.00%, 0, 0, 25, 2632.88
1572617358, 15, 298, 2517, 986, 0, 6.00%, 0, 0, 25, 2700.33
1572617363, 15, 374, 2517, 976, 0, 6.00%, 0, 0, 25, 3090.07
1572617368, 15, 375, 2517, 975, 0, 6.00%, 0, 0, 25, 2667.78
1572617573, 15, 376, 2517, 975, 0, 6.00%, 0, 0, 25, 2506.79
1572618030, 15, 378, 2517, 974, 0, 6.00%, 0, 0, 25, 1037.97
1572618081, 15, 378, 2518, 975, 0, 6.00%, 0, 0, 25, 950.88
1572618524, 15, 393, 2518, 974, 1, 6.00%, 0, 0, 25, 1072.96
1572618580, 15, 444, 2518, 973, 1, 6.00%, 0, 0, 25, 1033.21
1572618789, 15, 444, 2519, 974, 1, 6.00%, 0, 0, 25, 1019.29
1572619090, 15, 1023, 2519, 972, 2, 6.00%, 0, 0, 25, 1438.43
1572619095, 15, 1654, 2519, 970, 2, 6.00%, 0, 0, 25, 1308.12
1572619492, 15, 1960, 2519, 969, 2, 6.00%, 0, 0, 25, 1082.01
1572619513, 15, 2518, 2519, 966, 1, 6.00%, 0, 0, 25, 1331.96
1572619574, 15, 2518, 2520, 967, 1, 6.00%, 0, 0, 25, 1012.51
