# unix_time, cycles_done, cur_path, paths_total, pending_total, pending_favs, map_size, unique_crashes, unique_hangs, max_depth, execs_per_sec
1572299783, 0, 0, 1, 1, 1, 0.43%, 0, 0, 1, 2666.67
1572299788, 0, 0, 22, 22, 1, 0.67%, 0, 0, 2, 3145.23
1572299793, 0, 1, 26, 25, 13, 0.69%, 0, 0, 2, 3255.39
1572299798, 0, 9, 32, 28, 12, 0.76%, 0, 0, 3, 3248.86
1572299803, 0, 11, 37, 32, 15, 0.78%, 0, 0, 3, 3340.92
1572299808, 0, 14, 38, 31, 19, 0.83%, 0, 0, 3, 3313.81
1572299813, 0, 18, 40, 30, 18, 0.84%, 0, 0, 3, 3234.67
1572299818, 0, 28, 42, 26, 14, 1.01%, 0, 0, 3, 3184.52
1572299823, 0, 30, 47, 29, 12, 1.12%, 0, 0, 4, 3162.60
1572299829, 0, 30, 49, 31, 12, 1.13%, 0, 0, 4, 3142.45
1572299834, 0, 32, 51, 32, 18, 1.13%, 0, 0, 4, 3259.25
1572299839, 0, 34, 51, 30, 16, 1.13%, 0, 0, 4, 3284.25
1572299844, 0, 36, 51, 28, 14, 1.13%, 0, 0, 4, 3215.84
1572299849, 0, 37, 70, 46, 13, 1.16%, 0, 0, 4, 3187.23
1572299854, 0, 37, 75, 51, 13, 1.17%, 0, 0, 4, 3220.47
1572299859, 0, 41, 79, 51, 22, 1.20%, 0, 0, 4, 3248.27
1572299864, 0, 42, 92, 63, 21, 1.23%, 0, 0, 5, 3215.11
1572299869, 0, 42, 96, 67, 21, 1.26%, 0, 0, 5, 3208.71
1572299874, 0, 46, 99, 68, 29, 1.27%, 0, 0, 5, 3203.99
1572299879, 0, 50, 101, 68, 29, 1.42%, 0, 0, 5, 3211.83
1572299884, 0, 54, 110, 75, 29, 1.43%, 0, 0, 5, 2766.50
1572299890, 0, 54, 116, 81, 29, 1.46%, 0, 0, 5, 2450.44
1572299895, 0, 54, 121, 86, 29, 1.47%, 0, 0, 5, 2383.35
1572299900, 0, 60, 122, 85, 32, 1.47%, 0, 0, 5, 2396.31
1572299905, 0, 73, 125, 85, 30, 1.47%, 0, 0, 5, 2366.68
1572299910, 0, 73, 128, 88, 30, 1.49%, 0, 0, 5, 2373.42
1572299915, 0, 73, 132, 92, 30, 1.51%, 0, 0, 5, 2273.56
1572299920, 0, 73, 133, 93, 30, 1.52%, 0, 0, 5, 2269.55
1572299925, 0, 74, 136, 95, 34, 1.52%, 0, 0, 5, 2521.56
1572299930, 0, 74, 144, 103, 34, 1.57%, 0, 0, 5, 2304.02
1572299935, 0, 74, 145, 104, 34, 1.58%, 0, 0, 5, 2494.11
1572299940, 0, 75, 151, 109, 40, 1.59%, 0, 0, 5, 2807.01
1572299945, 0, 76, 152, 109, 41, 1.59%, 0, 0, 5, 2517.81
1572299951, 0, 76, 153, 110, 41, 1.59%, 0, 0, 5, 2770.76
1572299956, 0, 77, 153, 109, 41, 1.59%, 0, 0, 5, 2378.93
1572299961, 0, 78, 155, 110, 40, 1.60%, 0, 0, 5, 2702.32
1572299966, 0, 80, 156, 110, 41, 1.60%, 0, 0, 6, 2762.63
1572299971, 0, 82, 156, 108, 39, 1.60%, 0, 0, 6, 2593.07
1572299976, 0, 84, 156, 107, 38, 1.60%, 0, 0, 6, 2479.26
1572299981, 0, 86, 156, 106, 37, 1.60%, 0, 0, 6, 2631.02
1572299986, 0, 88, 160, 109, 36, 1.60%, 0, 0, 6, 2796.47
1572299991, 0, 88, 166, 115, 36, 1.60%, 0, 0, 6, 2649.52
1572300002, 0, 89, 166, 114, 37, 1.60%, 0, 0, 6, 2699.22
1572300007, 0, 92, 166, 112, 35, 1.60%, 0, 0, 6, 2528.68
1572300012, 0, 93, 166, 111, 34, 1.60%, 0, 0, 6, 2464.99
1572300017, 0, 94, 166, 110, 33, 1.60%, 0, 0, 6, 2285.34
1572300022, 0, 96, 166, 109, 32, 1.60%, 0, 0, 6, 2350.92
1572300027, 0, 97, 182, 124, 31, 1.69%, 0, 0, 6, 2725.83
1572300032, 0, 97, 189, 131, 31, 1.69%, 0, 0, 6, 2721.53
1572300037, 0, 97, 193, 135, 31, 1.76%, 0, 0, 6, 2735.32
1572300042, 0, 99, 196, 136, 46, 1.78%, 0, 0, 6, 2785.51
1572300048, 0, 101, 197, 136, 44, 1.79%, 0, 0, 6, 2685.54
1572300053, 0, 103, 201, 139, 45, 2.51%, 0, 0, 6, 2790.84
1572300058, 0, 109, 207, 144, 44, 2.52%, 0, 0, 6, 2910.29
1572300063, 0, 109, 208, 145, 44, 2.52%, 0, 0, 6, 2574.06
1572300068, 0, 119, 212, 147, 46, 2.52%, 0, 0, 6, 3000.39
1572300073, 0, 124, 213, 146, 44, 2.53%, 0, 0, 6, 3040.89
1572300078, 0, 129, 214, 146, 44, 2.53%, 0, 0, 6, 2771.72
1572300083, 0, 130, 214, 145, 44, 2.53%, 0, 0, 6, 2888.79
1572300088, 0, 130, 222, 153, 44, 2.72%, 0, 0, 6, 2756.38
1572300093, 0, 130, 226, 157, 44, 2.77%, 0, 0, 6, 2761.07
1572300098, 0, 131, 228, 158, 50, 2.79%, 0, 0, 6, 2598.94
1572300104, 0, 131, 235, 165, 50, 2.89%, 0, 0, 6, 2497.89
1572300109, 0, 131, 241, 171, 50, 2.96%, 0, 0, 6, 2499.97
1572300114, 0, 132, 248, 177, 57, 3.00%, 0, 0, 6, 2731.86
1572300119, 0, 134, 249, 176, 55, 3.00%, 0, 0, 6, 2829.71
1572300124, 0, 134, 254, 181, 55, 3.00%, 0, 0, 6, 2637.85
1572300129, 0, 134, 256, 183, 55, 3.04%, 0, 0, 6, 2592.24
1572300134, 0, 144, 260, 186, 55, 3.04%, 0, 0, 6, 2823.07
1572300139, 0, 144, 261, 187, 55, 3.04%, 0, 0, 6, 2901.16
1572300144, 0, 147, 265, 190, 55, 3.05%, 0, 0, 6, 2891.88
1572300149, 0, 147, 268, 193, 55, 3.07%, 0, 0, 6, 2852.95
1572300154, 0, 150, 271, 194, 55, 3.08%, 0, 0, 6, 2887.54
1572300160, 0, 151, 271, 193, 56, 3.08%, 0, 0, 6, 3262.86
1572300165, 0, 153, 272, 193, 55, 3.08%, 0, 0, 6, 3295.10
1572300170, 0, 154, 277, 197, 58, 3.11%, 0, 0, 6, 3393.02
1572300175, 0, 157, 277, 196, 59, 3.11%, 0, 0, 6, 3263.98
1572300180, 0, 167, 277, 195, 58, 3.11%, 0, 0, 6, 3033.47
1572300185, 0, 170, 279, 196, 57, 3.12%, 0, 0, 7, 2998.50
1572300190, 0, 170, 296, 213, 57, 3.15%, 0, 0, 7, 2992.05
1572300195, 0, 174, 297, 213, 68, 3.15%, 0, 0, 7, 2747.39
1572300200, 0, 175, 298, 213, 68, 3.20%, 0, 0, 7, 2706.17
1572300205, 0, 177, 299, 213, 68, 3.24%, 0, 0, 7, 2820.46
1572300210, 0, 178, 305, 218, 67, 3.25%, 0, 0, 7, 2718.04
1572300215, 0, 178, 308, 221, 67, 3.25%, 0, 0, 7, 2813.36
1572300220, 0, 181, 316, 228, 69, 3.26%, 0, 0, 7, 2879.59
1572300226, 0, 181, 344, 256, 69, 3.37%, 0, 0, 7, 3044.40
1572300231, 0, 183, 348, 259, 98, 3.38%, 0, 0, 7, 2925.66
1572300236, 0, 183, 355, 266, 98, 3.40%, 0, 0, 7, 3138.50
1572300241, 0, 183, 361, 272, 98, 3.41%, 0, 0, 7, 3048.50
1572300246, 0, 184, 364, 274, 106, 3.42%, 0, 0, 7, 2694.76
1572300251, 0, 187, 365, 274, 105, 3.42%, 0, 0, 7, 2688.35
1572300256, 0, 190, 374, 282, 105, 3.44%, 0, 0, 7, 2803.90
1572300261, 0, 190, 380, 288, 105, 3.44%, 0, 0, 7, 2711.61
1572300266, 0, 190, 390, 298, 105, 3.45%, 0, 0, 7, 2648.46
1572300271, 0, 192, 392, 299, 119, 3.45%, 0, 0, 7, 2652.49
1572300276, 0, 193, 393, 299, 118, 3.46%, 0, 0, 7, 2675.74
1572300282, 0, 194, 395, 300, 120, 3.47%, 0, 0, 7, 2909.57
1572300287, 0, 196, 395, 299, 119, 3.47%, 0, 0, 7, 2967.00
1572300292, 0, 198, 397, 300, 118, 3.51%, 0, 0, 7, 3042.57
1572300297, 0, 200, 415, 316, 117, 3.56%, 0, 0, 7, 2340.00
1572300302, 0, 200, 450, 351, 117, 3.74%, 0, 0, 7, 684.21
1572300307, 0, 200, 470, 371, 117, 3.91%, 0, 0, 7, 27.73
1572300317, 0, 200, 496, 397, 117, 3.93%, 0, 0, 7, 415.49
1572300322, 0, 200, 581, 482, 117, 4.04%, 0, 0, 7, 1575.04
1572300327, 0, 200, 625, 526, 117, 4.08%, 0, 0, 7, 552.87
1572300332, 0, 200, 653, 554, 117, 4.08%, 0, 0, 7, 1031.93
1572300337, 0, 200, 683, 584, 117, 4.10%, 0, 0, 7, 1503.61
1572300343, 0, 200, 716, 617, 117, 4.12%, 0, 0, 7, 1357.85
1572300348, 0, 203, 731, 630, 174, 4.13%, 0, 0, 7, 1947.69
1572300353, 0, 206, 731, 628, 172, 4.13%, 0, 0, 7, 3018.88
1572300358, 0, 207, 740, 636, 171, 4.14%, 0, 0, 7, 3208.61
1572300363, 0, 211, 742, 637, 172, 4.14%, 0, 0, 7, 3302.78
1572300368, 0, 212, 742, 636, 172, 4.14%, 0, 0, 7, 3003.57
1572300373, 0, 213, 742, 635, 171, 4.14%, 0, 0, 7, 2913.28
1572300378, 0, 214, 742, 634, 170, 4.14%, 0, 0, 7, 2903.89
1572300384, 0, 216, 744, 635, 169, 4.14%, 0, 0, 7, 1680.98
1572300404, 0, 219, 750, 640, 168, 4.15%, 0, 0, 7, 171.20
1572300409, 0, 219, 754, 644, 168, 4.18%, 0, 0, 7, 250.55
1572300414, 0, 219, 757, 647, 168, 4.18%, 0, 0, 7, 260.23
1572300425, 0, 219, 764, 654, 168, 4.21%, 0, 0, 7, 373.73
1572300430, 0, 219, 765, 655, 168, 4.21%, 0, 0, 7, 276.32
1572300450, 0, 219, 768, 658, 168, 4.22%, 0, 0, 7, 282.44
1572300460, 0, 219, 770, 660, 168, 4.23%, 0, 0, 7, 334.58
1572300476, 0, 219, 771, 661, 168, 4.23%, 0, 0, 7, 299.84
1572300491, 0, 219, 776, 666, 168, 4.23%, 0, 0, 7, 418.24
1572300496, 0, 219, 791, 681, 168, 4.24%, 0, 0, 7, 476.12
1572300501, 0, 219, 801, 691, 168, 4.25%, 0, 0, 7, 560.28
1572300506, 0, 219, 811, 701, 168, 4.27%, 0, 0, 7, 570.42
1572300511, 0, 219, 824, 714, 168, 4.28%, 0, 0, 7, 544.85
1572300517, 0, 219, 832, 722, 168, 4.28%, 0, 0, 7, 589.00
1572300522, 0, 219, 834, 724, 168, 4.28%, 0, 0, 7, 577.02
1572300527, 0, 219, 844, 734, 168, 4.28%, 0, 0, 7, 587.83
1572300532, 0, 219, 852, 742, 168, 4.28%, 0, 0, 7, 555.02
1572300537, 0, 224, 857, 746, 184, 4.28%, 0, 0, 7, 856.85
1572300542, 0, 224, 859, 748, 184, 4.29%, 0, 0, 7, 49.64
1572300552, 0, 224, 864, 753, 184, 4.31%, 0, 0, 7, 1485.44
1572300557, 0, 224, 871, 760, 184, 4.31%, 0, 0, 7, 1428.98
1572300562, 0, 224, 878, 767, 184, 4.31%, 0, 0, 7, 1425.07
1572300568, 0, 224, 881, 770, 184, 4.31%, 0, 0, 7, 1487.57
1572300573, 0, 225, 886, 774, 186, 4.31%, 0, 0, 7, 1567.52
1572300578, 0, 225, 887, 775, 186, 4.34%, 0, 0, 7, 1476.07
1572300583, 0, 225, 892, 780, 186, 4.35%, 0, 0, 7, 2658.00
1572300588, 0, 225, 901, 789, 186, 4.36%, 0, 0, 7, 2213.99
1572300593, 0, 225, 906, 794, 186, 4.36%, 0, 0, 7, 2154.86
1572300598, 0, 252, 911, 798, 187, 4.37%, 0, 0, 7, 2329.19
1572300603, 0, 253, 913, 799, 186, 4.37%, 0, 0, 7, 2848.48
1572300608, 0, 257, 915, 800, 186, 4.41%, 0, 0, 7, 3030.51
1572300613, 0, 257, 921, 806, 186, 4.44%, 0, 0, 7, 3145.04
1572300618, 0, 257, 922, 807, 186, 4.44%, 0, 0, 7, 3135.27
1572300623, 0, 263, 926, 810, 191, 4.44%, 0, 0, 7, 3217.92
1572300628, 0, 263, 931, 815, 191, 4.44%, 0, 0, 7, 3181.40
1572300633, 0, 266, 937, 819, 190, 4.45%, 0, 0, 7, 3156.11
1572300639, 0, 266, 938, 820, 190, 4.46%, 0, 0, 7, 3080.73
1572300644, 0, 269, 941, 822, 194, 4.47%, 0, 0, 7, 3236.75
1572300649, 0, 270, 941, 821, 195, 4.47%, 0, 0, 7, 3366.26
1572300654, 0, 271, 942, 821, 194, 4.48%, 0, 0, 7, 3359.94
1572300659, 0, 272, 945, 823, 194, 4.49%, 0, 0, 7, 3149.50
1572300664, 0, 273, 945, 822, 196, 4.49%, 0, 0, 7, 3118.63
1572300669, 0, 274, 945, 821, 195, 4.49%, 0, 0, 7, 3157.05
1572300674, 0, 275, 945, 820, 194, 4.49%, 0, 0, 7, 3174.16
1572300679, 0, 276, 945, 819, 193, 4.49%, 0, 0, 7, 3272.56
1572300684, 0, 278, 945, 818, 192, 4.49%, 0, 0, 7, 3231.45
1572300689, 0, 280, 945, 816, 190, 4.49%, 0, 0, 7, 3062.53
1572300694, 0, 281, 945, 815, 189, 4.49%, 0, 0, 7, 3158.30
1572300700, 0, 283, 945, 814, 188, 4.49%, 0, 0, 7, 3309.81
1572300705, 0, 288, 946, 813, 186, 4.53%, 0, 0, 8, 3295.03
1572300710, 0, 291, 946, 812, 186, 4.53%, 0, 0, 8, 3267.62
1572300715, 0, 292, 948, 813, 185, 4.53%, 0, 0, 8, 3220.25
1572300720, 0, 294, 948, 812, 184, 4.53%, 0, 0, 8, 3273.63
1572300725, 0, 294, 951, 815, 184, 4.53%, 0, 0, 8, 3273.83
1572300730, 0, 296, 956, 819, 185, 4.54%, 0, 0, 8, 3279.27
1572300735, 0, 299, 956, 817, 183, 4.54%, 0, 0, 8, 3248.49
1572300740, 0, 301, 957, 817, 183, 4.54%, 0, 0, 8, 3223.46
1572300745, 0, 301, 960, 820, 183, 4.55%, 0, 0, 8, 3216.15
1572300750, 0, 304, 964, 823, 185, 4.55%, 0, 0, 8, 3230.55
1572300756, 0, 304, 967, 826, 185, 4.55%, 0, 0, 8, 3036.38
1572300761, 0, 309, 967, 824, 184, 4.55%, 0, 0, 8, 3039.03
1572300766, 0, 309, 969, 826, 184, 4.55%, 0, 0, 8, 3191.39
1572300771, 0, 314, 969, 824, 182, 4.55%, 0, 0, 8, 3222.82
1572300776, 0, 317, 969, 822, 180, 4.55%, 0, 0, 8, 3215.90
1572300781, 0, 320, 969, 820, 178, 4.55%, 0, 0, 8, 3201.35
1572300786, 0, 325, 970, 819, 176, 4.55%, 0, 0, 8, 3139.21
1572300791, 0, 326, 970, 818, 175, 4.55%, 0, 0, 8, 3195.79
1572300796, 0, 326, 974, 822, 175, 4.55%, 0, 0, 8, 3119.84
1572300801, 0, 328, 976, 823, 173, 4.56%, 0, 0, 8, 3091.39
1572300806, 0, 329, 977, 823, 173, 4.59%, 0, 0, 8, 3160.55
1572300811, 0, 330, 978, 823, 172, 4.59%, 0, 0, 8, 3279.68
1572300816, 0, 332, 978, 821, 170, 4.59%, 0, 0, 8, 3244.23
1572300821, 0, 334, 978, 819, 168, 4.59%, 0, 0, 8, 3255.48
1572300826, 0, 338, 980, 820, 167, 4.59%, 0, 0, 8, 3226.61
1572300831, 0, 338, 982, 822, 167, 4.59%, 0, 0, 8, 3182.10
1572300836, 0, 339, 983, 822, 168, 4.59%, 0, 0, 8, 3224.48
1572300841, 0, 342, 984, 821, 166, 4.59%, 0, 0, 8, 3224.29
1572300847, 0, 344, 984, 819, 165, 4.59%, 0, 0, 8, 3235.21
1572300852, 0, 347, 984, 817, 163, 4.59%, 0, 0, 8, 3241.36
1572300857, 0, 348, 984, 816, 162, 4.59%, 0, 0, 8, 3324.73
1572300862, 0, 351, 984, 815, 162, 4.59%, 0, 0, 8, 3302.96
1572300867, 0, 353, 986, 816, 161, 4.59%, 0, 0, 8, 3256.30
1572300872, 0, 354, 987, 816, 160, 4.59%, 0, 0, 8, 3255.49
1572300877, 0, 355, 987, 815, 159, 4.59%, 0, 0, 8, 3119.79
1572300882, 0, 359, 988, 815, 158, 4.59%, 0, 0, 8, 3033.61
1572300887, 0, 360, 989, 815, 158, 4.59%, 0, 0, 8, 3162.29
1572300892, 0, 361, 991, 816, 157, 4.59%, 0, 0, 8, 3263.99
1572300897, 0, 362, 992, 816, 156, 4.59%, 0, 0, 8, 3322.01
1572300902, 0, 365, 996, 818, 155, 4.59%, 0, 0, 8, 3315.37
1572300908, 0, 367, 996, 816, 153, 4.59%, 0, 0, 8, 3308.70
1572300913, 0, 372, 996, 815, 152, 4.59%, 0, 0, 8, 3359.28
1572300918, 0, 373, 996, 814, 151, 4.59%, 0, 0, 8, 3380.43
1572300923, 0, 375, 996, 812, 149, 4.59%, 0, 0, 8, 3313.86
1572300928, 0, 379, 996, 811, 148, 4.59%, 0, 0, 8, 3270.41
1572300933, 0, 381, 998, 812, 147, 4.59%, 0, 0, 8, 3273.70
1572300938, 0, 382, 998, 811, 146, 4.59%, 0, 0, 8, 3295.29
1572300943, 0, 383, 1003, 815, 145, 4.60%, 0, 0, 8, 3242.14
1572300948, 0, 383, 1007, 819, 145, 4.60%, 0, 0, 8, 3224.43
1572300953, 0, 384, 1007, 818, 148, 4.60%, 0, 0, 8, 2909.06
1572300958, 0, 393, 1008, 817, 147, 4.61%, 0, 0, 8, 3073.63
1572300963, 0, 394, 1009, 817, 146, 4.61%, 0, 0, 8, 3207.36
1572300969, 0, 395, 1009, 816, 145, 4.61%, 0, 0, 8, 49.69
1572300974, 0, 395, 1010, 817, 145, 4.62%, 0, 0, 8, 2859.09
1572300979, 0, 396, 1010, 816, 145, 4.62%, 0, 0, 8, 49.63
1572300984, 0, 396, 1011, 817, 145, 4.62%, 0, 0, 8, 2093.02
1572300989, 0, 410, 1013, 818, 145, 4.62%, 0, 0, 8, 84.19
1572301005, 0, 410, 1021, 826, 145, 4.64%, 0, 0, 8, 1708.66
1572301010, 0, 410, 1028, 833, 145, 4.64%, 0, 0, 8, 1545.19
1572301016, 0, 419, 1033, 837, 148, 4.64%, 0, 0, 8, 338.79
1572301037, 0, 419, 1035, 839, 148, 4.64%, 0, 0, 8, 1703.30
1572301042, 0, 419, 1038, 842, 148, 4.64%, 0, 0, 8, 1658.54
1572301047, 0, 423, 1039, 842, 147, 4.64%, 0, 0, 8, 2488.58
1572301062, 0, 423, 1040, 843, 147, 4.64%, 0, 0, 8, 2139.00
1572301067, 0, 425, 1041, 843, 146, 4.64%, 0, 0, 8, 1668.29
1572301072, 0, 425, 1042, 844, 146, 4.65%, 0, 0, 8, 1570.83
1572301083, 0, 425, 1044, 846, 146, 4.65%, 0, 0, 8, 2090.42
1572301093, 0, 425, 1047, 849, 146, 4.65%, 0, 0, 8, 1228.85
1572301098, 0, 425, 1051, 853, 146, 4.65%, 0, 0, 8, 1207.92
1572301103, 0, 427, 1054, 855, 146, 4.66%, 0, 0, 8, 2392.07
1572301119, 0, 427, 1058, 859, 146, 4.66%, 0, 0, 8, 2183.22
1572301124, 0, 427, 1064, 865, 146, 4.66%, 0, 0, 8, 1727.89
1572301129, 0, 427, 1067, 868, 146, 4.66%, 0, 0, 8, 1493.75
1572301134, 0, 430, 1068, 868, 146, 4.66%, 0, 0, 8, 1295.75
1572301139, 0, 430, 1069, 869, 146, 4.67%, 0, 0, 8, 27.51
1572301150, 0, 430, 1072, 872, 146, 4.67%, 0, 0, 8, 2152.95
1572301155, 0, 430, 1074, 874, 146, 4.69%, 0, 0, 8, 1691.88
1572301160, 0, 434, 1075, 874, 146, 4.69%, 0, 0, 8, 2710.00
1572301175, 0, 434, 1076, 875, 146, 4.70%, 0, 0, 8, 2730.76
1572301180, 0, 440, 1076, 874, 146, 4.70%, 0, 0, 8, 77.41
1572301186, 0, 440, 1080, 878, 146, 4.70%, 0, 0, 8, 2505.18
1572301196, 0, 440, 1081, 879, 146, 4.70%, 0, 0, 8, 1801.86
1572301201, 0, 440, 1086, 884, 146, 4.70%, 0, 0, 8, 1494.51
1572301206, 0, 440, 1087, 885, 146, 4.70%, 0, 0, 8, 1174.34
1572301211, 0, 440, 1092, 890, 146, 4.71%, 0, 0, 8, 1523.92
1572301216, 0, 443, 1093, 890, 146, 4.72%, 0, 0, 8, 1170.00
1572301237, 0, 443, 1095, 892, 146, 4.72%, 0, 0, 8, 1519.38
1572301242, 0, 443, 1098, 895, 146, 4.72%, 0, 0, 8, 1476.05
1572301247, 0, 445, 1099, 895, 146, 4.72%, 0, 0, 8, 2630.00
1572301268, 0, 445, 1101, 897, 146, 4.72%, 0, 0, 8, 1461.51
1572301273, 0, 445, 1102, 898, 146, 4.72%, 0, 0, 8, 1219.99
1572301278, 0, 445, 1107, 903, 146, 4.72%, 0, 0, 8, 1289.68
1572301283, 0, 447, 1111, 906, 147, 4.73%, 0, 0, 8, 73.40
1572301288, 0, 447, 1112, 907, 147, 4.73%, 0, 0, 8, 976.53
1572301303, 0, 448, 1115, 909, 149, 4.73%, 0, 0, 8, 50.59
1572301309, 0, 448, 1118, 912, 149, 4.75%, 0, 0, 8, 49.59
1572301314, 0, 448, 1119, 913, 149, 4.75%, 0, 0, 8, 2550.00
1572301319, 0, 448, 1125, 919, 149, 4.75%, 0, 0, 8, 1384.32
1572301324, 0, 448, 1128, 922, 149, 4.75%, 0, 0, 8, 1227.00
1572301335, 0, 458, 1128, 921, 152, 4.75%, 0, 0, 8, 77.99
1572301350, 0, 458, 1131, 924, 152, 4.75%, 0, 0, 8, 1728.70
1572301355, 0, 458, 1133, 926, 152, 4.75%, 0, 0, 8, 1554.49
1572301365, 0, 462, 1133, 925, 151, 4.75%, 0, 0, 8, 2380.76
1572301371, 0, 462, 1136, 928, 151, 4.76%, 0, 0, 8, 49.66
1572301376, 0, 462, 1142, 934, 151, 4.78%, 0, 0, 8, 192.66
1572301381, 0, 462, 1147, 939, 151, 4.79%, 0, 0, 8, 1922.08
1572301386, 0, 462, 1150, 942, 151, 4.79%, 0, 0, 8, 1745.74
1572301391, 0, 462, 1156, 948, 151, 4.79%, 0, 0, 8, 1563.08
1572301396, 0, 466, 1156, 947, 159, 4.79%, 0, 0, 8, 1341.71
1572301412, 0, 467, 1158, 948, 159, 4.79%, 0, 0, 8, 1770.58
1572301417, 0, 467, 1166, 956, 159, 4.84%, 0, 0, 8, 46.23
1572301432, 0, 467, 1167, 957, 159, 4.84%, 0, 0, 8, 1332.77
1572301437, 0, 467, 1169, 959, 159, 4.84%, 0, 0, 8, 1498.84
1572301443, 0, 467, 1174, 964, 159, 4.85%, 0, 0, 8, 1544.97
1572301448, 0, 471, 1174, 963, 165, 4.85%, 0, 0, 8, 2762.84
1572301463, 0, 472, 1174, 962, 165, 4.85%, 0, 0, 8, 80.28
1572301473, 0, 472, 1175, 963, 165, 4.85%, 0, 0, 8, 1927.70
1572301479, 0, 472, 1177, 965, 165, 4.85%, 0, 0, 8, 1568.16
1572301484, 0, 472, 1179, 967, 165, 4.85%, 0, 0, 8, 1604.44
1572301489, 0, 479, 1182, 969, 165, 4.85%, 0, 0, 8, 1525.95
1572301509, 0, 479, 1187, 974, 165, 4.85%, 0, 0, 8, 1600.50
1572301515, 0, 479, 1188, 975, 165, 4.85%, 0, 0, 8, 1583.49
1572301520, 0, 503, 1189, 975, 164, 4.86%, 0, 0, 8, 1517.72
1572301540, 0, 503, 1191, 977, 164, 4.86%, 0, 0, 8, 1764.21
1572301545, 0, 503, 1194, 980, 164, 4.86%, 0, 0, 8, 1635.76
1572301556, 0, 508, 1196, 981, 165, 4.87%, 0, 0, 8, 126.50
1572301561, 0, 508, 1197, 982, 165, 4.87%, 0, 0, 8, 195.52
1572301566, 0, 508, 1200, 985, 165, 4.87%, 0, 0, 8, 2113.20
1572301571, 0, 508, 1201, 986, 165, 4.87%, 0, 0, 8, 1840.89
1572301577, 0, 510, 1201, 985, 167, 4.87%, 0, 0, 8, 1829.21
1572301592, 0, 510, 1205, 989, 167, 4.87%, 0, 0, 8, 1977.11
1572301597, 0, 510, 1206, 990, 167, 4.87%, 0, 0, 8, 1820.40
1572301602, 0, 510, 1207, 991, 167, 4.87%, 0, 0, 8, 1591.38
1572301607, 0, 513, 1207, 990, 167, 4.87%, 0, 0, 8, 85.99
1572301623, 0, 536, 1211, 993, 166, 4.88%, 0, 0, 8, 53.76
1572301633, 0, 536, 1212, 994, 166, 4.88%, 0, 0, 8, 193.55
1572301638, 0, 536, 1213, 995, 166, 4.88%, 0, 0, 8, 1435.94
1572301643, 0, 536, 1215, 997, 166, 4.88%, 0, 0, 8, 1596.18
1572301648, 0, 536, 1217, 999, 166, 4.88%, 0, 0, 8, 1634.61
1572301654, 0, 571, 1218, 999, 169, 4.89%, 0, 0, 8, 1804.78
1572301669, 0, 571, 1220, 1001, 169, 4.89%, 0, 0, 8, 1995.05
1572301674, 0, 571, 1222, 1003, 169, 4.89%, 0, 0, 8, 1585.29
1572301679, 0, 571, 1225, 1006, 169, 4.89%, 0, 0, 8, 1565.15
1572301684, 0, 571, 1226, 1007, 169, 4.89%, 0, 0, 8, 1265.96
1572301690, 0, 581, 1226, 1006, 172, 4.89%, 0, 0, 8, 79.26
1572301700, 0, 581, 1227, 1007, 172, 4.89%, 0, 0, 8, 2034.06
1572301705, 0, 584, 1227, 1006, 171, 4.89%, 0, 0, 8, 190.79
1572301720, 0, 608, 1227, 1005, 170, 4.89%, 0, 0, 8, 1555.61
1572301741, 0, 610, 1228, 1005, 169, 4.90%, 0, 0, 8, 289.75
1572301756, 0, 630, 1228, 1004, 169, 4.90%, 0, 0, 8, 74.69
1572301771, 0, 637, 1229, 1004, 168, 4.90%, 0, 0, 8, 2326.00
1572301797, 0, 637, 1235, 1010, 168, 4.90%, 0, 0, 8, 1334.59
1572301802, 0, 637, 1238, 1013, 168, 4.90%, 0, 0, 8, 1369.30
1572301807, 0, 637, 1243, 1018, 168, 4.90%, 0, 0, 8, 1229.95
1572301812, 0, 646, 1247, 1021, 169, 4.90%, 0, 0, 8, 1463.33
1572301828, 0, 660, 1247, 1020, 168, 4.90%, 0, 0, 8, 1498.00
1572301844, 0, 660, 1248, 1021, 168, 4.90%, 0, 0, 8, 396.06
1572301849, 0, 660, 1250, 1023, 168, 4.90%, 0, 0, 8, 1741.88
1572301854, 0, 660, 1251, 1024, 168, 4.90%, 0, 0, 8, 1548.14
1572301859, 0, 669, 1252, 1024, 169, 4.90%, 0, 0, 8, 1429.14
1572301869, 0, 669, 1253, 1025, 169, 4.90%, 0, 0, 8, 61.11
1572301879, 0, 675, 1253, 1024, 168, 4.90%, 0, 0, 8, 278.31
1572301884, 0, 675, 1255, 1026, 168, 4.91%, 0, 0, 8, 41.35
1572301900, 0, 676, 1261, 1031, 168, 4.92%, 0, 0, 8, 75.29
1572301905, 0, 676, 1264, 1034, 168, 4.92%, 0, 0, 8, 1394.59
1572301910, 0, 676, 1266, 1036, 168, 4.92%, 0, 0, 8, 1706.75
1572301915, 0, 676, 1269, 1039, 168, 4.92%, 0, 0, 8, 1813.69
1572301920, 0, 676, 1272, 1042, 168, 4.92%, 0, 0, 8, 1962.55
1572301926, 0, 678, 1273, 1042, 173, 4.93%, 0, 0, 8, 1282.25
1572301936, 0, 678, 1275, 1044, 173, 4.93%, 0, 0, 8, 1987.16
1572301946, 0, 678, 1276, 1045, 173, 4.93%, 0, 0, 8, 1454.85
1572301951, 0, 692, 1277, 1045, 172, 4.93%, 0, 0, 8, 1451.97
1572301977, 0, 710, 1277, 1044, 171, 4.93%, 0, 0, 8, 80.38
1572301992, 0, 710, 1279, 1046, 171, 4.93%, 0, 0, 8, 1522.90
1572302002, 0, 719, 1289, 1055, 171, 4.93%, 0, 0, 8, 75.61
1572302013, 0, 719, 1290, 1056, 171, 4.93%, 0, 0, 8, 130.81
1572302018, 0, 719, 1300, 1066, 171, 4.94%, 0, 0, 8, 1896.19
1572302023, 0, 719, 1306, 1072, 171, 4.94%, 0, 0, 8, 1522.16
1572302028, 0, 719, 1312, 1078, 171, 4.94%, 0, 0, 8, 1502.44
1572302033, 0, 732, 1314, 1079, 173, 4.94%, 0, 0, 8, 2352.59
1572302038, 0, 741, 1314, 1078, 172, 4.94%, 0, 0, 8, 3090.42
1572302043, 0, 742, 1315, 1078, 171, 4.94%, 0, 0, 8, 71.26
1572302059, 0, 747, 1316, 1078, 170, 4.94%, 0, 0, 8, 268.69
1572302130, 0, 752, 1316, 1077, 170, 4.94%, 0, 0, 8, 361.08
1572302135, 0, 752, 1318, 1079, 170, 4.95%, 0, 0, 8, 313.42
1572302206, 0, 754, 1319, 1079, 170, 4.95%, 0, 0, 8, 443.87
1572302216, 0, 754, 1320, 1080, 170, 4.95%, 0, 0, 8, 308.89
1572302283, 0, 759, 1321, 1080, 170, 4.95%, 0, 0, 8, 455.63
1572302303, 0, 759, 1322, 1081, 170, 4.95%, 0, 0, 8, 428.93
1572302359, 0, 760, 1322, 1080, 170, 4.95%, 0, 0, 8, 316.70
1572302379, 0, 760, 1323, 1081, 170, 4.95%, 0, 0, 8, 394.78
1572302431, 0, 761, 1323, 1080, 170, 4.95%, 0, 0, 8, 362.32
1572302436, 0, 761, 1324, 1081, 170, 4.95%, 0, 0, 8, 320.74
1572302451, 0, 761, 1325, 1082, 170, 4.95%, 0, 0, 8, 443.05
1572302508, 0, 765, 1326, 1082, 171, 4.96%, 0, 0, 8, 329.29
1572302513, 0, 765, 1327, 1083, 171, 4.96%, 0, 0, 8, 279.57
1572302523, 0, 765, 1328, 1084, 171, 4.97%, 0, 0, 8, 651.65
1572302549, 0, 765, 1329, 1085, 171, 4.97%, 0, 0, 8, 302.82
1572302580, 0, 766, 1329, 1084, 174, 4.97%, 0, 0, 8, 428.05
1572302621, 0, 766, 1330, 1085, 174, 4.97%, 0, 0, 8, 301.92
1572302657, 0, 768, 1330, 1084, 174, 4.97%, 0, 0, 8, 361.92
1572302662, 0, 768, 1331, 1085, 174, 4.98%, 0, 0, 8, 303.98
1572302667, 0, 768, 1332, 1086, 174, 4.98%, 0, 0, 8, 428.26
1572302723, 0, 768, 1333, 1087, 174, 4.98%, 0, 0, 8, 309.73
1572302733, 0, 769, 1333, 1086, 176, 4.98%, 0, 0, 8, 413.23
1572302739, 0, 769, 1335, 1088, 176, 4.99%, 0, 0, 8, 303.66
1572302744, 0, 769, 1336, 1089, 176, 5.00%, 0, 0, 8, 262.24
1572302764, 0, 769, 1337, 1090, 176, 5.02%, 0, 0, 8, 301.36
1572302780, 0, 769, 1338, 1091, 176, 5.03%, 0, 0, 8, 411.53
1572302800, 0, 769, 1339, 1092, 176, 5.03%, 0, 0, 8, 317.62
1572302815, 0, 795, 1339, 1091, 178, 5.03%, 0, 0, 8, 337.24
1572302882, 0, 795, 1340, 1092, 178, 5.03%, 0, 0, 8, 318.42
1572302897, 0, 797, 1340, 1091, 178, 5.03%, 0, 0, 8, 358.85
1572302913, 0, 797, 1341, 1092, 178, 5.03%, 0, 0, 8, 662.84
1572302969, 0, 797, 1342, 1093, 178, 5.03%, 0, 0, 8, 452.71
1572302974, 0, 807, 1342, 1092, 178, 5.03%, 0, 0, 8, 368.31
1572302984, 0, 807, 1343, 1093, 178, 5.03%, 0, 0, 8, 301.71
1572302989, 0, 807, 1344, 1094, 178, 5.03%, 0, 0, 8, 335.28
1572303081, 0, 809, 1344, 1093, 178, 5.03%, 0, 0, 8, 324.76
1572303106, 0, 809, 1346, 1095, 178, 5.04%, 0, 0, 8, 311.81
1572303132, 0, 809, 1347, 1096, 178, 5.04%, 0, 0, 8, 319.43
1572303142, 0, 819, 1347, 1095, 179, 5.04%, 0, 0, 8, 387.34
1572303147, 0, 819, 1348, 1096, 179, 5.04%, 0, 0, 8, 301.44
1572303214, 0, 819, 1349, 1097, 179, 5.04%, 0, 0, 8, 309.80
1572303219, 0, 819, 1350, 1098, 179, 5.04%, 0, 0, 8, 452.93
1572303224, 0, 819, 1352, 1100, 179, 5.04%, 0, 0, 8, 597.30
1572303229, 0, 819, 1353, 1101, 179, 5.04%, 0, 0, 8, 587.32
1572303244, 0, 819, 1354, 1102, 179, 5.04%, 0, 0, 8, 660.38
1572303249, 0, 819, 1355, 1103, 179, 5.04%, 0, 0, 8, 683.78
1572303254, 0, 819, 1356, 1104, 179, 5.04%, 0, 0, 8, 684.41
1572303270, 0, 856, 1356, 1103, 181, 5.04%, 0, 0, 8, 929.28
1572303285, 0, 856, 1357, 1104, 181, 5.04%, 0, 0, 8, 2410.46
1572303290, 0, 856, 1361, 1108, 181, 5.04%, 0, 0, 8, 1482.53
1572303295, 0, 856, 1368, 1115, 181, 5.04%, 0, 0, 8, 1542.67
1572303301, 0, 858, 1373, 1119, 180, 5.04%, 0, 0, 8, 1904.52
1572303316, 0, 861, 1373, 1118, 179, 5.04%, 0, 0, 8, 315.65
1572303321, 0, 861, 1380, 1125, 179, 5.04%, 0, 0, 8, 149.20
1572303403, 0, 861, 1381, 1126, 179, 5.04%, 0, 0, 8, 97.98
1572303413, 0, 861, 1382, 1127, 179, 5.04%, 0, 0, 8, 210.50
1572303434, 0, 883, 1382, 1126, 179, 5.04%, 0, 0, 8, 77.60
1572303439, 0, 883, 1383, 1127, 179, 5.05%, 0, 0, 8, 49.59
1572303449, 0, 886, 1383, 1126, 179, 5.05%, 0, 0, 8, 288.99
1572303454, 0, 886, 1388, 1131, 179, 5.07%, 0, 0, 8, 49.69
1572303459, 0, 886, 1389, 1132, 179, 5.07%, 0, 0, 8, 2885.57
1572303464, 0, 887, 1390, 1132, 183, 5.07%, 0, 0, 8, 2917.18
1572303475, 0, 887, 1391, 1133, 183, 5.07%, 0, 0, 8, 2347.69
1572303480, 0, 888, 1391, 1132, 184, 5.07%, 0, 0, 8, 511.74
1572303485, 0, 888, 1392, 1133, 184, 5.07%, 0, 0, 8, 2802.40
1572303490, 0, 893, 1399, 1139, 183, 5.07%, 0, 0, 8, 101.28
1572303500, 0, 893, 1405, 1145, 183, 5.07%, 0, 0, 8, 2477.28
1572303506, 0, 893, 1411, 1151, 183, 5.08%, 0, 0, 8, 2201.20
1572303511, 0, 893, 1416, 1156, 183, 5.08%, 0, 0, 8, 2253.83
1572303516, 0, 894, 1417, 1156, 184, 5.08%, 0, 0, 8, 2908.32
1572303526, 0, 894, 1419, 1158, 184, 5.08%, 0, 0, 8, 2422.51
1572303531, 0, 894, 1421, 1160, 184, 5.08%, 0, 0, 8, 2253.24
1572303536, 0, 894, 1424, 1163, 184, 5.08%, 0, 0, 8, 2086.73
1572303541, 0, 898, 1426, 1164, 183, 5.14%, 0, 0, 8, 1791.09
1572303547, 0, 898, 1427, 1165, 183, 5.14%, 0, 0, 8, 2805.00
1572303552, 0, 898, 1431, 1169, 183, 5.15%, 0, 0, 8, 2516.25
1572303557, 0, 898, 1433, 1171, 183, 5.15%, 0, 0, 8, 2200.54
1572303562, 0, 899, 1435, 1172, 185, 5.17%, 0, 0, 8, 2145.55
1572303572, 0, 905, 1435, 1171, 184, 5.17%, 0, 0, 8, 2226.92
1572303577, 0, 905, 1436, 1172, 184, 5.17%, 0, 0, 8, 82.54
1572303582, 0, 905, 1437, 1173, 184, 5.18%, 0, 0, 8, 1332.81
1572303588, 0, 905, 1440, 1176, 184, 5.18%, 0, 0, 8, 2056.74
1572303593, 0, 905, 1441, 1177, 184, 5.18%, 0, 0, 8, 1876.55
1572303598, 0, 905, 1443, 1179, 184, 5.18%, 0, 0, 8, 1991.69
1572303603, 0, 909, 1443, 1178, 184, 5.18%, 0, 0, 8, 1233.31
1572303633, 0, 909, 1444, 1179, 184, 5.18%, 0, 0, 8, 999.08
1572303639, 0, 916, 1444, 1177, 182, 5.18%, 0, 0, 8, 2515.46
1572303644, 0, 920, 1447, 1178, 178, 5.18%, 0, 0, 8, 3066.79
1572303649, 0, 920, 1454, 1185, 178, 5.18%, 0, 0, 8, 3211.40
1572303654, 0, 920, 1458, 1189, 178, 5.18%, 0, 0, 8, 3117.01
1572303659, 0, 920, 1461, 1192, 178, 5.18%, 0, 0, 8, 3197.50
1572303664, 0, 923, 1462, 1192, 180, 5.18%, 0, 0, 8, 2943.68
1572303669, 0, 926, 1465, 1194, 179, 5.18%, 0, 0, 8, 3089.19
1572303674, 0, 934, 1467, 1195, 179, 5.18%, 0, 0, 8, 3126.12
1572303679, 0, 934, 1468, 1196, 179, 5.18%, 0, 0, 8, 3253.86
1572303684, 0, 937, 1468, 1195, 178, 5.18%, 0, 0, 8, 3157.78
1572303689, 0, 939, 1469, 1195, 177, 5.18%, 0, 0, 8, 3232.66
1572303694, 0, 940, 1470, 1195, 176, 5.20%, 0, 0, 8, 3397.79
1572303700, 0, 941, 1473, 1197, 179, 5.22%, 0, 0, 8, 3379.44
1572303705, 0, 942, 1473, 1196, 178, 5.22%, 0, 0, 8, 3336.45
1572303710, 0, 943, 1473, 1195, 177, 5.22%, 0, 0, 8, 3020.35
1572303715, 0, 944, 1473, 1194, 176, 5.22%, 0, 0, 8, 3223.63
1572303720, 0, 945, 1490, 1210, 175, 5.27%, 0, 0, 9, 3308.74
1572303725, 0, 951, 1494, 1213, 185, 5.28%, 0, 0, 9, 3055.78
1572303730, 0, 953, 1494, 1212, 184, 5.28%, 0, 0, 9, 3025.25
1572303740, 0, 956, 1497, 1214, 183, 5.28%, 0, 0, 9, 2928.15
1572303745, 0, 961, 1499, 1215, 182, 5.28%, 0, 0, 9, 3080.38
1572303750, 0, 964, 1501, 1216, 183, 5.29%, 0, 0, 9, 3167.59
1572303755, 0, 965, 1501, 1215, 182, 5.29%, 0, 0, 9, 3108.47
1572303761, 0, 966, 1502, 1215, 181, 5.29%, 0, 0, 9, 3230.97
1572303766, 0, 967, 1502, 1214, 180, 5.29%, 0, 0, 9, 3084.72
1572303771, 0, 969, 1502, 1212, 178, 5.29%, 0, 0, 9, 2990.20
1572303776, 0, 974, 1503, 1212, 177, 5.29%, 0, 0, 9, 2952.03
1572303781, 0, 975, 1503, 1211, 176, 5.29%, 0, 0, 9, 2883.61
1572303786, 0, 982, 1505, 1211, 174, 5.29%, 0, 0, 9, 2853.97
1572303791, 0, 982, 1507, 1213, 174, 5.29%, 0, 0, 9, 3138.64
1572303796, 0, 982, 1508, 1214, 174, 5.29%, 0, 0, 9, 3129.16
1572303801, 0, 985, 1508, 1212, 172, 5.29%, 0, 0, 9, 3255.30
1572303806, 0, 985, 1510, 1214, 172, 5.29%, 0, 0, 9, 3256.78
1572303811, 0, 987, 1511, 1214, 171, 5.29%, 0, 0, 9, 3296.53
1572303816, 0, 988, 1512, 1214, 170, 5.29%, 0, 0, 9, 3259.65
1572303821, 0, 988, 1515, 1217, 170, 5.29%, 0, 0, 9, 3154.58
1572303826, 0, 991, 1515, 1216, 169, 5.29%, 0, 0, 9, 3221.95
1572303831, 0, 992, 1518, 1218, 168, 5.29%, 0, 0, 9, 3307.02
1572303836, 0, 998, 1518, 1217, 167, 5.29%, 0, 0, 9, 3239.71
1572303841, 0, 1000, 1519, 1217, 166, 5.29%, 0, 0, 9, 3228.39
1572303846, 0, 1000, 1520, 1218, 166, 5.29%, 0, 0, 9, 3028.66
1572303852, 0, 1002, 1526, 1223, 165, 5.29%, 0, 0, 9, 3020.45
1572303857, 0, 1002, 1528, 1225, 165, 5.29%, 0, 0, 9, 3199.64
1572303862, 0, 1008, 1531, 1227, 165, 5.31%, 0, 0, 9, 3339.98
1572303867, 0, 1009, 1532, 1227, 167, 5.31%, 0, 0, 9, 49.61
1572303872, 0, 1009, 1533, 1228, 167, 5.31%, 0, 0, 9, 2919.66
1572303878, 0, 1009, 1540, 1235, 167, 5.32%, 0, 0, 9, 2286.95
1572303883, 0, 1009, 1542, 1237, 167, 5.32%, 0, 0, 9, 2258.95
1572303888, 0, 1010, 1542, 1236, 169, 5.32%, 0, 0, 9, 151.14
1572303898, 0, 1012, 1542, 1235, 168, 5.32%, 0, 0, 9, 234.04
1572303914, 0, 1012, 1543, 1236, 168, 5.32%, 0, 0, 9, 1932.36
1572303919, 0, 1016, 1543, 1235, 167, 5.32%, 0, 0, 9, 2392.20
1572303924, 0, 1016, 1544, 1236, 167, 5.32%, 0, 0, 9, 49.65
1572303934, 0, 1016, 1545, 1237, 167, 5.32%, 0, 0, 9, 1875.19
1572303939, 0, 1017, 1545, 1236, 165, 5.32%, 0, 0, 9, 1516.78
1572303960, 0, 1037, 1545, 1235, 165, 5.32%, 0, 0, 9, 43.86
1572303980, 0, 1037, 1549, 1239, 165, 5.32%, 0, 0, 9, 1660.17
1572303985, 0, 1037, 1556, 1246, 165, 5.32%, 0, 0, 9, 1423.50
1572303990, 0, 1037, 1558, 1248, 165, 5.32%, 0, 0, 9, 1443.58
1572303995, 0, 1041, 1563, 1252, 165, 5.33%, 0, 0, 9, 45.92
1572304011, 0, 1041, 1565, 1254, 165, 5.34%, 0, 0, 9, 1617.42
1572304016, 0, 1041, 1569, 1258, 165, 5.36%, 0, 0, 9, 1461.95
1572304021, 0, 1041, 1573, 1262, 165, 5.36%, 0, 0, 9, 1531.22
1572304026, 0, 1043, 1573, 1261, 169, 5.36%, 0, 0, 9, 2068.49
1572304046, 0, 1043, 1576, 1264, 169, 5.36%, 0, 0, 9, 1455.19
1572304057, 0, 1048, 1576, 1263, 168, 5.36%, 0, 0, 9, 1095.47
1572304072, 0, 1049, 1577, 1263, 167, 5.36%, 0, 0, 9, 2003.84
1572304077, 0, 1049, 1578, 1264, 167, 5.37%, 0, 0, 9, 2277.04
1572304093, 0, 1049, 1579, 1265, 167, 5.37%, 0, 0, 9, 1521.55
1572304098, 0, 1058, 1579, 1264, 166, 5.37%, 0, 0, 9, 855.00
1572304118, 0, 1058, 1583, 1268, 166, 5.37%, 0, 0, 9, 1703.70
1572304123, 0, 1058, 1584, 1269, 166, 5.37%, 0, 0, 9, 1551.63
1572304128, 0, 1066, 1587, 1271, 165, 5.37%, 0, 0, 9, 480.00
1572304149, 0, 1066, 1588, 1272, 165, 5.37%, 0, 0, 9, 1428.33
1572304154, 0, 1068, 1588, 1271, 165, 5.37%, 0, 0, 9, 2477.77
1572304170, 0, 1068, 1589, 1272, 165, 5.37%, 0, 0, 9, 2540.66
1572304180, 0, 1068, 1591, 1274, 165, 5.37%, 0, 0, 9, 1675.29
1572304185, 0, 1072, 1593, 1275, 165, 5.38%, 0, 0, 9, 75.61
1572304200, 0, 1072, 1596, 1278, 165, 5.38%, 0, 0, 9, 2064.62
1572304206, 0, 1072, 1597, 1279, 165, 5.38%, 0, 0, 9, 1676.00
1572304211, 0, 1078, 1598, 1279, 166, 5.38%, 0, 0, 9, 2751.24
1572304226, 0, 1078, 1600, 1281, 166, 5.38%, 0, 0, 9, 1916.88
1572304231, 0, 1078, 1601, 1282, 166, 5.38%, 0, 0, 9, 1573.77
1572304236, 0, 1079, 1603, 1283, 165, 5.38%, 0, 0, 9, 1522.46
1572304242, 0, 1079, 1604, 1284, 165, 5.38%, 0, 0, 9, 1688.53
1572304252, 0, 1079, 1606, 1286, 165, 5.38%, 0, 0, 9, 1851.07
1572304262, 0, 1088, 1607, 1286, 165, 5.38%, 0, 0, 9, 1579.43
1572304283, 0, 1090, 1608, 1286, 164, 5.38%, 0, 0, 9, 818.60
1572304298, 0, 1090, 1611, 1289, 164, 5.38%, 0, 0, 9, 1693.28
1572304303, 0, 1090, 1613, 1291, 164, 5.38%, 0, 0, 9, 1570.78
1572304308, 0, 1092, 1614, 1291, 164, 5.38%, 0, 0, 9, 1856.54
1572304324, 0, 1092, 1616, 1293, 164, 5.38%, 0, 0, 9, 1909.20
1572304329, 0, 1092, 1617, 1294, 164, 5.38%, 0, 0, 9, 1738.58
1572304334, 0, 1096, 1617, 1293, 163, 5.38%, 0, 0, 9, 46.51
1572304349, 0, 1096, 1618, 1294, 163, 5.38%, 0, 0, 9, 2183.95
1572304354, 0, 1102, 1618, 1293, 162, 5.38%, 0, 0, 9, 2385.32
1572304370, 0, 1102, 1620, 1295, 162, 5.38%, 0, 0, 9, 1488.54
1572304375, 0, 1102, 1621, 1296, 162, 5.38%, 0, 0, 9, 1611.50
1572304380, 0, 1105, 1621, 1295, 161, 5.38%, 0, 0, 9, 1412.27
1572304395, 0, 1105, 1622, 1296, 161, 5.38%, 0, 0, 9, 2060.23
1572304400, 0, 1107, 1624, 1297, 161, 5.38%, 0, 0, 9, 855.07
1572304426, 0, 1108, 1624, 1296, 161, 5.38%, 0, 0, 9, 41.44
1572304447, 0, 1109, 1624, 1295, 160, 5.38%, 0, 0, 9, 286.01
1572304473, 0, 1111, 1624, 1294, 159, 5.38%, 0, 0, 9, 496.26
1572304498, 0, 1114, 1624, 1293, 158, 5.38%, 0, 0, 9, 45.70
1572304514, 0, 1114, 1625, 1294, 158, 5.38%, 0, 0, 9, 1561.40
1572304519, 0, 1115, 1625, 1293, 158, 5.38%, 0, 0, 9, 79.05
1572304539, 0, 1116, 1626, 1293, 157, 5.38%, 0, 0, 9, 76.69
1572304544, 0, 1116, 1627, 1294, 157, 5.38%, 0, 0, 9, 213.86
1572304560, 0, 1119, 1627, 1293, 157, 5.38%, 0, 0, 9, 111.89
1572304580, 0, 1129, 1627, 1292, 156, 5.38%, 0, 0, 9, 1266.89
1572304596, 0, 1130, 1628, 1292, 155, 5.38%, 0, 0, 9, 1787.42
1572304611, 0, 1130, 1629, 1293, 155, 5.38%, 0, 0, 9, 2044.12
1572304616, 0, 1133, 1629, 1292, 155, 5.38%, 0, 0, 9, 1670.50
1572304642, 0, 1134, 1629, 1291, 154, 5.38%, 0, 0, 9, 850.96
1572304662, 0, 1135, 1629, 1290, 153, 5.38%, 0, 0, 9, 1972.14
1572304678, 0, 1135, 1632, 1293, 153, 5.38%, 0, 0, 9, 1680.72
1572304683, 0, 1135, 1633, 1294, 153, 5.38%, 0, 0, 9, 1509.44
1572304688, 0, 1137, 1633, 1293, 152, 5.38%, 0, 0, 9, 1472.72
1572304708, 0, 1137, 1635, 1295, 152, 5.38%, 0, 0, 9, 1638.11
1572304719, 0, 1138, 1635, 1294, 151, 5.38%, 0, 0, 9, 77.12
1572304729, 0, 1138, 1637, 1296, 151, 5.38%, 0, 0, 9, 2298.02
1572304734, 0, 1138, 1638, 1297, 151, 5.38%, 0, 0, 9, 1713.78
1572304745, 0, 1139, 1638, 1296, 150, 5.38%, 0, 0, 9, 69.35
1572304755, 0, 1139, 1640, 1298, 150, 5.38%, 0, 0, 9, 2308.31
1572304760, 0, 1139, 1641, 1299, 150, 5.38%, 0, 0, 9, 1464.68
1572304765, 0, 1139, 1643, 1301, 150, 5.38%, 0, 0, 9, 1544.39
1572304770, 0, 1140, 1643, 1300, 150, 5.38%, 0, 0, 9, 482.31
1572304786, 0, 1140, 1645, 1302, 150, 5.38%, 0, 0, 9, 1858.10
1572304796, 0, 1141, 1645, 1301, 149, 5.38%, 0, 0, 9, 1285.51
1572304816, 0, 1141, 1646, 1302, 149, 5.38%, 0, 0, 9, 1558.89
1572304821, 0, 1141, 1647, 1303, 149, 5.38%, 0, 0, 9, 1413.58
1572304832, 0, 1142, 1647, 1302, 148, 5.38%, 0, 0, 9, 46.98
1572304852, 0, 1142, 1649, 1304, 148, 5.38%, 0, 0, 9, 1604.55
1572304862, 0, 1148, 1650, 1304, 147, 5.38%, 0, 0, 9, 1230.95
1572304873, 0, 1148, 1652, 1306, 147, 5.38%, 0, 0, 9, 1822.31
1572304878, 0, 1148, 1654, 1308, 147, 5.38%, 0, 0, 9, 1564.56
1572304888, 0, 1156, 1654, 1307, 148, 5.38%, 0, 0, 9, 1725.44
1572304903, 0, 1156, 1656, 1309, 148, 5.38%, 0, 0, 9, 1837.46
1572304908, 0, 1158, 1659, 1311, 147, 5.39%, 0, 0, 9, 2413.17
1572304924, 0, 1158, 1661, 1313, 147, 5.39%, 0, 0, 9, 1749.00
1572304934, 0, 1160, 1664, 1315, 147, 5.39%, 0, 0, 9, 1675.00
1572304954, 0, 1160, 1669, 1320, 147, 5.39%, 0, 0, 9, 1686.82
1572304960, 0, 1161, 1671, 1321, 148, 5.40%, 0, 0, 9, 250.00
1572304965, 0, 1161, 1672, 1322, 148, 5.41%, 0, 0, 9, 1625.75
1572304980, 0, 1163, 1674, 1323, 149, 5.41%, 0, 0, 9, 2881.19
1572304996, 0, 1163, 1677, 1326, 149, 5.41%, 0, 0, 9, 1626.31
1572305001, 0, 1163, 1678, 1327, 149, 5.41%, 0, 0, 9, 1516.46
1572305006, 0, 1164, 1681, 1329, 150, 5.42%, 0, 0, 9, 76.43
1572305021, 0, 1164, 1683, 1331, 150, 5.42%, 0, 0, 9, 1688.38
1572305032, 0, 1165, 1684, 1331, 150, 5.42%, 0, 0, 9, 871.29
1572305047, 0, 1165, 1685, 1332, 150, 5.42%, 0, 0, 9, 1663.33
1572305052, 0, 1172, 1686, 1332, 149, 5.42%, 0, 0, 9, 805.56
1572305073, 0, 1172, 1687, 1333, 149, 5.42%, 0, 0, 9, 1786.38
1572305079, 0, 1176, 1687, 1332, 148, 5.42%, 0, 0, 9, 80.38
1572305099, 0, 1176, 1688, 1333, 148, 5.42%, 0, 0, 9, 1390.08
1572305104, 0, 1176, 1689, 1334, 148, 5.42%, 0, 0, 9, 1493.21
1572305109, 0, 1179, 1690, 1334, 147, 5.42%, 0, 0, 9, 1867.10
1572305115, 0, 1179, 1691, 1335, 147, 5.43%, 0, 0, 9, 30.18
1572305130, 0, 1179, 1692, 1336, 147, 5.43%, 0, 0, 9, 1074.01
1572305135, 0, 1185, 1693, 1336, 149, 5.43%, 0, 0, 9, 2212.61
1572305141, 0, 1185, 1695, 1338, 149, 5.44%, 0, 0, 9, 2301.98
1572305146, 0, 1188, 1697, 1339, 150, 5.44%, 0, 0, 9, 2355.08
1572305166, 0, 1188, 1698, 1340, 150, 5.44%, 0, 0, 9, 1674.74
1572305171, 0, 1192, 1699, 1340, 151, 5.44%, 0, 0, 9, 1219.05
1572305197, 0, 1195, 1699, 1339, 150, 5.44%, 0, 0, 9, 2126.81
1572305207, 0, 1195, 1702, 1342, 150, 5.44%, 0, 0, 9, 2352.69
1572305212, 0, 1195, 1704, 1344, 150, 5.44%, 0, 0, 9, 1900.13
1572305217, 0, 1196, 1704, 1343, 149, 5.44%, 0, 0, 9, 1934.58
1572305233, 0, 1202, 1704, 1342, 148, 5.44%, 0, 0, 9, 2532.15
1572305253, 0, 1202, 1706, 1344, 148, 5.44%, 0, 0, 9, 1807.09
1572305264, 0, 1207, 1706, 1343, 147, 5.44%, 0, 0, 9, 1896.06
1572305279, 0, 1207, 1707, 1344, 147, 5.44%, 0, 0, 9, 1625.62
1572305284, 0, 1209, 1707, 1343, 146, 5.44%, 0, 0, 9, 171.72
1572305289, 0, 1209, 1708, 1344, 146, 5.44%, 0, 0, 9, 2921.76
1572305295, 0, 1209, 1709, 1345, 146, 5.44%, 0, 0, 9, 1237.86
1572305300, 0, 1209, 1712, 1348, 146, 5.44%, 0, 0, 9, 1469.78
1572305305, 0, 1209, 1713, 1349, 146, 5.44%, 0, 0, 9, 1504.17
1572305315, 0, 1210, 1714, 1349, 148, 5.44%, 0, 0, 9, 77.74
1572305331, 0, 1210, 1716, 1351, 148, 5.45%, 0, 0, 9, 1540.96
1572305336, 0, 1210, 1717, 1352, 148, 5.45%, 0, 0, 9, 1248.63
1572305341, 0, 1211, 1718, 1352, 149, 5.45%, 0, 0, 9, 2024.15
1572305356, 0, 1211, 1719, 1353, 149, 5.45%, 0, 0, 9, 1116.71
1572305361, 0, 1211, 1720, 1354, 149, 5.45%, 0, 0, 9, 1258.33
1572305366, 0, 1211, 1722, 1356, 149, 5.45%, 0, 0, 9, 1500.20
1572305372, 0, 1219, 1722, 1355, 148, 5.45%, 0, 0, 9, 182.80
1572305397, 0, 1220, 1722, 1354, 148, 5.45%, 0, 0, 9, 830.19
1572305412, 0, 1220, 1724, 1356, 148, 5.45%, 0, 0, 9, 2334.59
1572305428, 0, 1227, 1724, 1355, 147, 5.45%, 0, 0, 9, 77.14
1572305443, 0, 1227, 1726, 1357, 147, 5.45%, 0, 0, 9, 1408.59
1572305453, 0, 1229, 1727, 1357, 146, 5.45%, 0, 0, 9, 1191.36
1572305484, 0, 1237, 1729, 1358, 145, 5.46%, 0, 0, 9, 2585.94
1572305489, 0, 1252, 1729, 1357, 146, 5.46%, 0, 0, 9, 75.80
1572305505, 0, 1254, 1729, 1356, 145, 5.46%, 0, 0, 9, 346.03
1572305520, 0, 1254, 1730, 1357, 145, 5.46%, 0, 0, 9, 1840.80
1572305525, 0, 1254, 1731, 1358, 145, 5.46%, 0, 0, 9, 1644.38
1572305530, 0, 1257, 1731, 1357, 144, 5.46%, 0, 0, 9, 1466.62
1572305540, 0, 1257, 1733, 1359, 144, 5.46%, 0, 0, 9, 2484.78
1572305546, 0, 1257, 1735, 1361, 144, 5.46%, 0, 0, 9, 2018.75
1572305551, 0, 1258, 1735, 1360, 143, 5.46%, 0, 0, 9, 45.51
1572305556, 0, 1258, 1736, 1361, 143, 5.46%, 0, 0, 9, 2121.88
1572305561, 0, 1259, 1736, 1360, 143, 5.46%, 0, 0, 9, 2285.45
1572305571, 0, 1259, 1737, 1361, 143, 5.46%, 0, 0, 9, 1117.87
1572305576, 0, 1260, 1738, 1361, 143, 5.46%, 0, 0, 9, 1875.49
1572305581, 0, 1260, 1740, 1363, 143, 5.46%, 0, 0, 9, 49.69
1572305586, 0, 1260, 1741, 1364, 143, 5.46%, 0, 0, 9, 1398.51
1572305591, 0, 1261, 1741, 1363, 144, 5.46%, 0, 0, 9, 46.07
1572305607, 0, 1263, 1741, 1362, 143, 5.46%, 0, 0, 9, 1475.00
1572305617, 0, 1268, 1741, 1361, 142, 5.46%, 0, 0, 9, 2142.60
1572305633, 0, 1268, 1743, 1363, 142, 5.46%, 0, 0, 9, 1964.27
1572305638, 0, 1268, 1746, 1366, 142, 5.46%, 0, 0, 9, 1966.81
1572305643, 0, 1270, 1747, 1366, 142, 5.46%, 0, 0, 9, 1791.06
1572305648, 0, 1270, 1748, 1367, 142, 5.47%, 0, 0, 9, 2691.42
1572305653, 0, 1270, 1749, 1368, 142, 5.47%, 0, 0, 9, 2262.88
1572305658, 0, 1287, 1749, 1367, 142, 5.47%, 0, 0, 9, 74.85
1572305673, 0, 1287, 1750, 1368, 142, 5.47%, 0, 0, 9, 1774.40
1572305678, 0, 1293, 1750, 1367, 143, 5.47%, 0, 0, 9, 251.34
1572305694, 0, 1293, 1751, 1368, 143, 5.47%, 0, 0, 9, 1989.20
1572305705, 0, 1295, 1752, 1368, 142, 5.47%, 0, 0, 9, 75.61
1572305720, 0, 1295, 1754, 1370, 142, 5.47%, 0, 0, 9, 1442.96
1572305730, 0, 1315, 1755, 1370, 142, 5.47%, 0, 0, 9, 225.41
1572305802, 0, 1315, 1756, 1371, 142, 5.47%, 0, 0, 9, 438.61
1572305807, 0, 1315, 1757, 1372, 142, 5.47%, 0, 0, 9, 562.04
1572305812, 0, 1316, 1757, 1371, 142, 5.47%, 0, 0, 9, 470.42
1572305832, 0, 1316, 1758, 1372, 142, 5.48%, 0, 0, 9, 421.74
1572305888, 0, 1316, 1759, 1373, 142, 5.48%, 0, 0, 9, 517.73
1572305893, 0, 1319, 1759, 1372, 142, 5.48%, 0, 0, 9, 350.72
1572305970, 0, 1319, 1761, 1374, 142, 5.48%, 0, 0, 9, 518.80
1572305980, 0, 1321, 1761, 1373, 141, 5.48%, 0, 0, 9, 370.52
1572306052, 0, 1321, 1763, 1375, 141, 5.48%, 0, 0, 9, 550.18
1572306062, 0, 1323, 1763, 1374, 140, 5.48%, 0, 0, 9, 392.03
1572306139, 0, 1323, 1765, 1376, 140, 5.49%, 0, 0, 9, 631.49
1572306144, 0, 1323, 1766, 1377, 140, 5.49%, 0, 0, 9, 555.03
1572306149, 0, 1323, 1767, 1378, 140, 5.49%, 0, 0, 9, 597.16
1572306175, 0, 1324, 1767, 1377, 140, 5.49%, 0, 0, 9, 484.98
1572306257, 0, 1325, 1767, 1376, 139, 5.49%, 0, 0, 9, 350.07
1572306334, 0, 1326, 1768, 1376, 138, 5.49%, 0, 0, 9, 571.41
1572306411, 0, 1326, 1769, 1377, 138, 5.49%, 0, 0, 9, 448.77
1572306416, 0, 1327, 1769, 1376, 137, 5.49%, 0, 0, 9, 498.63
1572306493, 0, 1327, 1770, 1377, 137, 5.49%, 0, 0, 9, 553.52
1572306498, 0, 1332, 1771, 1377, 137, 5.49%, 0, 0, 9, 523.67
1572306503, 0, 1332, 1772, 1378, 137, 5.49%, 0, 0, 9, 685.45
1572306508, 0, 1332, 1773, 1379, 137, 5.49%, 0, 0, 9, 119.54
1572306518, 0, 1332, 1779, 1385, 137, 5.49%, 0, 0, 9, 1773.12
1572306523, 0, 1332, 1785, 1391, 137, 5.49%, 0, 0, 9, 1501.83
1572306528, 0, 1334, 1786, 1391, 137, 5.49%, 0, 0, 9, 287.80
1572306590, 0, 1334, 1787, 1392, 137, 5.49%, 0, 0, 9, 312.86
1572306605, 0, 1334, 1788, 1393, 137, 5.49%, 0, 0, 9, 590.06
1572306610, 0, 1335, 1788, 1392, 137, 5.49%, 0, 0, 9, 365.90
1572306672, 0, 1335, 1789, 1393, 137, 5.49%, 0, 0, 9, 333.58
1572306687, 0, 1335, 1791, 1395, 137, 5.49%, 0, 0, 9, 574.80
1572306693, 0, 1335, 1793, 1397, 137, 5.49%, 0, 0, 9, 621.84
1572306723, 0, 1336, 1793, 1396, 137, 5.49%, 0, 0, 9, 542.37
1572306784, 0, 1336, 1794, 1397, 137, 5.49%, 0, 0, 9, 321.51
1572306800, 0, 1337, 1794, 1396, 137, 5.49%, 0, 0, 9, 342.25
1572306810, 0, 1337, 1795, 1397, 137, 5.49%, 0, 0, 9, 49.26
1572306861, 0, 1337, 1796, 1398, 137, 5.49%, 0, 0, 9, 344.23
1572306881, 0, 1338, 1796, 1397, 138, 5.49%, 0, 0, 9, 1228.76
1572306897, 0, 1338, 1799, 1400, 138, 5.49%, 0, 0, 9, 1691.12
1572306902, 0, 1338, 1804, 1405, 138, 5.49%, 0, 0, 9, 1623.06
1572306907, 0, 1338, 1805, 1406, 138, 5.49%, 0, 0, 9, 1220.12
1572306912, 0, 1339, 1805, 1405, 139, 5.49%, 0, 0, 9, 129.05
1572306917, 0, 1339, 1806, 1406, 139, 5.49%, 0, 0, 9, 2550.00
1572306937, 0, 1339, 1808, 1408, 139, 5.49%, 0, 0, 9, 2114.85
1572306943, 0, 1339, 1809, 1409, 139, 5.49%, 0, 0, 9, 1592.64
1572306953, 0, 1344, 1810, 1409, 139, 5.49%, 0, 0, 9, 235.27
1572307009, 0, 1344, 1811, 1410, 139, 5.49%, 0, 0, 9, 312.73
1572307024, 0, 1345, 1811, 1409, 139, 5.49%, 0, 0, 9, 352.44
1572307075, 0, 1345, 1812, 1410, 139, 5.49%, 0, 0, 9, 305.29
1572307086, 0, 1355, 1812, 1409, 140, 5.49%, 0, 0, 9, 481.90
1572307091, 0, 1355, 1813, 1410, 140, 5.50%, 0, 0, 9, 346.98
1572307163, 0, 1368, 1814, 1410, 141, 5.50%, 0, 0, 9, 651.73
1572307188, 0, 1368, 1819, 1415, 141, 5.50%, 0, 0, 9, 1443.80
1572307194, 0, 1368, 1827, 1423, 141, 5.50%, 0, 0, 9, 1453.99
1572307199, 0, 1368, 1834, 1430, 141, 5.50%, 0, 0, 9, 1620.32
1572307204, 0, 1368, 1837, 1433, 141, 5.50%, 0, 0, 9, 1508.63
1572307209, 0, 1382, 1837, 1432, 141, 5.50%, 0, 0, 9, 431.08
1572307225, 0, 1382, 1838, 1433, 141, 5.50%, 0, 0, 9, 1599.96
1572307231, 0, 1382, 1840, 1435, 141, 5.50%, 0, 0, 9, 1380.34
1572307236, 0, 1382, 1841, 1436, 141, 5.50%, 0, 0, 9, 1362.62
1572307241, 0, 1383, 1842, 1436, 140, 5.50%, 0, 0, 9, 1415.85
1572307251, 0, 1383, 1843, 1437, 140, 5.50%, 0, 0, 9, 2449.95
1572307257, 0, 1384, 1843, 1436, 141, 5.50%, 0, 0, 9, 28.11
1572307262, 0, 1384, 1844, 1437, 141, 5.50%, 0, 0, 9, 315.71
1572307267, 0, 1385, 1844, 1436, 141, 5.50%, 0, 0, 9, 2883.12
1572307277, 0, 1385, 1845, 1437, 141, 5.50%, 0, 0, 9, 2286.01
1572307283, 0, 1386, 1845, 1436, 141, 5.50%, 0, 0, 9, 2731.92
1572307293, 0, 1386, 1847, 1438, 141, 5.50%, 0, 0, 9, 2165.62
1572307298, 0, 1387, 1847, 1437, 141, 5.50%, 0, 0, 9, 1787.09
1572307308, 0, 1387, 1848, 1438, 141, 5.50%, 0, 0, 9, 2100.03
1572307313, 0, 1389, 1848, 1437, 140, 5.50%, 0, 0, 9, 2269.29
1572307329, 0, 1390, 1849, 1437, 139, 5.50%, 0, 0, 9, 1901.81
1572307339, 0, 1390, 1850, 1438, 139, 5.50%, 0, 0, 9, 2832.44
1572307344, 0, 1405, 1851, 1438, 138, 5.50%, 0, 0, 9, 2957.46
1572307354, 0, 1405, 1853, 1440, 138, 5.50%, 0, 0, 9, 2203.83
1572307365, 0, 1410, 1855, 1441, 137, 5.50%, 0, 0, 9, 500.00
1572307380, 0, 1410, 1861, 1447, 137, 5.50%, 0, 0, 9, 2061.06
1572307385, 0, 1410, 1862, 1448, 137, 5.50%, 0, 0, 9, 2056.58
1572307390, 0, 1411, 1862, 1447, 139, 5.50%, 0, 0, 9, 218.70
1572307401, 0, 1413, 1863, 1447, 138, 5.51%, 0, 0, 9, 2693.46
1572307411, 0, 1413, 1865, 1449, 138, 5.51%, 0, 0, 9, 2236.44
1572307421, 0, 1419, 1867, 1450, 138, 5.51%, 0, 0, 9, 2198.84
1572307431, 0, 1419, 1868, 1451, 138, 5.51%, 0, 0, 9, 152.78
1572307436, 0, 1419, 1870, 1453, 138, 5.51%, 0, 0, 9, 1874.13
1572307441, 0, 1419, 1872, 1455, 138, 5.51%, 0, 0, 9, 1881.44
1572307447, 0, 1424, 1878, 1460, 137, 5.53%, 0, 0, 9, 72.71
1572307457, 0, 1424, 1879, 1461, 137, 5.53%, 0, 0, 9, 569.05
1572307462, 0, 1424, 1882, 1464, 137, 5.53%, 0, 0, 9, 1489.86
1572307467, 0, 1424, 1884, 1466, 137, 5.53%, 0, 0, 9, 1980.21
1572307472, 0, 1425, 1886, 1467, 141, 5.54%, 0, 0, 9, 2775.00
1572307482, 0, 1425, 1887, 1468, 141, 5.54%, 0, 0, 9, 2415.59
1572307487, 0, 1425, 1889, 1470, 141, 5.54%, 0, 0, 9, 2142.00
1572307493, 0, 1427, 1892, 1472, 142, 5.54%, 0, 0, 9, 315.57
1572307549, 0, 1427, 1894, 1474, 142, 5.54%, 0, 0, 9, 805.00
1572307554, 0, 1433, 1894, 1473, 142, 5.54%, 0, 0, 9, 2382.12
1572307559, 0, 1433, 1895, 1474, 142, 5.54%, 0, 0, 9, 2116.62
1572307564, 0, 1433, 1897, 1476, 142, 5.54%, 0, 0, 9, 2628.54
1572307569, 0, 1433, 1901, 1480, 142, 5.54%, 0, 0, 9, 2151.24
1572307574, 0, 1436, 1901, 1479, 141, 5.54%, 0, 0, 9, 2017.42
1572307579, 0, 1436, 1904, 1482, 141, 5.54%, 0, 0, 9, 1466.79
1572307584, 0, 1436, 1906, 1484, 141, 5.54%, 0, 0, 9, 2422.48
1572307590, 0, 1440, 1908, 1485, 142, 5.55%, 0, 0, 9, 2079.82
1572307605, 0, 1440, 1910, 1487, 142, 5.55%, 0, 0, 9, 2290.86
1572307610, 0, 1441, 1910, 1486, 141, 5.55%, 0, 0, 9, 76.92
1572307621, 0, 1441, 1911, 1487, 141, 5.55%, 0, 0, 9, 2449.39
1572307626, 0, 1455, 1912, 1486, 140, 5.55%, 0, 0, 9, 2980.01
1572307636, 0, 1455, 1920, 1494, 140, 5.55%, 0, 0, 9, 3129.98
1572307641, 0, 1462, 1920, 1493, 141, 5.55%, 0, 0, 9, 3115.98
1572307646, 0, 1463, 1920, 1492, 140, 5.55%, 0, 0, 9, 3169.39
1572307651, 0, 1463, 1922, 1494, 140, 5.55%, 0, 0, 9, 3164.57
1572307656, 0, 1464, 1922, 1493, 139, 5.55%, 0, 0, 9, 3101.78
1572307661, 0, 1470, 1922, 1491, 137, 5.55%, 0, 0, 9, 3290.85
1572307666, 0, 1471, 1923, 1491, 137, 5.56%, 0, 0, 9, 3210.99
1572307671, 0, 1472, 1925, 1492, 136, 5.80%, 0, 0, 9, 3255.79
1572307676, 0, 1472, 1937, 1504, 136, 6.06%, 0, 0, 9, 3152.08
1572307682, 0, 1474, 1939, 1504, 149, 6.07%, 0, 0, 10, 3159.80
1572307687, 0, 1474, 1940, 1505, 149, 6.07%, 0, 0, 10, 3295.50
1572307692, 0, 1476, 1940, 1504, 148, 6.07%, 0, 0, 10, 3343.06
1572307697, 0, 1478, 1940, 1503, 147, 6.07%, 0, 0, 10, 3364.60
1572307702, 0, 1481, 1940, 1501, 145, 6.07%, 0, 0, 10, 3336.43
1572307707, 0, 1484, 1940, 1500, 144, 6.07%, 0, 0, 10, 3312.24
1572307712, 0, 1486, 1942, 1501, 143, 6.07%, 0, 0, 10, 3314.78
1572307717, 0, 1488, 1942, 1500, 144, 6.07%, 0, 0, 10, 3301.95
1572307722, 0, 1489, 1942, 1499, 143, 6.07%, 0, 0, 10, 3341.83
1572307727, 0, 1490, 1942, 1498, 142, 6.07%, 0, 0, 10, 3291.63
1572307732, 0, 1492, 1944, 1499, 141, 6.08%, 0, 0, 10, 3353.31
1572307737, 0, 1493, 1944, 1498, 142, 6.08%, 0, 0, 10, 3371.78
1572307742, 0, 1498, 1944, 1496, 140, 6.08%, 0, 0, 10, 3298.99
1572307748, 0, 1503, 1945, 1495, 139, 6.08%, 0, 0, 10, 3253.51
1572307753, 0, 1515, 1945, 1494, 138, 6.08%, 0, 0, 10, 3325.05
1572307758, 0, 1521, 1948, 1496, 138, 6.08%, 0, 0, 10, 3301.06
1572307763, 0, 1521, 1950, 1498, 138, 6.08%, 0, 0, 10, 3283.39
1572307768, 0, 1528, 1952, 1499, 139, 6.09%, 0, 0, 10, 3326.69
1572307773, 0, 1530, 1954, 1500, 139, 6.17%, 0, 0, 10, 3304.06
1572307778, 0, 1531, 1954, 1499, 140, 6.17%, 0, 0, 10, 49.65
1572307783, 0, 1531, 1955, 1500, 140, 6.17%, 0, 0, 10, 312.99
1572307788, 0, 1535, 1958, 1502, 139, 6.17%, 0, 0, 10, 1946.25
1572307799, 0, 1535, 1960, 1504, 139, 6.17%, 0, 0, 10, 1658.82
1572307804, 0, 1535, 1964, 1508, 139, 6.17%, 0, 0, 10, 1870.20
1572307809, 0, 1538, 1968, 1511, 141, 6.18%, 0, 0, 10, 589.47
1572307834, 0, 1539, 1968, 1510, 142, 6.18%, 0, 0, 10, 47.88
1572307845, 0, 1539, 1969, 1511, 142, 6.18%, 0, 0, 10, 2069.70
1572307850, 0, 1541, 1969, 1510, 141, 6.18%, 0, 0, 10, 28.54
1572307861, 0, 1544, 1969, 1509, 140, 6.18%, 0, 0, 10, 2171.33
1572307877, 0, 1544, 1970, 1510, 140, 6.18%, 0, 0, 10, 2649.60
1572307882, 0, 1559, 1971, 1510, 139, 6.18%, 0, 0, 10, 2246.94
1572307903, 0, 1559, 1974, 1513, 139, 6.18%, 0, 0, 10, 1509.84
1572307909, 0, 1559, 1975, 1514, 139, 6.18%, 0, 0, 10, 1342.92
1572307914, 0, 1560, 1977, 1515, 139, 6.18%, 0, 0, 10, 1415.61
1572307919, 0, 1560, 1979, 1517, 139, 6.20%, 0, 0, 10, 76.92
1572307924, 0, 1560, 1981, 1519, 139, 6.22%, 0, 0, 10, 34.43
1572307929, 0, 1560, 1982, 1520, 139, 6.23%, 0, 0, 10, 1827.45
1572307940, 0, 1562, 1983, 1520, 143, 6.23%, 0, 0, 10, 43.77
1572307960, 0, 1562, 1987, 1524, 143, 6.23%, 0, 0, 10, 1264.86
1572307975, 0, 1564, 1987, 1523, 143, 6.23%, 0, 0, 10, 80.09
1572307996, 0, 1567, 1988, 1523, 142, 6.23%, 0, 0, 10, 49.75
1572308012, 0, 1567, 1990, 1525, 142, 6.25%, 0, 0, 10, 2426.92
1572308017, 0, 1567, 1991, 1526, 142, 6.26%, 0, 0, 10, 1598.37
1572308022, 0, 1567, 1993, 1528, 142, 6.27%, 0, 0, 10, 1399.93
1572308027, 0, 1577, 1995, 1529, 143, 6.27%, 0, 0, 10, 2115.01
1572308047, 0, 1577, 1996, 1530, 143, 6.27%, 0, 0, 10, 1579.46
1572308052, 0, 1579, 1996, 1529, 143, 6.27%, 0, 0, 10, 1942.69
1572308073, 0, 1585, 1996, 1528, 142, 6.27%, 0, 0, 10, 77.46
1572308093, 0, 1591, 1997, 1528, 141, 6.30%, 0, 0, 10, 2744.80
1572308098, 0, 1595, 1997, 1527, 141, 6.30%, 0, 0, 10, 41.30
1572308103, 0, 1595, 1998, 1528, 141, 6.31%, 0, 0, 10, 49.59
1572308108, 0, 1595, 1999, 1529, 141, 6.31%, 0, 0, 10, 210.05
1572308114, 0, 1595, 2000, 1530, 141, 6.31%, 0, 0, 10, 1921.31
1572308119, 0, 1595, 2001, 1531, 141, 6.31%, 0, 0, 10, 1431.45
1572308129, 0, 1596, 2002, 1531, 141, 6.31%, 0, 0, 10, 800.93
1572308139, 0, 1596, 2003, 1532, 141, 6.31%, 0, 0, 10, 2556.84
1572308144, 0, 1596, 2004, 1533, 141, 6.31%, 0, 0, 10, 1788.67
1572308150, 0, 1612, 2005, 1533, 141, 6.31%, 0, 0, 10, 2447.18
1572308170, 0, 1612, 2006, 1534, 141, 6.31%, 0, 0, 10, 1797.06
1572308175, 0, 1619, 2007, 1534, 141, 6.31%, 0, 0, 10, 77.63
1572308190, 0, 1619, 2008, 1535, 141, 6.31%, 0, 0, 10, 1923.97
1572308195, 0, 1619, 2010, 1537, 141, 6.31%, 0, 0, 10, 1723.39
1572308201, 0, 1621, 2011, 1537, 140, 6.31%, 0, 0, 10, 1640.21
1572308226, 0, 1621, 2013, 1539, 140, 6.31%, 0, 0, 10, 1575.28
1572308237, 0, 1621, 2014, 1540, 140, 6.31%, 0, 0, 10, 1148.97
1572308242, 0, 1626, 2014, 1539, 139, 6.31%, 0, 0, 10, 78.32
1572308252, 0, 1626, 2015, 1540, 139, 6.31%, 0, 0, 10, 2452.10
1572308257, 0, 1626, 2016, 1541, 139, 6.31%, 0, 0, 10, 1943.44
1572308262, 0, 1638, 2018, 1542, 139, 6.31%, 0, 0, 10, 361.56
1572308267, 0, 1638, 2020, 1544, 139, 6.31%, 0, 0, 10, 47.10
1572308278, 0, 1641, 2021, 1544, 140, 6.31%, 0, 0, 10, 2456.53
1572308298, 0, 1641, 2022, 1545, 140, 6.31%, 0, 0, 10, 1144.71
1572308303, 0, 1651, 2022, 1544, 139, 6.31%, 0, 0, 10, 2252.55
1572308319, 0, 1653, 2022, 1543, 138, 6.31%, 0, 0, 10, 161.21
1572308329, 0, 1653, 2025, 1546, 138, 6.31%, 0, 0, 10, 2162.50
1572308339, 0, 1658, 2025, 1545, 138, 6.31%, 0, 0, 10, 46.69
1572308345, 0, 1658, 2026, 1546, 138, 6.31%, 0, 0, 10, 27.61
1572308361, 0, 1658, 2027, 1547, 138, 6.31%, 0, 0, 10, 1750.53
1572308366, 0, 1663, 2027, 1546, 138, 6.31%, 0, 0, 10, 82.93
1572308381, 0, 1663, 2028, 1547, 138, 6.31%, 0, 0, 10, 1466.34
1572308387, 0, 1663, 2029, 1548, 138, 6.31%, 0, 0, 10, 1225.16
1572308397, 0, 1666, 2030, 1548, 138, 6.31%, 0, 0, 10, 846.89
1572308417, 0, 1670, 2031, 1548, 138, 6.31%, 0, 0, 10, 243.13
1572308437, 0, 1670, 2032, 1549, 138, 6.31%, 0, 0, 10, 1376.16
1572308442, 0, 1670, 2033, 1550, 138, 6.31%, 0, 0, 10, 1525.09
1572308448, 0, 1671, 2034, 1550, 137, 6.31%, 0, 0, 10, 1178.02
1572308468, 0, 1671, 2035, 1551, 137, 6.31%, 0, 0, 10, 1600.51
1572308473, 0, 1673, 2035, 1550, 136, 6.31%, 0, 0, 10, 2730.00
1572308494, 0, 1674, 2035, 1549, 135, 6.31%, 0, 0, 10, 1762.34
1572308510, 0, 1674, 2036, 1550, 135, 6.31%, 0, 0, 10, 1896.79
1572308515, 0, 1674, 2037, 1551, 135, 6.31%, 0, 0, 10, 1563.26
1572308520, 0, 1680, 2039, 1552, 134, 6.31%, 0, 0, 10, 328.03
1572308536, 0, 1680, 2040, 1553, 134, 6.31%, 0, 0, 10, 1832.26
1572308541, 0, 1680, 2041, 1554, 134, 6.31%, 0, 0, 10, 1725.52
1572308546, 0, 1689, 2041, 1553, 133, 6.31%, 0, 0, 10, 1430.52
1572308561, 0, 1689, 2042, 1554, 133, 6.31%, 0, 0, 10, 1667.38
1572308566, 0, 1689, 2043, 1555, 133, 6.31%, 0, 0, 10, 1657.43
1572308571, 0, 1690, 2044, 1555, 132, 6.32%, 0, 0, 10, 1368.96
1572308587, 0, 1693, 2044, 1554, 131, 6.32%, 0, 0, 10, 2029.50
1572308597, 0, 1693, 2045, 1555, 131, 6.32%, 0, 0, 10, 2121.96
1572308603, 0, 1694, 2046, 1555, 130, 6.32%, 0, 0, 10, 99.11
1572308613, 0, 1694, 2047, 1556, 130, 6.32%, 0, 0, 10, 1496.91
1572308619, 0, 1695, 2047, 1555, 130, 6.32%, 0, 0, 10, 396.77
1572308625, 0, 1695, 2048, 1556, 130, 6.32%, 0, 0, 10, 2567.87
1572308635, 0, 1695, 2049, 1557, 130, 6.32%, 0, 0, 10, 2181.67
1572308640, 0, 1695, 2050, 1558, 130, 6.32%, 0, 0, 10, 1580.49
1572308650, 0, 1696, 2050, 1557, 130, 6.32%, 0, 0, 10, 44.89
1572308666, 0, 1696, 2051, 1558, 130, 6.32%, 0, 0, 10, 2176.07
1572308671, 0, 1708, 2051, 1557, 129, 6.32%, 0, 0, 10, 281.69
1572308686, 0, 1709, 2051, 1556, 128, 6.32%, 0, 0, 10, 1781.58
1572308701, 0, 1713, 2051, 1555, 127, 6.32%, 0, 0, 10, 2034.83
1572308717, 0, 1715, 2052, 1555, 126, 6.32%, 0, 0, 10, 2572.14
1572308742, 0, 1715, 2054, 1557, 126, 6.33%, 0, 0, 10, 1454.52
1572308747, 0, 1715, 2056, 1559, 126, 6.33%, 0, 0, 10, 1312.63
1572308753, 0, 1716, 2057, 1559, 127, 6.33%, 0, 0, 10, 1369.65
1572308768, 0, 1716, 2058, 1560, 127, 6.33%, 0, 0, 10, 1452.85
1572308774, 0, 1717, 2058, 1559, 126, 6.33%, 0, 0, 10, 45.21
1572308794, 0, 1717, 2060, 1561, 126, 6.33%, 0, 0, 10, 1596.88
1572308805, 0, 1718, 2060, 1560, 128, 6.33%, 0, 0, 10, 1164.60
1572308825, 0, 1718, 2061, 1561, 128, 6.33%, 0, 0, 10, 1537.39
1572308830, 0, 1727, 2061, 1560, 127, 6.33%, 0, 0, 10, 2107.32
1572308835, 0, 1728, 2062, 1560, 126, 6.33%, 0, 0, 10, 2875.87
1572308841, 0, 1732, 2062, 1559, 126, 6.33%, 0, 0, 10, 76.49
1572308856, 0, 1735, 2062, 1558, 126, 6.33%, 0, 0, 10, 1715.71
1572308872, 0, 1735, 2064, 1560, 126, 6.33%, 0, 0, 10, 1686.70
1572308882, 0, 1736, 2064, 1559, 125, 6.33%, 0, 0, 10, 1535.26
1572308898, 0, 1736, 2065, 1560, 125, 6.33%, 0, 0, 10, 1969.85
1572308904, 0, 1737, 2065, 1559, 125, 6.33%, 0, 0, 10, 78.86
1572308914, 0, 1737, 2066, 1560, 125, 6.33%, 0, 0, 10, 2457.64
1572308919, 0, 1739, 2066, 1559, 124, 6.33%, 0, 0, 10, 1711.00
1572308934, 0, 1739, 2069, 1562, 124, 6.33%, 0, 0, 10, 1684.91
1572308945, 0, 1740, 2070, 1562, 123, 6.33%, 0, 0, 10, 2042.96
1572308960, 0, 1744, 2070, 1561, 122, 6.33%, 0, 0, 10, 960.08
1572308970, 0, 1744, 2071, 1562, 122, 6.33%, 0, 0, 10, 2083.20
1572308975, 0, 1747, 2072, 1562, 121, 6.33%, 0, 0, 10, 61.83
1572308996, 0, 1749, 2073, 1562, 120, 6.33%, 0, 0, 10, 41.76
1572309006, 0, 1749, 2074, 1563, 120, 6.33%, 0, 0, 10, 2732.63
1572309016, 0, 1751, 2074, 1562, 121, 6.33%, 0, 0, 10, 43.29
1572309037, 0, 1751, 2075, 1563, 121, 6.33%, 0, 0, 10, 1565.96
1572309042, 0, 1755, 2075, 1562, 120, 6.33%, 0, 0, 10, 287.51
1572309124, 0, 1757, 2076, 1562, 119, 6.34%, 0, 0, 10, 405.01
1572309201, 0, 1757, 2077, 1563, 119, 6.34%, 0, 0, 10, 386.39
1572309206, 0, 1764, 2077, 1562, 119, 6.34%, 0, 0, 10, 505.94
1572309283, 0, 1764, 2078, 1563, 119, 6.34%, 0, 0, 10, 461.09
1572309288, 0, 1772, 2078, 1562, 118, 6.34%, 0, 0, 10, 1048.05
1572309293, 0, 1772, 2079, 1563, 118, 6.34%, 0, 0, 10, 1696.16
1572309308, 0, 1772, 2080, 1564, 118, 6.34%, 0, 0, 10, 1844.73
1572309314, 0, 1772, 2082, 1566, 118, 6.34%, 0, 0, 10, 1556.02
1572309319, 0, 1774, 2082, 1565, 118, 6.34%, 0, 0, 10, 2440.59
1572309339, 0, 1774, 2083, 1566, 118, 6.35%, 0, 0, 10, 1757.64
1572309345, 0, 1786, 2083, 1565, 118, 6.35%, 0, 0, 10, 372.99
1572309366, 0, 1786, 2085, 1567, 118, 6.35%, 0, 0, 10, 1237.34
1572309376, 0, 1786, 2087, 1569, 118, 6.35%, 0, 0, 10, 1219.09
1572309381, 0, 1788, 2087, 1568, 118, 6.35%, 0, 0, 10, 2092.80
1572309407, 0, 1788, 2089, 1570, 118, 6.35%, 0, 0, 10, 1355.86
1572309412, 0, 1788, 2091, 1572, 118, 6.35%, 0, 0, 10, 1392.12
1572309417, 0, 1794, 2091, 1571, 118, 6.35%, 0, 0, 10, 236.66
1572309442, 0, 1794, 2092, 1572, 118, 6.36%, 0, 0, 10, 328.25
1572309478, 0, 1794, 2093, 1573, 118, 6.36%, 0, 0, 10, 327.08
1572309494, 0, 1795, 2093, 1572, 119, 6.36%, 0, 0, 10, 827.64
1572309520, 0, 1795, 2095, 1574, 119, 6.36%, 0, 0, 10, 1697.45
1572309525, 0, 1795, 2096, 1575, 119, 6.36%, 0, 0, 10, 1466.61
1572309530, 0, 1795, 2097, 1576, 119, 6.36%, 0, 0, 10, 1384.89
1572309535, 0, 1796, 2097, 1575, 120, 6.36%, 0, 0, 10, 43.96
1572309561, 0, 1796, 2098, 1576, 120, 6.36%, 0, 0, 10, 1191.91
1572309566, 0, 1799, 2098, 1575, 119, 6.36%, 0, 0, 10, 1242.95
1572309592, 0, 1799, 2100, 1577, 119, 6.36%, 0, 0, 10, 1503.21
1572309607, 0, 1808, 2102, 1578, 119, 6.36%, 0, 0, 10, 848.04
1572309628, 0, 1808, 2103, 1579, 119, 6.36%, 0, 0, 10, 1319.25
1572309633, 0, 1808, 2105, 1581, 119, 6.36%, 0, 0, 10, 1297.75
1572309643, 0, 1810, 2106, 1581, 119, 6.36%, 0, 0, 10, 72.25
1572309659, 0, 1810, 2107, 1582, 119, 6.36%, 0, 0, 10, 1682.88
1572309664, 0, 1810, 2108, 1583, 119, 6.36%, 0, 0, 10, 1630.25
1572309669, 0, 1811, 2109, 1583, 119, 6.36%, 0, 0, 10, 283.02
1572309684, 0, 1811, 2110, 1584, 119, 6.36%, 0, 0, 10, 198.83
1572309689, 0, 1811, 2112, 1586, 119, 6.36%, 0, 0, 10, 1862.87
1572309694, 0, 1811, 2113, 1587, 119, 6.36%, 0, 0, 10, 1519.34
1572309699, 0, 1812, 2113, 1586, 119, 6.36%, 0, 0, 10, 1054.05
1572309771, 0, 1812, 2114, 1587, 119, 6.36%, 0, 0, 10, 445.55
1572309776, 0, 1813, 2114, 1586, 118, 6.36%, 0, 0, 10, 449.23
1572309828, 0, 1813, 2116, 1588, 118, 6.36%, 0, 0, 10, 701.35
1572309833, 0, 1815, 2117, 1588, 117, 6.36%, 0, 0, 10, 1071.12
1572309853, 0, 1815, 2123, 1594, 117, 6.36%, 0, 0, 10, 1668.29
1572309858, 0, 1815, 2127, 1598, 117, 6.36%, 0, 0, 10, 1412.29
1572309869, 0, 1837, 2129, 1599, 117, 6.36%, 0, 0, 10, 1064.69
1572309889, 0, 1841, 2129, 1598, 116, 6.36%, 0, 0, 10, 1976.15
1572309899, 0, 1841, 2131, 1600, 116, 6.36%, 0, 0, 10, 2564.71
1572309905, 0, 1842, 2131, 1599, 115, 6.36%, 0, 0, 10, 1936.78
1572309920, 0, 1842, 2133, 1601, 115, 6.36%, 0, 0, 10, 1613.15
1572309925, 0, 1842, 2134, 1602, 115, 6.36%, 0, 0, 10, 1649.61
1572309930, 0, 1843, 2135, 1602, 114, 6.36%, 0, 0, 10, 2350.26
1572309946, 0, 1843, 2137, 1604, 114, 6.36%, 0, 0, 10, 1975.64
1572309951, 0, 1843, 2139, 1606, 114, 6.36%, 0, 0, 10, 1820.05
1572309957, 0, 1844, 2139, 1605, 113, 6.36%, 0, 0, 10, 380.02
1572309973, 0, 1844, 2140, 1606, 113, 6.36%, 0, 0, 10, 1685.82
1572309978, 0, 1844, 2141, 1607, 113, 6.36%, 0, 0, 10, 1448.04
1572309983, 0, 1844, 2142, 1608, 113, 6.36%, 0, 0, 10, 1342.07
1572309988, 0, 1845, 2143, 1608, 112, 6.36%, 0, 0, 10, 66.12
1572310004, 0, 1845, 2144, 1609, 112, 6.36%, 0, 0, 10, 2014.57
1572310009, 0, 1845, 2145, 1610, 112, 6.36%, 0, 0, 10, 1548.64
1572310019, 0, 1854, 2145, 1609, 111, 6.36%, 0, 0, 10, 1433.22
1572310034, 0, 1854, 2146, 1610, 111, 6.36%, 0, 0, 10, 1834.89
1572310039, 0, 1856, 2147, 1610, 110, 6.36%, 0, 0, 10, 1620.00
1572310055, 0, 1856, 2149, 1612, 110, 6.36%, 0, 0, 10, 2079.53
1572310060, 0, 1856, 2150, 1613, 110, 6.36%, 0, 0, 10, 1771.69
1572310065, 0, 1862, 2150, 1612, 109, 6.36%, 0, 0, 10, 47.24
1572310075, 0, 1862, 2151, 1613, 109, 6.36%, 0, 0, 10, 2722.84
1572310080, 0, 1865, 2151, 1612, 108, 6.36%, 0, 0, 10, 2231.25
1572310091, 0, 1872, 2151, 1611, 107, 6.36%, 0, 0, 10, 2261.24
1572310106, 0, 1874, 2151, 1610, 106, 6.36%, 0, 0, 10, 2204.44
1572310121, 0, 1876, 2151, 1609, 105, 6.36%, 0, 0, 10, 2147.60
1572310131, 0, 1876, 2152, 1610, 105, 6.36%, 0, 0, 10, 2400.77
1572310137, 0, 1880, 2152, 1609, 104, 6.36%, 0, 0, 10, 75.55
1572310147, 0, 1880, 2153, 1610, 104, 6.36%, 0, 0, 10, 173.27
1572310152, 0, 1880, 2155, 1612, 104, 6.36%, 0, 0, 10, 2115.86
1572310157, 0, 1880, 2157, 1614, 104, 6.36%, 0, 0, 10, 2069.18
1572310162, 0, 1885, 2157, 1613, 105, 6.36%, 0, 0, 10, 2214.16
1572310173, 0, 1885, 2161, 1617, 105, 6.36%, 0, 0, 10, 2521.57
1572310183, 0, 1888, 2161, 1616, 104, 6.36%, 0, 0, 10, 2464.00
1572310198, 0, 1888, 2163, 1618, 104, 6.36%, 0, 0, 10, 2180.84
1572310203, 0, 1891, 2164, 1618, 104, 6.37%, 0, 0, 10, 318.84
1572310209, 0, 1891, 2165, 1619, 104, 6.38%, 0, 0, 10, 302.62
1572310219, 0, 1891, 2166, 1620, 104, 6.38%, 0, 0, 10, 312.52
1572310255, 0, 1891, 2167, 1621, 104, 6.38%, 0, 0, 10, 354.05
1572310260, 0, 1895, 2168, 1621, 106, 6.38%, 0, 0, 10, 1187.13
1572310265, 0, 1895, 2169, 1622, 106, 6.39%, 0, 0, 10, 504.81
1572310275, 0, 1903, 2171, 1623, 107, 6.39%, 0, 0, 10, 2081.73
1572310280, 0, 1903, 2172, 1624, 107, 6.39%, 0, 0, 10, 102.58
1572310285, 0, 1903, 2174, 1626, 107, 6.39%, 0, 0, 10, 99.72
1572310290, 0, 1903, 2176, 1628, 107, 6.39%, 0, 0, 10, 1575.80
1572310296, 0, 1905, 2176, 1627, 106, 6.39%, 0, 0, 10, 2431.01
1572310301, 0, 1905, 2177, 1628, 106, 6.39%, 0, 0, 10, 2315.81
1572310306, 0, 1907, 2178, 1628, 105, 6.39%, 0, 0, 10, 77.27
1572310322, 0, 1911, 2179, 1628, 105, 6.39%, 0, 0, 10, 1863.89
1572310327, 0, 1911, 2185, 1634, 105, 6.40%, 0, 0, 10, 2849.73
1572310332, 0, 1919, 2187, 1635, 108, 6.40%, 0, 0, 10, 3076.13
1572310342, 0, 1919, 2190, 1638, 108, 6.41%, 0, 0, 10, 3143.53
1572310352, 0, 1920, 2192, 1639, 108, 6.41%, 0, 0, 10, 3144.43
1572310358, 0, 1920, 2194, 1641, 108, 6.41%, 0, 0, 10, 3212.79
1572310363, 0, 1921, 2195, 1641, 107, 6.41%, 0, 0, 10, 3186.13
1572310373, 0, 1922, 2195, 1640, 106, 6.41%, 0, 0, 10, 3432.79
1572310378, 0, 1923, 2196, 1640, 105, 6.41%, 0, 0, 10, 3199.69
1572310383, 0, 1924, 2196, 1639, 105, 6.41%, 0, 0, 10, 3289.60
1572310388, 0, 1925, 2198, 1640, 104, 6.41%, 0, 0, 10, 3171.89
1572310393, 0, 1926, 2199, 1640, 104, 6.41%, 0, 0, 10, 3184.33
1572310398, 0, 1926, 2200, 1641, 104, 6.41%, 0, 0, 10, 3067.02
1572310403, 0, 1927, 2200, 1640, 104, 6.41%, 0, 0, 10, 3247.41
1572310408, 0, 1928, 2204, 1643, 103, 6.42%, 0, 0, 10, 3075.79
1572310413, 0, 1929, 2204, 1642, 103, 6.42%, 0, 0, 10, 3002.80
1572310418, 0, 1930, 2204, 1641, 102, 6.42%, 0, 0, 10, 3000.02
1572310423, 0, 1931, 2205, 1641, 101, 6.42%, 0, 0, 10, 3181.57
1572310429, 0, 1932, 2205, 1640, 100, 6.42%, 0, 0, 10, 3255.57
1572310434, 0, 1936, 2205, 1639, 99, 6.42%, 0, 0, 10, 3033.20
1572310439, 0, 1936, 2206, 1640, 99, 6.43%, 0, 0, 10, 2994.93
1572310444, 0, 1937, 2206, 1639, 99, 6.43%, 0, 0, 10, 3138.39
1572310449, 0, 1938, 2206, 1638, 98, 6.43%, 0, 0, 10, 3178.14
1572310454, 0, 1940, 2208, 1638, 96, 6.43%, 0, 0, 11, 3145.70
1572310459, 0, 1940, 2217, 1647, 96, 6.44%, 0, 0, 11, 3224.99
1572310464, 0, 1942, 2217, 1646, 103, 6.44%, 0, 0, 11, 3246.83
1572310469, 0, 1943, 2217, 1645, 102, 6.44%, 0, 0, 11, 3189.49
1572310474, 0, 1944, 2217, 1644, 101, 6.44%, 0, 0, 11, 3254.18
1572310479, 0, 1946, 2218, 1644, 100, 6.45%, 0, 0, 11, 3234.98
1572310485, 0, 1950, 2220, 1645, 100, 6.50%, 0, 0, 11, 3255.18
1572310490, 0, 1951, 2223, 1647, 102, 6.52%, 0, 0, 11, 3326.14
1572310495, 0, 1953, 2224, 1647, 101, 6.53%, 0, 0, 11, 3198.23
1572310500, 0, 1956, 2227, 1649, 104, 6.53%, 0, 0, 11, 2843.60
1572310510, 0, 1956, 2228, 1650, 104, 6.53%, 0, 0, 11, 46.30
1572310515, 0, 1957, 2230, 1651, 103, 6.53%, 0, 0, 11, 1605.81
1572310520, 0, 1957, 2231, 1652, 103, 6.53%, 0, 0, 11, 405.47
1572310526, 0, 1957, 2233, 1654, 103, 6.53%, 0, 0, 11, 2635.69
1572310531, 0, 1957, 2234, 1655, 103, 6.53%, 0, 0, 11, 2257.54
1572310536, 0, 1959, 2236, 1656, 103, 6.53%, 0, 0, 11, 168.95
1572310546, 0, 1959, 2237, 1657, 103, 6.53%, 0, 0, 11, 1976.40
1572310552, 0, 1959, 2239, 1659, 103, 6.53%, 0, 0, 11, 1847.40
1572310557, 0, 1966, 2240, 1659, 103, 6.53%, 0, 0, 11, 259.45
1572310562, 0, 1966, 2241, 1660, 103, 6.53%, 0, 0, 11, 44.13
1572310582, 0, 1967, 2241, 1659, 103, 6.53%, 0, 0, 11, 220.46
1572310587, 0, 1967, 2242, 1660, 103, 6.53%, 0, 0, 11, 46.59
1572310603, 0, 1967, 2243, 1661, 103, 6.53%, 0, 0, 11, 269.99
1572310608, 0, 1971, 2244, 1661, 103, 6.54%, 0, 0, 11, 1090.00
1572310613, 0, 1971, 2245, 1662, 103, 6.54%, 0, 0, 11, 1947.57
1572310629, 0, 1971, 2247, 1664, 103, 6.54%, 0, 0, 11, 1558.24
1572310644, 0, 1974, 2247, 1663, 103, 6.54%, 0, 0, 11, 48.23
1572310665, 0, 1974, 2252, 1668, 103, 6.54%, 0, 0, 11, 1772.39
1572310675, 0, 1977, 2255, 1670, 103, 6.54%, 0, 0, 11, 176.06
1572310680, 0, 1977, 2256, 1671, 103, 6.55%, 0, 0, 11, 2826.71
1572310696, 0, 1977, 2260, 1675, 103, 6.55%, 0, 0, 11, 1818.51
1572310706, 0, 1978, 2263, 1677, 104, 6.56%, 0, 0, 11, 76.78
1572310726, 0, 1979, 2266, 1679, 105, 6.56%, 0, 0, 11, 1380.59
1572310742, 0, 1979, 2268, 1681, 105, 6.56%, 0, 0, 11, 1683.06
1572310747, 0, 1979, 2269, 1682, 105, 6.56%, 0, 0, 11, 1498.67
1572310752, 0, 1980, 2270, 1682, 106, 6.56%, 0, 0, 11, 78.52
1572310767, 0, 1980, 2271, 1683, 106, 6.56%, 0, 0, 11, 2253.44
1572310772, 0, 1980, 2272, 1684, 106, 6.56%, 0, 0, 11, 1296.23
1572310778, 0, 1980, 2273, 1685, 106, 6.56%, 0, 0, 11, 1259.49
1572310783, 0, 1980, 2274, 1686, 106, 6.56%, 0, 0, 11, 1115.19
1572310788, 0, 1989, 2276, 1687, 105, 6.56%, 0, 0, 11, 47.87
1572310804, 0, 1989, 2280, 1691, 105, 6.56%, 0, 0, 11, 1662.85
1572310809, 0, 1989, 2284, 1695, 105, 6.57%, 0, 0, 11, 1249.85
1572310819, 0, 1991, 2285, 1695, 106, 6.57%, 0, 0, 11, 1651.26
1572310844, 0, 1992, 2286, 1695, 105, 6.57%, 0, 0, 11, 46.74
1572310865, 0, 1992, 2288, 1697, 105, 6.57%, 0, 0, 11, 1888.41
1572310875, 0, 1994, 2290, 1698, 105, 6.57%, 0, 0, 11, 1273.59
1572310880, 0, 1994, 2291, 1699, 105, 6.57%, 0, 0, 11, 1540.39
1572310895, 0, 1994, 2292, 1700, 105, 6.57%, 0, 0, 11, 1438.59
1572310901, 0, 1994, 2293, 1701, 105, 6.57%, 0, 0, 11, 1475.84
1572310906, 0, 1996, 2304, 1711, 105, 6.60%, 0, 0, 11, 2257.64
1572310911, 0, 1997, 2305, 1711, 114, 6.61%, 0, 0, 11, 2278.22
1572310926, 0, 1997, 2307, 1713, 114, 6.61%, 0, 0, 11, 1799.40
1572310931, 0, 1997, 2309, 1715, 114, 6.61%, 0, 0, 11, 1317.46
1572310941, 0, 1998, 2310, 1715, 115, 6.61%, 0, 0, 11, 75.61
1572310957, 0, 2002, 2310, 1714, 114, 6.61%, 0, 0, 11, 70.42
1572310967, 0, 2002, 2312, 1716, 114, 6.61%, 0, 0, 11, 2612.79
1572310972, 0, 2004, 2313, 1716, 114, 6.61%, 0, 0, 11, 1985.81
1572310992, 0, 2014, 2313, 1715, 114, 6.61%, 0, 0, 11, 1889.38
1572310998, 0, 2014, 2314, 1716, 114, 6.61%, 0, 0, 11, 2799.16
1572311003, 0, 2014, 2315, 1717, 114, 6.61%, 0, 0, 11, 27.51
1572311018, 0, 2017, 2316, 1717, 114, 6.61%, 0, 0, 11, 651.79
1572311039, 0, 2018, 2316, 1716, 113, 6.61%, 0, 0, 11, 1948.36
1572311064, 0, 2022, 2316, 1715, 112, 6.61%, 0, 0, 11, 49.66
1572311075, 0, 2025, 2318, 1716, 111, 6.61%, 0, 0, 11, 1972.28
1572311095, 0, 2025, 2319, 1717, 111, 6.61%, 0, 0, 11, 1472.55
1572311100, 0, 2028, 2320, 1717, 111, 6.61%, 0, 0, 11, 65.10
1572311126, 0, 2040, 2322, 1718, 110, 6.61%, 0, 0, 11, 767.54
1572311156, 0, 2043, 2322, 1717, 110, 6.61%, 0, 0, 11, 1175.00
1572311172, 0, 2043, 2323, 1718, 110, 6.61%, 0, 0, 11, 2198.00
1572311182, 0, 2044, 2323, 1717, 109, 6.61%, 0, 0, 11, 41.67
1572311198, 0, 2044, 2324, 1718, 109, 6.61%, 0, 0, 11, 2247.24
1572311203, 0, 2044, 2327, 1721, 109, 6.61%, 0, 0, 11, 1650.03
1572311208, 0, 2044, 2328, 1722, 109, 6.61%, 0, 0, 11, 1341.79
1572311213, 0, 2045, 2328, 1721, 109, 6.61%, 0, 0, 11, 605.00
1572311223, 0, 2045, 2330, 1723, 109, 6.61%, 0, 0, 11, 1874.01
1572311234, 0, 2047, 2330, 1722, 108, 6.61%, 0, 0, 11, 818.60
1572311249, 0, 2047, 2332, 1724, 108, 6.61%, 0, 0, 11, 1617.43
1572311264, 0, 2053, 2333, 1724, 107, 6.61%, 0, 0, 11, 121.86
1572311300, 0, 2058, 2333, 1723, 106, 6.61%, 0, 0, 11, 73.08
1572311320, 0, 2058, 2338, 1728, 106, 6.61%, 0, 0, 11, 1558.75
1572311331, 0, 2058, 2339, 1729, 106, 6.61%, 0, 0, 11, 1228.14
1572311341, 0, 2061, 2340, 1729, 105, 6.61%, 0, 0, 11, 2480.16
1572311346, 0, 2064, 2340, 1728, 105, 6.61%, 0, 0, 11, 46.64
1572311361, 0, 2066, 2340, 1727, 104, 6.61%, 0, 0, 11, 1840.00
1572311371, 0, 2066, 2341, 1728, 104, 6.61%, 0, 0, 11, 1626.04
1572311377, 0, 2072, 2341, 1727, 103, 6.61%, 0, 0, 11, 1774.42
1572311398, 0, 2072, 2342, 1728, 103, 6.61%, 0, 0, 11, 1523.87
1572311403, 0, 2073, 2343, 1728, 102, 6.61%, 0, 0, 11, 79.96
1572311419, 0, 2078, 2343, 1727, 101, 6.61%, 0, 0, 11, 1235.28
1572311449, 0, 2082, 2344, 1727, 100, 6.61%, 0, 0, 11, 2430.00
1572311475, 0, 2082, 2347, 1730, 100, 6.61%, 0, 0, 11, 1532.52
1572311485, 0, 2082, 2348, 1731, 100, 6.61%, 0, 0, 11, 1103.28
1572311491, 0, 2087, 2351, 1733, 99, 6.61%, 0, 0, 11, 734.18
1572311511, 0, 2087, 2353, 1735, 99, 6.61%, 0, 0, 11, 2086.01
1572311516, 0, 2087, 2355, 1737, 99, 6.61%, 0, 0, 11, 1596.08
1572311521, 0, 2087, 2356, 1738, 99, 6.61%, 0, 0, 11, 1456.94
1572311526, 0, 2091, 2356, 1737, 99, 6.61%, 0, 0, 11, 274.88
1572311583, 0, 2091, 2357, 1738, 99, 6.61%, 0, 0, 11, 337.79
1572311598, 0, 2092, 2357, 1737, 99, 6.61%, 0, 0, 11, 510.49
1572311629, 0, 2092, 2359, 1739, 99, 6.61%, 0, 0, 11, 1574.43
1572311639, 0, 2094, 2359, 1738, 98, 6.61%, 0, 0, 11, 1134.36
1572311675, 0, 2096, 2360, 1738, 97, 6.61%, 0, 0, 11, 1312.57
1572311680, 0, 2096, 2361, 1739, 97, 6.61%, 0, 0, 11, 772.32
1572311705, 0, 2096, 2362, 1740, 97, 6.61%, 0, 0, 11, 1625.43
1572311710, 0, 2098, 2362, 1739, 96, 6.61%, 0, 0, 11, 1367.91
1572311731, 0, 2098, 2363, 1740, 96, 6.61%, 0, 0, 11, 1822.92
1572311736, 0, 2098, 2364, 1741, 96, 6.61%, 0, 0, 11, 1485.98
1572311746, 0, 2100, 2364, 1740, 96, 6.61%, 0, 0, 11, 106.14
1572311767, 0, 2100, 2366, 1742, 96, 6.61%, 0, 0, 11, 1718.65
1572311777, 0, 2101, 2369, 1744, 97, 6.61%, 0, 0, 11, 1470.06
1572311782, 0, 2101, 2370, 1745, 97, 6.61%, 0, 0, 11, 1556.25
1572311808, 0, 2107, 2371, 1745, 97, 6.61%, 0, 0, 11, 46.56
1572311829, 0, 2112, 2371, 1744, 96, 6.61%, 0, 0, 11, 802.82
1572311855, 0, 2116, 2371, 1743, 95, 6.61%, 0, 0, 11, 826.29
1572311881, 0, 2146, 2371, 1742, 94, 6.61%, 0, 0, 11, 1467.32
1572311896, 0, 2147, 2371, 1741, 93, 6.61%, 0, 0, 11, 2112.90
1572311922, 0, 2147, 2379, 1749, 93, 6.61%, 0, 0, 11, 1885.84
1572311927, 0, 2147, 2381, 1751, 93, 6.61%, 0, 0, 11, 1767.94
1572311932, 0, 2162, 2381, 1750, 94, 6.61%, 0, 0, 11, 1120.55
1572311942, 0, 2162, 2382, 1751, 94, 6.61%, 0, 0, 11, 2328.15
1572311947, 0, 2163, 2382, 1750, 93, 6.61%, 0, 0, 11, 247.83
1572311952, 0, 2163, 2383, 1751, 93, 6.61%, 0, 0, 11, 332.48
1572311999, 0, 2163, 2384, 1752, 93, 6.61%, 0, 0, 11, 379.99
1572312004, 0, 2165, 2385, 1752, 92, 6.62%, 0, 0, 11, 480.54
1572312060, 0, 2165, 2386, 1753, 92, 6.62%, 0, 0, 11, 569.15
1572312065, 0, 2167, 2387, 1753, 92, 6.62%, 0, 0, 11, 2686.09
1572312070, 0, 2167, 2388, 1754, 92, 6.62%, 0, 0, 11, 2890.00
1572312076, 0, 2168, 2388, 1753, 92, 6.62%, 0, 0, 11, 165.49
1572312081, 0, 2168, 2389, 1754, 92, 6.62%, 0, 0, 11, 2853.87
1572312086, 0, 2177, 2389, 1753, 92, 6.62%, 0, 0, 11, 2400.52
1572312091, 0, 2177, 2390, 1754, 92, 6.62%, 0, 0, 11, 1638.93
1572312106, 0, 2177, 2391, 1755, 92, 6.62%, 0, 0, 11, 1925.95
1572312111, 0, 2179, 2397, 1760, 91, 6.62%, 0, 0, 11, 2723.60
1572312116, 0, 2179, 2399, 1762, 91, 6.62%, 0, 0, 11, 2991.60
1572312121, 0, 2181, 2401, 1763, 91, 6.62%, 0, 0, 11, 3073.13
1572312127, 0, 2181, 2404, 1766, 91, 6.62%, 0, 0, 11, 3098.49
1572312132, 0, 2185, 2405, 1766, 91, 6.62%, 0, 0, 11, 3185.09
1572312137, 0, 2185, 2407, 1768, 91, 6.62%, 0, 0, 11, 3235.41
1572312142, 0, 2192, 2407, 1767, 91, 6.62%, 0, 0, 11, 3245.98
1572312147, 0, 2192, 2408, 1768, 91, 6.62%, 0, 0, 11, 3238.65
1572312152, 0, 2195, 2409, 1768, 90, 6.62%, 0, 0, 11, 3125.10
1572312157, 0, 2197, 2409, 1767, 90, 6.62%, 0, 0, 11, 3060.87
1572312162, 0, 2199, 2410, 1767, 90, 6.62%, 0, 0, 11, 3078.99
1572312167, 0, 2201, 2411, 1767, 89, 6.62%, 0, 0, 11, 3078.30
1572312177, 0, 2202, 2411, 1766, 88, 6.62%, 0, 0, 11, 3001.64
1572312183, 0, 2204, 2411, 1765, 87, 6.62%, 0, 0, 11, 3022.43
1572312188, 0, 2205, 2411, 1764, 86, 6.62%, 0, 0, 11, 3055.73
1572312198, 0, 2208, 2412, 1763, 85, 6.62%, 0, 0, 12, 3035.37
1572312203, 0, 2208, 2414, 1765, 85, 6.63%, 0, 0, 12, 3092.40
1572312208, 0, 2211, 2415, 1764, 85, 6.63%, 0, 0, 12, 3135.43
1572312213, 0, 2212, 2417, 1765, 84, 6.63%, 0, 0, 12, 3137.73
1572312218, 0, 2212, 2418, 1766, 84, 6.63%, 0, 0, 12, 3219.77
1572312223, 0, 2213, 2418, 1765, 83, 6.63%, 0, 0, 12, 3216.58
1572312228, 0, 2215, 2418, 1763, 81, 6.63%, 0, 0, 12, 3207.25
1572312233, 0, 2217, 2418, 1762, 80, 6.63%, 0, 0, 12, 3255.43
1572312239, 0, 2218, 2424, 1767, 79, 6.64%, 0, 0, 12, 3257.09
1572312244, 0, 2218, 2427, 1770, 79, 6.64%, 0, 0, 12, 3271.02
1572312249, 0, 2219, 2431, 1773, 80, 6.69%, 0, 0, 12, 3236.79
1572312254, 0, 2221, 2436, 1777, 85, 6.74%, 0, 0, 12, 3266.62
1572312259, 0, 2222, 2436, 1776, 84, 6.74%, 0, 0, 12, 3289.64
1572312264, 0, 2223, 2440, 1779, 85, 6.78%, 0, 0, 12, 3290.14
1572312269, 0, 2230, 2446, 1784, 85, 6.78%, 0, 0, 12, 2944.05
1572312280, 0, 2232, 2450, 1787, 85, 6.78%, 0, 0, 12, 289.09
1572312286, 0, 2232, 2451, 1788, 85, 6.78%, 0, 0, 12, 152.21
1572312291, 0, 2232, 2453, 1790, 85, 6.78%, 0, 0, 12, 1667.30
1572312296, 0, 2235, 2453, 1789, 87, 6.78%, 0, 0, 12, 45.35
1572312312, 0, 2240, 2454, 1789, 86, 6.78%, 0, 0, 12, 77.44
1572312332, 0, 2242, 2454, 1788, 85, 6.78%, 0, 0, 12, 1175.40
1572312358, 0, 2242, 2455, 1789, 85, 6.78%, 0, 0, 12, 1884.97
1572312368, 0, 2243, 2456, 1789, 85, 6.78%, 0, 0, 12, 180.83
1572312389, 0, 2247, 2459, 1791, 85, 6.78%, 0, 0, 12, 1905.00
1572312394, 0, 2247, 2460, 1792, 85, 6.78%, 0, 0, 12, 2016.15
1572312410, 0, 2247, 2463, 1795, 85, 6.78%, 0, 0, 12, 249.51
1572312415, 0, 2247, 2464, 1796, 85, 6.78%, 0, 0, 12, 1855.13
1572312420, 0, 2247, 2475, 1807, 85, 6.78%, 0, 0, 12, 1391.33
1572312425, 0, 2247, 2485, 1817, 85, 6.78%, 0, 0, 12, 1328.96
1572312430, 0, 2248, 2487, 1818, 85, 6.78%, 0, 0, 12, 1465.53
1572312445, 0, 2255, 2487, 1817, 84, 6.78%, 0, 0, 12, 2495.81
1572312466, 0, 2256, 2487, 1816, 83, 6.78%, 0, 0, 12, 2532.29
1572312476, 0, 2258, 2489, 1817, 82, 6.78%, 0, 0, 12, 360.00
1572312497, 0, 2258, 2490, 1818, 82, 6.78%, 0, 0, 12, 1932.20
1572312507, 0, 2259, 2490, 1817, 81, 6.78%, 0, 0, 12, 77.46
1572312528, 0, 2261, 2490, 1816, 80, 6.78%, 0, 0, 12, 139.63
1572312549, 0, 2262, 2490, 1815, 79, 6.78%, 0, 0, 12, 1756.00
1572312569, 0, 2262, 2491, 1816, 79, 6.78%, 0, 0, 12, 1617.85
1572312574, 0, 2264, 2491, 1815, 78, 6.78%, 0, 0, 12, 79.96
1572312590, 0, 2264, 2493, 1817, 78, 6.78%, 0, 0, 12, 1543.81
1572312600, 0, 2265, 2493, 1816, 77, 6.78%, 0, 0, 12, 48.08
1572312621, 0, 2275, 2493, 1815, 76, 6.78%, 0, 0, 12, 1216.51
1572312646, 0, 2277, 2494, 1815, 75, 6.78%, 0, 0, 12, 1406.11
1572312667, 0, 2277, 2498, 1819, 75, 6.79%, 0, 0, 12, 1891.39
1572312672, 0, 2277, 2502, 1823, 75, 6.79%, 0, 0, 12, 1715.06
1572312677, 0, 2280, 2502, 1822, 75, 6.79%, 0, 0, 12, 78.14
1572312697, 0, 2288, 2504, 1823, 74, 6.79%, 2, 0, 12, 1297.96
1572312713, 0, 2290, 2504, 1822, 74, 6.79%, 3, 0, 12, 1476.58
1572312718, 0, 2290, 2505, 1823, 74, 6.79%, 3, 0, 12, 44.84
1572312733, 0, 2290, 2507, 1825, 74, 6.79%, 3, 0, 12, 1865.83
1572312748, 0, 2292, 2507, 1824, 74, 6.79%, 3, 0, 12, 306.43
1572312764, 0, 2292, 2509, 1826, 74, 6.79%, 3, 0, 12, 1497.23
1572312774, 0, 2292, 2510, 1827, 74, 6.80%, 3, 0, 12, 1348.72
1572312779, 0, 2294, 2510, 1826, 74, 6.80%, 3, 0, 12, 2799.63
1572312784, 0, 2295, 2510, 1825, 73, 6.80%, 3, 0, 12, 3072.24
1572312789, 0, 2296, 2510, 1824, 72, 6.80%, 3, 0, 12, 3143.70
1572312795, 0, 2297, 2510, 1823, 71, 6.80%, 3, 0, 12, 3158.58
1572312800, 0, 2298, 2510, 1822, 70, 6.80%, 3, 0, 12, 3146.07
1572312805, 0, 2299, 2510, 1821, 69, 6.80%, 3, 0, 12, 3173.45
1572312810, 0, 2300, 2510, 1820, 68, 6.80%, 3, 0, 12, 3152.57
1572312815, 0, 2301, 2510, 1819, 67, 6.80%, 3, 0, 12, 2982.03
1572312820, 0, 2302, 2510, 1818, 66, 6.80%, 3, 0, 12, 2934.56
1572312825, 0, 2303, 2510, 1817, 65, 6.80%, 3, 0, 12, 2773.18
1572312830, 0, 2304, 2510, 1816, 64, 6.80%, 3, 0, 12, 2772.70
1572312840, 0, 2304, 2511, 1817, 64, 6.80%, 3, 0, 12, 325.00
1572312851, 0, 2304, 2513, 1819, 64, 6.80%, 3, 0, 12, 1713.99
1572312856, 0, 2304, 2514, 1820, 64, 6.80%, 3, 0, 12, 1318.37
1572312866, 0, 2305, 2514, 1819, 64, 6.80%, 3, 0, 12, 47.52
1572312887, 0, 2305, 2515, 1820, 64, 6.80%, 3, 0, 12, 1678.18
1572312892, 0, 2311, 2515, 1819, 63, 6.80%, 3, 0, 12, 870.00
1572312918, 0, 2312, 2515, 1818, 62, 6.80%, 3, 0, 12, 53.11
1572312938, 0, 2314, 2515, 1817, 61, 6.80%, 3, 0, 12, 1707.58
1572312960, 0, 2317, 2515, 1816, 60, 6.80%, 3, 0, 12, 2294.05
1572312965, 0, 2317, 2516, 1817, 60, 6.80%, 3, 0, 12, 49.61
1572312975, 0, 2317, 2518, 1819, 60, 6.80%, 3, 0, 12, 2095.28
1572312985, 0, 2321, 2518, 1818, 59, 6.80%, 3, 0, 12, 1526.32
1572313010, 0, 2321, 2519, 1819, 59, 6.80%, 3, 0, 12, 1576.94
1572313016, 0, 2323, 2519, 1818, 58, 6.80%, 3, 0, 12, 77.46
1572313036, 0, 2323, 2520, 1819, 58, 6.80%, 3, 0, 12, 1233.81
1572313041, 0, 2339, 2520, 1818, 58, 6.80%, 3, 0, 12, 2384.22
1572313047, 0, 2351, 2520, 1817, 57, 6.80%, 3, 0, 12, 456.12
1572313072, 0, 2356, 2520, 1816, 56, 6.80%, 3, 0, 12, 45.47
1572313094, 0, 2356, 2522, 1818, 56, 6.80%, 3, 0, 12, 1499.11
1572313109, 0, 2363, 2522, 1817, 55, 6.80%, 3, 0, 12, 138.37
1572313135, 0, 2363, 2523, 1818, 55, 6.80%, 3, 0, 12, 1854.05
1572313140, 0, 2365, 2523, 1817, 54, 6.80%, 3, 0, 12, 1200.32
1572313166, 0, 2365, 2524, 1818, 54, 6.80%, 3, 0, 12, 1053.08
1572313171, 0, 2367, 2524, 1817, 53, 6.80%, 3, 0, 12, 985.01
1572313207, 0, 2369, 2524, 1816, 52, 6.80%, 3, 0, 12, 2331.83
1572313227, 0, 2369, 2525, 1817, 52, 6.80%, 3, 0, 12, 2391.14
1572313237, 0, 2370, 2526, 1817, 52, 6.80%, 3, 0, 12, 45.74
1572313258, 0, 2370, 2527, 1818, 52, 6.80%, 3, 0, 12, 1182.58
1572313263, 0, 2374, 2527, 1817, 52, 6.80%, 3, 0, 12, 1361.49
1572313284, 0, 2374, 2528, 1818, 52, 6.80%, 3, 0, 12, 2280.14
1572313289, 0, 2374, 2533, 1823, 52, 6.80%, 3, 0, 12, 1918.79
1572313294, 0, 2375, 2533, 1822, 51, 6.80%, 3, 0, 12, 1677.94
1572313320, 0, 2382, 2534, 1822, 50, 6.80%, 3, 0, 12, 277.47
1572313376, 0, 2384, 2535, 1822, 50, 6.80%, 3, 0, 12, 688.91
1572313381, 0, 2384, 2536, 1823, 50, 6.81%, 3, 0, 12, 380.65
1572313437, 0, 2386, 2537, 1823, 50, 6.81%, 3, 0, 12, 2266.38
1572313452, 0, 2388, 2537, 1822, 49, 6.81%, 3, 0, 12, 1342.44
1572313458, 0, 2388, 2538, 1823, 49, 6.81%, 3, 0, 12, 2709.98
1572313463, 0, 2388, 2540, 1825, 49, 6.81%, 3, 0, 12, 2235.68
1572313473, 0, 2392, 2540, 1824, 50, 6.81%, 3, 0, 12, 2249.04
1572313478, 0, 2398, 2540, 1823, 49, 6.81%, 3, 0, 12, 2932.59
1572313483, 0, 2401, 2540, 1821, 47, 6.81%, 3, 0, 12, 3154.52
1572313488, 0, 2404, 2541, 1821, 46, 6.81%, 3, 0, 12, 3100.30
1572313493, 0, 2404, 2542, 1822, 46, 6.81%, 3, 0, 12, 3116.45
1572313498, 0, 2407, 2543, 1822, 45, 6.81%, 3, 0, 12, 3119.14
1572313508, 0, 2408, 2543, 1821, 44, 6.81%, 3, 0, 12, 3082.80
1572313513, 0, 2409, 2545, 1822, 43, 6.81%, 3, 0, 12, 3067.03
1572313519, 0, 2413, 2545, 1820, 41, 6.81%, 3, 0, 12, 3198.18
1572313524, 0, 2417, 2546, 1819, 39, 6.81%, 3, 0, 13, 3247.65
1572313529, 0, 2421, 2548, 1820, 38, 6.81%, 3, 0, 13, 3055.45
1572313534, 0, 2421, 2549, 1821, 38, 6.81%, 3, 0, 13, 2950.49
1572313539, 0, 2422, 2550, 1821, 38, 6.81%, 3, 0, 13, 2855.04
1572313544, 0, 2427, 2551, 1821, 37, 6.81%, 3, 0, 13, 3031.87
1572313549, 0, 2427, 2556, 1826, 37, 6.81%, 3, 0, 13, 3164.32
1572313554, 0, 2428, 2558, 1827, 37, 6.87%, 3, 0, 13, 3058.49
1572313559, 0, 2429, 2559, 1827, 38, 6.87%, 3, 0, 13, 3055.51
1572313564, 0, 2430, 2564, 1831, 37, 6.91%, 3, 0, 13, 3133.24
1572313569, 0, 2432, 2564, 1829, 39, 6.91%, 3, 0, 13, 3110.04
1572313574, 0, 2435, 2570, 1834, 38, 6.94%, 3, 0, 13, 3038.72
1572313580, 0, 2435, 2575, 1839, 38, 6.97%, 3, 0, 13, 3040.21
1572313585, 0, 2437, 2575, 1838, 46, 6.97%, 3, 0, 13, 3113.21
1572313590, 0, 2439, 2576, 1838, 46, 6.97%, 3, 0, 13, 3174.91
1572313595, 0, 2440, 2579, 1840, 47, 6.98%, 3, 0, 13, 3143.58
1572313600, 0, 2443, 2579, 1839, 46, 6.98%, 3, 0, 13, 3206.50
1572313605, 0, 2445, 2580, 1838, 44, 6.98%, 3, 0, 13, 3033.91
1572313621, 0, 2447, 2580, 1837, 43, 6.98%, 3, 0, 13, 2595.00
1572313631, 0, 2447, 2581, 1838, 43, 6.98%, 3, 0, 13, 2321.97
1572313636, 0, 2449, 2584, 1840, 43, 6.98%, 3, 0, 13, 2945.00
1572313646, 0, 2449, 2585, 1841, 43, 6.98%, 3, 0, 13, 2092.50
1572313652, 0, 2450, 2586, 1841, 42, 6.98%, 3, 0, 13, 116.74
1572313657, 0, 2450, 2587, 1842, 42, 6.98%, 3, 0, 13, 1823.23
1572313662, 0, 2454, 2588, 1842, 42, 6.98%, 3, 0, 13, 1778.80
1572313682, 0, 2461, 2588, 1841, 41, 6.98%, 3, 0, 13, 1923.25
1572313697, 0, 2461, 2589, 1842, 41, 6.98%, 3, 0, 13, 27.86
1572313713, 0, 2461, 2592, 1845, 41, 6.98%, 3, 0, 13, 1672.90
1572313723, 0, 2461, 2594, 1847, 41, 6.98%, 3, 0, 13, 1352.80
1572313728, 0, 2486, 2595, 1847, 41, 6.98%, 3, 0, 13, 1422.28
1572313759, 0, 2486, 2597, 1849, 41, 6.98%, 3, 0, 13, 1381.35
1572313764, 0, 2486, 2599, 1851, 41, 6.98%, 3, 0, 13, 1252.01
1572313769, 0, 2486, 2600, 1852, 41, 6.98%, 3, 0, 13, 1176.24
1572313780, 0, 2496, 2600, 1851, 41, 6.98%, 3, 0, 13, 46.61
1572313801, 0, 2496, 2604, 1855, 41, 6.98%, 3, 0, 13, 1483.97
1572313811, 0, 2496, 2607, 1858, 41, 6.98%, 3, 0, 13, 1367.84
1572313816, 0, 2503, 2608, 1858, 40, 6.98%, 3, 0, 13, 1492.99
1572313821, 0, 2503, 2610, 1860, 40, 6.98%, 3, 0, 13, 1356.45
1572313842, 0, 2504, 2610, 1859, 41, 6.98%, 3, 0, 13, 432.25
1572313862, 0, 2504, 2612, 1861, 41, 6.98%, 3, 0, 13, 1667.11
1572313878, 0, 2509, 2613, 1861, 41, 6.99%, 3, 0, 13, 2431.43
1572313883, 0, 2510, 2613, 1860, 41, 6.99%, 3, 0, 13, 43.78
1572313898, 0, 2510, 2614, 1861, 41, 6.99%, 3, 0, 13, 2031.02
1572313903, 0, 2510, 2615, 1862, 41, 6.99%, 3, 0, 13, 1377.57
1572313913, 0, 2524, 2615, 1861, 40, 6.99%, 3, 0, 13, 285.29
1572313939, 0, 2524, 2616, 1862, 40, 6.99%, 3, 0, 13, 1149.53
1572313944, 0, 2524, 2617, 1863, 40, 6.99%, 3, 0, 13, 1357.55
1572313949, 0, 2525, 2618, 1863, 39, 6.99%, 3, 0, 13, 1313.02
1572313970, 0, 2533, 2618, 1862, 38, 6.99%, 3, 0, 13, 289.95
1572314026, 0, 2535, 2619, 1862, 37, 6.99%, 3, 0, 13, 653.25
1572314031, 0, 2535, 2620, 1863, 37, 6.99%, 3, 0, 13, 377.58
1572314082, 0, 2535, 2621, 1864, 37, 6.99%, 3, 0, 13, 389.91
1572314087, 0, 2538, 2622, 1864, 37, 6.99%, 3, 0, 13, 76.80
1572314092, 0, 2538, 2623, 1865, 37, 6.99%, 3, 0, 13, 2790.82
1572314102, 0, 2539, 2627, 1868, 37, 7.00%, 3, 0, 13, 1357.78
1572314118, 0, 2539, 2629, 1870, 37, 7.00%, 3, 0, 13, 1958.81
1572314123, 0, 2547, 2629, 1869, 41, 7.00%, 3, 0, 13, 1794.77
1572314133, 0, 2547, 2631, 1871, 41, 7.00%, 3, 0, 14, 3185.83
1572314138, 0, 2557, 2634, 1872, 42, 7.01%, 3, 0, 14, 3158.38
1572314148, 0, 2560, 2634, 1870, 40, 7.01%, 3, 0, 14, 3155.13
1572314153, 0, 2561, 2634, 1869, 39, 7.01%, 3, 0, 14, 3175.34
1572314158, 0, 2564, 2639, 1873, 39, 7.03%, 3, 0, 14, 3161.16
1572314163, 0, 2564, 2642, 1876, 39, 7.03%, 3, 0, 14, 3023.21
1572314168, 0, 2564, 2644, 1878, 39, 7.03%, 3, 0, 14, 3070.78
1572314173, 0, 2566, 2645, 1878, 40, 7.03%, 3, 0, 14, 3126.31
1572314178, 0, 2568, 2645, 1877, 40, 7.03%, 3, 0, 14, 3059.11
1572314183, 0, 2569, 2645, 1876, 39, 7.03%, 3, 0, 14, 3092.27
1572314189, 0, 2569, 2653, 1884, 39, 7.09%, 3, 0, 14, 3108.45
1572314194, 0, 2570, 2653, 1883, 44, 7.09%, 3, 0, 14, 3171.29
1572314199, 0, 2571, 2653, 1882, 43, 7.09%, 3, 0, 14, 3159.44
1572314204, 0, 2572, 2654, 1882, 42, 7.12%, 3, 0, 14, 3097.02
1572314209, 0, 2573, 2655, 1882, 43, 7.12%, 3, 0, 14, 3187.10
1572314214, 0, 2576, 2656, 1882, 43, 7.12%, 3, 0, 14, 3225.75
1572314219, 0, 2577, 2656, 1881, 42, 7.12%, 3, 0, 14, 3336.04
1572314224, 0, 2578, 2656, 1880, 41, 7.12%, 3, 0, 14, 3241.30
1572314229, 0, 2580, 2658, 1881, 40, 7.12%, 3, 0, 14, 2092.05
1572314239, 0, 2580, 2659, 1882, 40, 7.12%, 3, 0, 14, 48.85
1572314244, 0, 2583, 2661, 1883, 40, 7.12%, 3, 0, 14, 1753.82
1572314260, 0, 2583, 2662, 1884, 40, 7.12%, 3, 0, 14, 2422.59
1572314266, 0, 2587, 2664, 1885, 40, 7.12%, 3, 0, 14, 554.26
1572314276, 0, 2608, 2668, 1888, 40, 7.14%, 3, 0, 14, 44.76
1572314296, 0, 2608, 2669, 1889, 40, 7.14%, 3, 0, 14, 1441.84
1572314302, 0, 2609, 2670, 1889, 42, 7.14%, 3, 0, 14, 45.31
1572314327, 0, 2610, 2670, 1888, 41, 7.14%, 3, 0, 14, 44.48
1572314347, 0, 2610, 2672, 1890, 41, 7.14%, 3, 0, 14, 1556.86
1572314363, 0, 2619, 2672, 1888, 39, 7.14%, 3, 0, 14, 262.40
1572314419, 0, 2619, 2673, 1889, 39, 7.14%, 3, 0, 14, 425.11
1572314424, 0, 2623, 2674, 1889, 39, 7.14%, 3, 0, 14, 2945.24
1572314429, 0, 2623, 2675, 1890, 39, 7.14%, 3, 0, 14, 510.11
1572314434, 0, 2623, 2676, 1891, 39, 7.14%, 3, 0, 14, 2576.98
1572314439, 0, 2624, 2676, 1890, 39, 7.14%, 3, 0, 14, 2870.13
1572314449, 0, 2624, 2677, 1891, 39, 7.14%, 3, 0, 14, 2355.47
1572314454, 0, 2625, 2677, 1890, 39, 7.14%, 3, 0, 14, 2889.42
1572314469, 0, 2626, 2677, 1889, 38, 7.14%, 3, 0, 14, 2869.55
1572314479, 0, 2626, 2678, 1890, 38, 7.14%, 3, 0, 14, 2270.73
1572314484, 0, 2628, 2678, 1889, 38, 7.14%, 3, 0, 14, 2730.00
1572314495, 0, 2628, 2679, 1890, 38, 7.14%, 3, 0, 14, 2004.63
1572314500, 0, 2631, 2679, 1889, 37, 7.14%, 3, 0, 14, 2545.21
1572314506, 0, 2632, 2681, 1890, 37, 7.14%, 3, 0, 15, 2931.60
1572314511, 0, 2633, 2684, 1892, 39, 7.25%, 3, 0, 15, 3003.20
1572314516, 0, 2635, 2684, 1891, 38, 7.25%, 3, 0, 15, 3167.24
1572314521, 0, 2636, 2685, 1891, 37, 7.25%, 3, 0, 15, 3134.09
1572314526, 0, 2637, 2686, 1891, 36, 7.25%, 3, 0, 15, 3147.87
1572314531, 0, 2641, 2691, 1895, 37, 7.25%, 3, 0, 15, 3134.58
1572314541, 0, 2643, 2693, 1896, 36, 7.26%, 3, 0, 15, 3074.12
1572314546, 0, 2644, 2695, 1897, 36, 7.26%, 3, 0, 15, 3186.87
1572314551, 0, 2645, 2695, 1896, 36, 7.26%, 3, 0, 15, 3080.07
1572314556, 0, 2646, 2695, 1895, 35, 7.26%, 3, 0, 15, 3112.89
1572314561, 0, 2647, 2697, 1896, 34, 7.26%, 3, 0, 15, 2998.43
1572314566, 0, 2648, 2698, 1896, 35, 7.26%, 3, 0, 15, 2947.57
1572314571, 0, 2648, 2699, 1897, 35, 7.26%, 3, 0, 15, 3063.58
1572314576, 0, 2649, 2699, 1896, 34, 7.26%, 3, 0, 15, 3044.20
1572314582, 0, 2651, 2699, 1895, 33, 7.26%, 3, 0, 15, 3166.59
1572314587, 0, 2652, 2702, 1897, 32, 7.27%, 3, 0, 15, 3097.00
1572314592, 0, 2653, 2704, 1898, 35, 7.28%, 3, 0, 15, 3136.53
1572314597, 0, 2654, 2704, 1897, 35, 7.28%, 3, 0, 15, 3159.04
1572314602, 0, 2655, 2704, 1896, 34, 7.28%, 3, 0, 15, 3245.09
1572314607, 0, 2657, 2705, 1896, 33, 7.28%, 3, 0, 15, 45.11
1572314617, 0, 2657, 2706, 1897, 33, 7.28%, 3, 0, 15, 2363.78
1572314622, 0, 2660, 2706, 1896, 32, 7.28%, 3, 0, 15, 2720.21
1572314638, 0, 2662, 2707, 1896, 31, 7.28%, 3, 0, 15, 931.45
1572314648, 0, 2662, 2708, 1897, 31, 7.28%, 3, 0, 15, 1924.92
1572314653, 0, 2662, 2709, 1898, 31, 7.28%, 3, 0, 15, 1829.68
1572314658, 0, 2662, 2710, 1899, 31, 7.28%, 3, 0, 15, 1800.53
1572314663, 0, 2665, 2712, 1900, 31, 7.28%, 3, 0, 15, 2328.12
1572314689, 0, 2666, 2713, 1900, 30, 7.28%, 3, 0, 15, 2660.00
1572314709, 0, 2666, 2714, 1901, 30, 7.28%, 3, 0, 15, 1586.48
1572314714, 0, 2666, 2715, 1902, 30, 7.28%, 3, 0, 15, 1132.55
1572314730, 0, 2667, 2716, 1902, 29, 7.28%, 3, 0, 15, 424.08
1572314760, 0, 2672, 2716, 1901, 28, 7.28%, 3, 0, 15, 601.74
1572314817, 0, 2672, 2718, 1903, 28, 7.28%, 3, 0, 15, 791.95
1572314822, 0, 2674, 2722, 1906, 27, 7.28%, 3, 0, 15, 1088.33
1572314832, 0, 2674, 2723, 1907, 27, 7.28%, 3, 0, 15, 2522.78
1572314837, 0, 2675, 2723, 1906, 27, 7.28%, 3, 0, 15, 2330.47
1572314842, 0, 2675, 2724, 1907, 27, 7.28%, 3, 0, 15, 2336.75
1572314847, 0, 2675, 2726, 1909, 27, 7.28%, 3, 0, 15, 2260.42
1572314853, 0, 2675, 2727, 1910, 27, 7.28%, 3, 0, 15, 2217.66
1572314858, 0, 2676, 2727, 1909, 27, 7.28%, 3, 0, 15, 2074.75
1572314873, 0, 2676, 2728, 1910, 27, 7.28%, 3, 0, 15, 2072.28
1572314878, 0, 2677, 2728, 1909, 26, 7.28%, 3, 0, 15, 171.43
1572314893, 0, 2677, 2731, 1912, 26, 7.28%, 3, 0, 15, 1892.64
1572314904, 0, 2680, 2731, 1911, 25, 7.28%, 3, 0, 15, 2576.47
1572314909, 0, 2681, 2733, 1912, 24, 7.28%, 3, 0, 16, 2971.59
1572314914, 0, 2682, 2735, 1913, 26, 7.29%, 3, 0, 16, 3008.74
1572314919, 0, 2682, 2736, 1914, 26, 7.31%, 3, 0, 16, 2847.65
1572314924, 0, 2683, 2736, 1913, 26, 7.31%, 3, 0, 16, 2968.86
1572314929, 0, 2687, 2740, 1916, 29, 7.32%, 3, 0, 16, 3152.35
1572314934, 0, 2690, 2740, 1915, 28, 7.32%, 3, 0, 16, 3200.19
1572314939, 0, 2691, 2741, 1915, 28, 7.32%, 3, 0, 16, 3136.53
1572314944, 0, 2692, 2741, 1914, 27, 7.32%, 3, 0, 16, 3039.03
1572314949, 0, 2694, 2741, 1913, 26, 7.32%, 3, 0, 16, 3137.51
1572314954, 0, 2696, 2741, 1912, 25, 7.32%, 3, 0, 16, 3004.87
1572314959, 0, 2697, 2741, 1911, 24, 7.32%, 3, 0, 16, 2974.18
1572314965, 0, 2697, 2742, 1912, 24, 7.32%, 3, 0, 16, 3161.80
1572314970, 0, 2699, 2742, 1911, 24, 7.32%, 3, 0, 16, 3255.07
1572314975, 0, 2700, 2742, 1910, 23, 7.32%, 3, 0, 16, 3258.94
1572314980, 0, 2701, 2742, 1909, 22, 7.32%, 3, 0, 16, 3251.68
1572314985, 0, 2702, 2742, 1908, 21, 7.32%, 3, 0, 16, 3248.20
1572314990, 0, 2703, 2742, 1907, 20, 7.32%, 3, 0, 16, 3289.76
1572314995, 0, 2708, 2742, 1906, 19, 7.32%, 3, 0, 16, 3167.60
1572315001, 0, 2708, 2743, 1907, 19, 7.32%, 3, 0, 16, 27.59
1572315016, 0, 2722, 2747, 1910, 19, 7.32%, 3, 0, 16, 2825.00
1572315021, 0, 2722, 2748, 1911, 19, 7.32%, 3, 0, 16, 1064.13
1572315031, 0, 2732, 2748, 1910, 18, 7.32%, 3, 0, 16, 2526.83
1572315036, 0, 2733, 2750, 1911, 17, 7.35%, 3, 0, 17, 2910.95
1572315042, 0, 2733, 2753, 1914, 17, 7.36%, 3, 0, 17, 2994.08
1572315047, 0, 2733, 2754, 1915, 17, 7.36%, 3, 0, 17, 3147.06
1572315052, 0, 2734, 2754, 1914, 21, 7.36%, 3, 0, 17, 2994.44
1572315057, 0, 2735, 2754, 1913, 20, 7.36%, 3, 0, 17, 2875.34
1572315062, 0, 2736, 2758, 1916, 20, 7.37%, 3, 0, 17, 2927.60
1572315067, 0, 2737, 2759, 1916, 22, 7.37%, 3, 0, 17, 2814.92
1572315072, 0, 2737, 2760, 1917, 22, 7.38%, 3, 0, 17, 2896.02
1572315077, 0, 2738, 2760, 1916, 23, 7.38%, 3, 0, 17, 2909.25
1572315082, 0, 2739, 2760, 1915, 22, 7.38%, 3, 0, 17, 2962.20
1572315093, 0, 2740, 2762, 1916, 21, 7.38%, 3, 0, 17, 3329.93
1572315098, 0, 2741, 2764, 1917, 20, 7.39%, 3, 0, 17, 3234.71
1572315103, 0, 2742, 2765, 1917, 21, 7.40%, 3, 0, 17, 133.61
1572315113, 0, 2748, 2769, 1920, 21, 7.40%, 3, 0, 18, 58.99
1572315119, 0, 2748, 2773, 1924, 21, 7.40%, 3, 0, 18, 2233.56
1572315129, 0, 2750, 2773, 1923, 23, 7.40%, 3, 0, 18, 2926.97
1572315134, 0, 2751, 2773, 1922, 22, 7.40%, 3, 0, 18, 3076.09
1572315144, 0, 2753, 2777, 1925, 21, 7.40%, 3, 0, 18, 2859.38
1572315149, 0, 2753, 2782, 1930, 21, 7.40%, 3, 0, 18, 3015.42
1572315154, 0, 2754, 2784, 1931, 20, 7.40%, 3, 0, 18, 2955.91
1572315164, 0, 2755, 2784, 1930, 19, 7.40%, 3, 0, 18, 2721.95
1572315169, 0, 2756, 2784, 1929, 18, 7.40%, 3, 0, 18, 2832.12
1572315174, 0, 2757, 2784, 1928, 17, 7.40%, 3, 0, 18, 2878.24
1572315184, 0, 2758, 2784, 1927, 16, 7.40%, 3, 0, 18, 2883.82
1572315189, 0, 2759, 2784, 1926, 15, 7.40%, 3, 0, 18, 2850.75
1572315194, 0, 2762, 2784, 1925, 14, 7.40%, 3, 0, 18, 3000.27
1572315199, 0, 2763, 2784, 1924, 13, 7.40%, 3, 0, 18, 3156.60
1572315205, 0, 2764, 2784, 1923, 12, 7.40%, 3, 0, 18, 2990.70
1572315220, 0, 2764, 2785, 1924, 12, 7.40%, 3, 0, 18, 2334.41
1572315225, 0, 2765, 2785, 1923, 11, 7.40%, 3, 0, 18, 2514.31
1572315230, 0, 2766, 2785, 1922, 10, 7.40%, 3, 0, 18, 2945.72
1572315235, 0, 2770, 2786, 1922, 9, 7.40%, 3, 0, 19, 2821.11
1572315240, 0, 2770, 2788, 1924, 9, 7.40%, 3, 0, 19, 427.62
1572315245, 0, 2772, 2788, 1923, 9, 7.40%, 3, 0, 19, 2229.19
1572315256, 0, 2785, 2788, 1922, 8, 7.40%, 3, 0, 19, 1060.00
1572315261, 1, 68, 2788, 1921, 7, 7.40%, 3, 0, 19, 2752.36
1572315266, 1, 260, 2788, 1919, 5, 7.40%, 3, 0, 19, 3251.51
1572315271, 1, 260, 2791, 1922, 5, 7.40%, 3, 0, 19, 3253.28
1572315276, 1, 260, 2792, 1923, 5, 7.40%, 3, 0, 19, 3188.62
1572315281, 1, 335, 2792, 1921, 4, 7.40%, 3, 0, 19, 3284.06
1572315286, 1, 543, 2792, 1920, 4, 7.40%, 3, 0, 19, 70.82
1572315302, 1, 543, 2794, 1922, 4, 7.40%, 3, 0, 19, 1678.68
1572315307, 1, 543, 2801, 1929, 4, 7.40%, 3, 0, 19, 1131.45
1572315312, 1, 543, 2804, 1932, 4, 7.40%, 3, 0, 19, 1300.03
1572315317, 1, 543, 2806, 1934, 4, 7.40%, 3, 0, 19, 1242.33
1572315322, 1, 543, 2810, 1938, 4, 7.40%, 3, 0, 19, 1276.53
1572315327, 1, 557, 2810, 1937, 4, 7.40%, 3, 0, 19, 118.32
1572315495, 1, 727, 2810, 1936, 4, 7.40%, 3, 0, 19, 82.45
1572315521, 1, 763, 2810, 1935, 4, 7.40%, 3, 0, 19, 212.97
1572315597, 1, 778, 2810, 1934, 4, 7.40%, 3, 0, 19, 331.63
1572315669, 1, 884, 2810, 1933, 4, 7.40%, 3, 0, 19, 45.03
1572315684, 1, 884, 2811, 1934, 4, 7.40%, 3, 0, 19, 1500.69
1572315689, 1, 1087, 2811, 1933, 4, 7.40%, 3, 0, 19, 2022.32
1572315710, 1, 1087, 2813, 1935, 4, 7.40%, 3, 0, 19, 1535.66
1572315715, 1, 1087, 2814, 1936, 4, 7.40%, 3, 0, 19, 1261.81
1572315720, 1, 1087, 2816, 1938, 4, 7.40%, 3, 0, 19, 1572.41
1572315725, 1, 1162, 2816, 1937, 3, 7.40%, 3, 0, 19, 77.31
1572315740, 1, 1162, 2819, 1940, 3, 7.40%, 3, 0, 19, 1715.36
1572315751, 1, 1290, 2819, 1939, 2, 7.40%, 3, 0, 19, 1374.46
1572315772, 1, 1290, 2820, 1940, 2, 7.40%, 3, 0, 19, 1890.23
1572315777, 1, 1403, 2820, 1939, 1, 7.40%, 3, 0, 19, 2803.65
1572315792, 1, 1403, 2823, 1942, 1, 7.40%, 3, 0, 19, 2308.06
1572315797, 1, 1529, 2825, 1943, 1, 7.40%, 3, 0, 19, 2684.49
1572315802, 1, 1546, 2825, 1942, 1, 7.40%, 3, 0, 19, 2274.08
1572315823, 1, 1546, 2826, 1943, 1, 7.40%, 3, 0, 19, 2052.19
1572315828, 1, 1546, 2828, 1945, 1, 7.40%, 3, 0, 19, 1410.55
1572315834, 1, 1546, 2831, 1948, 1, 7.40%, 3, 0, 19, 1258.62
1572315839, 1, 1548, 2831, 1947, 1, 7.40%, 3, 0, 19, 188.52
1572315864, 1, 1548, 2833, 1949, 1, 7.40%, 3, 0, 19, 1623.25
1572315874, 1, 1584, 2833, 1948, 1, 7.40%, 3, 0, 19, 1550.90
1572315890, 1, 1584, 2836, 1951, 1, 7.40%, 3, 0, 19, 1587.91
1572315895, 1, 1584, 2838, 1953, 1, 7.40%, 3, 0, 19, 1511.49
1572315900, 1, 1584, 2839, 1954, 1, 7.40%, 3, 0, 19, 1638.84
1572315905, 1, 1780, 2840, 1954, 1, 7.40%, 3, 0, 19, 1590.45
1572315926, 1, 1780, 2841, 1955, 1, 7.40%, 3, 0, 19, 1702.19
1572315936, 1, 1783, 2841, 1954, 0, 7.40%, 3, 0, 19, 45.55
1572315967, 1, 1798, 2842, 1954, 0, 7.40%, 3, 0, 19, 1581.08
