# unix_time, cycles_done, cur_path, paths_total, pending_total, pending_favs, map_size, unique_crashes, unique_hangs, max_depth, execs_per_sec
1572316176, 0, 0, 1, 1, 1, 3.55%, 0, 0, 1, 727.27
1572316181, 0, 0, 94, 94, 1, 4.07%, 0, 0, 2, 889.15
1572316186, 0, 0, 198, 198, 1, 4.43%, 0, 0, 2, 823.90
1572316191, 0, 0, 256, 256, 1, 4.58%, 0, 0, 2, 797.15
1572316196, 0, 0, 271, 271, 1, 4.64%, 0, 0, 2, 775.18
1572316221, 0, 0, 278, 278, 1, 4.67%, 0, 0, 2, 768.65
1572316226, 0, 0, 294, 294, 1, 4.69%, 0, 0, 2, 770.66
1572316231, 0, 0, 342, 342, 1, 4.77%, 0, 0, 2, 772.54
1572316236, 0, 0, 349, 349, 1, 4.78%, 0, 0, 2, 772.90
1572316242, 0, 0, 353, 353, 1, 4.78%, 0, 0, 2, 765.26
1572316247, 0, 0, 521, 521, 1, 5.19%, 0, 0, 2, 825.09
1572316252, 0, 0, 641, 641, 1, 5.32%, 0, 0, 2, 704.98
1572316257, 0, 0, 716, 716, 1, 5.33%, 0, 0, 2, 656.83
1572316262, 0, 0, 796, 796, 1, 5.54%, 0, 0, 2, 799.73
1572316267, 0, 0, 803, 803, 1, 5.55%, 0, 0, 2, 752.83
1572316272, 0, 0, 818, 818, 1, 5.60%, 0, 0, 2, 771.46
1572316277, 0, 0, 822, 822, 1, 5.62%, 0, 0, 2, 740.06
1572316283, 0, 0, 825, 825, 1, 5.63%, 0, 0, 2, 742.47
1572316308, 0, 0, 826, 826, 1, 5.64%, 0, 0, 2, 727.69
1572316313, 0, 0, 828, 828, 1, 5.64%, 0, 0, 2, 750.53
1572316318, 0, 0, 829, 829, 1, 5.64%, 0, 0, 2, 739.30
1572316328, 0, 0, 839, 839, 1, 5.65%, 0, 0, 2, 764.30
1572316333, 0, 0, 883, 883, 1, 5.69%, 0, 0, 2, 704.04
1572316338, 0, 0, 902, 902, 1, 5.69%, 0, 0, 2, 652.72
1572316344, 0, 0, 921, 921, 1, 5.71%, 0, 0, 2, 759.17
1572316349, 0, 0, 924, 924, 1, 5.74%, 0, 0, 2, 735.33
1572316354, 0, 0, 925, 925, 1, 5.74%, 0, 0, 2, 758.21
1572316359, 0, 0, 929, 929, 1, 5.76%, 0, 0, 2, 744.24
1572316364, 0, 0, 930, 930, 1, 5.76%, 0, 0, 2, 740.77
1572316385, 0, 0, 931, 931, 1, 5.77%, 0, 0, 2, 737.47
1572316390, 0, 0, 932, 932, 1, 5.77%, 0, 0, 2, 727.52
1572316400, 0, 0, 933, 933, 1, 5.77%, 0, 0, 2, 719.89
1572316410, 0, 0, 942, 942, 1, 5.77%, 0, 0, 2, 875.00
1572316416, 0, 0, 955, 955, 1, 5.83%, 0, 0, 2, 199.12
1572316421, 0, 0, 961, 961, 1, 5.83%, 0, 0, 2, 532.13
1572316426, 0, 0, 972, 972, 1, 5.83%, 0, 0, 2, 687.24
1572316436, 0, 0, 979, 979, 1, 5.84%, 0, 0, 2, 649.27
1572316441, 0, 0, 988, 988, 1, 5.85%, 0, 0, 2, 682.10
1572316446, 0, 0, 998, 998, 1, 5.87%, 0, 0, 2, 676.02
1572316451, 0, 0, 1016, 1016, 1, 6.18%, 0, 0, 2, 814.32
1572316456, 0, 0, 1020, 1020, 1, 6.20%, 0, 0, 2, 722.80
1572316462, 0, 0, 1021, 1021, 1, 6.20%, 0, 0, 2, 686.15
1572316467, 0, 0, 1024, 1024, 1, 6.20%, 0, 0, 2, 688.49
1572316482, 0, 0, 1025, 1025, 1, 6.21%, 0, 0, 2, 745.10
1572316492, 0, 0, 1026, 1026, 1, 6.21%, 0, 0, 2, 814.90
1572316497, 0, 0, 1031, 1031, 1, 6.23%, 0, 0, 2, 761.36
1572316502, 0, 0, 1036, 1036, 1, 6.25%, 0, 0, 2, 796.20
1572316507, 0, 0, 1038, 1038, 1, 6.25%, 0, 0, 2, 738.13
1572316513, 0, 0, 1041, 1041, 1, 6.27%, 0, 0, 2, 717.02
1572316518, 0, 0, 1042, 1042, 1, 6.28%, 0, 0, 2, 746.12
1572316523, 0, 0, 1043, 1043, 1, 6.28%, 0, 0, 2, 731.63
1572316538, 0, 0, 1044, 1044, 1, 6.32%, 0, 0, 2, 707.79
1572316543, 0, 0, 1046, 1046, 1, 6.32%, 0, 0, 2, 712.73
1572316549, 0, 0, 1047, 1047, 1, 6.33%, 0, 0, 2, 719.61
1572316554, 0, 0, 1050, 1050, 1, 6.35%, 0, 0, 2, 739.18
1572316564, 0, 0, 1052, 1052, 1, 6.35%, 0, 0, 2, 727.19
1572316584, 0, 0, 1053, 1053, 1, 6.35%, 0, 0, 2, 715.58
1572316630, 0, 0, 1055, 1055, 1, 6.35%, 0, 0, 2, 724.83
1572316636, 0, 0, 1056, 1056, 1, 6.35%, 0, 0, 2, 698.57
1572316641, 0, 0, 1057, 1057, 1, 6.35%, 0, 0, 2, 730.09
1572316646, 0, 0, 1059, 1059, 1, 6.35%, 0, 0, 2, 708.67
1572316671, 0, 0, 1060, 1060, 1, 6.35%, 0, 0, 2, 694.90
1572316702, 0, 0, 1066, 1066, 1, 6.38%, 0, 0, 2, 1004.50
1572316707, 0, 0, 1073, 1073, 1, 6.39%, 0, 0, 2, 894.54
1572316712, 0, 0, 1090, 1090, 1, 6.47%, 0, 0, 2, 1129.95
1572316717, 0, 0, 1095, 1095, 1, 6.47%, 0, 0, 2, 1550.45
1572316722, 0, 0, 1099, 1099, 1, 6.48%, 0, 0, 2, 135.54
1572316728, 0, 0, 1106, 1106, 1, 6.49%, 0, 0, 2, 2084.92
1572316733, 0, 0, 1112, 1112, 1, 6.49%, 0, 0, 2, 70.37
1572316738, 0, 0, 1113, 1113, 1, 6.49%, 0, 0, 2, 1339.04
1572316743, 0, 0, 1121, 1121, 1, 6.49%, 0, 0, 2, 320.00
1572316748, 0, 0, 1123, 1123, 1, 6.49%, 0, 0, 2, 1269.69
1572316753, 0, 0, 1125, 1125, 1, 6.49%, 0, 0, 2, 995.55
1572316764, 0, 0, 1130, 1130, 1, 6.50%, 0, 0, 2, 1375.33
1572316769, 0, 0, 1131, 1131, 1, 6.50%, 0, 0, 2, 1452.74
1572316774, 0, 0, 1134, 1134, 1, 6.50%, 0, 0, 2, 980.91
1572316779, 0, 0, 1135, 1135, 1, 6.50%, 0, 0, 2, 133.17
1572316784, 0, 0, 1169, 1169, 1, 6.52%, 0, 0, 2, 848.20
1572316789, 0, 0, 1176, 1176, 1, 6.52%, 0, 0, 2, 863.08
1572316794, 0, 0, 1178, 1178, 1, 6.52%, 0, 0, 2, 782.41
1572316810, 0, 0, 1180, 1180, 1, 6.52%, 0, 0, 2, 736.29
1572316825, 0, 0, 1182, 1182, 1, 6.53%, 0, 0, 2, 764.02
1572316855, 0, 0, 1183, 1183, 1, 6.53%, 0, 0, 2, 605.77
1572316866, 0, 0, 1184, 1184, 1, 6.53%, 0, 0, 2, 700.01
1572316907, 0, 0, 1186, 1186, 1, 6.53%, 0, 0, 2, 660.12
1572316917, 0, 0, 1188, 1188, 1, 6.53%, 0, 0, 2, 618.84
1572316922, 0, 0, 1191, 1191, 1, 6.53%, 0, 0, 2, 641.03
1572316947, 0, 0, 1194, 1194, 1, 6.54%, 0, 0, 2, 731.33
1572316952, 0, 0, 1195, 1195, 1, 6.54%, 0, 0, 2, 731.35
1572316963, 0, 0, 1196, 1196, 1, 6.54%, 0, 0, 2, 705.58
1572316988, 0, 0, 1197, 1197, 1, 6.54%, 0, 0, 2, 711.57
1572316998, 0, 0, 1198, 1198, 1, 6.54%, 0, 0, 2, 721.21
1572317003, 0, 0, 1199, 1199, 1, 6.54%, 0, 0, 2, 1700.82
1572317019, 0, 0, 1200, 1200, 1, 6.54%, 0, 0, 2, 948.36
1572317024, 0, 0, 1201, 1201, 1, 6.54%, 0, 0, 2, 1803.35
1572317065, 0, 0, 1202, 1202, 1, 6.54%, 0, 0, 2, 1689.19
1572317070, 0, 0, 1203, 1203, 1, 6.54%, 0, 0, 2, 1546.55
1572317081, 0, 0, 1204, 1204, 1, 6.54%, 0, 0, 2, 65.02
1572317101, 0, 0, 1205, 1205, 1, 6.54%, 0, 0, 2, 1134.59
1572317142, 0, 0, 1206, 1206, 1, 6.54%, 0, 0, 2, 758.59
1572317208, 0, 0, 1207, 1207, 1, 6.54%, 0, 0, 2, 695.41
1572317234, 0, 0, 1208, 1208, 1, 6.54%, 0, 0, 2, 703.86
1572317280, 0, 0, 1209, 1209, 1, 6.54%, 0, 0, 2, 257.28
1572317295, 0, 0, 1211, 1211, 1, 6.55%, 0, 0, 2, 948.66
1572317300, 0, 0, 1212, 1212, 1, 6.55%, 0, 0, 2, 803.55
1572317310, 0, 0, 1217, 1217, 1, 6.56%, 0, 0, 2, 782.12
1572317315, 0, 0, 1227, 1227, 1, 6.57%, 0, 0, 2, 792.21
1572317372, 0, 0, 1228, 1228, 1, 6.57%, 0, 0, 2, 712.69
1572317387, 0, 0, 1231, 1231, 1, 6.57%, 0, 0, 2, 753.28
1572317392, 0, 0, 1238, 1238, 1, 6.58%, 0, 0, 2, 974.94
1572317398, 0, 0, 1241, 1241, 1, 6.58%, 0, 0, 2, 886.78
1572317403, 0, 0, 1253, 1253, 1, 6.62%, 0, 0, 2, 1002.27
1572317550, 0, 0, 1256, 1256, 1, 6.63%, 0, 0, 2, 780.56
1572317555, 0, 0, 1259, 1259, 1, 6.63%, 0, 0, 2, 824.54
1572317561, 0, 0, 1266, 1266, 1, 6.63%, 0, 0, 2, 883.97
1572317581, 0, 0, 1269, 1269, 1, 6.63%, 0, 0, 2, 980.13
1572317591, 0, 0, 1270, 1270, 1, 6.63%, 0, 0, 2, 769.64
1572317596, 0, 0, 1272, 1272, 1, 6.64%, 0, 0, 2, 826.35
1572317673, 0, 0, 1274, 1274, 1, 6.65%, 0, 0, 2, 911.01
1572317683, 0, 0, 1279, 1279, 1, 6.65%, 0, 0, 2, 665.38
1572317698, 0, 0, 1295, 1295, 1, 6.67%, 0, 0, 2, 993.23
1572317703, 0, 0, 1332, 1332, 1, 6.68%, 0, 0, 2, 1948.70
1572317708, 0, 0, 1360, 1360, 1, 6.69%, 0, 0, 2, 2087.36
1572317713, 0, 0, 1379, 1379, 1, 6.72%, 0, 0, 2, 2094.71
1572317719, 0, 1, 1393, 1392, 337, 6.81%, 0, 0, 3, 3044.88
1572317724, 0, 2, 1394, 1392, 344, 6.81%, 0, 0, 3, 3231.14
1572317729, 0, 4, 1394, 1390, 342, 6.81%, 0, 0, 3, 3309.35
1572317734, 0, 7, 1397, 1391, 340, 6.81%, 0, 0, 3, 3262.16
1572317739, 0, 8, 1399, 1392, 341, 6.81%, 0, 0, 3, 1901.10
1572318255, 0, 8, 1400, 1393, 341, 6.81%, 0, 0, 3, 631.32
1572318275, 0, 8, 1401, 1394, 341, 6.81%, 0, 0, 3, 156.74
1572318563, 0, 8, 1402, 1395, 341, 6.81%, 0, 0, 3, 1949.09
1572319202, 0, 8, 1415, 1408, 341, 6.81%, 0, 0, 3, 1713.22
1572319207, 0, 8, 1429, 1422, 341, 6.81%, 0, 0, 3, 1989.84
1572319212, 0, 8, 1440, 1433, 341, 6.81%, 0, 0, 3, 2178.17
1572319217, 0, 11, 1442, 1434, 343, 6.81%, 0, 0, 3, 2424.11
1572319233, 0, 11, 1443, 1435, 343, 6.81%, 0, 0, 3, 2515.07
1572319238, 0, 11, 1471, 1463, 343, 6.81%, 0, 0, 3, 2586.66
1572319263, 0, 11, 1472, 1464, 343, 6.81%, 0, 0, 3, 2572.26
1572319289, 0, 11, 1474, 1466, 343, 6.81%, 0, 0, 3, 2599.52
1572319294, 0, 11, 1476, 1468, 343, 6.81%, 0, 0, 3, 2560.15
1572319325, 0, 11, 1477, 1469, 343, 6.81%, 0, 0, 3, 2606.96
1572319345, 0, 11, 1478, 1470, 343, 6.81%, 0, 0, 3, 2675.97
1572319478, 0, 11, 1480, 1472, 343, 6.81%, 0, 0, 3, 2626.94
1572319509, 0, 11, 1481, 1473, 343, 6.81%, 0, 0, 3, 2665.96
1572319519, 0, 11, 1490, 1482, 343, 6.82%, 0, 0, 3, 2930.36
1572319524, 0, 11, 1494, 1486, 343, 6.84%, 0, 0, 3, 2855.65
1572319529, 0, 13, 1497, 1488, 343, 6.85%, 0, 0, 3, 1344.35
1572319596, 0, 13, 1501, 1492, 343, 6.85%, 0, 0, 3, 769.76
1572319601, 0, 13, 1502, 1493, 343, 6.85%, 0, 0, 3, 705.31
1572319785, 0, 13, 1503, 1494, 343, 6.85%, 0, 0, 3, 842.58
1572320566, 0, 13, 1504, 1495, 343, 6.85%, 0, 0, 3, 1112.71
1572320673, 0, 13, 1505, 1496, 343, 6.86%, 0, 0, 3, 914.35
1572320831, 0, 13, 1506, 1497, 343, 6.86%, 0, 0, 3, 610.00
1572320980, 0, 13, 1507, 1498, 343, 6.86%, 0, 0, 3, 917.87
1572320986, 0, 13, 1509, 1500, 343, 6.86%, 0, 0, 3, 803.41
1572320991, 0, 13, 1510, 1501, 343, 6.86%, 0, 0, 3, 708.87
1572321001, 0, 13, 1511, 1502, 343, 6.86%, 0, 0, 3, 736.34
1572321011, 0, 18, 1515, 1505, 347, 6.90%, 0, 0, 3, 1256.76
1572321057, 0, 18, 1517, 1507, 347, 6.90%, 0, 0, 3, 742.91
1572321078, 0, 18, 1522, 1512, 347, 6.90%, 0, 0, 3, 817.27
1572321083, 0, 18, 1523, 1513, 347, 6.90%, 0, 0, 3, 723.44
1572321088, 0, 18, 1524, 1514, 347, 6.91%, 0, 0, 3, 776.89
1572321094, 0, 18, 1527, 1517, 347, 6.91%, 0, 0, 3, 761.77
1572321170, 0, 18, 1528, 1518, 347, 6.91%, 0, 0, 3, 776.55
1572321272, 0, 18, 1531, 1521, 347, 6.92%, 0, 0, 3, 833.07
1572322114, 0, 18, 1535, 1525, 347, 6.93%, 0, 0, 3, 716.43
1572322119, 0, 18, 1537, 1527, 347, 6.93%, 0, 0, 3, 737.13
1572322155, 0, 18, 1538, 1528, 347, 6.93%, 0, 0, 3, 890.54
1572322502, 0, 25, 1538, 1527, 355, 6.93%, 0, 0, 3, 1769.92
1572322507, 0, 25, 1539, 1528, 355, 6.94%, 0, 0, 3, 2732.18
1572322512, 0, 25, 1542, 1531, 355, 6.94%, 0, 0, 3, 2948.83
1572322532, 0, 25, 1545, 1534, 355, 6.94%, 0, 0, 3, 3011.00
1572322598, 0, 25, 1546, 1535, 355, 6.95%, 0, 0, 3, 3040.98
1572322614, 0, 25, 1551, 1540, 355, 6.95%, 0, 0, 3, 3068.38
1572322619, 0, 25, 1559, 1548, 355, 6.95%, 0, 0, 3, 3198.95
1572322624, 0, 26, 1560, 1548, 356, 6.95%, 0, 0, 3, 3087.80
1572322680, 0, 30, 1560, 1547, 356, 6.95%, 0, 0, 3, 3136.57
1572322757, 0, 34, 1561, 1547, 355, 6.95%, 0, 0, 3, 3038.98
1572322777, 0, 34, 1562, 1548, 355, 6.95%, 0, 0, 3, 697.80
1572322808, 0, 34, 1563, 1549, 355, 6.95%, 0, 0, 3, 687.75
1572322813, 0, 34, 1564, 1550, 355, 6.95%, 0, 0, 3, 688.10
1572322828, 0, 34, 1565, 1551, 355, 6.95%, 0, 0, 3, 612.66
1572322834, 0, 34, 1572, 1558, 355, 6.95%, 0, 0, 3, 667.26
1572322839, 0, 34, 1574, 1560, 355, 6.95%, 0, 0, 3, 608.29
1572322844, 0, 34, 1584, 1570, 355, 6.95%, 0, 0, 3, 623.43
1572322849, 0, 34, 1587, 1573, 355, 6.95%, 0, 0, 3, 682.93
1572322920, 0, 34, 1589, 1575, 355, 6.95%, 0, 0, 3, 695.33
1572322925, 0, 34, 1591, 1577, 355, 6.95%, 0, 0, 3, 729.94
1572322930, 0, 34, 1592, 1578, 355, 6.95%, 0, 0, 3, 642.14
1572322935, 0, 34, 1594, 1580, 355, 6.95%, 0, 0, 3, 697.52
1572323011, 0, 34, 1596, 1582, 355, 6.95%, 0, 0, 3, 751.33
1572323016, 0, 34, 1597, 1583, 355, 6.95%, 0, 0, 3, 666.49
1572323021, 0, 34, 1600, 1586, 355, 6.95%, 0, 0, 3, 710.92
1572323036, 0, 34, 1601, 1587, 355, 6.95%, 0, 0, 3, 682.69
1572323047, 0, 34, 1602, 1588, 355, 6.95%, 0, 0, 3, 906.68
1572323311, 0, 34, 1604, 1590, 355, 6.96%, 0, 0, 3, 659.81
1572323316, 0, 34, 1605, 1591, 355, 6.96%, 0, 0, 3, 664.40
1572323326, 0, 34, 1606, 1592, 355, 6.96%, 0, 0, 3, 662.35
1572323336, 0, 34, 1612, 1598, 355, 6.96%, 0, 0, 3, 870.14
1572323342, 0, 34, 1614, 1600, 355, 6.96%, 0, 0, 3, 1209.67
1572323347, 0, 34, 1615, 1601, 355, 6.96%, 0, 0, 3, 1455.00
1572323357, 0, 34, 1617, 1603, 355, 6.96%, 0, 0, 3, 176.77
1572323362, 0, 34, 1618, 1604, 355, 6.96%, 0, 0, 3, 1324.68
1572323367, 0, 34, 1619, 1605, 355, 6.96%, 0, 0, 3, 144.30
1572323408, 0, 34, 1624, 1610, 355, 6.96%, 0, 0, 3, 1202.43
1572323413, 0, 34, 1627, 1613, 355, 6.96%, 0, 0, 3, 990.64
1572323454, 0, 34, 1628, 1614, 355, 6.97%, 0, 0, 3, 688.78
1572323632, 0, 34, 1629, 1615, 355, 6.97%, 0, 0, 3, 2031.00
1572323638, 0, 34, 1630, 1616, 355, 6.97%, 0, 0, 3, 82.65
1572323724, 0, 34, 1631, 1617, 355, 6.97%, 0, 0, 3, 49.52
1572323919, 0, 34, 1632, 1618, 355, 6.97%, 0, 0, 3, 1313.72
1572323940, 0, 34, 1633, 1619, 355, 6.97%, 0, 0, 3, 683.10
1572324051, 0, 34, 1636, 1622, 355, 6.97%, 0, 0, 3, 1092.57
1572324251, 0, 34, 1637, 1623, 355, 6.97%, 0, 0, 3, 814.84
1572324430, 0, 34, 1639, 1625, 355, 6.97%, 0, 0, 3, 995.20
1572324461, 0, 54, 1639, 1624, 365, 6.97%, 0, 0, 3, 1186.10
1572324527, 0, 54, 1641, 1626, 365, 6.97%, 0, 0, 3, 812.25
1572324988, 0, 54, 1642, 1627, 365, 6.97%, 0, 0, 3, 50.97
1572325951, 0, 70, 1643, 1627, 365, 6.97%, 0, 0, 3, 1444.33
1572326018, 0, 70, 1644, 1628, 365, 6.97%, 0, 0, 3, 780.57
1572326217, 0, 70, 1645, 1629, 365, 6.97%, 0, 0, 3, 783.96
1572326484, 0, 70, 1646, 1630, 365, 6.97%, 0, 0, 3, 1581.85
1572327266, 0, 70, 1647, 1631, 365, 6.97%, 0, 0, 3, 884.19
1572327446, 0, 70, 1650, 1634, 365, 6.97%, 0, 0, 3, 1527.20
1572327451, 0, 70, 1664, 1648, 365, 6.99%, 0, 0, 3, 2007.30
1572327456, 0, 70, 1673, 1657, 365, 6.99%, 0, 0, 3, 2059.87
1572327461, 0, 76, 1678, 1661, 362, 6.99%, 0, 0, 3, 1733.95
1572327466, 0, 76, 1680, 1663, 362, 6.99%, 0, 0, 3, 953.15
1572327476, 0, 76, 1681, 1664, 362, 6.99%, 0, 0, 3, 763.46
1572327527, 0, 76, 1683, 1666, 362, 6.99%, 0, 0, 3, 824.74
1572327533, 0, 76, 1684, 1667, 362, 6.99%, 0, 0, 3, 720.44
1572328950, 0, 76, 1685, 1668, 362, 6.99%, 0, 0, 3, 815.90
1572328960, 0, 79, 1685, 1667, 361, 6.99%, 0, 0, 3, 1409.25
1572329031, 0, 79, 1686, 1668, 361, 6.99%, 0, 0, 3, 727.01
1572329225, 0, 79, 1687, 1669, 361, 7.00%, 0, 0, 3, 944.42
1572330478, 0, 79, 1689, 1671, 361, 7.00%, 0, 0, 3, 1295.12
1572330484, 0, 83, 1689, 1670, 362, 7.00%, 0, 0, 3, 1097.93
1572330550, 0, 83, 1690, 1671, 362, 7.00%, 0, 0, 3, 825.31
1572330555, 0, 83, 1691, 1672, 362, 7.00%, 0, 0, 3, 724.04
1572330739, 0, 83, 1692, 1673, 362, 7.00%, 0, 0, 3, 880.93
1572331037, 0, 83, 1693, 1674, 362, 7.00%, 0, 0, 3, 1409.34
1572331980, 0, 102, 1693, 1673, 362, 7.00%, 0, 0, 3, 1006.67
1572331985, 0, 102, 1694, 1674, 362, 7.00%, 0, 0, 3, 840.27
1572332046, 0, 102, 1697, 1677, 362, 7.00%, 0, 0, 3, 787.88
1572332077, 0, 102, 1698, 1678, 362, 7.00%, 0, 0, 3, 753.25
