# unix_time, cycles_done, cur_path, paths_total, pending_total, pending_favs, map_size, unique_crashes, unique_hangs, max_depth, execs_per_sec
1572299806, 0, 0, 1, 1, 1, 0.43%, 0, 0, 1, 2000.00
1572299811, 0, 0, 23, 23, 1, 0.74%, 0, 0, 2, 2880.22
1572299816, 0, 0, 29, 29, 1, 0.76%, 0, 0, 2, 3069.74
1572299821, 0, 16, 43, 33, 8, 1.34%, 0, 0, 3, 3059.83
1572299826, 0, 16, 45, 35, 8, 1.34%, 0, 0, 3, 3056.94
1572299831, 0, 17, 49, 38, 15, 1.35%, 0, 0, 3, 3080.29
1572299836, 0, 24, 55, 42, 13, 1.37%, 0, 0, 3, 3066.28
1572299842, 0, 24, 56, 43, 13, 1.37%, 0, 0, 3, 3037.73
1572299847, 0, 30, 61, 45, 19, 1.44%, 0, 0, 4, 3005.96
1572299852, 0, 36, 79, 62, 20, 2.12%, 0, 0, 4, 2880.08
1572299857, 0, 36, 110, 93, 20, 2.35%, 0, 0, 4, 2120.95
1572299862, 0, 36, 138, 121, 20, 2.41%, 0, 0, 4, 1714.89
1572299867, 0, 36, 156, 139, 20, 2.46%, 0, 0, 4, 1862.24
1572299872, 0, 58, 166, 136, 36, 2.52%, 0, 0, 4, 2518.94
1572299878, 0, 58, 178, 148, 36, 2.55%, 0, 0, 4, 2940.95
1572299883, 0, 70, 181, 148, 40, 2.57%, 0, 0, 5, 45.08
1572299903, 0, 70, 194, 161, 40, 2.64%, 0, 0, 5, 761.69
1572299908, 0, 70, 208, 175, 40, 2.69%, 0, 0, 5, 935.50
1572299914, 0, 70, 222, 189, 40, 2.70%, 0, 0, 5, 931.72
1572299919, 0, 70, 239, 206, 40, 2.76%, 0, 0, 5, 1031.45
1572299924, 0, 70, 246, 213, 40, 2.80%, 0, 0, 5, 1098.46
1572299929, 0, 89, 252, 217, 53, 2.80%, 0, 0, 5, 44.87
1572299949, 0, 89, 257, 222, 53, 2.82%, 0, 0, 5, 1206.86
1572299954, 0, 89, 269, 234, 53, 2.82%, 0, 0, 5, 1254.10
1572299959, 0, 89, 275, 240, 53, 2.82%, 0, 0, 5, 895.86
1572299965, 0, 89, 281, 246, 53, 2.86%, 0, 0, 5, 1041.00
1572299970, 0, 89, 286, 251, 53, 2.87%, 0, 0, 5, 906.91
1572299975, 0, 90, 290, 254, 61, 2.87%, 0, 0, 5, 42.86
1572299995, 0, 90, 300, 264, 61, 2.87%, 0, 0, 5, 1074.63
1572300001, 0, 90, 305, 269, 61, 2.90%, 0, 0, 5, 874.23
1572300006, 0, 90, 307, 271, 61, 2.90%, 0, 0, 5, 931.12
1572300011, 0, 90, 308, 272, 61, 2.90%, 0, 0, 5, 1038.63
1572300016, 0, 90, 313, 277, 61, 2.90%, 0, 0, 5, 955.57
1572300021, 0, 99, 317, 280, 63, 2.91%, 0, 0, 5, 851.98
1572300026, 0, 99, 320, 283, 63, 2.93%, 0, 0, 5, 39.12
1572300031, 0, 99, 327, 290, 63, 2.95%, 0, 0, 5, 27.53
1572300041, 0, 99, 331, 294, 63, 2.96%, 0, 0, 5, 2291.17
1572300047, 0, 99, 346, 309, 63, 2.96%, 0, 0, 5, 527.18
1572300052, 0, 99, 357, 320, 63, 3.02%, 0, 0, 5, 880.79
1572300057, 0, 99, 374, 337, 63, 3.05%, 0, 0, 5, 967.10
1572300062, 0, 99, 392, 355, 63, 3.09%, 0, 0, 5, 851.30
1572300067, 0, 99, 407, 370, 63, 3.10%, 0, 0, 5, 1019.70
1572300072, 0, 104, 415, 377, 81, 3.15%, 0, 0, 5, 2151.61
1572300077, 0, 117, 415, 376, 84, 3.15%, 0, 0, 5, 317.18
1572300082, 0, 117, 417, 378, 84, 3.15%, 0, 0, 5, 557.81
1572300087, 0, 117, 418, 379, 84, 3.15%, 0, 0, 5, 755.44
1572300092, 0, 117, 419, 380, 84, 3.15%, 0, 0, 5, 902.90
1572300097, 0, 117, 420, 381, 84, 3.16%, 0, 0, 5, 37.14
1572300103, 0, 117, 427, 388, 84, 3.16%, 0, 0, 5, 1141.68
1572300108, 0, 117, 432, 393, 84, 3.16%, 0, 0, 5, 1146.18
1572300113, 0, 117, 440, 401, 84, 3.17%, 0, 0, 5, 1219.42
1572300118, 0, 117, 443, 404, 84, 3.17%, 0, 0, 5, 1136.19
1572300123, 0, 117, 448, 409, 84, 3.18%, 0, 0, 5, 1202.39
1572300128, 0, 145, 451, 411, 89, 3.19%, 0, 0, 5, 160.49
1572300144, 0, 145, 453, 413, 89, 3.19%, 0, 0, 5, 817.47
1572300150, 0, 145, 458, 418, 89, 3.19%, 0, 0, 5, 990.67
1572300155, 0, 145, 463, 423, 89, 3.19%, 0, 0, 5, 990.60
1572300160, 0, 145, 466, 426, 89, 3.20%, 0, 0, 5, 1133.32
1572300165, 0, 150, 469, 426, 88, 3.20%, 0, 0, 5, 1252.88
1572300170, 0, 150, 474, 431, 88, 3.23%, 0, 0, 5, 880.00
1572300180, 0, 150, 477, 434, 88, 3.23%, 0, 0, 5, 1632.13
1572300185, 0, 150, 483, 440, 88, 3.25%, 0, 0, 5, 1529.85
1572300190, 0, 150, 487, 444, 88, 3.25%, 0, 0, 5, 1457.21
1572300195, 0, 154, 490, 446, 92, 3.25%, 0, 0, 5, 423.54
1572300216, 0, 154, 498, 454, 92, 3.25%, 0, 0, 5, 1114.60
1572300221, 0, 154, 505, 461, 92, 3.27%, 0, 0, 5, 977.72
1572300226, 0, 154, 508, 464, 92, 3.27%, 0, 0, 5, 937.71
1572300231, 0, 154, 514, 470, 92, 3.27%, 0, 0, 5, 886.91
1572300237, 0, 154, 520, 476, 92, 3.27%, 0, 0, 5, 910.84
1572300242, 0, 155, 523, 478, 91, 3.29%, 0, 0, 5, 84.16
1572300252, 0, 155, 525, 480, 91, 3.29%, 0, 0, 5, 121.90
1572300257, 0, 155, 530, 485, 91, 3.29%, 0, 0, 5, 1146.56
1572300262, 0, 155, 536, 491, 91, 3.31%, 0, 0, 5, 1220.94
1572300267, 0, 155, 547, 502, 91, 3.33%, 0, 0, 5, 1291.53
1572300273, 0, 155, 553, 508, 91, 3.34%, 0, 0, 5, 1259.81
1572300278, 0, 155, 563, 518, 91, 3.34%, 0, 0, 5, 1258.48
1572300283, 0, 159, 563, 517, 97, 3.34%, 0, 0, 5, 308.09
1572300304, 0, 160, 564, 517, 96, 3.34%, 0, 0, 5, 85.38
1572300309, 0, 160, 569, 522, 96, 3.35%, 0, 0, 5, 544.55
1572300314, 0, 160, 571, 524, 96, 3.36%, 0, 0, 5, 98.24
1572300319, 0, 160, 573, 526, 96, 3.37%, 0, 0, 5, 75.16
1572300324, 0, 160, 588, 541, 96, 3.39%, 0, 0, 5, 862.38
1572300330, 0, 160, 593, 546, 96, 3.39%, 0, 0, 5, 863.73
1572300335, 0, 160, 602, 555, 96, 3.43%, 0, 0, 5, 1159.74
1572300340, 0, 160, 607, 560, 96, 3.43%, 0, 0, 5, 1320.64
1572300345, 0, 160, 610, 563, 96, 3.43%, 0, 0, 5, 1204.03
1572300350, 0, 163, 614, 566, 103, 3.44%, 0, 0, 5, 1799.03
1572300355, 0, 166, 618, 568, 104, 3.47%, 0, 0, 5, 2897.50
1572300360, 0, 166, 621, 571, 104, 3.48%, 0, 0, 5, 3024.36
1572300366, 0, 174, 633, 580, 107, 3.50%, 0, 0, 5, 2921.95
1572300371, 0, 174, 635, 582, 107, 3.50%, 0, 0, 5, 2789.43
1572300376, 0, 179, 636, 582, 111, 3.52%, 0, 0, 5, 46.40
1572300396, 0, 186, 640, 585, 110, 3.53%, 0, 0, 6, 1486.61
1572300402, 0, 186, 642, 587, 110, 3.54%, 0, 0, 6, 1977.25
1572300412, 0, 186, 643, 588, 110, 3.54%, 0, 0, 6, 2660.80
1572300417, 0, 186, 646, 591, 110, 3.54%, 0, 0, 6, 1315.65
1572300427, 0, 186, 655, 600, 110, 3.55%, 0, 0, 6, 974.70
1572300432, 0, 186, 659, 604, 110, 3.55%, 0, 0, 6, 886.78
1572300438, 0, 186, 660, 605, 110, 3.55%, 0, 0, 6, 906.17
1572300443, 0, 196, 666, 610, 113, 3.57%, 0, 0, 6, 45.90
1572300449, 0, 196, 667, 611, 113, 3.57%, 0, 0, 6, 27.51
1572300464, 0, 196, 671, 615, 113, 3.57%, 0, 0, 6, 1062.33
1572300469, 0, 196, 675, 619, 113, 3.57%, 0, 0, 6, 1159.32
1572300474, 0, 196, 678, 622, 113, 3.59%, 0, 0, 6, 1106.77
1572300479, 0, 196, 682, 626, 113, 3.59%, 0, 0, 6, 1112.68
1572300485, 0, 200, 683, 626, 121, 3.59%, 0, 0, 6, 1362.79
1572300491, 0, 200, 687, 630, 121, 3.60%, 0, 0, 6, 46.30
1572300501, 0, 200, 688, 631, 121, 3.60%, 0, 0, 6, 866.91
1572300506, 0, 200, 691, 634, 121, 3.60%, 0, 0, 6, 1455.41
1572300511, 0, 200, 694, 637, 121, 3.60%, 0, 0, 6, 1156.84
1572300516, 0, 200, 696, 639, 121, 3.60%, 0, 0, 6, 1122.12
1572300521, 0, 200, 699, 642, 121, 3.61%, 0, 0, 6, 1033.22
1572300526, 0, 214, 702, 644, 124, 3.62%, 0, 0, 6, 1085.26
1572300547, 0, 214, 703, 645, 124, 3.62%, 0, 0, 6, 1294.16
1572300552, 0, 214, 705, 647, 124, 3.62%, 0, 0, 6, 1027.68
1572300567, 0, 217, 709, 650, 122, 3.62%, 0, 0, 6, 75.33
1572300582, 0, 217, 711, 652, 122, 3.62%, 0, 0, 6, 1605.76
1572300587, 0, 217, 713, 654, 122, 3.62%, 0, 0, 6, 1598.40
1572300592, 0, 217, 715, 656, 122, 3.63%, 0, 0, 6, 1450.51
1572300598, 0, 219, 716, 656, 121, 3.63%, 0, 0, 6, 1299.87
1572300618, 0, 219, 719, 659, 121, 3.63%, 0, 0, 6, 1107.94
1572300623, 0, 219, 722, 662, 121, 3.63%, 0, 0, 6, 1239.84
1572300634, 0, 226, 722, 661, 122, 3.63%, 0, 0, 6, 40.91
1572300654, 0, 227, 722, 660, 121, 3.63%, 0, 0, 6, 1140.00
1572300669, 0, 227, 723, 661, 121, 3.63%, 0, 0, 6, 1133.67
1572300680, 0, 232, 724, 661, 121, 3.63%, 0, 0, 6, 1467.33
1572300685, 0, 232, 726, 663, 121, 3.63%, 0, 0, 6, 1880.44
1572300690, 0, 232, 729, 666, 121, 3.64%, 0, 0, 6, 1394.93
1572300700, 0, 232, 731, 668, 121, 3.65%, 0, 0, 6, 1624.05
1572300705, 0, 235, 735, 671, 123, 3.65%, 0, 0, 6, 1308.12
1572300710, 0, 235, 737, 673, 123, 3.65%, 0, 0, 6, 1408.08
1572300715, 0, 235, 741, 677, 123, 3.65%, 0, 0, 6, 1842.48
1572300720, 0, 235, 742, 678, 123, 3.65%, 0, 0, 6, 1879.17
1572300726, 0, 242, 744, 679, 125, 3.65%, 0, 0, 6, 74.74
1572300731, 0, 242, 749, 684, 125, 3.65%, 0, 0, 6, 48.45
1572300736, 0, 242, 753, 688, 125, 3.65%, 0, 0, 6, 1894.53
1572300741, 0, 242, 764, 699, 125, 3.66%, 0, 0, 6, 1585.81
1572300746, 0, 242, 773, 708, 125, 3.66%, 0, 0, 6, 1689.31
1572300751, 0, 243, 775, 709, 133, 3.66%, 0, 0, 6, 1508.10
1572300767, 0, 243, 777, 711, 133, 3.66%, 0, 0, 6, 2005.06
1572300778, 0, 251, 777, 710, 131, 3.66%, 0, 0, 6, 43.88
1572300793, 0, 251, 778, 711, 131, 3.66%, 0, 0, 6, 1220.52
1572300798, 0, 251, 780, 713, 131, 3.66%, 0, 0, 6, 1395.05
1572300808, 0, 251, 781, 714, 131, 3.66%, 0, 0, 6, 1365.58
1572300813, 0, 251, 782, 715, 131, 3.66%, 0, 0, 6, 1587.44
1572300819, 0, 253, 782, 714, 131, 3.66%, 0, 0, 6, 2433.23
1572300834, 0, 253, 785, 717, 131, 3.66%, 0, 0, 6, 1732.66
1572300839, 0, 253, 786, 718, 131, 3.66%, 0, 0, 6, 1657.28
1572300844, 0, 253, 789, 721, 131, 3.66%, 0, 0, 6, 1501.04
1572300849, 0, 253, 790, 722, 131, 3.66%, 0, 0, 6, 1635.86
1572300854, 0, 254, 792, 723, 131, 3.67%, 0, 0, 6, 75.61
1572300870, 0, 319, 793, 722, 129, 3.67%, 0, 0, 6, 521.88
1572300876, 0, 319, 795, 724, 129, 3.67%, 0, 0, 6, 27.86
1572300891, 0, 319, 798, 727, 129, 3.67%, 0, 0, 6, 1400.01
1572300896, 0, 319, 800, 729, 129, 3.67%, 0, 0, 6, 1355.68
1572300901, 0, 319, 803, 732, 129, 3.68%, 0, 0, 6, 1347.26
1572300906, 0, 319, 805, 734, 129, 3.68%, 0, 0, 6, 1419.30
1572300911, 0, 328, 809, 736, 130, 3.68%, 0, 0, 6, 1337.82
1572300927, 0, 328, 811, 738, 130, 3.68%, 0, 0, 6, 2167.81
1572300932, 0, 328, 812, 739, 130, 3.68%, 0, 0, 6, 1441.85
1572300937, 0, 328, 813, 740, 130, 3.69%, 0, 0, 6, 1221.70
1572300947, 0, 330, 813, 739, 131, 3.69%, 0, 0, 6, 285.94
1572300968, 0, 330, 816, 742, 131, 3.69%, 0, 0, 6, 1609.19
1572300978, 0, 330, 817, 743, 131, 3.69%, 0, 0, 6, 1397.93
1572300983, 0, 346, 818, 743, 131, 3.71%, 0, 0, 6, 2713.03
1572300994, 0, 351, 818, 742, 130, 3.71%, 0, 0, 6, 1921.57
1572301004, 0, 351, 819, 743, 130, 3.71%, 0, 0, 6, 2807.91
1572301009, 0, 351, 822, 746, 130, 3.71%, 0, 0, 6, 1435.87
1572301014, 0, 351, 823, 747, 130, 3.71%, 0, 0, 6, 1193.55
1572301019, 0, 351, 826, 750, 130, 3.71%, 0, 0, 6, 969.99
1572301024, 0, 351, 827, 751, 130, 3.72%, 0, 0, 6, 1029.43
1572301035, 0, 351, 828, 752, 130, 3.72%, 0, 0, 6, 1161.86
1572301040, 0, 357, 829, 752, 130, 3.72%, 0, 0, 6, 2423.82
1572301045, 0, 360, 829, 751, 130, 3.72%, 0, 0, 6, 77.46
1572301060, 0, 360, 832, 754, 130, 3.72%, 0, 0, 6, 1696.12
1572301065, 0, 360, 833, 755, 130, 3.72%, 0, 0, 6, 1359.85
1572301070, 0, 360, 836, 758, 130, 3.74%, 0, 0, 6, 1397.34
1572301076, 0, 367, 838, 759, 132, 3.75%, 0, 0, 6, 80.63
1572301081, 0, 367, 846, 767, 132, 3.79%, 0, 0, 6, 77.25
1572301086, 0, 367, 848, 769, 132, 3.79%, 0, 0, 6, 1084.41
1572301091, 0, 367, 850, 771, 132, 3.79%, 0, 0, 6, 1129.76
1572301096, 0, 367, 852, 773, 132, 3.79%, 0, 0, 6, 1164.90
1572301106, 0, 371, 855, 775, 143, 3.79%, 0, 0, 6, 588.15
1572301112, 0, 371, 856, 776, 143, 3.79%, 0, 0, 6, 98.00
1572301122, 0, 371, 860, 780, 143, 3.80%, 0, 0, 6, 2050.25
1572301127, 0, 371, 863, 783, 143, 3.80%, 0, 0, 6, 1437.51
1572301132, 0, 371, 864, 784, 143, 3.80%, 0, 0, 6, 1293.97
1572301137, 0, 371, 866, 786, 143, 3.80%, 0, 0, 6, 1013.67
1572301142, 0, 375, 866, 785, 144, 3.80%, 0, 0, 6, 1067.07
1572301147, 0, 375, 868, 787, 144, 3.80%, 0, 0, 6, 1324.30
1572301152, 0, 375, 869, 788, 144, 3.81%, 0, 0, 6, 48.32
1572301158, 0, 375, 870, 789, 144, 3.81%, 0, 0, 6, 511.37
1572301163, 0, 375, 872, 791, 144, 3.81%, 0, 0, 6, 1567.95
1572301168, 0, 375, 873, 792, 144, 3.81%, 0, 0, 6, 1146.29
1572301173, 0, 375, 875, 794, 144, 3.82%, 0, 0, 6, 1343.90
1572301188, 0, 380, 876, 794, 146, 3.82%, 0, 0, 6, 1235.29
1572301194, 0, 380, 877, 795, 146, 3.82%, 0, 0, 6, 88.05
1572301209, 0, 385, 878, 795, 146, 3.83%, 0, 0, 6, 1633.38
1572301214, 0, 385, 881, 798, 146, 3.83%, 0, 0, 6, 48.10
1572301230, 0, 405, 883, 799, 149, 3.84%, 0, 0, 6, 83.33
1572301235, 0, 405, 884, 800, 149, 3.85%, 0, 0, 6, 27.53
1572301245, 0, 405, 887, 803, 149, 3.85%, 0, 0, 6, 2056.56
1572301250, 0, 405, 888, 804, 149, 3.85%, 0, 0, 6, 1408.40
1572301261, 0, 405, 889, 805, 149, 3.85%, 0, 0, 6, 1417.81
1572301266, 0, 413, 893, 806, 151, 3.87%, 0, 0, 6, 2043.62
1572301271, 0, 415, 893, 804, 151, 3.87%, 0, 0, 6, 2023.32
1572301296, 0, 417, 893, 803, 150, 3.87%, 0, 0, 6, 794.17
1572301317, 0, 418, 894, 803, 149, 3.87%, 0, 0, 6, 1034.28
1572301337, 0, 418, 895, 804, 149, 3.87%, 0, 0, 6, 917.73
1572301342, 0, 434, 896, 803, 148, 3.89%, 0, 0, 6, 799.44
1572301353, 0, 434, 900, 807, 148, 3.90%, 0, 0, 6, 57.05
1572301368, 0, 434, 903, 810, 148, 3.90%, 0, 0, 6, 1261.40
1572301378, 0, 434, 906, 813, 148, 3.90%, 0, 0, 6, 1348.90
1572301383, 0, 434, 908, 815, 148, 3.91%, 0, 0, 6, 1349.42
1572301388, 0, 450, 912, 818, 154, 3.91%, 0, 0, 6, 1540.79
1572301398, 0, 457, 912, 817, 156, 3.91%, 0, 0, 6, 117.59
1572301409, 0, 459, 912, 816, 155, 3.91%, 0, 0, 6, 1465.30
1572301424, 0, 459, 913, 817, 155, 3.91%, 0, 0, 6, 2571.43
1572301429, 0, 459, 914, 818, 155, 3.91%, 0, 0, 6, 1576.51
1572301439, 0, 466, 914, 817, 155, 3.91%, 0, 0, 6, 366.05
1572301450, 0, 469, 914, 816, 154, 3.91%, 0, 0, 6, 1321.53
1572301455, 0, 469, 916, 818, 154, 3.94%, 0, 0, 6, 332.06
1572301460, 0, 469, 917, 819, 154, 3.94%, 0, 0, 6, 2212.31
1572301465, 0, 469, 918, 820, 154, 3.94%, 0, 0, 6, 1917.08
1572301470, 0, 469, 919, 821, 154, 3.95%, 0, 0, 6, 1935.09
1572301476, 0, 472, 921, 821, 155, 3.95%, 0, 0, 6, 1056.44
1572301486, 0, 476, 924, 823, 156, 3.97%, 0, 0, 6, 49.66
1572301491, 0, 476, 925, 824, 156, 3.97%, 0, 0, 6, 2058.55
1572301496, 0, 476, 928, 827, 156, 3.98%, 0, 0, 6, 1972.65
1572301501, 0, 476, 929, 828, 156, 3.98%, 0, 0, 6, 1992.89
1572301506, 0, 477, 931, 829, 157, 3.98%, 0, 0, 6, 49.62
1572301512, 0, 477, 932, 830, 157, 3.98%, 0, 0, 6, 2766.44
1572301517, 0, 477, 940, 838, 157, 3.99%, 0, 0, 6, 2046.34
1572301522, 0, 477, 945, 843, 157, 3.99%, 0, 0, 6, 1868.40
1572301527, 0, 479, 948, 845, 159, 3.99%, 0, 0, 6, 78.63
1572301537, 0, 488, 948, 844, 158, 3.99%, 0, 0, 6, 2071.37
1572301547, 0, 488, 949, 845, 158, 3.99%, 0, 0, 6, 2299.79
1572301552, 0, 488, 950, 846, 158, 3.99%, 0, 0, 6, 2171.85
1572301557, 0, 502, 954, 849, 157, 3.99%, 0, 0, 6, 1504.67
1572301563, 0, 502, 955, 850, 157, 3.99%, 0, 0, 6, 456.90
1572301573, 0, 502, 961, 856, 157, 3.99%, 0, 0, 6, 2097.85
1572301578, 0, 502, 971, 866, 157, 4.01%, 0, 0, 6, 1794.49
1572301584, 0, 502, 975, 870, 157, 4.01%, 0, 0, 6, 1629.80
1572301589, 0, 503, 977, 871, 161, 4.01%, 0, 0, 6, 2354.19
1572301594, 0, 526, 978, 871, 160, 4.01%, 0, 0, 6, 328.28
1572301599, 0, 526, 980, 873, 160, 4.02%, 0, 0, 6, 1006.88
1572301604, 0, 526, 982, 875, 160, 4.02%, 0, 0, 6, 1960.66
1572301609, 0, 530, 982, 874, 162, 4.02%, 0, 0, 6, 1756.13
1572301614, 0, 530, 984, 876, 162, 4.03%, 0, 0, 6, 1064.57
1572301624, 0, 540, 986, 877, 164, 4.03%, 0, 0, 6, 2284.09
1572301629, 0, 546, 986, 876, 164, 4.03%, 0, 0, 6, 2038.56
1572301639, 0, 546, 987, 877, 164, 4.03%, 0, 0, 6, 1777.80
1572301644, 0, 549, 991, 880, 164, 4.03%, 0, 0, 6, 1796.39
1572301655, 0, 549, 998, 887, 164, 4.03%, 0, 0, 6, 1815.42
1572301660, 0, 549, 1003, 892, 164, 4.03%, 0, 0, 6, 1819.23
1572301665, 0, 549, 1006, 895, 164, 4.04%, 0, 0, 6, 1538.98
1572301670, 0, 566, 1011, 899, 164, 4.04%, 0, 0, 6, 76.78
1572301675, 0, 566, 1014, 902, 164, 4.05%, 0, 0, 6, 48.39
1572301680, 0, 566, 1016, 904, 164, 4.05%, 0, 0, 6, 1560.90
1572301690, 0, 571, 1016, 903, 165, 4.05%, 0, 0, 6, 1199.38
1572301696, 0, 571, 1019, 906, 165, 4.06%, 0, 0, 6, 228.94
1572301706, 0, 571, 1020, 907, 165, 4.06%, 0, 0, 6, 1232.04
1572301711, 0, 572, 1020, 906, 167, 4.06%, 0, 0, 6, 214.76
1572301721, 0, 572, 1021, 907, 167, 4.06%, 0, 0, 6, 1612.66
1572301726, 0, 572, 1023, 909, 167, 4.06%, 0, 0, 6, 1311.09
1572301731, 0, 572, 1025, 911, 167, 4.08%, 0, 0, 6, 1413.85
1572301742, 0, 585, 1028, 913, 166, 4.09%, 0, 0, 6, 83.73
1572301747, 0, 585, 1032, 917, 166, 4.12%, 0, 0, 6, 55.81
1572301752, 0, 585, 1035, 920, 166, 4.13%, 0, 0, 6, 1620.79
1572301757, 0, 585, 1036, 921, 166, 4.13%, 0, 0, 6, 1488.55
1572301762, 0, 585, 1040, 925, 166, 4.14%, 0, 0, 6, 1623.84
1572301767, 0, 593, 1042, 926, 173, 4.14%, 0, 0, 6, 1384.29
1572301783, 0, 593, 1043, 927, 173, 4.14%, 0, 0, 6, 1203.80
1572301788, 0, 602, 1043, 926, 173, 4.14%, 0, 0, 6, 1268.99
1572301798, 0, 602, 1044, 927, 173, 4.14%, 0, 0, 6, 2098.61
1572301803, 0, 602, 1045, 928, 173, 4.14%, 0, 0, 6, 1115.48
1572301808, 0, 602, 1048, 931, 173, 4.14%, 0, 0, 6, 1420.31
1572301818, 0, 607, 1050, 932, 173, 4.14%, 0, 0, 6, 1338.69
1572301844, 0, 617, 1059, 936, 169, 4.16%, 0, 0, 6, 1711.23
1572301849, 0, 617, 1068, 945, 169, 4.16%, 0, 0, 6, 2740.29
1572301854, 0, 619, 1071, 946, 177, 4.19%, 0, 0, 6, 3012.89
1572301859, 0, 621, 1072, 945, 176, 4.19%, 0, 0, 6, 2950.19
1572301865, 0, 622, 1076, 948, 175, 4.19%, 0, 0, 6, 2966.95
1572301870, 0, 629, 1078, 949, 177, 4.19%, 0, 0, 6, 2974.07
1572301875, 0, 629, 1088, 959, 177, 4.24%, 0, 0, 6, 3011.78
1572301880, 0, 633, 1092, 962, 179, 4.24%, 0, 0, 6, 2933.14
1572301885, 0, 638, 1093, 962, 178, 4.24%, 0, 0, 7, 42.41
1572301890, 0, 638, 1094, 963, 178, 4.24%, 0, 0, 7, 49.60
1572301906, 0, 646, 1094, 961, 178, 4.24%, 0, 0, 7, 1343.39
1572301916, 0, 646, 1095, 962, 178, 4.24%, 0, 0, 7, 2530.04
1572301921, 0, 646, 1096, 963, 178, 4.24%, 0, 0, 7, 1722.05
1572301926, 0, 646, 1098, 965, 178, 4.32%, 0, 0, 7, 1638.46
1572301931, 0, 646, 1099, 966, 178, 4.32%, 0, 0, 7, 1570.43
1572301936, 0, 647, 1100, 966, 179, 4.32%, 0, 0, 7, 1489.53
1572301957, 0, 653, 1101, 966, 178, 4.32%, 0, 0, 7, 295.35
1572301962, 0, 653, 1103, 968, 178, 4.32%, 0, 0, 7, 110.14
1572301972, 0, 653, 1104, 969, 178, 4.32%, 0, 0, 7, 2310.68
1572301977, 0, 653, 1110, 975, 178, 4.33%, 0, 0, 7, 1585.31
1572301982, 0, 653, 1112, 977, 178, 4.33%, 0, 0, 7, 1516.41
1572301987, 0, 653, 1115, 980, 178, 4.33%, 0, 0, 7, 1413.30
1572301992, 0, 662, 1117, 980, 176, 4.33%, 0, 0, 7, 1107.53
1572302008, 0, 662, 1118, 981, 176, 4.33%, 0, 0, 7, 2340.13
1572302018, 0, 675, 1122, 983, 174, 4.34%, 0, 0, 7, 74.32
1572302028, 0, 675, 1123, 984, 174, 4.34%, 0, 0, 7, 1679.30
1572302033, 0, 675, 1124, 985, 174, 4.34%, 0, 0, 7, 1578.97
1572302038, 0, 675, 1125, 986, 174, 4.34%, 0, 0, 7, 1289.06
1572302043, 0, 675, 1127, 988, 174, 4.34%, 0, 0, 7, 1415.23
1572302048, 0, 675, 1128, 989, 174, 4.34%, 0, 0, 7, 1511.98
1572302054, 0, 679, 1133, 993, 178, 4.34%, 0, 0, 7, 73.34
1572302069, 0, 679, 1136, 996, 178, 4.34%, 0, 0, 7, 1466.44
1572302074, 0, 679, 1138, 998, 178, 4.34%, 0, 0, 7, 1552.67
1572302079, 0, 679, 1140, 1000, 178, 4.34%, 0, 0, 7, 1238.88
1572302084, 0, 685, 1140, 999, 178, 4.34%, 0, 0, 7, 128.30
1572302100, 0, 685, 1142, 1001, 178, 4.34%, 0, 0, 7, 1630.40
1572302105, 0, 685, 1143, 1002, 178, 4.34%, 0, 0, 7, 1458.81
1572302115, 0, 685, 1145, 1004, 178, 4.34%, 0, 0, 7, 1508.96
1572302121, 0, 696, 1146, 1004, 179, 4.35%, 0, 0, 7, 73.91
1572302136, 0, 700, 1158, 1015, 178, 4.37%, 0, 0, 7, 2671.69
1572302141, 0, 700, 1162, 1019, 178, 4.41%, 0, 0, 7, 2945.17
1572302146, 0, 701, 1162, 1018, 186, 4.41%, 0, 0, 7, 2785.66
1572302151, 0, 701, 1163, 1019, 186, 4.41%, 0, 0, 7, 2366.22
1572302156, 0, 701, 1164, 1020, 186, 4.41%, 0, 0, 7, 909.55
1572302161, 0, 701, 1165, 1021, 186, 4.41%, 0, 0, 7, 1228.48
1572302167, 0, 711, 1169, 1024, 186, 4.41%, 0, 0, 7, 80.01
1572302172, 0, 711, 1171, 1026, 186, 4.41%, 0, 0, 7, 49.63
1572302177, 0, 711, 1173, 1028, 186, 4.41%, 0, 0, 7, 744.29
1572302182, 0, 714, 1173, 1027, 185, 4.41%, 0, 0, 7, 243.90
1572302197, 0, 714, 1174, 1028, 185, 4.41%, 0, 0, 7, 1356.69
1572302202, 0, 718, 1174, 1026, 184, 4.41%, 0, 0, 7, 168.50
1572302218, 0, 718, 1176, 1028, 184, 4.41%, 0, 0, 7, 1734.99
1572302228, 0, 718, 1177, 1029, 184, 4.41%, 0, 0, 7, 1367.39
1572302233, 0, 730, 1178, 1027, 182, 4.42%, 0, 0, 7, 70.46
1572302248, 0, 735, 1178, 1025, 181, 4.42%, 0, 0, 7, 2267.64
1572302259, 0, 737, 1178, 1024, 180, 4.42%, 0, 0, 7, 2456.48
1572302269, 0, 737, 1181, 1027, 180, 4.42%, 0, 0, 7, 1858.46
1572302280, 0, 743, 1181, 1026, 180, 4.42%, 0, 0, 7, 76.73
1572302285, 0, 743, 1182, 1027, 180, 4.42%, 0, 0, 7, 48.52
1572302295, 0, 743, 1185, 1030, 180, 4.42%, 0, 0, 7, 1704.05
1572302300, 0, 743, 1187, 1032, 180, 4.42%, 0, 0, 7, 1535.50
1572302305, 0, 743, 1191, 1036, 180, 4.42%, 0, 0, 7, 1481.78
1572302311, 0, 745, 1192, 1036, 180, 4.42%, 0, 0, 7, 55.56
1572302316, 0, 745, 1194, 1038, 180, 4.42%, 0, 0, 7, 49.69
1572302326, 0, 745, 1196, 1040, 180, 4.42%, 0, 0, 7, 1239.83
1572302332, 0, 745, 1198, 1042, 180, 4.42%, 0, 0, 7, 1340.32
1572302337, 0, 745, 1201, 1045, 180, 4.42%, 0, 0, 7, 1464.46
1572302342, 0, 756, 1202, 1044, 182, 4.42%, 0, 0, 7, 1280.16
1572302347, 0, 756, 1205, 1047, 182, 4.42%, 0, 0, 7, 49.59
1572302362, 0, 756, 1207, 1049, 182, 4.42%, 0, 0, 7, 1774.62
1572302367, 0, 756, 1208, 1050, 182, 4.42%, 0, 0, 7, 1364.42
1572302377, 0, 761, 1208, 1048, 183, 4.42%, 0, 0, 7, 82.47
1572302383, 0, 761, 1209, 1049, 183, 4.42%, 0, 0, 7, 82.28
1572302393, 0, 761, 1210, 1050, 183, 4.42%, 0, 0, 7, 1239.31
1572302398, 0, 761, 1214, 1054, 183, 4.42%, 0, 0, 7, 1328.21
1572302403, 0, 761, 1217, 1057, 183, 4.42%, 0, 0, 7, 1397.70
1572302408, 0, 761, 1218, 1058, 183, 4.42%, 0, 0, 7, 1423.89
1572302413, 0, 761, 1219, 1059, 183, 4.42%, 0, 0, 7, 1402.91
1572302418, 0, 764, 1220, 1059, 184, 4.42%, 0, 0, 7, 2510.00
1572302428, 0, 764, 1221, 1060, 184, 4.42%, 0, 0, 7, 2225.91
1572302434, 0, 767, 1221, 1059, 183, 4.42%, 0, 0, 7, 78.94
1572302449, 0, 770, 1221, 1058, 182, 4.42%, 0, 0, 7, 1793.13
1572302455, 0, 770, 1222, 1059, 182, 4.42%, 0, 0, 7, 1416.27
1572302470, 0, 774, 1222, 1058, 182, 4.42%, 0, 0, 7, 42.78
1572302486, 0, 774, 1225, 1061, 182, 4.42%, 0, 0, 7, 1513.04
1572302491, 0, 774, 1226, 1062, 182, 4.42%, 0, 0, 7, 1366.91
1572302496, 0, 774, 1227, 1063, 182, 4.42%, 0, 0, 7, 1443.48
1572302501, 0, 775, 1227, 1062, 185, 4.42%, 0, 0, 7, 44.27
1572302506, 0, 775, 1228, 1063, 185, 4.42%, 0, 0, 7, 2000.96
1572302511, 0, 775, 1231, 1066, 185, 4.42%, 0, 0, 7, 1638.26
1572302532, 0, 781, 1231, 1065, 185, 4.42%, 0, 0, 7, 80.30
1572302542, 0, 781, 1232, 1066, 185, 4.42%, 0, 0, 7, 205.11
1572302548, 0, 789, 1232, 1065, 184, 4.42%, 0, 0, 7, 1673.58
1572302563, 0, 790, 1232, 1064, 183, 4.42%, 0, 0, 7, 479.74
1572302584, 0, 790, 1233, 1065, 183, 4.42%, 0, 0, 7, 1633.07
1572302589, 0, 794, 1233, 1064, 183, 4.42%, 0, 0, 7, 1173.44
1572302610, 0, 797, 1233, 1063, 182, 4.42%, 0, 0, 7, 1482.59
1572302620, 0, 808, 1239, 1068, 181, 4.42%, 0, 0, 7, 74.52
1572302641, 0, 812, 1239, 1067, 182, 4.42%, 0, 0, 7, 82.80
1572302651, 0, 812, 1241, 1069, 182, 4.42%, 0, 0, 7, 1349.45
1572302671, 0, 816, 1245, 1072, 182, 4.42%, 0, 0, 7, 2049.50
1572302692, 0, 816, 1252, 1079, 182, 4.42%, 0, 0, 7, 1078.35
1572302697, 0, 816, 1258, 1085, 182, 4.42%, 0, 0, 7, 1301.09
1572302702, 0, 816, 1267, 1094, 182, 4.42%, 0, 0, 7, 1250.13
1572302707, 0, 816, 1270, 1097, 182, 4.42%, 0, 0, 7, 1257.44
1572302712, 0, 816, 1271, 1098, 182, 4.43%, 0, 0, 7, 1267.56
1572302717, 0, 817, 1274, 1100, 181, 4.44%, 0, 0, 7, 1736.27
1572302728, 0, 817, 1280, 1106, 181, 4.45%, 0, 0, 7, 2354.29
1572302733, 0, 817, 1282, 1108, 181, 4.45%, 0, 0, 7, 2053.30
1572302743, 0, 823, 1282, 1107, 185, 4.45%, 0, 0, 7, 1340.32
1572302753, 0, 823, 1283, 1108, 185, 4.45%, 0, 0, 7, 1088.59
1572302759, 0, 826, 1283, 1107, 185, 4.45%, 0, 0, 7, 2472.64
1572302780, 0, 828, 1293, 1116, 184, 4.48%, 0, 0, 7, 1993.55
1572302785, 0, 828, 1296, 1119, 184, 4.49%, 0, 0, 7, 2099.16
1572302790, 0, 828, 1297, 1120, 184, 4.49%, 0, 0, 7, 1923.64
1572302796, 0, 829, 1297, 1119, 194, 4.49%, 0, 0, 7, 292.31
1572302812, 0, 829, 1298, 1120, 194, 4.49%, 0, 0, 7, 2166.87
1572302817, 0, 829, 1299, 1121, 194, 4.49%, 0, 0, 7, 1510.90
1572302827, 0, 829, 1300, 1122, 194, 4.50%, 0, 0, 7, 1406.44
1572302832, 0, 834, 1301, 1122, 195, 4.50%, 0, 0, 7, 86.38
1572302838, 0, 834, 1303, 1124, 195, 4.51%, 0, 0, 7, 49.62
1572302854, 0, 837, 1303, 1123, 195, 4.51%, 0, 0, 7, 206.61
1572302859, 0, 837, 1304, 1124, 195, 4.51%, 0, 0, 7, 412.88
1572302864, 0, 837, 1306, 1126, 195, 4.51%, 0, 0, 7, 1691.07
1572302869, 0, 837, 1308, 1128, 195, 4.51%, 0, 0, 7, 1342.16
1572302874, 0, 837, 1309, 1129, 195, 4.51%, 0, 0, 7, 1167.43
1572302885, 0, 842, 1309, 1127, 195, 4.51%, 0, 0, 7, 506.98
1572302895, 0, 842, 1311, 1129, 195, 4.51%, 0, 0, 7, 1676.38
1572302905, 0, 842, 1312, 1130, 195, 4.51%, 0, 0, 7, 1629.36
1572302910, 0, 849, 1316, 1130, 192, 4.52%, 0, 0, 7, 225.73
1572302926, 0, 861, 1317, 1130, 192, 4.52%, 0, 0, 7, 1897.27
1572302946, 0, 861, 1319, 1132, 192, 4.52%, 0, 0, 7, 1670.17
1572302951, 0, 861, 1320, 1133, 192, 4.52%, 0, 0, 7, 1470.72
1572302961, 0, 861, 1321, 1134, 192, 4.52%, 0, 0, 7, 1336.60
1572302967, 0, 861, 1322, 1135, 192, 4.52%, 0, 0, 7, 1209.51
1572302972, 0, 865, 1322, 1134, 192, 4.52%, 0, 0, 7, 1235.77
1572302987, 0, 870, 1324, 1134, 190, 4.52%, 0, 0, 7, 76.92
1572302992, 0, 870, 1325, 1135, 190, 4.52%, 0, 0, 7, 49.19
1572303003, 0, 870, 1328, 1138, 190, 4.52%, 0, 0, 7, 2111.19
1572303008, 0, 870, 1329, 1139, 190, 4.52%, 0, 0, 7, 1550.38
1572303013, 0, 870, 1330, 1140, 190, 4.52%, 0, 0, 7, 1362.13
1572303018, 0, 870, 1332, 1142, 190, 4.52%, 0, 0, 7, 1346.33
1572303028, 0, 871, 1332, 1141, 191, 4.52%, 0, 0, 7, 2032.45
1572303034, 0, 877, 1332, 1139, 189, 4.52%, 0, 0, 7, 2299.01
1572303039, 0, 877, 1334, 1141, 189, 4.53%, 0, 0, 7, 49.61
1572303044, 0, 877, 1335, 1142, 189, 4.53%, 0, 0, 7, 2739.59
1572303054, 0, 877, 1337, 1144, 189, 4.53%, 0, 0, 7, 1394.77
1572303059, 0, 877, 1339, 1146, 189, 4.53%, 0, 0, 7, 1392.33
1572303065, 0, 877, 1340, 1147, 189, 4.53%, 0, 0, 7, 1443.49
1572303070, 0, 877, 1341, 1148, 189, 4.53%, 0, 0, 7, 1215.50
1572303075, 0, 878, 1342, 1148, 189, 4.53%, 0, 0, 7, 43.01
1572303090, 0, 878, 1344, 1150, 189, 4.53%, 0, 0, 7, 1146.34
1572303095, 0, 878, 1345, 1151, 189, 4.53%, 0, 0, 7, 1011.94
1572303106, 0, 881, 1345, 1149, 188, 4.53%, 0, 0, 7, 247.01
1572303121, 0, 881, 1346, 1150, 188, 4.53%, 0, 0, 7, 2041.23
1572303127, 0, 882, 1346, 1149, 188, 4.53%, 0, 0, 7, 78.01
1572303147, 0, 887, 1346, 1147, 186, 4.53%, 0, 0, 7, 71.29
1572303158, 0, 887, 1347, 1148, 186, 4.53%, 0, 0, 7, 1976.65
1572303163, 0, 887, 1348, 1149, 186, 4.56%, 0, 0, 7, 1619.01
1572303168, 0, 888, 1349, 1149, 185, 4.56%, 0, 0, 7, 77.91
1572303189, 0, 891, 1350, 1148, 184, 4.56%, 0, 0, 7, 2072.22
1572303194, 0, 904, 1351, 1144, 180, 4.56%, 0, 0, 7, 1526.83
1572303204, 0, 904, 1352, 1145, 180, 4.56%, 0, 0, 7, 606.11
1572303219, 0, 906, 1354, 1146, 181, 4.57%, 0, 0, 7, 1940.20
1572303225, 0, 915, 1359, 1147, 178, 4.61%, 0, 0, 7, 45.64
1572303230, 0, 915, 1360, 1148, 178, 4.62%, 0, 0, 7, 95.16
1572303235, 0, 915, 1363, 1151, 178, 4.63%, 0, 0, 7, 2080.35
1572303240, 0, 916, 1363, 1150, 183, 4.63%, 0, 0, 7, 1626.84
1572303256, 0, 916, 1365, 1152, 183, 4.63%, 0, 0, 7, 2015.24
1572303267, 0, 919, 1365, 1151, 183, 4.63%, 0, 0, 7, 2650.05
1572303272, 0, 919, 1366, 1152, 183, 4.63%, 0, 0, 7, 1490.51
1572303277, 0, 927, 1366, 1149, 181, 4.63%, 0, 0, 7, 1599.45
1572303282, 0, 927, 1367, 1150, 181, 4.63%, 0, 0, 7, 1491.44
1572303287, 0, 927, 1369, 1152, 181, 4.63%, 0, 0, 7, 1985.10
1572303292, 0, 927, 1371, 1154, 181, 4.64%, 0, 0, 7, 1787.31
1572303297, 0, 927, 1374, 1157, 181, 4.64%, 0, 0, 7, 2052.57
1572303302, 0, 927, 1379, 1162, 181, 4.64%, 0, 0, 7, 1996.30
1572303307, 0, 933, 1380, 1162, 184, 4.64%, 0, 0, 7, 49.36
1572303318, 0, 933, 1381, 1163, 184, 4.64%, 0, 0, 7, 1997.24
1572303323, 0, 942, 1382, 1163, 184, 4.64%, 0, 0, 7, 208.76
1572303333, 0, 942, 1384, 1165, 184, 4.64%, 0, 0, 7, 1586.31
1572303343, 0, 944, 1385, 1165, 185, 4.64%, 0, 0, 7, 1695.62
1572303353, 0, 944, 1387, 1167, 185, 4.64%, 0, 0, 7, 2334.95
1572303358, 0, 944, 1388, 1168, 185, 4.64%, 0, 0, 7, 1876.30
1572303363, 0, 947, 1388, 1167, 185, 4.64%, 0, 0, 7, 1454.69
1572303379, 0, 948, 1388, 1166, 184, 4.64%, 0, 0, 7, 2341.26
1572303394, 0, 951, 1389, 1166, 183, 4.64%, 0, 0, 7, 59.01
1572303410, 0, 951, 1393, 1170, 183, 4.64%, 0, 0, 7, 1942.54
1572303415, 0, 951, 1395, 1172, 183, 4.64%, 0, 0, 7, 1759.16
1572303420, 0, 951, 1396, 1173, 183, 4.64%, 0, 0, 7, 1299.59
1572303425, 0, 951, 1397, 1174, 183, 4.64%, 0, 0, 7, 1376.15
1572303430, 0, 952, 1399, 1175, 183, 4.64%, 0, 0, 7, 77.11
1572303445, 0, 952, 1400, 1176, 183, 4.64%, 0, 0, 7, 1525.86
1572303450, 0, 952, 1403, 1179, 183, 4.64%, 0, 0, 7, 1406.58
1572303466, 0, 953, 1405, 1180, 183, 4.64%, 0, 0, 7, 1388.19
1572303471, 0, 953, 1406, 1181, 183, 4.64%, 0, 0, 7, 49.63
1572303482, 0, 953, 1407, 1182, 183, 4.64%, 0, 0, 7, 1695.71
1572303487, 0, 956, 1407, 1181, 184, 4.64%, 0, 0, 7, 80.54
1572303492, 0, 956, 1408, 1182, 184, 4.64%, 0, 0, 7, 49.64
1572303502, 0, 956, 1416, 1190, 184, 4.64%, 0, 0, 7, 1830.94
1572303507, 0, 956, 1418, 1192, 184, 4.64%, 0, 0, 7, 1518.27
1572303518, 0, 956, 1419, 1193, 184, 4.64%, 0, 0, 7, 1375.53
1572303523, 0, 962, 1420, 1193, 185, 4.64%, 0, 0, 7, 1414.83
1572303533, 0, 962, 1426, 1199, 185, 4.64%, 0, 0, 7, 2267.67
1572303543, 0, 962, 1427, 1200, 185, 4.64%, 0, 0, 7, 2139.49
1572303548, 0, 966, 1427, 1199, 185, 4.64%, 0, 0, 7, 76.76
1572303558, 0, 966, 1431, 1203, 185, 4.64%, 0, 0, 7, 2279.89
1572303584, 0, 969, 1431, 1202, 184, 4.64%, 0, 0, 7, 1330.93
1572303594, 0, 969, 1432, 1203, 184, 4.64%, 0, 0, 7, 1138.47
1572303599, 0, 975, 1432, 1202, 184, 4.64%, 0, 0, 7, 1362.69
1572303604, 0, 975, 1433, 1203, 184, 4.64%, 0, 0, 7, 1294.49
1572303620, 0, 975, 1434, 1204, 184, 4.64%, 0, 0, 7, 1521.04
1572303626, 0, 977, 1434, 1203, 184, 4.64%, 0, 0, 7, 129.21
1572303636, 0, 977, 1436, 1205, 184, 4.64%, 0, 0, 7, 1743.04
1572303641, 0, 979, 1436, 1203, 183, 4.64%, 0, 0, 7, 1666.32
1572303651, 0, 979, 1437, 1204, 183, 4.64%, 0, 0, 7, 1835.43
1572303657, 0, 979, 1438, 1205, 183, 4.64%, 0, 0, 7, 1839.05
1572303662, 0, 980, 1438, 1204, 183, 4.64%, 0, 0, 7, 1239.40
1572303682, 0, 983, 1438, 1202, 181, 4.64%, 0, 0, 7, 1305.47
1572303698, 0, 983, 1441, 1205, 181, 4.64%, 0, 0, 7, 1903.76
1572303703, 0, 983, 1442, 1206, 181, 4.65%, 0, 0, 7, 1797.18
1572303708, 0, 983, 1444, 1208, 181, 4.65%, 0, 0, 7, 1505.35
1572303713, 0, 984, 1445, 1208, 183, 4.65%, 0, 0, 7, 109.92
1572303728, 0, 984, 1446, 1209, 183, 4.65%, 0, 0, 7, 1423.27
1572303733, 0, 986, 1446, 1207, 182, 4.65%, 0, 0, 7, 1309.68
1572303753, 0, 1003, 1446, 1206, 181, 4.65%, 0, 0, 7, 1133.97
1572303764, 0, 1006, 1446, 1205, 179, 4.65%, 0, 0, 7, 1617.27
1572303779, 0, 1006, 1449, 1208, 179, 4.65%, 0, 0, 7, 1416.22
1572303784, 0, 1006, 1450, 1209, 179, 4.65%, 0, 0, 7, 1515.96
1572303789, 0, 1006, 1451, 1210, 179, 4.65%, 0, 0, 7, 1605.83
1572303794, 0, 1008, 1451, 1208, 178, 4.65%, 0, 0, 7, 112.34
1572303810, 0, 1009, 1451, 1207, 177, 4.65%, 0, 0, 7, 791.47
1572303825, 0, 1011, 1451, 1205, 175, 4.65%, 0, 0, 7, 865.24
1572303840, 0, 1011, 1453, 1207, 175, 4.65%, 0, 0, 7, 1513.37
1572303845, 0, 1012, 1453, 1206, 175, 4.65%, 0, 0, 7, 245.10
1572303861, 0, 1012, 1454, 1207, 175, 4.65%, 0, 0, 7, 896.26
1572303866, 0, 1012, 1455, 1208, 175, 4.65%, 0, 0, 7, 1217.64
1572303871, 0, 1012, 1456, 1209, 175, 4.65%, 0, 0, 7, 1447.33
1572303876, 0, 1012, 1457, 1210, 175, 4.65%, 0, 0, 7, 1464.75
1572303881, 0, 1016, 1460, 1212, 174, 4.67%, 0, 0, 7, 1505.94
1572303891, 0, 1016, 1461, 1213, 174, 4.67%, 0, 0, 7, 1605.03
1572303897, 0, 1018, 1461, 1211, 176, 4.67%, 0, 0, 7, 70.54
1572303907, 0, 1018, 1463, 1213, 176, 4.67%, 0, 0, 7, 1552.15
1572303912, 0, 1018, 1464, 1214, 176, 4.67%, 0, 0, 7, 1632.49
1572303917, 0, 1018, 1465, 1215, 176, 4.67%, 0, 0, 7, 1480.25
1572303922, 0, 1021, 1467, 1216, 176, 4.67%, 0, 0, 7, 1338.42
1572303938, 0, 1021, 1468, 1217, 176, 4.67%, 0, 0, 7, 1490.18
1572303943, 0, 1023, 1468, 1216, 176, 4.67%, 0, 0, 7, 1510.30
1572303953, 0, 1023, 1469, 1217, 176, 4.67%, 0, 0, 7, 1127.68
1572303958, 0, 1025, 1470, 1217, 176, 4.67%, 0, 0, 7, 43.92
1572303974, 0, 1025, 1472, 1219, 176, 4.67%, 0, 0, 7, 1237.15
1572303979, 0, 1025, 1473, 1220, 176, 4.67%, 0, 0, 7, 1205.13
1572303994, 0, 1026, 1473, 1219, 177, 4.67%, 0, 0, 7, 190.56
1572303999, 0, 1026, 1474, 1220, 177, 4.67%, 0, 0, 7, 336.25
1572304014, 0, 1028, 1474, 1219, 177, 4.67%, 0, 0, 7, 70.15
1572304024, 0, 1028, 1475, 1220, 177, 4.67%, 0, 0, 7, 1131.50
1572304035, 0, 1033, 1476, 1216, 173, 4.68%, 0, 0, 7, 78.07
1572304050, 0, 1033, 1478, 1218, 173, 4.68%, 0, 0, 7, 997.09
1572304060, 0, 1039, 1479, 1218, 174, 4.69%, 0, 0, 7, 869.39
1572304076, 0, 1039, 1481, 1220, 174, 4.69%, 0, 0, 7, 1185.22
1572304086, 0, 1040, 1483, 1221, 173, 4.69%, 0, 0, 7, 44.55
1572304101, 0, 1040, 1484, 1222, 173, 4.69%, 0, 0, 7, 1200.92
1572304106, 0, 1040, 1486, 1224, 173, 4.69%, 0, 0, 7, 1128.40
1572304122, 0, 1042, 1486, 1223, 174, 4.69%, 0, 0, 7, 650.00
1572304137, 0, 1042, 1488, 1225, 174, 4.69%, 0, 0, 7, 1191.53
1572304147, 0, 1056, 1488, 1221, 171, 4.69%, 0, 0, 7, 2095.96
1572304152, 0, 1057, 1490, 1222, 171, 4.70%, 0, 0, 7, 2733.93
1572304157, 0, 1062, 1492, 1221, 169, 4.70%, 0, 0, 7, 2907.77
1572304162, 0, 1062, 1499, 1228, 169, 4.70%, 0, 0, 7, 2951.52
1572304167, 0, 1064, 1501, 1229, 170, 4.70%, 0, 0, 7, 2939.74
1572304172, 0, 1077, 1501, 1223, 165, 4.70%, 0, 0, 7, 2987.43
1572304177, 0, 1083, 1503, 1223, 164, 4.70%, 0, 0, 7, 3051.10
1572304183, 0, 1083, 1509, 1229, 164, 4.70%, 0, 0, 7, 3061.47
1572304188, 0, 1085, 1510, 1229, 166, 4.70%, 0, 0, 7, 3056.15
1572304193, 0, 1087, 1521, 1239, 165, 4.79%, 0, 0, 7, 2951.38
1572304203, 0, 1088, 1523, 1240, 170, 4.79%, 0, 0, 7, 3018.58
1572304208, 0, 1088, 1527, 1244, 170, 4.79%, 0, 0, 7, 3019.98
1572304213, 0, 1096, 1535, 1249, 169, 4.81%, 0, 0, 8, 3029.48
1572304218, 0, 1104, 1536, 1249, 174, 4.81%, 0, 0, 8, 1253.37
1572304234, 0, 1104, 1538, 1251, 174, 4.81%, 0, 0, 8, 1340.72
1572304239, 0, 1104, 1539, 1252, 174, 4.81%, 0, 0, 8, 1301.23
1572304254, 0, 1107, 1541, 1253, 174, 4.81%, 0, 0, 8, 281.90
1572304270, 0, 1114, 1541, 1252, 174, 4.81%, 0, 0, 8, 1852.84
1572304275, 0, 1114, 1542, 1253, 174, 4.81%, 0, 0, 8, 1451.63
1572304285, 0, 1114, 1543, 1254, 174, 4.81%, 0, 0, 8, 2048.95
1572304290, 0, 1114, 1545, 1256, 174, 4.81%, 0, 0, 8, 1557.28
1572304295, 0, 1114, 1546, 1257, 174, 4.81%, 0, 0, 8, 1422.86
1572304310, 0, 1114, 1547, 1258, 174, 4.81%, 0, 0, 8, 1466.40
1572304316, 0, 1116, 1548, 1258, 174, 4.81%, 0, 0, 8, 1150.00
1572304331, 0, 1116, 1550, 1260, 174, 4.81%, 0, 0, 8, 1659.54
1572304341, 0, 1127, 1553, 1261, 173, 4.82%, 0, 0, 8, 1063.56
1572304357, 0, 1127, 1555, 1263, 173, 4.82%, 0, 0, 8, 1816.92
1572304362, 0, 1127, 1558, 1266, 173, 4.82%, 0, 0, 8, 1496.99
1572304367, 0, 1127, 1561, 1269, 173, 4.82%, 0, 0, 8, 1490.90
1572304378, 0, 1136, 1562, 1269, 174, 4.82%, 0, 0, 8, 1321.91
1572304393, 0, 1139, 1562, 1268, 173, 4.82%, 0, 0, 8, 2052.40
1572304404, 0, 1141, 1563, 1268, 173, 4.82%, 0, 0, 8, 512.62
1572304414, 0, 1141, 1564, 1269, 173, 4.82%, 0, 0, 8, 975.00
1572304429, 0, 1142, 1565, 1269, 173, 4.82%, 0, 0, 8, 41.97
1572304450, 0, 1145, 1565, 1268, 172, 4.82%, 0, 0, 8, 20.63
1572304460, 0, 1157, 1571, 1267, 165, 4.89%, 0, 0, 8, 2595.63
1572304465, 0, 1157, 1580, 1276, 165, 4.90%, 0, 0, 8, 2789.76
1572304470, 0, 1159, 1582, 1277, 174, 4.90%, 0, 0, 8, 2888.22
1572304475, 0, 1159, 1583, 1278, 174, 4.93%, 0, 0, 8, 2934.52
1572304480, 0, 1167, 1585, 1279, 174, 4.93%, 0, 0, 8, 675.00
1572304496, 0, 1167, 1586, 1280, 174, 4.93%, 0, 0, 8, 1551.21
1572304501, 0, 1168, 1586, 1279, 174, 4.93%, 0, 0, 8, 43.96
1572304506, 0, 1168, 1587, 1280, 174, 4.93%, 0, 0, 8, 48.19
1572304516, 0, 1169, 1587, 1279, 173, 4.93%, 0, 0, 8, 226.83
1572304531, 0, 1175, 1589, 1280, 172, 4.93%, 0, 0, 8, 190.48
1572304553, 0, 1175, 1591, 1282, 172, 4.93%, 0, 0, 8, 1304.80
1572304558, 0, 1177, 1591, 1281, 172, 4.93%, 0, 0, 8, 1262.73
1572304563, 0, 1177, 1592, 1282, 172, 4.93%, 0, 0, 8, 1584.61
1572304574, 0, 1178, 1592, 1281, 172, 4.93%, 0, 0, 8, 27.78
1572304584, 0, 1182, 1592, 1280, 171, 4.93%, 0, 0, 8, 1858.34
1572304605, 0, 1182, 1594, 1282, 171, 4.93%, 0, 0, 8, 1709.28
1572304610, 0, 1183, 1594, 1281, 171, 4.93%, 0, 0, 8, 229.63
1572304626, 0, 1183, 1595, 1282, 171, 4.93%, 0, 0, 8, 2027.50
1572304631, 0, 1183, 1596, 1283, 171, 4.93%, 0, 0, 8, 1539.27
1572304641, 0, 1189, 1597, 1283, 172, 4.93%, 0, 0, 8, 201.40
1572304662, 0, 1205, 1598, 1283, 173, 4.93%, 0, 0, 8, 46.53
1572304677, 0, 1205, 1600, 1285, 173, 4.93%, 0, 0, 8, 1899.36
1572304682, 0, 1205, 1601, 1286, 173, 4.93%, 0, 0, 8, 1642.43
1572304687, 0, 1205, 1604, 1289, 173, 4.93%, 0, 0, 8, 1690.01
1572304692, 0, 1205, 1605, 1290, 173, 4.93%, 0, 0, 8, 1656.73
1572304697, 0, 1209, 1613, 1297, 176, 4.93%, 0, 0, 8, 1216.06
1572304703, 0, 1216, 1615, 1296, 176, 4.93%, 0, 0, 8, 1182.85
1572304708, 0, 1220, 1616, 1295, 175, 4.93%, 0, 0, 8, 57.32
1572304718, 0, 1220, 1619, 1298, 175, 4.93%, 0, 0, 8, 2208.61
1572304728, 0, 1222, 1619, 1296, 173, 4.93%, 0, 0, 8, 1889.63
1572304733, 0, 1222, 1620, 1297, 173, 4.93%, 0, 0, 8, 76.66
1572304749, 0, 1224, 1622, 1298, 173, 4.93%, 0, 0, 8, 842.86
1572304754, 0, 1224, 1623, 1299, 173, 4.93%, 0, 0, 8, 48.44
1572304764, 0, 1225, 1623, 1298, 175, 4.93%, 0, 0, 8, 1734.03
1572304785, 0, 1231, 1624, 1297, 173, 4.93%, 0, 0, 8, 69.65
1572304805, 0, 1232, 1625, 1297, 172, 4.93%, 0, 0, 8, 1703.65
1572304820, 0, 1232, 1626, 1298, 172, 4.93%, 0, 0, 8, 1813.86
1572304826, 0, 1239, 1626, 1296, 171, 4.93%, 0, 0, 8, 1469.61
1572304846, 0, 1239, 1627, 1297, 171, 4.93%, 0, 0, 8, 1549.14
1572304851, 0, 1239, 1629, 1299, 171, 4.93%, 0, 0, 8, 1474.71
1572304872, 0, 1254, 1630, 1298, 170, 4.93%, 0, 0, 8, 423.59
1572304877, 0, 1254, 1631, 1299, 170, 4.93%, 0, 0, 8, 1805.61
1572304897, 0, 1254, 1633, 1301, 170, 4.93%, 0, 0, 8, 1559.49
1572304908, 0, 1254, 1635, 1303, 170, 4.93%, 0, 0, 8, 1215.16
1572304913, 0, 1254, 1636, 1304, 170, 4.93%, 0, 0, 8, 1271.90
1572304918, 0, 1254, 1637, 1305, 170, 4.93%, 0, 0, 8, 1291.73
1572304923, 0, 1264, 1639, 1306, 171, 4.93%, 0, 0, 8, 76.53
1572304939, 0, 1264, 1640, 1307, 171, 4.93%, 0, 0, 8, 2158.71
1572304944, 0, 1264, 1642, 1309, 171, 4.93%, 0, 0, 8, 1400.08
1572304954, 0, 1264, 1644, 1311, 171, 4.93%, 0, 0, 8, 1213.46
1572304964, 0, 1266, 1644, 1310, 172, 4.93%, 0, 0, 8, 1331.72
1572304970, 0, 1270, 1647, 1312, 171, 4.93%, 0, 0, 8, 74.07
1572304985, 0, 1274, 1647, 1309, 170, 4.93%, 0, 0, 8, 1759.38
1572304990, 0, 1274, 1648, 1310, 170, 4.94%, 0, 0, 8, 1113.45
1572304995, 0, 1274, 1649, 1311, 170, 4.94%, 0, 0, 8, 2552.12
1572305001, 0, 1281, 1651, 1312, 171, 4.95%, 0, 0, 8, 1994.68
1572305011, 0, 1281, 1652, 1313, 171, 4.95%, 0, 0, 8, 1921.27
1572305016, 0, 1281, 1654, 1315, 171, 4.95%, 0, 0, 8, 1923.03
1572305027, 0, 1281, 1655, 1316, 171, 4.95%, 0, 0, 8, 1891.15
1572305032, 0, 1294, 1657, 1308, 164, 4.95%, 0, 0, 8, 2768.87
1572305042, 0, 1302, 1658, 1305, 162, 4.96%, 0, 0, 8, 2227.73
1572305048, 0, 1302, 1659, 1306, 162, 4.96%, 0, 0, 8, 146.56
1572305063, 0, 1303, 1659, 1305, 162, 4.96%, 0, 0, 8, 1386.21
1572305078, 0, 1304, 1659, 1304, 161, 4.96%, 0, 0, 8, 1354.81
1572305094, 0, 1304, 1660, 1305, 161, 4.96%, 0, 0, 8, 1681.53
1572305099, 0, 1309, 1660, 1304, 161, 4.96%, 0, 0, 8, 79.07
1572305115, 0, 1318, 1660, 1302, 159, 4.96%, 0, 0, 8, 2140.03
1572305136, 0, 1320, 1660, 1301, 158, 4.96%, 0, 0, 8, 1758.00
1572305162, 0, 1320, 1665, 1306, 158, 4.96%, 0, 0, 8, 1239.49
1572305172, 0, 1320, 1667, 1308, 158, 4.96%, 0, 0, 8, 1020.43
1572305177, 0, 1320, 1668, 1309, 158, 4.96%, 0, 0, 8, 857.98
1572305182, 0, 1320, 1670, 1311, 158, 4.96%, 0, 0, 8, 1164.29
1572305187, 0, 1322, 1670, 1310, 160, 4.96%, 0, 0, 8, 1247.56
1572305213, 0, 1336, 1670, 1307, 157, 4.96%, 0, 0, 8, 1538.10
1572305228, 0, 1343, 1670, 1306, 156, 4.96%, 0, 0, 8, 50.99
1572305249, 0, 1347, 1673, 1308, 155, 4.97%, 0, 0, 8, 1538.23
1572305259, 0, 1347, 1674, 1309, 155, 4.97%, 0, 0, 8, 1453.16
1572305264, 0, 1347, 1679, 1314, 155, 4.97%, 0, 0, 8, 1529.92
1572305269, 0, 1347, 1680, 1315, 155, 4.97%, 0, 0, 8, 1489.74
1572305274, 0, 1347, 1683, 1318, 155, 4.97%, 0, 0, 8, 1459.86
1572305279, 0, 1350, 1688, 1322, 158, 4.97%, 0, 0, 8, 1196.09
1572305285, 0, 1354, 1695, 1327, 159, 5.04%, 0, 0, 8, 1572.48
1572305290, 0, 1358, 1697, 1325, 161, 5.05%, 0, 0, 8, 76.34
1572305295, 0, 1358, 1698, 1326, 161, 5.05%, 0, 0, 8, 2008.83
1572305305, 0, 1359, 1700, 1327, 162, 5.05%, 0, 0, 8, 43.89
1572305310, 0, 1359, 1702, 1329, 162, 5.06%, 0, 0, 8, 1388.95
1572305315, 0, 1359, 1704, 1331, 162, 5.06%, 0, 0, 8, 1564.33
1572305320, 0, 1363, 1704, 1328, 160, 5.06%, 0, 0, 8, 1735.38
1572305336, 0, 1363, 1705, 1329, 160, 5.06%, 0, 0, 8, 1971.26
1572305341, 0, 1365, 1705, 1328, 160, 5.06%, 0, 0, 8, 1684.46
1572305356, 0, 1365, 1706, 1329, 160, 5.06%, 0, 0, 8, 1842.66
1572305361, 0, 1367, 1706, 1328, 160, 5.06%, 0, 0, 8, 142.01
1572305372, 0, 1367, 1708, 1330, 160, 5.06%, 0, 0, 8, 2112.65
1572305377, 0, 1377, 1708, 1329, 160, 5.06%, 0, 0, 8, 1917.64
1572305387, 0, 1377, 1709, 1330, 160, 5.06%, 0, 0, 8, 546.20
1572305392, 0, 1377, 1713, 1334, 160, 5.06%, 0, 0, 8, 1694.81
1572305397, 0, 1377, 1716, 1337, 160, 5.06%, 0, 0, 8, 1847.46
1572305403, 0, 1377, 1717, 1338, 160, 5.06%, 0, 0, 8, 1847.90
1572305408, 0, 1379, 1718, 1338, 160, 5.06%, 0, 0, 8, 1802.54
1572305418, 0, 1379, 1719, 1339, 160, 5.06%, 0, 0, 8, 2432.87
1572305423, 0, 1379, 1720, 1340, 160, 5.06%, 0, 0, 8, 1913.62
1572305428, 0, 1381, 1720, 1339, 160, 5.06%, 0, 0, 8, 280.43
1572305439, 0, 1383, 1720, 1338, 159, 5.06%, 0, 0, 8, 1957.66
1572305444, 0, 1383, 1721, 1339, 159, 5.06%, 0, 0, 8, 469.86
1572305454, 0, 1386, 1721, 1338, 159, 5.06%, 0, 0, 8, 1486.78
1572305469, 0, 1386, 1722, 1339, 159, 5.06%, 0, 0, 8, 1644.56
1572305474, 0, 1386, 1724, 1341, 159, 5.06%, 0, 0, 8, 1801.55
1572305485, 0, 1386, 1726, 1343, 159, 5.06%, 0, 0, 8, 1745.50
1572305490, 0, 1392, 1727, 1343, 160, 5.06%, 0, 0, 8, 76.68
1572305506, 0, 1392, 1728, 1344, 160, 5.06%, 0, 0, 8, 1735.81
1572305511, 0, 1393, 1728, 1343, 159, 5.06%, 0, 0, 8, 49.60
1572305521, 0, 1401, 1728, 1342, 158, 5.06%, 0, 0, 8, 80.11
1572305536, 0, 1401, 1730, 1344, 158, 5.06%, 0, 0, 8, 2006.15
1572305546, 0, 1401, 1731, 1345, 158, 5.06%, 0, 0, 8, 1509.23
1572305556, 0, 1405, 1732, 1345, 159, 5.06%, 0, 0, 8, 1367.13
1572305572, 0, 1406, 1732, 1344, 158, 5.06%, 0, 0, 8, 2071.97
1572305582, 0, 1406, 1734, 1346, 158, 5.06%, 0, 0, 8, 1724.96
1572305587, 0, 1409, 1734, 1345, 154, 5.06%, 0, 0, 8, 1448.03
1572305608, 0, 1409, 1735, 1346, 154, 5.06%, 0, 0, 8, 1981.07
1572305613, 0, 1409, 1736, 1347, 154, 5.06%, 0, 0, 8, 1570.15
1572305618, 0, 1409, 1738, 1349, 154, 5.06%, 0, 0, 8, 1487.63
1572305633, 0, 1419, 1740, 1350, 154, 5.06%, 0, 0, 8, 74.77
1572305649, 0, 1419, 1745, 1355, 154, 5.06%, 0, 0, 8, 1699.33
1572305654, 0, 1419, 1747, 1357, 154, 5.06%, 0, 0, 8, 1507.78
1572305664, 0, 1419, 1748, 1358, 154, 5.06%, 0, 0, 8, 1449.11
1572305674, 0, 1422, 1748, 1357, 153, 5.06%, 0, 0, 8, 2184.26
1572305690, 0, 1430, 1750, 1358, 152, 5.06%, 0, 0, 8, 42.13
1572305695, 0, 1430, 1751, 1359, 152, 5.06%, 0, 0, 8, 39.62
1572305710, 0, 1432, 1751, 1358, 152, 5.06%, 0, 0, 8, 1996.71
1572305731, 0, 1435, 1751, 1357, 151, 5.06%, 0, 0, 8, 1643.96
1572305741, 0, 1435, 1752, 1358, 151, 5.06%, 0, 0, 8, 1940.68
1572305746, 0, 1436, 1752, 1357, 151, 5.06%, 0, 0, 8, 79.28
1572305761, 0, 1438, 1753, 1357, 151, 5.06%, 0, 0, 8, 1614.83
1572305782, 0, 1440, 1753, 1356, 150, 5.06%, 0, 0, 8, 2006.51
1572305792, 0, 1440, 1755, 1358, 150, 5.06%, 0, 0, 8, 1866.83
1572305802, 0, 1441, 1755, 1357, 150, 5.06%, 0, 0, 8, 1730.55
1572305818, 0, 1441, 1757, 1359, 150, 5.06%, 0, 0, 8, 1739.00
1572305823, 0, 1441, 1759, 1361, 150, 5.06%, 0, 0, 8, 1660.33
1572305833, 0, 1447, 1759, 1360, 150, 5.06%, 0, 0, 8, 1356.76
1572305843, 0, 1451, 1760, 1360, 149, 5.06%, 0, 0, 8, 1878.28
1572305853, 0, 1454, 1760, 1359, 149, 5.06%, 0, 0, 8, 1437.58
1572305873, 0, 1454, 1763, 1362, 149, 5.07%, 0, 0, 8, 1408.39
1572305878, 0, 1454, 1765, 1364, 149, 5.07%, 0, 0, 8, 1300.37
1572305894, 0, 1455, 1765, 1363, 151, 5.07%, 0, 0, 8, 163.52
1572305909, 0, 1458, 1765, 1361, 149, 5.07%, 0, 0, 8, 1926.02
1572305915, 0, 1458, 1767, 1363, 149, 5.07%, 0, 0, 8, 1384.57
1572305920, 0, 1458, 1768, 1364, 149, 5.07%, 0, 0, 8, 1765.00
1572305925, 0, 1458, 1771, 1367, 149, 5.07%, 0, 0, 8, 1258.06
1572305935, 0, 1458, 1772, 1368, 149, 5.07%, 0, 0, 8, 1149.34
1572305945, 0, 1459, 1773, 1368, 151, 5.08%, 0, 0, 8, 133.19
1572305961, 0, 1459, 1774, 1369, 151, 5.08%, 0, 0, 8, 866.33
1572305966, 0, 1463, 1776, 1370, 152, 5.08%, 0, 0, 8, 47.26
1572305987, 0, 1467, 1777, 1370, 152, 5.08%, 0, 0, 8, 1136.36
1572306007, 0, 1468, 1779, 1371, 151, 5.08%, 0, 0, 8, 72.77
1572306022, 0, 1468, 1781, 1373, 151, 5.08%, 0, 0, 8, 2372.05
1572306027, 0, 1468, 1784, 1376, 151, 5.08%, 0, 0, 8, 1548.20
1572306038, 0, 1468, 1785, 1377, 151, 5.08%, 0, 0, 8, 1365.32
1572306043, 0, 1468, 1786, 1378, 151, 5.08%, 0, 0, 8, 1320.89
1572306048, 0, 1469, 1788, 1379, 151, 5.08%, 0, 0, 8, 97.56
1572306058, 0, 1469, 1789, 1380, 151, 5.08%, 0, 0, 8, 724.91
1572306063, 0, 1469, 1790, 1381, 151, 5.08%, 0, 0, 8, 1019.06
1572306069, 0, 1471, 1791, 1381, 151, 5.08%, 0, 0, 8, 1223.07
1572306089, 0, 1471, 1792, 1382, 151, 5.08%, 0, 0, 8, 1530.48
1572306094, 0, 1472, 1792, 1381, 151, 5.08%, 0, 0, 8, 781.55
1572306114, 0, 1472, 1794, 1383, 151, 5.08%, 0, 0, 8, 1449.94
1572306119, 0, 1474, 1795, 1382, 151, 5.08%, 0, 0, 8, 1305.77
1572306124, 0, 1475, 1796, 1382, 151, 5.08%, 0, 0, 8, 118.09
1572306140, 0, 1475, 1797, 1383, 151, 5.08%, 0, 0, 8, 1075.47
1572306145, 0, 1476, 1797, 1382, 151, 5.08%, 0, 0, 8, 1532.21
1572306170, 0, 1481, 1798, 1381, 149, 5.09%, 0, 0, 8, 1262.53
1572306181, 0, 1481, 1800, 1383, 149, 5.09%, 0, 0, 8, 958.11
1572306186, 0, 1481, 1801, 1384, 149, 5.09%, 0, 0, 8, 1066.02
1572306201, 0, 1482, 1802, 1384, 151, 5.09%, 0, 0, 8, 194.17
1572306217, 0, 1482, 1803, 1385, 151, 5.09%, 0, 0, 8, 821.14
1572306222, 0, 1486, 1803, 1384, 151, 5.09%, 0, 0, 8, 1013.96
1572306248, 0, 1509, 1806, 1382, 148, 5.09%, 0, 0, 8, 1508.59
1572306253, 0, 1511, 1812, 1387, 148, 5.09%, 0, 0, 8, 2525.25
1572306258, 0, 1511, 1813, 1388, 148, 5.09%, 0, 0, 8, 2684.10
1572306263, 0, 1512, 1815, 1389, 149, 5.09%, 0, 0, 8, 2869.05
1572306268, 0, 1518, 1820, 1390, 145, 5.10%, 0, 0, 8, 2947.78
1572306273, 0, 1518, 1823, 1393, 145, 5.10%, 0, 0, 8, 2884.59
1572306278, 0, 1520, 1826, 1395, 152, 5.10%, 0, 0, 8, 2877.94
1572306283, 0, 1533, 1829, 1389, 145, 5.11%, 0, 0, 9, 2957.02
1572306288, 0, 1540, 1832, 1389, 144, 5.11%, 0, 0, 9, 539.62
1572306293, 0, 1540, 1833, 1390, 144, 5.11%, 0, 0, 9, 43.93
1572306319, 0, 1546, 1833, 1389, 145, 5.11%, 0, 0, 9, 41.16
1572306344, 0, 1546, 1837, 1393, 145, 5.11%, 0, 0, 9, 1265.56
1572306349, 0, 1546, 1839, 1395, 145, 5.11%, 0, 0, 9, 1282.93
1572306355, 0, 1546, 1840, 1396, 145, 5.11%, 0, 0, 9, 1071.17
1572306360, 0, 1548, 1840, 1395, 147, 5.11%, 0, 0, 9, 410.00
1572306385, 0, 1548, 1841, 1396, 147, 5.11%, 0, 0, 9, 876.74
1572306391, 0, 1548, 1842, 1397, 147, 5.11%, 0, 0, 9, 926.91
1572306401, 0, 1557, 1843, 1397, 146, 5.11%, 0, 0, 9, 2207.98
1572306411, 0, 1560, 1847, 1400, 145, 5.11%, 0, 0, 9, 2030.00
1572306416, 0, 1560, 1851, 1404, 145, 5.13%, 0, 0, 9, 45.67
1572306421, 0, 1560, 1852, 1405, 145, 5.13%, 0, 0, 9, 116.38
1572306426, 0, 1560, 1853, 1406, 145, 5.13%, 0, 0, 9, 1869.70
1572306431, 0, 1560, 1857, 1410, 145, 5.14%, 0, 0, 9, 1488.15
1572306437, 0, 1560, 1860, 1413, 145, 5.14%, 0, 0, 9, 1173.10
1572306447, 0, 1561, 1861, 1413, 150, 5.14%, 0, 0, 9, 78.23
1572306452, 0, 1561, 1862, 1414, 150, 5.14%, 0, 0, 9, 27.62
1572306467, 0, 1562, 1865, 1416, 150, 5.14%, 0, 0, 9, 44.26
1572306483, 0, 1570, 1870, 1418, 149, 5.15%, 0, 0, 9, 2703.06
1572306488, 0, 1571, 1872, 1419, 153, 5.15%, 0, 0, 9, 2807.69
1572306493, 0, 1573, 1875, 1421, 154, 5.16%, 0, 0, 9, 2916.28
1572306498, 0, 1573, 1879, 1425, 154, 5.16%, 0, 0, 9, 2921.26
1572306503, 0, 1576, 1883, 1426, 155, 5.20%, 0, 0, 9, 2890.21
1572306508, 0, 1576, 1885, 1428, 155, 5.21%, 0, 0, 9, 2889.22
1572306513, 0, 1577, 1887, 1429, 159, 5.21%, 0, 0, 9, 2894.03
1572306519, 0, 1582, 1917, 1456, 157, 5.34%, 0, 0, 9, 2928.66
1572306524, 0, 1582, 1938, 1477, 157, 5.42%, 0, 0, 9, 2922.66
1572306529, 0, 1583, 1945, 1483, 197, 5.43%, 0, 0, 9, 1473.36
1572306544, 0, 1583, 1946, 1484, 197, 5.43%, 0, 0, 9, 1516.42
1572306549, 0, 1583, 1947, 1485, 197, 5.43%, 0, 0, 9, 1149.58
1572306564, 0, 1590, 1948, 1484, 197, 5.43%, 0, 0, 9, 1778.50
1572306585, 0, 1590, 1950, 1486, 197, 5.43%, 0, 0, 9, 1443.12
1572306590, 0, 1590, 1952, 1488, 197, 5.43%, 0, 0, 9, 1018.05
1572306595, 0, 1590, 1954, 1490, 197, 5.43%, 0, 0, 9, 1243.89
1572306600, 0, 1591, 1954, 1489, 202, 5.43%, 0, 0, 9, 1213.44
1572306610, 0, 1591, 1956, 1491, 202, 5.43%, 0, 0, 9, 1226.94
1572306625, 0, 1593, 1958, 1492, 201, 5.43%, 0, 0, 9, 43.99
1572306646, 0, 1593, 1959, 1493, 201, 5.43%, 0, 0, 9, 1618.13
1572306652, 0, 1596, 1959, 1492, 202, 5.43%, 0, 0, 9, 1414.25
1572306673, 0, 1597, 1959, 1491, 201, 5.43%, 0, 0, 9, 1617.51
1572306678, 0, 1597, 1960, 1492, 201, 5.43%, 0, 0, 9, 605.00
1572306688, 0, 1597, 1963, 1495, 201, 5.43%, 0, 0, 9, 1955.32
1572306693, 0, 1597, 1964, 1496, 201, 5.43%, 0, 0, 9, 1407.15
1572306698, 0, 1597, 1966, 1498, 201, 5.43%, 0, 0, 9, 1434.02
1572306703, 0, 1600, 1967, 1498, 201, 5.43%, 0, 0, 9, 2035.61
1572306724, 0, 1600, 1968, 1499, 201, 5.43%, 0, 0, 9, 1770.01
1572306729, 0, 1600, 1970, 1501, 201, 5.43%, 0, 0, 9, 1582.57
1572306735, 0, 1607, 1970, 1499, 200, 5.43%, 0, 0, 9, 379.42
1572306765, 0, 1607, 1971, 1500, 200, 5.43%, 0, 0, 9, 872.18
1572306770, 0, 1607, 1973, 1502, 200, 5.43%, 0, 0, 9, 1063.75
1572306775, 0, 1607, 1975, 1504, 200, 5.43%, 0, 0, 9, 1074.97
1572306786, 0, 1607, 1977, 1506, 200, 5.43%, 0, 0, 9, 1081.10
1572306791, 0, 1615, 1977, 1505, 201, 5.43%, 0, 0, 9, 975.10
1572306822, 0, 1615, 1979, 1507, 201, 5.43%, 0, 0, 9, 884.71
1572306832, 0, 1618, 1980, 1507, 201, 5.43%, 0, 0, 9, 1204.10
1572306847, 0, 1622, 1980, 1505, 200, 5.43%, 0, 0, 9, 743.96
1572306862, 0, 1622, 1982, 1507, 200, 5.44%, 0, 0, 9, 1828.44
1572306878, 0, 1623, 1982, 1506, 201, 5.44%, 0, 0, 9, 1333.24
1572306898, 0, 1624, 1982, 1505, 200, 5.44%, 0, 0, 9, 260.37
1572306919, 0, 1628, 1982, 1504, 199, 5.44%, 0, 0, 9, 2047.87
1572306940, 0, 1629, 1982, 1503, 198, 5.44%, 0, 0, 9, 1580.43
1572306965, 0, 1629, 1983, 1504, 198, 5.44%, 0, 0, 9, 767.12
1572306976, 0, 1631, 1983, 1503, 198, 5.44%, 0, 0, 9, 123.29
1572306981, 0, 1631, 1984, 1504, 198, 5.44%, 0, 0, 9, 41.67
1572307007, 0, 1638, 1984, 1503, 198, 5.44%, 0, 0, 9, 2122.02
1572307033, 0, 1638, 1986, 1505, 198, 5.44%, 0, 0, 9, 1273.49
1572307038, 0, 1638, 1991, 1510, 198, 5.44%, 0, 0, 9, 1278.38
1572307043, 0, 1645, 1992, 1510, 199, 5.44%, 0, 0, 9, 1228.57
1572307048, 0, 1645, 1993, 1511, 199, 5.44%, 0, 0, 9, 1355.94
1572307064, 0, 1645, 1994, 1512, 199, 5.44%, 0, 0, 9, 1711.75
1572307075, 0, 1647, 1994, 1510, 199, 5.44%, 0, 0, 9, 86.71
1572307085, 0, 1647, 1995, 1511, 199, 5.44%, 0, 0, 9, 1618.83
1572307090, 0, 1647, 1996, 1512, 199, 5.44%, 0, 0, 9, 1724.56
1572307095, 0, 1647, 1997, 1513, 199, 5.44%, 0, 0, 9, 1526.85
1572307101, 0, 1648, 1997, 1512, 199, 5.44%, 0, 0, 9, 2009.31
1572307111, 0, 1648, 1998, 1513, 199, 5.44%, 0, 0, 9, 157.69
1572307116, 0, 1648, 1999, 1514, 199, 5.44%, 0, 0, 9, 1822.94
1572307121, 0, 1648, 2001, 1516, 199, 5.44%, 0, 0, 9, 1895.17
1572307126, 0, 1653, 2003, 1516, 197, 5.44%, 0, 0, 9, 2560.82
1572307141, 0, 1653, 2006, 1519, 197, 5.44%, 0, 0, 9, 1713.37
1572307147, 0, 1653, 2007, 1520, 197, 5.44%, 0, 0, 9, 1454.32
1572307152, 0, 1653, 2008, 1521, 197, 5.45%, 0, 0, 9, 1467.81
1572307157, 0, 1655, 2008, 1520, 198, 5.45%, 0, 0, 9, 2585.12
1572307162, 0, 1655, 2009, 1521, 198, 5.46%, 0, 0, 9, 1621.69
1572307167, 0, 1655, 2010, 1522, 198, 5.46%, 0, 0, 9, 2284.64
1572307172, 0, 1655, 2011, 1523, 198, 5.46%, 0, 0, 9, 1694.71
1572307188, 0, 1659, 2012, 1520, 197, 5.47%, 0, 0, 9, 2176.26
1572307203, 0, 1668, 2012, 1519, 196, 5.47%, 0, 0, 9, 1782.36
1572307234, 0, 1668, 2014, 1521, 196, 5.47%, 0, 0, 9, 1449.65
1572307245, 0, 1668, 2015, 1522, 196, 5.47%, 0, 0, 9, 1188.59
1572307250, 0, 1671, 2016, 1521, 194, 5.47%, 0, 0, 9, 1055.35
1572307260, 0, 1671, 2017, 1522, 194, 5.47%, 0, 0, 9, 1595.56
1572307265, 0, 1671, 2018, 1523, 194, 5.47%, 0, 0, 9, 1683.78
1572307275, 0, 1675, 2019, 1523, 194, 5.47%, 0, 0, 9, 1615.64
1572307290, 0, 1675, 2021, 1525, 194, 5.47%, 0, 0, 9, 1681.15
1572307295, 0, 1675, 2022, 1526, 194, 5.47%, 0, 0, 9, 1547.10
1572307301, 0, 1681, 2022, 1525, 195, 5.47%, 0, 0, 9, 1106.48
1572307316, 0, 1681, 2024, 1527, 195, 5.47%, 0, 0, 9, 1282.68
1572307321, 0, 1681, 2025, 1528, 195, 5.47%, 0, 0, 9, 1294.97
1572307326, 0, 1684, 2029, 1531, 195, 5.47%, 0, 0, 9, 1169.03
1572307331, 0, 1686, 2030, 1531, 193, 5.47%, 0, 0, 9, 880.16
1572307346, 0, 1686, 2031, 1532, 193, 5.47%, 0, 0, 9, 91.72
1572307362, 0, 1686, 2032, 1533, 193, 5.47%, 0, 0, 9, 1062.54
1572307367, 0, 1687, 2032, 1532, 193, 5.47%, 0, 0, 9, 770.82
1572307397, 0, 1687, 2035, 1535, 193, 5.47%, 0, 0, 9, 905.14
1572307423, 0, 1688, 2035, 1534, 193, 5.47%, 0, 0, 9, 707.62
1572307448, 0, 1688, 2036, 1535, 193, 5.47%, 0, 0, 9, 898.62
1572307453, 0, 1697, 2036, 1527, 186, 5.47%, 0, 0, 9, 1865.47
1572307468, 0, 1697, 2039, 1530, 186, 5.47%, 0, 0, 9, 1441.81
1572307474, 0, 1697, 2041, 1532, 186, 5.47%, 0, 0, 9, 1417.36
1572307484, 0, 1698, 2041, 1531, 186, 5.47%, 0, 0, 9, 1343.04
1572307500, 0, 1704, 2041, 1527, 182, 5.47%, 0, 0, 9, 2032.63
1572307515, 0, 1704, 2042, 1528, 182, 5.47%, 0, 0, 9, 1942.57
1572307520, 0, 1704, 2043, 1529, 182, 5.47%, 0, 0, 9, 1579.64
1572307525, 0, 1705, 2043, 1528, 182, 5.47%, 0, 0, 9, 1631.91
1572307541, 0, 1705, 2044, 1529, 182, 5.47%, 0, 0, 9, 1929.96
1572307546, 0, 1707, 2044, 1528, 182, 5.47%, 0, 0, 9, 1464.91
1572307556, 0, 1708, 2044, 1527, 181, 5.47%, 0, 0, 9, 2045.86
1572307576, 0, 1713, 2045, 1527, 180, 5.47%, 0, 0, 9, 1582.97
1572307592, 0, 1719, 2045, 1526, 180, 5.47%, 0, 0, 9, 1761.06
1572307608, 0, 1720, 2045, 1525, 179, 5.47%, 0, 0, 9, 1843.08
1572307618, 0, 1720, 2046, 1526, 179, 5.47%, 0, 0, 9, 1859.48
1572307624, 0, 1726, 2046, 1525, 178, 5.47%, 0, 0, 9, 73.96
1572307639, 0, 1726, 2047, 1526, 178, 5.47%, 0, 0, 9, 1716.57
1572307649, 0, 1727, 2048, 1526, 177, 5.47%, 0, 0, 9, 827.75
1572307669, 0, 1727, 2049, 1527, 177, 5.47%, 0, 0, 9, 1326.76
1572307675, 0, 1727, 2050, 1528, 177, 5.47%, 0, 0, 9, 1316.29
1572307680, 0, 1727, 2051, 1529, 177, 5.47%, 0, 0, 9, 1201.37
1572307690, 0, 1728, 2051, 1528, 176, 5.47%, 0, 0, 9, 69.12
1572307705, 0, 1728, 2052, 1529, 176, 5.47%, 0, 0, 9, 1930.54
1572307710, 0, 1732, 2052, 1528, 175, 5.47%, 0, 0, 9, 1407.58
1572307731, 0, 1732, 2054, 1530, 175, 5.47%, 0, 0, 9, 1746.48
1572307741, 0, 1735, 2055, 1530, 177, 5.47%, 0, 0, 9, 1312.91
1572307762, 0, 1737, 2055, 1529, 176, 5.47%, 0, 0, 9, 1703.43
1572307777, 0, 1737, 2056, 1530, 176, 5.47%, 0, 0, 9, 1880.63
1572307783, 0, 1737, 2057, 1531, 176, 5.47%, 0, 0, 9, 1769.13
1572307788, 0, 1745, 2057, 1530, 176, 5.47%, 0, 0, 9, 203.95
1572307793, 0, 1745, 2058, 1531, 176, 5.47%, 0, 0, 9, 1344.60
1572307813, 0, 1745, 2073, 1546, 176, 5.47%, 0, 0, 9, 1232.64
1572307819, 0, 1745, 2079, 1552, 176, 5.47%, 0, 0, 9, 1092.85
1572307824, 0, 1745, 2081, 1554, 176, 5.47%, 0, 0, 9, 1022.72
1572307829, 0, 1747, 2083, 1555, 183, 5.47%, 0, 0, 9, 981.79
1572307849, 0, 1747, 2084, 1556, 183, 5.47%, 0, 0, 9, 1966.92
1572307860, 0, 1749, 2084, 1555, 183, 5.47%, 0, 0, 9, 76.92
1572307880, 0, 1751, 2084, 1554, 182, 5.47%, 0, 0, 9, 1540.57
1572307911, 0, 1751, 2086, 1556, 182, 5.47%, 0, 0, 9, 1086.87
1572307921, 0, 1751, 2087, 1557, 182, 5.47%, 0, 0, 9, 1017.35
1572307926, 0, 1751, 2088, 1558, 182, 5.47%, 0, 0, 9, 837.07
1572307931, 0, 1751, 2089, 1559, 182, 5.47%, 0, 0, 9, 794.76
1572307937, 0, 1752, 2090, 1559, 182, 5.47%, 0, 0, 9, 910.34
1572307962, 0, 1754, 2090, 1558, 181, 5.47%, 0, 0, 9, 1495.84
1572307983, 0, 1755, 2090, 1557, 180, 5.47%, 0, 0, 9, 760.64
1572308003, 0, 1755, 2091, 1558, 180, 5.47%, 0, 0, 9, 1385.06
1572308008, 0, 1760, 2092, 1557, 179, 5.47%, 0, 0, 9, 2270.15
1572308014, 0, 1764, 2094, 1558, 180, 5.47%, 0, 0, 9, 56.45
1572308029, 0, 1764, 2095, 1559, 180, 5.47%, 0, 0, 9, 1296.95
1572308039, 0, 1764, 2096, 1560, 180, 5.47%, 0, 0, 9, 1048.01
1572308045, 0, 1766, 2096, 1559, 180, 5.47%, 0, 0, 9, 294.12
1572308065, 0, 1767, 2096, 1558, 179, 5.47%, 0, 0, 9, 95.59
1572308080, 0, 1770, 2097, 1558, 179, 5.47%, 0, 0, 9, 1394.38
1572308085, 0, 1770, 2098, 1559, 179, 5.48%, 0, 0, 9, 1993.98
1572308096, 0, 1770, 2101, 1562, 179, 5.48%, 0, 0, 9, 1555.22
1572308116, 0, 1773, 2103, 1563, 178, 5.48%, 0, 0, 9, 1157.15
1572308141, 0, 1773, 2105, 1565, 178, 5.48%, 0, 0, 9, 1027.89
1572308152, 0, 1773, 2106, 1566, 178, 5.48%, 0, 0, 9, 1082.35
1572308167, 0, 1774, 2106, 1565, 177, 5.48%, 0, 0, 9, 70.80
1572308182, 0, 1776, 2107, 1564, 175, 5.48%, 0, 0, 9, 212.81
1572308208, 0, 1778, 2107, 1563, 175, 5.48%, 0, 0, 9, 876.00
1572308239, 0, 1784, 2108, 1563, 174, 5.48%, 0, 0, 9, 47.09
1572308260, 0, 1784, 2109, 1564, 174, 5.48%, 0, 0, 9, 1730.69
1572308265, 0, 1787, 2111, 1565, 174, 5.48%, 0, 0, 9, 198.02
1572308291, 0, 1788, 2111, 1564, 174, 5.48%, 0, 0, 9, 133.45
1572308307, 0, 1788, 2112, 1565, 174, 5.48%, 0, 0, 9, 1281.70
1572308312, 0, 1791, 2113, 1565, 174, 5.48%, 0, 0, 9, 1318.97
1572308363, 0, 1791, 2115, 1567, 174, 5.48%, 0, 0, 9, 1039.60
1572308373, 0, 1791, 2116, 1568, 174, 5.48%, 0, 0, 9, 1129.10
1572308378, 0, 1791, 2117, 1569, 174, 5.48%, 0, 0, 9, 1117.43
1572308383, 0, 1793, 2118, 1569, 172, 5.48%, 0, 0, 9, 920.53
1572308404, 0, 1793, 2119, 1570, 172, 5.48%, 0, 0, 9, 1890.00
1572308414, 0, 1793, 2122, 1573, 172, 5.48%, 0, 0, 9, 948.45
1572308434, 0, 1793, 2124, 1575, 172, 5.48%, 0, 0, 9, 1124.16
1572308439, 0, 1795, 2125, 1575, 173, 5.48%, 0, 0, 9, 957.87
1572308465, 0, 1796, 2126, 1575, 172, 5.48%, 0, 0, 9, 287.58
1572308486, 0, 1798, 2126, 1574, 172, 5.48%, 0, 0, 9, 1369.19
1572308506, 0, 1798, 2128, 1576, 172, 5.48%, 0, 0, 9, 1160.87
1572308516, 0, 1803, 2128, 1573, 170, 5.48%, 0, 0, 9, 1209.48
1572308527, 0, 1803, 2129, 1574, 170, 5.48%, 0, 0, 9, 2447.57
1572308542, 0, 1803, 2131, 1576, 170, 5.48%, 0, 0, 9, 1455.02
1572308547, 0, 1803, 2132, 1577, 170, 5.48%, 0, 0, 9, 1277.70
1572308552, 0, 1803, 2133, 1578, 170, 5.48%, 0, 0, 9, 1230.24
1572308557, 0, 1807, 2133, 1575, 168, 5.48%, 0, 0, 9, 1292.47
1572308562, 0, 1812, 2133, 1574, 167, 5.48%, 0, 0, 9, 2579.05
1572308568, 0, 1814, 2135, 1575, 166, 5.48%, 0, 0, 9, 2885.40
1572308573, 0, 1814, 2138, 1578, 166, 5.48%, 0, 0, 9, 2958.81
1572308578, 0, 1821, 2138, 1574, 162, 5.48%, 0, 0, 9, 3000.87
1572308583, 0, 1822, 2141, 1576, 161, 5.48%, 0, 0, 9, 2984.78
1572308588, 0, 1826, 2141, 1574, 162, 5.48%, 0, 0, 9, 2982.58
1572308593, 0, 1826, 2143, 1576, 162, 5.49%, 0, 0, 9, 3000.34
1572308598, 0, 1827, 2144, 1576, 162, 5.49%, 0, 0, 9, 3026.50
1572308603, 0, 1827, 2147, 1579, 162, 5.49%, 0, 0, 9, 2868.70
1572308608, 0, 1829, 2159, 1589, 162, 5.53%, 0, 0, 10, 2890.15
1572308614, 0, 1829, 2163, 1593, 162, 5.53%, 0, 0, 10, 2846.02
1572308619, 0, 1831, 2166, 1594, 176, 5.55%, 0, 0, 10, 2469.55
1572308624, 0, 1831, 2167, 1595, 176, 5.55%, 0, 0, 10, 40.25
1572308644, 0, 1832, 2167, 1594, 176, 5.55%, 0, 0, 10, 77.92
1572308665, 0, 1837, 2168, 1593, 174, 5.55%, 0, 0, 10, 338.07
1572308670, 0, 1837, 2169, 1594, 174, 5.55%, 0, 0, 10, 379.80
1572308685, 0, 1837, 2170, 1595, 174, 5.55%, 0, 0, 10, 1610.20
1572308696, 0, 1838, 2170, 1594, 174, 5.55%, 0, 0, 10, 398.87
1572308716, 0, 1838, 2171, 1595, 174, 5.55%, 0, 0, 10, 1480.65
1572308722, 0, 1842, 2171, 1594, 174, 5.55%, 0, 0, 10, 1631.07
1572308727, 0, 1842, 2172, 1595, 174, 5.55%, 0, 0, 10, 1486.70
1572308747, 0, 1842, 2176, 1599, 174, 5.55%, 0, 0, 10, 1419.87
1572308753, 0, 1842, 2177, 1600, 174, 5.55%, 0, 0, 10, 1235.74
1572308758, 0, 1842, 2178, 1601, 174, 5.55%, 0, 0, 10, 1104.48
1572308763, 0, 1842, 2180, 1603, 174, 5.55%, 0, 0, 10, 944.57
1572308768, 0, 1850, 2182, 1604, 176, 5.55%, 0, 0, 10, 1517.58
1572308773, 0, 1850, 2183, 1605, 176, 5.57%, 0, 0, 10, 35.40
1572308788, 0, 1850, 2185, 1607, 176, 5.57%, 0, 0, 10, 1814.97
1572308793, 0, 1850, 2187, 1609, 176, 5.57%, 0, 0, 10, 1440.54
1572308814, 0, 1854, 2189, 1609, 177, 5.57%, 0, 0, 10, 2100.00
1572308834, 0, 1854, 2190, 1610, 177, 5.57%, 0, 0, 10, 1595.04
1572308839, 0, 1858, 2190, 1609, 178, 5.57%, 0, 0, 10, 1393.90
1572308860, 0, 1858, 2191, 1610, 178, 5.57%, 0, 0, 10, 1348.58
1572308870, 0, 1861, 2194, 1612, 178, 5.58%, 0, 0, 10, 44.94
1572308891, 0, 1863, 2194, 1611, 179, 5.58%, 0, 0, 10, 44.98
1572308902, 0, 1863, 2195, 1612, 179, 5.58%, 0, 0, 10, 2362.55
1572308907, 0, 1869, 2195, 1608, 176, 5.58%, 0, 0, 10, 2395.72
1572308912, 0, 1871, 2195, 1607, 175, 5.58%, 0, 0, 10, 2833.59
1572308917, 0, 1871, 2199, 1611, 175, 5.58%, 0, 0, 10, 2914.34
1572308922, 0, 1871, 2200, 1612, 175, 5.58%, 0, 0, 10, 2862.42
1572308927, 0, 1879, 2200, 1610, 175, 5.58%, 0, 0, 10, 2932.12
1572308932, 0, 1883, 2200, 1606, 171, 5.58%, 0, 0, 10, 2828.60
1572308937, 0, 1883, 2203, 1609, 171, 5.58%, 0, 0, 10, 2834.80
1572308943, 0, 1884, 2207, 1612, 171, 5.59%, 0, 0, 10, 2877.02
1572308948, 0, 1884, 2213, 1618, 171, 5.61%, 0, 0, 10, 2835.38
1572308953, 0, 1885, 2214, 1618, 179, 5.61%, 0, 0, 10, 2935.04
1572308958, 0, 1885, 2216, 1620, 179, 5.61%, 0, 0, 10, 2875.72
1572308963, 0, 1887, 2220, 1622, 178, 5.62%, 0, 0, 10, 2829.51
1572308968, 0, 1887, 2225, 1627, 178, 5.62%, 0, 0, 10, 2797.43
1572308973, 0, 1890, 2230, 1630, 181, 5.62%, 0, 0, 10, 2832.64
1572308978, 0, 1919, 2234, 1619, 165, 5.63%, 0, 0, 10, 2873.72
1572308983, 0, 1919, 2235, 1620, 165, 5.63%, 0, 0, 10, 2868.36
1572308988, 0, 1924, 2243, 1625, 165, 5.65%, 0, 0, 10, 2811.21
1572308993, 0, 1924, 2249, 1631, 165, 5.65%, 0, 0, 10, 2759.18
1572308998, 0, 1932, 2254, 1631, 168, 5.66%, 0, 0, 10, 2877.39
1572309003, 0, 1933, 2255, 1631, 169, 5.66%, 0, 0, 10, 2959.99
1572309008, 0, 1936, 2256, 1629, 166, 5.66%, 0, 0, 10, 2886.92
1572309013, 0, 1937, 2256, 1628, 165, 5.66%, 0, 0, 10, 2861.71
1572309018, 0, 1939, 2256, 1627, 163, 5.66%, 0, 0, 10, 2827.44
1572309023, 0, 1939, 2258, 1629, 163, 5.66%, 0, 0, 10, 2789.95
1572309029, 0, 1939, 2261, 1632, 163, 5.66%, 0, 0, 10, 2806.78
1572309034, 0, 1943, 2261, 1630, 164, 5.66%, 0, 0, 10, 44.11
1572309049, 0, 1945, 2263, 1631, 163, 5.66%, 0, 0, 10, 226.15
1572309054, 0, 1945, 2264, 1632, 163, 5.66%, 0, 0, 10, 49.67
1572309064, 0, 1945, 2265, 1633, 163, 5.66%, 0, 0, 10, 2206.31
1572309069, 0, 1945, 2267, 1635, 163, 5.66%, 0, 0, 10, 1318.55
1572309085, 0, 1949, 2269, 1636, 165, 5.66%, 0, 0, 10, 1327.26
1572309105, 0, 1950, 2269, 1635, 165, 5.66%, 0, 0, 10, 339.09
1572309110, 0, 1950, 2270, 1636, 165, 5.66%, 0, 0, 10, 45.47
1572309152, 0, 1951, 2270, 1635, 165, 5.66%, 0, 0, 10, 1227.62
1572309183, 0, 1951, 2272, 1637, 165, 5.66%, 0, 0, 10, 1007.32
1572309188, 0, 1951, 2273, 1638, 165, 5.66%, 0, 0, 10, 860.02
1572309193, 0, 1951, 2274, 1639, 165, 5.66%, 0, 0, 10, 1016.08
1572309204, 0, 1953, 2274, 1638, 165, 5.66%, 0, 0, 10, 106.09
1572309219, 0, 1954, 2274, 1637, 164, 5.66%, 0, 0, 10, 320.39
1572309245, 0, 1956, 2275, 1637, 163, 5.66%, 0, 0, 10, 228.06
1572309266, 0, 1962, 2275, 1636, 162, 5.66%, 0, 0, 10, 1152.42
1572309281, 0, 1962, 2276, 1637, 162, 5.66%, 0, 0, 10, 1741.06
1572309286, 0, 1966, 2276, 1636, 162, 5.66%, 0, 0, 10, 1401.43
1572309306, 0, 1966, 2278, 1638, 162, 5.66%, 0, 0, 10, 1604.27
1572309316, 0, 1968, 2278, 1637, 162, 5.66%, 0, 0, 10, 1378.04
1572309342, 0, 1968, 2280, 1639, 162, 5.66%, 0, 0, 10, 1386.36
1572309352, 0, 1970, 2280, 1638, 163, 5.66%, 0, 0, 10, 1271.27
1572309383, 0, 1970, 2283, 1641, 163, 5.66%, 0, 0, 10, 1063.95
1572309388, 0, 1970, 2285, 1643, 163, 5.66%, 0, 0, 10, 1030.43
1572309393, 0, 1970, 2286, 1644, 163, 5.66%, 0, 0, 10, 1096.81
1572309398, 0, 1970, 2287, 1645, 163, 5.66%, 0, 0, 10, 1273.96
1572309408, 0, 1978, 2287, 1644, 165, 5.66%, 0, 0, 10, 714.43
1572309434, 0, 1980, 2288, 1644, 165, 5.66%, 0, 0, 10, 1744.79
1572309439, 0, 1981, 2289, 1644, 164, 5.66%, 0, 0, 10, 474.09
1572309459, 0, 1982, 2289, 1643, 164, 5.66%, 0, 0, 10, 1270.37
1572309485, 0, 1982, 2290, 1644, 164, 5.66%, 0, 0, 10, 1421.98
1572309490, 0, 1982, 2291, 1645, 164, 5.66%, 0, 0, 10, 1199.10
1572309500, 0, 1987, 2292, 1645, 164, 5.66%, 0, 0, 10, 2107.46
1572309537, 0, 1993, 2293, 1644, 162, 5.66%, 0, 0, 10, 234.02
1572309572, 0, 1994, 2293, 1643, 162, 5.66%, 0, 0, 10, 2547.25
1572309588, 0, 1999, 2293, 1642, 161, 5.66%, 0, 0, 10, 201.63
1572309603, 0, 1999, 2294, 1643, 161, 5.66%, 0, 0, 10, 1646.54
1572309608, 0, 2004, 2295, 1643, 161, 5.66%, 0, 0, 10, 44.70
1572309623, 0, 2004, 2296, 1644, 161, 5.66%, 0, 0, 10, 1497.30
1572309629, 0, 2007, 2296, 1643, 162, 5.66%, 0, 0, 10, 202.96
1572309634, 0, 2007, 2297, 1644, 162, 5.66%, 0, 0, 10, 1357.68
1572309644, 0, 2010, 2298, 1643, 161, 5.67%, 0, 0, 10, 2090.11
1572309660, 0, 2010, 2299, 1644, 161, 5.67%, 0, 0, 10, 2046.29
1572309665, 0, 2013, 2299, 1642, 160, 5.67%, 0, 0, 10, 1941.80
1572309690, 0, 2015, 2300, 1642, 159, 5.67%, 0, 0, 10, 1395.75
1572309711, 0, 2016, 2300, 1641, 159, 5.67%, 0, 0, 10, 1567.59
1572309726, 0, 2018, 2301, 1641, 159, 5.67%, 0, 0, 10, 1514.45
1572309741, 0, 2020, 2301, 1640, 158, 5.67%, 0, 0, 10, 1280.12
1572309767, 0, 2020, 2303, 1642, 158, 5.67%, 0, 0, 10, 1204.04
1572309772, 0, 2022, 2303, 1641, 159, 5.67%, 0, 0, 10, 1119.06
1572309793, 0, 2028, 2303, 1639, 157, 5.67%, 0, 0, 10, 1146.90
1572309798, 0, 2028, 2306, 1642, 157, 5.67%, 0, 0, 10, 1366.40
1572309824, 0, 2028, 2307, 1643, 157, 5.67%, 0, 0, 10, 1727.28
1572309829, 0, 2028, 2310, 1646, 157, 5.67%, 0, 0, 10, 1406.68
1572309834, 0, 2028, 2316, 1652, 157, 5.67%, 0, 0, 10, 1381.85
1572309844, 0, 2031, 2317, 1652, 160, 5.67%, 0, 0, 10, 1229.81
1572309849, 0, 2037, 2318, 1651, 159, 5.67%, 0, 0, 10, 1688.01
1572309864, 0, 2037, 2320, 1653, 159, 5.67%, 0, 0, 10, 1548.47
1572309875, 0, 2039, 2322, 1654, 159, 5.67%, 0, 0, 10, 1373.78
1572309880, 0, 2039, 2323, 1655, 159, 5.67%, 0, 0, 10, 1902.71
1572309895, 0, 2039, 2325, 1657, 159, 5.67%, 0, 0, 10, 1752.65
1572309900, 0, 2039, 2327, 1659, 159, 5.67%, 0, 0, 10, 1616.58
1572309905, 0, 2040, 2327, 1658, 159, 5.67%, 0, 0, 10, 1573.35
1572309920, 0, 2040, 2328, 1659, 159, 5.67%, 0, 0, 10, 2170.31
1572309925, 0, 2040, 2329, 1660, 159, 5.67%, 0, 0, 10, 1803.70
1572309931, 0, 2041, 2330, 1660, 159, 5.67%, 0, 0, 10, 1711.44
1572309961, 0, 2041, 2332, 1662, 159, 5.67%, 0, 0, 10, 968.87
1572309967, 0, 2041, 2335, 1665, 159, 5.67%, 0, 0, 10, 878.01
1572309972, 0, 2041, 2336, 1666, 159, 5.67%, 0, 0, 10, 845.80
1572309982, 0, 2046, 2336, 1664, 158, 5.67%, 0, 0, 10, 1371.71
1572310012, 0, 2050, 2336, 1663, 157, 5.67%, 0, 0, 10, 171.05
1572310038, 0, 2050, 2337, 1664, 157, 5.67%, 0, 0, 10, 1689.42
1572310043, 0, 2050, 2338, 1665, 157, 5.67%, 0, 0, 10, 1291.36
1572310048, 0, 2050, 2340, 1667, 157, 5.67%, 0, 0, 10, 1177.38
1572310064, 0, 2053, 2343, 1669, 158, 5.67%, 0, 0, 10, 41.86
1572310069, 0, 2053, 2344, 1670, 158, 5.67%, 0, 0, 10, 1948.42
1572310084, 0, 2053, 2346, 1672, 158, 5.67%, 0, 0, 10, 2022.54
1572310089, 0, 2053, 2348, 1674, 158, 5.67%, 0, 0, 10, 1138.00
1572310094, 0, 2053, 2350, 1676, 158, 5.67%, 0, 0, 10, 1111.31
1572310100, 0, 2053, 2351, 1677, 158, 5.67%, 0, 0, 10, 1229.87
1572310110, 0, 2055, 2351, 1676, 159, 5.67%, 0, 0, 10, 1558.30
1572310130, 0, 2057, 2351, 1675, 158, 5.67%, 0, 0, 10, 199.19
1572310156, 0, 2057, 2353, 1677, 158, 5.67%, 0, 0, 10, 769.22
1572310161, 0, 2057, 2354, 1678, 158, 5.67%, 0, 0, 10, 955.95
1572310166, 0, 2057, 2355, 1679, 158, 5.67%, 0, 0, 10, 1179.40
1572310171, 0, 2057, 2356, 1680, 158, 5.67%, 0, 0, 10, 1299.28
1572310176, 0, 2067, 2356, 1679, 155, 5.67%, 0, 0, 10, 1291.27
1572310207, 0, 2067, 2359, 1682, 155, 5.67%, 0, 0, 10, 1340.93
1572310212, 0, 2067, 2361, 1684, 155, 5.67%, 0, 0, 10, 1285.22
1572310228, 0, 2072, 2361, 1683, 155, 5.67%, 0, 0, 10, 313.19
1572310248, 0, 2072, 2363, 1685, 155, 5.67%, 0, 0, 10, 1321.73
1572310269, 0, 2079, 2363, 1684, 155, 5.67%, 0, 0, 10, 46.62
1572310299, 0, 2080, 2363, 1683, 154, 5.67%, 0, 0, 10, 2123.70
1572310320, 0, 2080, 2365, 1685, 154, 5.67%, 0, 0, 10, 1639.50
1572310325, 0, 2080, 2366, 1686, 154, 5.67%, 0, 0, 10, 1091.62
1572310340, 0, 2083, 2366, 1685, 155, 5.67%, 0, 0, 10, 46.46
1572310366, 0, 2083, 2367, 1686, 155, 5.67%, 0, 0, 10, 1796.00
1572310376, 0, 2086, 2367, 1685, 155, 5.67%, 0, 0, 10, 1328.29
1572310402, 0, 2086, 2368, 1686, 155, 5.67%, 0, 0, 10, 1339.89
1572310407, 0, 2086, 2369, 1687, 155, 5.67%, 0, 0, 10, 1222.69
1572310412, 0, 2092, 2369, 1685, 154, 5.67%, 0, 0, 10, 1980.71
1572310417, 0, 2096, 2369, 1683, 152, 5.67%, 0, 0, 10, 2154.67
1572310438, 0, 2096, 2371, 1685, 152, 5.67%, 0, 0, 10, 1238.70
1572310453, 0, 2097, 2372, 1685, 152, 5.67%, 0, 0, 10, 45.86
1572310474, 0, 2101, 2372, 1684, 152, 5.67%, 0, 0, 10, 1557.83
1572310494, 0, 2101, 2373, 1685, 152, 5.67%, 0, 0, 10, 1413.34
1572310499, 0, 2103, 2373, 1684, 152, 5.67%, 0, 0, 10, 1044.73
1572310525, 0, 2103, 2374, 1685, 152, 5.67%, 0, 0, 10, 1035.64
1572310530, 0, 2103, 2375, 1686, 152, 5.67%, 0, 0, 10, 1260.02
1572310535, 0, 2111, 2375, 1683, 150, 5.67%, 0, 0, 10, 1611.94
1572310560, 0, 2113, 2376, 1683, 149, 5.67%, 0, 0, 10, 1012.89
1572310631, 0, 2113, 2377, 1684, 149, 5.67%, 0, 0, 10, 978.92
1572310636, 0, 2115, 2377, 1683, 149, 5.67%, 0, 0, 10, 1265.93
1572310646, 0, 2115, 2378, 1684, 149, 5.67%, 0, 0, 10, 1865.38
1572310667, 0, 2115, 2379, 1685, 149, 5.67%, 0, 0, 10, 1821.77
1572310672, 0, 2115, 2380, 1686, 149, 5.67%, 0, 0, 10, 1694.13
1572310677, 0, 2115, 2381, 1687, 149, 5.67%, 0, 0, 10, 1308.89
1572310682, 0, 2115, 2382, 1688, 149, 5.67%, 0, 0, 10, 1384.94
1572310693, 0, 2118, 2382, 1687, 149, 5.67%, 0, 0, 10, 1973.05
1572310713, 0, 2118, 2383, 1688, 149, 5.67%, 0, 0, 10, 1508.08
1572310718, 0, 2118, 2384, 1689, 149, 5.67%, 0, 0, 10, 1346.96
1572310738, 0, 2126, 2385, 1688, 148, 5.67%, 0, 0, 10, 76.77
1572310759, 0, 2126, 2386, 1689, 148, 5.67%, 0, 0, 10, 1282.76
1572310769, 0, 2127, 2386, 1688, 148, 5.67%, 0, 0, 10, 42.78
1572310789, 0, 2127, 2387, 1689, 148, 5.67%, 0, 0, 10, 1121.87
1572310794, 0, 2128, 2388, 1689, 148, 5.67%, 0, 0, 10, 1880.65
1572310825, 0, 2128, 2389, 1690, 148, 5.67%, 0, 0, 10, 1233.12
1572310835, 0, 2135, 2390, 1690, 148, 5.67%, 0, 0, 10, 2329.49
1572310840, 0, 2135, 2392, 1692, 148, 5.67%, 0, 0, 10, 2748.09
1572310845, 0, 2138, 2393, 1692, 149, 5.67%, 0, 0, 10, 2791.46
1572310850, 0, 2142, 2394, 1690, 147, 5.67%, 0, 0, 10, 2808.82
1572310861, 0, 2142, 2397, 1693, 147, 5.68%, 0, 0, 10, 2892.32
1572310866, 0, 2145, 2397, 1692, 149, 5.68%, 0, 0, 10, 2977.95
1572310871, 0, 2146, 2398, 1692, 148, 5.69%, 0, 0, 10, 2889.78
1572310876, 0, 2162, 2398, 1680, 137, 5.69%, 0, 0, 10, 2922.59
1572310881, 0, 2162, 2404, 1686, 137, 5.69%, 0, 0, 11, 2943.67
1572310886, 0, 2162, 2408, 1690, 137, 5.70%, 0, 0, 11, 2910.35
1572310891, 0, 2163, 2411, 1692, 142, 5.71%, 0, 0, 11, 2881.19
1572310896, 0, 2165, 2412, 1691, 143, 5.71%, 0, 0, 11, 2882.88
1572310901, 0, 2169, 2412, 1689, 141, 5.71%, 0, 0, 11, 80.51
1572310932, 0, 2169, 2414, 1691, 141, 5.71%, 0, 0, 11, 1104.70
1572310942, 0, 2170, 2415, 1691, 142, 5.71%, 0, 0, 11, 1181.11
1572310968, 0, 2173, 2415, 1690, 141, 5.71%, 0, 0, 11, 440.97
1572310989, 0, 2177, 2415, 1689, 140, 5.71%, 0, 0, 11, 1292.59
1572311004, 0, 2177, 2416, 1690, 140, 5.71%, 0, 0, 11, 1384.99
1572311029, 0, 2177, 2422, 1696, 140, 5.71%, 0, 0, 11, 1044.78
1572311034, 0, 2177, 2423, 1697, 140, 5.71%, 0, 0, 11, 981.23
1572311050, 0, 2177, 2424, 1698, 140, 5.71%, 0, 0, 11, 1056.72
1572311055, 0, 2182, 2428, 1701, 142, 5.73%, 0, 0, 11, 46.39
1572311070, 0, 2182, 2431, 1704, 142, 5.73%, 0, 0, 11, 1720.12
1572311075, 0, 2182, 2432, 1705, 142, 5.73%, 0, 0, 11, 1410.66
1572311080, 0, 2182, 2433, 1706, 142, 5.73%, 0, 0, 11, 1316.28
1572311086, 0, 2183, 2434, 1706, 145, 5.73%, 0, 0, 11, 1174.68
1572311106, 0, 2186, 2435, 1706, 144, 5.73%, 0, 0, 11, 360.90
1572311111, 0, 2186, 2436, 1707, 144, 5.73%, 0, 0, 11, 42.13
1572311127, 0, 2186, 2437, 1708, 144, 5.73%, 0, 0, 11, 1524.47
1572311132, 0, 2186, 2437, 1708, 144, 5.73%, 1, 0, 11, 1062.64
1572311137, 0, 2189, 2438, 1707, 144, 5.73%, 1, 0, 11, 46.88
1572311158, 0, 2189, 2439, 1708, 144, 5.73%, 1, 0, 11, 1303.71
1572311168, 0, 2192, 2439, 1707, 145, 5.73%, 1, 0, 11, 156.25
1572311173, 0, 2192, 2440, 1708, 145, 5.73%, 1, 0, 11, 2631.84
1572311193, 0, 2193, 2442, 1709, 144, 5.73%, 1, 0, 11, 75.90
1572311209, 0, 2194, 2443, 1709, 144, 5.73%, 1, 0, 11, 61.35
1572311219, 0, 2197, 2443, 1707, 143, 5.73%, 1, 0, 11, 2367.85
1572311224, 0, 2198, 2446, 1709, 142, 5.73%, 1, 0, 11, 2787.06
1572311229, 0, 2202, 2448, 1710, 143, 5.74%, 1, 0, 11, 2848.47
1572311235, 0, 2213, 2451, 1708, 139, 5.74%, 1, 0, 11, 2897.26
1572311240, 0, 2213, 2456, 1713, 139, 5.74%, 1, 0, 11, 2925.54
1572311245, 0, 2224, 2459, 1711, 138, 5.74%, 1, 0, 11, 2835.97
1572311250, 0, 2225, 2461, 1712, 137, 5.74%, 1, 0, 11, 2770.30
1572311255, 0, 2226, 2461, 1711, 136, 5.74%, 1, 0, 11, 2744.36
1572311260, 0, 2232, 2461, 1707, 132, 5.74%, 1, 0, 11, 2826.24
1572311270, 0, 2233, 2462, 1707, 131, 5.74%, 1, 0, 11, 2870.87
1572311275, 0, 2234, 2462, 1706, 130, 5.74%, 1, 0, 11, 2904.17
1572311280, 0, 2240, 2463, 1703, 126, 5.74%, 1, 0, 11, 2883.58
1572311285, 0, 2240, 2467, 1707, 126, 5.74%, 1, 0, 11, 2862.50
1572311290, 0, 2247, 2468, 1706, 126, 5.74%, 1, 0, 11, 2769.96
1572311295, 0, 2248, 2469, 1706, 126, 5.74%, 1, 0, 11, 2881.38
1572311301, 0, 2250, 2471, 1706, 125, 5.75%, 1, 0, 11, 2932.57
1572311306, 0, 2250, 2473, 1708, 125, 5.75%, 1, 0, 11, 2852.20
1572311311, 0, 2254, 2477, 1709, 123, 5.75%, 1, 0, 11, 2938.13
1572311316, 0, 2260, 2478, 1708, 123, 5.75%, 1, 0, 11, 2936.62
1572311321, 0, 2260, 2480, 1710, 123, 5.75%, 1, 0, 11, 2913.91
1572311326, 0, 2264, 2482, 1710, 124, 5.75%, 1, 0, 11, 451.97
1572311352, 0, 2265, 2482, 1709, 124, 5.75%, 1, 0, 11, 94.40
1572311367, 0, 2266, 2484, 1710, 123, 5.75%, 1, 0, 11, 520.00
1572311388, 0, 2269, 2484, 1709, 122, 5.75%, 1, 0, 11, 491.46
1572311434, 0, 2271, 2484, 1708, 121, 5.75%, 1, 0, 11, 1233.21
1572311470, 0, 2275, 2484, 1707, 120, 5.75%, 1, 0, 11, 1319.51
1572311500, 0, 2275, 2485, 1708, 120, 5.75%, 1, 0, 11, 1090.34
1572311505, 0, 2276, 2485, 1707, 120, 5.75%, 1, 0, 11, 1235.20
1572311531, 0, 2283, 2486, 1706, 119, 5.75%, 1, 0, 11, 473.09
1572311566, 0, 2283, 2488, 1708, 119, 5.75%, 1, 0, 11, 1171.97
1572311571, 0, 2283, 2490, 1710, 119, 5.76%, 1, 0, 11, 1024.35
1572311582, 0, 2283, 2491, 1711, 119, 5.76%, 1, 0, 11, 1266.00
1572311587, 0, 2286, 2491, 1710, 119, 5.76%, 1, 0, 11, 78.88
1572311612, 0, 2286, 2492, 1711, 119, 5.76%, 1, 0, 11, 979.56
1572311618, 0, 2287, 2492, 1710, 119, 5.76%, 1, 0, 11, 862.49
1572311658, 0, 2289, 2492, 1708, 117, 5.76%, 1, 0, 11, 958.74
1572311663, 0, 2289, 2493, 1709, 117, 5.76%, 1, 0, 11, 43.37
1572311690, 0, 2289, 2494, 1710, 117, 5.76%, 1, 0, 11, 1242.56
1572311695, 0, 2289, 2495, 1711, 117, 5.76%, 1, 0, 11, 931.31
1572311706, 0, 2289, 2496, 1712, 117, 5.76%, 1, 0, 11, 1058.98
1572311711, 0, 2291, 2496, 1711, 117, 5.76%, 1, 0, 11, 77.61
1572311731, 0, 2291, 2497, 1712, 117, 5.76%, 1, 0, 11, 1466.50
1572311736, 0, 2295, 2497, 1709, 115, 5.76%, 1, 0, 11, 2230.00
1572311752, 0, 2295, 2498, 1710, 115, 5.76%, 1, 0, 11, 2091.32
1572311762, 0, 2296, 2498, 1709, 115, 5.76%, 1, 0, 11, 1590.90
1572311777, 0, 2299, 2498, 1707, 113, 5.76%, 1, 0, 11, 1611.25
1572311792, 0, 2299, 2499, 1708, 113, 5.76%, 1, 0, 11, 1693.00
1572311803, 0, 2300, 2500, 1708, 113, 5.76%, 1, 0, 11, 1338.51
1572311828, 0, 2300, 2501, 1709, 113, 5.76%, 1, 0, 11, 1192.38
1572311833, 0, 2300, 2502, 1710, 113, 5.76%, 1, 0, 11, 926.69
1572311838, 0, 2301, 2503, 1710, 114, 5.76%, 1, 0, 11, 1149.39
1572311864, 0, 2301, 2505, 1712, 114, 5.76%, 1, 0, 11, 1086.91
1572311875, 0, 2302, 2505, 1711, 114, 5.76%, 1, 0, 11, 1333.41
1572311880, 0, 2302, 2506, 1712, 114, 5.76%, 1, 0, 11, 1230.61
1572311900, 0, 2302, 2509, 1715, 114, 5.76%, 1, 0, 11, 1114.48
1572311905, 0, 2302, 2513, 1719, 114, 5.76%, 1, 0, 11, 920.09
1572311910, 0, 2302, 2517, 1723, 114, 5.76%, 1, 0, 11, 791.61
1572311915, 0, 2302, 2521, 1727, 114, 5.76%, 1, 0, 11, 951.29
1572311921, 0, 2302, 2523, 1729, 114, 5.76%, 1, 0, 11, 1063.75
1572311926, 0, 2310, 2524, 1728, 113, 5.76%, 1, 0, 11, 1372.73
1572311961, 0, 2316, 2524, 1727, 112, 5.76%, 1, 0, 11, 1519.63
1572311972, 0, 2316, 2525, 1728, 112, 5.76%, 1, 0, 11, 28.07
1572311987, 0, 2316, 2526, 1729, 112, 5.76%, 1, 0, 11, 1707.96
1572311992, 0, 2317, 2526, 1728, 113, 5.76%, 1, 0, 11, 1554.86
1572311998, 0, 2318, 2527, 1728, 113, 5.76%, 1, 0, 11, 1254.12
1572312008, 0, 2318, 2528, 1729, 113, 5.76%, 1, 0, 11, 2349.41
1572312018, 0, 2327, 2528, 1727, 112, 5.76%, 1, 0, 11, 1781.26
1572312033, 0, 2333, 2528, 1726, 111, 5.76%, 1, 0, 11, 1446.13
1572312038, 0, 2333, 2529, 1727, 111, 5.80%, 1, 0, 11, 120.50
1572312074, 0, 2333, 2531, 1729, 111, 5.80%, 1, 0, 11, 1199.60
1572312089, 0, 2336, 2531, 1728, 111, 5.80%, 1, 0, 11, 1010.53
1572312119, 0, 2336, 2534, 1731, 111, 5.80%, 1, 0, 11, 737.78
1572312129, 0, 2336, 2535, 1732, 111, 5.80%, 1, 0, 11, 1131.92
1572312140, 0, 2344, 2537, 1733, 114, 5.80%, 1, 0, 11, 1245.23
1572312171, 0, 2346, 2537, 1732, 113, 5.80%, 1, 0, 11, 1888.67
1572312201, 0, 2348, 2537, 1731, 112, 5.80%, 1, 0, 11, 1083.27
1572312238, 0, 2352, 2537, 1730, 112, 5.80%, 1, 0, 11, 76.14
1572312258, 0, 2353, 2537, 1729, 111, 5.80%, 1, 0, 11, 500.00
1572312284, 0, 2357, 2537, 1728, 110, 5.80%, 1, 0, 11, 1630.00
1572312314, 0, 2357, 2540, 1731, 110, 5.80%, 1, 0, 11, 1306.68
1572312324, 0, 2357, 2541, 1732, 110, 5.80%, 1, 0, 11, 1121.89
1572312329, 0, 2361, 2541, 1731, 111, 5.80%, 1, 0, 11, 154.96
1572312360, 0, 2361, 2542, 1732, 111, 5.80%, 1, 0, 11, 1162.43
1572312365, 0, 2365, 2542, 1731, 111, 5.80%, 1, 0, 11, 1159.74
1572312391, 0, 2366, 2542, 1730, 110, 5.80%, 1, 0, 11, 1929.73
1572312427, 0, 2367, 2542, 1729, 109, 5.80%, 1, 0, 11, 181.37
1572312458, 0, 2369, 2542, 1728, 108, 5.80%, 1, 0, 11, 1160.00
1572312478, 0, 2371, 2542, 1727, 107, 5.80%, 1, 0, 11, 132.16
1572312499, 0, 2371, 2543, 1728, 107, 5.80%, 1, 0, 11, 1001.55
1572312504, 0, 2371, 2544, 1729, 107, 5.80%, 1, 0, 11, 987.97
1572312509, 0, 2372, 2545, 1729, 107, 5.80%, 1, 0, 11, 1234.98
1572312550, 0, 2374, 2545, 1728, 107, 5.80%, 1, 0, 11, 1217.66
1572312570, 0, 2374, 2546, 1729, 107, 5.80%, 1, 0, 11, 554.13
1572312580, 0, 2375, 2546, 1728, 109, 5.80%, 1, 0, 11, 432.75
1572312667, 0, 2375, 2549, 1731, 109, 5.80%, 1, 0, 11, 929.97
1572312672, 0, 2375, 2554, 1736, 109, 5.80%, 1, 0, 11, 871.82
1572312677, 0, 2375, 2555, 1737, 109, 5.80%, 1, 0, 11, 899.91
1572312687, 0, 2379, 2557, 1738, 114, 5.80%, 1, 0, 11, 1094.58
1572312693, 0, 2379, 2558, 1739, 114, 5.81%, 1, 0, 11, 2074.42
1572312718, 0, 2379, 2559, 1740, 114, 5.81%, 1, 0, 11, 1944.38
1572312723, 0, 2379, 2561, 1742, 114, 5.81%, 1, 0, 11, 1409.71
1572312743, 0, 2382, 2561, 1741, 115, 5.81%, 1, 0, 11, 1614.71
1572312764, 0, 2382, 2562, 1742, 115, 5.81%, 1, 0, 11, 1436.41
1572312779, 0, 2383, 2564, 1743, 115, 5.81%, 1, 0, 11, 219.74
1572312805, 0, 2383, 2569, 1748, 115, 5.81%, 1, 0, 11, 1320.04
1572312810, 0, 2383, 2570, 1749, 115, 5.81%, 1, 0, 11, 1281.21
1572312815, 0, 2383, 2571, 1750, 115, 5.81%, 1, 0, 11, 921.83
1572312820, 0, 2383, 2572, 1751, 115, 5.81%, 1, 0, 11, 896.25
1572312825, 0, 2383, 2574, 1753, 115, 5.81%, 1, 0, 11, 841.09
1572312830, 0, 2385, 2574, 1752, 117, 5.81%, 1, 0, 11, 780.92
1572312836, 0, 2386, 2574, 1751, 116, 5.81%, 1, 0, 11, 213.74
1572312861, 0, 2387, 2574, 1750, 115, 5.81%, 1, 0, 11, 246.03
1572312897, 0, 2390, 2574, 1748, 113, 5.81%, 1, 0, 11, 2197.09
1572312903, 0, 2390, 2576, 1750, 113, 5.81%, 1, 0, 11, 2727.18
1572312908, 0, 2392, 2576, 1749, 112, 5.81%, 1, 0, 11, 2774.41
1572312913, 0, 2394, 2576, 1748, 111, 5.81%, 1, 0, 11, 2771.62
1572312923, 0, 2394, 2579, 1751, 111, 5.81%, 1, 0, 11, 2917.50
1572312928, 0, 2396, 2579, 1749, 111, 5.81%, 1, 0, 11, 2860.91
1572312938, 0, 2397, 2579, 1748, 109, 5.81%, 1, 0, 11, 2910.08
1572312943, 0, 2409, 2579, 1740, 101, 5.81%, 1, 0, 11, 2910.19
1572312948, 0, 2414, 2580, 1738, 98, 5.81%, 1, 0, 12, 2026.89
1572312989, 0, 2414, 2581, 1739, 98, 5.81%, 1, 0, 12, 1255.81
1572312994, 0, 2419, 2581, 1737, 97, 5.81%, 1, 0, 12, 194.31
1572313025, 0, 2419, 2584, 1740, 97, 5.81%, 1, 0, 12, 1212.43
1572313041, 0, 2421, 2584, 1739, 97, 5.81%, 1, 0, 12, 957.03
1572313046, 0, 2421, 2586, 1741, 97, 5.81%, 1, 0, 12, 43.09
1572313087, 0, 2421, 2588, 1743, 97, 5.81%, 1, 0, 12, 1239.38
1572313097, 0, 2421, 2590, 1745, 97, 5.81%, 1, 0, 12, 915.48
1572313107, 0, 2428, 2591, 1744, 99, 5.81%, 1, 0, 12, 186.60
1572313133, 0, 2429, 2591, 1743, 98, 5.81%, 1, 0, 12, 44.96
1572313143, 0, 2429, 2591, 1743, 98, 5.81%, 2, 0, 12, 1812.98
1572313148, 0, 2430, 2592, 1743, 97, 5.81%, 2, 0, 12, 1874.23
1572313169, 0, 2433, 2592, 1741, 95, 5.81%, 2, 0, 12, 131.63
1572313190, 0, 2433, 2593, 1742, 95, 5.81%, 2, 0, 12, 1629.44
1572313195, 0, 2434, 2593, 1741, 95, 5.81%, 2, 0, 12, 1102.02
1572313200, 0, 2434, 2594, 1742, 95, 5.81%, 2, 0, 12, 37.24
1572313221, 0, 2438, 2594, 1739, 93, 5.81%, 2, 0, 12, 289.16
1572313246, 0, 2442, 2594, 1737, 91, 5.81%, 2, 0, 12, 1119.74
1572313252, 0, 2442, 2596, 1739, 91, 5.81%, 2, 0, 12, 27.75
1572313262, 0, 2445, 2596, 1737, 93, 5.81%, 2, 0, 12, 2007.76
1572313267, 0, 2445, 2597, 1738, 93, 5.81%, 2, 0, 12, 2686.49
1572313272, 0, 2447, 2599, 1738, 92, 5.81%, 2, 0, 12, 2779.95
1572313277, 0, 2450, 2602, 1739, 92, 5.81%, 2, 0, 12, 2768.42
1572313282, 0, 2452, 2602, 1738, 92, 5.81%, 2, 0, 12, 2876.67
1572313287, 0, 2452, 2606, 1742, 92, 5.81%, 2, 0, 12, 2919.81
1572313292, 0, 2456, 2607, 1742, 93, 5.81%, 2, 0, 12, 2928.65
1572313297, 0, 2460, 2608, 1741, 93, 5.81%, 2, 0, 12, 2858.49
1572313303, 0, 2467, 2610, 1741, 92, 5.81%, 2, 0, 12, 2854.35
1572313308, 0, 2467, 2612, 1743, 92, 5.81%, 2, 0, 12, 2906.93
1572313313, 0, 2468, 2613, 1743, 93, 5.81%, 2, 0, 12, 2842.83
1572313318, 0, 2471, 2619, 1747, 91, 5.81%, 2, 0, 12, 2858.70
1572313323, 0, 2471, 2624, 1752, 91, 5.81%, 2, 0, 12, 2867.44
1572313328, 0, 2471, 2626, 1754, 91, 5.81%, 2, 0, 12, 2726.85
1572313333, 0, 2472, 2626, 1753, 95, 5.81%, 2, 0, 12, 2767.40
1572313338, 0, 2473, 2628, 1754, 94, 5.81%, 2, 0, 12, 2782.68
1572313343, 0, 2474, 2630, 1755, 92, 5.81%, 2, 0, 12, 2831.52
1572313348, 0, 2475, 2630, 1754, 90, 5.81%, 2, 0, 12, 2901.17
1572313353, 0, 2478, 2630, 1752, 88, 5.81%, 2, 0, 12, 2840.58
1572313363, 0, 2480, 2630, 1751, 87, 5.81%, 2, 0, 12, 43.20
1572313385, 0, 2482, 2630, 1749, 85, 5.81%, 2, 0, 12, 77.74
1572313411, 0, 2485, 2630, 1748, 84, 5.81%, 2, 0, 12, 1284.07
1572313441, 0, 2485, 2633, 1751, 84, 5.81%, 2, 0, 12, 1387.34
1572313461, 0, 2488, 2635, 1752, 84, 5.82%, 2, 0, 12, 934.23
1572313502, 0, 2488, 2638, 1755, 84, 5.82%, 2, 0, 12, 1089.54
1572313512, 0, 2488, 2639, 1756, 84, 5.82%, 2, 0, 12, 1210.94
1572313518, 0, 2492, 2640, 1755, 84, 5.82%, 2, 0, 12, 235.85
1572313548, 0, 2496, 2640, 1754, 83, 5.82%, 2, 0, 12, 1933.09
1572313585, 0, 2497, 2640, 1753, 82, 5.82%, 2, 0, 12, 1371.74
1572313611, 0, 2498, 2640, 1752, 81, 5.82%, 2, 0, 12, 335.00
1572313638, 0, 2503, 2642, 1752, 79, 5.82%, 2, 0, 12, 1180.46
1572313644, 0, 2521, 2647, 1755, 80, 5.82%, 2, 0, 12, 1152.12
1572313649, 0, 2525, 2648, 1754, 78, 5.82%, 2, 0, 12, 1254.70
1572313654, 0, 2525, 2649, 1755, 78, 5.82%, 2, 0, 12, 201.58
1572313689, 0, 2525, 2652, 1758, 78, 5.82%, 2, 0, 12, 1228.77
1572313705, 0, 2527, 2652, 1756, 77, 5.82%, 2, 0, 12, 1141.73
1572313720, 0, 2527, 2653, 1757, 77, 5.82%, 2, 0, 12, 2092.27
1572313725, 0, 2528, 2658, 1761, 76, 5.85%, 2, 0, 12, 799.70
1572313730, 0, 2528, 2659, 1762, 76, 5.85%, 2, 0, 12, 977.92
1572313761, 0, 2528, 2666, 1769, 76, 5.85%, 2, 0, 12, 1265.57
1572313766, 0, 2528, 2668, 1771, 76, 5.85%, 2, 0, 12, 1167.16
1572313771, 0, 2528, 2669, 1772, 76, 5.85%, 2, 0, 12, 912.80
1572313776, 0, 2532, 2670, 1772, 81, 5.85%, 2, 0, 12, 138.51
1572313807, 0, 2532, 2672, 1774, 81, 5.85%, 2, 0, 12, 1388.63
1572313812, 0, 2532, 2673, 1775, 81, 5.85%, 2, 0, 12, 1080.86
1572313817, 0, 2532, 2674, 1776, 81, 5.85%, 2, 0, 12, 1106.45
1572313822, 0, 2533, 2674, 1775, 82, 5.85%, 2, 0, 12, 1323.07
1572313858, 0, 2533, 2675, 1776, 82, 5.85%, 2, 0, 12, 1335.83
1572313863, 0, 2533, 2676, 1777, 82, 5.85%, 2, 0, 12, 1228.68
1572313878, 0, 2533, 2677, 1778, 82, 5.85%, 2, 0, 12, 872.00
1572313888, 0, 2537, 2677, 1777, 82, 5.85%, 2, 0, 12, 139.75
1572313919, 0, 2537, 2678, 1778, 82, 5.85%, 2, 0, 12, 1532.36
1572313935, 0, 2540, 2678, 1777, 83, 5.85%, 2, 0, 12, 290.50
1572313960, 0, 2540, 2679, 1778, 83, 5.85%, 2, 0, 12, 1410.74
1572313965, 0, 2540, 2680, 1779, 83, 5.85%, 2, 0, 12, 1150.17
1572313970, 0, 2541, 2680, 1778, 83, 5.85%, 2, 0, 12, 1229.72
1572314008, 0, 2541, 2682, 1780, 83, 5.85%, 2, 0, 12, 1573.10
1572314013, 0, 2541, 2683, 1781, 83, 5.85%, 2, 0, 12, 1199.37
1572314038, 0, 2544, 2684, 1780, 83, 5.85%, 2, 0, 12, 199.36
1572314053, 0, 2544, 2685, 1781, 83, 5.85%, 2, 0, 12, 1030.26
1572314089, 0, 2546, 2685, 1779, 82, 5.85%, 2, 0, 12, 1023.18
1572314176, 0, 2546, 2687, 1781, 82, 5.85%, 2, 0, 12, 779.76
1572314186, 0, 2546, 2688, 1782, 82, 5.85%, 2, 0, 12, 762.48
1572314196, 0, 2547, 2689, 1782, 82, 5.85%, 2, 0, 12, 740.99
1572314202, 0, 2547, 2693, 1786, 82, 5.85%, 2, 0, 12, 470.68
1572314207, 0, 2547, 2697, 1790, 82, 5.85%, 2, 0, 12, 406.91
1572314212, 0, 2548, 2698, 1790, 82, 5.85%, 2, 0, 12, 651.00
1572314299, 0, 2551, 2698, 1789, 81, 5.85%, 2, 0, 12, 846.89
1572314406, 0, 2551, 2700, 1791, 81, 5.85%, 2, 0, 12, 728.37
1572314416, 0, 2551, 2701, 1792, 81, 5.86%, 2, 0, 12, 739.35
1572314426, 0, 2556, 2702, 1792, 82, 5.87%, 2, 0, 12, 831.05
1572314539, 0, 2556, 2703, 1793, 82, 5.87%, 2, 0, 12, 765.65
1572314544, 0, 2556, 2704, 1794, 82, 5.87%, 2, 0, 12, 703.40
1572314549, 0, 2556, 2705, 1795, 82, 5.87%, 2, 0, 12, 768.10
1572314554, 0, 2556, 2706, 1796, 82, 5.87%, 2, 0, 12, 682.80
1572314564, 0, 2558, 2707, 1796, 81, 5.87%, 2, 0, 12, 1032.40
1572314615, 0, 2558, 2711, 1800, 81, 5.87%, 2, 0, 12, 1216.71
1572314630, 0, 2561, 2711, 1799, 81, 5.87%, 2, 0, 12, 989.39
1572314657, 0, 2561, 2712, 1800, 81, 5.87%, 2, 0, 12, 1343.40
1572314672, 0, 2561, 2713, 1801, 81, 5.87%, 2, 0, 12, 942.54
1572314682, 0, 2564, 2713, 1800, 81, 5.87%, 2, 0, 12, 1156.59
1572314712, 0, 2564, 2715, 1802, 81, 5.87%, 2, 0, 12, 1324.18
1572314717, 0, 2564, 2716, 1803, 81, 5.87%, 2, 0, 12, 940.44
1572314743, 0, 2572, 2716, 1802, 81, 5.87%, 2, 0, 12, 1610.34
1572314764, 0, 2572, 2717, 1803, 81, 5.88%, 2, 0, 12, 27.75
1572314784, 0, 2572, 2720, 1806, 81, 5.88%, 2, 0, 12, 1560.90
1572314789, 0, 2572, 2721, 1807, 81, 5.88%, 2, 0, 12, 1092.25
1572314794, 0, 2572, 2722, 1808, 81, 5.88%, 2, 0, 12, 1100.02
1572314800, 0, 2572, 2725, 1811, 81, 5.88%, 2, 0, 12, 1076.61
1572314805, 0, 2575, 2725, 1810, 82, 5.88%, 2, 0, 12, 2262.66
1572314810, 0, 2575, 2728, 1813, 82, 5.88%, 2, 0, 12, 2740.21
1572314815, 0, 2580, 2729, 1812, 82, 5.88%, 2, 0, 12, 507.01
1572314861, 0, 2583, 2729, 1811, 81, 5.88%, 2, 0, 12, 1366.44
1572314897, 0, 2583, 2730, 1812, 81, 5.88%, 2, 0, 13, 1225.42
1572314907, 0, 2584, 2730, 1811, 81, 5.88%, 2, 0, 13, 1302.66
1572314933, 0, 2584, 2731, 1812, 81, 5.88%, 2, 0, 13, 27.40
1572314953, 0, 2584, 2734, 1815, 81, 5.88%, 2, 0, 13, 827.64
1572314973, 0, 2587, 2734, 1813, 82, 5.88%, 2, 0, 13, 210.00
1572315020, 0, 2587, 2735, 1814, 82, 5.88%, 2, 0, 13, 1036.37
1572315025, 0, 2588, 2735, 1813, 82, 5.88%, 2, 0, 13, 1374.11
1572315071, 0, 2588, 2737, 1815, 82, 5.88%, 2, 0, 13, 963.05
1572315091, 0, 2592, 2737, 1813, 81, 5.88%, 2, 0, 13, 1009.56
1572315097, 0, 2592, 2738, 1814, 81, 5.88%, 2, 0, 13, 267.63
1572315112, 0, 2593, 2738, 1813, 81, 5.88%, 2, 0, 13, 1181.99
1572315133, 0, 2593, 2740, 1815, 81, 5.88%, 3, 0, 13, 1568.88
1572315138, 0, 2593, 2742, 1817, 81, 5.88%, 3, 0, 13, 1226.96
1572315148, 0, 2599, 2744, 1815, 79, 5.88%, 3, 0, 13, 2283.53
1572315153, 0, 2600, 2748, 1818, 79, 5.88%, 3, 0, 13, 2633.82
1572315163, 0, 2601, 2749, 1818, 80, 5.88%, 3, 0, 13, 2626.57
1572315168, 0, 2601, 2750, 1819, 80, 5.89%, 3, 0, 13, 2743.83
1572315173, 0, 2603, 2751, 1819, 79, 5.89%, 3, 0, 13, 2720.65
1572315184, 0, 2605, 2752, 1818, 77, 5.89%, 3, 0, 13, 2838.64
1572315189, 0, 2615, 2754, 1815, 76, 5.89%, 3, 0, 13, 2804.97
1572315194, 0, 2625, 2754, 1814, 75, 5.89%, 3, 0, 13, 2795.07
1572315199, 0, 2627, 2756, 1815, 74, 5.89%, 3, 0, 13, 2718.29
1572315204, 0, 2627, 2757, 1816, 74, 5.89%, 3, 0, 13, 2766.81
1572315209, 0, 2627, 2758, 1817, 74, 5.89%, 3, 0, 13, 2746.16
1572315214, 0, 2630, 2758, 1815, 77, 5.89%, 3, 0, 13, 1178.99
1572315255, 0, 2630, 2760, 1817, 77, 5.89%, 3, 0, 13, 1199.69
1572315265, 0, 2635, 2760, 1816, 78, 5.89%, 3, 0, 13, 1480.00
1572315301, 0, 2635, 2763, 1819, 78, 5.89%, 3, 0, 13, 1137.76
1572315321, 0, 2645, 2764, 1815, 75, 5.89%, 3, 0, 13, 950.69
1572315326, 0, 2647, 2767, 1816, 74, 5.89%, 3, 0, 13, 1001.48
1572315331, 0, 2648, 2768, 1816, 73, 5.89%, 3, 0, 13, 1267.14
1572315372, 0, 2648, 2769, 1817, 73, 5.89%, 3, 0, 13, 1242.40
1572315377, 0, 2649, 2769, 1816, 74, 5.89%, 3, 0, 13, 1115.78
1572315424, 0, 2652, 2769, 1815, 73, 5.89%, 3, 0, 13, 1353.03
1572315450, 0, 2652, 2770, 1816, 73, 5.89%, 3, 0, 13, 1590.33
1572315455, 0, 2652, 2773, 1819, 73, 5.89%, 3, 0, 13, 1780.92
1572315460, 0, 2654, 2776, 1821, 74, 5.91%, 3, 0, 13, 1379.81
1572315501, 0, 2654, 2779, 1824, 74, 5.91%, 3, 0, 13, 886.16
1572315506, 0, 2654, 2780, 1825, 74, 5.91%, 3, 0, 13, 835.70
1572315516, 0, 2654, 2781, 1826, 74, 5.91%, 3, 0, 13, 833.79
1572315522, 0, 2660, 2784, 1828, 76, 5.91%, 3, 0, 13, 973.26
1572315562, 0, 2660, 2785, 1829, 76, 5.91%, 3, 0, 13, 1142.49
1572315568, 0, 2661, 2787, 1830, 75, 5.91%, 3, 0, 13, 1214.80
1572315573, 0, 2663, 2788, 1830, 75, 5.91%, 3, 0, 13, 227.76
1572315619, 0, 2672, 2788, 1829, 74, 5.91%, 3, 0, 13, 1691.55
1572315649, 0, 2672, 2790, 1831, 74, 5.91%, 3, 0, 13, 1502.30
1572315654, 0, 2672, 2791, 1832, 74, 5.91%, 3, 0, 13, 1089.76
1572315665, 0, 2672, 2797, 1838, 74, 5.91%, 3, 0, 13, 939.50
1572315670, 0, 2672, 2798, 1839, 74, 5.91%, 3, 0, 13, 950.68
1572315680, 0, 2673, 2798, 1838, 75, 5.91%, 3, 0, 13, 1212.51
1572315711, 0, 2673, 2799, 1839, 75, 5.91%, 3, 0, 13, 1336.90
1572315716, 0, 2673, 2801, 1841, 75, 5.91%, 3, 0, 13, 1144.90
1572315726, 0, 2674, 2801, 1840, 75, 5.91%, 3, 0, 13, 1341.14
1572315767, 0, 2674, 2802, 1841, 75, 5.91%, 3, 0, 13, 941.75
1572315772, 0, 2677, 2803, 1841, 74, 5.91%, 3, 0, 13, 883.62
1572315777, 0, 2678, 2803, 1840, 73, 5.91%, 3, 0, 13, 1262.91
1572315808, 0, 2680, 2803, 1839, 72, 5.91%, 3, 0, 13, 1610.20
1572315849, 0, 2684, 2803, 1838, 71, 5.91%, 3, 0, 13, 1057.90
1572315890, 0, 2684, 2805, 1840, 71, 5.91%, 3, 0, 13, 1173.61
1572315910, 0, 2686, 2805, 1839, 71, 5.91%, 3, 0, 13, 981.24
1572315992, 0, 2691, 2807, 1840, 70, 5.91%, 3, 0, 13, 651.88
1572315997, 0, 2691, 2809, 1842, 70, 5.91%, 3, 0, 13, 464.46
1572316002, 0, 2700, 2809, 1841, 71, 5.91%, 3, 0, 13, 746.55
