# unix_time, cycles_done, cur_path, paths_total, pending_total, pending_favs, map_size, unique_crashes, unique_hangs, max_depth, execs_per_sec
1572333141, 0, 0, 1, 1, 1, 3.78%, 0, 0, 1, 266.67
1572333146, 0, 0, 50, 50, 1, 4.20%, 0, 0, 2, 299.14
1572333151, 0, 0, 53, 53, 1, 4.20%, 0, 0, 2, 280.13
1572333156, 0, 0, 117, 117, 1, 4.34%, 0, 0, 2, 274.62
1572333162, 0, 0, 145, 145, 1, 4.35%, 0, 0, 2, 272.79
1572333167, 0, 0, 184, 184, 1, 4.45%, 0, 0, 2, 273.64
1572333172, 0, 0, 212, 212, 1, 4.56%, 0, 0, 2, 303.08
1572333177, 0, 0, 245, 245, 1, 4.63%, 0, 0, 2, 288.54
1572333182, 0, 0, 261, 261, 1, 4.66%, 0, 0, 2, 275.40
1572333187, 0, 0, 272, 272, 1, 4.67%, 0, 0, 2, 271.97
1572333192, 0, 0, 276, 276, 1, 4.67%, 0, 0, 2, 272.60
1572333197, 0, 0, 290, 290, 1, 4.71%, 0, 0, 2, 270.08
1572333202, 0, 0, 294, 294, 1, 4.73%, 0, 0, 2, 259.17
1572333207, 0, 0, 295, 295, 1, 4.73%, 0, 0, 2, 257.26
1572333218, 0, 0, 296, 296, 1, 4.73%, 0, 0, 2, 250.11
1572333233, 0, 0, 297, 297, 1, 4.73%, 0, 0, 2, 251.84
1572333269, 0, 0, 298, 298, 1, 4.73%, 0, 0, 2, 248.05
1572333274, 0, 0, 303, 303, 1, 4.73%, 0, 0, 2, 244.95
1572333279, 0, 0, 314, 314, 1, 4.74%, 0, 0, 2, 254.32
1572333285, 0, 0, 316, 316, 1, 4.74%, 0, 0, 2, 251.41
1572333290, 0, 0, 321, 321, 1, 4.75%, 0, 0, 2, 254.46
1572333295, 0, 0, 351, 351, 1, 4.80%, 0, 0, 2, 259.20
1572333300, 0, 0, 368, 368, 1, 4.80%, 0, 0, 2, 260.29
1572333305, 0, 0, 386, 386, 1, 4.82%, 0, 0, 2, 257.98
1572333310, 0, 0, 389, 389, 1, 4.83%, 0, 0, 2, 262.05
1572333315, 0, 0, 405, 405, 1, 4.85%, 0, 0, 2, 252.75
1572333321, 0, 0, 417, 417, 1, 4.88%, 0, 0, 2, 254.48
1572333326, 0, 0, 426, 426, 1, 4.89%, 0, 0, 2, 253.92
1572333331, 0, 0, 427, 427, 1, 4.89%, 0, 0, 2, 252.70
1572333336, 0, 0, 432, 432, 1, 4.90%, 0, 0, 2, 256.44
1572333341, 0, 0, 434, 434, 1, 4.90%, 0, 0, 2, 252.98
1572333346, 0, 0, 488, 488, 1, 5.08%, 0, 0, 2, 281.28
1572333351, 0, 0, 568, 568, 1, 5.23%, 0, 0, 2, 313.28
1572333356, 0, 0, 630, 630, 1, 5.32%, 0, 0, 2, 315.44
1572333362, 0, 0, 684, 684, 1, 5.40%, 0, 0, 2, 43.48
1572333367, 0, 0, 721, 721, 1, 5.42%, 0, 0, 2, 299.54
1572333372, 0, 0, 767, 767, 1, 5.42%, 0, 0, 2, 136.52
1572333377, 0, 0, 797, 797, 1, 5.42%, 0, 0, 2, 214.48
1572333382, 0, 0, 825, 825, 1, 5.43%, 0, 0, 2, 28.78
1572333387, 0, 0, 844, 844, 1, 5.44%, 0, 0, 2, 272.04
1572333392, 0, 0, 902, 902, 1, 5.55%, 0, 0, 2, 305.73
1572333397, 0, 0, 920, 920, 1, 5.63%, 0, 0, 2, 296.18
1572333413, 0, 0, 925, 925, 1, 5.64%, 0, 0, 2, 260.77
1572333418, 0, 0, 930, 930, 1, 5.65%, 0, 0, 2, 293.73
1572333423, 0, 0, 936, 936, 1, 5.67%, 0, 0, 2, 267.92
1572333428, 0, 0, 939, 939, 1, 5.68%, 0, 0, 2, 253.76
1572333433, 0, 0, 940, 940, 1, 5.69%, 0, 0, 2, 257.42
1572333444, 0, 0, 944, 944, 1, 5.71%, 0, 0, 2, 257.98
1572333449, 0, 0, 947, 947, 1, 5.71%, 0, 0, 2, 262.65
1572333520, 0, 0, 948, 948, 1, 5.71%, 0, 0, 2, 259.77
1572333535, 0, 0, 950, 950, 1, 5.71%, 0, 0, 2, 253.27
1572333540, 0, 0, 953, 953, 1, 5.71%, 0, 0, 2, 254.29
1572333545, 0, 0, 955, 955, 1, 5.71%, 0, 0, 2, 247.66
1572333561, 0, 0, 962, 962, 1, 5.74%, 0, 0, 2, 247.78
1572333566, 0, 0, 963, 963, 1, 5.74%, 0, 0, 2, 250.92
1572333571, 0, 0, 966, 966, 1, 5.74%, 0, 0, 2, 249.81
1572333591, 0, 0, 978, 978, 1, 5.76%, 0, 0, 2, 282.54
1572333596, 0, 0, 994, 994, 1, 5.79%, 0, 0, 2, 324.29
1572333601, 0, 0, 1009, 1009, 1, 5.79%, 0, 0, 2, 294.07
1572333606, 0, 0, 1020, 1020, 1, 5.79%, 0, 0, 2, 272.83
1572333612, 0, 0, 1035, 1035, 1, 5.79%, 0, 0, 2, 283.95
1572333617, 0, 0, 1038, 1038, 1, 5.79%, 0, 0, 2, 328.16
1572333622, 0, 0, 1059, 1059, 1, 5.81%, 0, 0, 2, 334.28
1572333627, 0, 0, 1061, 1061, 1, 5.81%, 0, 0, 2, 285.98
1572333637, 0, 0, 1064, 1064, 1, 5.82%, 0, 0, 2, 248.71
1572333642, 0, 0, 1065, 1065, 1, 5.82%, 0, 0, 2, 256.16
1572333647, 0, 0, 1066, 1066, 1, 5.82%, 0, 0, 2, 285.15
1572333657, 0, 0, 1067, 1067, 1, 5.82%, 0, 0, 2, 260.97
1572333667, 0, 0, 1070, 1070, 1, 5.82%, 0, 0, 2, 251.70
1572333672, 0, 0, 1074, 1074, 1, 5.82%, 0, 0, 2, 242.61
1572333677, 0, 0, 1075, 1075, 1, 5.82%, 0, 0, 2, 248.45
1572333753, 0, 0, 1076, 1076, 1, 5.82%, 0, 0, 2, 248.43
1572333758, 0, 0, 1077, 1077, 1, 5.82%, 0, 0, 2, 249.26
1572333763, 0, 0, 1078, 1078, 1, 5.82%, 0, 0, 2, 249.82
1572333768, 0, 0, 1080, 1080, 1, 5.83%, 0, 0, 2, 252.65
1572333778, 0, 0, 1081, 1081, 1, 5.83%, 0, 0, 2, 253.36
1572333789, 0, 0, 1082, 1082, 1, 5.83%, 0, 0, 2, 237.56
1572333794, 0, 0, 1085, 1085, 1, 5.85%, 0, 0, 2, 246.18
1572333804, 0, 0, 1086, 1086, 1, 5.86%, 0, 0, 2, 243.93
1572333809, 0, 0, 1087, 1087, 1, 5.86%, 0, 0, 2, 245.77
1572333814, 0, 0, 1088, 1088, 1, 5.86%, 0, 0, 2, 248.16
1572333824, 0, 0, 1092, 1092, 1, 5.86%, 0, 0, 2, 313.33
1572333829, 0, 0, 1099, 1099, 1, 5.87%, 0, 0, 2, 364.29
1572333834, 0, 0, 1107, 1107, 1, 5.92%, 0, 0, 2, 326.19
1572333839, 0, 0, 1117, 1117, 1, 5.92%, 0, 0, 2, 284.73
1572333844, 0, 0, 1124, 1124, 1, 5.92%, 0, 0, 2, 361.30
1572333855, 0, 0, 1134, 1134, 1, 5.92%, 0, 0, 2, 281.75
1572333880, 0, 0, 1137, 1137, 1, 5.92%, 0, 0, 2, 237.90
1572333885, 0, 0, 1140, 1140, 1, 5.92%, 0, 0, 2, 245.79
1572333890, 0, 0, 1146, 1146, 1, 5.93%, 0, 0, 2, 267.75
1572333905, 0, 0, 1148, 1148, 1, 5.94%, 0, 0, 2, 244.09
1572333910, 0, 0, 1149, 1149, 1, 5.94%, 0, 0, 2, 248.47
1572333915, 0, 0, 1156, 1156, 1, 5.94%, 0, 0, 2, 286.37
1572333920, 0, 0, 1161, 1161, 1, 5.95%, 0, 0, 2, 268.53
1572333936, 0, 0, 1162, 1162, 1, 5.95%, 0, 0, 2, 261.40
1572333941, 0, 0, 1171, 1171, 1, 5.95%, 0, 0, 2, 298.04
1572333946, 0, 0, 1176, 1176, 1, 6.24%, 0, 0, 2, 267.90
1572333951, 0, 0, 1189, 1189, 1, 6.25%, 0, 0, 2, 247.76
1572333976, 0, 0, 1190, 1190, 1, 6.25%, 0, 0, 2, 224.30
1572334022, 0, 0, 1191, 1191, 1, 6.27%, 0, 0, 2, 246.62
1572334032, 0, 0, 1192, 1192, 1, 6.27%, 0, 0, 2, 224.26
1572334047, 0, 0, 1196, 1196, 1, 6.27%, 0, 0, 2, 248.97
1572334077, 0, 0, 1198, 1198, 1, 6.28%, 0, 0, 2, 244.52
1572334087, 0, 0, 1199, 1199, 1, 6.28%, 0, 0, 2, 250.10
1572334093, 0, 0, 1200, 1200, 1, 6.28%, 0, 0, 2, 245.93
1572334133, 0, 0, 1201, 1201, 1, 6.28%, 0, 0, 2, 239.14
1572334138, 0, 0, 1205, 1205, 1, 6.29%, 0, 0, 2, 243.70
1572334143, 0, 0, 1207, 1207, 1, 6.29%, 0, 0, 2, 238.12
1572334153, 0, 0, 1210, 1210, 1, 6.30%, 0, 0, 2, 280.25
1572334159, 0, 0, 1212, 1212, 1, 6.31%, 0, 0, 2, 272.48
1572334164, 0, 0, 1213, 1213, 1, 6.32%, 0, 0, 2, 249.03
1572334169, 0, 0, 1214, 1214, 1, 6.32%, 0, 0, 2, 255.17
1572334174, 0, 0, 1216, 1216, 1, 6.32%, 0, 0, 2, 256.49
1572334179, 0, 0, 1217, 1217, 1, 6.33%, 0, 0, 2, 248.26
1572334184, 0, 0, 1218, 1218, 1, 6.33%, 0, 0, 2, 230.59
1572334194, 0, 0, 1220, 1220, 1, 6.34%, 0, 0, 2, 243.39
1572334209, 0, 0, 1221, 1221, 1, 6.34%, 0, 0, 2, 244.60
1572334214, 0, 0, 1222, 1222, 1, 6.35%, 0, 0, 2, 245.04
1572334260, 0, 0, 1223, 1223, 1, 6.39%, 0, 0, 2, 242.83
1572334270, 0, 0, 1224, 1224, 1, 6.39%, 0, 0, 2, 212.29
1572334285, 0, 0, 1225, 1225, 1, 6.39%, 0, 0, 2, 215.07
1572334306, 0, 0, 1226, 1226, 1, 6.39%, 0, 0, 2, 239.68
1572334316, 0, 0, 1228, 1228, 1, 6.39%, 0, 0, 2, 255.08
1572334341, 0, 0, 1229, 1229, 1, 6.40%, 0, 0, 2, 246.21
1572334868, 0, 0, 1230, 1230, 1, 6.40%, 0, 0, 2, 222.79
1572334949, 0, 0, 1232, 1232, 1, 6.40%, 0, 0, 2, 256.77
1572334954, 0, 0, 1233, 1233, 1, 6.40%, 0, 0, 2, 256.13
1572335000, 0, 0, 1235, 1235, 1, 6.40%, 0, 0, 2, 237.68
1572335025, 0, 0, 1236, 1236, 1, 6.40%, 0, 0, 2, 250.34
1572335035, 0, 0, 1237, 1237, 1, 6.40%, 0, 0, 2, 234.18
1572335050, 0, 0, 1239, 1239, 1, 6.40%, 0, 0, 2, 222.65
1572335055, 0, 0, 1241, 1241, 1, 6.40%, 0, 0, 2, 223.50
1572335106, 0, 0, 1242, 1242, 1, 6.40%, 0, 0, 2, 242.93
1572335136, 0, 0, 1244, 1244, 1, 6.41%, 0, 0, 2, 252.18
1572335157, 0, 0, 1245, 1245, 1, 6.41%, 0, 0, 2, 204.54
1572335232, 0, 0, 1247, 1247, 1, 6.41%, 0, 0, 2, 236.17
1572335299, 0, 0, 1249, 1249, 1, 6.42%, 0, 0, 2, 227.49
1572335314, 0, 0, 1250, 1250, 1, 6.42%, 0, 0, 2, 222.07
1572335355, 0, 0, 1252, 1252, 1, 6.43%, 0, 0, 2, 251.39
1572335365, 0, 0, 1253, 1253, 1, 6.45%, 0, 0, 2, 295.63
1572335370, 0, 0, 1267, 1267, 1, 6.45%, 0, 0, 2, 311.45
1572335375, 0, 0, 1275, 1275, 1, 6.45%, 0, 0, 2, 404.55
1572335380, 0, 0, 1277, 1277, 1, 6.46%, 0, 0, 2, 309.22
1572335385, 0, 0, 1281, 1281, 1, 6.46%, 0, 0, 2, 342.50
1572335390, 0, 0, 1285, 1285, 1, 6.46%, 0, 0, 2, 960.00
1572335396, 0, 0, 1289, 1289, 1, 6.54%, 0, 0, 2, 446.66
1572335401, 0, 0, 1296, 1296, 1, 6.54%, 0, 0, 2, 452.49
1572335406, 0, 0, 1301, 1301, 1, 6.54%, 0, 0, 2, 368.27
1572335411, 0, 0, 1305, 1305, 1, 6.54%, 0, 0, 2, 514.00
1572335416, 0, 0, 1307, 1307, 1, 6.54%, 0, 0, 2, 419.39
1572335421, 0, 0, 1309, 1309, 1, 6.55%, 0, 0, 2, 339.70
1572335426, 0, 0, 1313, 1313, 1, 6.55%, 0, 0, 2, 404.13
1572335431, 0, 0, 1320, 1320, 1, 6.56%, 0, 0, 2, 38.94
1572335442, 0, 0, 1323, 1323, 1, 6.56%, 0, 0, 2, 255.48
1572335447, 0, 0, 1324, 1324, 1, 6.56%, 0, 0, 2, 254.21
1572335452, 0, 0, 1327, 1327, 1, 6.56%, 0, 0, 2, 318.30
1572335472, 0, 0, 1340, 1340, 1, 6.56%, 0, 0, 2, 926.35
1572335477, 0, 0, 1341, 1341, 1, 6.56%, 0, 0, 2, 427.54
1572335482, 0, 0, 1344, 1344, 1, 6.56%, 0, 0, 2, 715.09
1572335487, 0, 0, 1347, 1347, 1, 6.56%, 0, 0, 2, 70.72
1572335497, 0, 0, 1350, 1350, 1, 6.56%, 0, 0, 2, 586.83
1572335508, 0, 0, 1354, 1354, 1, 6.56%, 0, 0, 2, 336.23
1572335518, 0, 0, 1358, 1358, 1, 6.56%, 0, 0, 2, 548.17
1572335528, 0, 0, 1359, 1359, 1, 6.56%, 0, 0, 2, 654.42
1572335533, 0, 0, 1363, 1363, 1, 6.57%, 0, 0, 2, 641.42
1572335543, 0, 0, 1365, 1365, 1, 6.57%, 0, 0, 2, 291.42
1572335548, 0, 0, 1368, 1368, 1, 6.57%, 0, 0, 2, 250.19
1572335559, 0, 0, 1370, 1370, 1, 6.57%, 0, 0, 2, 37.79
1572335579, 0, 0, 1376, 1376, 1, 6.57%, 0, 0, 2, 294.82
1572335584, 0, 0, 1383, 1383, 1, 6.58%, 0, 0, 2, 269.62
1572335589, 0, 0, 1409, 1409, 1, 6.58%, 0, 0, 2, 312.16
1572335594, 0, 0, 1411, 1411, 1, 6.58%, 0, 0, 2, 280.56
1572335599, 0, 0, 1417, 1417, 1, 6.58%, 0, 0, 2, 357.03
1572335610, 0, 0, 1419, 1419, 1, 6.59%, 0, 0, 2, 235.99
1572335711, 0, 0, 1420, 1420, 1, 6.59%, 0, 0, 2, 249.84
1572335716, 0, 0, 1421, 1421, 1, 6.59%, 0, 0, 2, 222.42
1572335756, 0, 0, 1422, 1422, 1, 6.59%, 0, 0, 2, 249.35
1572335761, 0, 0, 1424, 1424, 1, 6.59%, 0, 0, 2, 258.24
1572335838, 0, 0, 1425, 1425, 1, 6.59%, 0, 0, 2, 236.07
1572335869, 0, 0, 1426, 1426, 1, 6.60%, 0, 0, 2, 239.52
1572335879, 0, 0, 1428, 1428, 1, 6.60%, 0, 0, 2, 245.72
1572336554, 0, 0, 1429, 1429, 1, 6.60%, 0, 0, 2, 238.23
1572336559, 0, 0, 1430, 1430, 1, 6.60%, 0, 0, 2, 239.05
1572336579, 0, 0, 1431, 1431, 1, 6.60%, 0, 0, 2, 264.21
1572336584, 0, 0, 1432, 1432, 1, 6.60%, 0, 0, 2, 208.15
1572336589, 0, 0, 1433, 1433, 1, 6.60%, 0, 0, 2, 236.32
1572336594, 0, 0, 1434, 1434, 1, 6.60%, 0, 0, 2, 234.35
1572336599, 0, 0, 1435, 1435, 1, 6.60%, 0, 0, 2, 240.23
1572336614, 0, 0, 1436, 1436, 1, 6.60%, 0, 0, 2, 246.27
1572336660, 0, 0, 1437, 1437, 1, 6.61%, 0, 0, 2, 232.88
1572336665, 0, 0, 1439, 1439, 1, 6.61%, 0, 0, 2, 255.75
1572336670, 0, 0, 1441, 1441, 1, 6.61%, 0, 0, 2, 259.35
1572336706, 0, 0, 1446, 1446, 1, 6.63%, 0, 0, 2, 235.18
1572336782, 0, 0, 1447, 1447, 1, 6.63%, 0, 0, 2, 262.36
1572336807, 0, 0, 1448, 1448, 1, 6.63%, 0, 0, 2, 257.35
1572336838, 0, 0, 1449, 1449, 1, 6.63%, 0, 0, 2, 251.99
1572336848, 0, 0, 1451, 1451, 1, 6.63%, 0, 0, 2, 2672.62
1572336884, 0, 0, 1452, 1452, 1, 6.63%, 0, 0, 2, 327.55
1572336914, 0, 0, 1453, 1453, 1, 6.63%, 0, 0, 2, 293.01
1572336925, 0, 0, 1454, 1454, 1, 6.63%, 0, 0, 2, 34.29
1572336935, 0, 0, 1455, 1455, 1, 6.63%, 0, 0, 2, 1763.29
1572336971, 0, 0, 1457, 1457, 1, 6.63%, 0, 0, 2, 644.05
1572336981, 0, 0, 1458, 1458, 1, 6.63%, 0, 0, 2, 248.63
1572336986, 0, 0, 1459, 1459, 1, 6.63%, 0, 0, 2, 27.78
1572337017, 0, 0, 1460, 1460, 1, 6.63%, 0, 0, 2, 36.96
1572337037, 0, 0, 1461, 1461, 1, 6.63%, 0, 0, 2, 214.56
1572337058, 0, 0, 1462, 1462, 1, 6.63%, 0, 0, 2, 261.63
1572337201, 0, 0, 1463, 1463, 1, 6.63%, 0, 0, 2, 264.30
1572337916, 0, 0, 1464, 1464, 1, 6.63%, 0, 0, 2, 253.19
1572337936, 0, 0, 1465, 1465, 1, 6.63%, 0, 0, 2, 261.55
1572337987, 0, 0, 1466, 1466, 1, 6.63%, 0, 0, 2, 264.94
1572338013, 0, 0, 1468, 1468, 1, 6.63%, 0, 0, 2, 390.60
1572338048, 0, 0, 1469, 1469, 1, 6.63%, 0, 0, 2, 45.96
1572338109, 0, 0, 1470, 1470, 1, 6.64%, 0, 0, 2, 256.87
1572338155, 0, 0, 1471, 1471, 1, 6.64%, 0, 0, 2, 266.55
1572338206, 0, 0, 1473, 1473, 1, 6.64%, 0, 0, 2, 261.45
1572338227, 0, 0, 1478, 1478, 1, 6.65%, 0, 0, 2, 295.67
1572338232, 0, 0, 1480, 1480, 1, 6.65%, 0, 0, 2, 341.37
1572338237, 0, 0, 1483, 1483, 1, 6.65%, 0, 0, 2, 300.99
1572338462, 0, 0, 1484, 1484, 1, 6.65%, 0, 0, 2, 262.10
1572338571, 0, 0, 1487, 1487, 1, 6.65%, 0, 0, 2, 332.76
1572338576, 0, 0, 1490, 1490, 1, 6.66%, 0, 0, 2, 364.98
1572338581, 0, 0, 1492, 1492, 1, 6.66%, 0, 0, 2, 364.42
1572338586, 0, 0, 1494, 1494, 1, 6.66%, 0, 0, 2, 315.56
1572338591, 0, 0, 1495, 1495, 1, 6.66%, 0, 0, 2, 292.13
1572338596, 0, 0, 1496, 1496, 1, 6.67%, 0, 0, 2, 286.45
1572338601, 0, 0, 1498, 1498, 1, 6.67%, 0, 0, 2, 294.96
1572338607, 0, 0, 1507, 1507, 1, 6.68%, 0, 0, 2, 440.55
1572338612, 0, 0, 1508, 1508, 1, 6.70%, 0, 0, 2, 371.49
1572339201, 0, 0, 1510, 1510, 1, 6.71%, 0, 0, 2, 40.82
1572339211, 0, 0, 1513, 1513, 1, 6.71%, 0, 0, 2, 355.25
1572339227, 0, 0, 1519, 1519, 1, 6.72%, 0, 0, 2, 396.96
1572339232, 0, 0, 1521, 1521, 1, 6.72%, 0, 0, 2, 404.13
1572339237, 0, 0, 1522, 1522, 1, 6.72%, 0, 0, 2, 436.36
1572339242, 0, 0, 1523, 1523, 1, 6.72%, 0, 0, 2, 434.99
1572339273, 0, 0, 1525, 1525, 1, 6.72%, 0, 0, 2, 591.28
1572339278, 0, 0, 1526, 1526, 1, 6.72%, 0, 0, 2, 427.92
1572339524, 0, 0, 1527, 1527, 1, 6.72%, 0, 0, 2, 358.41
1572339529, 0, 0, 1529, 1529, 1, 6.72%, 0, 0, 2, 284.10
1572339539, 0, 0, 1531, 1531, 1, 6.72%, 0, 0, 2, 306.15
1572339549, 0, 0, 1559, 1559, 1, 6.74%, 0, 0, 2, 611.09
1572339555, 0, 0, 1584, 1584, 1, 6.76%, 0, 0, 2, 1160.28
1572339560, 0, 0, 1605, 1605, 1, 6.78%, 0, 0, 2, 934.17
1572339565, 0, 0, 1617, 1617, 1, 6.78%, 0, 0, 2, 1025.66
1572339570, 0, 0, 1636, 1636, 1, 6.79%, 0, 0, 2, 1149.04
1572339575, 0, 0, 1649, 1649, 1, 6.79%, 0, 0, 2, 1168.32
1572339580, 0, 13, 1652, 1644, 314, 6.79%, 0, 0, 2, 2330.88
1572339585, 0, 35, 1653, 1642, 311, 6.79%, 0, 0, 3, 262.08
1572339595, 0, 35, 1655, 1644, 311, 6.79%, 0, 0, 3, 215.58
1572339601, 0, 35, 1656, 1645, 311, 6.79%, 0, 0, 3, 244.73
1572339724, 0, 35, 1657, 1646, 311, 6.79%, 0, 0, 3, 252.44
1572339744, 0, 35, 1658, 1647, 311, 6.79%, 0, 0, 3, 254.06
1572339780, 0, 35, 1659, 1648, 311, 6.79%, 0, 0, 3, 245.28
1572339791, 0, 35, 1666, 1655, 311, 6.79%, 0, 0, 3, 287.25
1572339796, 0, 35, 1672, 1661, 311, 6.79%, 0, 0, 3, 324.41
1572339801, 0, 35, 1674, 1663, 311, 6.79%, 0, 0, 3, 288.71
1572339806, 0, 35, 1678, 1667, 311, 6.79%, 0, 0, 3, 275.29
1572339811, 0, 35, 1680, 1669, 311, 6.79%, 0, 0, 3, 276.99
1572339816, 0, 35, 1684, 1673, 311, 6.79%, 0, 0, 3, 274.28
1572339821, 0, 35, 1694, 1683, 311, 6.80%, 0, 0, 3, 309.68
1572340026, 0, 35, 1695, 1684, 311, 6.80%, 0, 0, 3, 305.17
1572340051, 0, 35, 1698, 1687, 311, 6.80%, 0, 0, 3, 282.68
1572340056, 0, 35, 1699, 1688, 311, 6.80%, 0, 0, 3, 308.43
1572340247, 0, 35, 1700, 1689, 311, 6.80%, 0, 0, 3, 253.96
1572340252, 0, 35, 1701, 1690, 311, 6.80%, 0, 0, 3, 308.15
1572340262, 0, 35, 1703, 1692, 311, 6.80%, 0, 0, 3, 298.99
1572340277, 0, 35, 1706, 1695, 311, 6.80%, 0, 0, 3, 341.34
1572340324, 0, 35, 1707, 1696, 311, 6.80%, 0, 0, 3, 255.61
1572340334, 0, 35, 1708, 1697, 311, 6.80%, 0, 0, 3, 305.83
1572340359, 0, 35, 1709, 1698, 311, 6.80%, 0, 0, 3, 279.38
1572340364, 0, 35, 1710, 1699, 311, 6.80%, 0, 0, 3, 345.94
1572341688, 0, 35, 1711, 1700, 311, 6.80%, 0, 0, 3, 252.79
1572341693, 0, 35, 1712, 1701, 311, 6.80%, 0, 0, 3, 252.71
1572341699, 0, 35, 1713, 1702, 311, 6.80%, 0, 0, 3, 253.35
1572341704, 0, 35, 1714, 1703, 311, 6.80%, 0, 0, 3, 252.54
1572341729, 0, 35, 1715, 1704, 311, 6.80%, 0, 0, 3, 251.55
1572341781, 0, 35, 1716, 1705, 311, 6.80%, 0, 0, 3, 314.56
1572341791, 0, 35, 1717, 1706, 311, 6.80%, 0, 0, 3, 327.49
1572341893, 0, 35, 1718, 1707, 311, 6.80%, 0, 0, 3, 250.33
1572341913, 0, 35, 1719, 1708, 311, 6.80%, 0, 0, 3, 279.19
1572341965, 0, 35, 1727, 1716, 311, 6.80%, 0, 0, 3, 417.87
1572341975, 0, 35, 1728, 1717, 311, 6.81%, 0, 0, 3, 289.55
1572342149, 0, 35, 1729, 1718, 311, 6.81%, 0, 0, 3, 242.96
1572343328, 0, 35, 1730, 1719, 311, 6.81%, 0, 0, 3, 262.76
1572343338, 0, 35, 1732, 1721, 311, 6.81%, 0, 0, 3, 49.57
1572344540, 0, 35, 1733, 1722, 311, 6.81%, 0, 0, 3, 273.83
1572345016, 0, 35, 1734, 1723, 311, 6.81%, 0, 0, 3, 281.39
1572345743, 0, 35, 1735, 1724, 311, 6.81%, 0, 0, 3, 501.21
1572346025, 0, 35, 1738, 1727, 311, 6.81%, 0, 0, 3, 401.89
1572346045, 0, 35, 1740, 1729, 311, 6.81%, 0, 0, 3, 252.97
1572346055, 0, 35, 1741, 1730, 311, 6.81%, 0, 0, 3, 442.71
1572346060, 0, 35, 1745, 1734, 311, 6.81%, 0, 0, 3, 871.85
1572346066, 0, 35, 1752, 1741, 311, 6.81%, 0, 0, 3, 1072.79
1572346071, 0, 35, 1755, 1744, 311, 6.82%, 0, 0, 3, 1089.19
1572346076, 0, 35, 1762, 1751, 311, 6.83%, 0, 0, 3, 1007.34
1572346081, 0, 35, 1770, 1759, 311, 6.85%, 0, 0, 3, 981.91
1572346086, 0, 35, 1773, 1762, 311, 6.85%, 0, 0, 3, 1067.91
1572346091, 0, 68, 1778, 1765, 323, 6.85%, 0, 0, 3, 308.12
1572346294, 0, 68, 1779, 1766, 323, 6.85%, 0, 0, 3, 321.43
1572346856, 0, 68, 1780, 1767, 323, 6.86%, 0, 0, 3, 1980.00
