# unix_time, cycles_done, cur_path, paths_total, pending_total, pending_favs, map_size, unique_crashes, unique_hangs, max_depth, execs_per_sec
1572316192, 0, 0, 1, 1, 1, 3.55%, 0, 0, 1, 666.67
1572316197, 0, 0, 91, 91, 1, 4.06%, 0, 0, 2, 841.41
1572316202, 0, 0, 187, 187, 1, 4.37%, 0, 0, 2, 759.19
1572316208, 0, 0, 248, 248, 1, 4.58%, 0, 0, 2, 762.46
1572316213, 0, 0, 268, 268, 1, 4.62%, 0, 0, 2, 741.87
1572316218, 0, 0, 271, 271, 1, 4.64%, 0, 0, 2, 738.45
1572316239, 0, 0, 275, 275, 1, 4.66%, 0, 0, 2, 740.30
1572316244, 0, 0, 281, 281, 1, 4.67%, 0, 0, 2, 733.19
1572316249, 0, 0, 332, 332, 1, 4.76%, 0, 0, 2, 735.24
1572316254, 0, 0, 349, 349, 1, 4.78%, 0, 0, 2, 732.01
1572316264, 0, 0, 405, 405, 1, 4.97%, 0, 0, 2, 678.65
1572316269, 0, 0, 561, 561, 1, 5.22%, 0, 0, 2, 775.99
1572316275, 0, 0, 655, 655, 1, 5.32%, 0, 0, 2, 745.75
1572316280, 0, 0, 718, 718, 1, 5.33%, 0, 0, 2, 616.07
1572316285, 0, 0, 796, 796, 1, 5.54%, 0, 0, 2, 737.92
1572316290, 0, 0, 801, 801, 1, 5.54%, 0, 0, 2, 713.06
1572316295, 0, 0, 816, 816, 1, 5.60%, 0, 0, 2, 742.77
1572316300, 0, 0, 819, 819, 1, 5.61%, 0, 0, 2, 709.25
1572316305, 0, 0, 825, 825, 1, 5.63%, 0, 0, 2, 717.79
1572316335, 0, 0, 827, 827, 1, 5.64%, 0, 0, 2, 682.72
1572316340, 0, 0, 828, 828, 1, 5.64%, 0, 0, 2, 691.64
1572316346, 0, 0, 829, 829, 1, 5.64%, 0, 0, 2, 698.05
1572316356, 0, 0, 849, 849, 1, 5.66%, 0, 0, 2, 701.75
1572316361, 0, 0, 882, 882, 1, 5.69%, 0, 0, 2, 691.41
1572316366, 0, 0, 899, 899, 1, 5.69%, 0, 0, 2, 550.55
1572316371, 0, 0, 918, 918, 1, 5.71%, 0, 0, 2, 692.50
1572316376, 0, 0, 921, 921, 1, 5.74%, 0, 0, 2, 686.19
1572316381, 0, 0, 922, 922, 1, 5.74%, 0, 0, 2, 712.38
1572316386, 0, 0, 925, 925, 1, 5.75%, 0, 0, 2, 713.02
1572316391, 0, 0, 927, 927, 1, 5.76%, 0, 0, 2, 686.15
1572316417, 0, 0, 929, 929, 1, 5.77%, 0, 0, 2, 688.37
1572316427, 0, 0, 930, 930, 1, 5.77%, 0, 0, 2, 685.48
1572316442, 0, 0, 940, 940, 1, 5.77%, 0, 0, 2, 743.87
1572316447, 0, 0, 951, 951, 1, 5.83%, 0, 0, 2, 730.91
1572316453, 0, 0, 959, 959, 1, 5.83%, 0, 0, 2, 127.74
1572316458, 0, 0, 968, 968, 1, 5.83%, 0, 0, 2, 716.41
1572316468, 0, 0, 976, 976, 1, 5.85%, 0, 0, 2, 681.34
1572316473, 0, 0, 985, 985, 1, 5.85%, 0, 0, 2, 672.42
1572316478, 0, 0, 995, 995, 1, 5.87%, 0, 0, 2, 627.45
1572316483, 0, 0, 1013, 1013, 1, 6.18%, 0, 0, 2, 777.12
1572316488, 0, 0, 1017, 1017, 1, 6.20%, 0, 0, 2, 712.83
1572316494, 0, 0, 1018, 1018, 1, 6.20%, 0, 0, 2, 667.44
1572316499, 0, 0, 1021, 1021, 1, 6.20%, 0, 0, 2, 668.11
1572316514, 0, 0, 1022, 1022, 1, 6.21%, 0, 0, 2, 614.56
1572316529, 0, 0, 1024, 1024, 1, 6.22%, 0, 0, 2, 707.23
1572316534, 0, 0, 1028, 1028, 1, 6.23%, 0, 0, 2, 695.83
1572316539, 0, 0, 1033, 1033, 1, 6.25%, 0, 0, 2, 716.95
1572316544, 0, 0, 1037, 1037, 1, 6.27%, 0, 0, 2, 685.42
1572316549, 0, 0, 1038, 1038, 1, 6.27%, 0, 0, 2, 691.12
1572316555, 0, 0, 1039, 1039, 1, 6.28%, 0, 0, 2, 683.55
1572316560, 0, 0, 1040, 1040, 1, 6.28%, 0, 0, 2, 706.40
1572316575, 0, 0, 1041, 1041, 1, 6.32%, 0, 0, 2, 686.07
1572316585, 0, 0, 1043, 1043, 1, 6.32%, 0, 0, 2, 676.26
1572316590, 0, 0, 1047, 1047, 1, 6.35%, 0, 0, 2, 661.25
1572316606, 0, 0, 1049, 1049, 1, 6.35%, 0, 0, 2, 620.82
1572316631, 0, 0, 1050, 1050, 1, 6.35%, 0, 0, 2, 624.13
1572316681, 0, 0, 1052, 1052, 1, 6.35%, 0, 0, 2, 654.61
1572316686, 0, 0, 1053, 1053, 1, 6.35%, 0, 0, 2, 697.10
1572316691, 0, 0, 1054, 1054, 1, 6.35%, 0, 0, 2, 666.92
1572316702, 0, 0, 1056, 1056, 1, 6.35%, 0, 0, 2, 684.21
1572316722, 0, 0, 1057, 1057, 1, 6.35%, 0, 0, 2, 662.23
1572316753, 0, 0, 1060, 1060, 1, 6.38%, 0, 0, 2, 683.66
1572316758, 0, 0, 1069, 1069, 1, 6.38%, 0, 0, 2, 729.69
1572316763, 0, 0, 1077, 1077, 1, 6.39%, 0, 0, 2, 46.31
1572316768, 0, 0, 1093, 1093, 1, 6.47%, 0, 0, 2, 891.64
1572316773, 0, 0, 1097, 1097, 1, 6.47%, 0, 0, 2, 580.33
1572316778, 0, 0, 1102, 1102, 1, 6.48%, 0, 0, 2, 1951.66
1572316783, 0, 0, 1111, 1111, 1, 6.49%, 0, 0, 2, 133.51
1572316789, 0, 0, 1113, 1113, 1, 6.49%, 0, 0, 2, 1361.55
1572316794, 0, 0, 1118, 1118, 1, 6.49%, 0, 0, 2, 553.52
1572316799, 0, 0, 1123, 1123, 1, 6.49%, 0, 0, 2, 1446.95
1572316804, 0, 0, 1126, 1126, 1, 6.49%, 0, 0, 2, 1115.43
1572316809, 0, 0, 1130, 1130, 1, 6.49%, 0, 0, 2, 1268.86
1572316819, 0, 0, 1135, 1135, 1, 6.50%, 0, 0, 2, 1460.83
1572316824, 0, 0, 1136, 1136, 1, 6.50%, 0, 0, 2, 1177.41
1572316829, 0, 0, 1138, 1138, 1, 6.50%, 0, 0, 2, 1500.00
1572316840, 0, 0, 1161, 1161, 1, 6.51%, 0, 0, 2, 1000.83
1572316845, 0, 0, 1180, 1180, 1, 6.52%, 0, 0, 2, 954.05
1572316850, 0, 0, 1181, 1181, 1, 6.52%, 0, 0, 2, 743.41
1572316855, 0, 0, 1182, 1182, 1, 6.52%, 0, 0, 2, 610.15
1572316870, 0, 0, 1184, 1184, 1, 6.52%, 0, 0, 2, 617.21
1572316885, 0, 0, 1185, 1185, 1, 6.52%, 0, 0, 2, 732.56
1572316891, 0, 0, 1186, 1186, 1, 6.53%, 0, 0, 2, 752.53
1572316916, 0, 0, 1187, 1187, 1, 6.53%, 0, 0, 2, 663.24
1572316926, 0, 0, 1188, 1188, 1, 6.53%, 0, 0, 2, 643.30
1572316967, 0, 0, 1190, 1190, 1, 6.53%, 0, 0, 2, 680.52
1572316977, 0, 0, 1191, 1191, 1, 6.53%, 0, 0, 2, 670.31
1572316982, 0, 0, 1194, 1194, 1, 6.53%, 0, 0, 2, 612.84
1572316987, 0, 0, 1195, 1195, 1, 6.53%, 0, 0, 2, 626.05
1572317012, 0, 0, 1198, 1198, 1, 6.54%, 0, 0, 2, 626.79
1572317017, 0, 0, 1199, 1199, 1, 6.54%, 0, 0, 2, 679.76
1572317027, 0, 0, 1200, 1200, 1, 6.54%, 0, 0, 2, 675.51
1572317058, 0, 0, 1201, 1201, 1, 6.54%, 0, 0, 2, 671.40
1572317068, 0, 0, 1203, 1203, 1, 6.54%, 0, 0, 2, 63.43
1572317094, 0, 0, 1204, 1204, 1, 6.54%, 0, 0, 2, 819.57
1572317140, 0, 0, 1205, 1205, 1, 6.54%, 0, 0, 2, 108.05
1572317171, 0, 0, 1206, 1206, 1, 6.54%, 0, 0, 2, 1023.58
1572317211, 0, 0, 1207, 1207, 1, 6.54%, 0, 0, 2, 670.42
1572317282, 0, 0, 1208, 1208, 1, 6.54%, 0, 0, 2, 643.77
1572317313, 0, 0, 1209, 1209, 1, 6.54%, 0, 0, 2, 728.94
1572317358, 0, 0, 1210, 1210, 1, 6.54%, 0, 0, 2, 1224.85
1572317374, 0, 0, 1213, 1213, 1, 6.55%, 0, 0, 2, 773.50
1572317394, 0, 0, 1222, 1222, 1, 6.56%, 0, 0, 2, 694.86
1572317399, 0, 0, 1228, 1228, 1, 6.57%, 0, 0, 2, 623.52
1572317460, 0, 0, 1229, 1229, 1, 6.57%, 0, 0, 2, 648.09
1572317476, 0, 0, 1231, 1231, 1, 6.57%, 0, 0, 2, 45.45
1572317481, 0, 0, 1239, 1239, 1, 6.58%, 0, 0, 2, 666.67
1572317486, 0, 0, 1243, 1243, 1, 6.58%, 0, 0, 2, 789.94
1572317491, 0, 0, 1245, 1245, 1, 6.59%, 0, 0, 2, 757.53
1572317496, 0, 0, 1255, 1255, 1, 6.62%, 0, 0, 2, 820.52
1572317638, 0, 0, 1257, 1257, 1, 6.63%, 0, 0, 2, 634.99
1572317644, 0, 0, 1260, 1260, 1, 6.63%, 0, 0, 2, 683.57
1572317649, 0, 0, 1268, 1268, 1, 6.63%, 0, 0, 2, 1188.51
1572317674, 0, 0, 1271, 1271, 1, 6.63%, 0, 0, 2, 813.73
1572317690, 0, 0, 1274, 1274, 1, 6.64%, 0, 0, 2, 664.16
1572317771, 0, 0, 1275, 1275, 1, 6.65%, 0, 0, 2, 767.19
1572317776, 0, 0, 1276, 1276, 1, 6.65%, 0, 0, 2, 916.90
1572317782, 0, 0, 1282, 1282, 1, 6.65%, 0, 0, 2, 702.33
1572317797, 0, 0, 1290, 1290, 1, 6.67%, 0, 0, 2, 803.83
1572317802, 0, 0, 1333, 1333, 1, 6.73%, 0, 0, 2, 1667.82
1572317807, 0, 0, 1361, 1361, 1, 6.73%, 0, 0, 2, 1814.57
1572317812, 0, 0, 1373, 1373, 1, 6.73%, 0, 0, 2, 1821.29
1572317817, 0, 18, 1383, 1374, 305, 6.74%, 0, 0, 2, 2616.04
1572317823, 0, 18, 1389, 1380, 305, 6.78%, 0, 0, 3, 1221.89
1572317869, 0, 18, 1393, 1384, 305, 6.79%, 0, 0, 3, 707.61
1572317890, 0, 18, 1397, 1388, 305, 6.79%, 0, 0, 3, 666.66
1572317895, 0, 18, 1398, 1389, 305, 6.79%, 0, 0, 3, 633.28
1572317900, 0, 18, 1399, 1390, 305, 6.79%, 0, 0, 3, 558.56
1572317905, 0, 18, 1403, 1394, 305, 6.80%, 0, 0, 3, 691.18
1572317991, 0, 18, 1404, 1395, 305, 6.80%, 0, 0, 3, 780.33
1572318063, 0, 18, 1405, 1396, 305, 6.80%, 0, 0, 3, 1128.71
1572318069, 0, 18, 1406, 1397, 305, 6.80%, 0, 0, 3, 466.32
1572318104, 0, 18, 1410, 1401, 305, 6.80%, 0, 0, 3, 769.84
1572319012, 0, 18, 1417, 1408, 305, 6.82%, 0, 0, 3, 691.37
1572319058, 0, 18, 1418, 1409, 305, 6.82%, 0, 0, 3, 806.53
1572319350, 0, 18, 1419, 1410, 305, 6.82%, 0, 0, 3, 927.66
1572319355, 0, 18, 1430, 1421, 305, 6.83%, 0, 0, 3, 1817.84
1572319360, 0, 18, 1443, 1434, 305, 6.84%, 0, 0, 3, 2023.67
1572319365, 0, 18, 1455, 1446, 305, 6.84%, 0, 0, 3, 2030.00
1572319370, 0, 34, 1462, 1451, 318, 6.84%, 0, 0, 3, 1464.34
1572319386, 0, 34, 1463, 1452, 318, 6.84%, 0, 0, 3, 663.36
1572319422, 0, 34, 1464, 1453, 318, 6.84%, 0, 0, 3, 650.06
1572319427, 0, 34, 1465, 1454, 318, 6.84%, 0, 0, 3, 652.60
1572319432, 0, 34, 1466, 1455, 318, 6.84%, 0, 0, 3, 652.93
1572319442, 0, 34, 1467, 1456, 318, 6.84%, 0, 0, 3, 649.59
1572319447, 0, 34, 1475, 1464, 318, 6.84%, 0, 0, 3, 693.89
1572319452, 0, 34, 1477, 1466, 318, 6.84%, 0, 0, 3, 627.36
1572319457, 0, 34, 1488, 1477, 318, 6.84%, 0, 0, 3, 667.51
1572319539, 0, 34, 1492, 1481, 318, 6.84%, 0, 0, 3, 623.93
1572319544, 0, 34, 1493, 1482, 318, 6.84%, 0, 0, 3, 603.45
1572319549, 0, 34, 1497, 1486, 318, 6.84%, 0, 0, 3, 647.61
1572319626, 0, 34, 1498, 1487, 318, 6.84%, 0, 0, 3, 619.17
1572319631, 0, 34, 1499, 1488, 318, 6.84%, 0, 0, 3, 766.78
1572319636, 0, 34, 1500, 1489, 318, 6.84%, 0, 0, 3, 631.51
1572319641, 0, 34, 1504, 1493, 318, 6.84%, 0, 0, 3, 690.21
1572319656, 0, 34, 1505, 1494, 318, 6.84%, 0, 0, 3, 583.70
1572319672, 0, 34, 1506, 1495, 318, 6.84%, 0, 0, 3, 785.82
1572319948, 0, 34, 1509, 1498, 318, 6.85%, 0, 0, 3, 650.38
1572319963, 0, 34, 1510, 1499, 318, 6.85%, 0, 0, 3, 654.35
1572319968, 0, 34, 1512, 1501, 318, 6.85%, 0, 0, 3, 84.14
1572319974, 0, 34, 1514, 1503, 318, 6.85%, 0, 0, 3, 1112.29
1572319979, 0, 34, 1516, 1505, 318, 6.85%, 0, 0, 3, 820.49
1572319984, 0, 34, 1517, 1506, 318, 6.85%, 0, 0, 3, 1407.17
1572319994, 0, 34, 1519, 1508, 318, 6.85%, 0, 0, 3, 1391.53
1572319999, 0, 34, 1520, 1509, 318, 6.85%, 0, 0, 3, 1304.88
1572320004, 0, 34, 1521, 1510, 318, 6.85%, 0, 0, 3, 126.58
1572320050, 0, 34, 1529, 1518, 318, 6.85%, 0, 0, 3, 1025.53
1572320101, 0, 34, 1530, 1519, 318, 6.86%, 0, 0, 3, 642.25
1572320290, 0, 34, 1531, 1520, 318, 6.86%, 0, 0, 3, 1229.37
1572320295, 0, 34, 1532, 1521, 318, 6.86%, 0, 0, 3, 1976.58
1572320362, 0, 34, 1533, 1522, 318, 6.86%, 0, 0, 3, 1102.95
1572320382, 0, 34, 1534, 1523, 318, 6.86%, 0, 0, 3, 90.04
1572320587, 0, 34, 1535, 1524, 318, 6.86%, 0, 0, 3, 1112.63
1572320724, 0, 34, 1537, 1526, 318, 6.86%, 0, 0, 3, 846.29
1572321056, 0, 34, 1538, 1527, 318, 6.86%, 0, 0, 3, 680.10
1572321076, 0, 34, 1543, 1532, 318, 6.86%, 0, 0, 3, 1483.43
1572321081, 0, 34, 1552, 1541, 318, 6.86%, 0, 0, 3, 1873.76
1572321086, 0, 34, 1559, 1548, 318, 6.86%, 0, 0, 3, 2013.97
1572321091, 0, 70, 1565, 1553, 333, 6.86%, 0, 0, 3, 1768.30
1572321163, 0, 70, 1566, 1554, 333, 6.86%, 0, 0, 3, 755.48
1572321373, 0, 70, 1567, 1555, 333, 6.86%, 0, 0, 3, 717.86
1572321659, 0, 70, 1568, 1556, 333, 6.86%, 0, 0, 3, 84.38
1572322487, 0, 70, 1569, 1557, 333, 6.86%, 0, 0, 3, 791.45
1572322610, 0, 70, 1573, 1561, 333, 6.88%, 0, 0, 3, 1193.13
1572322615, 0, 70, 1581, 1569, 333, 6.90%, 0, 0, 3, 1922.38
1572322620, 0, 70, 1588, 1576, 333, 6.90%, 0, 0, 3, 1974.72
1572322625, 0, 70, 1598, 1586, 333, 6.90%, 0, 0, 3, 1916.78
1572322630, 0, 87, 1598, 1584, 333, 6.90%, 0, 0, 3, 1267.87
1572322701, 0, 87, 1601, 1587, 333, 6.90%, 0, 0, 3, 694.61
1572322717, 0, 87, 1602, 1588, 333, 6.90%, 0, 0, 3, 721.67
1572322900, 0, 87, 1603, 1589, 333, 6.96%, 0, 0, 3, 795.58
1572323202, 0, 87, 1604, 1590, 333, 6.96%, 0, 0, 3, 1409.61
1572323841, 0, 87, 1605, 1591, 333, 6.96%, 0, 0, 3, 978.92
1572324144, 0, 103, 1605, 1589, 332, 6.96%, 0, 0, 3, 1673.32
1572324154, 0, 103, 1606, 1590, 332, 6.96%, 0, 0, 3, 783.22
1572324216, 0, 103, 1607, 1591, 332, 6.96%, 0, 0, 3, 758.83
1572324221, 0, 103, 1610, 1594, 332, 6.96%, 0, 0, 3, 688.32
1572324415, 0, 103, 1611, 1595, 332, 6.96%, 0, 0, 3, 883.13
1572324687, 0, 103, 1612, 1596, 332, 6.96%, 0, 0, 3, 1471.26
1572324732, 0, 103, 1613, 1597, 332, 6.96%, 0, 0, 3, 102.68
1572325653, 0, 103, 1625, 1609, 332, 6.96%, 0, 0, 3, 1815.42
1572325658, 0, 103, 1632, 1616, 332, 6.97%, 0, 0, 3, 2087.66
1572325663, 0, 103, 1638, 1622, 332, 6.98%, 0, 0, 3, 2108.54
1572325668, 0, 104, 1639, 1622, 330, 6.98%, 0, 0, 3, 1274.79
1572325673, 0, 104, 1640, 1623, 330, 6.98%, 0, 0, 3, 862.61
1572325734, 0, 104, 1641, 1624, 330, 6.98%, 0, 0, 3, 709.74
1572325740, 0, 104, 1642, 1625, 330, 6.98%, 0, 0, 3, 691.56
1572325755, 0, 104, 1643, 1626, 330, 6.99%, 0, 0, 3, 753.65
1572325929, 0, 104, 1644, 1627, 330, 6.99%, 0, 0, 3, 718.26
1572327183, 0, 117, 1646, 1628, 331, 6.99%, 0, 0, 3, 1145.58
1572327255, 0, 117, 1647, 1629, 331, 6.99%, 0, 0, 3, 714.34
1572328685, 0, 117, 1648, 1630, 331, 6.99%, 0, 0, 3, 588.51
1572328695, 0, 119, 1650, 1631, 332, 6.99%, 0, 0, 3, 1290.04
1572328767, 0, 119, 1651, 1632, 332, 6.99%, 0, 0, 3, 773.53
1572328962, 0, 119, 1652, 1633, 332, 6.99%, 0, 0, 3, 710.37
1572330222, 0, 150, 1652, 1631, 331, 6.99%, 0, 0, 3, 1278.67
1572330294, 0, 150, 1653, 1632, 331, 6.99%, 0, 0, 3, 762.29
1572330299, 0, 150, 1654, 1633, 331, 6.99%, 0, 0, 3, 690.87
1572330309, 0, 150, 1655, 1634, 331, 6.99%, 0, 0, 3, 733.99
1572331757, 0, 185, 1655, 1626, 324, 6.99%, 0, 0, 3, 2749.06
1572331762, 0, 185, 1656, 1627, 324, 6.99%, 0, 0, 3, 1282.68
1572331767, 0, 185, 1657, 1628, 324, 6.99%, 0, 0, 3, 859.91
1572331931, 0, 185, 1658, 1629, 324, 6.99%, 0, 0, 3, 754.83
1572332069, 0, 185, 1659, 1630, 324, 6.99%, 0, 0, 3, 689.48
