# unix_time, cycles_done, cur_path, paths_total, pending_total, pending_favs, map_size, unique_crashes, unique_hangs, max_depth, execs_per_sec
1572316262, 0, 0, 1, 1, 1, 3.55%, 0, 0, 1, 727.27
1572316267, 1, 22, 31, 15, 8, 3.99%, 0, 0, 4, 2712.16
1572316272, 6, 6, 40, 9, 0, 4.05%, 0, 0, 5, 3185.03
1572316277, 13, 18, 60, 18, 0, 4.19%, 0, 0, 5, 2795.94
1572316282, 16, 67, 78, 28, 9, 4.29%, 0, 0, 5, 2292.81
1572316287, 16, 77, 85, 27, 4, 4.29%, 0, 0, 6, 2925.33
1572316292, 18, 63, 86, 17, 0, 4.29%, 0, 0, 6, 3400.23
1572316298, 19, 97, 123, 50, 10, 4.45%, 0, 0, 6, 233.66
1572316303, 19, 122, 123, 41, 1, 4.45%, 0, 0, 6, 3471.09
1572316308, 20, 129, 130, 38, 1, 4.47%, 0, 0, 7, 3055.27
1572316313, 24, 130, 136, 34, 2, 4.47%, 0, 0, 7, 3395.97
1572316318, 26, 58, 145, 38, 0, 4.47%, 0, 0, 7, 3289.60
1572316323, 31, 22, 153, 34, 0, 4.48%, 0, 0, 7, 3195.49
1572316328, 31, 160, 161, 37, 1, 4.59%, 0, 0, 7, 3598.43
1572316333, 35, 169, 170, 35, 1, 4.70%, 0, 0, 9, 2832.33
1572316338, 36, 180, 183, 45, 1, 4.71%, 0, 0, 9, 2470.46
1572316343, 38, 137, 189, 42, 0, 4.71%, 0, 0, 9, 2899.37
1572316348, 39, 92, 190, 35, 0, 4.71%, 0, 0, 9, 3612.49
1572316353, 42, 201, 202, 38, 1, 4.75%, 0, 0, 9, 3190.98
1572316359, 43, 191, 203, 32, 0, 4.75%, 0, 0, 9, 115.90
1572316364, 46, 212, 215, 37, 2, 4.82%, 0, 0, 9, 3378.11
1572316369, 47, 101, 230, 49, 1, 4.82%, 0, 0, 9, 411.75
1572316374, 51, 234, 235, 46, 1, 4.84%, 0, 0, 9, 3229.81
1572316379, 53, 99, 240, 44, 0, 4.84%, 0, 0, 9, 594.42
1572316384, 53, 173, 242, 38, 0, 4.84%, 0, 0, 9, 3176.65
1572316389, 54, 251, 254, 42, 1, 4.85%, 0, 0, 9, 2899.99
1572316395, 59, 84, 261, 41, 0, 4.85%, 0, 0, 9, 2633.87
1572316400, 61, 229, 270, 42, 0, 4.85%, 0, 0, 9, 277.49
1572316405, 65, 241, 280, 45, 1, 4.86%, 0, 0, 9, 2576.83
1572316410, 68, 255, 293, 51, 4, 4.87%, 0, 0, 9, 648.22
1572316415, 68, 296, 302, 55, 0, 4.87%, 0, 0, 9, 252.75
1572316420, 69, 215, 313, 59, 0, 4.87%, 0, 0, 9, 3259.57
1572316425, 70, 317, 318, 55, 1, 4.87%, 0, 0, 9, 2969.71
1572316430, 74, 301, 326, 57, 1, 4.89%, 0, 0, 9, 2541.58
1572316435, 78, 247, 335, 61, 3, 4.95%, 0, 0, 9, 3029.53
1572316441, 80, 9, 343, 61, 0, 4.95%, 0, 0, 9, 2725.27
1572316446, 83, 85, 350, 63, 0, 4.96%, 0, 0, 9, 2150.39
1572316451, 85, 354, 355, 60, 1, 4.97%, 0, 0, 9, 2917.48
1572316456, 87, 300, 361, 59, 1, 4.98%, 0, 0, 10, 2900.03
1572316461, 88, 364, 368, 61, 0, 4.98%, 0, 0, 10, 2731.80
1572316466, 90, 371, 377, 65, 3, 4.99%, 0, 0, 10, 2066.87
1572316471, 94, 384, 389, 69, 0, 5.01%, 0, 0, 10, 209.68
1572316477, 96, 396, 397, 70, 1, 5.02%, 0, 0, 10, 2663.13
1572316482, 97, 319, 398, 62, 0, 5.02%, 0, 0, 10, 3148.72
1572316487, 97, 350, 399, 57, 0, 5.02%, 0, 0, 10, 2312.09
1572316492, 99, 402, 406, 56, 2, 5.06%, 0, 0, 10, 2875.12
1572316497, 100, 221, 415, 58, 0, 5.10%, 0, 0, 10, 2493.37
1572316502, 102, 425, 428, 63, 2, 5.14%, 0, 0, 10, 2853.97
1572316507, 105, 2, 437, 63, 0, 5.16%, 0, 0, 10, 3437.72
1572316512, 107, 190, 455, 75, 0, 5.19%, 0, 0, 10, 2913.70
1572316517, 107, 340, 456, 67, 0, 5.19%, 0, 0, 10, 3300.43
1572316522, 108, 461, 466, 68, 2, 5.20%, 0, 0, 10, 3598.58
1572316527, 110, 405, 482, 78, 8, 5.22%, 0, 0, 10, 2811.99
1572316532, 110, 482, 483, 70, 1, 5.22%, 0, 0, 10, 3316.20
1572316537, 112, 492, 493, 75, 1, 5.23%, 0, 0, 10, 3097.56
1572316543, 114, 499, 501, 73, 2, 5.24%, 0, 0, 10, 3083.52
1572316548, 116, 508, 509, 73, 1, 5.28%, 0, 0, 11, 3267.88
1572316553, 118, 303, 515, 74, 0, 5.28%, 0, 0, 11, 3070.19
1572316558, 118, 426, 515, 65, 0, 5.28%, 0, 0, 11, 3291.33
1572316563, 118, 483, 515, 59, 0, 5.28%, 0, 0, 11, 222.42
1572316568, 121, 127, 519, 54, 0, 5.28%, 0, 0, 11, 2765.35
1572316573, 123, 448, 529, 59, 1, 5.30%, 0, 0, 11, 202.95
1572316578, 125, 504, 533, 57, 1, 5.30%, 0, 0, 11, 3163.41
1572316583, 127, 445, 540, 56, 3, 5.31%, 0, 0, 11, 579.39
1572316588, 129, 543, 544, 54, 1, 5.32%, 0, 0, 11, 2421.68
1572316593, 134, 494, 551, 52, 1, 5.33%, 0, 0, 13, 2648.59
1572316599, 136, 486, 559, 51, 1, 5.35%, 0, 0, 13, 3001.88
1572316604, 138, 162, 569, 57, 0, 5.35%, 0, 0, 13, 1891.38
1572316609, 140, 348, 574, 57, 0, 5.35%, 0, 0, 13, 2286.52
1572316614, 141, 433, 577, 55, 0, 5.35%, 0, 0, 13, 3197.30
1572316619, 143, 284, 584, 57, 0, 5.36%, 0, 0, 13, 2574.36
1572316624, 143, 488, 588, 55, 0, 5.36%, 0, 0, 13, 212.65
1572316629, 144, 593, 595, 55, 2, 5.38%, 0, 0, 13, 1231.64
1572316634, 146, 396, 598, 53, 0, 5.58%, 0, 0, 13, 1845.89
1572316639, 147, 480, 599, 48, 0, 5.58%, 0, 0, 13, 2646.27
1572316645, 147, 545, 600, 43, 0, 5.58%, 0, 0, 13, 2677.46
1572316650, 148, 501, 601, 37, 0, 5.58%, 0, 0, 13, 2924.26
1572316655, 150, 26, 610, 41, 0, 5.60%, 0, 0, 13, 2213.96
1572316660, 151, 614, 617, 46, 2, 5.60%, 0, 0, 13, 289.42
1572316665, 152, 629, 643, 68, 4, 5.61%, 0, 0, 13, 2020.79
1572316670, 153, 162, 645, 64, 0, 5.61%, 0, 0, 13, 2030.09
1572316675, 155, 656, 661, 71, 4, 5.70%, 0, 0, 13, 3611.58
1572316681, 156, 561, 673, 78, 1, 5.71%, 0, 0, 13, 514.55
1572316686, 156, 674, 680, 79, 5, 5.73%, 0, 0, 13, 3644.27
1572316691, 158, 182, 681, 72, 0, 5.73%, 0, 0, 13, 2985.49
1572316696, 160, 511, 684, 71, 0, 5.74%, 0, 0, 13, 243.45
1572316701, 160, 610, 685, 64, 0, 5.74%, 0, 0, 13, 3390.00
1572316706, 161, 570, 687, 59, 0, 5.74%, 0, 0, 13, 2705.21
1572316711, 161, 663, 687, 47, 0, 5.74%, 0, 0, 13, 3416.10
1572316716, 162, 691, 698, 52, 5, 5.74%, 0, 0, 13, 2575.11
1572316721, 163, 513, 701, 50, 0, 5.74%, 0, 0, 13, 199.97
1572316726, 164, 632, 723, 70, 8, 5.80%, 0, 0, 13, 1346.89
1572316731, 164, 726, 727, 66, 1, 5.80%, 0, 0, 13, 2847.83
1572316737, 165, 731, 732, 66, 1, 5.80%, 0, 0, 13, 3511.05
1572316742, 167, 484, 743, 72, 2, 5.85%, 0, 0, 13, 401.69
1572316747, 167, 739, 746, 72, 1, 5.85%, 0, 0, 13, 223.32
1572316752, 170, 84, 749, 69, 0, 5.92%, 0, 0, 13, 2171.01
1572316757, 171, 601, 752, 67, 0, 5.92%, 0, 0, 13, 2649.36
1572316762, 172, 586, 767, 75, 5, 5.95%, 0, 0, 13, 423.28
1572316767, 173, 277, 768, 68, 0, 5.95%, 0, 0, 13, 2716.52
1572316772, 174, 622, 772, 66, 0, 5.95%, 0, 0, 13, 2638.43
1572316777, 176, 623, 777, 63, 0, 5.95%, 0, 0, 13, 2465.38
1572316783, 178, 84, 781, 62, 0, 5.95%, 0, 0, 13, 3363.48
1572316788, 179, 566, 782, 60, 0, 5.95%, 0, 0, 13, 2283.08
1572316793, 182, 545, 789, 61, 0, 6.00%, 0, 0, 13, 1879.08
1572316798, 184, 588, 793, 58, 0, 6.00%, 0, 0, 13, 2322.80
1572316803, 187, 165, 798, 56, 0, 6.00%, 0, 0, 13, 2355.99
1572316808, 187, 749, 799, 50, 0, 6.00%, 0, 0, 13, 3103.81
1572316813, 188, 190, 799, 41, 0, 6.00%, 0, 0, 13, 2709.03
1572316818, 189, 671, 805, 43, 1, 6.01%, 0, 0, 13, 2500.75
1572316823, 191, 700, 806, 37, 0, 6.01%, 0, 0, 13, 2603.97
1572316828, 193, 545, 811, 35, 0, 6.01%, 0, 0, 13, 2328.09
1572316833, 195, 697, 818, 38, 1, 6.02%, 0, 0, 13, 2396.04
1572316839, 196, 545, 820, 37, 0, 6.02%, 0, 0, 13, 2690.61
1572316844, 198, 165, 823, 34, 0, 6.03%, 0, 0, 13, 2054.85
1572316849, 201, 84, 831, 39, 0, 6.04%, 0, 0, 13, 1823.82
1572316854, 203, 84, 834, 38, 0, 6.05%, 0, 0, 13, 2046.03
1572316859, 203, 838, 842, 42, 2, 6.05%, 0, 0, 13, 1909.93
1572316864, 205, 845, 846, 42, 0, 6.05%, 0, 0, 13, 323.14
1572316869, 207, 841, 854, 47, 1, 6.07%, 0, 0, 14, 202.33
1572316875, 210, 864, 870, 55, 4, 6.10%, 0, 0, 14, 157.89
1572316880, 211, 127, 875, 53, 0, 6.10%, 0, 0, 14, 288.56
1572316885, 214, 885, 887, 61, 1, 6.11%, 0, 0, 14, 2260.65
1572316890, 217, 125, 899, 67, 0, 6.12%, 0, 0, 14, 3417.18
1572316895, 218, 905, 912, 76, 2, 6.12%, 0, 0, 14, 376.23
1572316900, 220, 907, 921, 79, 6, 6.18%, 0, 0, 14, 1013.34
1572316905, 222, 316, 926, 76, 0, 6.18%, 0, 0, 14, 351.75
1572316910, 223, 935, 936, 83, 1, 6.19%, 0, 0, 14, 3654.20
1572316915, 225, 941, 942, 84, 0, 6.19%, 0, 0, 14, 315.79
1572316921, 226, 772, 943, 80, 0, 6.19%, 0, 0, 14, 3565.87
1572316926, 227, 911, 953, 86, 2, 6.19%, 0, 0, 14, 3460.34
1572316931, 228, 709, 963, 93, 0, 6.19%, 0, 0, 14, 2052.12
1572316936, 229, 165, 965, 90, 0, 6.19%, 0, 0, 14, 3202.86
1572316941, 229, 793, 974, 96, 0, 6.19%, 0, 0, 14, 3141.08
1572316946, 229, 839, 976, 93, 0, 6.19%, 0, 0, 14, 2623.50
1572316951, 229, 944, 977, 85, 0, 6.19%, 0, 0, 14, 3181.93
1572316956, 230, 875, 979, 79, 1, 6.19%, 0, 0, 14, 3202.54
1572316961, 232, 84, 989, 81, 0, 6.20%, 0, 0, 14, 1769.19
1572316966, 234, 998, 999, 86, 1, 6.20%, 0, 0, 14, 2464.51
1572316972, 236, 643, 1006, 87, 0, 6.21%, 0, 0, 14, 3356.42
1572316977, 236, 1008, 1011, 89, 0, 6.21%, 0, 0, 14, 3646.77
1572316982, 238, 547, 1019, 92, 0, 6.21%, 0, 0, 14, 2621.89
1572316987, 240, 827, 1030, 98, 2, 6.21%, 0, 0, 14, 2462.86
1572316992, 242, 425, 1040, 104, 0, 6.21%, 0, 0, 14, 631.65
1572316997, 243, 1045, 1046, 106, 1, 6.23%, 0, 0, 14, 1672.16
1572317002, 244, 1050, 1052, 109, 0, 6.23%, 0, 0, 14, 3181.79
1572317007, 245, 1054, 1067, 119, 6, 6.25%, 0, 0, 14, 2875.63
1572317012, 247, 972, 1071, 115, 1, 6.25%, 0, 0, 14, 2238.82
1572317017, 248, 0, 1078, 116, 0, 6.26%, 0, 0, 14, 2118.98
1572317023, 248, 1085, 1089, 125, 1, 6.26%, 0, 0, 14, 569.03
1572317028, 251, 196, 1095, 126, 0, 6.27%, 0, 0, 14, 1737.42
1572317033, 251, 1103, 1107, 137, 1, 6.28%, 0, 0, 14, 1738.87
1572317038, 253, 547, 1109, 133, 0, 6.29%, 0, 0, 14, 2482.57
1572317043, 254, 959, 1116, 136, 1, 6.30%, 0, 0, 14, 2978.88
1572317048, 255, 1118, 1119, 134, 1, 6.30%, 0, 0, 14, 2022.75
1572317053, 257, 620, 1125, 135, 0, 6.31%, 0, 0, 14, 2317.49
1572317058, 258, 545, 1131, 139, 0, 6.31%, 0, 0, 14, 275.06
1572317063, 259, 1133, 1134, 138, 1, 6.31%, 0, 0, 14, 2351.74
1572317068, 261, 718, 1136, 135, 0, 6.31%, 0, 0, 14, 2652.88
1572317073, 262, 1142, 1144, 139, 1, 6.32%, 0, 0, 14, 2241.63
1572317078, 263, 1047, 1152, 146, 1, 6.32%, 0, 0, 14, 150.22
1572317083, 264, 808, 1172, 160, 0, 6.32%, 0, 0, 14, 2817.36
1572317089, 266, 1024, 1181, 164, 1, 6.32%, 0, 0, 14, 2175.88
1572317094, 268, 196, 1183, 161, 0, 6.32%, 0, 0, 14, 3366.40
1572317099, 269, 1057, 1191, 167, 1, 6.32%, 0, 0, 14, 192.17
1572317104, 271, 835, 1195, 162, 1, 6.43%, 0, 0, 14, 2664.71
1572317109, 271, 1091, 1195, 159, 1, 6.43%, 0, 0, 14, 2875.00
1572317114, 273, 859, 1203, 159, 1, 6.46%, 0, 0, 15, 2107.77
1572317119, 275, 697, 1206, 156, 0, 6.46%, 0, 0, 15, 1626.48
1572317125, 276, 1084, 1214, 160, 2, 6.46%, 0, 0, 15, 129.50
1572317150, 276, 1210, 1214, 159, 2, 6.46%, 0, 0, 15, 2698.34
1572317155, 277, 882, 1222, 163, 1, 6.47%, 0, 0, 15, 187.20
1572317160, 278, 611, 1223, 158, 0, 6.47%, 0, 0, 15, 2585.56
1572317166, 280, 1228, 1230, 158, 1, 6.47%, 0, 0, 15, 2241.14
1572317171, 282, 1011, 1234, 159, 1, 6.48%, 0, 0, 15, 2407.96
1572317176, 283, 895, 1242, 164, 2, 6.48%, 0, 0, 15, 158.15
1572317181, 284, 831, 1247, 164, 0, 6.48%, 0, 0, 15, 2233.49
1572317186, 286, 1250, 1253, 163, 1, 6.48%, 0, 0, 15, 2082.40
1572317191, 287, 1097, 1260, 167, 1, 6.48%, 0, 0, 15, 90.11
1572317196, 288, 1030, 1266, 170, 1, 6.48%, 0, 0, 15, 264.00
1572317201, 289, 1270, 1271, 172, 1, 6.48%, 0, 0, 15, 496.43
1572317206, 291, 322, 1276, 171, 0, 6.49%, 0, 0, 15, 597.57
1572317211, 291, 1200, 1283, 176, 1, 6.49%, 0, 0, 15, 264.06
1572317216, 292, 1007, 1284, 174, 1, 6.49%, 0, 0, 15, 3010.92
1572317222, 293, 1284, 1287, 172, 1, 6.49%, 0, 0, 15, 366.67
1572317227, 295, 992, 1292, 171, 2, 6.50%, 0, 0, 15, 2230.98
1572317232, 297, 968, 1298, 174, 2, 6.51%, 0, 0, 15, 163.22
1572317237, 298, 357, 1298, 168, 0, 6.51%, 0, 0, 15, 2877.84
1572317242, 300, 675, 1300, 165, 0, 6.51%, 0, 0, 15, 2154.61
1572317247, 301, 564, 1305, 167, 0, 6.51%, 0, 0, 15, 2991.23
1572317253, 302, 699, 1310, 169, 0, 6.51%, 0, 0, 15, 3181.78
1572317258, 303, 1217, 1314, 171, 1, 6.51%, 0, 0, 15, 1437.09
1572317263, 304, 929, 1324, 175, 0, 6.51%, 0, 0, 15, 2354.96
1572317268, 304, 995, 1326, 168, 0, 6.51%, 0, 0, 15, 2939.64
1572317273, 304, 1144, 1327, 159, 0, 6.51%, 0, 0, 15, 3286.60
1572317278, 304, 1328, 1331, 154, 1, 6.51%, 0, 0, 15, 3345.69
1572317283, 306, 165, 1344, 160, 0, 6.52%, 0, 0, 15, 3344.51
1572317289, 306, 1344, 1347, 161, 3, 6.53%, 0, 0, 15, 1044.58
1572317294, 307, 1350, 1352, 161, 0, 6.54%, 0, 0, 15, 944.87
1572317324, 307, 1350, 1353, 162, 0, 6.54%, 0, 0, 15, 45.50
1572317329, 307, 1350, 1358, 167, 0, 6.54%, 0, 0, 15, 36.49
1572317334, 307, 1350, 1359, 168, 0, 6.54%, 0, 0, 15, 31.12
1572317339, 307, 1358, 1359, 166, 0, 6.54%, 0, 0, 15, 49.96
1572317365, 308, 1325, 1363, 166, 1, 6.54%, 0, 0, 15, 3452.64
1572317370, 310, 1307, 1371, 171, 2, 6.55%, 0, 0, 15, 214.48
1572317375, 311, 546, 1372, 167, 0, 6.55%, 0, 0, 15, 2938.30
1572317380, 312, 1338, 1375, 167, 1, 6.55%, 0, 0, 15, 615.93
1572317385, 314, 606, 1382, 169, 0, 6.55%, 0, 0, 15, 1375.23
1572317391, 315, 1319, 1386, 168, 1, 6.56%, 0, 0, 15, 2110.69
1572317396, 316, 718, 1388, 166, 0, 6.56%, 0, 0, 15, 595.03
1572317401, 317, 1318, 1394, 167, 1, 6.56%, 0, 0, 15, 3378.28
1572317406, 318, 1190, 1404, 174, 3, 6.56%, 0, 0, 15, 176.33
1572317411, 319, 494, 1409, 172, 0, 6.56%, 0, 0, 15, 590.31
1572317416, 319, 1409, 1413, 173, 2, 6.57%, 0, 0, 15, 2985.74
1572317421, 321, 1144, 1417, 174, 1, 6.62%, 0, 0, 15, 281.59
1572317426, 321, 1278, 1417, 173, 1, 6.62%, 0, 0, 15, 785.00
1572317431, 321, 1367, 1421, 176, 1, 6.62%, 0, 0, 15, 112.06
1572317437, 322, 1309, 1423, 175, 2, 6.62%, 0, 0, 15, 978.13
1572317442, 323, 1420, 1425, 172, 1, 6.62%, 0, 0, 15, 90.00
1572317447, 323, 1424, 1426, 172, 1, 6.62%, 0, 0, 16, 2051.80
1572317452, 324, 1351, 1432, 176, 1, 6.62%, 0, 0, 16, 163.95
1572317457, 325, 1276, 1434, 175, 1, 6.63%, 0, 0, 16, 270.22
1572317462, 327, 1151, 1440, 178, 1, 6.63%, 0, 0, 16, 1705.11
1572317467, 328, 185, 1440, 175, 0, 6.63%, 0, 0, 16, 3407.83
1572317473, 328, 1049, 1444, 172, 0, 6.63%, 0, 0, 16, 2257.25
1572317478, 328, 1087, 1446, 171, 0, 6.63%, 0, 0, 16, 1209.43
1572317483, 329, 1086, 1451, 170, 1, 6.64%, 0, 0, 16, 1882.93
1572317488, 330, 1138, 1452, 168, 1, 6.64%, 0, 0, 16, 254.19
1572317493, 331, 1220, 1456, 170, 1, 6.64%, 0, 0, 16, 251.21
1572317498, 332, 1458, 1462, 171, 1, 6.65%, 0, 0, 16, 3387.10
1572317508, 332, 1458, 1463, 172, 1, 6.65%, 0, 0, 16, 34.14
1572317513, 333, 1440, 1469, 176, 1, 6.66%, 0, 0, 16, 3649.94
1572317519, 334, 1471, 1474, 175, 2, 6.71%, 0, 0, 16, 2765.68
1572317529, 335, 1476, 1477, 172, 0, 6.71%, 0, 0, 16, 3381.19
1572317534, 336, 1437, 1482, 175, 1, 6.72%, 0, 0, 16, 226.66
1572317539, 337, 1306, 1486, 176, 2, 6.72%, 0, 0, 16, 282.32
1572317544, 338, 924, 1487, 172, 0, 6.72%, 0, 0, 16, 2540.86
1572317549, 338, 1115, 1487, 166, 0, 6.72%, 0, 0, 16, 2562.75
1572317555, 338, 1320, 1487, 155, 0, 6.72%, 0, 0, 16, 3308.30
1572317560, 338, 1352, 1488, 152, 0, 6.72%, 0, 0, 16, 49.19
1572317585, 338, 1357, 1488, 151, 0, 6.72%, 0, 0, 16, 50.99
1572317610, 338, 1403, 1488, 148, 0, 6.72%, 0, 0, 16, 2373.44
1572317616, 338, 1490, 1493, 144, 1, 6.73%, 0, 0, 16, 656.67
1572317621, 339, 1249, 1496, 145, 2, 6.75%, 0, 0, 16, 1259.80
1572317626, 340, 1417, 1499, 144, 1, 6.75%, 0, 0, 16, 125.95
1572317631, 341, 1448, 1502, 145, 2, 6.77%, 0, 0, 16, 1921.68
1572317636, 343, 162, 1506, 141, 0, 6.77%, 0, 0, 16, 2568.85
1572317641, 343, 1033, 1509, 141, 0, 6.77%, 0, 0, 16, 205.34
1572317646, 343, 1164, 1511, 134, 0, 6.77%, 0, 0, 16, 3542.35
1572317651, 345, 655, 1514, 130, 0, 6.80%, 0, 0, 16, 2596.39
1572317657, 345, 1443, 1516, 131, 1, 6.80%, 0, 0, 16, 143.76
1572317662, 347, 790, 1519, 131, 0, 6.80%, 0, 0, 16, 522.60
1572317667, 349, 151, 1521, 128, 0, 6.80%, 0, 0, 16, 3192.77
1572317672, 349, 1523, 1527, 132, 0, 6.80%, 0, 0, 16, 184.41
1572317677, 350, 1418, 1530, 132, 1, 6.80%, 0, 0, 16, 90.34
1572317682, 350, 1498, 1531, 131, 1, 6.80%, 0, 0, 16, 3504.84
1572317687, 351, 1337, 1535, 130, 1, 6.80%, 0, 0, 16, 2650.39
1572317692, 352, 1367, 1541, 131, 1, 6.81%, 0, 0, 16, 101.53
1572317698, 352, 1536, 1542, 131, 1, 6.81%, 0, 0, 16, 54.62
1572317738, 352, 1536, 1544, 133, 1, 6.81%, 0, 0, 16, 43.05
1572317748, 352, 1541, 1544, 132, 1, 6.81%, 0, 0, 16, 91.56
1572317754, 352, 1542, 1544, 131, 1, 6.81%, 0, 0, 16, 80.60
1572317794, 354, 540, 1548, 132, 0, 6.81%, 0, 0, 16, 281.35
1572317799, 354, 1178, 1550, 130, 0, 6.81%, 0, 0, 16, 2802.34
1572317804, 355, 706, 1551, 122, 0, 6.81%, 0, 0, 16, 2803.30
1572317810, 356, 1555, 1557, 126, 1, 6.81%, 0, 0, 16, 1318.78
1572317815, 357, 1218, 1559, 125, 0, 6.81%, 0, 0, 16, 1642.78
1572317820, 357, 1355, 1559, 118, 0, 6.81%, 0, 0, 16, 2460.99
1572317825, 357, 1474, 1560, 110, 0, 6.81%, 0, 0, 16, 2926.05
1572317830, 357, 1489, 1560, 107, 0, 6.81%, 0, 0, 16, 321.40
1572317835, 357, 1492, 1562, 108, 0, 6.81%, 0, 0, 16, 49.59
1572317871, 357, 1524, 1562, 103, 0, 6.81%, 0, 0, 16, 313.73
1572317876, 357, 1544, 1562, 101, 0, 6.81%, 0, 0, 16, 2314.43
1572317881, 357, 1561, 1562, 98, 0, 6.81%, 0, 0, 16, 1294.84
1572317886, 358, 1510, 1565, 100, 1, 6.81%, 0, 0, 16, 3640.00
1572317891, 359, 1175, 1568, 98, 0, 6.81%, 0, 0, 16, 1188.52
1572317896, 361, 84, 1571, 95, 0, 6.83%, 0, 0, 16, 1316.41
1572317901, 362, 1124, 1577, 100, 0, 6.83%, 0, 0, 16, 198.50
1572317907, 362, 1333, 1577, 96, 0, 6.83%, 0, 0, 16, 176.44
1572317912, 362, 1354, 1577, 94, 0, 6.83%, 0, 0, 16, 132.30
1572317922, 362, 1577, 1578, 90, 1, 6.85%, 0, 0, 16, 1569.06
1572317927, 362, 1578, 1580, 91, 2, 6.85%, 0, 0, 16, 723.43
1572317932, 363, 879, 1581, 90, 0, 6.85%, 0, 0, 16, 654.90
1572317937, 364, 1539, 1586, 93, 1, 6.86%, 0, 0, 16, 92.78
1572317942, 364, 1584, 1586, 90, 1, 6.86%, 0, 0, 16, 3617.23
1572317947, 365, 1590, 1591, 91, 1, 6.86%, 0, 0, 16, 1553.15
1572317953, 366, 1430, 1595, 93, 1, 6.86%, 0, 0, 16, 3654.39
1572317958, 368, 545, 1598, 91, 0, 6.86%, 0, 0, 16, 335.21
1572317963, 368, 1444, 1602, 95, 1, 6.86%, 0, 0, 16, 172.30
1572317968, 369, 1455, 1604, 95, 1, 6.86%, 0, 0, 16, 3649.90
1572317973, 369, 1567, 1604, 93, 1, 6.86%, 0, 0, 16, 141.62
1572318008, 369, 1589, 1604, 92, 1, 6.86%, 0, 0, 16, 49.27
1572318034, 369, 1589, 1607, 95, 1, 6.86%, 0, 0, 16, 51.58
1572318039, 369, 1589, 1609, 97, 1, 6.86%, 0, 0, 16, 45.39
1572318044, 369, 1608, 1609, 95, 1, 6.86%, 0, 0, 16, 49.75
1572318069, 369, 1608, 1610, 96, 1, 6.86%, 0, 0, 16, 50.66
1572318074, 370, 1610, 1613, 98, 3, 6.88%, 0, 0, 16, 1076.76
1572318079, 371, 1469, 1615, 97, 1, 6.88%, 0, 0, 16, 1570.61
1572318085, 371, 1469, 1616, 98, 1, 6.88%, 0, 0, 16, 78.41
1572318090, 371, 1614, 1616, 96, 1, 6.88%, 0, 0, 16, 2511.49
1572318095, 373, 833, 1618, 95, 0, 6.88%, 0, 0, 16, 544.31
1572318100, 374, 1621, 1622, 97, 1, 6.89%, 0, 0, 16, 2670.13
1572318105, 376, 1597, 1629, 101, 1, 6.89%, 0, 0, 16, 689.98
1572318115, 377, 1259, 1633, 102, 0, 6.89%, 0, 0, 16, 3214.19
1572318120, 377, 1634, 1635, 97, 1, 6.90%, 0, 0, 16, 514.74
1572318125, 378, 1207, 1636, 97, 0, 6.90%, 0, 0, 16, 3630.00
1572318130, 378, 1381, 1636, 91, 0, 6.90%, 0, 0, 16, 3029.71
1572318135, 378, 1509, 1638, 89, 0, 6.90%, 0, 0, 16, 3344.68
1572318140, 378, 1543, 1639, 89, 0, 6.90%, 0, 0, 16, 48.84
1572318176, 378, 1575, 1639, 84, 0, 6.90%, 0, 0, 16, 3131.87
1572318181, 378, 1639, 1643, 87, 1, 6.90%, 0, 0, 16, 468.86
1572318187, 379, 1643, 1645, 87, 2, 6.90%, 0, 0, 16, 3583.54
1572318192, 380, 1557, 1650, 90, 1, 6.90%, 0, 0, 16, 3413.89
1572318197, 381, 1215, 1656, 91, 0, 6.90%, 0, 0, 16, 637.69
1572318202, 381, 1459, 1656, 84, 0, 6.90%, 0, 0, 16, 3088.95
1572318207, 382, 1112, 1659, 82, 0, 6.90%, 0, 0, 16, 3648.51
1572318212, 382, 1587, 1660, 82, 1, 6.90%, 0, 0, 16, 49.64
1572318228, 382, 1601, 1660, 81, 1, 6.90%, 0, 0, 16, 75.84
1572318233, 383, 778, 1660, 79, 0, 6.90%, 0, 0, 16, 1697.83
1572318238, 384, 1662, 1663, 80, 1, 6.90%, 0, 0, 16, 198.41
1572318243, 386, 653, 1665, 80, 0, 6.90%, 0, 0, 16, 313.82
1572318248, 386, 1385, 1671, 85, 0, 6.90%, 0, 0, 16, 237.30
1572318253, 386, 1608, 1681, 94, 1, 6.91%, 0, 0, 16, 48.43
1572318259, 386, 1678, 1682, 94, 2, 6.91%, 0, 0, 16, 105.87
1572318269, 386, 1678, 1683, 95, 2, 6.91%, 0, 0, 16, 114.43
1572318274, 386, 1679, 1683, 94, 2, 6.91%, 0, 0, 16, 95.35
1572318299, 387, 1574, 1684, 93, 1, 6.91%, 0, 0, 16, 3090.00
1572318304, 387, 1685, 1686, 92, 0, 6.91%, 0, 0, 16, 80.63
1572318325, 387, 1685, 1688, 94, 0, 6.91%, 0, 0, 16, 64.09
1572318330, 387, 1688, 1691, 96, 1, 6.92%, 0, 0, 16, 55.04
1572318350, 388, 1678, 1695, 99, 1, 6.92%, 0, 0, 16, 52.46
1572318355, 388, 1695, 1698, 101, 2, 6.93%, 0, 0, 16, 204.36
1572318365, 388, 1695, 1699, 102, 2, 6.93%, 0, 0, 16, 121.96
1572318371, 388, 1698, 1699, 100, 2, 6.93%, 0, 0, 16, 204.21
1572318376, 389, 1687, 1699, 99, 1, 6.93%, 0, 0, 16, 154.37
1572318391, 389, 1693, 1699, 98, 1, 6.93%, 0, 0, 16, 112.12
1572318396, 389, 1694, 1699, 97, 0, 6.93%, 0, 0, 16, 147.72
1572318412, 390, 1700, 1701, 97, 1, 6.93%, 0, 0, 16, 3294.47
1572318417, 391, 1704, 1706, 100, 1, 6.93%, 0, 0, 16, 2485.15
1572318422, 392, 1353, 1706, 99, 0, 6.93%, 0, 0, 16, 83.44
1572318462, 392, 1497, 1706, 97, 0, 6.93%, 0, 0, 16, 1517.82
1572318468, 392, 1607, 1706, 90, 0, 6.93%, 0, 0, 16, 49.65
1572318493, 392, 1609, 1706, 89, 0, 6.93%, 0, 0, 16, 49.51
1572318513, 392, 1625, 1706, 87, 0, 6.93%, 0, 0, 16, 2090.72
1572318518, 392, 1640, 1706, 84, 0, 6.93%, 0, 0, 16, 440.60
1572318523, 392, 1657, 1706, 81, 0, 6.93%, 0, 0, 16, 3391.46
1572318528, 392, 1690, 1706, 76, 0, 6.93%, 0, 0, 16, 56.95
1572318549, 393, 1673, 1708, 75, 2, 6.94%, 0, 0, 16, 49.64
1572318579, 393, 1673, 1709, 76, 2, 6.94%, 0, 0, 16, 55.56
1572318584, 393, 1706, 1710, 76, 2, 6.94%, 0, 0, 16, 3068.62
1572318589, 394, 1717, 1718, 81, 1, 6.94%, 0, 0, 16, 227.62
1572318605, 395, 865, 1718, 80, 0, 6.94%, 0, 0, 16, 826.79
1572318610, 395, 1558, 1720, 82, 1, 6.94%, 0, 0, 16, 47.70
1572318630, 395, 1720, 1721, 81, 1, 6.94%, 0, 0, 16, 176.32
1572318635, 396, 1286, 1724, 82, 0, 6.95%, 0, 0, 16, 505.53
1572318640, 397, 1142, 1727, 83, 0, 6.95%, 0, 0, 16, 1977.41
1572318645, 398, 964, 1730, 84, 0, 6.95%, 0, 0, 16, 412.27
1572318651, 399, 1735, 1736, 89, 1, 6.95%, 0, 0, 16, 203.86
1572318656, 401, 915, 1738, 88, 0, 6.95%, 0, 0, 16, 2644.40
1572318661, 402, 1743, 1744, 92, 1, 6.96%, 0, 0, 16, 3571.83
1572318666, 403, 1163, 1744, 91, 0, 6.96%, 0, 0, 16, 694.55
1572318671, 404, 1746, 1747, 91, 1, 6.97%, 0, 0, 16, 3660.00
1572318676, 405, 1609, 1754, 97, 1, 6.99%, 0, 0, 16, 38.55
1572318681, 405, 1627, 1755, 97, 2, 6.99%, 0, 0, 16, 94.52
1572318686, 405, 1749, 1755, 95, 1, 6.99%, 0, 0, 16, 70.76
1572318717, 405, 1749, 1757, 97, 1, 6.99%, 0, 0, 16, 45.65
1572318722, 405, 1756, 1758, 97, 1, 6.99%, 0, 0, 16, 45.05
1572318747, 405, 1757, 1758, 96, 0, 6.99%, 0, 0, 16, 65.68
1572318773, 406, 804, 1759, 96, 0, 6.99%, 0, 0, 16, 322.49
1572318778, 406, 1514, 1762, 99, 1, 6.99%, 0, 0, 16, 56.76
1572318783, 406, 1641, 1762, 98, 1, 6.99%, 0, 0, 16, 368.53
1572318788, 407, 1763, 1766, 99, 2, 6.99%, 0, 0, 16, 3567.37
1572318793, 408, 1768, 1771, 100, 3, 7.01%, 0, 0, 16, 2799.07
1572318798, 409, 1772, 1776, 99, 2, 7.02%, 0, 0, 16, 2487.46
1572318803, 410, 1609, 1784, 105, 1, 7.02%, 0, 0, 16, 51.72
1572318809, 410, 1637, 1786, 107, 1, 7.02%, 0, 0, 16, 412.48
1572318814, 410, 1782, 1786, 104, 0, 7.02%, 0, 0, 16, 49.69
1572318849, 410, 1783, 1786, 103, 0, 7.02%, 0, 0, 16, 45.10
1572318875, 410, 1785, 1786, 102, 0, 7.02%, 0, 0, 16, 37.71
1572318900, 411, 709, 1786, 101, 0, 7.02%, 0, 0, 16, 454.48
1572318905, 412, 880, 1790, 103, 0, 7.02%, 0, 0, 16, 2742.57
1572318910, 412, 1696, 1793, 105, 1, 7.02%, 0, 0, 16, 111.97
1572318936, 412, 1696, 1794, 106, 1, 7.02%, 0, 0, 16, 50.62
1572318941, 412, 1782, 1795, 106, 2, 7.07%, 0, 0, 17, 42.65
1572318946, 412, 1794, 1795, 105, 1, 7.07%, 0, 0, 17, 124.48
1572318966, 413, 1675, 1796, 105, 1, 7.07%, 0, 0, 17, 103.58
1572318992, 413, 1675, 1797, 106, 1, 7.07%, 0, 0, 17, 52.33
1572318997, 414, 1798, 1799, 104, 1, 7.09%, 0, 0, 17, 1864.77
1572319002, 416, 1803, 1804, 105, 1, 7.09%, 0, 0, 17, 3555.00
1572319007, 417, 1791, 1805, 103, 1, 7.09%, 0, 0, 17, 49.70
1572319032, 419, 1808, 1810, 104, 2, 7.10%, 0, 0, 17, 1439.30
1572319037, 421, 926, 1811, 101, 0, 7.10%, 0, 0, 17, 1608.58
1572319043, 421, 1538, 1813, 103, 0, 7.10%, 0, 0, 17, 106.95
1572319048, 421, 1620, 1813, 99, 0, 7.10%, 0, 0, 17, 3321.47
1572319053, 421, 1815, 1817, 101, 2, 7.10%, 0, 0, 17, 104.80
1572319068, 422, 1082, 1817, 99, 0, 7.10%, 0, 0, 17, 631.98
1572319073, 422, 1467, 1820, 102, 0, 7.10%, 0, 0, 17, 520.34
1572319078, 422, 1821, 1823, 104, 1, 7.10%, 0, 0, 17, 350.52
1572319083, 423, 1819, 1825, 104, 1, 7.10%, 0, 0, 17, 641.86
1572319094, 424, 1780, 1829, 105, 2, 7.11%, 0, 0, 17, 338.74
1572319120, 424, 1790, 1830, 105, 2, 7.11%, 0, 0, 17, 2825.00
1572319125, 425, 1412, 1831, 103, 0, 7.11%, 0, 0, 17, 534.74
1572319130, 425, 1769, 1833, 103, 1, 7.11%, 0, 0, 17, 422.85
1572319135, 426, 1633, 1834, 102, 1, 7.11%, 0, 0, 17, 72.48
1572319140, 427, 162, 1835, 100, 0, 7.11%, 0, 0, 17, 3489.94
1572319145, 427, 1750, 1839, 104, 1, 7.11%, 0, 0, 17, 40.58
1572319181, 427, 1838, 1839, 102, 0, 7.11%, 0, 0, 17, 168.46
1572319221, 428, 1482, 1839, 101, 0, 7.11%, 0, 0, 17, 171.76
1572319227, 428, 1606, 1839, 94, 0, 7.11%, 0, 0, 17, 60.05
1572319253, 428, 1676, 1839, 92, 0, 7.11%, 0, 0, 17, 78.97
1572319278, 428, 1676, 1840, 93, 0, 7.11%, 0, 0, 17, 49.27
1572319283, 428, 1676, 1842, 95, 0, 7.11%, 0, 0, 17, 44.07
1572319288, 428, 1680, 1842, 94, 0, 7.11%, 0, 0, 17, 47.83
1572319329, 428, 1681, 1842, 93, 0, 7.11%, 0, 0, 17, 49.43
1572319354, 428, 1684, 1842, 92, 0, 7.11%, 0, 0, 17, 99.07
1572319369, 428, 1686, 1842, 91, 0, 7.11%, 0, 0, 17, 68.26
1572319390, 428, 1708, 1842, 90, 0, 7.11%, 0, 0, 17, 50.33
1572319415, 428, 1753, 1843, 88, 0, 7.11%, 0, 0, 17, 109.42
1572319446, 428, 1796, 1843, 86, 0, 7.11%, 0, 0, 17, 49.74
1572319466, 428, 1813, 1843, 83, 0, 7.11%, 0, 0, 17, 531.23
1572319471, 428, 1822, 1843, 82, 0, 7.11%, 0, 0, 17, 51.92
1572319496, 428, 1839, 1843, 79, 0, 7.11%, 0, 0, 17, 66.12
1572319522, 429, 682, 1843, 78, 0, 7.11%, 0, 0, 17, 701.49
1572319527, 429, 1598, 1847, 82, 0, 7.11%, 0, 0, 17, 196.79
1572319532, 429, 1848, 1850, 83, 1, 7.11%, 0, 0, 17, 509.24
1572319537, 430, 1500, 1858, 90, 0, 7.11%, 0, 0, 17, 136.15
1572319542, 430, 1604, 1858, 86, 0, 7.11%, 0, 0, 17, 2468.80
1572319547, 430, 1605, 1858, 85, 0, 7.11%, 0, 0, 17, 49.37
1572319583, 430, 1674, 1859, 82, 0, 7.11%, 0, 0, 17, 49.68
1572319608, 430, 1689, 1859, 81, 0, 7.11%, 0, 0, 17, 53.82
1572319629, 430, 1689, 1860, 82, 0, 7.11%, 0, 0, 17, 57.43
1572319634, 430, 1860, 1861, 81, 1, 7.11%, 0, 0, 17, 1355.28
1572319654, 431, 1310, 1863, 82, 0, 7.11%, 0, 0, 17, 576.93
1572319659, 432, 1542, 1868, 86, 0, 7.11%, 0, 0, 17, 45.00
1572319665, 432, 1677, 1869, 86, 0, 7.11%, 0, 0, 17, 74.03
1572319695, 432, 1870, 1871, 86, 1, 7.11%, 0, 0, 17, 415.86
1572319736, 432, 1870, 1873, 88, 1, 7.11%, 0, 0, 17, 61.75
1572319741, 432, 1871, 1873, 87, 1, 7.11%, 0, 0, 17, 170.46
1572319746, 434, 1734, 1875, 87, 1, 7.12%, 0, 0, 17, 1679.32
1572319751, 435, 1862, 1877, 87, 1, 7.12%, 0, 0, 17, 157.66
1572319756, 436, 1741, 1878, 86, 1, 7.12%, 0, 0, 17, 141.37
1572319761, 436, 1755, 1878, 85, 1, 7.12%, 0, 0, 17, 86.20
1572319797, 437, 1783, 1884, 89, 1, 7.12%, 0, 0, 17, 38.32
1572319802, 437, 1885, 1887, 91, 0, 7.12%, 0, 0, 17, 269.99
1572319848, 437, 1885, 1889, 93, 0, 7.12%, 0, 0, 17, 38.30
1572319853, 437, 1888, 1889, 92, 0, 7.12%, 0, 0, 17, 46.26
1572319889, 438, 1458, 1890, 92, 0, 7.12%, 0, 0, 17, 774.26
1572319894, 438, 1729, 1891, 87, 0, 7.12%, 0, 0, 17, 92.78
1572319914, 438, 1751, 1891, 85, 0, 7.12%, 0, 0, 17, 49.45
1572319945, 438, 1752, 1891, 84, 0, 7.12%, 0, 0, 17, 46.92
1572319970, 438, 1891, 1892, 84, 1, 7.14%, 0, 0, 18, 64.18
1572319985, 439, 1221, 1893, 84, 0, 7.14%, 0, 0, 18, 791.18
1572319990, 439, 1784, 1894, 85, 1, 7.14%, 0, 0, 18, 48.26
1572320041, 440, 1543, 1895, 84, 1, 7.14%, 0, 0, 18, 30.31
1572320046, 440, 1896, 1899, 87, 3, 7.16%, 0, 0, 18, 2087.80
1572320052, 440, 1897, 1903, 90, 3, 7.16%, 0, 0, 18, 351.89
1572320057, 440, 1898, 1903, 89, 2, 7.16%, 0, 0, 18, 237.48
1572320062, 441, 14, 1903, 85, 0, 7.16%, 0, 0, 18, 2183.50
1572320067, 441, 1688, 1906, 88, 0, 7.16%, 0, 0, 18, 54.65
1572320072, 441, 1906, 1909, 91, 1, 7.16%, 0, 0, 18, 165.26
1572320082, 441, 1907, 1910, 91, 0, 7.16%, 0, 0, 18, 176.07
1572320087, 442, 929, 1910, 90, 0, 7.16%, 0, 0, 18, 279.55
1572320092, 443, 1749, 1919, 98, 1, 7.16%, 0, 0, 18, 46.62
1572320097, 443, 1865, 1920, 99, 2, 7.16%, 0, 0, 18, 56.35
1572320123, 443, 1918, 1920, 97, 1, 7.16%, 0, 0, 18, 261.82
1572320148, 443, 1918, 1923, 100, 1, 7.16%, 0, 0, 18, 80.77
1572320153, 443, 1920, 1923, 99, 1, 7.16%, 0, 0, 18, 86.74
1572320169, 444, 1590, 1925, 100, 0, 7.16%, 0, 0, 18, 587.43
1572320174, 444, 1811, 1929, 103, 1, 7.16%, 0, 0, 18, 333.38
1572320179, 444, 1927, 1929, 101, 1, 7.16%, 0, 0, 18, 513.27
1572320184, 445, 1505, 1931, 102, 0, 7.16%, 0, 0, 18, 540.82
1572320189, 445, 1695, 1935, 104, 1, 7.17%, 0, 0, 18, 46.69
1572320194, 445, 1922, 1935, 103, 2, 7.17%, 0, 0, 18, 70.56
1572320220, 445, 1933, 1935, 102, 2, 7.17%, 0, 0, 18, 56.78
1572320260, 445, 1934, 1935, 101, 1, 7.17%, 0, 0, 18, 89.66
1572320270, 446, 162, 1937, 102, 0, 7.17%, 0, 0, 18, 135.03
1572320275, 447, 1815, 1945, 108, 1, 7.18%, 0, 0, 18, 65.46
1572320280, 447, 1938, 1952, 115, 3, 7.19%, 0, 0, 18, 1529.18
1572320286, 447, 1946, 1952, 114, 2, 7.19%, 0, 0, 18, 114.98
1572320316, 447, 1949, 1952, 113, 1, 7.19%, 0, 0, 18, 69.95
1572320347, 448, 1544, 1952, 112, 0, 7.19%, 0, 0, 18, 754.75
1572320352, 449, 1675, 1958, 116, 1, 7.20%, 0, 0, 18, 81.02
1572320358, 450, 1542, 1960, 116, 0, 7.20%, 0, 0, 18, 92.86
1572320363, 450, 1709, 1962, 117, 0, 7.20%, 0, 0, 18, 171.27
1572320388, 450, 1711, 1962, 116, 0, 7.20%, 0, 0, 18, 1088.80
1572320393, 450, 1722, 1962, 115, 0, 7.20%, 0, 0, 18, 44.46
1572320403, 450, 1814, 1963, 113, 0, 7.20%, 0, 0, 18, 254.05
1572320409, 450, 1963, 1964, 112, 1, 7.20%, 0, 0, 18, 1216.11
1572320414, 451, 1554, 1964, 111, 0, 7.20%, 0, 0, 18, 3655.00
1572320419, 451, 1705, 1966, 111, 0, 7.20%, 0, 0, 18, 1444.51
1572320424, 451, 1716, 1969, 113, 0, 7.20%, 0, 0, 18, 83.58
1572320444, 451, 1765, 1969, 110, 0, 7.20%, 0, 0, 18, 3589.74
1572320449, 453, 969, 1975, 109, 0, 7.23%, 0, 0, 18, 1072.37
1572320454, 453, 1774, 1979, 110, 0, 7.23%, 0, 0, 18, 1776.12
1572320459, 453, 1928, 1989, 119, 5, 7.27%, 0, 0, 18, 237.91
1572320469, 453, 1980, 1989, 118, 5, 7.27%, 0, 0, 18, 129.72
1572320485, 453, 1982, 1989, 117, 4, 7.27%, 0, 0, 18, 67.23
1572320505, 453, 1984, 1989, 116, 3, 7.27%, 0, 0, 18, 68.50
1572320530, 453, 1985, 1989, 115, 2, 7.27%, 0, 0, 18, 66.04
1572320555, 453, 1988, 1989, 114, 1, 7.27%, 0, 0, 18, 61.98
1572320570, 454, 1822, 1991, 115, 1, 7.27%, 0, 0, 18, 63.66
1572320576, 455, 1353, 1992, 115, 0, 7.27%, 0, 0, 18, 465.73
1572320581, 455, 1841, 1993, 116, 1, 7.28%, 0, 0, 18, 241.84
1572320596, 455, 1841, 1995, 118, 1, 7.28%, 0, 0, 18, 114.74
1572320601, 456, 814, 1995, 114, 0, 7.28%, 0, 0, 18, 268.52
1572320606, 456, 1687, 2000, 119, 0, 7.28%, 0, 0, 18, 63.22
1572320611, 456, 2001, 2002, 120, 1, 7.28%, 0, 0, 18, 82.06
1572320627, 457, 1113, 2003, 120, 0, 7.28%, 0, 0, 18, 827.77
1572320632, 457, 1680, 2012, 128, 1, 7.28%, 0, 0, 18, 48.50
1572320637, 457, 2010, 2021, 136, 2, 7.28%, 0, 0, 18, 138.58
1572320678, 458, 1484, 2021, 132, 0, 7.28%, 0, 0, 18, 2060.95
1572320683, 458, 1672, 2021, 131, 0, 7.28%, 0, 0, 18, 152.06
1572320708, 459, 1667, 2025, 133, 0, 7.28%, 0, 0, 18, 372.50
1572320713, 459, 1702, 2027, 135, 0, 7.28%, 0, 0, 18, 104.84
1572320718, 459, 1793, 2027, 133, 0, 7.28%, 0, 0, 18, 94.45
1572320749, 459, 1829, 2027, 132, 0, 7.28%, 0, 0, 18, 50.97
1572320764, 459, 1858, 2027, 127, 0, 7.28%, 0, 0, 18, 49.75
1572320789, 459, 1869, 2027, 126, 0, 7.28%, 0, 0, 18, 49.82
1572320830, 459, 1872, 2027, 125, 0, 7.28%, 0, 0, 18, 49.29
1572320870, 459, 1887, 2027, 124, 0, 7.28%, 0, 0, 18, 54.10
1572320896, 459, 1892, 2028, 124, 0, 7.28%, 0, 0, 19, 3122.11
1572320901, 459, 1919, 2028, 123, 0, 7.28%, 0, 0, 19, 49.31
1572320921, 459, 1921, 2028, 122, 0, 7.28%, 0, 0, 19, 52.67
1572320946, 459, 1924, 2028, 121, 0, 7.28%, 0, 0, 19, 149.76
1572320957, 459, 1935, 2028, 119, 0, 7.28%, 0, 0, 19, 152.66
1572320972, 459, 1939, 2028, 118, 0, 7.28%, 0, 0, 19, 73.93
1572320987, 459, 1940, 2028, 117, 0, 7.28%, 0, 0, 19, 66.60
1572321002, 459, 1943, 2028, 116, 0, 7.28%, 0, 0, 19, 69.11
1572321028, 459, 1944, 2028, 115, 0, 7.28%, 0, 0, 19, 67.72
1572321043, 459, 1947, 2028, 114, 0, 7.28%, 0, 0, 19, 66.26
1572321058, 459, 1948, 2028, 113, 0, 7.28%, 0, 0, 19, 66.75
1572321089, 459, 1975, 2028, 110, 0, 7.28%, 0, 0, 19, 1854.45
1572321094, 459, 1979, 2028, 109, 0, 7.28%, 0, 0, 19, 65.29
1572321109, 459, 1983, 2028, 108, 0, 7.28%, 0, 0, 19, 65.39
1572321130, 459, 2029, 2030, 109, 1, 7.28%, 0, 0, 19, 63.23
1572321155, 459, 2031, 2032, 110, 1, 7.28%, 0, 0, 20, 215.17
1572321160, 460, 1994, 2033, 110, 1, 7.28%, 0, 0, 20, 384.22
1572321181, 461, 1882, 2035, 110, 1, 7.32%, 0, 0, 20, 77.62
1572321232, 461, 2013, 2035, 109, 1, 7.32%, 0, 0, 20, 39.41
1572321257, 462, 1857, 2037, 108, 1, 7.32%, 0, 0, 20, 1185.89
1572321262, 464, 667, 2038, 103, 0, 7.32%, 0, 0, 20, 2083.24
1572321267, 464, 1950, 2040, 105, 1, 7.33%, 0, 0, 20, 104.16
1572321287, 464, 2039, 2040, 103, 0, 7.33%, 0, 0, 20, 1665.74
1572321292, 466, 576, 2042, 103, 0, 7.33%, 0, 0, 20, 551.52
1572321297, 466, 1916, 2045, 106, 1, 7.33%, 0, 0, 20, 49.66
1572321323, 466, 1916, 2046, 107, 1, 7.33%, 0, 0, 20, 48.61
1572321328, 466, 1986, 2047, 107, 1, 7.33%, 0, 0, 20, 53.21
1572321363, 467, 1390, 2049, 107, 0, 7.33%, 0, 0, 20, 692.73
1572321368, 467, 2050, 2054, 111, 0, 7.33%, 0, 0, 20, 156.71
1572321394, 467, 2050, 2055, 112, 0, 7.33%, 0, 0, 20, 64.64
1572321404, 467, 2052, 2055, 111, 0, 7.33%, 0, 0, 20, 49.16
1572321424, 467, 2053, 2055, 110, 0, 7.33%, 0, 0, 20, 52.40
1572321440, 467, 2053, 2056, 111, 0, 7.33%, 0, 0, 20, 76.77
1572321445, 467, 2055, 2056, 110, 1, 7.33%, 0, 0, 20, 64.94
1572321460, 468, 2007, 2057, 110, 1, 7.33%, 0, 0, 20, 49.80
1572321496, 469, 627, 2058, 109, 0, 7.33%, 0, 0, 20, 391.94
1572321501, 469, 1835, 2060, 110, 0, 7.33%, 0, 0, 20, 3423.00
1572321506, 469, 1945, 2064, 113, 3, 7.33%, 0, 0, 20, 197.00
1572321521, 469, 2063, 2064, 110, 1, 7.33%, 0, 0, 20, 1759.97
1572321526, 470, 1676, 2065, 110, 0, 7.33%, 0, 0, 20, 172.28
1572321532, 470, 1868, 2066, 111, 1, 7.33%, 0, 0, 20, 667.30
1572321537, 470, 1999, 2066, 108, 1, 7.33%, 0, 0, 20, 86.54
1572321562, 470, 1999, 2067, 109, 1, 7.33%, 0, 0, 20, 75.10
1572321568, 470, 2065, 2067, 108, 1, 7.33%, 0, 0, 20, 134.21
1572321573, 470, 2066, 2067, 107, 0, 7.33%, 0, 0, 20, 94.21
1572321603, 471, 1946, 2069, 108, 1, 7.33%, 0, 0, 20, 325.29
1572321608, 471, 2068, 2071, 108, 2, 7.34%, 0, 0, 20, 81.58
1572321634, 471, 2069, 2071, 107, 1, 7.34%, 0, 0, 20, 56.36
1572321669, 472, 1913, 2076, 111, 1, 7.35%, 0, 0, 20, 228.67
1572321674, 472, 2075, 2076, 107, 0, 7.35%, 0, 0, 20, 208.27
1572321684, 473, 1987, 2078, 108, 1, 7.35%, 0, 0, 20, 273.54
1572321715, 473, 2077, 2078, 107, 1, 7.35%, 0, 0, 20, 3376.06
1572321720, 474, 1762, 2079, 107, 0, 7.35%, 0, 0, 20, 533.14
1572321725, 474, 1781, 2079, 106, 0, 7.35%, 0, 0, 20, 50.18
1572321771, 474, 1867, 2079, 102, 0, 7.35%, 0, 0, 20, 185.33
1572321812, 474, 1883, 2079, 101, 0, 7.35%, 0, 0, 20, 50.11
1572321837, 474, 1884, 2079, 100, 0, 7.35%, 0, 0, 20, 49.74
1572321867, 474, 1909, 2081, 101, 0, 7.35%, 0, 0, 20, 102.70
1572321878, 474, 1912, 2081, 100, 0, 7.35%, 0, 0, 20, 3331.81
1572321883, 474, 1915, 2081, 99, 0, 7.35%, 0, 0, 20, 49.71
1572321903, 474, 1929, 2081, 96, 0, 7.35%, 0, 0, 20, 3100.19
1572321908, 474, 1942, 2081, 95, 0, 7.35%, 0, 0, 20, 62.57
1572321924, 474, 1953, 2081, 94, 0, 7.35%, 0, 0, 20, 79.14
1572321944, 474, 1964, 2082, 93, 0, 7.35%, 0, 0, 20, 3391.80
1572321949, 474, 2000, 2082, 91, 0, 7.35%, 0, 0, 20, 83.89
1572321960, 474, 2002, 2082, 90, 0, 7.35%, 0, 0, 20, 69.97
1572321980, 474, 2012, 2082, 89, 0, 7.35%, 0, 0, 20, 51.90
1572322015, 474, 2028, 2082, 87, 0, 7.35%, 0, 0, 20, 56.56
1572322046, 474, 2051, 2082, 83, 0, 7.35%, 0, 0, 20, 155.72
1572322066, 474, 2082, 2083, 80, 1, 7.35%, 0, 0, 20, 49.40
1572322102, 475, 1690, 2084, 80, 1, 7.35%, 0, 0, 20, 61.78
1572322107, 476, 1467, 2085, 80, 0, 7.35%, 0, 0, 20, 499.21
1572322112, 476, 1708, 2087, 82, 0, 7.35%, 0, 0, 20, 77.57
1572322117, 476, 1840, 2088, 82, 0, 7.35%, 0, 0, 20, 48.83
1572322147, 476, 1860, 2089, 82, 0, 7.35%, 0, 0, 20, 48.23
1572322152, 477, 1757, 2093, 84, 1, 7.36%, 0, 0, 20, 63.67
1572322157, 478, 1564, 2094, 84, 0, 7.36%, 0, 0, 20, 461.38
1572322163, 478, 2094, 2098, 88, 1, 7.36%, 0, 0, 20, 222.62
1572322168, 479, 2101, 2103, 91, 2, 7.37%, 0, 0, 20, 3080.37
1572322173, 480, 2005, 2104, 90, 1, 7.37%, 0, 0, 20, 249.09
1572322178, 482, 698, 2107, 89, 0, 7.38%, 0, 0, 20, 635.00
1572322183, 482, 1946, 2113, 95, 3, 7.39%, 0, 0, 20, 49.67
1572322188, 482, 2109, 2114, 94, 3, 7.39%, 0, 0, 20, 49.17
1572322239, 482, 2112, 2114, 92, 1, 7.39%, 0, 0, 20, 67.31
1572322259, 483, 1690, 2119, 95, 1, 7.39%, 0, 0, 20, 64.23
1572322264, 483, 1839, 2123, 99, 1, 7.39%, 0, 0, 20, 63.83
1572322269, 483, 2086, 2123, 99, 1, 7.39%, 0, 0, 20, 52.51
1572322320, 484, 1312, 2125, 99, 0, 7.39%, 0, 0, 20, 432.10
1572322325, 485, 1082, 2128, 101, 0, 7.39%, 0, 0, 20, 1160.70
1572322330, 485, 2002, 2131, 104, 1, 7.39%, 0, 0, 20, 84.18
1572322335, 485, 2128, 2136, 108, 0, 7.39%, 0, 0, 20, 182.38
1572322346, 485, 2133, 2136, 107, 0, 7.39%, 0, 0, 20, 119.91
1572322366, 486, 1815, 2143, 112, 1, 7.40%, 0, 0, 20, 69.18
1572322371, 486, 2131, 2144, 112, 1, 7.40%, 0, 0, 20, 213.90
1572322397, 486, 2131, 2146, 114, 1, 7.40%, 0, 0, 20, 58.12
1572322402, 486, 2143, 2146, 112, 0, 7.40%, 0, 0, 20, 67.25
1572322417, 486, 2144, 2146, 111, 0, 7.40%, 0, 0, 20, 130.34
1572322422, 487, 1143, 2146, 110, 0, 7.40%, 0, 0, 20, 339.88
1572322427, 487, 1746, 2150, 113, 0, 7.40%, 0, 0, 20, 670.00
1572322432, 487, 2151, 2155, 117, 2, 7.40%, 0, 0, 20, 60.20
1572322468, 487, 2154, 2155, 116, 1, 7.40%, 0, 0, 20, 47.68
1572322498, 487, 2155, 2157, 117, 1, 7.40%, 0, 0, 20, 53.69
1572322524, 488, 1904, 2158, 117, 2, 7.40%, 0, 0, 20, 67.32
1572322569, 488, 1904, 2159, 118, 2, 7.40%, 0, 0, 20, 51.26
1572322574, 489, 1064, 2159, 114, 0, 7.40%, 0, 0, 20, 567.32
1572322580, 489, 1672, 2161, 116, 0, 7.40%, 0, 0, 20, 42.45
1572322585, 489, 1715, 2162, 117, 0, 7.40%, 0, 0, 20, 155.86
1572322610, 489, 1779, 2162, 116, 0, 7.40%, 0, 0, 20, 142.67
1572322625, 489, 1849, 2162, 115, 0, 7.40%, 0, 0, 20, 112.85
1572322641, 489, 1875, 2162, 114, 0, 7.40%, 0, 0, 20, 3450.42
1572322646, 489, 1936, 2163, 111, 0, 7.40%, 0, 0, 20, 192.64
1572322661, 489, 2163, 2164, 110, 1, 7.40%, 0, 0, 20, 134.96
1572322666, 490, 1903, 2166, 111, 1, 7.40%, 0, 0, 20, 52.37
1572322692, 490, 1903, 2167, 112, 1, 7.40%, 0, 0, 20, 52.51
1572322702, 491, 1411, 2167, 109, 0, 7.40%, 0, 0, 20, 629.56
1572322707, 491, 1893, 2171, 110, 0, 7.40%, 0, 0, 20, 3034.58
1572322712, 491, 1917, 2171, 110, 0, 7.40%, 0, 0, 20, 83.60
1572322742, 491, 1926, 2171, 109, 0, 7.40%, 0, 0, 20, 47.10
1572322768, 491, 1954, 2171, 108, 0, 7.40%, 0, 0, 20, 40.77
1572322804, 491, 2046, 2173, 109, 2, 7.42%, 0, 0, 20, 105.12
1572322814, 491, 2171, 2174, 109, 2, 7.42%, 0, 0, 20, 139.93
1572322819, 491, 2172, 2174, 108, 1, 7.42%, 0, 0, 20, 326.08
1572322824, 492, 1674, 2176, 109, 0, 7.42%, 0, 0, 20, 561.46
1572322829, 492, 1677, 2178, 111, 0, 7.42%, 0, 0, 20, 41.71
1572322835, 492, 1883, 2180, 113, 1, 7.42%, 0, 0, 20, 80.44
1572322840, 493, 1046, 2183, 115, 0, 7.42%, 0, 0, 20, 648.98
1572322845, 493, 2121, 2184, 115, 1, 7.42%, 0, 0, 20, 153.05
1572322860, 494, 1872, 2187, 116, 1, 7.42%, 0, 0, 20, 724.63
1572322865, 494, 1908, 2187, 116, 1, 7.42%, 0, 0, 20, 118.28
1572322881, 494, 2162, 2187, 115, 1, 7.42%, 0, 0, 20, 157.91
1572322886, 495, 2169, 2188, 114, 1, 7.43%, 0, 0, 20, 2223.88
1572322891, 496, 2188, 2190, 114, 1, 7.43%, 0, 0, 20, 1510.55
1572322896, 497, 1608, 2190, 112, 0, 7.43%, 0, 0, 20, 36.76
1572322901, 497, 1815, 2192, 113, 0, 7.43%, 0, 0, 20, 243.50
1572322906, 497, 1900, 2193, 114, 1, 7.43%, 0, 0, 20, 1230.05
1572322912, 497, 2192, 2196, 116, 2, 7.43%, 0, 0, 20, 112.45
1572322937, 497, 2194, 2196, 115, 1, 7.43%, 0, 0, 20, 65.72
1572322953, 497, 2195, 2196, 114, 0, 7.43%, 0, 0, 20, 68.06
1572322968, 499, 913, 2197, 112, 0, 7.44%, 0, 0, 20, 2685.70
1572322973, 499, 2197, 2198, 112, 1, 7.44%, 0, 0, 20, 485.03
1572322978, 500, 1046, 2198, 111, 0, 7.44%, 0, 0, 20, 510.64
1572322983, 501, 1946, 2206, 118, 1, 7.45%, 0, 0, 20, 259.00
1572322988, 501, 1951, 2206, 118, 2, 7.45%, 0, 0, 20, 133.56
1572323004, 501, 2181, 2206, 117, 2, 7.45%, 0, 0, 20, 73.22
1572323044, 501, 2204, 2206, 115, 1, 7.45%, 0, 0, 20, 71.21
1572323070, 502, 964, 2206, 114, 0, 7.45%, 0, 0, 20, 753.31
1572323075, 502, 2054, 2208, 115, 1, 7.46%, 0, 0, 20, 78.57
1572323100, 502, 2173, 2208, 114, 1, 7.46%, 0, 0, 20, 136.15
1572323111, 503, 1991, 2209, 112, 1, 7.46%, 0, 0, 20, 55.18
1572323142, 503, 2079, 2209, 111, 1, 7.46%, 0, 0, 20, 177.55
1572323147, 503, 2209, 2210, 110, 0, 7.46%, 0, 0, 20, 2063.85
1572323152, 504, 1109, 2210, 109, 0, 7.46%, 0, 0, 20, 334.58
1572323157, 504, 1752, 2214, 113, 1, 7.46%, 0, 0, 20, 55.43
1572323163, 504, 2047, 2215, 114, 1, 7.46%, 0, 0, 20, 53.94
1572323198, 504, 2205, 2215, 113, 1, 7.46%, 0, 0, 20, 45.96
1572323233, 505, 1359, 2215, 111, 0, 7.46%, 0, 0, 20, 703.14
1572323239, 505, 1865, 2218, 114, 0, 7.46%, 0, 0, 20, 626.33
1572323244, 505, 1944, 2221, 117, 1, 7.46%, 0, 0, 20, 61.28
1572323249, 505, 2122, 2223, 119, 1, 7.46%, 0, 0, 20, 61.54
1572323274, 505, 2142, 2223, 118, 1, 7.46%, 0, 0, 20, 66.38
1572323300, 505, 2193, 2223, 117, 1, 7.46%, 0, 0, 20, 75.41
1572323320, 506, 1551, 2224, 116, 0, 7.46%, 0, 0, 20, 512.60
1572323325, 506, 1981, 2225, 117, 1, 7.48%, 0, 0, 20, 66.99
1572323355, 506, 2095, 2225, 116, 1, 7.48%, 0, 0, 20, 54.72
1572323376, 506, 2161, 2225, 115, 1, 7.48%, 0, 0, 20, 58.93
1572323396, 506, 2161, 2226, 116, 1, 7.48%, 0, 0, 20, 82.78
1572323401, 506, 2224, 2226, 115, 1, 7.48%, 0, 0, 20, 59.57
1572323442, 506, 2224, 2228, 117, 1, 7.48%, 0, 0, 20, 59.07
1572323447, 506, 2226, 2228, 116, 1, 7.48%, 0, 0, 20, 55.80
1572323457, 507, 1482, 2229, 116, 0, 7.48%, 0, 0, 20, 396.13
1572323462, 507, 1995, 2229, 114, 0, 7.48%, 0, 0, 20, 3017.39
1572323467, 507, 1997, 2229, 113, 0, 7.48%, 0, 0, 20, 59.44
1572323488, 507, 2025, 2229, 111, 0, 7.48%, 0, 0, 20, 49.84
1572323513, 507, 2221, 2230, 111, 1, 7.49%, 0, 0, 20, 623.04
1572323518, 508, 2057, 2232, 111, 1, 7.49%, 0, 0, 20, 60.26
1572323559, 508, 2200, 2232, 109, 1, 7.49%, 0, 0, 20, 161.06
1572323594, 509, 2174, 2235, 110, 1, 7.49%, 0, 0, 20, 2576.60
1572323599, 509, 2220, 2235, 109, 1, 7.49%, 0, 0, 20, 65.40
1572323620, 510, 1023, 2235, 107, 0, 7.49%, 0, 0, 20, 1732.79
1572323625, 510, 1866, 2236, 108, 1, 7.49%, 0, 0, 20, 47.75
1572323661, 511, 431, 2236, 106, 0, 7.49%, 0, 0, 20, 2464.43
1572323666, 511, 2181, 2240, 110, 1, 7.49%, 0, 0, 20, 91.32
1572323671, 511, 2231, 2243, 113, 1, 7.49%, 0, 0, 20, 55.91
1572323711, 512, 1888, 2244, 112, 1, 7.52%, 0, 0, 20, 42.43
1572323717, 512, 2212, 2245, 113, 1, 7.52%, 0, 0, 20, 47.36
1572323747, 512, 2212, 2246, 114, 1, 7.52%, 0, 0, 20, 41.15
1572323752, 512, 2245, 2246, 111, 0, 7.52%, 0, 0, 20, 49.52
1572323777, 513, 1270, 2246, 110, 0, 7.52%, 0, 0, 20, 844.44
1572323782, 513, 2248, 2253, 115, 1, 7.52%, 0, 0, 20, 2189.13
1572323787, 514, 1886, 2254, 114, 1, 7.53%, 0, 0, 20, 49.01
1572323818, 514, 1886, 2255, 115, 1, 7.53%, 0, 0, 20, 53.99
1572323823, 515, 1181, 2255, 113, 0, 7.53%, 0, 0, 20, 599.45
1572323828, 515, 2069, 2262, 120, 1, 7.55%, 0, 0, 20, 49.51
1572323833, 515, 2069, 2275, 133, 1, 7.58%, 0, 0, 20, 42.28
1572323838, 515, 2254, 2276, 133, 5, 7.58%, 0, 0, 20, 78.41
1572323869, 515, 2255, 2276, 132, 5, 7.58%, 0, 0, 20, 3430.00
1572323874, 515, 2263, 2276, 131, 4, 7.58%, 0, 0, 20, 49.63
1572323914, 515, 2269, 2276, 130, 3, 7.58%, 0, 0, 20, 46.54
1572323955, 515, 2270, 2276, 129, 2, 7.58%, 0, 0, 20, 46.24
1572323995, 515, 2275, 2276, 128, 1, 7.58%, 0, 0, 20, 61.85
1572324010, 516, 1685, 2276, 127, 0, 7.58%, 0, 0, 20, 53.95
1572324016, 516, 1891, 2278, 129, 0, 7.58%, 0, 0, 20, 75.23
1572324021, 516, 2111, 2282, 133, 1, 7.58%, 0, 0, 20, 74.34
1572324052, 516, 2148, 2282, 132, 1, 7.58%, 0, 0, 20, 64.36
1572324077, 516, 2281, 2282, 131, 1, 7.58%, 0, 0, 20, 48.98
1572324103, 517, 650, 2282, 130, 0, 7.58%, 0, 0, 20, 685.00
1572324108, 517, 2234, 2285, 132, 1, 7.58%, 0, 0, 20, 3598.09
1572324113, 517, 2265, 2285, 131, 1, 7.58%, 0, 0, 20, 49.93
1572324148, 517, 2265, 2286, 132, 1, 7.58%, 0, 0, 20, 44.86
1572324153, 517, 2267, 2286, 131, 1, 7.58%, 0, 0, 20, 41.81
1572324189, 518, 1258, 2286, 129, 0, 7.58%, 0, 0, 20, 2019.31
1572324194, 518, 1690, 2288, 131, 0, 7.58%, 0, 0, 20, 57.86
1572324199, 518, 1932, 2288, 131, 0, 7.58%, 0, 0, 20, 63.98
1572324229, 518, 1959, 2288, 130, 0, 7.58%, 0, 0, 20, 43.32
1572324270, 518, 2130, 2290, 130, 1, 7.59%, 0, 0, 20, 62.06
1572324291, 519, 1915, 2292, 130, 1, 7.59%, 0, 0, 20, 79.68
1572324296, 520, 2122, 2295, 130, 1, 7.60%, 0, 0, 20, 41.30
1572324301, 520, 2215, 2295, 130, 2, 7.60%, 0, 0, 20, 47.20
1572324332, 520, 2240, 2295, 129, 2, 7.60%, 0, 0, 20, 47.18
1572324357, 520, 2294, 2295, 127, 1, 7.60%, 0, 0, 20, 51.05
1572324402, 520, 2294, 2296, 128, 1, 7.60%, 0, 0, 20, 43.03
1572324408, 520, 2295, 2297, 128, 1, 7.60%, 0, 0, 20, 75.93
1572324418, 521, 871, 2297, 127, 0, 7.60%, 0, 0, 20, 823.72
1572324423, 521, 2222, 2298, 127, 1, 7.60%, 0, 0, 20, 222.90
1572324433, 522, 1687, 2300, 127, 1, 7.60%, 0, 0, 20, 297.96
1572324439, 522, 2153, 2300, 126, 1, 7.60%, 0, 0, 20, 238.59
1572324464, 522, 2286, 2302, 127, 1, 7.60%, 0, 0, 20, 49.22
1572324511, 523, 1886, 2306, 129, 1, 7.60%, 0, 0, 20, 59.99
1572324516, 523, 2193, 2307, 130, 1, 7.60%, 0, 0, 20, 58.87
1572324521, 523, 2304, 2309, 131, 0, 7.60%, 0, 0, 20, 49.57
1572324551, 524, 1677, 2311, 132, 1, 7.60%, 0, 0, 20, 41.24
1572324556, 524, 2056, 2312, 132, 2, 7.60%, 0, 0, 20, 188.73
1572324561, 524, 2227, 2312, 132, 2, 7.60%, 0, 0, 20, 78.77
1572324612, 524, 2280, 2313, 132, 2, 7.60%, 0, 0, 20, 38.43
1572324632, 525, 1905, 2315, 131, 2, 7.60%, 0, 0, 20, 57.43
1572324658, 525, 2301, 2315, 130, 2, 7.60%, 0, 0, 20, 364.41
1572324668, 526, 1672, 2315, 128, 0, 7.60%, 0, 0, 20, 53.81
1572324673, 526, 2177, 2317, 129, 1, 7.60%, 0, 0, 20, 47.13
1572324714, 526, 2315, 2317, 128, 1, 7.60%, 0, 0, 20, 385.85
1572324719, 527, 1365, 2319, 129, 0, 7.60%, 0, 0, 20, 504.71
1572324724, 527, 2320, 2321, 130, 0, 7.60%, 0, 0, 20, 50.07
1572324749, 527, 2320, 2322, 131, 0, 7.60%, 0, 0, 20, 49.49
1572324754, 528, 1687, 2323, 131, 1, 7.60%, 0, 0, 20, 86.54
1572324760, 528, 2241, 2325, 132, 1, 7.60%, 0, 0, 20, 90.42
1572324775, 529, 1248, 2325, 130, 0, 7.60%, 0, 0, 20, 1827.02
1572324780, 529, 2194, 2328, 132, 2, 7.60%, 0, 0, 20, 193.59
1572324785, 529, 2326, 2328, 131, 2, 7.60%, 0, 0, 20, 164.91
1572324811, 529, 2327, 2328, 130, 1, 7.60%, 0, 0, 20, 71.82
1572324837, 530, 932, 2328, 129, 0, 7.60%, 0, 0, 20, 476.30
1572324842, 530, 1916, 2331, 132, 1, 7.60%, 0, 0, 20, 37.19
1572324847, 530, 2087, 2335, 136, 2, 7.61%, 0, 0, 20, 58.51
1572324872, 530, 2160, 2335, 135, 2, 7.61%, 0, 0, 20, 57.02
1572324898, 530, 2160, 2336, 136, 2, 7.61%, 0, 0, 20, 93.89
1572324903, 530, 2332, 2336, 132, 1, 7.61%, 0, 0, 20, 49.76
1572324928, 530, 2334, 2336, 131, 0, 7.61%, 0, 0, 20, 49.59
1572324969, 531, 1698, 2337, 131, 0, 7.61%, 0, 0, 20, 90.79
1572324974, 531, 1783, 2337, 131, 0, 7.61%, 0, 0, 20, 69.13
1572324984, 531, 1885, 2339, 133, 0, 7.61%, 0, 0, 20, 50.53
1572324989, 531, 1984, 2339, 133, 0, 7.61%, 0, 0, 20, 72.07
1572324994, 531, 2058, 2340, 132, 0, 7.61%, 0, 0, 20, 109.23
1572325014, 531, 2080, 2340, 131, 0, 7.61%, 0, 0, 20, 285.62
1572325019, 531, 2104, 2340, 128, 0, 7.61%, 0, 0, 20, 2188.91
1572325024, 531, 2117, 2340, 127, 0, 7.61%, 0, 0, 20, 60.41
1572325040, 531, 2201, 2340, 125, 0, 7.61%, 0, 0, 20, 96.66
1572325060, 531, 2203, 2340, 124, 0, 7.61%, 0, 0, 20, 74.08
1572325081, 531, 2207, 2340, 123, 0, 7.61%, 0, 0, 20, 72.89
1572325132, 531, 2214, 2340, 122, 0, 7.61%, 0, 0, 20, 45.11
1572325152, 531, 2225, 2340, 121, 0, 7.61%, 0, 0, 20, 86.69
1572325162, 531, 2247, 2340, 119, 0, 7.61%, 0, 0, 20, 3397.92
1572325167, 531, 2249, 2341, 119, 0, 7.61%, 0, 0, 20, 48.97
1572325192, 531, 2250, 2341, 118, 0, 7.61%, 0, 0, 20, 49.64
1572325218, 531, 2256, 2341, 117, 0, 7.61%, 0, 0, 20, 49.19
1572325243, 531, 2261, 2341, 116, 0, 7.61%, 0, 0, 20, 49.60
1572325263, 531, 2341, 2343, 117, 1, 7.61%, 0, 0, 20, 56.22
1572325288, 532, 1717, 2344, 117, 0, 7.61%, 0, 0, 20, 407.82
1572325293, 532, 1783, 2344, 117, 0, 7.61%, 0, 0, 20, 36.77
1572325298, 532, 1784, 2345, 118, 0, 7.61%, 0, 0, 20, 37.80
1572325304, 532, 1822, 2345, 118, 0, 7.61%, 0, 0, 20, 33.20
1572325309, 532, 2030, 2346, 118, 0, 7.61%, 0, 0, 20, 57.50
1572325334, 532, 2088, 2346, 117, 0, 7.61%, 0, 0, 20, 59.26
1572325354, 532, 2120, 2346, 116, 0, 7.61%, 0, 0, 20, 59.06
1572325370, 532, 2125, 2346, 114, 0, 7.61%, 0, 0, 20, 626.95
1572325391, 532, 2129, 2346, 113, 0, 7.61%, 0, 0, 20, 58.74
1572325416, 532, 2152, 2346, 112, 0, 7.61%, 0, 0, 20, 53.76
1572325436, 532, 2166, 2347, 112, 0, 7.61%, 0, 0, 20, 51.71
1572325462, 532, 2176, 2347, 111, 0, 7.61%, 0, 0, 20, 49.56
1572325482, 532, 2190, 2347, 108, 0, 7.61%, 0, 0, 20, 228.57
1572325492, 532, 2213, 2347, 107, 0, 7.61%, 0, 0, 20, 142.01
1572325503, 533, 696, 2348, 105, 0, 7.61%, 0, 0, 20, 402.53
1572325508, 533, 1604, 2348, 105, 0, 7.61%, 0, 0, 20, 308.46
1572325513, 533, 2312, 2349, 106, 1, 7.61%, 0, 0, 20, 103.26
1572325548, 534, 1884, 2350, 105, 1, 7.62%, 0, 0, 20, 38.34
1572325554, 534, 2352, 2354, 108, 2, 7.62%, 0, 0, 20, 59.41
1572325584, 535, 1493, 2354, 106, 0, 7.62%, 0, 0, 20, 39.90
1572325589, 535, 1686, 2355, 107, 0, 7.62%, 0, 0, 20, 52.33
1572325594, 535, 1698, 2355, 107, 0, 7.62%, 0, 0, 20, 42.27
1572325600, 535, 1872, 2356, 108, 0, 7.62%, 0, 0, 20, 51.11
1572325610, 535, 2026, 2356, 107, 0, 7.62%, 0, 0, 20, 49.55
1572325645, 535, 2027, 2356, 106, 0, 7.62%, 0, 0, 20, 54.76
1572325666, 535, 2091, 2356, 105, 0, 7.62%, 0, 0, 20, 53.23
1572325691, 535, 2115, 2357, 104, 0, 7.62%, 0, 0, 20, 52.06
1572325732, 535, 2115, 2358, 105, 0, 7.62%, 0, 0, 20, 63.93
1572325737, 535, 2118, 2358, 104, 0, 7.62%, 0, 0, 20, 55.59
1572325773, 535, 2118, 2360, 106, 0, 7.62%, 0, 0, 20, 71.44
1572325778, 535, 2118, 2361, 107, 0, 7.62%, 0, 0, 20, 58.94
1572325783, 535, 2134, 2361, 106, 0, 7.62%, 0, 0, 20, 58.02
1572325819, 535, 2145, 2361, 105, 0, 7.62%, 0, 0, 20, 61.10
1572325834, 535, 2180, 2361, 103, 0, 7.62%, 0, 0, 20, 49.61
1572325865, 535, 2191, 2361, 102, 0, 7.62%, 0, 0, 20, 55.56
1572325880, 535, 2258, 2361, 100, 0, 7.62%, 0, 0, 20, 186.90
1572325885, 535, 2266, 2361, 99, 0, 7.62%, 0, 0, 20, 157.02
1572325921, 535, 2271, 2361, 98, 0, 7.62%, 0, 0, 20, 49.48
1572325956, 535, 2272, 2361, 97, 0, 7.62%, 0, 0, 20, 55.87
1572325977, 535, 2351, 2362, 97, 1, 7.62%, 0, 0, 20, 51.55
1572326002, 535, 2361, 2362, 96, 1, 7.62%, 0, 0, 20, 54.30
1572326017, 536, 166, 2362, 95, 0, 7.62%, 0, 0, 20, 79.32
1572326022, 536, 1806, 2363, 96, 0, 7.62%, 0, 0, 20, 173.21
1572326027, 536, 1867, 2363, 96, 0, 7.62%, 0, 0, 20, 33.93
1572326032, 536, 1949, 2364, 97, 0, 7.62%, 0, 0, 20, 60.76
1572326037, 536, 2363, 2366, 99, 3, 7.62%, 0, 0, 20, 128.57
1572326047, 536, 2364, 2366, 98, 2, 7.62%, 0, 0, 20, 258.25
1572326053, 536, 2365, 2366, 97, 1, 7.62%, 0, 0, 20, 322.03
1572326058, 537, 1487, 2366, 96, 0, 7.62%, 0, 0, 20, 494.92
1572326063, 537, 1784, 2366, 96, 0, 7.62%, 0, 0, 20, 35.71
1572326068, 537, 2092, 2370, 100, 1, 7.62%, 0, 0, 20, 51.12
1572326104, 537, 2366, 2370, 99, 1, 7.62%, 0, 0, 20, 45.00
1572326149, 537, 2369, 2370, 98, 1, 7.62%, 0, 0, 20, 243.07
1572326154, 538, 1660, 2370, 97, 0, 7.62%, 0, 0, 20, 510.84
1572326160, 538, 2258, 2371, 98, 1, 7.63%, 0, 0, 20, 54.89
1572326165, 538, 2370, 2371, 97, 1, 7.63%, 0, 0, 20, 80.45
1572326185, 539, 1822, 2373, 98, 0, 7.63%, 0, 0, 20, 415.57
1572326190, 539, 1870, 2373, 98, 0, 7.63%, 0, 0, 20, 59.83
1572326195, 539, 1881, 2373, 98, 0, 7.63%, 0, 0, 20, 55.84
1572326226, 539, 2078, 2373, 97, 0, 7.63%, 0, 0, 20, 1974.46
1572326231, 539, 2178, 2373, 94, 0, 7.63%, 0, 0, 20, 205.40
1572326236, 539, 2210, 2373, 93, 0, 7.63%, 0, 0, 20, 298.98
1572326241, 539, 2335, 2375, 93, 1, 7.63%, 0, 0, 20, 59.33
1572326261, 540, 867, 2375, 91, 0, 7.63%, 0, 0, 20, 334.45
1572326267, 540, 2377, 2378, 94, 1, 7.63%, 0, 0, 20, 551.69
1572326272, 541, 1690, 2380, 95, 0, 7.63%, 0, 0, 20, 545.83
1572326277, 541, 1941, 2381, 96, 0, 7.63%, 0, 0, 20, 280.86
1572326313, 541, 1951, 2381, 95, 0, 7.63%, 0, 0, 20, 68.87
1572326318, 541, 2045, 2381, 95, 0, 7.63%, 0, 0, 20, 58.06
1572326338, 541, 2070, 2381, 94, 0, 7.63%, 0, 0, 20, 169.35
1572326354, 541, 2084, 2381, 93, 0, 7.63%, 0, 0, 20, 65.73
1572326389, 541, 2096, 2381, 92, 0, 7.63%, 0, 0, 20, 45.93
1572326415, 541, 2097, 2381, 91, 0, 7.63%, 0, 0, 20, 49.31
1572326435, 541, 2132, 2381, 90, 0, 7.63%, 0, 0, 20, 56.32
1572326471, 541, 2141, 2381, 89, 0, 7.63%, 0, 0, 20, 62.34
1572326486, 541, 2219, 2381, 87, 0, 7.63%, 0, 0, 20, 86.78
1572326517, 543, 545, 2383, 86, 0, 7.65%, 0, 0, 20, 2262.30
1572326522, 543, 2154, 2388, 91, 2, 7.65%, 0, 0, 20, 36.40
1572326527, 543, 2383, 2390, 93, 2, 7.65%, 0, 0, 20, 236.19
1572326532, 543, 2383, 2391, 94, 2, 7.65%, 0, 0, 20, 196.64
1572326537, 543, 2384, 2391, 93, 2, 7.65%, 0, 0, 20, 157.18
1572326547, 544, 2092, 2392, 92, 1, 7.65%, 0, 0, 20, 43.19
1572326552, 544, 2360, 2393, 93, 1, 7.65%, 0, 0, 20, 41.99
1572326603, 544, 2360, 2394, 94, 1, 7.65%, 0, 0, 20, 41.23
1572326608, 545, 978, 2395, 92, 0, 7.65%, 0, 0, 20, 2432.46
1572326613, 545, 1869, 2399, 96, 1, 7.65%, 0, 0, 20, 86.45
1572326618, 545, 1940, 2400, 97, 1, 7.65%, 0, 0, 20, 59.29
1572326623, 545, 2088, 2401, 98, 1, 7.65%, 0, 0, 20, 62.12
1572326629, 545, 2395, 2401, 98, 1, 7.65%, 0, 0, 20, 903.36
1572326634, 545, 2397, 2401, 97, 1, 7.65%, 0, 0, 20, 67.27
1572326654, 545, 2398, 2401, 96, 0, 7.65%, 0, 0, 20, 272.32
1572326659, 545, 2399, 2401, 95, 0, 7.65%, 0, 0, 20, 182.82
1572326669, 546, 578, 2401, 94, 0, 7.65%, 0, 0, 20, 176.19
1572326674, 546, 1698, 2401, 94, 0, 7.65%, 0, 0, 20, 349.80
1572326679, 546, 1947, 2402, 95, 0, 7.65%, 0, 0, 20, 69.21
1572326684, 546, 1998, 2402, 95, 0, 7.65%, 0, 0, 20, 73.78
1572326705, 546, 2009, 2402, 94, 0, 7.65%, 0, 0, 20, 83.93
1572326725, 546, 2081, 2402, 93, 0, 7.65%, 0, 0, 20, 194.68
1572326730, 546, 2137, 2402, 92, 0, 7.65%, 0, 0, 20, 2016.79
1572326735, 546, 2262, 2402, 91, 0, 7.65%, 0, 0, 20, 51.06
1572326766, 546, 2268, 2402, 90, 0, 7.65%, 0, 0, 20, 49.57
1572326796, 546, 2274, 2402, 89, 0, 7.65%, 0, 0, 20, 49.84
1572326826, 546, 2278, 2402, 88, 0, 7.65%, 0, 0, 20, 336.27
1572326831, 546, 2285, 2402, 86, 0, 7.65%, 0, 0, 20, 49.50
1572326862, 546, 2287, 2402, 85, 0, 7.65%, 0, 0, 20, 51.97
1572326882, 546, 2306, 2402, 83, 0, 7.65%, 0, 0, 20, 148.50
1572326898, 546, 2323, 2402, 81, 0, 7.65%, 0, 0, 20, 110.10
1572326908, 546, 2402, 2403, 81, 1, 7.65%, 0, 0, 20, 81.58
1572326933, 547, 958, 2403, 80, 0, 7.65%, 0, 0, 20, 628.64
1572326938, 547, 2385, 2404, 80, 1, 7.65%, 0, 0, 20, 2973.40
1572326943, 548, 2109, 2405, 79, 1, 7.65%, 0, 0, 20, 101.75
1572326948, 548, 2351, 2408, 82, 1, 7.65%, 0, 0, 21, 64.68
1572326953, 548, 2386, 2408, 82, 1, 7.65%, 0, 0, 21, 52.54
1572326979, 548, 2406, 2408, 80, 0, 7.65%, 0, 0, 21, 66.04
1572327020, 548, 2407, 2408, 79, 0, 7.65%, 0, 0, 21, 51.93
1572327045, 549, 834, 2409, 79, 0, 7.65%, 0, 0, 21, 516.14
1572327050, 549, 1932, 2409, 79, 0, 7.65%, 0, 0, 21, 50.85
1572327056, 549, 1940, 2410, 80, 0, 7.65%, 0, 0, 21, 64.02
1572327061, 549, 1990, 2410, 80, 0, 7.65%, 0, 0, 21, 58.96
1572327086, 549, 2029, 2410, 79, 0, 7.65%, 0, 0, 21, 52.46
1572327091, 549, 2146, 2413, 82, 0, 7.65%, 0, 0, 21, 71.98
1572327106, 549, 2223, 2414, 82, 0, 7.65%, 0, 0, 21, 121.86
1572327112, 549, 2239, 2414, 81, 0, 7.65%, 0, 0, 21, 66.50
1572327152, 549, 2264, 2414, 80, 0, 7.65%, 0, 0, 21, 49.63
1572327182, 549, 2273, 2414, 79, 0, 7.65%, 0, 0, 21, 49.43
1572327218, 549, 2282, 2414, 78, 0, 7.65%, 0, 0, 21, 1967.62
1572327223, 549, 2307, 2414, 76, 0, 7.65%, 0, 0, 21, 70.30
1572327238, 549, 2321, 2414, 75, 0, 7.65%, 0, 0, 21, 60.71
1572327258, 549, 2332, 2414, 74, 0, 7.65%, 0, 0, 21, 50.90
1572327263, 549, 2411, 2416, 75, 1, 7.65%, 0, 0, 21, 53.96
1572327279, 550, 1064, 2416, 73, 0, 7.65%, 0, 0, 21, 809.00
1572327284, 550, 1687, 2417, 74, 1, 7.66%, 0, 0, 21, 60.33
1572327289, 550, 2279, 2417, 73, 1, 7.66%, 0, 0, 21, 49.63
1572327314, 550, 2401, 2417, 72, 1, 7.66%, 0, 0, 21, 555.00
1572327319, 551, 1226, 2418, 71, 0, 7.66%, 0, 0, 21, 636.34
1572327324, 551, 1980, 2421, 74, 0, 7.66%, 0, 0, 21, 86.27
1572327329, 551, 2156, 2422, 75, 1, 7.66%, 0, 0, 21, 66.07
1572327360, 551, 2276, 2422, 74, 1, 7.66%, 0, 0, 21, 62.35
1572327401, 551, 2421, 2422, 73, 1, 7.66%, 0, 0, 21, 63.36
1572327421, 552, 1945, 2428, 78, 1, 7.66%, 0, 0, 21, 116.74
1572327426, 552, 2427, 2429, 77, 2, 7.66%, 0, 0, 21, 135.24
1572327442, 553, 1332, 2430, 76, 0, 7.66%, 0, 0, 21, 383.89
1572327447, 553, 1882, 2431, 77, 0, 7.66%, 0, 0, 21, 124.74
1572327463, 553, 2111, 2431, 77, 0, 7.66%, 0, 0, 21, 42.62
1572327468, 553, 2119, 2432, 78, 0, 7.66%, 0, 0, 21, 55.45
1572327493, 553, 2257, 2432, 76, 0, 7.66%, 0, 0, 21, 49.57
1572327529, 553, 2260, 2432, 75, 0, 7.66%, 0, 0, 21, 49.67
1572327564, 553, 2330, 2435, 77, 1, 7.66%, 0, 0, 21, 49.64
1572327584, 553, 2433, 2435, 76, 1, 7.66%, 0, 0, 21, 59.53
1572327620, 554, 1357, 2435, 75, 0, 7.66%, 0, 0, 21, 545.84
1572327625, 554, 1891, 2436, 76, 0, 7.66%, 0, 0, 21, 190.51
1572327630, 554, 1905, 2436, 76, 0, 7.66%, 0, 0, 21, 92.34
1572327635, 554, 2011, 2437, 77, 0, 7.66%, 0, 0, 21, 82.75
1572327676, 554, 2074, 2438, 77, 1, 7.66%, 0, 0, 21, 66.03
1572327691, 555, 864, 2438, 75, 0, 7.66%, 0, 0, 21, 290.45
1572327696, 555, 2145, 2439, 76, 1, 7.66%, 0, 0, 21, 63.45
1572327701, 556, 1113, 2440, 75, 0, 7.66%, 0, 0, 21, 526.62
1572327706, 556, 1606, 2440, 75, 0, 7.66%, 0, 0, 21, 47.33
1572327711, 556, 1887, 2440, 75, 0, 7.66%, 0, 0, 21, 41.35
1572327721, 557, 196, 2442, 76, 0, 7.67%, 0, 0, 21, 775.00
1572327727, 557, 1750, 2444, 78, 0, 7.67%, 0, 0, 21, 576.02
1572327732, 557, 1840, 2444, 78, 0, 7.67%, 0, 0, 21, 45.99
1572327742, 557, 2444, 2446, 80, 1, 7.67%, 0, 0, 21, 57.89
1572327762, 557, 2445, 2446, 79, 0, 7.67%, 0, 0, 21, 60.90
1572327803, 558, 739, 2446, 78, 0, 7.67%, 0, 0, 21, 639.57
1572327808, 558, 1698, 2446, 78, 0, 7.67%, 0, 0, 21, 47.38
1572327813, 558, 1860, 2447, 79, 0, 7.67%, 0, 0, 21, 84.44
1572327818, 558, 2259, 2448, 80, 1, 7.67%, 0, 0, 21, 59.71
1572327854, 558, 2388, 2448, 79, 1, 7.67%, 0, 0, 21, 49.48
1572327884, 558, 2446, 2448, 78, 1, 7.67%, 0, 0, 21, 53.72
1572327904, 559, 1720, 2448, 76, 0, 7.67%, 0, 0, 21, 201.40
1572327909, 559, 1757, 2448, 76, 0, 7.67%, 0, 0, 21, 37.30
1572327914, 559, 1904, 2448, 76, 0, 7.67%, 0, 0, 21, 183.74
1572327920, 559, 2075, 2448, 76, 0, 7.67%, 0, 0, 21, 142.64
1572327925, 559, 2448, 2450, 78, 1, 7.67%, 0, 0, 21, 143.29
1572327935, 560, 1201, 2451, 78, 0, 7.67%, 0, 0, 21, 395.84
1572327940, 560, 1822, 2453, 80, 0, 7.67%, 0, 0, 21, 236.41
1572327945, 560, 1822, 2454, 81, 0, 7.67%, 0, 0, 21, 35.39
1572327950, 560, 1917, 2454, 81, 0, 7.67%, 0, 0, 21, 37.56
1572327955, 560, 2109, 2454, 81, 0, 7.67%, 0, 0, 21, 443.30
1572327960, 560, 2147, 2454, 81, 0, 7.67%, 0, 0, 21, 48.71
1572328006, 560, 2199, 2456, 82, 0, 7.67%, 0, 0, 21, 85.21
1572328021, 560, 2244, 2456, 81, 0, 7.67%, 0, 0, 21, 73.83
1572328062, 560, 2296, 2457, 81, 0, 7.67%, 0, 0, 21, 50.28
1572328102, 560, 2305, 2457, 79, 0, 7.67%, 0, 0, 21, 49.20
1572328138, 560, 2324, 2457, 78, 0, 7.67%, 0, 0, 21, 208.05
1572328148, 560, 2339, 2457, 76, 0, 7.67%, 0, 0, 21, 218.42
1572328183, 560, 2341, 2457, 75, 0, 7.67%, 0, 0, 21, 33.45
1572328189, 560, 2346, 2457, 75, 0, 7.67%, 0, 0, 21, 136.43
1572328194, 560, 2355, 2457, 74, 0, 7.67%, 0, 0, 21, 84.55
1572328214, 560, 2387, 2457, 72, 0, 7.67%, 0, 0, 21, 49.64
1572328244, 560, 2393, 2457, 71, 0, 7.67%, 0, 0, 21, 49.73
1572328285, 560, 2396, 2457, 70, 0, 7.67%, 0, 0, 21, 49.29
1572328300, 560, 2413, 2457, 69, 0, 7.67%, 0, 0, 21, 90.06
1572328305, 560, 2426, 2458, 68, 0, 7.67%, 0, 0, 21, 142.06
1572328320, 560, 2432, 2458, 67, 0, 7.67%, 0, 0, 21, 94.52
1572328361, 560, 2449, 2458, 66, 0, 7.67%, 0, 0, 21, 59.28
1572328376, 560, 2456, 2458, 65, 0, 7.67%, 0, 0, 21, 71.58
1572328402, 561, 1543, 2458, 64, 0, 7.67%, 0, 0, 21, 71.62
1572328407, 561, 1757, 2460, 66, 0, 7.67%, 0, 0, 21, 49.37
1572328412, 561, 1849, 2460, 66, 0, 7.67%, 0, 0, 21, 356.10
1572328417, 561, 1903, 2460, 66, 0, 7.67%, 0, 0, 21, 44.08
1572328422, 561, 1944, 2461, 67, 0, 7.67%, 0, 0, 21, 60.52
1572328428, 561, 2443, 2462, 66, 1, 7.67%, 0, 0, 21, 3654.54
1572328433, 561, 2461, 2462, 65, 1, 7.67%, 0, 0, 21, 111.40
1572328463, 562, 2344, 2463, 65, 1, 7.67%, 0, 0, 21, 103.87
1572328514, 563, 1657, 2464, 64, 1, 7.67%, 0, 0, 21, 439.40
1572328519, 563, 2261, 2473, 73, 1, 7.68%, 0, 0, 21, 46.25
1572328524, 563, 2350, 2474, 74, 2, 7.68%, 0, 0, 21, 47.41
1572328554, 563, 2463, 2474, 73, 2, 7.68%, 0, 0, 21, 520.00
1572328570, 563, 2469, 2474, 72, 1, 7.68%, 0, 0, 21, 73.24
1572328590, 563, 2473, 2474, 71, 0, 7.68%, 0, 0, 21, 49.78
1572328620, 564, 43, 2474, 70, 0, 7.68%, 0, 0, 21, 50.84
1572328626, 564, 1608, 2476, 72, 1, 7.68%, 0, 0, 21, 70.40
1572328631, 564, 2013, 2477, 73, 1, 7.68%, 0, 0, 21, 46.04
1572328636, 564, 2478, 2479, 74, 0, 7.68%, 0, 0, 21, 74.30
1572328682, 565, 824, 2479, 73, 0, 7.68%, 0, 0, 21, 550.75
1572328687, 565, 1751, 2481, 75, 0, 7.68%, 0, 0, 21, 91.36
1572328692, 565, 2204, 2485, 79, 1, 7.68%, 0, 0, 21, 59.77
1572328697, 565, 2424, 2486, 80, 2, 7.68%, 0, 0, 21, 113.82
1572328712, 565, 2481, 2486, 79, 2, 7.68%, 0, 0, 21, 112.19
1572328738, 565, 2485, 2487, 79, 2, 7.68%, 0, 0, 21, 76.50
1572328764, 565, 2486, 2487, 78, 1, 7.68%, 0, 0, 21, 76.46
1572328779, 566, 1087, 2487, 77, 0, 7.68%, 0, 0, 21, 789.15
1572328784, 566, 1725, 2487, 77, 0, 7.68%, 0, 0, 21, 113.51
1572328789, 566, 2203, 2489, 79, 1, 7.68%, 0, 0, 21, 106.90
1572328794, 566, 2488, 2491, 81, 2, 7.68%, 0, 0, 21, 77.08
1572328809, 566, 2489, 2491, 80, 1, 7.68%, 0, 0, 21, 84.58
1572328830, 566, 2490, 2491, 79, 0, 7.68%, 0, 0, 21, 91.52
1572328850, 567, 1636, 2491, 78, 0, 7.68%, 0, 0, 21, 602.78
1572328856, 567, 1949, 2491, 78, 0, 7.68%, 0, 0, 21, 102.79
1572328861, 567, 1950, 2491, 78, 0, 7.68%, 0, 0, 21, 69.98
1572328866, 567, 2116, 2493, 80, 0, 7.68%, 0, 0, 21, 77.74
1572328906, 567, 2434, 2494, 79, 1, 7.68%, 0, 0, 21, 89.99
1572328921, 567, 2493, 2494, 78, 1, 7.68%, 0, 0, 21, 124.32
1572328932, 567, 2493, 2495, 79, 1, 7.68%, 0, 0, 21, 125.48
1572328937, 567, 2494, 2495, 78, 1, 7.68%, 0, 0, 21, 218.45
1572328942, 568, 1471, 2495, 77, 0, 7.68%, 0, 0, 21, 455.22
1572328947, 568, 2425, 2496, 78, 1, 7.68%, 0, 0, 21, 63.31
1572328967, 568, 2495, 2496, 77, 1, 7.68%, 0, 0, 21, 89.25
1572329003, 569, 861, 2496, 76, 0, 7.68%, 0, 0, 21, 328.18
1572329008, 569, 1560, 2496, 76, 0, 7.68%, 0, 0, 21, 44.14
1572329013, 569, 1959, 2496, 76, 0, 7.68%, 0, 0, 21, 102.83
1572329018, 569, 2066, 2497, 77, 1, 7.69%, 0, 0, 21, 82.36
1572329024, 569, 2496, 2499, 79, 1, 7.69%, 0, 0, 21, 1326.03
1572329029, 570, 1645, 2500, 79, 0, 7.69%, 0, 0, 21, 696.79
1572329034, 570, 2487, 2505, 84, 2, 7.69%, 0, 0, 21, 965.17
1572329039, 570, 2503, 2505, 82, 2, 7.69%, 0, 0, 21, 138.29
1572329054, 572, 1473, 2507, 80, 0, 7.69%, 0, 0, 21, 830.67
1572329059, 572, 1605, 2507, 80, 0, 7.69%, 0, 0, 21, 65.66
1572329065, 572, 1840, 2508, 81, 0, 7.69%, 0, 0, 21, 83.66
1572329070, 572, 1905, 2508, 81, 0, 7.69%, 0, 0, 21, 68.27
1572329075, 572, 2109, 2508, 81, 0, 7.69%, 0, 0, 21, 83.82
1572329080, 572, 2111, 2508, 81, 0, 7.69%, 0, 0, 21, 71.79
1572329085, 572, 2508, 2509, 82, 1, 7.69%, 0, 0, 21, 81.70
1572329116, 573, 1688, 2509, 81, 0, 7.69%, 0, 0, 21, 531.24
1572329126, 573, 1903, 2510, 82, 0, 7.69%, 0, 0, 21, 71.12
1572329131, 573, 2057, 2510, 82, 0, 7.69%, 0, 0, 21, 57.77
1572329136, 573, 2112, 2511, 83, 0, 7.69%, 0, 0, 21, 166.55
1572329141, 573, 2512, 2513, 85, 1, 7.69%, 0, 0, 21, 395.14
1572329146, 574, 1606, 2514, 85, 0, 7.69%, 0, 0, 21, 36.78
1572329151, 574, 1667, 2514, 85, 0, 7.69%, 0, 0, 21, 264.54
1572329156, 574, 1920, 2514, 85, 0, 7.69%, 0, 0, 21, 65.70
1572329162, 574, 1942, 2514, 85, 0, 7.69%, 0, 0, 21, 60.82
1572329167, 574, 2226, 2514, 85, 0, 7.69%, 0, 0, 21, 71.93
1572329172, 574, 2514, 2519, 89, 1, 7.69%, 0, 0, 21, 55.63
1572329207, 574, 2515, 2519, 88, 0, 7.69%, 0, 0, 21, 84.68
1572329238, 575, 1605, 2519, 87, 0, 7.69%, 0, 0, 21, 39.12
1572329243, 575, 1688, 2519, 87, 0, 7.69%, 0, 0, 21, 63.75
1572329248, 575, 1980, 2520, 88, 0, 7.69%, 0, 0, 21, 72.51
1572329253, 575, 2112, 2520, 88, 0, 7.69%, 0, 0, 21, 62.17
1572329258, 575, 2204, 2520, 88, 0, 7.69%, 0, 0, 21, 65.51
1572329263, 575, 2293, 2520, 88, 0, 7.69%, 0, 0, 21, 49.53
1572329283, 575, 2316, 2520, 87, 0, 7.69%, 0, 0, 21, 285.28
1572329294, 575, 2501, 2522, 88, 1, 7.69%, 0, 0, 21, 214.48
1572329304, 575, 2521, 2522, 87, 1, 7.69%, 0, 0, 21, 181.66
1572329324, 576, 1675, 2523, 87, 1, 7.69%, 0, 0, 21, 50.74
1572329329, 576, 2522, 2526, 89, 1, 7.69%, 0, 0, 21, 3251.74
1572329334, 576, 2524, 2526, 88, 0, 7.69%, 0, 0, 21, 147.60
1572329350, 577, 2045, 2527, 88, 1, 7.70%, 0, 0, 21, 46.81
1572329355, 577, 2069, 2527, 88, 1, 7.70%, 0, 0, 21, 46.60
1572329360, 577, 2526, 2528, 88, 2, 7.70%, 0, 0, 21, 1262.58
1572329365, 577, 2527, 2528, 87, 1, 7.70%, 0, 0, 21, 69.36
1572329390, 578, 1275, 2531, 89, 1, 7.70%, 0, 0, 21, 538.58
1572329395, 578, 2057, 2531, 89, 1, 7.70%, 0, 0, 21, 41.93
1572329400, 578, 2426, 2533, 91, 1, 7.70%, 0, 0, 21, 58.29
1572329406, 578, 2532, 2536, 93, 1, 7.70%, 0, 0, 21, 139.93
1572329421, 579, 1637, 2536, 92, 0, 7.70%, 0, 0, 21, 45.58
1572329426, 579, 1676, 2536, 92, 0, 7.70%, 0, 0, 21, 45.12
1572329431, 579, 2536, 2537, 92, 1, 7.71%, 0, 0, 21, 205.21
1572329441, 580, 822, 2538, 91, 0, 7.71%, 0, 0, 21, 410.86
1572329446, 580, 1849, 2538, 91, 0, 7.71%, 0, 0, 21, 94.83
1572329452, 580, 2109, 2538, 91, 0, 7.71%, 0, 0, 21, 39.94
1572329457, 580, 2112, 2538, 91, 0, 7.71%, 0, 0, 21, 55.69
1572329462, 580, 2308, 2538, 91, 0, 7.71%, 0, 0, 21, 66.86
1572329487, 580, 2317, 2538, 90, 0, 7.71%, 0, 0, 21, 1107.54
1572329492, 580, 2331, 2538, 89, 0, 7.71%, 0, 0, 21, 58.10
1572329513, 580, 2367, 2538, 88, 0, 7.71%, 0, 0, 21, 925.00
1572329518, 580, 2491, 2540, 89, 2, 7.71%, 0, 0, 21, 50.10
1572329548, 581, 1694, 2540, 86, 0, 7.71%, 0, 0, 21, 122.88
1572329553, 581, 1881, 2540, 86, 0, 7.71%, 0, 0, 21, 47.88
1572329559, 581, 1881, 2541, 87, 0, 7.71%, 0, 0, 21, 37.29
1572329564, 581, 1882, 2541, 87, 0, 7.71%, 0, 0, 21, 36.25
1572329569, 581, 1943, 2541, 87, 0, 7.71%, 0, 0, 21, 42.19
1572329574, 581, 2028, 2541, 87, 0, 7.71%, 0, 0, 21, 347.96
1572329579, 581, 2220, 2542, 88, 1, 7.71%, 0, 0, 21, 46.76
1572329584, 581, 2541, 2543, 88, 1, 7.71%, 0, 0, 21, 49.25
1572329620, 582, 1605, 2544, 88, 0, 7.71%, 0, 0, 21, 523.87
1572329625, 582, 2410, 2545, 89, 1, 7.71%, 0, 0, 21, 206.31
1572329635, 582, 2510, 2545, 88, 1, 7.71%, 0, 0, 21, 181.38
1572329661, 582, 2544, 2546, 88, 1, 7.71%, 0, 0, 21, 84.43
1572329687, 582, 2545, 2546, 87, 0, 7.71%, 0, 0, 21, 87.37
1572329702, 583, 793, 2546, 86, 0, 7.71%, 0, 0, 21, 721.52
1572329707, 583, 1860, 2547, 87, 1, 7.71%, 0, 0, 21, 89.85
1572329712, 584, 948, 2548, 87, 0, 7.71%, 0, 0, 21, 1046.93
1572329717, 584, 1753, 2548, 87, 0, 7.71%, 0, 0, 21, 46.84
1572329722, 584, 1858, 2548, 87, 0, 7.71%, 0, 0, 21, 54.49
1572329728, 584, 1980, 2548, 87, 0, 7.71%, 0, 0, 21, 305.67
1572329733, 584, 2112, 2548, 87, 0, 7.71%, 0, 0, 21, 70.53
1572329738, 584, 2270, 2551, 90, 0, 7.71%, 0, 0, 21, 63.52
1572329743, 584, 2326, 2552, 91, 0, 7.71%, 0, 0, 21, 82.73
1572329748, 584, 2336, 2552, 91, 0, 7.71%, 0, 0, 21, 57.11
1572329778, 584, 2354, 2552, 90, 0, 7.71%, 0, 0, 21, 3136.61
1572329783, 584, 2368, 2552, 89, 0, 7.71%, 0, 0, 21, 48.63
1572329819, 584, 2392, 2552, 87, 0, 7.71%, 0, 0, 21, 49.84
1572329844, 584, 2412, 2552, 85, 0, 7.71%, 0, 0, 21, 52.87
1572329865, 584, 2431, 2552, 83, 0, 7.71%, 0, 0, 21, 76.89
1572329885, 584, 2436, 2552, 82, 0, 7.71%, 0, 0, 21, 80.94
1572329906, 584, 2454, 2552, 81, 0, 7.71%, 0, 0, 21, 74.10
1572329931, 584, 2458, 2552, 79, 0, 7.71%, 0, 0, 21, 49.25
1572329961, 584, 2464, 2552, 78, 0, 7.71%, 0, 0, 21, 55.81
1572329987, 584, 2469, 2552, 77, 0, 7.71%, 0, 0, 21, 60.26
1572329992, 584, 2471, 2552, 77, 0, 7.71%, 0, 0, 21, 51.46
1572330028, 584, 2483, 2552, 74, 0, 7.71%, 0, 0, 21, 205.01
1572330043, 584, 2498, 2552, 73, 0, 7.71%, 0, 0, 21, 69.78
1572330078, 584, 2502, 2552, 72, 0, 7.71%, 0, 0, 21, 59.66
1572330109, 584, 2509, 2553, 71, 0, 7.71%, 0, 0, 21, 127.49
1572330119, 584, 2553, 2555, 72, 2, 7.72%, 0, 0, 21, 274.03
1572330124, 585, 1064, 2556, 71, 0, 7.72%, 0, 0, 21, 577.90
1572330129, 585, 1753, 2556, 71, 0, 7.72%, 0, 0, 21, 70.55
1572330135, 585, 1822, 2556, 71, 0, 7.72%, 0, 0, 21, 52.22
1572330140, 585, 1915, 2556, 71, 0, 7.72%, 0, 0, 21, 45.96
1572330145, 585, 2057, 2556, 71, 0, 7.72%, 0, 0, 21, 29.18
1572330150, 585, 2112, 2558, 73, 0, 7.72%, 0, 0, 21, 65.71
1572330155, 585, 2326, 2558, 73, 0, 7.72%, 0, 0, 21, 89.04
1572330160, 585, 2356, 2558, 73, 0, 7.72%, 0, 0, 21, 73.06
1572330180, 585, 2358, 2558, 72, 0, 7.72%, 0, 0, 21, 157.32
1572330190, 585, 2520, 2559, 72, 1, 7.72%, 0, 0, 21, 105.47
1572330211, 585, 2558, 2559, 71, 1, 7.72%, 0, 0, 21, 81.46
1572330232, 586, 1757, 2559, 70, 0, 7.72%, 0, 0, 21, 54.19
1572330237, 586, 2559, 2560, 70, 1, 7.72%, 0, 0, 21, 342.31
1572330257, 586, 2559, 2561, 71, 1, 7.72%, 0, 0, 21, 73.13
1572330262, 587, 1860, 2562, 71, 1, 7.72%, 0, 0, 21, 71.73
1572330267, 587, 1916, 2562, 71, 1, 7.72%, 0, 0, 21, 55.95
1572330272, 587, 2193, 2563, 72, 1, 7.72%, 0, 0, 21, 64.30
1572330277, 587, 2561, 2563, 72, 1, 7.72%, 0, 0, 21, 343.19
1572330282, 588, 1198, 2563, 71, 0, 7.72%, 0, 0, 21, 467.56
1572330288, 588, 2393, 2573, 81, 1, 7.72%, 0, 0, 21, 42.49
1572330293, 588, 2563, 2574, 82, 1, 7.72%, 0, 0, 21, 22.51
1572330298, 588, 2563, 2575, 83, 1, 7.73%, 0, 0, 21, 23.12
1572330318, 589, 1471, 2575, 81, 0, 7.73%, 0, 0, 21, 518.04
1572330323, 589, 1672, 2575, 81, 0, 7.73%, 0, 0, 21, 50.21
1572330329, 589, 1755, 2575, 81, 0, 7.73%, 0, 0, 21, 64.03
1572330334, 589, 1881, 2575, 81, 0, 7.73%, 0, 0, 21, 48.45
1572330339, 589, 2142, 2576, 82, 1, 7.73%, 0, 0, 21, 310.15
1572330344, 590, 1062, 2578, 83, 0, 7.73%, 0, 0, 21, 592.49
1572330349, 590, 1755, 2579, 84, 1, 7.73%, 0, 0, 21, 58.79
1572330354, 591, 1226, 2581, 85, 0, 7.73%, 0, 0, 21, 602.39
1572330359, 591, 1686, 2581, 85, 0, 7.73%, 0, 0, 21, 56.12
1572330364, 591, 1753, 2581, 85, 0, 7.73%, 0, 0, 21, 63.15
1572330369, 591, 2051, 2583, 87, 1, 7.73%, 0, 0, 21, 88.34
1572330375, 591, 2521, 2585, 89, 1, 7.73%, 0, 0, 22, 70.83
1572330380, 591, 2581, 2586, 90, 2, 7.73%, 0, 0, 22, 257.30
1572330385, 591, 2583, 2586, 89, 1, 7.73%, 0, 0, 22, 164.60
1572330405, 591, 2584, 2586, 88, 0, 7.73%, 0, 0, 22, 88.01
1572330420, 591, 2585, 2586, 87, 0, 7.73%, 0, 0, 22, 71.40
1572330446, 592, 1715, 2586, 86, 0, 7.73%, 0, 0, 22, 77.43
1572330451, 592, 1781, 2586, 86, 0, 7.73%, 0, 0, 22, 45.01
1572330456, 592, 2013, 2587, 87, 1, 7.73%, 0, 0, 22, 31.42
1572330461, 592, 2455, 2588, 88, 1, 7.73%, 0, 0, 22, 72.85
1572330477, 592, 2459, 2588, 87, 1, 7.73%, 0, 0, 22, 70.17
1572330502, 592, 2586, 2588, 86, 1, 7.73%, 0, 0, 22, 343.14
1572330507, 593, 1656, 2588, 85, 0, 7.73%, 0, 0, 22, 479.17
1572330512, 593, 1888, 2588, 85, 0, 7.73%, 0, 0, 22, 102.21
1572330523, 593, 1942, 2588, 85, 0, 7.73%, 0, 0, 22, 68.90
1572330528, 593, 2293, 2588, 85, 0, 7.73%, 0, 0, 22, 46.83
1572330538, 593, 2333, 2588, 85, 0, 7.73%, 0, 0, 22, 210.18
1572330574, 593, 2355, 2588, 84, 0, 7.73%, 0, 0, 22, 61.41
1572330579, 593, 2356, 2591, 87, 0, 7.74%, 0, 0, 22, 63.05
1572330584, 593, 2589, 2591, 87, 1, 7.74%, 0, 0, 22, 71.20
1572330595, 593, 2590, 2591, 86, 0, 7.74%, 0, 0, 22, 137.61
1572330610, 594, 1471, 2591, 85, 0, 7.74%, 0, 0, 22, 578.72
1572330615, 594, 1891, 2591, 85, 0, 7.74%, 0, 0, 22, 53.78
1572330620, 594, 1935, 2591, 85, 0, 7.74%, 0, 0, 22, 74.75
1572330625, 594, 1943, 2591, 85, 0, 7.74%, 0, 0, 22, 69.66
1572330630, 594, 2242, 2592, 86, 0, 7.74%, 0, 0, 22, 82.43
1572330660, 594, 2326, 2592, 85, 0, 7.74%, 0, 0, 22, 71.62
1572330665, 594, 2423, 2595, 88, 1, 7.74%, 0, 0, 22, 98.47
1572330681, 594, 2592, 2595, 87, 1, 7.74%, 0, 0, 22, 102.86
1572330706, 595, 1639, 2596, 87, 0, 7.74%, 0, 0, 22, 615.89
1572330711, 595, 1858, 2596, 87, 0, 7.74%, 0, 0, 22, 67.91
1572330716, 595, 1919, 2597, 88, 0, 7.74%, 0, 0, 22, 47.26
1572330721, 595, 2305, 2597, 88, 1, 7.74%, 0, 0, 22, 41.01
1572330727, 595, 2517, 2598, 89, 1, 7.74%, 0, 0, 22, 263.50
1572330737, 595, 2596, 2598, 88, 1, 7.74%, 0, 0, 22, 115.15
1572330767, 595, 2596, 2599, 89, 1, 7.74%, 0, 0, 22, 67.92
1572330773, 595, 2598, 2599, 88, 1, 7.74%, 0, 0, 22, 67.55
1572330798, 596, 2432, 2600, 88, 1, 7.74%, 0, 0, 22, 63.46
1572330803, 596, 2600, 2602, 89, 1, 7.75%, 0, 0, 22, 50.40
1572330859, 597, 1681, 2602, 88, 0, 7.75%, 0, 0, 22, 38.89
1572330864, 597, 1751, 2602, 88, 0, 7.75%, 0, 0, 22, 38.06
1572330874, 597, 1751, 2603, 89, 0, 7.75%, 0, 0, 22, 38.05
1572330879, 597, 2482, 2604, 90, 1, 7.75%, 0, 0, 22, 51.98
1572330915, 597, 2573, 2604, 89, 1, 7.75%, 0, 0, 22, 50.04
1572330970, 597, 2602, 2604, 88, 1, 7.75%, 0, 0, 22, 46.18
1572331001, 598, 1606, 2604, 87, 0, 7.75%, 0, 0, 22, 50.21
1572331006, 598, 1884, 2605, 88, 0, 7.75%, 0, 0, 22, 41.20
1572331021, 598, 2267, 2605, 88, 0, 7.75%, 0, 0, 22, 42.10
1572331026, 598, 2329, 2605, 88, 0, 7.75%, 0, 0, 22, 63.31
1572331062, 598, 2341, 2607, 89, 0, 7.75%, 0, 0, 22, 61.01
1572331067, 598, 2577, 2607, 89, 1, 7.75%, 0, 0, 22, 80.95
1572331092, 598, 2606, 2607, 88, 1, 7.75%, 0, 0, 22, 149.40
1572331098, 599, 1054, 2607, 87, 0, 7.75%, 0, 0, 22, 820.25
1572331103, 599, 1589, 2607, 87, 0, 7.75%, 0, 0, 22, 52.47
1572331108, 599, 1839, 2607, 87, 0, 7.75%, 0, 0, 22, 93.93
1572331113, 599, 1840, 2607, 87, 0, 7.75%, 0, 0, 22, 54.23
1572331118, 599, 2112, 2608, 88, 0, 7.75%, 0, 0, 22, 131.76
1572331123, 599, 2205, 2609, 89, 0, 7.75%, 0, 0, 22, 81.66
1572331128, 599, 2338, 2609, 89, 0, 7.75%, 0, 0, 22, 65.87
1572331179, 599, 2400, 2609, 87, 0, 7.75%, 0, 0, 22, 86.15
1572331194, 599, 2414, 2609, 86, 0, 7.75%, 0, 0, 22, 66.40
1572331220, 599, 2419, 2609, 85, 0, 7.75%, 0, 0, 22, 58.93
1572331245, 599, 2452, 2609, 84, 0, 7.75%, 0, 0, 22, 303.75
1572331255, 599, 2453, 2609, 83, 0, 7.75%, 0, 0, 22, 98.07
1572331276, 599, 2467, 2610, 83, 0, 7.75%, 0, 0, 22, 56.91
1572331306, 599, 2470, 2610, 82, 0, 7.75%, 0, 0, 22, 59.43
1572331332, 599, 2484, 2610, 81, 0, 7.75%, 0, 0, 22, 58.99
1572331347, 600, 1064, 2611, 80, 0, 7.75%, 0, 0, 22, 1125.02
1572331352, 600, 1690, 2611, 80, 0, 7.75%, 0, 0, 22, 76.15
1572331362, 600, 2089, 2611, 80, 0, 7.75%, 0, 0, 22, 153.58
1572331367, 600, 2497, 2612, 81, 1, 7.76%, 0, 0, 22, 79.55
1572331408, 600, 2567, 2612, 80, 1, 7.76%, 0, 0, 22, 55.37
1572331454, 600, 2567, 2613, 81, 1, 7.76%, 0, 0, 22, 46.61
1572331459, 600, 2611, 2613, 80, 1, 7.76%, 0, 0, 22, 42.14
1572331484, 600, 2612, 2613, 79, 0, 7.76%, 0, 0, 22, 50.06
1572331524, 601, 1398, 2613, 78, 0, 7.76%, 0, 0, 22, 644.28
1572331529, 601, 1679, 2613, 78, 0, 7.76%, 0, 0, 22, 57.21
1572331534, 601, 1927, 2614, 79, 0, 7.76%, 0, 0, 22, 46.57
1572331540, 601, 2026, 2614, 79, 0, 7.76%, 0, 0, 22, 53.76
1572331545, 601, 2082, 2614, 79, 0, 7.76%, 0, 0, 22, 51.15
1572331550, 601, 2130, 2614, 79, 0, 7.76%, 0, 0, 22, 54.52
1572331555, 601, 2205, 2614, 79, 0, 7.76%, 0, 0, 22, 67.18
1572331560, 602, 1201, 2616, 80, 0, 7.76%, 0, 0, 22, 619.36
1572331565, 602, 1934, 2616, 80, 0, 7.76%, 0, 0, 22, 838.15
1572331570, 602, 2029, 2617, 81, 0, 7.76%, 0, 0, 22, 72.88
1572331576, 602, 2471, 2618, 82, 1, 7.76%, 0, 0, 22, 55.33
1572331581, 602, 2472, 2618, 82, 1, 7.76%, 0, 0, 22, 46.13
1572331621, 602, 2565, 2618, 81, 1, 7.76%, 0, 0, 22, 40.23
1572331672, 602, 2600, 2618, 80, 1, 7.76%, 0, 0, 22, 40.41
1572331677, 602, 2619, 2620, 81, 1, 7.76%, 0, 0, 22, 46.33
1572331707, 603, 1064, 2620, 80, 0, 7.76%, 0, 0, 22, 759.57
1572331712, 603, 1608, 2620, 80, 0, 7.76%, 0, 0, 22, 41.16
1572331718, 603, 1946, 2620, 80, 0, 7.76%, 0, 0, 22, 85.22
1572331723, 603, 2239, 2620, 80, 0, 7.76%, 0, 0, 22, 118.11
1572331728, 603, 2293, 2620, 80, 0, 7.76%, 0, 0, 22, 72.39
1572331733, 603, 2326, 2620, 80, 0, 7.76%, 0, 0, 22, 252.07
1572331738, 603, 2356, 2620, 80, 0, 7.76%, 0, 0, 22, 109.34
1572331743, 603, 2359, 2620, 80, 0, 7.76%, 0, 0, 22, 61.68
1572331794, 603, 2365, 2620, 79, 0, 7.76%, 0, 0, 22, 39.41
1572331799, 603, 2379, 2620, 79, 0, 7.76%, 0, 0, 22, 50.15
1572331814, 603, 2460, 2620, 77, 0, 7.76%, 0, 0, 22, 128.02
1572331824, 603, 2465, 2620, 76, 0, 7.76%, 0, 0, 22, 110.93
1572331860, 603, 2468, 2620, 75, 0, 7.76%, 0, 0, 22, 57.06
1572331880, 603, 2476, 2620, 74, 0, 7.76%, 0, 0, 22, 52.92
1572331915, 603, 2477, 2620, 73, 0, 7.76%, 0, 0, 22, 49.28
1572331941, 603, 2616, 2621, 72, 1, 7.76%, 0, 0, 22, 53.64
1572331976, 603, 2620, 2621, 71, 1, 7.76%, 0, 0, 22, 54.94
1572332007, 604, 861, 2621, 70, 0, 7.76%, 0, 0, 22, 510.45
1572332012, 604, 2587, 2622, 71, 1, 7.76%, 0, 0, 22, 222.19
1572332017, 604, 2621, 2622, 70, 1, 7.76%, 0, 0, 22, 312.49
1572332022, 605, 1680, 2623, 70, 0, 7.76%, 0, 0, 22, 46.80
1572332027, 605, 1967, 2623, 70, 0, 7.76%, 0, 0, 22, 93.11
1572332032, 605, 2271, 2623, 70, 0, 7.76%, 0, 0, 22, 45.33
1572332037, 605, 2342, 2623, 70, 0, 7.76%, 0, 0, 22, 57.01
1572332068, 605, 2409, 2623, 67, 0, 7.76%, 0, 0, 22, 49.75
1572332119, 605, 2451, 2624, 66, 0, 7.76%, 0, 0, 22, 681.89
1572332124, 605, 2624, 2625, 66, 1, 7.76%, 0, 0, 22, 80.01
1572332144, 606, 1504, 2626, 66, 0, 7.76%, 0, 0, 22, 729.43
1572332149, 606, 1839, 2626, 66, 0, 7.76%, 0, 0, 22, 396.72
1572332155, 606, 1998, 2626, 66, 0, 7.76%, 0, 0, 22, 85.90
1572332160, 606, 2070, 2626, 66, 0, 7.76%, 0, 0, 22, 79.33
1572332165, 606, 2275, 2627, 67, 0, 7.76%, 0, 0, 22, 66.61
1572332170, 606, 2376, 2629, 69, 0, 7.76%, 0, 0, 22, 2798.03
1572332175, 606, 2519, 2630, 69, 0, 7.76%, 0, 0, 22, 57.54
1572332190, 606, 2534, 2630, 68, 0, 7.76%, 0, 0, 22, 53.34
1572332221, 606, 2535, 2630, 67, 0, 7.76%, 0, 0, 22, 49.65
1572332256, 606, 2550, 2630, 65, 0, 7.76%, 0, 0, 22, 40.72
1572332292, 606, 2552, 2630, 64, 0, 7.76%, 0, 0, 22, 70.49
1572332312, 606, 2566, 2630, 63, 0, 7.76%, 0, 0, 22, 72.84
1572332337, 606, 2579, 2630, 62, 0, 7.76%, 0, 0, 22, 49.92
1572332362, 606, 2630, 2631, 62, 1, 7.76%, 0, 0, 22, 50.82
1572332403, 607, 2134, 2632, 62, 1, 7.82%, 0, 0, 22, 98.53
1572332408, 608, 1492, 2632, 61, 0, 7.82%, 0, 0, 22, 41.52
1572332413, 608, 1608, 2633, 62, 0, 7.82%, 0, 0, 22, 50.71
1572332418, 608, 1886, 2633, 62, 0, 7.82%, 0, 0, 22, 325.58
1572332423, 608, 1945, 2634, 63, 0, 7.82%, 0, 0, 22, 349.14
1572332428, 608, 2594, 2635, 64, 1, 7.82%, 0, 0, 22, 64.28
