# unix_time, cycles_done, cur_path, paths_total, pending_total, pending_favs, map_size, unique_crashes, unique_hangs, max_depth, execs_per_sec
1567147699, 0, 0, 1, 1, 1, 0.60%, 0, 0, 1, 2000.00
1567147704, 511, 0, 16, 0, 0, 0.68%, 0, 0, 8, 340.11
1567147709, 869, 17, 21, 0, 0, 0.70%, 0, 0, 10, 341.05
1567147714, 1135, 32, 33, 1, 1, 0.89%, 0, 0, 13, 382.51
1567147719, 1293, 42, 43, 1, 0, 1.04%, 0, 0, 14, 348.36
1567147725, 1434, 0, 49, 0, 0, 1.05%, 0, 0, 18, 335.81
1567147730, 1563, 19, 56, 0, 0, 1.14%, 0, 0, 19, 334.00
1567147735, 1679, 29, 69, 0, 0, 1.18%, 0, 0, 21, 362.91
1567147740, 1793, 74, 75, 0, 0, 1.19%, 0, 0, 25, 355.73
1567147745, 1905, 78, 84, 0, 0, 1.19%, 0, 0, 26, 358.41
1567147750, 2021, 17, 89, 0, 0, 1.19%, 0, 0, 26, 347.70
1567147755, 2124, 36, 93, 0, 0, 1.20%, 0, 0, 28, 340.32
1567147760, 2221, 16, 98, 0, 0, 1.37%, 0, 0, 28, 340.12
1567147765, 2308, 52, 101, 1, 0, 1.37%, 0, 0, 28, 313.41
1567147770, 2398, 60, 113, 0, 0, 1.90%, 0, 0, 28, 384.71
1567147776, 2479, 89, 119, 0, 0, 1.99%, 0, 0, 28, 338.52
1567147781, 2554, 120, 123, 0, 0, 2.04%, 0, 0, 28, 324.61
1567147786, 2629, 29, 128, 0, 0, 2.06%, 0, 0, 28, 342.05
1567147791, 2703, 96, 129, 0, 0, 2.06%, 0, 0, 28, 330.79
1567147796, 2777, 28, 135, 0, 0, 2.40%, 0, 0, 28, 349.95
1567147801, 2830, 60, 195, 2, 0, 3.11%, 0, 0, 34, 563.40
1567147806, 2871, 0, 231, 0, 0, 3.21%, 0, 0, 35, 477.53
1567147811, 2904, 214, 261, 4, 0, 3.30%, 0, 0, 36, 407.01
1567147817, 2940, 182, 285, 1, 0, 3.34%, 0, 0, 36, 417.25
1567147822, 2965, 135, 298, 1, 0, 3.38%, 0, 0, 37, 54.79
1567147827, 2986, 88, 310, 0, 0, 3.38%, 0, 0, 37, 225.59
1567147832, 3007, 320, 321, 4, 1, 3.39%, 0, 0, 39, 230.86
1567147837, 3034, 60, 335, 1, 0, 3.43%, 0, 0, 40, 276.17
1567147842, 3060, 354, 355, 2, 0, 3.52%, 0, 0, 42, 304.42
1567147847, 3089, 209, 365, 1, 0, 3.53%, 0, 0, 42, 282.74
1567147852, 3120, 376, 378, 2, 0, 3.53%, 0, 0, 42, 342.72
1567147858, 3158, 133, 391, 1, 0, 3.56%, 0, 0, 42, 369.23
1567147863, 3197, 401, 408, 4, 0, 3.59%, 0, 0, 42, 405.98
1567147868, 3230, 331, 420, 1, 0, 3.69%, 0, 0, 42, 348.05
1567147873, 3257, 414, 431, 1, 0, 3.71%, 0, 0, 43, 335.24
1567147878, 3281, 440, 444, 2, 0, 3.73%, 0, 0, 45, 278.54
1567147883, 3289, 445, 453, 2, 0, 3.75%, 0, 0, 46, 207.63
1567147888, 3308, 460, 464, 2, 0, 3.77%, 0, 0, 46, 247.09
1567147893, 3317, 471, 472, 2, 1, 3.78%, 0, 0, 47, 196.68
1567147898, 3336, 0, 487, 1, 0, 3.82%, 0, 0, 48, 273.49
1567147904, 3357, 90, 502, 1, 0, 3.85%, 0, 0, 49, 326.69
1567147909, 3373, 515, 516, 3, 1, 3.91%, 0, 0, 50, 366.79
1567147914, 3389, 470, 529, 1, 0, 3.96%, 0, 0, 50, 276.03
1567147919, 3401, 526, 542, 5, 0, 3.98%, 0, 0, 51, 257.76
1567147924, 3411, 549, 551, 2, 0, 4.03%, 0, 0, 51, 213.28
1567147929, 3425, 563, 564, 2, 1, 4.05%, 0, 0, 52, 287.36
1567147934, 3435, 573, 574, 2, 1, 4.07%, 0, 0, 52, 287.40
1567147939, 3446, 418, 586, 2, 0, 4.08%, 0, 0, 52, 255.64
1567147945, 3459, 599, 600, 4, 1, 4.12%, 0, 0, 53, 276.99
1567147950, 3469, 595, 611, 3, 0, 4.13%, 0, 0, 53, 294.71
1567147955, 3484, 611, 623, 3, 0, 4.16%, 0, 0, 54, 304.71
1567147960, 3497, 625, 634, 2, 0, 4.17%, 0, 0, 54, 280.68
1567147965, 3509, 643, 644, 5, 0, 4.17%, 0, 0, 54, 266.02
1567147970, 3529, 370, 651, 0, 0, 4.17%, 0, 0, 54, 306.01
1567147975, 3546, 664, 667, 3, 0, 4.19%, 0, 0, 54, 372.62
1567147980, 3558, 677, 678, 2, 1, 4.21%, 0, 0, 54, 269.96
1567147985, 3570, 687, 688, 3, 0, 4.22%, 0, 0, 54, 262.04
1567147991, 3583, 696, 697, 2, 1, 4.23%, 0, 0, 55, 250.13
1567147996, 3597, 709, 710, 6, 1, 4.23%, 0, 0, 55, 245.56
1567148001, 3607, 60, 721, 4, 0, 4.26%, 0, 0, 56, 246.38
1567148006, 3618, 569, 729, 2, 0, 4.26%, 0, 0, 56, 259.60
1567148011, 3627, 738, 741, 5, 0, 4.27%, 0, 0, 57, 240.27
1567148016, 3633, 754, 755, 6, 0, 4.28%, 0, 0, 57, 252.78
1567148021, 3641, 767, 768, 8, 1, 4.28%, 0, 0, 57, 223.31
1567148026, 3650, 354, 777, 5, 0, 4.29%, 0, 0, 57, 243.13
1567148031, 3659, 569, 788, 3, 0, 4.30%, 0, 0, 58, 248.12
1567148036, 3666, 0, 800, 4, 0, 4.30%, 0, 0, 58, 201.53
1567148041, 3673, 226, 808, 6, 0, 4.32%, 0, 0, 59, 196.90
1567148047, 3679, 811, 812, 2, 1, 4.33%, 0, 0, 59, 150.43
1567148052, 3688, 556, 820, 5, 0, 4.33%, 0, 0, 59, 172.89
1567148057, 3696, 796, 834, 7, 0, 4.34%, 0, 0, 59, 248.87
1567148062, 3704, 835, 841, 3, 0, 4.35%, 0, 0, 60, 255.62
1567148067, 3715, 845, 848, 2, 0, 4.35%, 0, 0, 60, 237.69
1567148072, 3727, 593, 859, 1, 0, 4.38%, 0, 0, 60, 285.38
1567148077, 3737, 502, 870, 3, 0, 4.40%, 0, 0, 60, 277.91
1567148082, 3747, 822, 877, 2, 0, 4.41%, 0, 0, 60, 235.51
1567148087, 3754, 800, 884, 3, 0, 4.41%, 0, 0, 60, 212.80
1567148093, 3764, 644, 894, 5, 0, 4.43%, 0, 0, 60, 238.96
1567148098, 3772, 722, 902, 5, 0, 4.44%, 0, 0, 60, 226.12
1567148103, 3783, 906, 907, 3, 0, 4.44%, 0, 0, 60, 254.92
1567148108, 3792, 777, 916, 4, 0, 4.45%, 0, 0, 60, 237.36
1567148113, 3804, 704, 927, 4, 0, 4.46%, 0, 0, 60, 314.37
1567148118, 3813, 734, 934, 2, 0, 4.48%, 0, 0, 60, 246.77
1567148124, 3821, 943, 944, 2, 0, 4.49%, 0, 0, 60, 269.68
1567148129, 3830, 944, 953, 5, 1, 4.50%, 0, 0, 60, 220.35
1567148134, 3842, 956, 966, 8, 0, 4.51%, 0, 0, 60, 486.18
1567148139, 3853, 802, 974, 3, 0, 4.51%, 0, 0, 60, 471.67
1567148144, 3862, 940, 981, 2, 0, 4.52%, 0, 0, 60, 275.18
1567148149, 3874, 976, 986, 2, 0, 4.52%, 0, 0, 60, 243.54
1567148154, 3884, 990, 991, 2, 1, 4.52%, 0, 0, 60, 224.93
1567148159, 3898, 852, 997, 1, 0, 4.53%, 0, 0, 60, 254.62
1567148164, 3913, 355, 1005, 2, 0, 4.54%, 0, 0, 60, 290.58
1567148170, 3927, 115, 1013, 4, 0, 4.54%, 0, 0, 60, 282.02
1567148175, 3935, 897, 1020, 2, 0, 4.54%, 0, 0, 60, 348.55
1567148180, 3946, 1024, 1031, 4, 0, 4.55%, 0, 0, 61, 297.03
1567148185, 3956, 722, 1036, 1, 0, 4.58%, 0, 0, 61, 256.16
1567148190, 3968, 1033, 1047, 3, 0, 4.60%, 0, 0, 62, 293.77
1567148195, 3979, 1050, 1051, 3, 1, 4.61%, 0, 0, 62, 243.09
1567148200, 3990, 970, 1060, 4, 0, 4.62%, 0, 0, 63, 270.29
1567148205, 3999, 496, 1072, 6, 0, 4.63%, 0, 0, 63, 240.49
1567148210, 4007, 1077, 1078, 3, 1, 4.64%, 0, 0, 63, 252.23
1567148215, 4016, 545, 1086, 3, 0, 4.66%, 0, 0, 63, 238.32
1567148220, 4023, 1085, 1091, 2, 0, 4.66%, 0, 0, 63, 216.28
1567148226, 4030, 1098, 1099, 3, 0, 4.66%, 0, 0, 63, 234.83
1567148231, 4041, 461, 1104, 1, 0, 4.66%, 0, 0, 63, 277.66
1567148236, 4050, 1050, 1108, 0, 0, 4.66%, 0, 0, 63, 235.95
1567148241, 4060, 592, 1116, 3, 0, 4.66%, 0, 0, 64, 249.05
1567148246, 4068, 1107, 1122, 4, 0, 4.67%, 0, 0, 64, 230.36
1567148251, 4078, 1079, 1128, 4, 0, 4.67%, 0, 0, 64, 229.70
1567148256, 4089, 813, 1136, 2, 0, 4.68%, 0, 0, 64, 315.95
1567148261, 4096, 976, 1148, 5, 0, 4.69%, 0, 0, 65, 265.98
1567148266, 4106, 805, 1156, 4, 0, 4.70%, 0, 0, 67, 271.07
1567148271, 4114, 833, 1166, 2, 0, 4.70%, 0, 0, 67, 292.48
1567148277, 4123, 1173, 1175, 2, 0, 4.71%, 0, 0, 67, 288.37
1567148282, 4136, 332, 1183, 2, 0, 4.72%, 0, 0, 67, 307.27
1567148287, 4145, 1186, 1188, 3, 0, 4.72%, 0, 0, 67, 252.87
1567148292, 4152, 1190, 1193, 2, 0, 4.72%, 0, 0, 67, 214.14
1567148297, 4164, 32, 1199, 2, 0, 4.73%, 0, 0, 67, 254.84
1567148302, 4173, 569, 1207, 2, 0, 4.73%, 0, 0, 67, 271.79
1567148307, 4184, 1213, 1214, 3, 1, 4.75%, 0, 0, 67, 2298.51
1567148312, 4193, 1217, 1225, 5, 0, 4.75%, 0, 0, 67, 417.91
1567148318, 4206, 33, 1234, 2, 0, 4.75%, 0, 0, 67, 391.67
1567148323, 4219, 406, 1242, 3, 0, 4.75%, 0, 0, 67, 331.09
1567148328, 4222, 1077, 1251, 5, 0, 4.75%, 0, 0, 68, 200.96
1567148333, 4229, 1072, 1257, 3, 0, 4.75%, 0, 0, 68, 818.83
1567148338, 4236, 1261, 1262, 6, 1, 4.75%, 0, 0, 68, 196.02
1567148343, 4239, 1266, 1270, 7, 0, 4.75%, 0, 0, 68, 209.50
1567148348, 4241, 1264, 1271, 5, 0, 4.75%, 0, 0, 68, 185.51
1567148353, 4246, 1274, 1276, 3, 0, 4.75%, 0, 0, 68, 1979.42
1567148358, 4247, 1060, 1276, 1, 0, 4.75%, 0, 0, 68, 140.49
1567148363, 4257, 1285, 1289, 4, 0, 4.79%, 0, 0, 68, 276.07
1567148368, 4260, 10, 1291, 3, 0, 4.79%, 0, 0, 68, 1184.95
1567148374, 4266, 1296, 1299, 6, 0, 4.80%, 0, 0, 68, 152.33
1567148379, 4268, 1295, 1300, 3, 0, 4.81%, 0, 0, 68, 170.41
1567148384, 4270, 1303, 1308, 9, 0, 4.81%, 0, 0, 68, 151.49
1567148389, 4273, 1306, 1310, 6, 0, 4.84%, 0, 0, 68, 240.66
1567148394, 4275, 1300, 1311, 5, 0, 4.84%, 0, 0, 68, 1206.27
1567148399, 4276, 1317, 1318, 6, 0, 4.84%, 0, 0, 68, 1309.58
1567148404, 4278, 1324, 1325, 9, 0, 4.86%, 0, 0, 68, 302.72
1567148409, 4281, 1172, 1329, 10, 0, 4.86%, 0, 0, 68, 314.42
1567148414, 4283, 1325, 1332, 8, 0, 4.86%, 0, 0, 68, 284.97
1567148420, 4286, 1326, 1337, 9, 0, 4.86%, 0, 0, 68, 183.72
1567148425, 4287, 1336, 1341, 10, 1, 4.88%, 0, 0, 68, 193.22
1567148430, 4288, 1339, 1345, 12, 0, 4.88%, 0, 0, 68, 147.36
1567148435, 4289, 1334, 1345, 8, 0, 4.88%, 0, 0, 68, 358.58
1567148440, 4289, 1341, 1345, 5, 0, 4.88%, 0, 0, 68, 1807.02
1567148445, 4291, 1346, 1347, 4, 0, 4.88%, 0, 0, 68, 1960.00
1567148450, 4295, 1302, 1348, 1, 0, 4.88%, 0, 0, 68, 264.80
1567148455, 4299, 1353, 1356, 5, 0, 4.89%, 0, 0, 68, 1743.41
1567148460, 4301, 1360, 1361, 6, 0, 4.89%, 0, 0, 68, 1540.89
1567148466, 4303, 1363, 1365, 4, 0, 4.89%, 0, 0, 68, 1410.25
1567148471, 4305, 1275, 1367, 3, 0, 4.89%, 0, 0, 68, 268.12
1567148476, 4307, 1366, 1372, 6, 0, 4.89%, 0, 0, 68, 156.46
1567148481, 4309, 1372, 1374, 4, 0, 4.89%, 0, 0, 68, 1047.56
1567148486, 4310, 1375, 1376, 5, 0, 4.89%, 0, 0, 68, 209.36
1567148491, 4312, 1376, 1377, 3, 0, 4.89%, 0, 0, 68, 159.96
1567148496, 4317, 1301, 1381, 3, 0, 4.89%, 0, 0, 68, 224.93
1567148502, 4321, 1377, 1387, 7, 0, 4.90%, 0, 0, 68, 274.12
1567148507, 4322, 1380, 1390, 9, 0, 4.90%, 0, 0, 68, 253.65
1567148512, 4322, 1381, 1390, 8, 0, 4.90%, 0, 0, 68, 233.24
1567148517, 4324, 1389, 1395, 9, 0, 4.90%, 0, 0, 68, 254.78
1567148522, 4325, 1388, 1395, 8, 0, 4.90%, 0, 0, 68, 247.20
1567148527, 4326, 1392, 1395, 5, 0, 4.90%, 0, 0, 68, 1379.73
1567148532, 4330, 178, 1399, 4, 0, 4.90%, 0, 0, 68, 1500.50
1567148537, 4337, 1394, 1401, 3, 0, 4.90%, 0, 0, 68, 1728.52
1567148543, 4344, 507, 1407, 1, 0, 4.90%, 0, 0, 68, 191.22
1567148548, 4352, 675, 1410, 1, 0, 4.90%, 0, 0, 68, 579.19
1567148553, 4355, 1409, 1414, 3, 0, 4.97%, 0, 0, 68, 483.86
1567148558, 4356, 1413, 1416, 3, 0, 4.99%, 0, 0, 68, 627.26
1567148563, 4356, 1415, 1417, 3, 0, 4.99%, 0, 0, 68, 442.33
1567148568, 4358, 1411, 1419, 4, 0, 4.99%, 0, 0, 68, 332.03
1567148573, 4358, 1418, 1419, 2, 0, 4.99%, 0, 0, 68, 118.59
1567148578, 4360, 1420, 1421, 2, 0, 4.99%, 0, 0, 68, 140.13
1567148583, 4362, 1422, 1424, 3, 0, 4.99%, 0, 0, 68, 829.64
1567148589, 4366, 1421, 1426, 2, 0, 4.99%, 0, 0, 68, 190.70
1567148594, 4367, 1427, 1428, 3, 1, 5.00%, 0, 0, 68, 220.76
1567148599, 4369, 1426, 1431, 5, 0, 5.00%, 0, 0, 68, 460.84
1567148604, 4372, 1425, 1435, 5, 0, 5.01%, 0, 0, 68, 1082.01
1567148614, 4375, 764, 1438, 3, 0, 5.01%, 0, 0, 68, 275.76
1567148619, 4376, 1438, 1439, 4, 1, 5.02%, 0, 0, 68, 256.33
1567148624, 4377, 1429, 1439, 3, 0, 5.02%, 0, 0, 68, 264.56
1567148630, 4378, 1436, 1442, 5, 0, 5.02%, 0, 0, 68, 275.86
1567148635, 4379, 1312, 1443, 4, 0, 5.02%, 0, 0, 68, 569.29
1567148640, 4380, 1442, 1443, 2, 0, 5.02%, 0, 0, 68, 312.94
1567148645, 4384, 1445, 1447, 3, 0, 5.02%, 0, 0, 68, 1385.97
1567148650, 4388, 1448, 1449, 3, 0, 5.02%, 0, 0, 68, 288.34
1567148655, 4389, 1437, 1449, 2, 0, 5.02%, 0, 0, 68, 1766.17
1567148660, 4391, 1451, 1452, 4, 0, 5.02%, 0, 0, 68, 275.16
1567148665, 4392, 1450, 1455, 6, 0, 5.02%, 0, 0, 68, 242.04
1567148670, 4393, 1456, 1457, 6, 0, 5.02%, 0, 0, 68, 398.38
1567148675, 4394, 1453, 1458, 5, 0, 5.02%, 0, 0, 68, 521.54
1567148681, 4399, 1461, 1462, 4, 1, 5.02%, 0, 0, 68, 456.91
1567148686, 4401, 1447, 1462, 3, 0, 5.02%, 0, 0, 68, 500.94
1567148691, 4405, 1463, 1466, 4, 0, 5.02%, 0, 0, 68, 427.29
1567148696, 4409, 1466, 1468, 4, 0, 5.02%, 0, 0, 68, 548.57
1567148701, 4411, 1457, 1469, 3, 0, 5.02%, 0, 0, 68, 482.47
1567148706, 4415, 1469, 1474, 4, 0, 5.02%, 0, 0, 68, 218.79
1567148711, 4417, 1468, 1476, 3, 0, 5.02%, 0, 0, 68, 174.75
1567148716, 4419, 1477, 1479, 4, 0, 5.02%, 0, 0, 68, 1042.72
1567148721, 4420, 1476, 1479, 2, 0, 5.02%, 0, 0, 68, 799.02
1567148726, 4427, 1473, 1482, 3, 0, 5.02%, 0, 0, 68, 1935.00
1567148731, 4428, 1484, 1485, 3, 0, 5.02%, 0, 0, 68, 219.28
1567148737, 4430, 1453, 1487, 2, 0, 5.02%, 0, 0, 68, 283.02
1567148742, 4436, 36, 1488, 1, 0, 5.02%, 0, 0, 68, 310.05
1567148747, 4439, 1486, 1491, 2, 0, 5.02%, 0, 0, 68, 1975.12
1567148752, 4442, 798, 1496, 4, 0, 5.02%, 0, 0, 68, 214.28
1567148757, 4444, 1122, 1497, 4, 0, 5.02%, 0, 0, 68, 185.29
1567148762, 4445, 1492, 1499, 4, 0, 5.02%, 0, 0, 68, 177.03
1567148767, 4448, 1062, 1501, 3, 0, 5.02%, 0, 0, 68, 228.82
1567148772, 4448, 1500, 1501, 3, 0, 5.02%, 0, 0, 68, 284.76
1567148777, 4454, 1502, 1506, 4, 0, 5.02%, 0, 0, 68, 235.83
1567148783, 4456, 1227, 1506, 1, 0, 5.02%, 0, 0, 68, 226.60
1567148788, 4462, 1509, 1510, 2, 0, 5.02%, 0, 0, 68, 240.04
1567148793, 4465, 1515, 1516, 4, 1, 5.04%, 0, 0, 68, 342.68
1567148798, 4468, 1517, 1518, 3, 0, 5.04%, 0, 0, 68, 590.41
1567148808, 4471, 1091, 1519, 2, 0, 5.04%, 0, 0, 68, 385.38
1567148813, 4474, 1522, 1523, 4, 0, 5.04%, 0, 0, 68, 454.02
1567148818, 4476, 1520, 1524, 3, 0, 5.04%, 0, 0, 68, 422.51
1567148824, 4477, 1526, 1527, 4, 0, 5.04%, 0, 0, 68, 450.85
1567148829, 4481, 249, 1528, 2, 0, 5.04%, 0, 0, 68, 142.54
1567148834, 4487, 1486, 1534, 4, 0, 5.04%, 0, 0, 68, 258.78
1567148839, 4491, 1537, 1539, 5, 0, 5.04%, 0, 0, 68, 172.35
1567148844, 4493, 1530, 1541, 5, 0, 5.04%, 0, 0, 68, 379.51
1567148849, 4494, 1534, 1542, 4, 0, 5.04%, 0, 0, 68, 600.14
1567148854, 4498, 1542, 1545, 3, 0, 5.04%, 0, 0, 68, 553.31
1567148859, 4500, 1546, 1549, 4, 0, 5.04%, 0, 0, 68, 677.06
1567148864, 4500, 1547, 1549, 3, 0, 5.04%, 0, 0, 68, 575.34
1567148869, 4503, 3, 1549, 0, 0, 5.04%, 0, 0, 68, 681.08
1567148874, 4512, 920, 1553, 2, 0, 5.04%, 0, 0, 68, 117.65
1567148879, 4516, 1509, 1558, 2, 0, 5.05%, 0, 0, 68, 178.75
1567148885, 4518, 1559, 1560, 3, 0, 5.05%, 0, 0, 68, 2076.05
1567148890, 4523, 786, 1564, 4, 0, 5.07%, 0, 0, 68, 149.24
1567148895, 4527, 1562, 1566, 3, 0, 5.07%, 0, 0, 68, 2241.03
1567148900, 4529, 1565, 1567, 3, 0, 5.07%, 0, 0, 68, 336.44
1567148905, 4531, 1566, 1570, 4, 0, 5.07%, 0, 0, 68, 350.40
1567148910, 4533, 1567, 1574, 7, 0, 5.07%, 0, 0, 68, 307.97
1567148915, 4533, 1573, 1574, 5, 0, 5.07%, 0, 0, 68, 364.70
1567148920, 4538, 1011, 1575, 1, 0, 5.07%, 0, 0, 68, 516.47
1567148925, 4545, 911, 1581, 2, 0, 5.08%, 0, 0, 68, 429.93
1567148930, 4550, 1583, 1584, 1, 0, 5.08%, 0, 0, 68, 431.77
1567148936, 4556, 1584, 1586, 2, 0, 5.08%, 0, 0, 68, 233.65
1567148941, 4562, 117, 1587, 1, 0, 5.08%, 0, 0, 68, 302.12
1567148946, 4571, 1590, 1591, 4, 1, 5.08%, 0, 0, 68, 222.11
1567148951, 4577, 1289, 1597, 2, 0, 5.10%, 0, 0, 68, 622.74
1567148956, 4585, 382, 1601, 0, 0, 5.18%, 0, 0, 68, 561.72
1567148961, 4596, 1603, 1606, 4, 0, 5.18%, 0, 0, 68, 326.28
1567148966, 4598, 1461, 1607, 1, 0, 5.18%, 0, 0, 68, 618.59
1567148971, 4604, 1612, 1613, 2, 0, 5.18%, 0, 0, 68, 219.44
1567148977, 4608, 1616, 1617, 2, 1, 5.19%, 0, 0, 68, 299.40
1567148982, 4610, 786, 1617, 1, 0, 5.19%, 0, 0, 68, 269.30
1567148987, 4616, 1619, 1624, 3, 0, 5.19%, 0, 0, 68, 348.33
1567148992, 4619, 1625, 1627, 5, 1, 5.20%, 0, 0, 68, 1768.11
1567148997, 4622, 1609, 1627, 3, 0, 5.20%, 0, 0, 68, 323.43
1567149002, 4627, 22, 1629, 3, 0, 5.21%, 0, 0, 68, 270.84
1567149007, 4630, 1627, 1633, 5, 1, 5.21%, 0, 0, 68, 1506.68
1567149012, 4634, 1640, 1641, 7, 0, 5.22%, 0, 0, 68, 369.52
1567149017, 4638, 0, 1642, 4, 0, 5.22%, 0, 0, 68, 1718.50
1567149022, 4639, 1631, 1642, 4, 0, 5.22%, 0, 0, 68, 242.59
1567149028, 4641, 940, 1642, 1, 0, 5.22%, 0, 0, 68, 1630.20
1567149033, 4645, 1645, 1646, 3, 0, 5.22%, 0, 0, 68, 221.10
1567149038, 4648, 784, 1646, 1, 0, 5.22%, 0, 0, 68, 173.91
1567149043, 4652, 0, 1651, 3, 0, 5.22%, 0, 0, 68, 192.74
1567149048, 4652, 1648, 1651, 2, 0, 5.22%, 0, 0, 68, 736.41
1567149053, 4653, 978, 1651, 0, 0, 5.22%, 0, 0, 68, 723.35
1567149059, 4658, 1656, 1657, 5, 1, 5.22%, 0, 0, 68, 901.38
1567149064, 4661, 1653, 1659, 3, 0, 5.22%, 0, 0, 68, 1757.68
1567149069, 4664, 823, 1659, 0, 0, 5.22%, 0, 0, 68, 1510.93
1567149074, 4669, 1316, 1663, 2, 0, 5.23%, 0, 0, 68, 154.58
1567149079, 4672, 1663, 1664, 2, 0, 5.23%, 0, 0, 68, 261.12
1567149084, 4674, 1294, 1666, 2, 0, 5.23%, 0, 0, 68, 280.19
1567149089, 4676, 1659, 1670, 4, 0, 5.23%, 0, 0, 68, 331.67
1567149094, 4678, 1671, 1673, 5, 0, 5.23%, 0, 0, 68, 679.83
1567149100, 4679, 1672, 1673, 2, 0, 5.23%, 0, 0, 68, 864.73
1567149105, 4683, 1677, 1678, 4, 0, 5.23%, 0, 0, 68, 670.96
1567149110, 4685, 1676, 1678, 2, 0, 5.23%, 0, 0, 68, 1750.06
1567149115, 4688, 1670, 1683, 4, 0, 5.23%, 0, 0, 68, 95.33
1567149120, 4689, 1678, 1683, 1, 0, 5.23%, 0, 0, 68, 660.69
1567149125, 4690, 1684, 1685, 1, 0, 5.23%, 0, 0, 68, 614.94
1567149130, 4692, 1685, 1686, 1, 0, 5.23%, 0, 0, 68, 443.10
1567149135, 4695, 1686, 1687, 1, 0, 5.23%, 0, 0, 68, 335.53
1567149140, 4697, 1688, 1690, 2, 0, 5.23%, 0, 0, 68, 266.53
1567149146, 4701, 1687, 1691, 2, 0, 5.23%, 0, 0, 68, 206.73
1567149151, 4702, 1690, 1692, 2, 0, 5.23%, 0, 0, 68, 231.93
1567149156, 4705, 1693, 1694, 2, 1, 5.24%, 0, 0, 68, 507.79
1567149161, 4708, 1696, 1697, 3, 0, 5.24%, 0, 0, 68, 1640.43
1567149166, 4709, 1697, 1698, 2, 0, 5.24%, 0, 0, 68, 137.70
1567149171, 4714, 1396, 1700, 2, 0, 5.24%, 0, 0, 68, 207.51
1567149176, 4716, 1699, 1700, 1, 0, 5.24%, 0, 0, 68, 278.42
1567149181, 4721, 1117, 1703, 1, 0, 5.24%, 0, 0, 68, 227.10
1567149186, 4723, 1398, 1708, 3, 0, 5.24%, 0, 0, 68, 125.18
1567149191, 4727, 1704, 1710, 2, 0, 5.25%, 0, 0, 68, 216.22
1567149196, 4734, 1712, 1713, 3, 0, 5.25%, 0, 0, 68, 246.49
1567149201, 4735, 1711, 1713, 2, 0, 5.25%, 0, 0, 68, 822.15
1567149207, 4738, 1595, 1717, 3, 0, 5.25%, 0, 0, 69, 767.81
1567149212, 4741, 1717, 1718, 3, 0, 5.25%, 0, 0, 69, 518.32
1567149217, 4743, 1718, 1719, 2, 1, 5.25%, 0, 0, 69, 600.97
1567149222, 4751, 354, 1725, 4, 0, 5.26%, 0, 0, 70, 450.95
1567149227, 4756, 1722, 1727, 2, 0, 5.27%, 0, 0, 70, 118.23
1567149237, 4759, 1218, 1727, 0, 0, 5.27%, 0, 0, 70, 614.22
1567149242, 4763, 1730, 1731, 1, 0, 5.28%, 0, 0, 70, 429.63
1567149247, 4771, 993, 1733, 1, 0, 5.28%, 0, 0, 70, 276.29
1567149252, 4778, 1735, 1738, 2, 0, 5.28%, 0, 0, 70, 1826.73
1567149257, 4784, 1740, 1741, 1, 0, 5.28%, 0, 0, 70, 1040.00
1567149262, 4791, 906, 1742, 1, 0, 5.28%, 0, 0, 70, 98.04
1567149267, 4793, 1743, 1744, 2, 1, 5.28%, 0, 0, 70, 696.70
1567149273, 4796, 1741, 1747, 3, 0, 5.28%, 0, 0, 70, 604.34
1567149278, 4800, 1752, 1754, 7, 1, 5.29%, 0, 0, 70, 113.14
1567149283, 4801, 1750, 1755, 6, 0, 5.29%, 0, 0, 70, 1392.78
1567149288, 4803, 1757, 1758, 5, 0, 5.29%, 0, 0, 70, 285.37
1567149293, 4806, 1752, 1759, 3, 0, 5.29%, 0, 0, 70, 295.27
1567149298, 4810, 1447, 1761, 3, 0, 5.29%, 0, 0, 70, 153.69
1567149303, 4812, 1761, 1764, 3, 0, 5.29%, 0, 0, 70, 1706.60
1567149308, 4814, 1765, 1766, 3, 0, 5.29%, 0, 0, 70, 288.40
1567149314, 4816, 1746, 1767, 1, 0, 5.29%, 0, 0, 70, 249.82
1567149319, 4823, 651, 1767, 0, 0, 5.29%, 0, 0, 70, 193.20
1567149324, 4829, 1767, 1771, 4, 0, 5.29%, 0, 0, 70, 1941.64
1567149329, 4833, 1772, 1774, 4, 0, 5.29%, 0, 0, 70, 251.86
1567149339, 4834, 415, 1774, 2, 0, 5.29%, 0, 0, 70, 315.35
1567149344, 4837, 1778, 1779, 5, 0, 5.29%, 0, 0, 70, 191.28
1567149349, 4841, 1776, 1779, 3, 0, 5.29%, 0, 0, 70, 225.09
1567149355, 4844, 1779, 1784, 5, 0, 5.30%, 0, 0, 70, 189.02
1567149360, 4846, 1117, 1786, 4, 0, 5.30%, 0, 0, 70, 202.04
1567149365, 4848, 1681, 1787, 3, 0, 5.32%, 0, 0, 70, 355.24
1567149370, 4854, 1787, 1788, 2, 0, 5.32%, 0, 0, 70, 225.91
1567149375, 4859, 1195, 1788, 0, 0, 5.32%, 0, 0, 70, 243.56
1567149380, 4863, 481, 1790, 1, 0, 5.32%, 0, 0, 70, 374.05
1567149385, 4868, 1770, 1796, 6, 0, 5.32%, 0, 0, 70, 248.43
1567149390, 4871, 1249, 1796, 3, 0, 5.32%, 0, 0, 70, 124.38
1567149396, 4875, 1324, 1796, 2, 0, 5.32%, 0, 0, 70, 133.55
1567149401, 4877, 1117, 1799, 4, 0, 5.33%, 0, 0, 70, 336.53
1567149406, 4878, 1797, 1799, 2, 0, 5.33%, 0, 0, 70, 478.53
1567149411, 4881, 1794, 1801, 2, 0, 5.33%, 0, 0, 70, 94.98
1567149416, 4885, 1332, 1801, 0, 0, 5.33%, 0, 0, 70, 154.49
1567149421, 4890, 1802, 1803, 1, 0, 5.33%, 0, 0, 70, 437.29
1567149426, 4892, 1804, 1805, 2, 0, 5.33%, 0, 0, 70, 381.95
1567149431, 4896, 1803, 1805, 1, 0, 5.33%, 0, 0, 70, 404.25
1567149436, 4899, 1107, 1806, 0, 0, 5.33%, 0, 0, 70, 498.68
1567149442, 4901, 1808, 1809, 1, 0, 5.34%, 0, 0, 70, 149.40
1567149447, 4905, 1740, 1809, 0, 0, 5.34%, 0, 0, 70, 146.13
1567149452, 4909, 1809, 1813, 4, 1, 5.35%, 0, 0, 70, 1162.94
1567149457, 4913, 1810, 1816, 5, 0, 5.35%, 0, 0, 70, 278.34
1567149462, 4914, 1811, 1816, 4, 0, 5.35%, 0, 0, 70, 392.28
1567149467, 4914, 1815, 1816, 2, 0, 5.35%, 0, 0, 70, 501.64
1567149472, 4918, 1453, 1817, 0, 0, 5.35%, 0, 0, 70, 177.62
1567149477, 4920, 1817, 1818, 1, 0, 5.35%, 0, 0, 70, 151.94
1567149482, 4924, 1689, 1818, 0, 0, 5.35%, 0, 0, 70, 183.43
1567149487, 4928, 1819, 1821, 0, 0, 5.36%, 0, 0, 70, 209.78
1567149492, 4933, 1195, 1825, 3, 0, 5.36%, 0, 0, 71, 66.99
1567149497, 4935, 1824, 1825, 2, 0, 5.36%, 0, 0, 71, 159.83
1567149503, 4939, 1332, 1828, 3, 0, 5.36%, 0, 0, 71, 244.81
1567149508, 4941, 1285, 1828, 0, 0, 5.36%, 0, 0, 71, 1100.29
1567149513, 4946, 1819, 1829, 0, 0, 5.36%, 0, 0, 71, 214.20
1567149518, 4950, 1714, 1831, 1, 0, 5.36%, 0, 0, 71, 201.81
1567149523, 4954, 1829, 1832, 2, 0, 5.36%, 0, 0, 71, 322.31
1567149528, 4957, 1831, 1832, 1, 0, 5.36%, 0, 0, 71, 262.09
1567149533, 4961, 1633, 1833, 0, 0, 5.36%, 0, 0, 71, 178.93
1567149538, 4964, 1834, 1835, 1, 0, 5.36%, 0, 0, 71, 1439.21
1567149543, 4968, 1673, 1837, 1, 0, 5.36%, 0, 0, 71, 222.29
1567149548, 4974, 692, 1837, 0, 0, 5.36%, 0, 0, 71, 212.35
1567149554, 4977, 1753, 1838, 0, 0, 5.36%, 0, 0, 71, 278.19
1567149559, 4982, 1838, 1840, 1, 0, 5.36%, 0, 0, 71, 1258.38
1567149564, 4986, 1746, 1842, 0, 0, 5.36%, 0, 0, 71, 208.69
1567149569, 4995, 115, 1844, 2, 0, 5.36%, 0, 0, 71, 198.53
1567149574, 5000, 1743, 1845, 1, 0, 5.36%, 0, 0, 71, 107.16
1567149579, 5009, 1046, 1845, 0, 0, 5.36%, 0, 0, 71, 193.49
1567149584, 5012, 1845, 1848, 3, 0, 5.36%, 0, 0, 71, 209.69
1567149589, 5012, 1848, 1849, 3, 0, 5.36%, 0, 0, 71, 203.10
1567149594, 5015, 1846, 1849, 2, 0, 5.36%, 0, 0, 71, 234.88
1567149599, 5018, 1655, 1849, 1, 0, 5.36%, 0, 0, 71, 296.76
1567149604, 5025, 1698, 1849, 0, 0, 5.36%, 0, 0, 71, 259.96
1567149610, 5031, 1850, 1851, 2, 1, 5.36%, 0, 0, 71, 397.74
1567149615, 5037, 1555, 1853, 3, 0, 5.36%, 0, 0, 71, 262.39
1567149620, 5041, 1851, 1854, 4, 0, 5.36%, 0, 0, 71, 295.35
1567149625, 5043, 1681, 1854, 2, 0, 5.36%, 0, 0, 71, 122.09
1567149630, 5047, 613, 1858, 4, 0, 5.36%, 0, 0, 71, 199.84
1567149635, 5047, 1852, 1858, 4, 0, 5.36%, 0, 0, 71, 120.06
1567149645, 5049, 1855, 1858, 1, 0, 5.36%, 0, 0, 71, 715.26
1567149650, 5050, 1861, 1862, 1, 1, 5.37%, 0, 0, 71, 803.48
1567149655, 5053, 1863, 1864, 2, 0, 5.37%, 0, 0, 71, 478.58
1567149660, 5056, 651, 1864, 0, 0, 5.37%, 0, 0, 71, 390.28
1567149665, 5060, 940, 1865, 0, 0, 5.37%, 0, 0, 71, 395.07
1567149671, 5062, 1816, 1868, 1, 0, 5.38%, 0, 0, 71, 446.07
1567149676, 5065, 1868, 1869, 1, 0, 5.38%, 0, 0, 71, 500.66
1567149681, 5068, 1353, 1870, 0, 0, 5.38%, 0, 0, 71, 470.86
1567149686, 5070, 1874, 1877, 5, 0, 5.38%, 0, 0, 71, 756.93
1567149691, 5072, 1875, 1877, 3, 0, 5.38%, 0, 0, 71, 499.18
1567149696, 5074, 1873, 1882, 6, 1, 5.38%, 0, 0, 71, 431.84
1567149701, 5075, 1870, 1882, 4, 0, 5.38%, 0, 0, 71, 144.28
1567149706, 5076, 1878, 1883, 3, 0, 5.38%, 0, 0, 71, 704.78
1567149711, 5078, 1877, 1884, 2, 0, 5.38%, 0, 0, 71, 831.58
1567149716, 5082, 120, 1887, 2, 0, 5.39%, 0, 0, 72, 844.90
1567149721, 5084, 1884, 1887, 1, 0, 5.39%, 0, 0, 72, 517.47
1567149727, 5088, 1714, 1889, 1, 0, 5.39%, 0, 0, 73, 447.86
1567149732, 5092, 1890, 1894, 5, 0, 5.39%, 0, 0, 74, 529.15
1567149737, 5093, 1892, 1895, 4, 0, 5.39%, 0, 0, 74, 444.83
1567149742, 5094, 1893, 1895, 3, 0, 5.39%, 0, 0, 74, 367.89
1567149747, 5096, 1895, 1896, 1, 0, 5.39%, 0, 0, 74, 668.26
1567149752, 5099, 1274, 1896, 0, 0, 5.39%, 0, 0, 74, 383.89
1567149757, 5105, 1879, 1896, 0, 0, 5.39%, 0, 0, 74, 269.94
1567149762, 5109, 1896, 1897, 1, 0, 5.39%, 0, 0, 74, 250.72
1567149767, 5115, 1705, 1897, 0, 0, 5.39%, 0, 0, 74, 210.09
1567149773, 5118, 1898, 1899, 2, 0, 5.39%, 0, 0, 74, 1451.66
1567149778, 5121, 1236, 1900, 0, 0, 5.39%, 0, 0, 74, 177.34
1567149783, 5127, 1640, 1900, 0, 0, 5.39%, 0, 0, 74, 221.68
1567149788, 5133, 1840, 1901, 1, 0, 5.39%, 0, 0, 74, 228.55
1567149793, 5134, 1038, 1901, 0, 0, 5.39%, 0, 0, 74, 36.70
1567149798, 5140, 1321, 1904, 3, 0, 5.39%, 0, 0, 74, 264.59
1567149803, 5142, 1901, 1905, 3, 0, 5.39%, 0, 0, 74, 463.20
1567149808, 5143, 1905, 1906, 2, 1, 5.39%, 0, 0, 75, 673.29
1567149813, 5145, 1441, 1907, 1, 0, 5.39%, 0, 0, 75, 585.94
1567149818, 5149, 1359, 1909, 2, 0, 5.40%, 0, 0, 76, 534.17
1567149823, 5152, 1906, 1911, 3, 0, 5.42%, 0, 0, 76, 491.31
1567149828, 5156, 1195, 1911, 0, 0, 5.42%, 0, 0, 76, 221.75
1567149834, 5162, 1327, 1914, 2, 0, 5.42%, 0, 0, 76, 188.55
1567149839, 5165, 1914, 1916, 2, 0, 5.42%, 0, 0, 76, 856.25
1567149844, 5172, 902, 1918, 2, 0, 5.42%, 0, 0, 76, 217.62
1567149849, 5175, 1919, 1920, 3, 0, 5.42%, 0, 0, 76, 398.30
1567149854, 5178, 1918, 1920, 2, 0, 5.42%, 0, 0, 76, 387.88
1567149859, 5180, 1916, 1921, 2, 0, 5.42%, 0, 0, 76, 399.46
1567149864, 5182, 1337, 1922, 1, 0, 5.42%, 0, 0, 76, 449.04
1567149869, 5187, 1920, 1924, 3, 0, 5.42%, 0, 0, 76, 382.43
1567149874, 5187, 1923, 1924, 2, 0, 5.42%, 0, 0, 76, 375.88
1567149879, 5189, 1416, 1924, 1, 0, 5.42%, 0, 0, 76, 287.73
1567149885, 5192, 181, 1925, 1, 0, 5.42%, 0, 0, 76, 373.24
1567149890, 5194, 1924, 1926, 1, 0, 5.42%, 0, 0, 76, 446.82
1567149895, 5200, 1274, 1926, 0, 0, 5.42%, 0, 0, 76, 278.14
1567149900, 5204, 1926, 1927, 1, 0, 5.42%, 0, 0, 76, 322.51
1567149905, 5208, 1927, 1928, 1, 0, 5.42%, 0, 0, 76, 257.03
1567149910, 5213, 1331, 1928, 0, 0, 5.42%, 0, 0, 76, 283.06
1567149915, 5217, 100, 1930, 1, 0, 5.42%, 0, 0, 76, 285.59
1567149920, 5221, 107, 1932, 2, 0, 5.42%, 0, 0, 76, 311.13
1567149925, 5225, 1906, 1933, 2, 0, 5.42%, 0, 0, 76, 133.74
1567149930, 5225, 1932, 1935, 3, 0, 5.42%, 0, 0, 76, 193.39
1567149936, 5227, 1060, 1936, 2, 0, 5.42%, 0, 0, 76, 916.76
1567149941, 5228, 1933, 1937, 2, 0, 5.42%, 0, 0, 76, 764.23
1567149946, 5232, 21, 1939, 1, 0, 5.42%, 0, 0, 76, 170.84
1567149951, 5234, 1657, 1941, 1, 0, 5.42%, 0, 0, 76, 187.50
1567149956, 5238, 1597, 1944, 2, 0, 5.42%, 0, 0, 76, 190.41
1567149961, 5244, 1330, 1945, 0, 0, 5.42%, 0, 0, 76, 191.48
1567149966, 5249, 1772, 1947, 1, 0, 5.42%, 0, 0, 76, 397.90
1567149971, 5255, 258, 1949, 2, 0, 5.42%, 0, 0, 76, 245.36
1567149976, 5256, 1949, 1950, 3, 0, 5.42%, 0, 0, 76, 369.09
1567149981, 5258, 1948, 1950, 2, 0, 5.42%, 0, 0, 76, 370.02
1567149986, 5261, 1952, 1953, 3, 0, 5.42%, 0, 0, 76, 361.25
1567149992, 5265, 1951, 1954, 3, 0, 5.42%, 0, 0, 76, 270.96
1567149997, 5266, 1950, 1954, 1, 0, 5.42%, 0, 0, 76, 237.37
1567150002, 5268, 1951, 1954, 0, 0, 5.42%, 0, 0, 76, 292.01
1567150007, 5273, 1629, 1956, 1, 0, 5.42%, 0, 0, 76, 169.15
1567150012, 5276, 1957, 1958, 2, 0, 5.42%, 0, 0, 76, 267.50
1567150017, 5279, 1958, 1959, 1, 1, 5.44%, 0, 0, 76, 192.35
1567150022, 5281, 1960, 1961, 2, 0, 5.44%, 0, 0, 76, 235.91
1567150027, 5283, 1961, 1962, 2, 0, 5.44%, 0, 0, 76, 1787.13
1567150032, 5289, 420, 1963, 2, 0, 5.44%, 0, 0, 76, 215.14
1567150037, 5292, 1861, 1964, 2, 0, 5.44%, 0, 0, 76, 206.61
1567150043, 5295, 946, 1965, 2, 0, 5.44%, 0, 0, 76, 328.59
1567150048, 5298, 1966, 1969, 3, 0, 5.53%, 0, 0, 76, 114.46
1567150053, 5301, 1964, 1969, 2, 0, 5.53%, 0, 0, 76, 865.19
1567150058, 5303, 1970, 1971, 2, 0, 5.53%, 0, 0, 76, 218.99
1567150063, 5308, 1388, 1972, 2, 0, 5.53%, 0, 0, 76, 198.22
1567150068, 5311, 1971, 1973, 2, 0, 5.53%, 0, 0, 76, 240.30
1567150073, 5313, 1972, 1973, 1, 0, 5.53%, 0, 0, 76, 286.20
1567150083, 5316, 1715, 1974, 1, 0, 5.53%, 0, 0, 76, 185.87
1567150089, 5321, 1228, 1976, 2, 0, 5.53%, 0, 0, 76, 363.24
1567150094, 5321, 1977, 1978, 2, 0, 5.53%, 0, 0, 76, 1574.72
1567150099, 5323, 1975, 1979, 2, 0, 5.53%, 0, 0, 76, 219.86
1567150104, 5328, 1265, 1980, 1, 0, 5.53%, 0, 0, 76, 235.95
1567150109, 5330, 1979, 1983, 4, 0, 5.53%, 0, 0, 76, 325.46
1567150114, 5330, 1981, 1983, 3, 0, 5.53%, 0, 0, 76, 181.20
1567150120, 5331, 1980, 1983, 2, 0, 5.53%, 0, 0, 76, 155.94
1567150130, 5335, 1983, 1986, 4, 0, 5.53%, 0, 0, 76, 189.46
1567150135, 5338, 1072, 1986, 2, 0, 5.53%, 0, 0, 76, 343.72
1567150140, 5341, 1391, 1988, 2, 0, 5.53%, 0, 0, 76, 245.14
1567150145, 5344, 1987, 1988, 2, 0, 5.53%, 0, 0, 76, 440.17
1567150150, 5347, 1988, 1990, 2, 0, 5.53%, 0, 0, 76, 210.42
1567150155, 5351, 1695, 1990, 1, 0, 5.53%, 0, 0, 76, 196.19
1567150160, 5355, 1989, 1993, 3, 1, 5.53%, 0, 0, 76, 269.20
1567150165, 5356, 1991, 1994, 2, 0, 5.53%, 0, 0, 76, 335.15
1567150170, 5360, 1904, 1994, 0, 0, 5.53%, 0, 0, 76, 228.64
1567150175, 5362, 1995, 1996, 1, 0, 5.53%, 0, 0, 76, 321.27
1567150180, 5367, 1414, 1998, 1, 0, 5.53%, 0, 0, 76, 232.33
1567150185, 5371, 1518, 1998, 0, 0, 5.53%, 0, 0, 76, 261.25
1567150191, 5375, 1292, 2000, 1, 0, 5.53%, 0, 0, 76, 77.24
1567150196, 5380, 1908, 2001, 2, 0, 5.53%, 0, 0, 76, 206.41
1567150201, 5385, 1992, 2003, 2, 0, 5.53%, 0, 0, 76, 221.50
1567150206, 5389, 1341, 2004, 0, 0, 5.53%, 0, 0, 76, 474.05
1567150211, 5392, 2006, 2007, 2, 1, 5.53%, 0, 0, 76, 638.42
1567150216, 5397, 1299, 2007, 0, 0, 5.53%, 0, 0, 76, 214.81
1567150221, 5401, 1431, 2008, 0, 0, 5.53%, 0, 0, 76, 504.64
1567150226, 5408, 1344, 2010, 1, 0, 5.54%, 0, 0, 76, 302.87
1567150232, 5413, 1259, 2010, 0, 0, 5.54%, 0, 0, 76, 252.39
1567150237, 5419, 369, 2011, 1, 0, 5.54%, 0, 0, 76, 256.34
1567150242, 5424, 1730, 2011, 1, 0, 5.54%, 0, 0, 76, 248.55
1567150247, 5429, 1856, 2012, 2, 0, 5.54%, 0, 0, 76, 233.25
1567150252, 5432, 2010, 2014, 4, 0, 5.54%, 0, 0, 76, 324.77
1567150257, 5434, 2013, 2016, 3, 0, 5.54%, 0, 0, 76, 485.74
1567150262, 5438, 2016, 2019, 4, 1, 5.54%, 0, 0, 76, 478.14
1567150267, 5441, 737, 2019, 2, 0, 5.54%, 0, 0, 76, 204.56
1567150273, 5445, 1292, 2020, 1, 0, 5.54%, 0, 0, 76, 269.64
1567150278, 5450, 33, 2021, 1, 0, 5.54%, 0, 0, 76, 252.12
1567150283, 5451, 50, 2021, 0, 0, 5.54%, 0, 0, 76, 222.75
1567150288, 5456, 1858, 2022, 1, 0, 5.54%, 0, 0, 76, 249.76
1567150293, 5459, 1561, 2024, 1, 0, 5.54%, 0, 0, 76, 175.29
1567150298, 5462, 2006, 2024, 0, 0, 5.54%, 0, 0, 76, 432.42
1567150303, 5466, 2024, 2025, 1, 0, 5.54%, 0, 0, 76, 263.30
1567150308, 5467, 1374, 2025, 0, 0, 5.54%, 0, 0, 76, 236.40
1567150313, 5474, 516, 2025, 0, 0, 5.54%, 0, 0, 76, 244.93
1567150318, 5481, 1443, 2026, 0, 0, 5.54%, 0, 0, 76, 273.28
1567150323, 5489, 2026, 2030, 1, 0, 5.61%, 0, 0, 76, 358.46
1567150329, 5498, 811, 2034, 1, 0, 5.62%, 0, 0, 76, 109.76
1567150334, 5505, 2034, 2036, 2, 0, 5.62%, 0, 0, 76, 99.22
1567150339, 5510, 2038, 2039, 1, 0, 5.62%, 0, 0, 76, 344.70
1567150344, 5514, 927, 2041, 1, 0, 5.62%, 0, 0, 77, 361.96
1567150349, 5518, 1511, 2043, 2, 0, 5.62%, 0, 0, 77, 495.40
1567150354, 5519, 2041, 2044, 1, 0, 5.62%, 0, 0, 77, 205.71
1567150359, 5524, 2045, 2047, 2, 0, 5.62%, 0, 0, 77, 300.42
1567150365, 5528, 1773, 2048, 1, 0, 5.62%, 0, 0, 77, 571.56
1567150370, 5531, 1626, 2050, 1, 0, 5.62%, 0, 0, 77, 226.05
1567150375, 5534, 569, 2051, 0, 0, 5.62%, 0, 0, 77, 326.49
1567150380, 5540, 1448, 2051, 0, 0, 5.62%, 0, 0, 77, 232.20
1567150385, 5546, 2051, 2052, 1, 0, 5.62%, 0, 0, 77, 259.34
1567150390, 5551, 2053, 2054, 2, 0, 5.62%, 0, 0, 77, 1228.60
1567150396, 5554, 2054, 2056, 2, 0, 5.62%, 0, 0, 77, 935.07
1567150401, 5558, 2056, 2057, 1, 0, 5.62%, 0, 0, 77, 276.42
1567150406, 5562, 1904, 2058, 0, 0, 5.62%, 0, 0, 77, 136.61
1567150411, 5567, 926, 2059, 0, 0, 5.62%, 0, 0, 77, 197.49
1567150416, 5574, 800, 2060, 1, 0, 5.62%, 0, 0, 77, 222.79
1567150421, 5578, 2060, 2061, 1, 0, 5.62%, 0, 0, 77, 1708.73
1567150426, 5583, 1962, 2064, 1, 0, 5.62%, 0, 0, 77, 201.02
1567150431, 5588, 1840, 2065, 1, 0, 5.62%, 0, 0, 77, 213.54
1567150436, 5594, 1744, 2066, 2, 0, 5.62%, 0, 0, 77, 205.69
1567150441, 5598, 2065, 2066, 1, 0, 5.62%, 0, 0, 77, 204.02
1567150446, 5601, 1363, 2066, 0, 0, 5.62%, 0, 0, 77, 223.34
1567150452, 5609, 1408, 2066, 0, 0, 5.62%, 0, 0, 77, 236.76
1567150457, 5614, 2066, 2069, 2, 0, 5.62%, 0, 0, 77, 336.46
1567150462, 5619, 1652, 2069, 0, 0, 5.62%, 0, 0, 77, 284.66
1567150467, 5626, 1592, 2069, 0, 0, 5.62%, 0, 0, 77, 245.56
1567150472, 5632, 1835, 2069, 0, 0, 5.62%, 0, 0, 77, 267.76
1567150477, 5639, 1744, 2069, 0, 0, 5.62%, 0, 0, 77, 237.07
1567150482, 5647, 1363, 2069, 0, 0, 5.62%, 0, 0, 77, 226.20
1567150487, 5654, 993, 2070, 0, 0, 5.62%, 0, 0, 77, 136.94
1567150492, 5658, 2070, 2071, 1, 0, 5.62%, 0, 0, 77, 1498.87
1567150497, 5665, 1827, 2071, 0, 0, 5.62%, 0, 0, 77, 224.37
1567150502, 5672, 1744, 2072, 1, 0, 5.62%, 0, 0, 77, 218.43
1567150507, 5675, 2071, 2072, 1, 0, 5.62%, 0, 0, 77, 833.67
1567150512, 5678, 1689, 2072, 0, 0, 5.62%, 0, 0, 77, 373.48
1567150518, 5685, 1794, 2072, 0, 0, 5.62%, 0, 0, 77, 256.85
1567150523, 5692, 1674, 2072, 0, 0, 5.62%, 0, 0, 77, 227.03
1567150528, 5698, 2073, 2074, 1, 1, 5.63%, 0, 0, 77, 1810.57
1567150533, 5703, 369, 2076, 0, 0, 5.63%, 0, 0, 77, 1775.75
1567150538, 5706, 2076, 2077, 1, 0, 5.63%, 0, 0, 77, 248.04
1567150543, 5712, 1092, 2077, 0, 0, 5.63%, 0, 0, 77, 222.04
1567150548, 5717, 1794, 2079, 1, 1, 5.64%, 0, 0, 77, 226.24
1567150554, 5724, 1615, 2079, 0, 0, 5.64%, 0, 0, 77, 230.27
1567150559, 5729, 1420, 2081, 2, 0, 5.64%, 0, 0, 77, 206.35
1567150564, 5729, 2079, 2081, 2, 0, 5.64%, 0, 0, 77, 148.67
1567150574, 5733, 2080, 2081, 1, 0, 5.64%, 0, 0, 77, 1834.27
1567150579, 5738, 1906, 2081, 0, 0, 5.64%, 0, 0, 77, 225.88
1567150584, 5745, 1962, 2081, 0, 0, 5.64%, 0, 0, 77, 231.98
1567150589, 5752, 361, 2083, 1, 0, 5.64%, 0, 0, 77, 242.15
1567150594, 5758, 899, 2083, 1, 0, 5.64%, 0, 0, 77, 235.98
1567150599, 5762, 1906, 2083, 0, 0, 5.64%, 0, 0, 77, 392.05
1567150604, 5767, 1687, 2084, 0, 0, 5.64%, 0, 0, 77, 379.27
1567150609, 5774, 1264, 2084, 0, 0, 5.64%, 0, 0, 77, 279.28
1567150615, 5780, 1246, 2086, 0, 0, 5.65%, 0, 0, 77, 269.86
1567150620, 5787, 1269, 2086, 0, 0, 5.65%, 0, 0, 77, 270.00
1567150625, 5794, 761, 2087, 1, 0, 5.65%, 0, 0, 77, 268.24
1567150630, 5799, 1904, 2089, 1, 0, 5.65%, 0, 0, 77, 287.17
1567150635, 5805, 1449, 2090, 0, 0, 5.65%, 0, 0, 77, 292.61
1567150640, 5811, 479, 2093, 1, 0, 5.65%, 0, 0, 77, 245.89
1567150645, 5814, 2090, 2094, 2, 0, 5.65%, 0, 0, 77, 215.51
1567150650, 5815, 1701, 2094, 1, 0, 5.65%, 0, 0, 77, 176.61
1567150655, 5819, 2093, 2096, 3, 0, 5.65%, 0, 0, 77, 351.24
1567150661, 5823, 828, 2097, 1, 0, 5.65%, 0, 0, 77, 576.61
1567150666, 5828, 1292, 2098, 1, 0, 5.65%, 0, 0, 77, 406.21
1567150671, 5828, 2098, 2099, 1, 0, 5.65%, 0, 0, 77, 485.62
1567150676, 5831, 2099, 2100, 1, 0, 5.65%, 0, 0, 77, 408.45
1567150681, 5832, 2100, 2101, 1, 0, 5.65%, 0, 0, 77, 279.30
1567150686, 5836, 813, 2101, 0, 0, 5.65%, 0, 0, 77, 259.32
1567150692, 5838, 877, 2102, 0, 0, 5.65%, 0, 0, 77, 347.88
1567150697, 5843, 2102, 2103, 1, 0, 5.65%, 0, 0, 77, 299.08
1567150702, 5846, 1552, 2104, 0, 0, 5.65%, 0, 0, 77, 325.75
1567150707, 5853, 1559, 2104, 0, 0, 5.65%, 0, 0, 77, 287.21
1567150712, 5857, 789, 2107, 1, 0, 5.65%, 0, 0, 77, 297.09
1567150717, 5861, 565, 2107, 0, 0, 5.65%, 0, 0, 77, 50.69
1567150722, 5866, 2006, 2108, 0, 0, 5.65%, 0, 0, 77, 214.61
1567150727, 5873, 1322, 2108, 0, 0, 5.65%, 0, 0, 77, 255.59
1567150732, 5879, 1467, 2109, 1, 0, 5.65%, 0, 0, 77, 243.27
1567150738, 5882, 1092, 2110, 0, 0, 5.65%, 0, 0, 77, 595.80
1567150743, 5887, 2110, 2111, 1, 1, 5.65%, 0, 0, 77, 449.80
1567150748, 5892, 1811, 2112, 1, 0, 5.65%, 0, 0, 77, 250.98
1567150753, 5896, 1670, 2116, 1, 0, 5.65%, 0, 0, 77, 227.24
1567150758, 5898, 2115, 2116, 1, 0, 5.65%, 0, 0, 77, 372.51
1567150763, 5899, 2116, 2117, 1, 0, 5.65%, 0, 0, 77, 192.22
1567150773, 5905, 1857, 2117, 0, 0, 5.65%, 0, 0, 77, 215.39
1567150778, 5911, 912, 2119, 1, 0, 5.65%, 0, 0, 77, 171.10
1567150783, 5913, 1573, 2121, 2, 0, 5.65%, 0, 0, 77, 353.21
1567150788, 5916, 2122, 2123, 3, 0, 5.65%, 0, 0, 77, 284.12
1567150793, 5919, 1963, 2123, 2, 0, 5.65%, 0, 0, 77, 266.86
1567150798, 5921, 2121, 2123, 1, 0, 5.65%, 0, 0, 77, 283.36
1567150804, 5925, 1592, 2123, 0, 0, 5.65%, 0, 0, 77, 255.39
1567150809, 5931, 1376, 2125, 1, 0, 5.65%, 0, 0, 77, 247.51
1567150814, 5932, 2125, 2126, 1, 0, 5.65%, 0, 0, 77, 2029.85
1567150819, 5939, 1490, 2127, 1, 0, 5.65%, 0, 0, 77, 231.11
1567150824, 5942, 2126, 2127, 1, 0, 5.65%, 0, 0, 77, 165.90
1567150834, 5944, 1559, 2127, 0, 0, 5.65%, 0, 0, 77, 138.63
1567150839, 5949, 1976, 2129, 1, 0, 5.65%, 0, 0, 77, 185.14
1567150844, 5951, 2128, 2129, 1, 0, 5.65%, 0, 0, 77, 287.96
1567150849, 5958, 1596, 2129, 0, 0, 5.65%, 0, 0, 77, 259.05
1567150854, 5965, 2121, 2131, 2, 0, 5.65%, 0, 0, 77, 266.22
1567150860, 5972, 2110, 2133, 2, 0, 5.65%, 0, 0, 77, 241.52
1567150865, 5972, 2131, 2133, 2, 0, 5.65%, 0, 0, 77, 187.91
1567150870, 5974, 1046, 2133, 0, 0, 5.65%, 0, 0, 77, 268.27
1567150875, 5981, 585, 2133, 0, 0, 5.65%, 0, 0, 77, 217.01
1567150880, 5989, 2110, 2134, 1, 0, 5.65%, 0, 0, 77, 236.61
1567150885, 5995, 1701, 2134, 0, 0, 5.65%, 0, 0, 77, 252.69
1567150890, 6000, 1615, 2137, 1, 0, 5.74%, 0, 0, 77, 653.00
1567150896, 6004, 904, 2139, 0, 0, 5.75%, 0, 0, 77, 832.81
1567150901, 6010, 2142, 2144, 3, 0, 5.78%, 0, 0, 77, 486.46
1567150906, 6013, 348, 2146, 2, 0, 5.78%, 0, 0, 77, 327.05
1567150911, 6017, 916, 2149, 3, 0, 5.78%, 0, 0, 77, 857.44
1567150916, 6021, 1780, 2153, 2, 0, 5.78%, 0, 0, 77, 138.64
1567150921, 6024, 2145, 2155, 2, 0, 5.78%, 0, 0, 77, 397.91
1567150926, 6028, 1327, 2158, 2, 0, 5.78%, 0, 0, 77, 373.80
1567150931, 6033, 977, 2160, 0, 0, 5.79%, 0, 0, 77, 779.92
1567150936, 6039, 1846, 2165, 1, 0, 5.79%, 0, 0, 77, 976.34
1567150942, 6041, 2164, 2167, 2, 0, 5.79%, 0, 0, 77, 381.41
1567150947, 6049, 858, 2170, 2, 0, 5.82%, 0, 0, 77, 692.99
1567150952, 6056, 1568, 2173, 1, 0, 5.82%, 0, 0, 77, 273.87
1567150957, 6064, 2174, 2177, 4, 0, 5.82%, 0, 0, 77, 260.20
1567150962, 6064, 2175, 2177, 3, 0, 5.82%, 0, 0, 77, 402.97
1567150967, 6067, 2177, 2178, 1, 0, 5.82%, 0, 0, 77, 375.05
1567150972, 6071, 1558, 2181, 1, 0, 5.82%, 0, 0, 77, 645.41
1567150977, 6075, 2180, 2184, 1, 0, 5.83%, 0, 0, 77, 300.38
1567150982, 6082, 1954, 2185, 0, 0, 5.83%, 0, 0, 77, 423.72
1567150987, 6091, 1330, 2189, 1, 0, 5.83%, 0, 0, 77, 300.51
1567150993, 6097, 2190, 2191, 1, 1, 5.83%, 0, 0, 77, 581.01
1567150998, 6103, 946, 2193, 0, 0, 5.84%, 0, 0, 77, 759.13
1567151003, 6111, 1836, 2194, 0, 0, 5.84%, 0, 0, 77, 262.17
1567151008, 6119, 1117, 2197, 1, 0, 5.85%, 0, 0, 77, 484.26
1567151013, 6121, 2199, 2200, 2, 0, 5.85%, 0, 0, 77, 512.39
1567151023, 6122, 906, 2200, 1, 0, 5.85%, 0, 0, 77, 186.30
1567151028, 6131, 670, 2203, 0, 0, 5.85%, 0, 0, 77, 324.91
1567151033, 6135, 2113, 2206, 1, 0, 5.85%, 0, 0, 77, 427.99
1567151039, 6140, 1683, 2209, 1, 0, 5.86%, 0, 0, 77, 359.07
1567151044, 6143, 2211, 2212, 2, 0, 5.86%, 0, 0, 77, 374.47
1567151049, 6150, 2121, 2213, 0, 0, 5.86%, 0, 0, 77, 316.58
1567151054, 6158, 2094, 2219, 2, 0, 5.87%, 0, 0, 77, 306.07
1567151059, 6162, 547, 2219, 0, 0, 5.87%, 0, 0, 77, 361.69
1567151064, 6167, 2220, 2221, 1, 1, 5.88%, 0, 0, 77, 526.18
1567151069, 6173, 432, 2222, 0, 0, 5.88%, 0, 0, 77, 633.13
1567151074, 6179, 1757, 2225, 0, 0, 5.88%, 0, 0, 77, 185.19
1567151079, 6186, 1122, 2228, 1, 0, 5.88%, 0, 0, 77, 315.27
1567151085, 6190, 1743, 2230, 0, 0, 5.88%, 0, 0, 77, 178.82
1567151090, 6197, 2230, 2231, 1, 0, 5.88%, 0, 0, 77, 328.24
1567151095, 6201, 2231, 2233, 2, 0, 5.88%, 0, 0, 77, 276.85
1567151105, 6204, 1171, 2234, 1, 0, 5.88%, 0, 0, 77, 225.85
1567151110, 6208, 2236, 2237, 1, 1, 5.89%, 0, 0, 77, 382.54
1567151115, 6214, 937, 2240, 2, 0, 5.89%, 0, 0, 77, 608.24
1567151120, 6217, 2238, 2242, 2, 0, 5.89%, 0, 0, 77, 855.25
1567151125, 6220, 1098, 2242, 1, 0, 5.89%, 0, 0, 77, 398.80
1567151130, 6229, 1620, 2243, 0, 0, 5.89%, 0, 0, 77, 301.36
1567151136, 6238, 1576, 2243, 0, 0, 5.89%, 0, 0, 77, 257.88
1567151141, 6241, 2245, 2246, 1, 0, 5.89%, 0, 0, 77, 218.36
1567151151, 6247, 1183, 2248, 0, 0, 5.90%, 0, 0, 77, 913.49
1567151156, 6251, 1224, 2252, 1, 0, 5.90%, 0, 0, 77, 685.99
1567151161, 6257, 2235, 2253, 0, 0, 5.90%, 0, 0, 77, 528.09
1567151166, 6263, 1685, 2254, 0, 0, 5.90%, 0, 0, 77, 443.65
1567151171, 6269, 1194, 2256, 0, 0, 5.90%, 0, 0, 77, 1083.21
1567151176, 6277, 2258, 2260, 3, 1, 5.90%, 0, 0, 77, 297.39
1567151181, 6281, 584, 2260, 0, 0, 5.90%, 0, 0, 77, 740.80
1567151186, 6290, 273, 2261, 0, 0, 5.90%, 0, 0, 77, 366.20
1567151191, 6297, 2261, 2265, 2, 0, 5.91%, 0, 0, 77, 391.57
1567151196, 6303, 2250, 2266, 1, 0, 5.91%, 0, 0, 77, 377.32
1567151202, 6310, 2199, 2267, 0, 0, 5.91%, 0, 0, 77, 564.12
1567151207, 6317, 2142, 2269, 0, 0, 5.92%, 0, 0, 77, 1129.58
1567151212, 6323, 2270, 2271, 1, 1, 5.92%, 0, 0, 77, 489.51
1567151217, 6332, 1077, 2271, 0, 0, 5.92%, 0, 0, 77, 303.81
1567151222, 6340, 1432, 2271, 0, 0, 5.92%, 0, 0, 77, 266.76
1567151227, 6348, 1157, 2273, 1, 0, 5.92%, 0, 0, 77, 331.15
1567151232, 6352, 2271, 2274, 2, 0, 5.92%, 0, 0, 77, 268.76
1567151237, 6355, 2274, 2275, 1, 0, 5.92%, 0, 0, 77, 1646.51
1567151243, 6359, 2099, 2275, 0, 0, 5.92%, 0, 0, 77, 227.44
1567151248, 6368, 2175, 2276, 0, 0, 5.93%, 0, 0, 77, 268.71
1567151253, 6374, 2276, 2277, 1, 0, 5.93%, 0, 0, 77, 339.35
1567151258, 6379, 1989, 2277, 0, 0, 5.93%, 0, 0, 77, 285.28
1567151263, 6388, 273, 2278, 0, 0, 5.94%, 0, 0, 77, 253.76
1567151268, 6391, 2278, 2280, 1, 0, 5.94%, 0, 0, 77, 314.42
1567151273, 6395, 2281, 2282, 2, 1, 5.94%, 0, 0, 77, 409.33
1567151278, 6400, 2280, 2283, 2, 0, 5.94%, 0, 0, 77, 269.75
1567151283, 6403, 897, 2283, 0, 0, 5.94%, 0, 0, 77, 720.83
1567151288, 6409, 2285, 2286, 2, 1, 5.94%, 0, 0, 77, 1465.82
1567151293, 6413, 2286, 2287, 1, 0, 5.94%, 0, 0, 77, 1310.23
1567151298, 6420, 2288, 2290, 2, 0, 5.94%, 0, 0, 77, 217.98
