# unix_time, cycles_done, cur_path, paths_total, pending_total, pending_favs, map_size, unique_crashes, unique_hangs, max_depth, execs_per_sec
1567146848, 0, 0, 1, 1, 1, 0.60%, 0, 0, 1, 2000.00
1567146853, 287, 6, 25, 0, 0, 0.92%, 0, 0, 6, 951.80
1567146858, 478, 2, 27, 0, 0, 0.99%, 0, 0, 8, 711.08
1567146863, 660, 13, 27, 0, 0, 0.99%, 0, 0, 8, 676.50
1567146868, 835, 1, 27, 0, 0, 0.99%, 0, 0, 8, 644.67
1567146873, 1014, 11, 27, 0, 0, 0.99%, 0, 0, 8, 652.61
1567146878, 1195, 17, 27, 0, 0, 0.99%, 0, 0, 8, 665.49
1567146883, 1372, 16, 28, 0, 0, 1.02%, 0, 0, 8, 644.98
1567146888, 1549, 22, 30, 0, 0, 1.02%, 0, 0, 8, 670.80
1567146893, 1719, 17, 30, 0, 0, 1.02%, 0, 0, 8, 660.82
1567146898, 1886, 3, 30, 0, 0, 1.02%, 0, 0, 8, 644.27
1567146903, 2059, 3, 31, 0, 0, 1.02%, 0, 0, 8, 657.46
1567146908, 2219, 13, 38, 0, 0, 1.14%, 0, 0, 8, 684.64
1567146913, 2373, 22, 40, 0, 0, 1.15%, 0, 0, 8, 668.76
1567146918, 2513, 29, 48, 0, 0, 1.23%, 0, 0, 10, 703.45
1567146924, 2642, 29, 49, 0, 0, 1.23%, 0, 0, 11, 681.98
1567146929, 2765, 5, 51, 0, 0, 1.24%, 0, 0, 11, 662.29
1567146934, 2877, 26, 62, 0, 0, 1.25%, 0, 0, 14, 706.67
1567146939, 2984, 6, 72, 0, 0, 1.26%, 0, 0, 14, 715.32
1567146944, 3088, 2, 76, 0, 0, 1.26%, 0, 0, 14, 660.68
1567146949, 3194, 26, 82, 0, 0, 1.27%, 0, 0, 14, 670.86
1567146954, 3300, 0, 83, 0, 0, 1.27%, 0, 0, 14, 664.22
1567146959, 3393, 72, 94, 0, 0, 1.52%, 0, 0, 14, 692.71
1567146964, 3479, 18, 96, 0, 0, 1.52%, 0, 0, 14, 665.29
1567146969, 3561, 92, 102, 0, 0, 1.52%, 0, 0, 15, 686.26
1567146975, 3632, 9, 111, 0, 0, 1.84%, 0, 0, 15, 652.61
1567146980, 3685, 154, 168, 3, 0, 2.66%, 0, 0, 23, 787.53
1567146985, 3728, 193, 213, 3, 0, 2.90%, 0, 0, 24, 756.24
1567146990, 3770, 29, 238, 0, 0, 2.99%, 0, 0, 25, 704.04
1567146995, 3811, 224, 258, 1, 0, 3.07%, 0, 0, 25, 681.84
1567147000, 3851, 218, 274, 1, 0, 3.10%, 0, 0, 26, 684.30
1567147005, 3886, 270, 300, 6, 0, 3.17%, 0, 0, 28, 718.68
1567147010, 3920, 309, 317, 2, 0, 3.23%, 0, 0, 30, 692.42
1567147015, 3953, 272, 326, 0, 0, 3.24%, 0, 0, 31, 696.53
1567147020, 3984, 182, 336, 0, 0, 3.26%, 0, 0, 31, 687.77
1567147025, 4013, 72, 345, 1, 0, 3.29%, 0, 0, 31, 644.62
1567147031, 4042, 46, 354, 1, 0, 3.31%, 0, 0, 31, 664.28
1567147036, 4071, 85, 359, 0, 0, 3.32%, 0, 0, 31, 668.29
1567147041, 4099, 3, 373, 1, 0, 3.37%, 0, 0, 34, 689.46
1567147046, 4125, 23, 389, 1, 0, 3.39%, 0, 0, 37, 693.16
1567147051, 4152, 26, 402, 2, 0, 3.41%, 0, 0, 38, 684.04
1567147056, 4179, 3, 423, 2, 0, 3.51%, 0, 0, 38, 774.99
1567147061, 4203, 260, 456, 1, 0, 3.54%, 0, 0, 39, 740.45
1567147066, 4221, 452, 465, 1, 0, 3.54%, 0, 0, 40, 448.88
1567147071, 4242, 372, 491, 6, 0, 3.56%, 0, 0, 41, 657.48
1567147077, 4264, 370, 506, 0, 0, 3.58%, 0, 0, 42, 683.98
1567147082, 4286, 405, 526, 6, 0, 3.60%, 0, 0, 43, 694.33
1567147087, 4304, 470, 546, 2, 0, 3.65%, 0, 0, 43, 684.75
1567147092, 4324, 18, 566, 5, 0, 3.67%, 0, 0, 43, 678.34
1567147097, 4339, 370, 592, 4, 0, 3.76%, 0, 0, 43, 666.01
1567147102, 4356, 33, 617, 4, 0, 3.80%, 0, 0, 43, 719.93
1567147107, 4374, 315, 634, 3, 0, 3.81%, 0, 0, 43, 694.62
1567147113, 4389, 649, 655, 8, 0, 3.83%, 0, 0, 43, 710.61
1567147118, 4400, 666, 668, 3, 0, 3.85%, 0, 0, 43, 495.44
1567147123, 4417, 671, 687, 3, 0, 3.86%, 0, 0, 43, 639.70
1567147128, 4435, 159, 702, 3, 0, 3.88%, 0, 0, 46, 628.85
1567147133, 4449, 703, 726, 4, 0, 3.93%, 0, 0, 50, 654.02
1567147138, 4467, 638, 742, 4, 0, 3.96%, 0, 0, 50, 672.26
1567147143, 4483, 9, 755, 1, 0, 3.99%, 0, 0, 50, 623.36
1567147149, 4499, 322, 764, 2, 0, 4.00%, 0, 0, 50, 645.16
1567147154, 4515, 471, 778, 0, 0, 4.11%, 0, 0, 50, 648.31
1567147159, 4528, 784, 785, 1, 1, 4.11%, 0, 0, 50, 572.51
1567147164, 4543, 604, 788, 1, 0, 4.11%, 0, 0, 50, 681.52
1567147169, 4558, 712, 793, 3, 0, 4.12%, 0, 0, 50, 625.24
1567147174, 4574, 11, 804, 1, 0, 4.12%, 0, 0, 50, 662.59
1567147179, 4587, 662, 825, 7, 0, 4.13%, 0, 0, 50, 658.38
1567147184, 4601, 420, 841, 3, 0, 4.13%, 0, 0, 50, 670.27
1567147189, 4614, 423, 854, 0, 0, 4.14%, 0, 0, 50, 616.81
1567147194, 4628, 638, 868, 5, 0, 4.18%, 0, 0, 50, 628.34
1567147200, 4642, 790, 880, 0, 0, 4.20%, 0, 0, 50, 648.53
1567147205, 4656, 837, 895, 3, 0, 4.21%, 0, 0, 50, 653.94
1567147210, 4669, 616, 903, 0, 0, 4.22%, 0, 0, 50, 640.40
1567147215, 4683, 554, 918, 2, 0, 4.23%, 0, 0, 50, 679.06
1567147220, 4697, 62, 927, 2, 0, 4.24%, 0, 0, 50, 644.53
1567147225, 4708, 357, 937, 1, 0, 4.26%, 0, 0, 50, 615.73
1567147230, 4720, 943, 944, 2, 1, 4.27%, 0, 0, 50, 564.51
1567147235, 4733, 849, 957, 3, 0, 4.27%, 0, 0, 50, 628.97
1567147240, 4745, 958, 972, 5, 0, 4.27%, 0, 0, 50, 687.30
1567147245, 4757, 87, 982, 2, 0, 4.27%, 0, 0, 50, 655.91
1567147250, 4769, 840, 989, 1, 0, 4.29%, 0, 0, 50, 652.26
1567147256, 4782, 1005, 1011, 12, 1, 4.34%, 0, 0, 50, 670.52
1567147261, 4793, 568, 1023, 1, 0, 4.40%, 0, 0, 50, 701.01
1567147266, 4805, 598, 1031, 1, 0, 4.40%, 0, 0, 50, 656.29
1567147271, 4817, 107, 1039, 5, 0, 4.40%, 0, 0, 50, 610.87
1567147276, 4827, 1048, 1049, 7, 0, 4.42%, 0, 0, 50, 657.24
1567147281, 4839, 889, 1054, 1, 0, 4.42%, 0, 0, 50, 677.34
1567147286, 4848, 1061, 1064, 3, 0, 4.45%, 0, 0, 50, 109.94
1567147291, 4855, 1065, 1070, 3, 0, 4.46%, 0, 0, 50, 646.71
1567147296, 4864, 605, 1074, 1, 0, 4.46%, 0, 0, 50, 704.52
1567147301, 4873, 926, 1084, 4, 0, 4.46%, 0, 0, 50, 661.08
1567147307, 4877, 694, 1093, 7, 0, 4.46%, 0, 0, 50, 670.43
1567147312, 4883, 1088, 1098, 3, 0, 4.47%, 0, 0, 50, 101.76
1567147317, 4893, 328, 1102, 2, 0, 4.47%, 0, 0, 50, 642.15
1567147322, 4901, 889, 1106, 2, 0, 4.47%, 0, 0, 50, 860.54
1567147327, 4909, 471, 1107, 0, 0, 4.47%, 0, 0, 51, 587.82
1567147332, 4922, 5, 1110, 0, 0, 4.48%, 0, 0, 51, 608.80
1567147337, 4934, 505, 1114, 0, 0, 4.48%, 0, 0, 51, 630.52
1567147342, 4947, 293, 1117, 0, 0, 4.49%, 0, 0, 51, 649.26
1567147348, 4959, 1023, 1118, 0, 0, 4.49%, 0, 0, 51, 644.77
1567147353, 4972, 779, 1123, 1, 0, 4.54%, 0, 0, 51, 649.67
1567147358, 4985, 334, 1128, 0, 0, 4.54%, 0, 0, 51, 641.51
1567147363, 4997, 1109, 1132, 1, 0, 4.55%, 0, 0, 51, 641.32
1567147368, 5007, 1135, 1136, 1, 0, 4.55%, 0, 0, 51, 115.90
1567147373, 5019, 396, 1147, 0, 0, 4.67%, 0, 0, 51, 504.92
1567147378, 5030, 1157, 1158, 1, 1, 4.73%, 0, 0, 51, 627.82
1567147383, 5043, 465, 1171, 0, 0, 4.80%, 0, 0, 51, 712.92
1567147388, 5053, 1010, 1188, 0, 0, 4.84%, 0, 0, 51, 741.59
1567147394, 5064, 956, 1198, 0, 0, 4.89%, 0, 0, 51, 706.63
1567147399, 5075, 638, 1206, 2, 0, 4.90%, 0, 0, 51, 650.70
1567147404, 5085, 1158, 1215, 0, 0, 4.93%, 0, 0, 51, 695.88
1567147409, 5096, 738, 1224, 1, 0, 4.95%, 0, 0, 51, 687.02
1567147414, 5106, 1159, 1234, 3, 0, 5.01%, 0, 0, 51, 658.69
1567147419, 5116, 1197, 1238, 3, 0, 5.02%, 0, 0, 51, 640.97
1567147424, 5126, 1136, 1249, 5, 0, 5.04%, 0, 0, 51, 648.17
1567147429, 5132, 1248, 1256, 3, 0, 5.04%, 0, 0, 52, 637.20
1567147435, 5141, 1018, 1260, 1, 0, 5.05%, 0, 0, 52, 665.85
1567147440, 5152, 646, 1270, 1, 0, 5.06%, 0, 0, 53, 682.76
1567147445, 5162, 1083, 1277, 2, 0, 5.06%, 0, 0, 55, 657.70
1567147450, 5171, 1287, 1292, 6, 0, 5.11%, 0, 0, 55, 942.39
1567147455, 5180, 988, 1307, 9, 0, 5.13%, 0, 0, 56, 867.81
1567147460, 5187, 1138, 1313, 4, 0, 5.13%, 0, 0, 56, 870.74
1567147465, 5194, 1329, 1334, 8, 0, 5.15%, 0, 0, 56, 1032.69
1567147470, 5200, 1338, 1344, 7, 0, 5.15%, 0, 0, 57, 1242.75
1567147475, 5207, 799, 1357, 8, 0, 5.15%, 0, 0, 57, 1127.27
1567147481, 5214, 734, 1363, 3, 0, 5.15%, 0, 0, 57, 1000.63
1567147486, 5222, 1365, 1368, 3, 0, 5.16%, 0, 0, 57, 972.36
1567147491, 5229, 722, 1374, 3, 0, 5.16%, 0, 0, 57, 165.99
1567147496, 5237, 1369, 1377, 1, 0, 5.16%, 0, 0, 57, 1065.45
1567147501, 5243, 1385, 1387, 5, 0, 5.17%, 0, 0, 57, 1461.72
1567147506, 5247, 1390, 1394, 4, 0, 5.17%, 0, 0, 57, 1001.51
1567147511, 5252, 1397, 1398, 4, 0, 5.17%, 0, 0, 57, 931.72
1567147516, 5260, 1094, 1406, 7, 0, 5.17%, 0, 0, 58, 836.31
1567147522, 5266, 396, 1412, 6, 0, 5.17%, 0, 0, 58, 1256.49
1567147527, 5269, 1404, 1419, 5, 0, 5.18%, 0, 0, 58, 577.62
1567147532, 5275, 1417, 1428, 8, 0, 5.18%, 0, 0, 58, 761.01
1567147537, 5280, 1432, 1433, 3, 0, 5.18%, 0, 0, 58, 751.61
1567147542, 5288, 1437, 1440, 2, 0, 5.19%, 0, 0, 58, 917.69
1567147547, 5295, 1447, 1449, 6, 1, 5.22%, 0, 0, 58, 704.81
1567147552, 5300, 1453, 1455, 6, 0, 5.22%, 0, 0, 58, 760.30
1567147558, 5307, 1442, 1461, 6, 0, 5.22%, 0, 0, 58, 766.16
1567147563, 5308, 1462, 1463, 3, 0, 5.22%, 0, 0, 58, 2107.12
1567147568, 5313, 779, 1467, 2, 0, 5.22%, 0, 0, 58, 606.35
1567147573, 5320, 1008, 1469, 2, 0, 5.22%, 0, 0, 58, 582.48
1567147578, 5325, 1471, 1474, 3, 0, 5.22%, 0, 0, 58, 823.29
1567147583, 5333, 918, 1479, 1, 0, 5.25%, 0, 0, 58, 587.06
1567147588, 5339, 1486, 1490, 8, 0, 5.25%, 0, 0, 58, 760.16
1567147593, 5345, 195, 1492, 3, 0, 5.25%, 0, 0, 58, 1030.02
1567147598, 5354, 426, 1501, 5, 0, 5.25%, 0, 0, 58, 756.29
1567147604, 5358, 505, 1505, 2, 0, 5.25%, 0, 0, 58, 770.58
1567147609, 5362, 710, 1512, 4, 0, 5.26%, 0, 0, 58, 850.86
1567147614, 5366, 432, 1519, 4, 0, 5.27%, 0, 0, 58, 794.46
1567147619, 5371, 1520, 1526, 5, 0, 5.28%, 0, 0, 58, 1081.33
1567147624, 5375, 1524, 1535, 6, 0, 5.28%, 0, 0, 59, 877.52
1567147629, 5379, 1535, 1543, 6, 0, 5.29%, 0, 0, 59, 1255.56
1567147634, 5383, 1158, 1553, 7, 0, 5.29%, 0, 0, 59, 956.96
1567147639, 5387, 1545, 1559, 7, 0, 5.31%, 0, 0, 59, 1153.33
1567147645, 5391, 1553, 1563, 4, 0, 5.33%, 0, 0, 59, 930.88
1567147650, 5397, 1558, 1571, 3, 0, 5.34%, 0, 0, 60, 252.15
1567147655, 5402, 1575, 1578, 6, 0, 5.34%, 0, 0, 60, 438.10
1567147660, 5408, 1062, 1585, 6, 0, 5.34%, 0, 0, 60, 667.69
1567147665, 5411, 1294, 1588, 3, 0, 5.34%, 0, 0, 60, 810.75
1567147670, 5415, 1557, 1598, 9, 0, 5.34%, 0, 0, 60, 740.29
1567147675, 5420, 1597, 1603, 7, 0, 5.36%, 0, 0, 60, 1011.65
1567147681, 5424, 1609, 1610, 9, 1, 5.37%, 0, 0, 60, 1195.22
1567147686, 5428, 1589, 1617, 9, 0, 5.38%, 0, 0, 60, 966.68
1567147691, 5433, 1625, 1632, 14, 0, 5.38%, 0, 0, 60, 947.32
1567147696, 5435, 1618, 1635, 8, 0, 5.38%, 0, 0, 60, 1008.80
1567147701, 5438, 1641, 1642, 8, 0, 5.39%, 0, 0, 60, 884.84
1567147706, 5441, 1639, 1643, 4, 0, 5.39%, 0, 0, 60, 835.74
1567147711, 5445, 1645, 1648, 4, 0, 5.39%, 0, 0, 60, 832.87
1567147716, 5450, 1649, 1652, 3, 0, 5.39%, 0, 0, 60, 831.07
1567147721, 5456, 1650, 1659, 5, 0, 5.39%, 0, 0, 60, 711.86
1567147727, 5460, 1665, 1666, 3, 0, 5.40%, 0, 0, 60, 800.59
1567147732, 5465, 1664, 1672, 4, 0, 5.40%, 0, 0, 60, 741.20
1567147737, 5468, 1678, 1679, 6, 1, 5.42%, 0, 0, 61, 998.91
1567147742, 5473, 65, 1684, 5, 0, 5.42%, 0, 0, 62, 821.09
1567147747, 5475, 1688, 1689, 5, 0, 5.42%, 0, 0, 62, 799.62
1567147752, 5477, 1691, 1693, 6, 0, 5.43%, 0, 0, 62, 760.41
1567147757, 5481, 1168, 1698, 5, 0, 5.43%, 0, 0, 62, 928.23
1567147762, 5485, 857, 1703, 4, 0, 5.43%, 0, 0, 62, 783.22
1567147768, 5490, 1709, 1710, 7, 1, 5.44%, 0, 0, 62, 880.58
1567147773, 5493, 1719, 1720, 8, 1, 5.44%, 0, 0, 62, 1056.98
1567147778, 5496, 1713, 1724, 7, 0, 5.44%, 0, 0, 62, 830.68
1567147783, 5499, 1729, 1730, 9, 1, 5.45%, 0, 0, 62, 721.40
1567147788, 5503, 1735, 1744, 18, 0, 5.45%, 0, 0, 63, 774.62
1567147793, 5505, 1720, 1751, 22, 0, 5.45%, 0, 0, 63, 812.32
1567147798, 5505, 1746, 1753, 20, 0, 5.45%, 0, 0, 63, 766.62
1567147803, 5507, 1666, 1753, 14, 0, 5.45%, 0, 0, 63, 718.20
1567147808, 5508, 1757, 1759, 13, 0, 5.45%, 0, 0, 64, 829.81
1567147813, 5509, 1754, 1763, 12, 0, 5.45%, 0, 0, 64, 774.57
1567147818, 5511, 1767, 1769, 10, 0, 5.47%, 0, 0, 64, 1025.09
1567147823, 5512, 1771, 1773, 10, 0, 5.47%, 0, 0, 65, 723.29
1567147828, 5514, 1765, 1780, 14, 0, 5.47%, 0, 0, 65, 662.94
1567147834, 5515, 1782, 1784, 12, 2, 5.48%, 0, 0, 65, 867.63
1567147839, 5516, 1785, 1787, 11, 0, 5.48%, 0, 0, 65, 1000.24
1567147844, 5520, 1790, 1791, 6, 0, 5.49%, 0, 0, 65, 1032.50
1567147849, 5522, 1794, 1796, 9, 1, 5.50%, 0, 0, 65, 729.70
1567147854, 5526, 483, 1801, 7, 0, 5.50%, 0, 0, 65, 757.13
1567147859, 5528, 1810, 1811, 13, 1, 5.51%, 0, 0, 65, 871.29
1567147864, 5530, 1802, 1813, 11, 0, 5.51%, 0, 0, 65, 808.65
1567147869, 5532, 530, 1818, 12, 0, 5.51%, 0, 0, 66, 767.67
1567147874, 5534, 1801, 1824, 14, 0, 5.52%, 0, 0, 66, 789.15
1567147879, 5535, 1815, 1831, 17, 0, 5.52%, 0, 0, 66, 750.72
1567147884, 5535, 1819, 1831, 16, 0, 5.52%, 0, 0, 66, 517.56
1567147890, 5539, 776, 1836, 15, 0, 5.52%, 0, 0, 66, 559.40
1567147895, 5541, 1845, 1846, 23, 1, 5.53%, 0, 0, 66, 630.06
1567147900, 5543, 1828, 1851, 21, 0, 5.54%, 0, 0, 66, 810.93
1567147905, 5543, 1842, 1851, 18, 0, 5.54%, 0, 0, 66, 744.95
1567147910, 5545, 1853, 1854, 18, 1, 5.54%, 0, 0, 66, 582.41
1567147915, 5546, 1855, 1856, 17, 1, 5.54%, 0, 0, 66, 704.03
1567147920, 5547, 1856, 1859, 17, 0, 5.54%, 0, 0, 66, 673.36
1567147925, 5548, 1852, 1860, 15, 0, 5.54%, 0, 0, 66, 612.65
1567147930, 5549, 1860, 1861, 13, 1, 5.54%, 0, 0, 66, 717.77
1567147935, 5552, 1818, 1864, 13, 0, 5.54%, 0, 0, 66, 726.38
1567147940, 5553, 1865, 1866, 10, 1, 5.54%, 0, 0, 66, 939.80
1567147945, 5555, 1869, 1870, 9, 0, 5.54%, 0, 0, 67, 694.77
1567147950, 5557, 1863, 1873, 8, 0, 5.54%, 0, 0, 67, 688.63
1567147955, 5558, 1859, 1874, 6, 0, 5.54%, 0, 0, 67, 706.16
1567147961, 5561, 1867, 1877, 4, 0, 5.55%, 0, 0, 67, 805.47
1567147966, 5563, 179, 1880, 4, 0, 5.55%, 0, 0, 67, 661.85
1567147971, 5566, 1878, 1889, 9, 0, 5.56%, 0, 0, 67, 681.23
1567147976, 5568, 1881, 1890, 8, 0, 5.56%, 0, 0, 67, 655.52
1567147981, 5572, 1024, 1894, 5, 0, 5.57%, 0, 0, 67, 834.25
1567147986, 5575, 1899, 1900, 8, 0, 5.57%, 0, 0, 67, 1124.33
1567147991, 5577, 992, 1900, 4, 0, 5.57%, 0, 0, 67, 752.71
1567147996, 5579, 1896, 1900, 1, 0, 5.57%, 0, 0, 67, 631.35
1567148002, 5582, 1904, 1906, 4, 0, 5.57%, 0, 0, 67, 653.86
1567148007, 5584, 1859, 1909, 2, 0, 5.57%, 0, 0, 67, 747.44
1567148012, 5586, 1910, 1914, 4, 0, 5.57%, 0, 0, 67, 1027.70
1567148017, 5592, 765, 1916, 1, 0, 5.57%, 0, 0, 67, 409.92
1567148022, 5595, 1917, 1919, 3, 0, 5.57%, 0, 0, 67, 543.75
1567148027, 5597, 1920, 1924, 6, 0, 5.57%, 0, 0, 67, 531.36
1567148032, 5599, 1817, 1926, 4, 0, 5.57%, 0, 0, 67, 685.66
1567148037, 5603, 1925, 1930, 4, 0, 5.57%, 0, 0, 67, 641.31
1567148043, 5604, 1931, 1932, 4, 0, 5.57%, 0, 0, 67, 10.50
1567148048, 5607, 1932, 1934, 2, 0, 5.58%, 0, 0, 67, 548.61
1567148053, 5609, 688, 1938, 3, 0, 5.58%, 0, 0, 67, 630.66
1567148058, 5613, 714, 1946, 6, 0, 5.60%, 0, 0, 67, 816.27
1567148063, 5616, 0, 1952, 6, 0, 5.60%, 0, 0, 67, 1060.15
1567148068, 5617, 1950, 1953, 5, 0, 5.60%, 0, 0, 67, 858.70
1567148074, 5621, 1956, 1957, 5, 1, 5.61%, 0, 0, 67, 772.76
1567148079, 5624, 1023, 1961, 6, 0, 5.61%, 0, 0, 67, 811.22
1567148084, 5624, 1961, 1962, 4, 0, 5.61%, 0, 0, 67, 770.90
1567148089, 5627, 1215, 1964, 1, 0, 5.61%, 0, 0, 67, 680.46
1567148094, 5629, 1275, 1970, 5, 0, 5.62%, 0, 0, 67, 702.75
1567148099, 5629, 1970, 1972, 5, 0, 5.62%, 0, 0, 67, 567.54
1567148104, 5631, 1966, 1975, 4, 0, 5.62%, 0, 0, 68, 677.59
1567148109, 5632, 1967, 1978, 5, 0, 5.62%, 0, 0, 68, 653.07
1567148114, 5636, 1508, 1982, 3, 0, 5.62%, 0, 0, 68, 819.31
1567148119, 5638, 1981, 1983, 1, 0, 5.62%, 0, 0, 68, 693.33
1567148125, 5642, 1829, 1984, 1, 0, 5.62%, 0, 0, 68, 487.54
1567148130, 5645, 1413, 1987, 1, 0, 5.62%, 0, 0, 68, 587.93
1567148135, 5649, 1992, 1993, 4, 1, 5.63%, 0, 0, 69, 781.94
1567148140, 5652, 1986, 1995, 3, 0, 5.63%, 0, 0, 70, 549.56
1567148145, 5655, 1215, 1997, 1, 0, 5.63%, 0, 0, 70, 632.97
1567148150, 5661, 1721, 2001, 1, 0, 5.64%, 0, 0, 70, 752.21
1567148155, 5663, 2006, 2007, 4, 0, 5.64%, 0, 0, 72, 848.24
1567148161, 5667, 1797, 2012, 4, 0, 5.64%, 0, 0, 72, 805.93
1567148166, 5670, 2015, 2016, 2, 1, 5.64%, 0, 0, 72, 893.62
1567148171, 5674, 1008, 2017, 1, 0, 5.64%, 0, 0, 72, 441.03
1567148176, 5677, 1072, 2018, 1, 0, 5.64%, 0, 0, 72, 439.38
1567148181, 5681, 2020, 2021, 2, 1, 5.64%, 0, 0, 72, 565.00
1567148186, 5686, 1967, 2026, 5, 0, 5.64%, 0, 0, 72, 493.48
1567148191, 5688, 2029, 2030, 4, 0, 5.64%, 0, 0, 72, 600.33
1567148196, 5691, 2021, 2033, 5, 0, 5.64%, 0, 0, 72, 481.04
1567148201, 5693, 2035, 2036, 6, 1, 5.64%, 0, 0, 72, 549.10
1567148206, 5695, 2036, 2038, 5, 0, 5.64%, 0, 0, 72, 567.03
1567148211, 5697, 1252, 2039, 3, 0, 5.64%, 0, 0, 72, 681.96
1567148216, 5698, 2041, 2043, 4, 0, 5.64%, 0, 0, 72, 714.81
1567148221, 5700, 1588, 2044, 3, 0, 5.64%, 0, 0, 72, 481.72
1567148227, 5700, 2039, 2044, 2, 0, 5.64%, 0, 0, 72, 446.64
1567148232, 5705, 1223, 2044, 0, 0, 5.64%, 0, 0, 72, 435.82
1567148237, 5708, 2044, 2046, 2, 0, 5.64%, 0, 0, 72, 436.64
1567148242, 5711, 1973, 2046, 0, 0, 5.64%, 0, 0, 72, 451.51
1567148247, 5716, 1266, 2048, 0, 0, 5.65%, 0, 0, 72, 520.10
1567148252, 5720, 2051, 2052, 2, 1, 5.69%, 0, 0, 72, 486.67
1567148257, 5725, 1812, 2055, 2, 0, 5.69%, 0, 0, 72, 641.43
1567148262, 5729, 1634, 2056, 1, 0, 5.69%, 0, 0, 72, 366.99
1567148267, 5734, 1169, 2059, 1, 0, 5.69%, 0, 0, 72, 603.26
1567148272, 5739, 2003, 2063, 4, 0, 5.69%, 0, 0, 72, 559.05
1567148278, 5742, 331, 2064, 1, 0, 5.69%, 0, 0, 72, 665.53
1567148283, 5746, 473, 2067, 2, 0, 5.69%, 0, 0, 72, 583.73
1567148288, 5750, 782, 2072, 3, 0, 5.69%, 0, 0, 72, 709.18
1567148293, 5753, 2074, 2080, 8, 0, 5.69%, 0, 0, 72, 724.76
1567148298, 5758, 2051, 2080, 3, 0, 5.69%, 0, 0, 72, 726.07
1567148303, 5762, 2081, 2085, 6, 0, 5.69%, 0, 0, 72, 900.97
1567148308, 5766, 1931, 2087, 2, 0, 5.69%, 0, 0, 72, 767.89
1567148313, 5771, 2087, 2089, 0, 0, 5.70%, 0, 0, 72, 711.41
1567148318, 5774, 1178, 2091, 1, 0, 5.70%, 0, 0, 72, 479.64
1567148323, 5776, 1871, 2092, 1, 0, 5.70%, 0, 0, 72, 445.97
1567148328, 5780, 2093, 2094, 1, 0, 5.70%, 0, 0, 72, 565.40
1567148333, 5785, 472, 2099, 4, 0, 5.70%, 0, 0, 72, 638.79
1567148338, 5786, 2096, 2102, 5, 0, 5.70%, 0, 0, 72, 748.39
1567148344, 5787, 2106, 2107, 7, 1, 5.70%, 0, 0, 72, 694.24
1567148349, 5789, 1807, 2107, 5, 0, 5.70%, 0, 0, 72, 722.91
1567148354, 5791, 2103, 2111, 7, 0, 5.70%, 0, 0, 72, 618.70
1567148359, 5792, 2101, 2111, 5, 0, 5.70%, 0, 0, 72, 573.89
1567148364, 5793, 2104, 2111, 3, 0, 5.70%, 0, 0, 72, 527.79
1567148369, 5797, 1379, 2116, 5, 0, 5.70%, 0, 0, 72, 679.59
1567148374, 5802, 1236, 2119, 5, 0, 5.70%, 0, 0, 72, 589.27
1567148379, 5807, 2110, 2120, 4, 0, 5.70%, 0, 0, 72, 597.48
1567148384, 5809, 589, 2120, 2, 0, 5.70%, 0, 0, 72, 507.01
1567148390, 5814, 179, 2121, 0, 0, 5.71%, 0, 0, 72, 697.09
1567148395, 5819, 1860, 2125, 1, 0, 5.72%, 0, 0, 72, 644.03
1567148400, 5821, 2123, 2127, 2, 0, 5.72%, 0, 0, 72, 595.79
1567148405, 5825, 2131, 2132, 5, 0, 5.72%, 0, 0, 72, 724.78
1567148410, 5828, 2125, 2134, 6, 0, 5.72%, 0, 0, 72, 549.98
1567148415, 5832, 2134, 2139, 7, 0, 5.72%, 0, 0, 72, 639.09
1567148420, 5833, 2135, 2139, 3, 0, 5.72%, 0, 0, 72, 730.95
1567148425, 5836, 1965, 2140, 2, 0, 5.72%, 0, 0, 72, 561.36
1567148430, 5838, 2140, 2143, 4, 0, 5.72%, 0, 0, 72, 688.07
1567148435, 5841, 2142, 2146, 3, 0, 5.72%, 0, 0, 72, 764.88
1567148441, 5846, 1109, 2149, 2, 0, 5.73%, 0, 0, 72, 577.92
1567148446, 5849, 2147, 2152, 4, 0, 5.73%, 0, 0, 72, 605.63
1567148451, 5853, 2149, 2153, 2, 0, 5.73%, 0, 0, 72, 589.71
1567148456, 5858, 1057, 2154, 1, 0, 5.73%, 0, 0, 72, 610.44
1567148461, 5863, 1011, 2160, 3, 0, 5.78%, 0, 0, 72, 693.23
1567148466, 5866, 2165, 2166, 5, 1, 5.78%, 0, 0, 72, 804.14
1567148471, 5872, 5, 2170, 4, 0, 5.78%, 0, 0, 72, 764.66
1567148476, 5874, 2170, 2171, 1, 0, 5.78%, 0, 0, 72, 741.05
1567148481, 5879, 2174, 2175, 2, 0, 5.78%, 0, 0, 72, 808.59
1567148486, 5882, 2175, 2177, 2, 0, 5.78%, 0, 0, 72, 574.72
1567148491, 5886, 2176, 2178, 2, 0, 5.78%, 0, 0, 72, 602.84
1567148496, 5890, 2179, 2182, 3, 0, 5.78%, 0, 0, 72, 676.45
1567148502, 5895, 2184, 2185, 3, 1, 5.78%, 0, 0, 72, 782.58
1567148507, 5899, 2187, 2188, 2, 0, 5.78%, 0, 0, 72, 774.90
1567148512, 5904, 2190, 2191, 3, 0, 5.81%, 0, 0, 72, 714.78
1567148517, 5905, 2189, 2192, 2, 0, 5.81%, 0, 0, 72, 483.00
1567148522, 5908, 2044, 2193, 2, 0, 5.81%, 0, 0, 72, 469.02
1567148527, 5910, 2193, 2194, 2, 0, 5.81%, 0, 0, 72, 562.25
1567148532, 5914, 1455, 2194, 1, 0, 5.81%, 0, 0, 72, 527.65
1567148537, 5918, 2134, 2195, 1, 0, 5.81%, 0, 0, 72, 578.42
1567148542, 5922, 1974, 2196, 1, 0, 5.81%, 0, 0, 72, 551.37
1567148548, 5927, 1435, 2196, 0, 0, 5.81%, 0, 0, 72, 566.50
1567148553, 5930, 789, 2199, 1, 0, 5.81%, 0, 0, 72, 585.10
1567148558, 5935, 1426, 2201, 1, 0, 5.81%, 0, 0, 72, 699.73
1567148563, 5938, 2203, 2204, 3, 1, 5.82%, 0, 0, 72, 553.30
1567148568, 5942, 2107, 2207, 4, 0, 5.82%, 0, 0, 72, 557.00
1567148573, 5943, 2206, 2207, 2, 0, 5.82%, 0, 0, 72, 597.83
1567148578, 5948, 1011, 2211, 4, 0, 5.82%, 0, 0, 72, 737.29
1567148583, 5950, 2004, 2211, 2, 0, 5.82%, 0, 0, 72, 582.22
1567148588, 5954, 2212, 2213, 3, 0, 5.82%, 0, 0, 72, 666.36
1567148593, 5958, 1974, 2214, 1, 0, 5.82%, 0, 0, 72, 618.72
1567148599, 5962, 760, 2217, 3, 0, 5.82%, 0, 0, 72, 526.96
1567148604, 5964, 2215, 2220, 4, 0, 5.82%, 0, 0, 72, 513.56
1567148609, 5965, 2216, 2221, 4, 0, 5.82%, 0, 0, 72, 503.90
1567148614, 5968, 1481, 2222, 3, 0, 5.82%, 0, 0, 72, 513.80
1567148619, 5970, 2220, 2222, 1, 0, 5.82%, 0, 0, 72, 694.58
1567148624, 5974, 1654, 2224, 1, 0, 5.82%, 0, 0, 72, 648.11
1567148629, 5978, 1129, 2224, 0, 0, 5.82%, 0, 0, 72, 521.49
1567148635, 5983, 1879, 2226, 2, 0, 5.82%, 0, 0, 72, 500.43
1567148640, 5988, 1863, 2228, 4, 0, 5.82%, 0, 0, 72, 452.26
1567148645, 5992, 1618, 2229, 1, 0, 5.82%, 0, 0, 72, 732.61
1567148650, 5994, 2229, 2230, 1, 0, 5.82%, 0, 0, 72, 630.76
1567148655, 5999, 1891, 2231, 1, 0, 5.82%, 0, 0, 72, 551.50
1567148660, 6004, 2206, 2232, 1, 0, 5.82%, 0, 0, 72, 583.68
1567148665, 6009, 2234, 2235, 1, 1, 5.82%, 0, 0, 72, 625.23
1567148671, 6012, 2236, 2237, 2, 0, 5.82%, 0, 0, 72, 619.61
1567148676, 6017, 536, 2238, 1, 0, 5.82%, 0, 0, 72, 599.87
1567148681, 6021, 2238, 2240, 2, 0, 5.82%, 0, 0, 72, 558.85
1567148686, 6022, 2239, 2240, 1, 0, 5.82%, 0, 0, 72, 434.35
1567148691, 6026, 797, 2242, 1, 0, 5.82%, 0, 0, 72, 472.59
1567148696, 6031, 363, 2247, 2, 0, 5.82%, 0, 0, 72, 663.80
1567148701, 6035, 2248, 2250, 3, 0, 5.82%, 0, 0, 72, 668.12
1567148706, 6040, 1792, 2251, 0, 0, 5.82%, 0, 0, 72, 715.17
1567148711, 6046, 1008, 2253, 0, 0, 5.82%, 0, 0, 72, 719.49
1567148716, 6052, 1946, 2257, 3, 0, 5.83%, 0, 0, 72, 632.64
1567148721, 6053, 2256, 2257, 1, 0, 5.83%, 0, 0, 72, 617.52
1567148727, 6059, 2258, 2259, 2, 0, 5.83%, 0, 0, 72, 575.10
1567148732, 6064, 1392, 2260, 1, 0, 5.83%, 0, 0, 72, 601.32
1567148737, 6067, 704, 2263, 2, 0, 5.84%, 0, 0, 72, 536.81
1567148742, 6070, 1620, 2265, 1, 0, 5.84%, 0, 0, 72, 698.42
1567148747, 6074, 2268, 2269, 2, 1, 5.85%, 0, 0, 72, 642.23
1567148752, 6079, 1279, 2272, 1, 0, 5.85%, 0, 0, 72, 696.25
1567148757, 6083, 1297, 2274, 0, 0, 5.85%, 0, 0, 72, 640.38
1567148762, 6089, 615, 2275, 0, 0, 5.85%, 0, 0, 72, 639.68
1567148768, 6095, 293, 2277, 2, 0, 5.85%, 0, 0, 72, 525.11
1567148773, 6098, 2279, 2280, 3, 1, 5.85%, 0, 0, 72, 589.32
1567148778, 6101, 473, 2283, 2, 0, 5.85%, 0, 0, 72, 662.44
1567148783, 6103, 1623, 2285, 2, 0, 5.85%, 0, 0, 72, 557.27
1567148788, 6106, 2285, 2290, 7, 0, 5.85%, 0, 0, 72, 496.41
1567148793, 6106, 2289, 2291, 5, 0, 5.85%, 0, 0, 72, 566.64
1567148798, 6110, 1857, 2296, 6, 0, 5.86%, 0, 0, 72, 743.69
1567148803, 6113, 1453, 2297, 3, 0, 5.86%, 0, 0, 72, 836.69
1567148808, 6114, 2297, 2298, 2, 0, 5.86%, 0, 0, 72, 784.11
1567148814, 6117, 2291, 2300, 2, 0, 5.86%, 0, 0, 72, 660.00
1567148819, 6119, 2300, 2301, 1, 0, 5.86%, 0, 0, 72, 518.62
1567148824, 6123, 2144, 2301, 0, 0, 5.86%, 0, 0, 72, 532.28
1567148829, 6126, 2302, 2304, 2, 0, 5.86%, 0, 0, 72, 570.94
1567148834, 6128, 1079, 2305, 0, 0, 5.86%, 0, 0, 72, 546.78
1567148839, 6132, 2307, 2308, 2, 0, 5.86%, 0, 0, 72, 765.43
1567148844, 6134, 2306, 2309, 2, 0, 5.86%, 0, 0, 72, 627.03
1567148849, 6137, 1186, 2311, 2, 0, 5.86%, 0, 0, 72, 518.62
1567148854, 6140, 2253, 2312, 2, 0, 5.86%, 0, 0, 72, 527.94
1567148859, 6144, 2045, 2313, 2, 0, 5.86%, 0, 0, 72, 541.02
1567148864, 6147, 2302, 2315, 3, 0, 5.86%, 0, 0, 72, 526.49
1567148870, 6152, 2316, 2318, 3, 0, 5.86%, 0, 0, 72, 636.40
1567148875, 6154, 2318, 2319, 2, 0, 5.86%, 0, 0, 72, 516.37
1567148880, 6156, 918, 2319, 0, 0, 5.86%, 0, 0, 72, 494.78
1567148885, 6161, 2319, 2320, 1, 0, 5.86%, 0, 0, 72, 529.85
1567148890, 6166, 246, 2322, 1, 0, 5.86%, 0, 0, 72, 597.31
1567148895, 6171, 818, 2323, 0, 0, 5.86%, 0, 0, 72, 580.95
1567148900, 6175, 2324, 2326, 2, 0, 5.86%, 0, 0, 72, 535.52
1567148905, 6176, 2325, 2326, 1, 0, 5.86%, 0, 0, 72, 509.52
1567148910, 6179, 2100, 2327, 0, 0, 5.86%, 0, 0, 72, 473.94
1567148916, 6184, 2304, 2329, 1, 0, 5.86%, 0, 0, 72, 473.34
1567148921, 6188, 2329, 2330, 1, 0, 5.86%, 0, 0, 72, 780.69
1567148926, 6193, 1871, 2331, 0, 0, 5.86%, 0, 0, 72, 579.99
1567148931, 6198, 1992, 2332, 0, 0, 5.86%, 0, 0, 72, 566.11
1567148936, 6204, 668, 2336, 3, 0, 5.86%, 0, 0, 72, 532.52
1567148941, 6205, 2337, 2338, 4, 0, 5.86%, 0, 0, 72, 666.15
1567148946, 6209, 2338, 2340, 4, 1, 5.87%, 0, 0, 72, 654.97
1567148951, 6213, 1974, 2344, 4, 0, 5.87%, 0, 0, 72, 817.19
1567148956, 6215, 2345, 2346, 4, 1, 5.87%, 0, 0, 72, 333.29
1567148961, 6217, 273, 2346, 2, 0, 5.87%, 0, 0, 72, 361.90
1567148967, 6221, 2309, 2348, 2, 0, 5.87%, 0, 0, 72, 645.41
1567148972, 6226, 1648, 2350, 1, 0, 5.87%, 0, 0, 72, 684.51
1567148977, 6229, 1320, 2354, 2, 0, 5.88%, 0, 0, 72, 703.07
1567148982, 6234, 1909, 2355, 1, 0, 5.89%, 0, 0, 72, 610.95
1567148987, 6240, 578, 2357, 1, 0, 5.89%, 0, 0, 72, 596.08
1567148992, 6244, 875, 2360, 1, 0, 5.91%, 0, 0, 72, 630.41
1567148998, 6246, 2360, 2361, 1, 0, 5.91%, 0, 0, 72, 549.46
1567149003, 6249, 2361, 2363, 2, 0, 5.91%, 0, 0, 72, 311.79
1567149008, 6253, 367, 2365, 2, 0, 5.91%, 0, 0, 72, 1475.93
1567149013, 6255, 1166, 2366, 2, 0, 5.91%, 0, 0, 72, 631.67
1567149018, 6261, 182, 2370, 3, 0, 5.91%, 0, 0, 72, 567.58
1567149023, 6263, 2366, 2372, 3, 0, 5.91%, 0, 0, 72, 616.43
1567149028, 6265, 2369, 2372, 1, 0, 5.91%, 0, 0, 72, 613.99
1567149034, 6271, 80, 2373, 0, 0, 5.91%, 0, 0, 72, 559.82
1567149039, 6277, 1446, 2375, 1, 0, 5.91%, 0, 0, 72, 540.08
1567149044, 6282, 1200, 2380, 3, 0, 5.92%, 0, 0, 72, 599.38
1567149049, 6287, 1598, 2383, 3, 0, 5.92%, 0, 0, 72, 674.01
1567149054, 6291, 731, 2386, 3, 0, 5.92%, 0, 0, 72, 62.50
1567149059, 6295, 1305, 2389, 3, 0, 5.92%, 0, 0, 73, 693.33
1567149064, 6297, 2388, 2390, 2, 0, 5.92%, 0, 0, 73, 743.82
1567149069, 6303, 638, 2391, 1, 0, 5.92%, 0, 0, 73, 595.36
1567149074, 6308, 1812, 2391, 1, 0, 5.92%, 0, 0, 73, 504.97
1567149080, 6313, 1992, 2392, 0, 0, 5.92%, 0, 0, 73, 585.49
1567149085, 6319, 1029, 2393, 0, 0, 5.92%, 0, 0, 73, 569.31
1567149090, 6324, 1297, 2394, 0, 0, 5.92%, 0, 0, 73, 563.91
1567149095, 6329, 1828, 2397, 2, 0, 5.92%, 0, 0, 73, 543.05
1567149100, 6331, 2394, 2398, 2, 0, 5.92%, 0, 0, 73, 472.20
1567149105, 6336, 1057, 2402, 3, 0, 5.93%, 0, 0, 73, 635.27
1567149110, 6340, 2081, 2402, 1, 0, 5.93%, 0, 0, 73, 641.99
1567149116, 6344, 2242, 2405, 2, 0, 5.93%, 0, 0, 74, 582.69
1567149121, 6344, 2404, 2405, 1, 0, 5.93%, 0, 0, 74, 451.14
1567149126, 6349, 1196, 2407, 0, 0, 5.93%, 0, 0, 74, 623.77
1567149131, 6354, 1171, 2408, 0, 0, 5.93%, 0, 0, 74, 589.29
1567149136, 6359, 1981, 2410, 1, 0, 5.93%, 0, 0, 75, 595.71
1567149141, 6365, 1786, 2411, 2, 0, 5.93%, 0, 0, 75, 535.28
1567149146, 6368, 2309, 2412, 1, 0, 5.93%, 0, 0, 75, 714.56
1567149151, 6374, 1931, 2412, 0, 0, 5.93%, 0, 0, 75, 578.92
1567149156, 6377, 1669, 2414, 1, 0, 5.93%, 0, 0, 75, 506.26
1567149161, 6382, 1812, 2415, 1, 0, 5.93%, 0, 0, 75, 348.77
1567149167, 6386, 2417, 2418, 2, 1, 5.94%, 0, 0, 75, 652.95
1567149172, 6390, 2416, 2421, 2, 0, 5.94%, 0, 0, 75, 676.39
1567149177, 6394, 2085, 2423, 1, 0, 5.94%, 0, 0, 75, 611.80
1567149182, 6397, 1860, 2424, 0, 0, 5.94%, 0, 0, 75, 589.31
1567149187, 6403, 504, 2425, 0, 0, 5.94%, 0, 0, 75, 551.35
1567149192, 6408, 2233, 2425, 0, 0, 5.94%, 0, 0, 75, 517.47
1567149197, 6413, 2426, 2427, 2, 0, 5.94%, 0, 0, 75, 502.34
1567149202, 6418, 2189, 2430, 2, 0, 5.94%, 0, 0, 75, 575.03
1567149208, 6424, 260, 2431, 0, 0, 5.96%, 0, 0, 75, 604.87
1567149213, 6429, 1623, 2431, 0, 0, 5.96%, 0, 0, 75, 539.99
1567149218, 6434, 1170, 2434, 2, 0, 5.96%, 0, 0, 75, 546.82
1567149223, 6438, 1426, 2434, 1, 0, 5.96%, 0, 0, 75, 530.03
1567149228, 6441, 2434, 2435, 1, 1, 5.99%, 0, 0, 75, 555.39
1567149233, 6446, 738, 2439, 3, 0, 5.99%, 0, 0, 75, 526.64
1567149238, 6447, 2405, 2439, 2, 0, 5.99%, 0, 0, 75, 401.17
1567149243, 6451, 1789, 2443, 4, 0, 5.99%, 0, 0, 75, 567.32
1567149249, 6454, 2441, 2443, 3, 0, 5.99%, 0, 0, 75, 675.76
1567149254, 6458, 380, 2444, 2, 0, 6.01%, 0, 0, 75, 577.73
1567149259, 6461, 2442, 2444, 2, 0, 6.01%, 0, 0, 75, 515.83
1567149264, 6464, 1495, 2444, 0, 0, 6.01%, 0, 0, 75, 654.01
1567149269, 6470, 1331, 2445, 0, 0, 6.01%, 0, 0, 75, 513.62
1567149274, 6474, 2422, 2448, 2, 0, 6.01%, 0, 0, 75, 484.35
1567149279, 6477, 2450, 2451, 3, 0, 6.01%, 0, 0, 76, 738.63
1567149284, 6481, 2451, 2452, 3, 0, 6.01%, 0, 0, 76, 713.74
1567149289, 6484, 2453, 2455, 4, 0, 6.02%, 0, 0, 76, 557.98
1567149295, 6487, 1557, 2457, 3, 0, 6.02%, 0, 0, 76, 551.76
1567149300, 6489, 736, 2457, 2, 0, 6.02%, 0, 0, 76, 382.11
1567149305, 6493, 1909, 2459, 2, 0, 6.05%, 0, 0, 76, 608.56
1567149310, 6497, 2301, 2461, 3, 0, 6.05%, 0, 0, 76, 689.60
1567149315, 6501, 1736, 2463, 2, 0, 6.05%, 0, 0, 76, 663.82
1567149320, 6504, 2463, 2464, 2, 0, 6.05%, 0, 0, 76, 658.27
1567149325, 6509, 1083, 2466, 1, 0, 6.07%, 0, 0, 76, 630.41
1567149330, 6512, 2461, 2467, 1, 0, 6.07%, 0, 0, 76, 639.60
1567149335, 6517, 589, 2470, 1, 0, 6.07%, 0, 0, 76, 605.41
1567149341, 6522, 1959, 2471, 1, 0, 6.07%, 0, 0, 76, 487.83
1567149346, 6527, 1710, 2472, 1, 0, 6.07%, 0, 0, 76, 514.35
1567149351, 6531, 2473, 2474, 2, 0, 6.07%, 0, 0, 76, 558.20
1567149356, 6535, 1220, 2474, 0, 0, 6.07%, 0, 0, 76, 544.78
1567149361, 6540, 774, 2475, 0, 0, 6.07%, 0, 0, 76, 567.68
1567149366, 6545, 2004, 2477, 0, 0, 6.07%, 0, 0, 77, 638.11
1567149371, 6551, 1130, 2480, 3, 0, 6.07%, 0, 0, 77, 494.16
1567149376, 6552, 2477, 2481, 3, 0, 6.07%, 0, 0, 77, 519.41
1567149382, 6556, 2452, 2482, 0, 0, 6.07%, 0, 0, 77, 604.98
1567149387, 6560, 2113, 2485, 0, 0, 6.07%, 0, 0, 78, 182.10
1567149392, 6566, 1472, 2486, 0, 0, 6.07%, 0, 0, 78, 381.30
1567149397, 6571, 2366, 2487, 1, 0, 6.07%, 0, 0, 78, 437.07
1567149402, 6575, 1367, 2489, 1, 0, 6.08%, 0, 0, 78, 631.55
1567149407, 6578, 1888, 2489, 0, 0, 6.08%, 0, 0, 78, 495.19
1567149412, 6581, 2136, 2490, 0, 0, 6.08%, 0, 0, 78, 498.38
1567149417, 6586, 2136, 2493, 2, 0, 6.08%, 0, 0, 78, 498.50
1567149423, 6589, 2491, 2494, 2, 0, 6.08%, 0, 0, 78, 511.94
1567149428, 6591, 2493, 2494, 1, 0, 6.08%, 0, 0, 78, 630.81
1567149433, 6596, 1804, 2495, 0, 0, 6.08%, 0, 0, 78, 564.50
1567149438, 6602, 340, 2496, 0, 0, 6.08%, 0, 0, 78, 611.17
1567149443, 6608, 767, 2497, 0, 0, 6.08%, 0, 0, 78, 506.44
1567149448, 6614, 178, 2497, 0, 0, 6.08%, 0, 0, 78, 479.36
1567149453, 6619, 1188, 2499, 0, 0, 6.08%, 0, 0, 78, 580.41
1567149458, 6624, 2499, 2500, 1, 0, 6.08%, 0, 0, 78, 500.50
1567149464, 6626, 2500, 2501, 1, 0, 6.08%, 0, 0, 78, 496.07
1567149469, 6629, 2409, 2502, 1, 0, 6.08%, 0, 0, 78, 426.73
1567149474, 6632, 2502, 2504, 1, 0, 6.09%, 0, 0, 78, 677.27
1567149479, 6635, 2504, 2506, 1, 0, 6.09%, 0, 0, 78, 609.66
1567149484, 6641, 1212, 2506, 0, 0, 6.09%, 0, 0, 78, 510.04
1567149489, 6646, 85, 2509, 0, 0, 6.09%, 0, 0, 78, 569.68
1567149494, 6650, 1963, 2512, 2, 0, 6.09%, 0, 0, 78, 505.19
1567149499, 6654, 2510, 2514, 2, 0, 6.09%, 0, 0, 78, 411.18
1567149504, 6658, 2514, 2515, 1, 1, 6.09%, 0, 0, 78, 627.90
1567149509, 6664, 396, 2517, 0, 0, 6.09%, 0, 0, 78, 665.75
1567149515, 6669, 1775, 2518, 0, 0, 6.09%, 0, 0, 78, 603.71
1567149520, 6675, 1426, 2518, 0, 0, 6.09%, 0, 0, 78, 510.16
1567149525, 6680, 1647, 2521, 1, 0, 6.09%, 0, 0, 78, 623.41
1567149530, 6683, 2521, 2522, 1, 1, 6.09%, 0, 0, 78, 665.88
1567149535, 6689, 2393, 2522, 0, 0, 6.09%, 0, 0, 78, 523.63
1567149540, 6695, 1297, 2524, 1, 0, 6.09%, 0, 0, 78, 625.00
1567149545, 6700, 645, 2527, 2, 0, 6.09%, 0, 0, 78, 571.05
1567149550, 6704, 1519, 2528, 0, 0, 6.09%, 0, 0, 78, 612.35
1567149555, 6709, 2318, 2529, 0, 0, 6.09%, 0, 0, 79, 561.81
1567149561, 6715, 1860, 2531, 1, 0, 6.10%, 0, 0, 79, 571.92
1567149566, 6719, 1610, 2535, 0, 0, 6.10%, 0, 0, 79, 790.93
1567149571, 6726, 271, 2537, 0, 0, 6.10%, 0, 0, 79, 560.16
1567149576, 6731, 2540, 2541, 4, 0, 6.10%, 0, 0, 79, 500.10
1567149581, 6734, 1890, 2541, 3, 0, 6.10%, 0, 0, 79, 472.84
1567149586, 6739, 1957, 2542, 1, 0, 6.10%, 0, 0, 79, 622.85
1567149591, 6745, 893, 2542, 0, 0, 6.10%, 0, 0, 79, 610.50
1567149596, 6751, 1875, 2543, 1, 0, 6.10%, 0, 0, 79, 562.46
1567149602, 6756, 2444, 2544, 0, 0, 6.10%, 0, 0, 79, 647.38
1567149607, 6762, 1023, 2548, 0, 0, 6.10%, 0, 0, 79, 570.32
1567149612, 6768, 6, 2550, 1, 0, 6.10%, 0, 0, 79, 575.67
1567149617, 6773, 1567, 2551, 1, 0, 6.10%, 0, 0, 79, 576.03
1567149622, 6777, 2549, 2552, 2, 0, 6.10%, 0, 0, 79, 534.93
1567149627, 6781, 1227, 2553, 1, 0, 6.10%, 0, 0, 79, 591.93
1567149632, 6787, 1279, 2554, 1, 0, 6.10%, 0, 0, 79, 612.74
1567149637, 6792, 2555, 2556, 2, 0, 6.10%, 0, 0, 79, 587.33
1567149642, 6794, 429, 2556, 1, 0, 6.10%, 0, 0, 79, 396.35
1567149648, 6797, 2251, 2557, 1, 0, 6.10%, 0, 0, 79, 504.48
1567149653, 6803, 1277, 2560, 1, 0, 6.10%, 0, 0, 79, 561.79
1567149658, 6808, 245, 2562, 0, 0, 6.11%, 0, 0, 79, 854.43
1567149663, 6814, 1729, 2565, 1, 0, 6.11%, 0, 0, 79, 459.23
1567149668, 6819, 2566, 2567, 2, 0, 6.11%, 0, 0, 79, 541.38
1567149673, 6825, 1525, 2569, 2, 0, 6.11%, 0, 0, 79, 572.04
1567149678, 6828, 2049, 2569, 0, 0, 6.11%, 0, 0, 79, 518.84
1567149683, 6835, 77, 2572, 3, 0, 6.11%, 0, 0, 79, 533.59
1567149689, 6840, 533, 2572, 0, 0, 6.11%, 0, 0, 79, 686.63
1567149694, 6845, 2251, 2574, 0, 0, 6.11%, 0, 0, 79, 627.89
1567149699, 6852, 828, 2578, 0, 0, 6.12%, 0, 0, 79, 622.77
1567149704, 6858, 1647, 2580, 0, 0, 6.12%, 0, 0, 79, 655.59
1567149709, 6865, 242, 2580, 0, 0, 6.12%, 0, 0, 79, 573.04
1567149714, 6870, 2580, 2582, 1, 0, 6.13%, 0, 0, 79, 652.88
1567149719, 6876, 1083, 2584, 1, 0, 6.13%, 0, 0, 79, 687.47
1567149724, 6880, 1424, 2585, 0, 0, 6.13%, 0, 0, 79, 581.81
1567149729, 6886, 1536, 2585, 0, 0, 6.13%, 0, 0, 79, 523.63
1567149734, 6891, 715, 2588, 0, 0, 6.13%, 0, 0, 79, 91.35
1567149739, 6895, 1215, 2590, 0, 0, 6.13%, 0, 0, 79, 623.77
1567149744, 6901, 416, 2591, 0, 0, 6.13%, 0, 0, 79, 634.87
1567149750, 6906, 2592, 2595, 2, 0, 6.13%, 0, 0, 79, 632.25
1567149755, 6909, 1189, 2595, 1, 0, 6.13%, 0, 0, 79, 474.18
1567149760, 6912, 1789, 2597, 1, 0, 6.13%, 0, 0, 79, 556.48
1567149765, 6917, 2364, 2600, 1, 0, 6.14%, 0, 0, 79, 687.86
1567149770, 6923, 1424, 2600, 0, 0, 6.14%, 0, 0, 79, 538.06
1567149775, 6929, 750, 2600, 0, 0, 6.14%, 0, 0, 79, 521.75
1567149780, 6934, 2422, 2600, 0, 0, 6.14%, 0, 0, 79, 499.26
1567149785, 6940, 1478, 2600, 0, 0, 6.14%, 0, 0, 79, 485.11
1567149791, 6945, 1780, 2601, 0, 0, 6.14%, 0, 0, 79, 684.81
1567149796, 6948, 2216, 2602, 0, 0, 6.14%, 0, 0, 79, 546.51
1567149801, 6953, 2603, 2604, 1, 0, 6.14%, 0, 0, 79, 590.37
1567149806, 6957, 2606, 2607, 1, 0, 6.14%, 0, 0, 79, 634.44
1567149811, 6960, 2405, 2607, 0, 0, 6.14%, 0, 0, 79, 480.06
1567149816, 6966, 2146, 2607, 0, 0, 6.14%, 0, 0, 79, 501.90
1567149821, 6969, 2608, 2609, 1, 0, 6.14%, 0, 0, 79, 504.41
1567149826, 6973, 1377, 2609, 0, 0, 6.14%, 0, 0, 79, 602.89
1567149831, 6977, 2611, 2612, 1, 0, 6.14%, 0, 0, 79, 685.40
1567149836, 6983, 1995, 2613, 1, 0, 6.14%, 0, 0, 79, 556.10
1567149841, 6985, 2614, 2615, 3, 0, 6.14%, 0, 0, 79, 404.95
1567149847, 6990, 2216, 2616, 2, 0, 6.14%, 0, 0, 79, 539.19
1567149852, 6996, 1015, 2616, 0, 0, 6.14%, 0, 0, 79, 561.12
1567149857, 7002, 470, 2617, 1, 0, 6.14%, 0, 0, 79, 523.90
1567149862, 7008, 404, 2619, 1, 0, 6.14%, 0, 0, 79, 544.12
1567149867, 7013, 2619, 2622, 3, 0, 6.14%, 0, 0, 79, 582.24
1567149872, 7015, 2623, 2624, 2, 0, 6.14%, 0, 0, 80, 560.75
1567149877, 7019, 2625, 2626, 2, 1, 6.15%, 0, 0, 80, 704.01
1567149882, 7022, 2626, 2628, 1, 0, 6.15%, 0, 0, 80, 500.75
1567149887, 7027, 1082, 2628, 0, 0, 6.15%, 0, 0, 80, 485.75
1567149893, 7032, 2630, 2631, 3, 1, 6.16%, 0, 0, 80, 576.13
1567149898, 7038, 784, 2632, 0, 0, 6.16%, 0, 0, 80, 592.63
1567149903, 7043, 2000, 2632, 0, 0, 6.16%, 0, 0, 80, 500.28
1567149908, 7049, 929, 2633, 0, 0, 6.16%, 0, 0, 81, 582.74
1567149913, 7055, 1623, 2635, 2, 0, 6.16%, 0, 0, 81, 586.89
1567149918, 7060, 2319, 2635, 1, 0, 6.16%, 0, 0, 81, 582.29
1567149923, 7064, 2637, 2638, 1, 0, 6.17%, 0, 0, 81, 761.78
1567149928, 7070, 2636, 2640, 1, 0, 6.17%, 0, 0, 81, 631.73
1567149934, 7075, 2642, 2643, 1, 0, 6.17%, 0, 0, 81, 629.89
1567149939, 7079, 2366, 2643, 0, 0, 6.17%, 0, 0, 81, 550.09
1567149944, 7083, 423, 2645, 0, 0, 6.17%, 0, 0, 81, 505.49
1567149949, 7089, 55, 2646, 0, 0, 6.17%, 0, 0, 81, 529.47
1567149954, 7094, 2465, 2647, 1, 0, 6.17%, 0, 0, 81, 527.14
1567149959, 7099, 2648, 2649, 3, 0, 6.17%, 0, 0, 81, 571.22
1567149964, 7105, 712, 2649, 0, 0, 6.17%, 0, 0, 81, 609.64
1567149970, 7110, 2571, 2650, 1, 0, 6.17%, 0, 0, 81, 516.89
1567149975, 7112, 2649, 2651, 1, 0, 6.17%, 0, 0, 81, 425.79
1567149980, 7117, 2575, 2652, 0, 0, 6.18%, 0, 0, 81, 500.99
1567149985, 7123, 394, 2655, 1, 0, 6.18%, 0, 0, 81, 695.91
1567149990, 7127, 1945, 2657, 1, 0, 6.18%, 0, 0, 81, 652.47
1567149995, 7132, 2233, 2658, 0, 0, 6.18%, 0, 0, 81, 679.20
1567150000, 7138, 2508, 2660, 2, 0, 6.18%, 0, 0, 81, 573.52
1567150005, 7140, 439, 2662, 2, 0, 6.18%, 0, 0, 81, 528.32
1567150011, 7145, 68, 2663, 0, 0, 6.18%, 0, 0, 82, 676.30
1567150016, 7151, 917, 2664, 0, 0, 6.18%, 0, 0, 82, 574.88
1567150021, 7156, 2581, 2665, 1, 0, 6.18%, 0, 0, 82, 514.62
1567150026, 7162, 2004, 2666, 1, 0, 6.18%, 0, 0, 82, 623.15
1567150031, 7168, 485, 2669, 1, 0, 6.20%, 0, 0, 82, 686.23
1567150036, 7171, 2667, 2671, 2, 0, 6.20%, 0, 0, 82, 521.17
1567150041, 7173, 2669, 2671, 1, 0, 6.20%, 0, 0, 82, 512.99
1567150046, 7179, 2171, 2673, 1, 0, 6.20%, 0, 0, 82, 545.73
1567150052, 7184, 2667, 2673, 1, 0, 6.20%, 0, 0, 82, 480.67
1567150057, 7189, 1015, 2675, 0, 0, 6.20%, 0, 0, 83, 678.31
1567150062, 7194, 1901, 2676, 0, 0, 6.20%, 0, 0, 83, 605.97
1567150067, 7199, 2679, 2680, 2, 1, 6.21%, 0, 0, 83, 648.29
1567150072, 7205, 1046, 2681, 1, 0, 6.21%, 0, 0, 83, 696.81
1567150077, 7210, 2682, 2684, 0, 0, 6.22%, 0, 0, 83, 598.64
1567150082, 7216, 1815, 2685, 1, 0, 6.22%, 0, 0, 83, 527.78
1567150087, 7222, 929, 2686, 1, 0, 6.22%, 0, 0, 83, 562.75
1567150092, 7228, 1052, 2687, 2, 0, 6.22%, 0, 0, 83, 551.10
1567150097, 7233, 1138, 2689, 1, 0, 6.22%, 0, 0, 83, 689.19
1567150103, 7236, 2684, 2690, 1, 0, 6.22%, 0, 0, 83, 621.33
1567150108, 7241, 2253, 2693, 1, 0, 6.22%, 0, 0, 84, 622.61
1567150113, 7247, 504, 2694, 0, 0, 6.22%, 0, 0, 84, 720.89
1567150118, 7252, 1459, 2695, 0, 0, 6.23%, 0, 0, 84, 581.39
1567150123, 7257, 536, 2698, 1, 0, 6.23%, 0, 0, 84, 652.77
1567150128, 7262, 1797, 2699, 1, 0, 6.23%, 0, 0, 84, 494.30
1567150133, 7267, 408, 2700, 0, 0, 6.23%, 0, 0, 84, 562.36
1567150139, 7273, 408, 2702, 1, 0, 6.23%, 0, 0, 84, 540.99
1567150144, 7279, 182, 2702, 0, 0, 6.23%, 0, 0, 84, 522.09
1567150149, 7284, 64, 2703, 0, 0, 6.23%, 0, 0, 84, 541.63
1567150154, 7289, 2531, 2705, 1, 1, 6.23%, 0, 0, 84, 573.23
1567150159, 7295, 615, 2706, 1, 0, 6.23%, 0, 0, 84, 539.54
1567150164, 7299, 2635, 2706, 0, 0, 6.23%, 0, 0, 84, 552.37
1567150169, 7305, 589, 2707, 1, 0, 6.23%, 0, 0, 84, 519.33
1567150174, 7310, 1427, 2708, 1, 0, 6.23%, 0, 0, 84, 577.47
1567150179, 7316, 668, 2708, 0, 0, 6.23%, 0, 0, 84, 584.81
1567150185, 7322, 1623, 2708, 0, 0, 6.23%, 0, 0, 84, 547.02
1567150190, 7328, 1669, 2709, 1, 0, 6.23%, 0, 0, 84, 543.24
1567150195, 7333, 2633, 2709, 0, 0, 6.23%, 0, 0, 84, 549.76
1567150200, 7338, 423, 2712, 0, 0, 6.23%, 0, 0, 84, 654.64
1567150205, 7343, 2565, 2713, 0, 0, 6.23%, 0, 0, 84, 623.97
1567150210, 7349, 1426, 2713, 0, 0, 6.23%, 0, 0, 84, 555.42
1567150215, 7354, 1446, 2715, 0, 0, 6.23%, 0, 0, 84, 679.90
1567150220, 7360, 1797, 2715, 0, 0, 6.23%, 0, 0, 84, 591.47
1567150225, 7365, 2232, 2716, 0, 0, 6.23%, 0, 0, 84, 568.12
1567150231, 7370, 2704, 2716, 0, 0, 6.23%, 0, 0, 84, 511.04
1567150236, 7376, 1957, 2717, 1, 0, 6.23%, 0, 0, 84, 528.93
1567150241, 7382, 1010, 2718, 0, 0, 6.24%, 0, 0, 84, 540.49
1567150246, 7387, 2315, 2718, 0, 0, 6.24%, 0, 0, 84, 505.07
1567150251, 7393, 688, 2719, 0, 0, 6.24%, 0, 0, 84, 572.83
1567150256, 7399, 1212, 2719, 0, 0, 6.24%, 0, 0, 84, 560.23
1567150261, 7404, 2374, 2722, 0, 0, 6.24%, 0, 0, 84, 663.27
1567150266, 7410, 2722, 2723, 1, 1, 6.25%, 0, 0, 84, 595.62
1567150271, 7417, 172, 2723, 0, 0, 6.25%, 0, 0, 84, 572.20
1567150276, 7422, 2374, 2725, 0, 0, 6.25%, 0, 0, 84, 620.31
1567150282, 7428, 1762, 2726, 1, 0, 6.25%, 0, 0, 84, 552.24
1567150287, 7433, 470, 2728, 1, 0, 6.25%, 0, 0, 84, 570.05
1567150292, 7438, 323, 2728, 0, 0, 6.25%, 0, 0, 84, 572.71
1567150297, 7444, 508, 2728, 0, 0, 6.25%, 0, 0, 84, 563.84
1567150302, 7450, 234, 2729, 0, 0, 6.25%, 0, 0, 84, 543.49
1567150307, 7456, 1719, 2729, 0, 0, 6.25%, 0, 0, 84, 593.07
1567150312, 7462, 2660, 2730, 1, 0, 6.25%, 0, 0, 84, 574.96
1567150318, 7468, 2728, 2730, 1, 0, 6.25%, 0, 0, 84, 557.22
1567150323, 7474, 1227, 2731, 0, 0, 6.25%, 0, 0, 85, 651.26
1567150328, 7480, 1568, 2731, 0, 0, 6.25%, 0, 0, 85, 586.45
1567150333, 7484, 2633, 2733, 0, 0, 6.25%, 0, 0, 85, 642.34
1567150338, 7491, 681, 2734, 0, 0, 6.25%, 0, 0, 85, 595.18
1567150343, 7497, 1352, 2734, 0, 0, 6.25%, 0, 0, 85, 585.85
1567150348, 7503, 2663, 2734, 0, 0, 6.25%, 0, 0, 85, 585.21
1567150353, 7510, 776, 2734, 0, 0, 6.25%, 0, 0, 85, 587.64
1567150359, 7513, 2734, 2735, 1, 0, 6.25%, 0, 0, 85, 492.52
1567150364, 7518, 2685, 2735, 0, 0, 6.25%, 0, 0, 85, 512.69
1567150369, 7524, 2571, 2736, 0, 0, 6.25%, 0, 0, 85, 554.59
1567150374, 7530, 2670, 2736, 0, 0, 6.25%, 0, 0, 85, 576.38
1567150379, 7536, 242, 2738, 1, 0, 6.25%, 0, 0, 85, 642.44
1567150384, 7541, 2253, 2739, 1, 0, 6.25%, 0, 0, 85, 555.94
1567150389, 7545, 24, 2739, 0, 0, 6.25%, 0, 0, 85, 547.20
1567150394, 7550, 1252, 2741, 0, 0, 6.25%, 0, 0, 85, 572.27
1567150399, 7555, 2652, 2743, 1, 0, 6.25%, 0, 0, 85, 577.84
1567150404, 7561, 2514, 2745, 2, 0, 6.25%, 0, 0, 85, 548.68
1567150410, 7567, 1109, 2745, 2, 0, 6.25%, 0, 0, 85, 159.81
1567150415, 7573, 684, 2745, 0, 0, 6.25%, 0, 0, 85, 485.61
1567150420, 7579, 589, 2745, 0, 0, 6.25%, 0, 0, 85, 524.36
1567150425, 7585, 473, 2745, 0, 0, 6.25%, 0, 0, 85, 526.82
1567150430, 7590, 1260, 2747, 1, 0, 6.25%, 0, 0, 85, 495.81
1567150435, 7595, 1057, 2749, 0, 0, 6.25%, 0, 0, 85, 555.30
1567150440, 7601, 1137, 2749, 0, 0, 6.25%, 0, 0, 85, 558.12
1567150445, 7607, 2496, 2749, 0, 0, 6.25%, 0, 0, 85, 576.42
