# unix_time, cycles_done, cur_path, paths_total, pending_total, pending_favs, map_size, unique_crashes, unique_hangs, max_depth, execs_per_sec
1567009803, 0, 0, 1, 1, 1, 0.60%, 0, 0, 1, 2000.00
1567009808, 54, 1, 10, 0, 0, 0.66%, 0, 0, 5, 45.19
1567009813, 87, 8, 11, 0, 0, 0.66%, 0, 0, 5, 47.77
1567009818, 119, 10, 12, 0, 0, 0.67%, 0, 0, 5, 33.26
1567009824, 152, 9, 12, 0, 0, 0.67%, 0, 0, 5, 43.01
1567009829, 184, 10, 13, 0, 0, 0.67%, 0, 0, 5, 50.72
1567009834, 213, 2, 15, 0, 0, 0.76%, 0, 0, 5, 52.57
1567009839, 235, 8, 19, 0, 0, 0.80%, 0, 0, 7, 58.20
1567009844, 251, 10, 20, 0, 0, 0.80%, 0, 0, 8, 56.35
1567009850, 265, 21, 25, 0, 0, 0.82%, 0, 0, 8, 65.76
1567009855, 279, 20, 26, 0, 0, 0.82%, 0, 0, 8, 53.63
1567009860, 288, 20, 28, 0, 0, 0.83%, 0, 0, 9, 57.66
1567009865, 299, 26, 29, 0, 0, 0.83%, 0, 0, 9, 49.10
1567009870, 312, 29, 31, 0, 0, 1.00%, 0, 0, 9, 49.47
1567009875, 320, 24, 31, 0, 0, 1.00%, 0, 0, 9, 52.92
1567009880, 330, 23, 31, 0, 0, 1.00%, 0, 0, 9, 48.58
1567009886, 342, 2, 31, 0, 0, 1.00%, 0, 0, 9, 45.88
1567009891, 353, 13, 32, 0, 0, 1.11%, 0, 0, 9, 45.62
1567009896, 361, 16, 33, 0, 0, 1.11%, 0, 0, 9, 53.39
