# unix_time, cycles_done, cur_path, paths_total, pending_total, pending_favs, map_size, unique_crashes, unique_hangs, max_depth, execs_per_sec
1573644347, 0, 0, 1, 1, 1, 4.08%, 0, 0, 1, 1600.00
1573644352, 0, 0, 57, 57, 1, 5.14%, 0, 0, 2, 1980.04
1573644362, 0, 0, 116, 116, 1, 5.49%, 0, 0, 2, 2080.78
1573644367, 0, 0, 311, 311, 1, 6.84%, 0, 0, 2, 2067.48
1573644372, 0, 0, 379, 379, 1, 7.45%, 0, 0, 2, 2072.90
1573644383, 0, 0, 393, 393, 1, 7.50%, 0, 0, 2, 2054.93
1573644388, 0, 0, 474, 474, 1, 7.88%, 0, 0, 2, 2053.93
1573644393, 0, 0, 477, 477, 1, 7.89%, 0, 0, 2, 2078.10
1573644403, 0, 0, 484, 484, 1, 7.91%, 0, 0, 2, 2073.55
1573644408, 0, 0, 515, 515, 1, 8.14%, 0, 0, 2, 2060.68
1573644413, 0, 0, 554, 554, 1, 8.38%, 0, 0, 2, 2069.83
1573644418, 0, 0, 565, 565, 1, 8.42%, 0, 0, 2, 2053.89
1573644424, 0, 0, 584, 584, 1, 8.43%, 0, 0, 2, 2019.49
1573644429, 0, 0, 616, 616, 1, 8.64%, 0, 0, 2, 1996.37
1573644434, 0, 0, 643, 643, 1, 9.14%, 0, 0, 2, 1994.99
1573644439, 0, 0, 649, 649, 1, 9.19%, 0, 0, 2, 1993.60
1573644444, 0, 0, 650, 650, 1, 9.19%, 0, 0, 2, 2007.43
1573644449, 0, 0, 655, 655, 1, 9.20%, 0, 0, 2, 2012.67
1573644454, 0, 0, 657, 657, 1, 9.20%, 0, 0, 2, 1991.44
1573644464, 0, 0, 658, 658, 1, 9.20%, 0, 0, 2, 1994.02
1573644470, 0, 0, 672, 672, 1, 9.21%, 0, 0, 2, 1972.04
1573644475, 0, 0, 684, 684, 1, 9.22%, 0, 0, 2, 1972.11
1573644480, 0, 0, 691, 691, 1, 9.24%, 0, 0, 2, 1985.34
1573644485, 0, 0, 709, 709, 1, 9.25%, 0, 0, 2, 1978.91
1573644490, 0, 0, 719, 719, 1, 9.26%, 0, 0, 2, 1996.78
1573644495, 0, 0, 747, 747, 1, 9.35%, 0, 0, 2, 2005.68
1573644500, 0, 0, 856, 856, 1, 10.48%, 0, 0, 2, 2028.01
1573644505, 0, 0, 952, 952, 1, 10.85%, 0, 0, 2, 2046.84
1573644510, 0, 0, 1004, 1004, 1, 11.10%, 0, 0, 2, 2066.09
1573644515, 0, 3, 1017, 1016, 342, 11.12%, 0, 0, 2, 2717.46
1573644520, 0, 3, 1019, 1018, 342, 11.13%, 0, 0, 3, 2945.38
1573644526, 0, 3, 1111, 1110, 342, 11.47%, 0, 0, 3, 2936.96
1573644531, 0, 3, 1163, 1162, 342, 11.59%, 0, 0, 3, 2924.98
1573644536, 0, 4, 1171, 1169, 416, 11.61%, 0, 0, 3, 2482.33
1573644587, 0, 4, 1172, 1170, 416, 11.61%, 0, 0, 3, 2210.52
1573644593, 0, 7, 1174, 1171, 416, 11.61%, 0, 0, 3, 2214.65
1573644742, 0, 7, 1175, 1172, 416, 11.61%, 0, 0, 3, 2005.65
1573644752, 0, 14, 1177, 1173, 415, 11.61%, 0, 0, 3, 2013.08
1573644767, 0, 14, 1183, 1179, 415, 11.62%, 0, 0, 3, 1994.73
1573644772, 0, 14, 1184, 1180, 415, 11.62%, 0, 0, 3, 1952.12
1573644788, 0, 14, 1188, 1184, 415, 11.62%, 0, 0, 3, 1994.59
1573644814, 0, 14, 1189, 1185, 415, 11.62%, 0, 0, 3, 2002.78
1573644824, 0, 14, 1191, 1187, 415, 11.62%, 0, 0, 3, 1996.91
1573644829, 0, 14, 1192, 1188, 415, 11.62%, 0, 0, 3, 1979.48
1573644901, 0, 14, 1205, 1201, 415, 11.64%, 0, 0, 3, 2035.63
1573644906, 0, 14, 1223, 1219, 415, 11.66%, 0, 0, 3, 2057.61
1573644911, 0, 14, 1240, 1236, 415, 11.73%, 0, 0, 3, 2061.68
1573644916, 0, 17, 1252, 1247, 429, 11.73%, 0, 0, 3, 2053.04
1573644937, 0, 17, 1260, 1255, 429, 11.73%, 0, 0, 3, 2001.76
1573644957, 0, 17, 1261, 1256, 429, 11.73%, 0, 0, 3, 1955.24
1573644993, 0, 17, 1264, 1259, 429, 11.73%, 0, 0, 3, 1989.77
1573645070, 0, 23, 1264, 1258, 429, 11.73%, 0, 0, 3, 2006.54
1573645091, 0, 23, 1268, 1262, 429, 11.75%, 0, 0, 3, 2023.64
1573645132, 0, 23, 1269, 1263, 429, 11.75%, 0, 0, 3, 1953.46
1573645152, 0, 23, 1271, 1265, 429, 11.75%, 0, 0, 3, 1947.15
1573645183, 0, 23, 1272, 1266, 429, 11.75%, 0, 0, 3, 1951.65
1573645198, 0, 23, 1273, 1267, 429, 11.75%, 0, 0, 3, 1941.48
1573645203, 0, 23, 1278, 1272, 429, 11.78%, 0, 0, 3, 1948.05
1573645208, 0, 25, 1278, 1271, 434, 11.78%, 0, 0, 3, 1956.09
1573645224, 0, 25, 1281, 1274, 434, 11.78%, 0, 0, 3, 1953.48
1573645229, 0, 25, 1285, 1278, 434, 11.78%, 0, 0, 3, 1958.63
1573645250, 0, 25, 1287, 1280, 434, 11.78%, 0, 0, 3, 1939.34
1573645270, 0, 25, 1288, 1281, 434, 11.79%, 0, 0, 3, 1307.79
1573645296, 0, 25, 1289, 1282, 434, 11.79%, 0, 0, 3, 1113.28
1573645392, 0, 25, 1290, 1283, 434, 11.79%, 0, 0, 3, 1106.19
1573645412, 0, 26, 1291, 1283, 435, 11.79%, 0, 0, 3, 1117.84
1573645442, 0, 26, 1292, 1284, 435, 11.79%, 0, 0, 3, 1080.38
1573645447, 0, 26, 1297, 1289, 435, 11.79%, 0, 0, 3, 1077.70
1573645478, 0, 26, 1298, 1290, 435, 11.79%, 0, 0, 3, 1099.31
1573645483, 0, 26, 1303, 1295, 435, 11.79%, 0, 0, 3, 1095.93
1573645488, 0, 26, 1304, 1296, 435, 11.79%, 0, 0, 3, 1097.94
1573645513, 0, 26, 1305, 1297, 435, 11.79%, 0, 0, 3, 1100.01
1573645554, 0, 26, 1307, 1299, 435, 11.80%, 0, 0, 3, 1097.32
1573645559, 0, 26, 1313, 1305, 435, 11.80%, 0, 0, 3, 1099.69
1573645630, 0, 26, 1314, 1306, 435, 11.80%, 0, 0, 3, 1093.74
1573645660, 0, 26, 1316, 1308, 435, 11.80%, 0, 0, 3, 1097.42
1573645670, 0, 26, 1317, 1309, 435, 11.80%, 0, 0, 3, 1090.45
1573645680, 0, 26, 1318, 1310, 435, 11.80%, 0, 0, 3, 1096.59
1573645685, 0, 26, 1323, 1315, 435, 11.81%, 0, 0, 3, 1115.60
1573645690, 0, 26, 1330, 1322, 435, 11.82%, 0, 0, 3, 1108.57
1573645695, 0, 26, 1339, 1331, 435, 11.83%, 0, 0, 3, 1116.11
1573645700, 0, 26, 1347, 1339, 435, 11.83%, 0, 0, 3, 1117.31
1573645706, 0, 27, 1349, 1340, 446, 11.84%, 0, 0, 3, 1127.34
1573645741, 0, 27, 1351, 1342, 446, 11.84%, 0, 0, 3, 1078.84
1573645776, 0, 27, 1353, 1344, 446, 11.84%, 0, 0, 3, 1084.06
1573645812, 0, 27, 1355, 1346, 446, 11.84%, 0, 0, 3, 1094.16
1573645822, 0, 27, 1357, 1348, 446, 11.84%, 0, 0, 3, 1099.36
1573645847, 0, 27, 1359, 1350, 446, 11.84%, 0, 0, 3, 1098.10
1573645852, 0, 27, 1363, 1354, 446, 11.85%, 0, 0, 3, 1099.77
1573645888, 0, 27, 1367, 1358, 446, 11.85%, 0, 0, 3, 1106.69
1573645923, 0, 27, 1370, 1361, 446, 11.85%, 0, 0, 3, 1103.35
1573645934, 0, 27, 1371, 1362, 446, 11.85%, 0, 0, 3, 1099.64
1573645954, 0, 27, 1375, 1366, 446, 11.85%, 0, 0, 3, 1097.01
1573645959, 0, 27, 1376, 1367, 446, 11.85%, 0, 0, 3, 1098.07
1573645974, 0, 27, 1377, 1368, 446, 11.85%, 0, 0, 3, 1103.96
1573645979, 0, 28, 1378, 1368, 446, 11.85%, 0, 0, 3, 1121.17
1573646009, 0, 28, 1379, 1369, 446, 11.85%, 0, 0, 3, 1061.43
1573646014, 0, 28, 1389, 1379, 446, 11.85%, 0, 0, 3, 1063.28
1573646050, 0, 28, 1390, 1380, 446, 11.85%, 0, 0, 3, 1088.68
1573646090, 0, 28, 1391, 1381, 446, 11.85%, 0, 0, 3, 1047.20
1573646126, 0, 28, 1395, 1385, 446, 11.85%, 0, 0, 3, 1090.48
1573646202, 0, 28, 1396, 1386, 446, 11.85%, 0, 0, 3, 1090.73
1573646212, 0, 28, 1397, 1387, 446, 11.85%, 0, 0, 3, 1074.42
1573646257, 0, 28, 1399, 1389, 446, 12.05%, 0, 0, 3, 1102.27
1573646262, 0, 33, 1399, 1388, 449, 12.05%, 0, 0, 3, 1131.92
1573646293, 0, 33, 1403, 1392, 449, 12.05%, 0, 0, 3, 1125.28
1573646298, 0, 33, 1406, 1395, 449, 12.05%, 0, 0, 3, 1124.28
1573646328, 0, 33, 1407, 1396, 449, 12.05%, 0, 0, 3, 1122.23
1573646374, 0, 33, 1409, 1398, 449, 12.05%, 0, 0, 3, 1134.10
1573646480, 0, 33, 1410, 1399, 449, 12.05%, 0, 0, 3, 1120.13
1573646495, 0, 33, 1415, 1404, 449, 12.07%, 0, 0, 3, 1132.74
1573646500, 0, 33, 1417, 1406, 449, 12.07%, 0, 0, 3, 1122.45
1573646505, 0, 33, 1423, 1412, 449, 12.07%, 0, 0, 3, 1123.06
1573646510, 0, 33, 1428, 1417, 449, 12.08%, 0, 0, 3, 1124.20
1573646516, 0, 33, 1429, 1418, 449, 12.08%, 0, 0, 3, 1124.50
1573646521, 0, 40, 1430, 1418, 457, 12.08%, 0, 0, 3, 1121.99
1573646546, 0, 40, 1431, 1419, 457, 12.08%, 0, 0, 3, 1113.67
1573646551, 0, 40, 1434, 1422, 457, 12.08%, 0, 0, 3, 1108.98
1573646582, 0, 40, 1435, 1423, 457, 12.08%, 0, 0, 3, 1116.61
1573646587, 0, 40, 1436, 1424, 457, 12.08%, 0, 0, 3, 1116.01
1573646592, 0, 40, 1437, 1425, 457, 12.08%, 0, 0, 3, 1105.09
1573646617, 0, 40, 1438, 1426, 457, 12.08%, 0, 0, 3, 1095.61
1573646648, 0, 40, 1440, 1428, 457, 12.09%, 0, 0, 3, 1105.22
1573646653, 0, 40, 1441, 1429, 457, 12.09%, 0, 0, 3, 1108.02
1573646673, 0, 40, 1442, 1430, 457, 12.09%, 0, 0, 3, 1113.85
1573646764, 0, 40, 1443, 1431, 457, 12.09%, 0, 0, 3, 1096.02
1573646779, 0, 41, 1443, 1430, 457, 12.09%, 0, 0, 3, 1089.48
1573646804, 0, 41, 1455, 1442, 457, 12.12%, 0, 0, 3, 1079.57
1573646809, 0, 41, 1456, 1443, 457, 12.12%, 0, 0, 3, 1082.89
1573646814, 0, 41, 1458, 1445, 457, 12.12%, 0, 0, 3, 1070.55
1573646840, 0, 41, 1463, 1450, 457, 12.14%, 0, 0, 3, 1081.52
1573646850, 0, 41, 1464, 1451, 457, 12.14%, 0, 0, 3, 1085.53
1573646875, 0, 41, 1466, 1453, 457, 12.14%, 0, 0, 3, 1081.28
1573646885, 0, 41, 1469, 1456, 457, 12.14%, 0, 0, 3, 1080.47
1573646890, 0, 41, 1470, 1457, 457, 12.15%, 0, 0, 3, 1072.17
1573646910, 0, 41, 1474, 1461, 457, 12.16%, 0, 0, 3, 1081.56
1573646921, 0, 41, 1475, 1462, 457, 12.16%, 0, 0, 3, 1082.79
1573646936, 0, 41, 1477, 1464, 457, 12.16%, 0, 0, 3, 1087.74
1573646996, 0, 41, 1479, 1466, 457, 12.16%, 0, 0, 3, 1078.28
1573647006, 0, 41, 1480, 1467, 457, 12.16%, 0, 0, 3, 1080.88
1573647022, 0, 41, 1481, 1468, 457, 12.18%, 0, 0, 3, 1093.54
1573647027, 0, 41, 1482, 1469, 457, 12.18%, 0, 0, 3, 1092.15
1573647042, 0, 41, 1484, 1471, 457, 12.19%, 0, 0, 3, 1089.63
1573647057, 0, 49, 1484, 1470, 469, 12.19%, 0, 0, 3, 1108.22
1573647118, 0, 49, 1485, 1471, 469, 12.19%, 0, 0, 3, 1904.61
1573647226, 0, 52, 1485, 1470, 469, 12.19%, 0, 0, 3, 2019.55
1573647241, 0, 52, 1487, 1472, 469, 12.19%, 0, 0, 3, 1999.69
1573647282, 0, 52, 1488, 1473, 469, 12.19%, 0, 0, 3, 2002.68
1573647380, 0, 57, 1488, 1472, 468, 12.19%, 0, 0, 3, 2006.85
1573647529, 0, 58, 1488, 1471, 467, 12.19%, 0, 0, 3, 2016.15
1573647682, 0, 58, 1492, 1475, 467, 12.19%, 0, 0, 3, 2011.72
1573647687, 0, 58, 1501, 1484, 467, 12.20%, 0, 0, 3, 2035.83
1573647692, 0, 58, 1507, 1490, 467, 12.20%, 0, 0, 3, 2049.43
1573647697, 0, 59, 1508, 1490, 472, 12.21%, 0, 0, 3, 2017.21
1573647713, 0, 59, 1511, 1493, 472, 12.21%, 0, 0, 3, 1970.65
