# unix_time, cycles_done, cur_path, paths_total, pending_total, pending_favs, map_size, unique_crashes, unique_hangs, max_depth, execs_per_sec
1572714031, 0, 0, 1, 1, 1, 4.08%, 0, 0, 1, 2000.00
1572714036, 0, 0, 57, 57, 1, 5.14%, 0, 0, 2, 2134.66
1572714046, 0, 0, 117, 117, 1, 5.49%, 0, 0, 2, 2174.50
1572714051, 0, 0, 377, 377, 1, 7.45%, 0, 0, 2, 2209.71
1572714056, 0, 0, 379, 379, 1, 7.45%, 0, 0, 2, 2184.38
1572714067, 0, 0, 393, 393, 1, 7.50%, 0, 0, 2, 2178.71
1572714072, 0, 0, 477, 477, 1, 7.89%, 0, 0, 2, 2166.40
1572714087, 0, 0, 505, 505, 1, 7.98%, 0, 0, 2, 2171.61
1572714092, 0, 0, 548, 548, 1, 8.36%, 0, 0, 2, 2140.15
1572714097, 0, 0, 557, 557, 1, 8.38%, 0, 0, 2, 2160.81
1572714102, 0, 0, 575, 575, 1, 8.43%, 0, 0, 2, 2165.89
1572714107, 0, 0, 605, 605, 1, 8.63%, 0, 0, 2, 2167.00
1572714112, 0, 0, 625, 625, 1, 8.70%, 0, 0, 2, 2142.07
1572714118, 0, 0, 649, 649, 1, 9.19%, 0, 0, 2, 2129.68
1572714123, 0, 0, 650, 650, 1, 9.19%, 0, 0, 2, 2124.69
1572714128, 0, 0, 651, 651, 1, 9.19%, 0, 0, 2, 2103.98
1572714133, 0, 0, 657, 657, 1, 9.20%, 0, 0, 2, 2092.70
1572714143, 0, 0, 658, 658, 1, 9.20%, 0, 0, 2, 2067.84
1572714148, 0, 0, 672, 672, 1, 9.21%, 0, 0, 2, 2071.35
1572714154, 0, 0, 690, 690, 1, 9.24%, 0, 0, 2, 2065.44
1572714159, 0, 0, 691, 691, 1, 9.24%, 0, 0, 2, 2069.26
1572714164, 0, 0, 718, 718, 1, 9.26%, 0, 0, 2, 2072.18
1572714169, 0, 0, 735, 735, 1, 9.28%, 0, 0, 2, 2074.36
1572714174, 0, 0, 763, 763, 1, 9.36%, 0, 0, 2, 2063.88
1572714179, 0, 0, 917, 917, 1, 10.62%, 0, 0, 2, 2113.63
1572714184, 0, 0, 984, 984, 1, 11.05%, 0, 0, 2, 2120.21
1572714189, 0, 0, 1018, 1018, 1, 11.15%, 0, 0, 2, 2128.55
1572714194, 0, 26, 1041, 1037, 339, 11.19%, 0, 0, 2, 2190.63
1572714210, 0, 26, 1042, 1038, 339, 11.19%, 0, 0, 3, 2067.11
1572714215, 0, 26, 1047, 1043, 339, 11.19%, 0, 0, 3, 2058.66
1572714231, 0, 26, 1053, 1049, 339, 11.19%, 0, 0, 3, 2062.16
1572714236, 0, 26, 1055, 1051, 339, 11.19%, 0, 0, 3, 2058.14
1572714251, 0, 26, 1056, 1052, 339, 11.19%, 0, 0, 3, 2044.44
1572714256, 0, 26, 1057, 1053, 339, 11.20%, 0, 0, 3, 2044.32
1572714267, 0, 26, 1058, 1054, 339, 11.20%, 0, 0, 3, 2043.84
1572714272, 0, 26, 1067, 1063, 339, 11.21%, 0, 0, 3, 2027.12
1572714308, 0, 26, 1068, 1064, 339, 11.21%, 0, 0, 3, 2031.17
1572714328, 0, 26, 1070, 1066, 339, 11.21%, 0, 0, 3, 2009.04
1572714333, 0, 26, 1071, 1067, 339, 11.21%, 0, 0, 3, 2013.95
1572714338, 0, 26, 1086, 1082, 339, 11.23%, 0, 0, 3, 2039.95
1572714344, 0, 26, 1119, 1115, 339, 11.36%, 0, 0, 3, 2075.35
1572714349, 0, 26, 1147, 1143, 339, 11.43%, 0, 0, 3, 2076.32
1572714354, 0, 33, 1161, 1156, 372, 11.45%, 0, 0, 3, 2104.80
1572714374, 0, 33, 1169, 1164, 372, 11.45%, 0, 0, 3, 2060.58
1572714395, 0, 33, 1170, 1165, 372, 11.45%, 0, 0, 3, 2054.63
1572714415, 0, 33, 1172, 1167, 372, 11.45%, 0, 0, 3, 2066.17
1572714462, 0, 33, 1173, 1168, 372, 11.45%, 0, 0, 3, 2052.71
1572714477, 0, 33, 1175, 1170, 372, 11.45%, 0, 0, 3, 2042.19
1572714482, 0, 64, 1176, 1167, 370, 11.45%, 0, 0, 3, 2067.15
1572714487, 0, 64, 1177, 1168, 370, 11.47%, 0, 0, 3, 1965.94
1572714497, 0, 64, 1190, 1181, 370, 11.49%, 0, 0, 3, 1942.65
1572714503, 0, 64, 1191, 1182, 370, 11.49%, 0, 0, 3, 1936.35
1572714518, 0, 64, 1195, 1186, 370, 11.51%, 0, 0, 3, 1939.20
1572714538, 0, 64, 1196, 1187, 370, 11.51%, 0, 0, 3, 1883.95
1572714559, 0, 64, 1201, 1192, 370, 11.51%, 0, 0, 3, 1887.38
1572714575, 0, 64, 1202, 1193, 370, 11.51%, 0, 0, 3, 1889.52
1572714610, 0, 64, 1203, 1194, 370, 11.51%, 0, 0, 3, 1818.90
1572714626, 0, 64, 1204, 1195, 370, 11.52%, 0, 0, 3, 1820.32
1572714647, 0, 64, 1214, 1205, 370, 11.54%, 0, 0, 3, 1850.34
1572714652, 0, 64, 1233, 1224, 370, 11.55%, 0, 0, 3, 1862.39
1572714657, 0, 64, 1246, 1237, 370, 11.59%, 0, 0, 3, 1862.65
1572714662, 0, 71, 1262, 1252, 399, 11.73%, 0, 0, 3, 1876.80
1572714682, 0, 71, 1263, 1253, 399, 11.73%, 0, 0, 3, 1814.18
1572714703, 0, 71, 1264, 1254, 399, 11.74%, 0, 0, 3, 1814.34
1572714723, 0, 71, 1265, 1255, 399, 11.74%, 0, 0, 3, 1814.75
1572714728, 0, 71, 1266, 1256, 399, 11.74%, 0, 0, 3, 1808.89
1572714799, 0, 71, 1267, 1257, 399, 11.74%, 0, 0, 3, 1815.54
1572714809, 0, 71, 1268, 1258, 399, 11.77%, 0, 0, 3, 1814.98
1572714830, 0, 71, 1274, 1264, 399, 11.78%, 0, 0, 3, 1832.08
1572714835, 0, 71, 1291, 1281, 399, 11.80%, 0, 0, 3, 1855.55
1572714840, 0, 71, 1300, 1290, 399, 11.82%, 0, 0, 3, 1859.81
1572714845, 0, 71, 1312, 1302, 399, 12.03%, 0, 0, 3, 1861.35
1572714850, 0, 91, 1314, 1302, 411, 12.03%, 0, 0, 3, 1841.36
1572714865, 0, 91, 1322, 1310, 411, 12.04%, 0, 0, 3, 1800.77
1572714870, 0, 91, 1328, 1316, 411, 12.04%, 0, 0, 3, 1802.62
1572714886, 0, 91, 1333, 1321, 411, 12.06%, 0, 0, 3, 1798.47
1572714896, 0, 91, 1334, 1322, 411, 12.06%, 0, 0, 3, 1801.30
1572714911, 0, 91, 1338, 1326, 411, 12.06%, 0, 0, 3, 1800.82
1572714916, 0, 91, 1341, 1329, 411, 12.07%, 0, 0, 3, 1790.05
1572714927, 0, 91, 1342, 1330, 411, 12.08%, 0, 0, 3, 1805.88
1572714937, 0, 91, 1343, 1331, 411, 12.08%, 0, 0, 3, 1803.87
1572714947, 0, 91, 1345, 1333, 411, 12.08%, 0, 0, 3, 1806.28
1572714998, 0, 91, 1347, 1335, 411, 12.09%, 0, 0, 3, 1804.30
1572715009, 0, 91, 1349, 1337, 411, 12.10%, 0, 0, 3, 1803.39
1572715019, 0, 103, 1353, 1338, 421, 12.10%, 0, 0, 3, 1856.41
1572715034, 0, 103, 1355, 1340, 421, 12.10%, 0, 0, 3, 1798.40
1572715039, 0, 103, 1388, 1373, 421, 12.20%, 0, 0, 3, 1798.83
1572715044, 0, 103, 1389, 1374, 421, 12.20%, 0, 0, 3, 1799.78
1572715060, 0, 103, 1396, 1381, 421, 12.24%, 0, 0, 3, 1798.44
1572715065, 0, 103, 1405, 1390, 421, 12.24%, 0, 0, 3, 1798.28
1572715080, 0, 103, 1406, 1391, 421, 12.24%, 0, 0, 3, 1798.08
1572715085, 0, 103, 1411, 1396, 421, 12.26%, 0, 0, 3, 1783.68
1572715090, 0, 103, 1412, 1397, 421, 12.26%, 0, 0, 3, 1800.17
1572715101, 0, 103, 1413, 1398, 421, 12.26%, 0, 0, 3, 1799.88
1572715106, 0, 103, 1418, 1403, 421, 12.31%, 0, 0, 3, 1800.96
1572715111, 0, 103, 1420, 1405, 421, 12.31%, 0, 0, 3, 1799.40
1572715116, 0, 103, 1421, 1406, 421, 12.31%, 0, 0, 3, 1798.54
1572715126, 0, 103, 1422, 1407, 421, 12.31%, 0, 0, 3, 1799.64
1572715162, 0, 103, 1426, 1411, 421, 12.31%, 0, 0, 3, 1799.19
1572715177, 0, 103, 1428, 1413, 421, 12.31%, 0, 0, 3, 1798.63
1572715187, 0, 103, 1430, 1415, 421, 12.39%, 0, 0, 3, 1799.96
1572715192, 0, 103, 1435, 1420, 421, 12.39%, 0, 0, 3, 1816.70
1572715198, 0, 103, 1444, 1429, 421, 12.40%, 0, 0, 3, 1844.66
1572715203, 0, 103, 1455, 1440, 421, 12.42%, 0, 0, 3, 1850.37
1572715208, 0, 103, 1458, 1443, 421, 12.47%, 0, 0, 3, 1849.97
1572715213, 0, 121, 1464, 1448, 443, 12.47%, 0, 0, 3, 1822.98
1572715233, 0, 121, 1468, 1452, 443, 12.47%, 0, 0, 3, 1798.66
1572715254, 0, 121, 1471, 1455, 443, 12.47%, 0, 0, 3, 1804.46
1572715274, 0, 121, 1472, 1456, 443, 12.47%, 0, 0, 3, 1802.95
1572715279, 0, 121, 1473, 1457, 443, 12.47%, 0, 0, 3, 1798.23
1572715294, 0, 121, 1475, 1459, 443, 12.47%, 0, 0, 3, 1803.18
1572715350, 0, 121, 1476, 1460, 443, 12.47%, 0, 0, 3, 1803.18
1572715360, 0, 121, 1478, 1462, 443, 12.47%, 0, 0, 3, 1803.32
1572715381, 0, 125, 1480, 1463, 444, 12.47%, 0, 0, 3, 1822.65
1572715401, 0, 125, 1486, 1469, 444, 12.48%, 0, 0, 3, 1798.93
1572715534, 0, 125, 1487, 1470, 444, 12.48%, 0, 0, 3, 1799.29
1572715549, 0, 125, 1492, 1475, 444, 12.48%, 0, 0, 3, 1826.70
1572715554, 0, 125, 1498, 1481, 444, 12.48%, 0, 0, 3, 1846.96
1572715559, 0, 125, 1502, 1485, 444, 12.48%, 0, 0, 3, 1851.53
1572715564, 0, 130, 1512, 1494, 453, 12.50%, 0, 0, 3, 1851.27
1572715585, 0, 130, 1513, 1495, 453, 12.50%, 0, 0, 3, 1796.91
1572715590, 0, 130, 1514, 1496, 453, 12.50%, 0, 0, 3, 1799.09
1572715651, 0, 130, 1515, 1497, 453, 12.50%, 0, 0, 3, 1803.25
1572715728, 0, 130, 1516, 1498, 453, 12.50%, 0, 0, 3, 1802.78
1572715738, 0, 164, 1516, 1496, 452, 12.50%, 0, 0, 3, 1839.09
1572715759, 0, 164, 1519, 1499, 452, 12.50%, 0, 0, 3, 1827.46
1572715821, 0, 164, 1520, 1500, 452, 12.50%, 0, 0, 3, 1823.58
1572715832, 0, 164, 1521, 1501, 452, 12.50%, 0, 0, 3, 1829.04
1572715894, 0, 164, 1522, 1502, 452, 12.50%, 0, 0, 3, 1825.01
1572715899, 0, 164, 1523, 1503, 452, 12.50%, 0, 0, 3, 1822.26
1572715904, 0, 174, 1523, 1500, 449, 12.50%, 0, 0, 3, 1853.73
1572715920, 0, 174, 1524, 1501, 449, 12.50%, 0, 0, 3, 1813.03
1572715925, 0, 174, 1539, 1516, 449, 12.50%, 0, 0, 3, 1814.08
1572715945, 0, 174, 1543, 1520, 449, 12.50%, 0, 0, 3, 1815.52
1572715970, 0, 174, 1548, 1525, 449, 12.50%, 0, 0, 3, 1800.38
1572715975, 0, 174, 1549, 1526, 449, 12.50%, 0, 0, 3, 1813.53
1572715991, 0, 174, 1567, 1544, 449, 12.51%, 0, 0, 3, 1816.67
1572716011, 0, 174, 1570, 1547, 449, 12.51%, 0, 0, 3, 1814.19
1572716037, 0, 174, 1571, 1548, 449, 12.51%, 0, 0, 3, 1813.07
1572716042, 0, 174, 1572, 1549, 449, 12.51%, 0, 0, 3, 1813.92
1572716052, 0, 174, 1579, 1556, 449, 12.51%, 0, 0, 3, 1813.13
1572716062, 0, 174, 1580, 1557, 449, 12.51%, 0, 0, 3, 1812.50
1572716067, 0, 174, 1582, 1559, 449, 12.51%, 0, 0, 3, 1824.28
1572716073, 0, 174, 1587, 1564, 449, 12.52%, 0, 0, 3, 1846.02
1572716078, 0, 174, 1591, 1568, 449, 12.52%, 0, 0, 3, 1848.53
1572716083, 0, 174, 1594, 1571, 449, 12.52%, 0, 0, 3, 1850.56
1572716088, 0, 185, 1595, 1570, 461, 12.53%, 0, 0, 3, 1840.29
1572716108, 0, 185, 1598, 1573, 461, 12.53%, 0, 0, 3, 1799.26
1572716149, 0, 185, 1599, 1574, 461, 12.53%, 0, 0, 3, 1799.05
1572716241, 0, 185, 1600, 1575, 461, 12.53%, 0, 0, 3, 1802.84
1572716257, 0, 188, 1601, 1575, 461, 12.53%, 0, 0, 3, 1811.40
1572716277, 0, 188, 1604, 1578, 461, 12.53%, 0, 0, 3, 1793.26
1572716298, 0, 188, 1605, 1579, 461, 12.53%, 0, 0, 3, 1795.45
1572716426, 0, 197, 1607, 1579, 457, 12.53%, 0, 0, 3, 1835.24
1572716446, 0, 197, 1608, 1580, 457, 12.54%, 0, 0, 3, 1793.17
1572716472, 0, 197, 1609, 1581, 457, 12.54%, 0, 0, 3, 1798.56
1572716513, 0, 197, 1610, 1582, 457, 12.54%, 0, 0, 3, 1802.60
1572716589, 0, 206, 1610, 1580, 457, 12.54%, 0, 0, 3, 1861.55
1572716610, 0, 206, 1627, 1597, 457, 12.65%, 0, 0, 3, 1791.64
1572716615, 0, 206, 1630, 1600, 457, 12.65%, 0, 0, 3, 1792.70
1572716636, 0, 206, 1635, 1605, 457, 12.65%, 0, 0, 3, 1792.11
1572716656, 0, 206, 1640, 1610, 457, 12.66%, 0, 0, 3, 1785.89
1572716672, 0, 206, 1641, 1611, 457, 12.66%, 0, 0, 3, 1793.36
1572716677, 0, 206, 1649, 1619, 457, 12.66%, 0, 0, 3, 1794.95
1572716744, 0, 206, 1651, 1621, 457, 12.66%, 0, 0, 3, 1794.85
1572716749, 0, 206, 1652, 1622, 457, 12.68%, 0, 0, 3, 1790.90
1572716754, 0, 206, 1653, 1623, 457, 12.68%, 0, 0, 3, 1794.08
1572716759, 0, 210, 1655, 1624, 467, 12.69%, 0, 0, 3, 1824.84
1572716779, 0, 210, 1658, 1627, 467, 12.69%, 0, 0, 3, 1795.74
1572716800, 0, 210, 1661, 1630, 467, 12.70%, 0, 0, 3, 1799.62
1572716826, 0, 210, 1662, 1631, 467, 12.70%, 0, 0, 3, 1786.56
1572716846, 0, 210, 1665, 1634, 467, 12.71%, 0, 0, 3, 1799.05
1572716912, 0, 210, 1669, 1638, 467, 12.71%, 0, 0, 3, 1799.07
1572716922, 0, 210, 1670, 1639, 467, 12.72%, 0, 0, 3, 1799.47
1572716927, 0, 210, 1673, 1642, 467, 12.72%, 0, 0, 3, 1815.12
1572716933, 0, 218, 1673, 1640, 474, 12.72%, 0, 0, 3, 1818.20
1572716953, 0, 218, 1687, 1654, 474, 12.73%, 0, 0, 3, 1784.27
1572716974, 0, 218, 1691, 1658, 474, 12.73%, 0, 0, 3, 1787.81
1572717015, 0, 218, 1692, 1659, 474, 12.73%, 0, 0, 3, 1790.70
1572717020, 0, 218, 1696, 1663, 474, 12.73%, 0, 0, 3, 1792.05
1572717098, 0, 218, 1697, 1664, 474, 12.73%, 0, 0, 3, 1788.58
1572717103, 0, 222, 1697, 1663, 476, 12.73%, 0, 0, 3, 1802.85
1572717123, 0, 222, 1709, 1675, 476, 12.74%, 0, 0, 3, 1785.42
1572717144, 0, 222, 1714, 1680, 476, 12.74%, 0, 0, 3, 1787.21
1572717185, 0, 222, 1715, 1681, 476, 12.75%, 0, 0, 3, 1793.57
1572717190, 0, 222, 1723, 1689, 476, 12.75%, 0, 0, 3, 1793.22
1572717263, 0, 222, 1724, 1690, 476, 12.75%, 0, 0, 3, 1787.23
1572717268, 0, 222, 1726, 1692, 476, 12.75%, 0, 0, 3, 1790.24
1572717273, 0, 238, 1726, 1689, 474, 12.75%, 0, 0, 3, 1875.93
1572717360, 0, 238, 1727, 1690, 474, 12.75%, 0, 0, 3, 1798.87
1572717365, 0, 238, 1728, 1691, 474, 12.75%, 0, 0, 3, 1798.36
1572717437, 0, 238, 1729, 1692, 474, 12.75%, 0, 0, 3, 1799.61
1572717442, 0, 238, 1733, 1696, 474, 12.76%, 0, 0, 3, 1813.73
1572717447, 0, 238, 1736, 1699, 474, 12.77%, 0, 0, 3, 1839.37
1572717452, 0, 238, 1744, 1707, 474, 12.77%, 0, 0, 3, 1844.12
1572717457, 0, 238, 1748, 1711, 474, 12.79%, 0, 0, 3, 1840.97
1572717462, 0, 245, 1749, 1710, 488, 12.79%, 0, 0, 3, 1832.78
1572717483, 0, 245, 1754, 1715, 488, 12.80%, 0, 0, 3, 1796.53
1572717503, 0, 245, 1755, 1716, 488, 12.80%, 0, 0, 3, 1797.24
1572717524, 0, 245, 1756, 1717, 488, 12.80%, 0, 0, 3, 1796.35
1572717550, 0, 245, 1760, 1721, 488, 12.80%, 0, 0, 3, 1799.36
1572717616, 0, 245, 1761, 1722, 488, 12.80%, 0, 0, 3, 1798.17
1572717621, 0, 245, 1762, 1723, 488, 12.80%, 0, 0, 3, 1796.97
1572717632, 0, 248, 1762, 1722, 492, 12.80%, 0, 0, 3, 1810.59
1572717652, 0, 248, 1770, 1730, 492, 12.82%, 0, 0, 3, 1793.75
1572717673, 0, 248, 1771, 1731, 492, 12.82%, 0, 0, 3, 1795.28
1572717719, 0, 248, 1774, 1734, 492, 12.83%, 0, 0, 3, 1797.58
1572717801, 0, 253, 1774, 1733, 498, 12.83%, 0, 0, 3, 1810.03
1572717822, 0, 253, 1779, 1738, 498, 12.84%, 0, 0, 3, 1791.29
1572717842, 0, 253, 1780, 1739, 498, 12.84%, 0, 0, 3, 1793.78
1572717889, 0, 253, 1782, 1741, 498, 12.84%, 0, 0, 3, 1797.41
1572717971, 0, 280, 1783, 1738, 499, 12.84%, 0, 0, 3, 1901.90
1572717991, 0, 280, 1784, 1739, 499, 12.84%, 0, 0, 3, 1816.83
1572717996, 0, 280, 1792, 1747, 499, 12.89%, 0, 0, 3, 1819.34
1572718016, 0, 280, 1797, 1752, 499, 12.90%, 0, 0, 3, 1819.86
1572718037, 0, 280, 1798, 1753, 499, 12.90%, 0, 0, 3, 1812.16
1572718068, 0, 280, 1802, 1757, 499, 12.90%, 0, 0, 3, 1821.86
1572718125, 0, 280, 1805, 1760, 499, 12.90%, 0, 0, 3, 1813.93
1572718135, 0, 285, 1806, 1760, 507, 12.90%, 0, 0, 3, 1809.19
1572718155, 0, 285, 1808, 1762, 507, 12.90%, 0, 0, 3, 1738.74
1572718227, 0, 285, 1811, 1765, 507, 12.90%, 0, 0, 3, 1748.52
1572718232, 0, 285, 1812, 1766, 507, 12.90%, 0, 0, 3, 1736.76
1572718279, 0, 285, 1813, 1767, 507, 12.90%, 0, 0, 3, 1746.37
1572718309, 0, 285, 1817, 1771, 507, 12.90%, 0, 0, 3, 1809.81
1572718314, 0, 285, 1821, 1775, 507, 12.91%, 0, 0, 3, 1829.36
1572718319, 0, 285, 1828, 1782, 507, 12.91%, 0, 0, 3, 1831.34
1572718325, 0, 294, 1830, 1782, 511, 12.92%, 0, 0, 3, 1869.88
1572718350, 0, 294, 1831, 1783, 511, 12.92%, 0, 0, 3, 1797.32
1572718494, 0, 299, 1831, 1782, 511, 12.92%, 0, 0, 3, 1829.88
1572718519, 0, 299, 1833, 1784, 511, 12.92%, 0, 0, 3, 1795.25
1572718663, 0, 305, 1833, 1783, 511, 12.92%, 0, 0, 3, 1826.68
1572718689, 0, 305, 1836, 1786, 511, 12.92%, 0, 0, 3, 1788.53
1572718777, 0, 305, 1837, 1787, 511, 12.92%, 0, 0, 3, 1794.41
1572718802, 0, 305, 1838, 1788, 511, 12.92%, 0, 0, 3, 1788.72
1572718833, 0, 310, 1839, 1787, 511, 12.92%, 0, 0, 3, 1834.80
1572718859, 0, 310, 1844, 1792, 511, 12.92%, 0, 0, 3, 1784.73
1572718880, 0, 310, 1846, 1794, 511, 12.92%, 0, 0, 3, 1785.09
1572718901, 0, 310, 1848, 1796, 511, 12.92%, 0, 0, 3, 1782.67
1572718911, 0, 310, 1849, 1797, 511, 12.92%, 0, 0, 3, 1783.08
1572718921, 0, 310, 1850, 1798, 511, 12.92%, 0, 0, 3, 1783.27
1572718931, 0, 310, 1852, 1800, 511, 12.92%, 0, 0, 3, 1785.54
1572719004, 0, 310, 1853, 1801, 511, 12.92%, 0, 0, 3, 1791.99
1572719009, 0, 321, 1854, 1801, 513, 12.92%, 0, 0, 3, 1810.13
1572719029, 0, 321, 1860, 1807, 513, 12.93%, 0, 0, 3, 1788.41
1572719055, 0, 321, 1863, 1810, 513, 12.94%, 0, 0, 3, 1791.81
1572719076, 0, 321, 1867, 1814, 513, 12.97%, 0, 0, 3, 1781.14
1572719107, 0, 321, 1873, 1820, 513, 12.97%, 0, 0, 3, 1795.99
1572719148, 0, 321, 1874, 1821, 513, 12.97%, 0, 0, 3, 1796.35
1572719168, 0, 321, 1876, 1823, 513, 12.97%, 0, 0, 3, 1795.75
1572719179, 0, 342, 1879, 1824, 513, 12.97%, 0, 0, 3, 1839.50
1572719199, 0, 342, 1886, 1831, 513, 12.99%, 0, 0, 3, 1778.34
1572719225, 0, 342, 1894, 1839, 513, 13.00%, 0, 0, 3, 1781.88
1572719246, 0, 342, 1895, 1840, 513, 13.00%, 0, 0, 3, 1766.15
1572719266, 0, 342, 1896, 1841, 513, 13.00%, 0, 0, 3, 1781.75
1572719277, 0, 342, 1898, 1843, 513, 13.00%, 0, 0, 3, 1788.41
1572719323, 0, 342, 1899, 1844, 513, 13.00%, 0, 0, 3, 1787.57
1572719339, 0, 342, 1900, 1845, 513, 13.00%, 0, 0, 3, 1783.71
1572719349, 0, 342, 1906, 1851, 513, 13.01%, 0, 0, 3, 1812.79
1572719354, 0, 342, 1917, 1862, 513, 13.02%, 0, 0, 3, 1833.89
1572719359, 0, 342, 1919, 1864, 513, 13.04%, 0, 0, 3, 1837.56
1572719364, 0, 342, 1924, 1869, 513, 13.04%, 0, 0, 3, 1837.82
1572719369, 0, 346, 1924, 1868, 526, 13.04%, 0, 0, 3, 1805.93
1572719390, 0, 346, 1927, 1871, 526, 13.04%, 0, 0, 3, 1790.88
1572719411, 0, 346, 1928, 1872, 526, 13.04%, 0, 0, 3, 1790.76
1572719462, 0, 346, 1931, 1875, 526, 13.04%, 0, 0, 3, 1791.70
1572719539, 0, 426, 1931, 1869, 522, 13.04%, 0, 0, 3, 1890.21
1572719560, 0, 426, 1935, 1873, 522, 13.05%, 0, 0, 3, 1786.08
1572719580, 0, 426, 1936, 1874, 522, 13.05%, 0, 0, 3, 1791.84
1572719586, 0, 426, 1937, 1875, 522, 13.05%, 0, 0, 3, 1792.43
1572719606, 0, 426, 1938, 1876, 522, 13.05%, 0, 0, 3, 1778.89
1572719611, 0, 426, 1939, 1877, 522, 13.05%, 0, 0, 3, 1791.90
1572719704, 0, 426, 1940, 1878, 522, 13.05%, 0, 0, 3, 1791.46
1572719709, 0, 443, 1940, 1876, 522, 13.05%, 0, 0, 3, 1856.46
1572719715, 0, 458, 1941, 1875, 520, 13.05%, 0, 0, 3, 1811.75
1572719735, 0, 458, 1951, 1885, 520, 13.06%, 0, 0, 3, 1776.84
1572719756, 0, 458, 1955, 1889, 520, 13.06%, 0, 0, 3, 1779.29
1572719782, 0, 458, 1957, 1891, 520, 13.06%, 0, 0, 3, 1773.86
1572719787, 0, 458, 1959, 1893, 520, 13.06%, 0, 0, 3, 1776.70
1572719808, 0, 458, 1962, 1896, 520, 13.06%, 0, 0, 3, 1773.95
1572719849, 0, 458, 1964, 1898, 520, 13.06%, 0, 0, 3, 1778.87
1572719875, 0, 458, 1968, 1902, 520, 13.06%, 0, 0, 3, 1779.52
1572719886, 0, 460, 1968, 1901, 522, 13.06%, 0, 0, 3, 1802.43
1572719906, 0, 460, 1974, 1907, 522, 13.08%, 0, 0, 3, 1791.93
1572719927, 0, 460, 1976, 1909, 522, 13.08%, 0, 0, 3, 1792.76
1572719978, 0, 460, 1981, 1914, 522, 13.08%, 0, 0, 3, 1790.85
1572720045, 0, 460, 1982, 1915, 522, 13.08%, 0, 0, 3, 1790.03
1572720050, 0, 460, 1983, 1916, 522, 13.08%, 0, 0, 3, 1790.34
1572720056, 0, 466, 1983, 1914, 525, 13.08%, 0, 0, 3, 1768.23
1572720071, 0, 466, 1985, 1916, 525, 13.16%, 0, 0, 3, 1721.90
1572720076, 0, 466, 1999, 1930, 525, 13.16%, 0, 0, 3, 1725.99
1572720097, 0, 466, 2001, 1932, 525, 13.16%, 0, 0, 3, 1726.29
1572720102, 0, 466, 2003, 1934, 525, 13.16%, 0, 0, 3, 1725.97
1572720123, 0, 466, 2005, 1936, 525, 13.16%, 0, 0, 3, 1714.05
1572720128, 0, 466, 2006, 1937, 525, 13.16%, 0, 0, 3, 1729.69
1572720138, 0, 466, 2008, 1939, 525, 13.17%, 0, 0, 3, 1724.57
1572720149, 0, 466, 2010, 1941, 525, 13.17%, 0, 0, 3, 1725.51
1572720169, 0, 466, 2011, 1942, 525, 13.17%, 0, 0, 3, 1724.11
1572720175, 0, 466, 2013, 1944, 525, 13.17%, 0, 0, 3, 1723.32
1572720211, 0, 466, 2016, 1947, 525, 13.17%, 0, 0, 3, 1725.57
1572720216, 0, 466, 2017, 1948, 525, 13.17%, 0, 0, 3, 1724.60
1572720221, 0, 466, 2018, 1949, 525, 13.17%, 0, 0, 3, 1725.60
1572720227, 0, 466, 2019, 1950, 525, 13.17%, 0, 0, 3, 1723.35
1572720232, 0, 466, 2026, 1957, 525, 13.19%, 0, 0, 3, 1771.64
1572720237, 0, 466, 2034, 1965, 525, 13.23%, 0, 0, 3, 1784.67
1572720242, 0, 466, 2037, 1968, 525, 13.23%, 0, 0, 3, 1787.55
1572720247, 0, 467, 2042, 1972, 536, 13.24%, 0, 0, 3, 1791.51
1572720273, 0, 467, 2045, 1975, 536, 13.25%, 0, 0, 3, 1740.12
1572720293, 0, 467, 2047, 1977, 536, 13.25%, 0, 0, 3, 1741.38
1572720319, 0, 467, 2048, 1978, 536, 13.26%, 0, 0, 3, 1736.17
1572720422, 0, 467, 2060, 1990, 536, 13.31%, 0, 0, 3, 1745.37
1572720427, 0, 467, 2072, 2002, 536, 13.33%, 0, 0, 3, 1747.92
1572720432, 0, 467, 2083, 2013, 536, 13.34%, 0, 0, 3, 1748.81
1572720437, 0, 467, 2091, 2021, 536, 13.35%, 0, 0, 3, 1748.33
1572720442, 0, 476, 2091, 2017, 553, 13.35%, 0, 0, 3, 1839.90
1572720489, 0, 476, 2092, 2018, 553, 13.35%, 0, 0, 3, 1791.04
1572720602, 0, 476, 2093, 2019, 553, 13.35%, 0, 0, 3, 1789.34
1572720613, 0, 483, 2093, 2018, 553, 13.35%, 0, 0, 3, 1798.84
1572720628, 0, 483, 2096, 2021, 553, 13.35%, 0, 0, 3, 1781.61
1572720633, 0, 483, 2104, 2029, 553, 13.44%, 0, 0, 3, 1783.39
1572720654, 0, 483, 2112, 2037, 553, 13.45%, 0, 0, 3, 1783.22
1572720675, 0, 483, 2114, 2039, 553, 13.45%, 0, 0, 3, 1784.34
1572720680, 0, 483, 2117, 2042, 553, 13.45%, 0, 0, 3, 1772.33
1572720695, 0, 483, 2120, 2045, 553, 13.45%, 0, 0, 3, 1789.15
1572720700, 0, 483, 2124, 2049, 553, 13.45%, 0, 0, 3, 1789.03
1572720711, 0, 483, 2128, 2053, 553, 14.02%, 0, 0, 3, 1786.07
1572720767, 0, 483, 2129, 2054, 553, 14.02%, 0, 0, 3, 1782.94
1572720778, 0, 483, 2133, 2058, 553, 14.03%, 0, 0, 3, 1783.55
1572720783, 0, 483, 2135, 2060, 553, 14.03%, 0, 0, 3, 1782.48
1572720788, 0, 505, 2135, 2057, 553, 14.03%, 0, 0, 3, 1823.32
1572720808, 0, 505, 2139, 2061, 553, 14.04%, 0, 0, 3, 1770.19
1572720834, 0, 505, 2142, 2064, 553, 14.04%, 0, 0, 3, 1771.41
1572720855, 0, 505, 2143, 2065, 553, 14.04%, 0, 0, 3, 1757.06
1572720886, 0, 505, 2144, 2066, 553, 14.04%, 0, 0, 3, 1774.64
1572720963, 0, 562, 2144, 2061, 550, 14.04%, 0, 0, 3, 1914.25
1572720984, 0, 562, 2146, 2063, 550, 14.05%, 0, 0, 3, 1777.88
1572721005, 0, 562, 2148, 2065, 550, 14.05%, 0, 0, 3, 1777.71
1572721025, 0, 562, 2149, 2066, 550, 14.05%, 0, 0, 3, 1780.27
1572721139, 0, 564, 2149, 2064, 551, 14.05%, 0, 0, 3, 1817.79
1572721154, 0, 564, 2151, 2066, 551, 14.05%, 0, 0, 3, 1780.38
1572721180, 0, 564, 2152, 2067, 551, 14.05%, 0, 0, 3, 1785.05
1572721221, 0, 564, 2153, 2068, 551, 14.05%, 0, 0, 3, 1783.35
1572721309, 0, 571, 2153, 2067, 552, 14.05%, 0, 0, 3, 1805.14
1572721315, 0, 592, 2153, 2060, 545, 14.05%, 0, 0, 3, 1927.14
1572721335, 0, 592, 2162, 2069, 545, 14.09%, 0, 0, 3, 1774.22
1572721361, 0, 592, 2165, 2072, 545, 14.10%, 0, 0, 3, 1776.32
1572721403, 0, 592, 2166, 2073, 545, 14.10%, 0, 0, 3, 1779.27
1572721486, 0, 592, 2167, 2074, 545, 14.10%, 0, 0, 3, 1772.40
1572721491, 0, 599, 2167, 2070, 545, 14.10%, 0, 0, 3, 1873.41
1572721511, 0, 599, 2179, 2082, 545, 14.15%, 0, 0, 3, 1790.50
1572721537, 0, 599, 2183, 2086, 545, 14.16%, 0, 0, 3, 1793.08
1572721552, 0, 599, 2184, 2087, 545, 14.16%, 0, 0, 3, 1791.98
1572721557, 0, 599, 2186, 2089, 545, 14.16%, 0, 0, 3, 1782.21
1572721578, 0, 599, 2189, 2092, 545, 14.16%, 0, 0, 3, 1791.71
1572721640, 0, 599, 2190, 2093, 545, 14.16%, 0, 0, 3, 1793.74
1572721655, 0, 599, 2192, 2095, 545, 14.16%, 0, 0, 3, 1795.68
1572721660, 0, 599, 2197, 2100, 545, 14.17%, 0, 0, 3, 1781.15
1572721665, 0, 599, 2203, 2106, 545, 14.18%, 0, 0, 3, 1787.00
1572721670, 0, 599, 2205, 2108, 545, 14.18%, 0, 0, 3, 1822.32
1572721676, 0, 599, 2211, 2114, 545, 14.20%, 0, 0, 3, 1825.22
1572721681, 0, 602, 2211, 2113, 559, 14.20%, 0, 0, 3, 1773.04
1572721701, 0, 602, 2216, 2118, 559, 14.21%, 0, 0, 3, 1779.34
