# unix_time, cycles_done, cur_path, paths_total, pending_total, pending_favs, map_size, unique_crashes, unique_hangs, max_depth, execs_per_sec
1572714052, 0, 0, 1, 1, 1, 4.08%, 0, 0, 1, 1600.00
1572714057, 0, 0, 57, 57, 1, 5.14%, 0, 0, 2, 2072.15
1572714067, 0, 0, 117, 117, 1, 5.49%, 0, 0, 2, 2173.34
1572714072, 0, 0, 375, 375, 1, 7.45%, 0, 0, 2, 2168.93
1572714078, 0, 0, 379, 379, 1, 7.45%, 0, 0, 2, 2169.91
1572714088, 0, 0, 393, 393, 1, 7.50%, 0, 0, 2, 2171.43
1572714093, 0, 0, 477, 477, 1, 7.89%, 0, 0, 2, 2169.02
1572714108, 0, 0, 505, 505, 1, 7.98%, 0, 0, 2, 2149.18
1572714114, 0, 0, 548, 548, 1, 8.36%, 0, 0, 2, 2094.14
1572714119, 0, 0, 557, 557, 1, 8.38%, 0, 0, 2, 2103.73
1572714124, 0, 0, 575, 575, 1, 8.43%, 0, 0, 2, 2108.66
1572714129, 0, 0, 605, 605, 1, 8.63%, 0, 0, 2, 2081.10
1572714134, 0, 0, 618, 618, 1, 8.64%, 0, 0, 2, 2080.08
1572714139, 0, 0, 649, 649, 1, 9.19%, 0, 0, 2, 2076.26
1572714144, 0, 0, 650, 650, 1, 9.19%, 0, 0, 2, 2068.14
1572714150, 0, 0, 651, 651, 1, 9.19%, 0, 0, 2, 2074.98
1572714155, 0, 0, 656, 656, 1, 9.20%, 0, 0, 2, 2074.79
1572714160, 0, 0, 657, 657, 1, 9.20%, 0, 0, 2, 2080.08
1572714165, 0, 0, 658, 658, 1, 9.20%, 0, 0, 2, 2083.11
1572714170, 0, 0, 672, 672, 1, 9.21%, 0, 0, 2, 2083.64
1572714175, 0, 0, 686, 686, 1, 9.22%, 0, 0, 2, 2066.69
1572714180, 0, 0, 691, 691, 1, 9.24%, 0, 0, 2, 2076.80
1572714186, 0, 0, 716, 716, 1, 9.26%, 0, 0, 2, 2078.14
1572714191, 0, 0, 724, 724, 1, 9.26%, 0, 0, 2, 2075.68
1572714196, 0, 0, 759, 759, 1, 9.36%, 0, 0, 2, 2078.39
1572714201, 0, 0, 892, 892, 1, 10.69%, 0, 0, 2, 2102.73
1572714206, 0, 0, 963, 963, 1, 10.92%, 0, 0, 2, 2125.33
1572714211, 0, 0, 1015, 1015, 1, 11.00%, 0, 0, 2, 2133.02
1572714216, 0, 33, 1045, 1043, 329, 11.09%, 0, 0, 2, 2161.32
1572714237, 0, 33, 1053, 1051, 329, 11.10%, 0, 0, 3, 2091.54
1572714252, 0, 33, 1054, 1052, 329, 11.10%, 0, 0, 3, 2090.56
1572714278, 0, 33, 1056, 1054, 329, 11.10%, 0, 0, 3, 2085.71
1572714319, 0, 33, 1057, 1055, 329, 11.10%, 0, 0, 3, 2067.52
1572714324, 0, 33, 1058, 1056, 329, 11.10%, 0, 0, 3, 2059.08
1572714335, 0, 33, 1060, 1058, 329, 11.10%, 0, 0, 3, 2071.15
1572714345, 0, 33, 1086, 1084, 329, 11.18%, 0, 0, 3, 2095.29
1572714350, 0, 33, 1109, 1107, 329, 11.41%, 0, 0, 3, 2093.74
1572714355, 0, 33, 1128, 1126, 329, 11.42%, 0, 0, 3, 2079.14
1572714360, 0, 64, 1131, 1125, 350, 11.45%, 0, 0, 3, 2083.19
1572714376, 0, 64, 1145, 1139, 350, 11.47%, 0, 0, 3, 2006.61
1572714396, 0, 64, 1149, 1143, 350, 11.49%, 0, 0, 3, 2001.30
1572714432, 0, 64, 1154, 1148, 350, 11.49%, 0, 0, 3, 2000.68
1572714448, 0, 64, 1155, 1149, 350, 11.49%, 0, 0, 3, 2004.44
1572714478, 0, 64, 1156, 1150, 350, 11.49%, 0, 0, 3, 1968.38
1572714494, 0, 64, 1157, 1151, 350, 11.50%, 0, 0, 3, 1940.16
1572714514, 0, 64, 1172, 1166, 350, 11.52%, 0, 0, 3, 1982.59
1572714519, 0, 64, 1192, 1186, 350, 11.56%, 0, 0, 3, 1989.13
1572714524, 0, 64, 1206, 1200, 350, 11.59%, 0, 0, 3, 1991.91
1572714529, 0, 71, 1217, 1210, 379, 11.61%, 0, 0, 3, 1979.16
1572714550, 0, 71, 1218, 1211, 379, 11.61%, 0, 0, 3, 1877.92
1572714566, 0, 71, 1219, 1212, 379, 11.61%, 0, 0, 3, 1878.59
1572714587, 0, 71, 1220, 1213, 379, 11.63%, 0, 0, 3, 1879.82
1572714592, 0, 71, 1221, 1214, 379, 11.63%, 0, 0, 3, 1817.63
1572714674, 0, 71, 1222, 1215, 379, 11.70%, 0, 0, 3, 1811.05
1572714694, 0, 85, 1222, 1213, 381, 11.70%, 0, 0, 3, 1866.46
1572714699, 0, 103, 1225, 1213, 378, 11.70%, 0, 0, 3, 1843.14
1572714714, 0, 103, 1227, 1215, 378, 11.70%, 0, 0, 3, 1791.61
1572714719, 0, 103, 1263, 1251, 378, 11.81%, 0, 0, 3, 1793.93
1572714740, 0, 103, 1279, 1267, 378, 11.85%, 0, 0, 3, 1795.46
1572714761, 0, 103, 1283, 1271, 378, 11.87%, 0, 0, 3, 1795.68
1572714766, 0, 103, 1286, 1274, 378, 11.87%, 0, 0, 3, 1783.52
1572714771, 0, 103, 1287, 1275, 378, 11.87%, 0, 0, 3, 1795.29
1572714781, 0, 103, 1288, 1276, 378, 11.87%, 0, 0, 3, 1799.48
1572714786, 0, 103, 1295, 1283, 378, 11.92%, 0, 0, 3, 1795.77
1572714796, 0, 103, 1296, 1284, 378, 11.92%, 0, 0, 3, 1799.19
1572714807, 0, 103, 1297, 1285, 378, 11.92%, 0, 0, 3, 1803.05
1572714837, 0, 103, 1298, 1286, 378, 11.92%, 0, 0, 3, 1796.82
1572714842, 0, 103, 1301, 1289, 378, 11.92%, 0, 0, 3, 1797.65
1572714853, 0, 103, 1302, 1290, 378, 11.92%, 0, 0, 3, 1798.67
1572714858, 0, 103, 1304, 1292, 378, 11.92%, 0, 0, 3, 1796.82
1572714863, 0, 103, 1305, 1293, 378, 11.99%, 0, 0, 3, 1794.70
1572714868, 0, 103, 1306, 1294, 378, 11.99%, 0, 0, 3, 1798.62
1572714873, 0, 103, 1320, 1308, 378, 12.01%, 0, 0, 3, 1830.27
1572714878, 0, 103, 1332, 1320, 378, 12.04%, 0, 0, 3, 1845.14
1572714883, 0, 103, 1341, 1329, 378, 12.06%, 0, 0, 3, 1848.61
1572714888, 0, 137, 1359, 1346, 406, 12.21%, 0, 0, 3, 1868.64
1572714893, 0, 137, 1360, 1347, 406, 12.21%, 0, 0, 3, 1811.91
1572714909, 0, 137, 1369, 1356, 406, 12.22%, 0, 0, 3, 1796.76
1572714914, 0, 137, 1372, 1359, 406, 12.24%, 0, 0, 3, 1800.89
1572714929, 0, 137, 1373, 1360, 406, 12.24%, 0, 0, 3, 1802.31
1572714934, 0, 137, 1375, 1362, 406, 12.24%, 0, 0, 3, 1802.57
1572715057, 0, 137, 1376, 1363, 406, 12.24%, 0, 0, 3, 1810.99
1572715062, 0, 150, 1377, 1363, 404, 12.24%, 0, 0, 3, 1828.11
1572715082, 0, 150, 1384, 1370, 404, 12.24%, 0, 0, 3, 1811.18
1572715103, 0, 150, 1386, 1372, 404, 12.24%, 0, 0, 3, 1814.20
1572715143, 0, 150, 1388, 1374, 404, 12.24%, 0, 0, 3, 1812.18
1572715148, 0, 150, 1391, 1377, 404, 12.24%, 0, 0, 3, 1812.79
1572715205, 0, 150, 1393, 1379, 404, 12.24%, 0, 0, 3, 1815.68
1572715210, 0, 150, 1394, 1380, 404, 12.24%, 0, 0, 3, 1812.86
1572715215, 0, 150, 1395, 1381, 404, 12.24%, 0, 0, 3, 1811.76
1572715220, 0, 185, 1395, 1378, 401, 12.24%, 0, 0, 3, 1844.54
1572715240, 0, 185, 1397, 1380, 401, 12.24%, 0, 0, 3, 1799.52
1572715378, 0, 185, 1398, 1381, 401, 12.24%, 0, 0, 3, 1799.71
1572715389, 0, 193, 1399, 1381, 400, 12.24%, 0, 0, 3, 1818.55
1572715409, 0, 193, 1407, 1389, 400, 12.25%, 0, 0, 3, 1798.31
1572715429, 0, 193, 1408, 1390, 400, 12.25%, 0, 0, 3, 1800.74
1572715434, 0, 193, 1409, 1391, 400, 12.25%, 0, 0, 3, 1801.13
1572715455, 0, 193, 1412, 1394, 400, 12.25%, 0, 0, 3, 1783.19
1572715460, 0, 193, 1413, 1395, 400, 12.25%, 0, 0, 3, 1799.04
1572715476, 0, 193, 1418, 1400, 400, 12.26%, 0, 0, 3, 1803.13
1572715486, 0, 193, 1421, 1403, 400, 12.26%, 0, 0, 3, 1803.34
1572715542, 0, 193, 1424, 1406, 400, 12.26%, 0, 0, 3, 1801.66
1572715547, 0, 193, 1427, 1409, 400, 12.28%, 0, 0, 3, 1798.32
1572715552, 0, 193, 1429, 1411, 400, 12.28%, 0, 0, 3, 1799.53
1572715558, 0, 193, 1439, 1421, 400, 12.30%, 0, 0, 3, 1838.51
1572715563, 0, 193, 1446, 1428, 400, 12.34%, 0, 0, 3, 1848.41
1572715568, 0, 193, 1450, 1432, 400, 12.36%, 0, 0, 3, 1850.64
1572715573, 0, 197, 1456, 1437, 417, 12.37%, 0, 0, 3, 1845.68
1572715594, 0, 197, 1465, 1446, 417, 12.37%, 0, 0, 3, 1794.11
1572715619, 0, 197, 1467, 1448, 417, 12.37%, 0, 0, 3, 1796.34
1572715640, 0, 197, 1469, 1450, 417, 12.37%, 0, 0, 3, 1782.05
1572715660, 0, 197, 1473, 1454, 417, 12.37%, 0, 0, 3, 1802.66
1572715737, 0, 201, 1474, 1454, 419, 12.37%, 0, 0, 3, 1836.43
1572715757, 0, 201, 1478, 1458, 419, 12.37%, 0, 0, 3, 1804.90
1572715777, 0, 201, 1479, 1459, 419, 12.37%, 0, 0, 3, 1811.97
1572715783, 0, 201, 1481, 1461, 419, 12.37%, 0, 0, 3, 1812.13
1572715798, 0, 201, 1482, 1462, 419, 12.37%, 0, 0, 3, 1809.66
1572715803, 0, 201, 1483, 1463, 419, 12.37%, 0, 0, 3, 1801.22
1572715824, 0, 201, 1484, 1464, 419, 12.37%, 0, 0, 3, 1811.15
1572715864, 0, 201, 1485, 1465, 419, 12.37%, 0, 0, 3, 1806.48
1572715890, 0, 201, 1487, 1467, 419, 12.38%, 0, 0, 3, 1808.60
1572715900, 0, 201, 1493, 1473, 419, 12.38%, 0, 0, 3, 1837.11
1572715905, 0, 201, 1499, 1479, 419, 12.39%, 0, 0, 3, 1847.71
1572715910, 0, 201, 1505, 1485, 419, 12.41%, 0, 0, 3, 1848.05
1572715916, 0, 210, 1513, 1492, 435, 12.44%, 0, 0, 3, 1851.65
1572715936, 0, 210, 1518, 1497, 435, 12.44%, 0, 0, 3, 1789.26
1572715962, 0, 210, 1520, 1499, 435, 12.44%, 0, 0, 3, 1794.04
1572715982, 0, 210, 1521, 1500, 435, 12.45%, 0, 0, 3, 1782.19
1572716003, 0, 210, 1524, 1503, 435, 12.46%, 0, 0, 3, 1794.04
1572716070, 0, 210, 1529, 1508, 435, 12.46%, 0, 0, 3, 1795.74
1572716080, 0, 210, 1532, 1511, 435, 12.46%, 0, 0, 3, 1795.83
1572716085, 0, 210, 1534, 1513, 435, 12.47%, 0, 0, 3, 1816.53
1572716090, 0, 218, 1535, 1513, 441, 12.47%, 0, 0, 3, 1795.87
1572716111, 0, 218, 1554, 1532, 441, 12.48%, 0, 0, 3, 1780.75
1572716132, 0, 218, 1558, 1536, 441, 12.48%, 0, 0, 3, 1782.94
1572716168, 0, 218, 1559, 1537, 441, 12.48%, 0, 0, 3, 1781.81
1572716173, 0, 218, 1563, 1541, 441, 12.48%, 0, 0, 3, 1786.28
1572716256, 0, 218, 1564, 1542, 441, 12.48%, 0, 0, 3, 1782.61
1572716261, 0, 223, 1565, 1542, 444, 12.48%, 0, 0, 3, 1791.83
1572716282, 0, 223, 1581, 1558, 444, 12.50%, 0, 0, 3, 1777.74
1572716303, 0, 223, 1586, 1563, 444, 12.50%, 0, 0, 3, 1781.75
1572716344, 0, 223, 1592, 1569, 444, 12.51%, 0, 0, 3, 1786.95
1572716349, 0, 223, 1595, 1572, 444, 12.51%, 0, 0, 3, 1786.23
1572716416, 0, 223, 1597, 1574, 444, 12.51%, 0, 0, 3, 1783.95
1572716422, 0, 223, 1598, 1575, 444, 12.51%, 0, 0, 3, 1780.37
1572716427, 0, 223, 1600, 1577, 444, 12.51%, 0, 0, 3, 1784.11
1572716432, 0, 223, 1607, 1584, 444, 12.54%, 0, 0, 3, 1822.32
1572716437, 0, 223, 1611, 1588, 444, 12.55%, 0, 0, 3, 1837.12
1572716442, 0, 223, 1622, 1599, 444, 12.58%, 0, 0, 3, 1839.73
1572716447, 0, 238, 1625, 1601, 459, 12.59%, 0, 0, 3, 1849.73
1572716535, 0, 238, 1627, 1603, 459, 12.59%, 0, 0, 3, 1794.42
1572716612, 0, 238, 1628, 1604, 459, 12.59%, 0, 0, 3, 1795.83
1572716617, 0, 238, 1632, 1608, 459, 12.61%, 0, 0, 3, 1815.39
1572716622, 0, 238, 1639, 1615, 459, 12.62%, 0, 0, 3, 1835.73
1572716627, 0, 238, 1640, 1616, 459, 12.62%, 0, 0, 3, 1841.41
1572716632, 0, 238, 1642, 1618, 459, 12.62%, 0, 0, 3, 1842.05
1572716637, 0, 245, 1643, 1617, 467, 12.63%, 0, 0, 3, 1821.62
1572716658, 0, 245, 1648, 1622, 467, 12.64%, 0, 0, 3, 1789.94
1572716679, 0, 245, 1649, 1623, 467, 12.64%, 0, 0, 3, 1793.20
1572716699, 0, 245, 1650, 1624, 467, 12.64%, 0, 0, 3, 1790.75
1572716720, 0, 245, 1651, 1625, 467, 12.64%, 0, 0, 3, 1794.43
1572716725, 0, 245, 1653, 1627, 467, 12.64%, 0, 0, 3, 1794.20
1572716787, 0, 245, 1654, 1628, 467, 12.64%, 0, 0, 3, 1794.08
1572716797, 0, 245, 1655, 1629, 467, 12.64%, 0, 0, 3, 1791.34
1572716807, 0, 245, 1660, 1634, 467, 12.64%, 0, 0, 3, 1827.65
1572716813, 0, 245, 1664, 1638, 467, 12.65%, 0, 0, 3, 1838.02
1572716818, 0, 245, 1667, 1641, 467, 12.66%, 0, 0, 3, 1837.48
1572716823, 0, 253, 1670, 1643, 475, 12.66%, 0, 0, 3, 1833.76
1572716843, 0, 253, 1678, 1651, 475, 12.67%, 0, 0, 3, 1783.45
1572716864, 0, 253, 1679, 1652, 475, 12.67%, 0, 0, 3, 1789.54
1572716895, 0, 253, 1681, 1654, 475, 12.68%, 0, 0, 3, 1787.62
1572716910, 0, 253, 1685, 1658, 475, 12.68%, 0, 0, 3, 1788.70
1572716978, 0, 253, 1687, 1660, 475, 12.68%, 0, 0, 3, 1787.21
1572716993, 0, 253, 1693, 1666, 475, 12.70%, 0, 0, 3, 1812.27
1572716998, 0, 253, 1698, 1671, 475, 12.70%, 0, 0, 3, 1829.34
1572717003, 0, 253, 1703, 1676, 475, 12.70%, 0, 0, 3, 1833.49
1572717008, 0, 255, 1706, 1678, 487, 12.70%, 0, 0, 3, 1830.52
1572717013, 0, 280, 1706, 1675, 485, 12.70%, 0, 0, 3, 1854.24
1572717034, 0, 280, 1715, 1684, 485, 12.76%, 0, 0, 3, 1807.98
1572717059, 0, 280, 1720, 1689, 485, 12.77%, 0, 0, 3, 1808.60
1572717080, 0, 280, 1721, 1690, 485, 12.77%, 0, 0, 3, 1798.20
1572717105, 0, 280, 1725, 1694, 485, 12.77%, 0, 0, 3, 1805.90
1572717166, 0, 280, 1727, 1696, 485, 12.77%, 0, 0, 3, 1809.00
1572717176, 0, 294, 1728, 1696, 490, 12.77%, 0, 0, 3, 1816.60
1572717197, 0, 294, 1729, 1697, 490, 12.77%, 0, 0, 3, 1788.54
1572717346, 0, 304, 1730, 1697, 490, 12.77%, 0, 0, 3, 1800.30
1572717367, 0, 304, 1736, 1703, 490, 12.77%, 0, 0, 3, 1772.79
1572717461, 0, 304, 1737, 1704, 490, 12.77%, 0, 0, 3, 1783.05
1572717487, 0, 304, 1738, 1705, 490, 12.77%, 0, 0, 3, 1780.22
1572717518, 0, 305, 1739, 1705, 491, 12.77%, 0, 0, 3, 1812.15
1572717538, 0, 305, 1740, 1706, 491, 12.77%, 0, 0, 3, 1780.46
1572717688, 0, 305, 1743, 1709, 491, 12.78%, 0, 0, 3, 1808.93
1572717693, 0, 305, 1749, 1715, 491, 12.79%, 0, 0, 3, 1829.53
1572717698, 0, 305, 1753, 1719, 491, 12.79%, 0, 0, 3, 1834.79
1572717703, 0, 305, 1760, 1726, 491, 12.79%, 0, 0, 3, 1834.52
1572717708, 0, 310, 1760, 1724, 496, 12.79%, 0, 0, 3, 1805.18
1572717729, 0, 310, 1766, 1730, 496, 12.80%, 0, 0, 3, 1776.31
1572717750, 0, 310, 1768, 1732, 496, 12.80%, 0, 0, 3, 1780.26
1572717776, 0, 310, 1771, 1735, 496, 12.80%, 0, 0, 3, 1774.75
1572717781, 0, 310, 1772, 1736, 496, 12.80%, 0, 0, 3, 1776.86
1572717791, 0, 310, 1773, 1737, 496, 12.80%, 0, 0, 3, 1779.20
1572717802, 0, 310, 1776, 1740, 496, 12.80%, 0, 0, 3, 1776.34
1572717880, 0, 321, 1776, 1739, 500, 12.80%, 0, 0, 3, 1793.87
1572717900, 0, 321, 1782, 1745, 500, 12.81%, 0, 0, 3, 1784.46
1572717921, 0, 321, 1785, 1748, 500, 12.81%, 0, 0, 3, 1787.67
1572717947, 0, 321, 1789, 1752, 500, 12.85%, 0, 0, 3, 1782.18
1572717973, 0, 321, 1794, 1757, 500, 12.85%, 0, 0, 3, 1780.19
1572717978, 0, 321, 1795, 1758, 500, 12.85%, 0, 0, 3, 1785.71
1572718014, 0, 321, 1796, 1759, 500, 12.85%, 0, 0, 3, 1784.97
1572718040, 0, 321, 1798, 1761, 500, 12.85%, 0, 0, 3, 1785.28
1572718045, 0, 342, 1798, 1760, 503, 12.85%, 0, 0, 3, 1806.16
1572718050, 0, 342, 1799, 1761, 503, 12.85%, 0, 0, 3, 1781.54
1572718070, 0, 342, 1805, 1767, 503, 12.87%, 0, 0, 3, 1771.75
1572718091, 0, 342, 1813, 1775, 503, 12.87%, 0, 0, 3, 1774.54
1572718117, 0, 342, 1814, 1776, 503, 12.88%, 0, 0, 3, 1770.11
1572718132, 0, 342, 1815, 1777, 503, 12.88%, 0, 0, 3, 1772.70
1572718143, 0, 342, 1819, 1781, 503, 12.88%, 0, 0, 3, 1772.42
1572718190, 0, 342, 1820, 1782, 503, 12.88%, 0, 0, 3, 1777.65
1572718210, 0, 342, 1822, 1784, 503, 12.88%, 0, 0, 3, 1772.99
1572718216, 0, 342, 1823, 1785, 503, 12.88%, 0, 0, 3, 1775.17
1572718221, 0, 347, 1823, 1784, 508, 12.88%, 0, 0, 3, 1792.27
1572718241, 0, 347, 1825, 1786, 508, 12.88%, 0, 0, 3, 1784.32
1572718262, 0, 347, 1826, 1787, 508, 12.88%, 0, 0, 3, 1786.22
1572718288, 0, 347, 1827, 1788, 508, 12.88%, 0, 0, 3, 1781.01
1572718314, 0, 347, 1830, 1791, 508, 12.88%, 0, 0, 3, 1781.39
1572718391, 0, 362, 1831, 1791, 511, 12.88%, 0, 0, 3, 1799.16
1572718412, 0, 362, 1836, 1796, 511, 12.88%, 0, 0, 3, 1782.22
1572718432, 0, 362, 1837, 1797, 511, 12.89%, 0, 0, 3, 1784.43
1572718484, 0, 362, 1838, 1798, 511, 12.89%, 0, 0, 3, 1783.34
1572718562, 0, 371, 1839, 1798, 512, 12.92%, 0, 0, 3, 1800.66
1572718582, 0, 371, 1840, 1799, 512, 12.93%, 0, 0, 3, 1785.14
1572718629, 0, 371, 1842, 1801, 512, 12.93%, 0, 0, 3, 1772.99
1572718706, 0, 371, 1843, 1802, 512, 12.93%, 0, 0, 3, 1790.73
1572718732, 0, 384, 1843, 1798, 509, 12.93%, 0, 0, 3, 1880.44
1572718747, 0, 384, 1844, 1799, 509, 12.93%, 0, 0, 3, 1779.89
1572718753, 0, 384, 1846, 1801, 509, 12.93%, 0, 0, 3, 1779.61
1572718773, 0, 384, 1847, 1802, 509, 12.93%, 0, 0, 3, 1782.43
1572718814, 0, 384, 1849, 1804, 509, 12.94%, 0, 0, 3, 1782.24
1572718830, 0, 384, 1850, 1805, 509, 12.94%, 0, 0, 3, 1786.42
1572718902, 0, 384, 1852, 1807, 509, 12.94%, 0, 0, 3, 1797.01
1572718908, 0, 384, 1856, 1811, 509, 12.94%, 0, 0, 3, 1825.24
1572718913, 0, 384, 1861, 1816, 509, 12.96%, 0, 0, 3, 1831.74
1572718918, 0, 384, 1867, 1822, 509, 12.97%, 0, 0, 3, 1833.16
1572718923, 0, 392, 1868, 1820, 515, 12.97%, 0, 0, 3, 1850.77
1572718938, 0, 392, 1869, 1821, 515, 12.97%, 0, 0, 3, 1776.41
1572718943, 0, 392, 1872, 1824, 515, 12.97%, 0, 0, 3, 1777.00
1572718964, 0, 392, 1875, 1827, 515, 12.97%, 0, 0, 3, 1780.32
1572718990, 0, 392, 1876, 1828, 515, 12.97%, 0, 0, 3, 1764.16
1572719011, 0, 392, 1877, 1829, 515, 12.97%, 0, 0, 3, 1781.16
1572719063, 0, 392, 1878, 1830, 515, 12.97%, 0, 0, 3, 1781.76
1572719089, 0, 392, 1880, 1832, 515, 12.97%, 0, 0, 3, 1781.71
1572719094, 0, 411, 1880, 1830, 515, 12.97%, 0, 0, 3, 1822.12
1572719114, 0, 411, 1881, 1831, 515, 12.97%, 0, 0, 3, 1792.73
1572719119, 0, 411, 1891, 1841, 515, 12.98%, 0, 0, 3, 1794.60
1572719140, 0, 411, 1897, 1847, 515, 12.98%, 0, 0, 3, 1796.16
1572719160, 0, 411, 1899, 1849, 515, 12.98%, 0, 0, 3, 1795.15
1572719166, 0, 411, 1900, 1850, 515, 12.98%, 0, 0, 3, 1789.76
1572719181, 0, 411, 1904, 1854, 515, 12.98%, 0, 0, 3, 1790.96
1572719186, 0, 411, 1906, 1856, 515, 12.98%, 0, 0, 3, 1794.47
1572719248, 0, 411, 1908, 1858, 515, 12.98%, 0, 0, 3, 1788.44
1572719253, 0, 411, 1909, 1859, 515, 12.98%, 0, 0, 3, 1790.89
1572719263, 0, 413, 1909, 1858, 515, 12.98%, 0, 0, 3, 1802.18
1572719284, 0, 413, 1910, 1859, 515, 12.98%, 0, 0, 3, 1777.16
1572719434, 0, 413, 1911, 1860, 515, 12.98%, 0, 0, 3, 1781.11
1572719440, 0, 413, 1917, 1866, 515, 13.01%, 0, 0, 3, 1820.95
1572719445, 0, 413, 1923, 1872, 515, 13.01%, 0, 0, 3, 1829.23
1572719450, 0, 413, 1928, 1877, 515, 13.02%, 0, 0, 3, 1830.31
1572719455, 0, 421, 1928, 1876, 519, 13.02%, 0, 0, 3, 1815.09
1572719470, 0, 421, 1929, 1877, 519, 13.02%, 0, 0, 3, 1769.10
1572719475, 0, 421, 1938, 1886, 519, 13.11%, 0, 0, 3, 1771.76
1572719496, 0, 421, 1943, 1891, 519, 13.11%, 0, 0, 3, 1775.01
1572719522, 0, 421, 1948, 1896, 519, 13.12%, 0, 0, 3, 1754.18
1572719537, 0, 421, 1949, 1897, 519, 13.12%, 0, 0, 3, 1774.14
1572719543, 0, 421, 1956, 1904, 519, 13.12%, 0, 0, 3, 1778.87
1572719610, 0, 421, 1959, 1907, 519, 13.12%, 0, 0, 3, 1776.84
1572719615, 0, 421, 1960, 1908, 519, 13.18%, 0, 0, 3, 1773.69
1572719621, 0, 421, 1962, 1910, 519, 13.18%, 0, 0, 3, 1776.86
1572719626, 0, 426, 1963, 1910, 525, 13.18%, 0, 0, 3, 1795.14
1572719646, 0, 426, 1967, 1914, 525, 13.19%, 0, 0, 3, 1779.69
1572719667, 0, 426, 1969, 1916, 525, 13.19%, 0, 0, 3, 1780.69
1572719693, 0, 426, 1970, 1917, 525, 13.19%, 0, 0, 3, 1766.29
1572719791, 0, 426, 1971, 1918, 525, 13.19%, 0, 0, 3, 1781.50
1572719797, 0, 458, 1971, 1916, 524, 13.19%, 0, 0, 3, 1831.08
1572719822, 0, 458, 1981, 1926, 524, 13.19%, 0, 0, 3, 1759.76
1572719842, 0, 458, 1984, 1929, 524, 13.19%, 0, 0, 3, 1766.53
1572719867, 0, 458, 1986, 1931, 524, 13.20%, 0, 0, 3, 1763.38
1572719873, 0, 458, 1988, 1933, 524, 13.20%, 0, 0, 3, 1766.64
1572719893, 0, 458, 1992, 1937, 524, 13.20%, 0, 0, 3, 1768.88
1572719934, 0, 458, 1994, 1939, 524, 13.20%, 0, 0, 3, 1770.49
1572719960, 0, 458, 1998, 1943, 524, 13.20%, 0, 0, 3, 1769.84
1572719970, 0, 460, 1998, 1942, 525, 13.20%, 0, 0, 3, 1807.52
1572719996, 0, 460, 2004, 1948, 525, 13.21%, 0, 0, 3, 1783.20
1572720017, 0, 460, 2006, 1950, 525, 13.21%, 0, 0, 3, 1783.98
1572720068, 0, 460, 2011, 1955, 525, 13.21%, 0, 0, 3, 1784.62
1572720130, 0, 460, 2012, 1956, 525, 13.21%, 0, 0, 3, 1776.41
1572720141, 0, 466, 2014, 1957, 526, 13.22%, 0, 0, 3, 1793.08
1572720161, 0, 466, 2016, 1959, 526, 13.30%, 0, 0, 3, 1716.01
1572720166, 0, 466, 2033, 1976, 526, 13.30%, 0, 0, 3, 1718.76
1572720186, 0, 466, 2036, 1979, 526, 13.30%, 0, 0, 3, 1719.05
1572720191, 0, 466, 2037, 1980, 526, 13.30%, 0, 0, 3, 1719.64
1572720207, 0, 466, 2038, 1981, 526, 13.30%, 0, 0, 3, 1721.48
1572720212, 0, 466, 2039, 1982, 526, 13.30%, 0, 0, 3, 1706.50
1572720228, 0, 466, 2041, 1984, 526, 13.30%, 0, 0, 3, 1722.77
1572720238, 0, 466, 2043, 1986, 526, 13.30%, 0, 0, 3, 1718.68
1572720243, 0, 466, 2044, 1987, 526, 13.30%, 0, 0, 3, 1724.42
1572720253, 0, 466, 2045, 1988, 526, 13.30%, 0, 0, 3, 1725.78
1572720300, 0, 466, 2047, 1990, 526, 13.30%, 0, 0, 3, 1720.62
1572720310, 0, 466, 2048, 1991, 526, 13.30%, 0, 0, 3, 1720.02
1572720315, 0, 466, 2049, 1992, 526, 13.30%, 0, 0, 3, 1721.27
1572720321, 0, 466, 2061, 2004, 526, 13.31%, 0, 0, 3, 1769.80
1572720326, 0, 466, 2068, 2011, 526, 13.31%, 0, 0, 3, 1781.27
1572720331, 0, 466, 2072, 2015, 526, 13.32%, 0, 0, 3, 1782.73
1572720336, 0, 467, 2072, 2014, 542, 13.32%, 0, 0, 3, 1782.16
1572720357, 0, 467, 2074, 2016, 542, 13.32%, 0, 0, 3, 1729.91
1572720362, 0, 467, 2075, 2017, 542, 13.32%, 0, 0, 3, 1730.85
1572720382, 0, 467, 2077, 2019, 542, 13.32%, 0, 0, 3, 1732.93
1572720408, 0, 467, 2078, 2020, 542, 13.33%, 0, 0, 3, 1726.18
1572720512, 0, 467, 2089, 2031, 542, 13.39%, 0, 0, 3, 1738.27
1572720517, 0, 467, 2100, 2042, 542, 13.42%, 0, 0, 3, 1743.88
1572720522, 0, 467, 2105, 2047, 542, 13.42%, 0, 0, 3, 1745.86
1572720527, 0, 467, 2114, 2056, 542, 13.49%, 0, 0, 3, 1745.10
1572720532, 0, 475, 2117, 2054, 555, 13.49%, 0, 0, 3, 1874.03
1572720537, 0, 475, 2118, 2055, 555, 13.49%, 0, 0, 3, 1794.47
1572720579, 0, 475, 2119, 2056, 555, 13.50%, 0, 0, 3, 1778.88
1572720693, 0, 475, 2120, 2057, 555, 13.50%, 0, 0, 3, 1779.16
1572720703, 0, 483, 2120, 2056, 555, 13.50%, 0, 0, 3, 1803.88
1572720719, 0, 483, 2125, 2061, 555, 13.50%, 0, 0, 3, 1772.90
1572720724, 0, 483, 2130, 2066, 555, 13.50%, 0, 0, 3, 1768.34
1572720729, 0, 483, 2131, 2067, 555, 13.59%, 0, 0, 3, 1773.68
1572720745, 0, 483, 2134, 2070, 555, 13.59%, 0, 0, 3, 1777.16
1572720750, 0, 483, 2138, 2074, 555, 13.59%, 0, 0, 3, 1776.17
1572720771, 0, 483, 2142, 2078, 555, 13.60%, 0, 0, 3, 1762.70
1572720786, 0, 483, 2145, 2081, 555, 13.60%, 0, 0, 3, 1773.81
1572720791, 0, 483, 2148, 2084, 555, 13.60%, 0, 0, 3, 1774.07
1572720796, 0, 483, 2149, 2085, 555, 13.60%, 0, 0, 3, 1775.26
1572720802, 0, 483, 2153, 2089, 555, 14.16%, 0, 0, 3, 1778.27
1572720864, 0, 483, 2154, 2090, 555, 14.16%, 0, 0, 3, 1772.32
1572720869, 0, 483, 2158, 2094, 555, 14.18%, 0, 0, 3, 1773.89
1572720874, 0, 483, 2160, 2096, 555, 14.18%, 0, 0, 3, 1777.02
1572720879, 0, 497, 2162, 2097, 557, 14.18%, 0, 0, 3, 1802.70
1572720884, 0, 532, 2162, 2089, 549, 14.18%, 0, 0, 3, 1941.19
1572720890, 0, 563, 2162, 2086, 547, 14.18%, 0, 0, 3, 1851.90
1572720905, 0, 563, 2163, 2087, 547, 14.18%, 0, 0, 3, 1768.93
1572720926, 0, 563, 2164, 2088, 547, 14.18%, 0, 0, 3, 1772.81
1572720952, 0, 563, 2165, 2089, 547, 14.18%, 0, 0, 3, 1773.82
1572720957, 0, 563, 2166, 2090, 547, 14.18%, 0, 0, 3, 1759.08
1572721040, 0, 563, 2167, 2091, 547, 14.18%, 0, 0, 3, 1773.29
1572721061, 0, 564, 2167, 2090, 549, 14.18%, 0, 0, 3, 1796.02
1572721066, 0, 571, 2167, 2089, 548, 14.18%, 0, 0, 3, 1790.04
1572721081, 0, 571, 2168, 2090, 548, 14.18%, 0, 0, 3, 1772.91
1572721087, 0, 571, 2171, 2093, 548, 14.18%, 0, 0, 3, 1772.28
1572721107, 0, 571, 2173, 2095, 548, 14.18%, 0, 0, 3, 1777.43
1572721128, 0, 571, 2174, 2096, 548, 14.18%, 0, 0, 3, 1776.31
1572721133, 0, 571, 2175, 2097, 548, 14.18%, 0, 0, 3, 1772.15
1572721149, 0, 571, 2176, 2098, 548, 14.18%, 0, 0, 3, 1773.92
1572721237, 0, 574, 2177, 2098, 550, 14.19%, 0, 0, 3, 1807.22
1572721257, 0, 574, 2178, 2099, 550, 14.19%, 0, 0, 3, 1771.40
1572721413, 0, 599, 2179, 2095, 545, 14.19%, 0, 0, 3, 1901.34
1572721433, 0, 599, 2190, 2106, 545, 14.24%, 0, 0, 3, 1778.84
1572721438, 0, 599, 2191, 2107, 545, 14.24%, 0, 0, 3, 1779.75
1572721459, 0, 599, 2195, 2111, 545, 14.25%, 0, 0, 3, 1781.51
1572721475, 0, 599, 2196, 2112, 545, 14.25%, 0, 0, 3, 1780.81
1572721480, 0, 599, 2198, 2114, 545, 14.25%, 0, 0, 3, 1773.17
1572721500, 0, 599, 2200, 2116, 545, 14.26%, 0, 0, 3, 1781.24
1572721506, 0, 599, 2201, 2117, 545, 14.26%, 0, 0, 3, 1777.91
1572721563, 0, 599, 2202, 2118, 545, 14.26%, 0, 0, 3, 1780.99
1572721583, 0, 603, 2204, 2119, 553, 14.26%, 0, 0, 3, 1814.73
1572721609, 0, 603, 2208, 2123, 553, 14.26%, 0, 0, 3, 1769.73
1572721629, 0, 603, 2209, 2124, 553, 14.26%, 0, 0, 3, 1768.22
1572721670, 0, 603, 2210, 2125, 553, 14.26%, 0, 0, 3, 1765.89
1572721675, 0, 603, 2211, 2126, 553, 14.27%, 0, 0, 3, 1768.59
