# unix_time, cycles_done, cur_path, paths_total, pending_total, pending_favs, map_size, unique_crashes, unique_hangs, max_depth, execs_per_sec
1571400794, 0, 0, 1, 1, 1, 0.04%, 0, 0, 1, 4000.00
1571400799, 0, 0, 85, 85, 1, 0.70%, 0, 0, 2, 6115.56
1571400804, 0, 28, 211, 207, 13, 1.33%, 0, 0, 3, 6409.45
1571400809, 0, 57, 397, 392, 67, 1.61%, 0, 0, 3, 6269.36
1571400815, 0, 99, 447, 433, 88, 1.81%, 0, 0, 3, 6209.74
1571400820, 0, 116, 453, 432, 81, 1.82%, 0, 0, 4, 6261.68
1571400825, 0, 136, 468, 442, 79, 1.91%, 0, 0, 4, 6123.14
1571400830, 0, 164, 502, 473, 88, 1.93%, 0, 0, 4, 6059.29
1571400835, 0, 165, 516, 486, 88, 1.97%, 0, 0, 4, 5947.71
1571400840, 0, 168, 532, 501, 90, 1.99%, 0, 0, 4, 5953.93
1571400845, 0, 174, 553, 520, 96, 2.06%, 0, 0, 4, 5902.59
1571400850, 0, 181, 572, 537, 103, 2.08%, 0, 0, 4, 5745.48
1571400856, 0, 187, 596, 559, 105, 2.16%, 0, 0, 4, 5597.42
1571400861, 0, 191, 622, 583, 124, 2.46%, 1, 0, 4, 5624.62
1571400866, 0, 191, 646, 607, 124, 2.47%, 1, 0, 4, 5590.10
1571400871, 0, 206, 669, 628, 123, 2.50%, 1, 0, 4, 5737.52
1571400876, 0, 213, 695, 651, 127, 2.55%, 1, 0, 4, 5727.65
1571400881, 0, 219, 710, 665, 137, 2.57%, 1, 0, 4, 5647.10
1571400886, 0, 223, 734, 688, 144, 2.60%, 1, 0, 4, 5607.92
1571400891, 0, 265, 746, 699, 146, 2.60%, 1, 0, 4, 5653.08
1571400897, 0, 277, 756, 706, 144, 2.61%, 1, 0, 4, 5449.37
1571400902, 0, 277, 779, 729, 144, 2.64%, 1, 0, 4, 5476.80
1571400907, 0, 294, 797, 746, 150, 2.64%, 1, 0, 4, 5541.84
1571400912, 0, 300, 821, 768, 149, 2.69%, 1, 0, 4, 5543.67
1571400917, 0, 300, 833, 780, 149, 2.74%, 1, 0, 4, 5444.51
1571400922, 0, 304, 846, 792, 156, 2.74%, 1, 0, 4, 5484.62
1571400927, 0, 327, 853, 796, 156, 2.75%, 1, 0, 4, 5507.16
1571400932, 0, 342, 859, 800, 157, 2.75%, 1, 0, 4, 5489.69
1571400937, 0, 357, 864, 802, 156, 2.76%, 1, 0, 4, 5503.23
1571400942, 0, 364, 877, 814, 154, 2.77%, 1, 0, 4, 5548.37
1571400947, 0, 365, 897, 833, 153, 2.80%, 1, 0, 4, 5534.43
1571400953, 0, 389, 938, 872, 157, 2.96%, 1, 0, 4, 5522.09
1571400958, 0, 389, 959, 893, 157, 3.05%, 2, 0, 4, 5621.17
1571400963, 0, 403, 973, 904, 173, 3.05%, 2, 0, 4, 5554.15
1571400968, 0, 406, 980, 910, 173, 3.06%, 2, 0, 4, 5436.57
1571400973, 0, 414, 992, 921, 173, 3.09%, 2, 0, 4, 5437.67
1571400978, 0, 414, 1012, 941, 173, 3.13%, 2, 0, 4, 5457.26
1571400983, 0, 418, 1020, 948, 174, 3.15%, 2, 0, 4, 5555.36
1571400988, 0, 419, 1028, 955, 175, 3.15%, 2, 0, 4, 5426.76
1571400993, 0, 420, 1033, 959, 176, 3.15%, 2, 0, 4, 5406.45
1571400999, 0, 423, 1039, 963, 174, 3.15%, 2, 0, 4, 5411.08
1571401004, 0, 423, 1051, 975, 174, 3.15%, 2, 0, 4, 5158.09
1571401009, 0, 429, 1072, 994, 178, 3.18%, 2, 0, 4, 5309.77
1571401014, 0, 430, 1082, 1003, 177, 3.18%, 18, 0, 4, 5456.24
1571401019, 0, 446, 1097, 1017, 179, 3.22%, 22, 0, 4, 5546.79
1571401024, 0, 470, 1104, 1021, 181, 3.22%, 22, 0, 5, 5446.76
1571401029, 0, 481, 1109, 1025, 181, 3.22%, 22, 0, 5, 5391.52
1571401034, 0, 481, 1114, 1030, 181, 3.22%, 22, 0, 5, 5504.55
1571401039, 0, 483, 1121, 1036, 182, 3.23%, 22, 0, 5, 5507.64
1571401044, 0, 484, 1134, 1048, 182, 3.24%, 23, 0, 5, 5483.32
1571401049, 0, 485, 1155, 1068, 192, 3.29%, 23, 0, 5, 5419.92
1571401055, 0, 487, 1160, 1072, 191, 3.30%, 23, 0, 5, 5485.50
1571401060, 0, 493, 1169, 1079, 190, 3.31%, 23, 0, 5, 5553.00
1571401065, 0, 503, 1178, 1084, 193, 3.32%, 23, 0, 5, 5569.62
1571401070, 0, 503, 1188, 1094, 193, 3.35%, 23, 0, 5, 5384.35
1571401075, 0, 512, 1193, 1096, 192, 3.35%, 23, 0, 5, 5491.81
1571401080, 0, 512, 1198, 1101, 192, 3.36%, 23, 0, 5, 5581.68
1571401085, 0, 514, 1208, 1110, 191, 3.43%, 23, 0, 5, 5576.11
1571401090, 0, 534, 1212, 1108, 192, 3.44%, 23, 0, 5, 5612.65
1571401095, 0, 543, 1229, 1121, 188, 3.50%, 23, 0, 5, 5571.82
1571401100, 0, 547, 1236, 1127, 194, 3.50%, 23, 0, 5, 5685.64
1571401106, 0, 553, 1238, 1128, 194, 3.50%, 23, 0, 5, 5656.19
1571401111, 0, 562, 1246, 1133, 191, 3.50%, 23, 0, 5, 5588.72
1571401116, 0, 568, 1247, 1132, 189, 3.50%, 23, 0, 5, 5585.60
1571401121, 0, 586, 1254, 1134, 185, 3.52%, 23, 0, 5, 5539.05
1571401126, 0, 592, 1265, 1143, 185, 3.53%, 23, 0, 5, 5701.39
1571401131, 0, 604, 1281, 1157, 183, 3.59%, 24, 0, 5, 5674.58
1571401136, 0, 611, 1295, 1168, 191, 3.65%, 24, 0, 5, 5675.18
1571401141, 0, 611, 1344, 1217, 191, 3.86%, 25, 0, 5, 5622.08
1571401146, 0, 616, 1377, 1249, 210, 3.94%, 25, 0, 5, 5641.70
1571401152, 0, 618, 1386, 1257, 224, 3.94%, 26, 0, 5, 5670.45
1571401157, 0, 620, 1391, 1261, 223, 3.96%, 26, 0, 5, 5410.76
1571401162, 0, 625, 1397, 1266, 222, 3.96%, 26, 0, 5, 5520.46
1571401167, 0, 636, 1404, 1271, 221, 3.96%, 26, 0, 5, 5530.03
1571401172, 0, 641, 1405, 1270, 221, 3.96%, 26, 0, 5, 5506.58
1571401177, 0, 672, 1415, 1278, 221, 3.97%, 26, 0, 5, 5659.55
1571401182, 0, 677, 1424, 1285, 221, 3.97%, 26, 0, 5, 5710.22
1571401187, 0, 685, 1428, 1285, 218, 3.97%, 26, 0, 5, 5694.97
1571401193, 0, 688, 1428, 1284, 217, 3.97%, 26, 0, 5, 5643.03
1571401198, 0, 691, 1433, 1288, 217, 3.97%, 26, 0, 5, 5707.80
1571401203, 0, 704, 1437, 1289, 213, 3.97%, 26, 0, 5, 5342.13
1571401208, 0, 708, 1442, 1292, 213, 3.97%, 26, 0, 5, 5499.00
1571401213, 0, 709, 1447, 1296, 212, 3.98%, 26, 0, 5, 5471.05
1571401218, 0, 709, 1455, 1304, 212, 3.98%, 26, 0, 5, 5404.97
1571401223, 0, 714, 1467, 1315, 213, 3.99%, 26, 0, 5, 5491.80
1571401228, 0, 724, 1469, 1315, 215, 3.99%, 26, 0, 5, 5533.58
1571401233, 0, 730, 1476, 1320, 214, 3.99%, 26, 0, 5, 5544.38
1571401238, 0, 743, 1485, 1327, 212, 3.99%, 26, 0, 5, 5562.33
1571401243, 0, 770, 1491, 1331, 212, 3.99%, 26, 0, 5, 5498.96
1571401249, 0, 770, 1498, 1338, 212, 4.00%, 26, 0, 5, 5441.99
1571401254, 0, 811, 1515, 1353, 211, 4.00%, 26, 0, 5, 5466.02
1571401259, 0, 812, 1523, 1360, 214, 4.01%, 26, 0, 5, 5496.05
1571401264, 0, 830, 1527, 1360, 210, 4.01%, 26, 0, 5, 5462.20
1571401269, 0, 830, 1535, 1368, 210, 4.02%, 26, 0, 5, 5448.63
1571401274, 0, 846, 1547, 1378, 219, 4.04%, 26, 0, 5, 5355.94
1571401279, 0, 846, 1551, 1382, 219, 4.04%, 26, 0, 5, 4985.29
1571401284, 0, 850, 1564, 1394, 218, 4.04%, 26, 0, 5, 5393.61
1571401289, 0, 856, 1574, 1403, 218, 4.04%, 26, 0, 5, 5472.68
1571401294, 0, 865, 1579, 1406, 217, 4.04%, 26, 0, 5, 5476.22
1571401299, 0, 869, 1586, 1411, 217, 4.05%, 26, 0, 5, 5442.63
1571401304, 0, 874, 1596, 1420, 217, 4.05%, 26, 0, 5, 5415.33
1571401309, 0, 874, 1609, 1433, 217, 4.05%, 26, 0, 5, 5436.95
1571401315, 0, 881, 1618, 1441, 218, 4.07%, 26, 0, 5, 3904.06
1571401320, 0, 892, 1625, 1446, 221, 4.08%, 26, 0, 5, 4939.80
1571401325, 0, 892, 1636, 1457, 221, 4.08%, 26, 0, 5, 5398.91
1571401330, 0, 903, 1638, 1456, 221, 4.08%, 26, 0, 5, 5428.24
1571401335, 0, 904, 1646, 1463, 221, 4.08%, 26, 0, 5, 5581.43
1571401340, 0, 911, 1653, 1468, 219, 4.10%, 26, 0, 5, 5599.10
1571401345, 0, 912, 1663, 1477, 222, 4.11%, 27, 0, 5, 5625.39
1571401350, 0, 913, 1671, 1484, 227, 4.12%, 27, 0, 5, 5626.98
1571401355, 0, 914, 1679, 1491, 229, 4.14%, 27, 0, 5, 5656.23
1571401360, 0, 917, 1686, 1495, 234, 4.15%, 27, 0, 5, 5633.38
1571401365, 0, 931, 1696, 1501, 232, 4.16%, 27, 0, 5, 5651.54
1571401370, 0, 934, 1702, 1506, 231, 4.18%, 28, 0, 5, 5624.28
1571401375, 0, 934, 1708, 1512, 231, 4.18%, 28, 0, 5, 5526.57
1571401381, 0, 935, 1717, 1520, 230, 4.18%, 28, 0, 5, 5515.23
1571401386, 0, 936, 1722, 1524, 229, 4.18%, 30, 0, 5, 5539.49
1571401391, 0, 944, 1728, 1528, 228, 4.19%, 31, 0, 5, 5607.83
1571401396, 0, 945, 1733, 1532, 227, 4.19%, 32, 0, 5, 5550.20
1571401401, 0, 949, 1741, 1539, 227, 4.19%, 33, 0, 5, 5486.79
1571401406, 0, 952, 1756, 1553, 227, 4.21%, 33, 0, 5, 5427.86
1571401411, 0, 953, 1773, 1569, 234, 4.23%, 34, 0, 5, 5522.43
1571401416, 0, 967, 1777, 1572, 235, 4.25%, 34, 0, 5, 5572.08
1571401422, 0, 982, 1780, 1574, 235, 4.25%, 34, 0, 5, 5390.83
1571401427, 0, 983, 1785, 1578, 234, 4.25%, 34, 0, 5, 5408.29
1571401432, 0, 984, 1790, 1582, 233, 4.25%, 34, 0, 5, 5401.99
1571401437, 0, 984, 1794, 1586, 233, 4.25%, 34, 0, 5, 5465.73
1571401442, 0, 994, 1797, 1587, 232, 4.25%, 34, 0, 5, 5447.57
1571401447, 0, 997, 1798, 1587, 232, 4.25%, 34, 0, 5, 5455.38
1571401452, 0, 998, 1804, 1592, 233, 4.27%, 34, 0, 5, 5414.91
1571401457, 0, 998, 1813, 1601, 233, 4.29%, 34, 0, 5, 5366.44
1571401462, 0, 1001, 1823, 1610, 233, 4.30%, 35, 0, 5, 5308.36
1571401467, 0, 1009, 1830, 1614, 234, 4.32%, 35, 0, 5, 5366.62
1571401473, 0, 1012, 1840, 1623, 236, 4.32%, 36, 0, 5, 5452.78
1571401478, 0, 1013, 1846, 1628, 235, 4.32%, 36, 0, 5, 5534.26
1571401483, 0, 1017, 1852, 1633, 235, 4.32%, 36, 0, 5, 5551.33
1571401488, 0, 1029, 1853, 1633, 234, 4.32%, 36, 0, 5, 5513.95
1571401493, 0, 1031, 1859, 1638, 233, 4.32%, 36, 0, 5, 5225.04
1571401498, 0, 1042, 1864, 1642, 233, 4.32%, 36, 0, 5, 5138.90
1571401503, 0, 1057, 1868, 1645, 233, 4.32%, 36, 0, 5, 4975.08
1571401508, 0, 1057, 1878, 1655, 233, 4.32%, 37, 0, 5, 5029.00
1571401513, 0, 1063, 1879, 1655, 234, 4.32%, 38, 0, 5, 5061.11
1571401519, 0, 1063, 1882, 1658, 234, 4.32%, 38, 0, 5, 5152.47
1571401524, 0, 1068, 1889, 1662, 234, 4.33%, 38, 0, 5, 5411.11
1571401529, 0, 1081, 1895, 1665, 232, 4.34%, 49, 0, 5, 5502.84
1571401534, 0, 1081, 1904, 1674, 232, 4.34%, 70, 0, 5, 5457.45
1571401539, 0, 1083, 1910, 1678, 234, 4.34%, 72, 0, 5, 5542.45
1571401544, 0, 1085, 1916, 1682, 233, 4.34%, 72, 0, 5, 5639.86
1571401549, 0, 1085, 1925, 1691, 233, 4.34%, 72, 0, 5, 5654.28
1571401554, 0, 1098, 1931, 1696, 233, 4.34%, 72, 0, 5, 5643.05
1571401559, 0, 1122, 1932, 1694, 230, 4.34%, 72, 0, 6, 5536.16
1571401564, 0, 1122, 1939, 1701, 230, 4.35%, 72, 0, 6, 5535.38
1571401569, 0, 1125, 1946, 1707, 232, 4.35%, 72, 0, 6, 5535.54
1571401575, 0, 1126, 1950, 1710, 233, 4.35%, 72, 0, 6, 5515.96
1571401580, 0, 1126, 1953, 1713, 233, 4.35%, 72, 0, 6, 5481.86
1571401585, 0, 1141, 1967, 1726, 233, 4.40%, 72, 0, 6, 5650.64
1571401590, 0, 1153, 1969, 1726, 240, 4.40%, 72, 0, 6, 5422.38
1571401595, 0, 1155, 1977, 1733, 239, 4.41%, 72, 0, 6, 5375.23
1571401600, 0, 1155, 1987, 1743, 239, 4.41%, 72, 0, 6, 5530.97
1571401605, 0, 1163, 1995, 1750, 241, 4.41%, 72, 0, 6, 5584.95
1571401610, 0, 1169, 1998, 1751, 242, 4.41%, 72, 0, 6, 5441.14
1571401616, 0, 1178, 2001, 1750, 241, 4.45%, 72, 0, 6, 5264.59
1571401621, 0, 1180, 2009, 1757, 241, 4.48%, 72, 0, 6, 5201.89
1571401626, 0, 1180, 2036, 1784, 241, 4.51%, 73, 0, 6, 5325.82
1571401631, 0, 1181, 2045, 1792, 244, 4.51%, 73, 0, 6, 5465.57
1571401636, 0, 1200, 2052, 1798, 244, 4.54%, 73, 0, 6, 5499.43
1571401641, 0, 1206, 2070, 1814, 245, 4.61%, 73, 0, 6, 5560.50
1571401646, 0, 1206, 2080, 1824, 245, 4.65%, 73, 0, 6, 5565.07
1571401651, 0, 1207, 2092, 1835, 253, 4.66%, 73, 0, 6, 5522.03
1571401656, 0, 1211, 2096, 1838, 255, 4.66%, 73, 0, 6, 5624.10
1571401662, 0, 1217, 2107, 1847, 252, 4.75%, 73, 0, 6, 5637.93
1571401667, 0, 1222, 2121, 1857, 257, 4.79%, 73, 0, 6, 5692.52
1571401672, 0, 1231, 2140, 1873, 259, 4.81%, 73, 0, 6, 5675.87
1571401677, 0, 1253, 2146, 1877, 260, 4.83%, 73, 0, 6, 5621.59
1571401682, 0, 1266, 2152, 1880, 260, 4.83%, 73, 0, 6, 5664.67
1571401687, 0, 1292, 2160, 1886, 263, 4.87%, 74, 0, 6, 5687.27
1571401692, 0, 1293, 2166, 1891, 265, 4.87%, 74, 0, 6, 5665.87
1571401697, 0, 1293, 2179, 1904, 265, 4.88%, 76, 0, 6, 5567.43
1571401702, 0, 1294, 2190, 1914, 267, 4.88%, 76, 0, 6, 5584.48
1571401707, 0, 1295, 2207, 1930, 268, 4.90%, 76, 0, 6, 5601.93
1571401713, 0, 1301, 2209, 1930, 274, 4.90%, 76, 0, 6, 5567.70
1571401718, 0, 1311, 2233, 1951, 286, 4.98%, 76, 0, 6, 5570.45
1571401723, 0, 1323, 2246, 1962, 294, 5.01%, 76, 0, 6, 5536.11
1571401728, 0, 1323, 2256, 1972, 294, 5.02%, 76, 0, 6, 5396.46
1571401733, 0, 1325, 2275, 1990, 295, 5.07%, 76, 0, 6, 5562.59
1571401738, 0, 1326, 2279, 1993, 305, 5.07%, 76, 0, 6, 5613.41
1571401743, 0, 1327, 2285, 1998, 304, 5.08%, 76, 0, 6, 5659.63
1571401748, 0, 1330, 2295, 2006, 309, 5.09%, 77, 0, 6, 5614.16
1571401753, 0, 1336, 2296, 2006, 311, 5.10%, 77, 0, 6, 5616.82
1571401759, 0, 1352, 2302, 2007, 310, 5.11%, 77, 0, 6, 5520.64
1571401764, 0, 1357, 2310, 2011, 314, 5.14%, 77, 0, 6, 5657.04
1571401769, 0, 1363, 2317, 2014, 312, 5.17%, 77, 0, 6, 5674.32
1571401774, 0, 1368, 2324, 2020, 312, 5.17%, 77, 0, 6, 5703.56
1571401779, 0, 1377, 2329, 2020, 308, 5.18%, 77, 0, 6, 5698.21
1571401784, 0, 1390, 2332, 2020, 306, 5.18%, 77, 0, 6, 76.38
1571401820, 0, 1393, 2335, 2021, 305, 5.18%, 77, 0, 6, 4639.24
1571401825, 0, 1410, 2341, 2020, 300, 5.23%, 77, 0, 6, 5433.24
1571401831, 0, 1411, 2351, 2029, 299, 5.24%, 78, 0, 6, 5485.65
1571401836, 0, 1423, 2356, 2031, 297, 5.24%, 78, 0, 6, 5536.67
1571401841, 0, 1444, 2360, 2033, 296, 5.24%, 79, 0, 6, 5448.70
1571401846, 0, 1453, 2364, 2036, 295, 5.24%, 79, 0, 6, 5404.33
1571401851, 0, 1456, 2369, 2039, 293, 5.24%, 79, 0, 6, 5496.48
1571401856, 0, 1457, 2371, 2040, 292, 5.24%, 79, 0, 6, 5496.67
1571401861, 0, 1474, 2376, 2042, 289, 5.24%, 79, 0, 6, 5515.35
1571401866, 0, 1475, 2376, 2041, 289, 5.24%, 79, 0, 6, 5461.91
1571401871, 0, 1488, 2380, 2044, 289, 5.24%, 79, 0, 6, 5606.88
1571401877, 0, 1490, 2387, 2050, 288, 5.25%, 79, 0, 6, 5544.90
1571401882, 0, 1493, 2390, 2052, 289, 5.25%, 79, 0, 6, 5340.11
1571401887, 0, 1493, 2392, 2054, 289, 5.25%, 79, 0, 6, 5291.51
1571401892, 0, 1520, 2398, 2057, 288, 5.26%, 79, 0, 6, 5430.12
1571401897, 0, 1530, 2401, 2058, 287, 5.27%, 79, 0, 6, 5395.88
1571401902, 0, 1535, 2402, 2057, 285, 5.27%, 79, 0, 6, 5352.24
1571401907, 0, 1535, 2408, 2063, 285, 5.27%, 85, 0, 6, 5468.61
1571401912, 0, 1561, 2411, 2061, 281, 5.27%, 85, 0, 6, 5568.76
1571401917, 0, 1561, 2417, 2067, 281, 5.27%, 85, 0, 6, 5474.25
1571401922, 0, 1589, 2424, 2071, 278, 5.27%, 85, 0, 6, 4972.97
1571401927, 0, 1598, 2433, 2079, 278, 5.27%, 85, 0, 6, 5189.20
1571401932, 0, 1598, 2439, 2085, 278, 5.27%, 85, 0, 6, 5410.22
1571401937, 0, 1615, 2443, 2088, 277, 5.29%, 85, 0, 6, 3808.86
1571401943, 0, 1615, 2451, 2096, 277, 5.29%, 85, 0, 6, 3857.48
1571401948, 0, 1624, 2452, 2095, 276, 5.29%, 85, 0, 6, 4861.19
1571401953, 0, 1625, 2464, 2106, 275, 5.31%, 85, 0, 6, 5387.10
1571401958, 0, 1635, 2478, 2117, 279, 5.34%, 85, 0, 6, 5430.39
1571401963, 0, 1636, 2484, 2122, 281, 5.35%, 85, 0, 6, 5603.47
1571401968, 0, 1649, 2489, 2123, 279, 5.35%, 85, 0, 6, 5606.64
1571401973, 0, 1660, 2498, 2131, 278, 5.36%, 85, 0, 6, 5576.80
1571401978, 0, 1661, 2502, 2134, 281, 5.37%, 85, 0, 6, 5608.38
1571401983, 0, 1663, 2506, 2136, 280, 5.37%, 85, 0, 6, 5559.64
1571401988, 0, 1677, 2509, 2134, 276, 5.37%, 85, 0, 6, 5611.94
1571401993, 0, 1682, 2514, 2136, 275, 5.38%, 85, 0, 6, 5580.15
1571401998, 0, 1685, 2519, 2139, 274, 5.41%, 85, 0, 6, 5479.75
1571402003, 0, 1700, 2540, 2157, 274, 5.44%, 85, 0, 6, 5494.26
1571402009, 0, 1701, 2546, 2162, 276, 5.45%, 85, 0, 6, 5472.10
1571402014, 0, 1731, 2552, 2165, 277, 5.46%, 85, 0, 6, 5519.71
1571402019, 0, 1750, 2555, 2165, 277, 5.47%, 85, 0, 6, 5475.85
1571402024, 0, 1755, 2559, 2165, 274, 5.47%, 85, 0, 6, 5429.54
1571402029, 0, 1773, 2562, 2165, 272, 5.47%, 86, 0, 6, 5529.15
1571402034, 0, 1773, 2566, 2169, 272, 5.47%, 87, 0, 6, 5576.00
1571402039, 0, 1790, 2568, 2169, 271, 5.47%, 88, 0, 6, 5540.79
1571402044, 0, 1794, 2572, 2172, 270, 5.47%, 88, 0, 6, 5377.21
1571402050, 0, 1801, 2575, 2174, 269, 5.47%, 88, 0, 6, 5436.75
1571402055, 0, 1803, 2578, 2176, 269, 5.48%, 88, 0, 6, 5470.49
1571402060, 0, 1807, 2584, 2181, 270, 5.49%, 88, 0, 6, 5471.80
1571402065, 0, 1807, 2591, 2188, 270, 5.49%, 88, 0, 6, 5585.46
1571402070, 0, 1819, 2593, 2188, 270, 5.49%, 88, 0, 6, 5354.04
1571402075, 0, 1820, 2601, 2195, 270, 5.50%, 88, 0, 6, 5370.37
1571402080, 0, 1823, 2609, 2201, 269, 5.50%, 89, 0, 6, 5531.09
1571402085, 0, 1825, 2611, 2202, 268, 5.50%, 89, 0, 6, 5431.70
1571402090, 0, 1829, 2615, 2205, 268, 5.50%, 89, 0, 6, 5389.94
1571402095, 0, 1861, 2618, 2205, 267, 5.50%, 89, 0, 6, 5297.18
1571402101, 0, 1867, 2622, 2208, 266, 5.50%, 89, 0, 6, 5097.89
1571402106, 0, 1867, 2626, 2212, 266, 5.50%, 89, 0, 6, 5017.89
1571402111, 0, 1884, 2630, 2214, 264, 5.50%, 89, 0, 6, 5219.56
1571402116, 0, 1886, 2634, 2216, 263, 5.50%, 89, 0, 6, 5480.29
1571402121, 0, 1890, 2639, 2219, 261, 5.50%, 89, 0, 6, 5446.69
1571402126, 0, 1905, 2641, 2218, 260, 5.50%, 95, 0, 6, 5392.49
1571402131, 0, 1914, 2646, 2221, 258, 5.50%, 96, 0, 6, 5594.28
1571402136, 0, 1923, 2649, 2222, 259, 5.51%, 96, 0, 6, 5630.38
1571402141, 0, 1933, 2654, 2225, 257, 5.53%, 97, 0, 7, 5608.18
1571402146, 0, 1941, 2656, 2226, 257, 5.53%, 98, 0, 7, 5561.32
1571402152, 0, 1941, 2664, 2234, 257, 5.53%, 98, 0, 7, 5525.71
1571402157, 0, 1953, 2667, 2234, 255, 5.53%, 98, 0, 7, 5575.96
1571402162, 0, 1958, 2670, 2233, 251, 5.54%, 98, 0, 7, 5692.05
1571402167, 0, 1973, 2683, 2242, 254, 5.63%, 98, 0, 7, 5690.08
1571402172, 0, 1975, 2686, 2243, 252, 5.63%, 98, 0, 7, 5533.42
1571402177, 0, 1989, 2692, 2248, 251, 5.63%, 101, 0, 7, 5430.02
1571402182, 0, 1995, 2696, 2250, 249, 5.63%, 101, 0, 7, 5424.07
1571402187, 0, 1995, 2700, 2254, 249, 5.63%, 101, 0, 7, 5487.77
1571402192, 0, 2007, 2705, 2255, 246, 5.63%, 101, 0, 7, 5471.33
1571402197, 0, 2007, 2717, 2267, 246, 5.64%, 102, 0, 7, 5393.13
1571402203, 0, 2008, 2723, 2272, 247, 5.65%, 102, 0, 7, 5428.76
1571402208, 0, 2008, 2730, 2279, 247, 5.65%, 102, 0, 7, 5384.19
1571402213, 0, 2010, 2734, 2282, 248, 5.66%, 103, 0, 7, 5266.13
1571402218, 0, 2022, 2739, 2286, 249, 5.66%, 103, 0, 7, 5339.17
1571402223, 0, 2034, 2745, 2291, 248, 5.66%, 103, 0, 7, 5154.52
1571402228, 0, 2034, 2748, 2294, 248, 5.66%, 104, 0, 7, 5159.97
1571402233, 0, 2045, 2753, 2297, 248, 5.66%, 104, 0, 7, 5491.41
1571402238, 0, 2051, 2758, 2300, 249, 5.67%, 104, 0, 7, 5545.93
1571402243, 0, 2058, 2765, 2305, 250, 5.69%, 104, 0, 7, 5616.51
1571402248, 0, 2058, 2770, 2310, 250, 5.72%, 104, 0, 7, 5632.95
1571402254, 0, 2059, 2778, 2317, 251, 5.73%, 104, 0, 7, 5647.59
1571402259, 0, 2061, 2782, 2319, 252, 5.73%, 105, 0, 7, 5612.37
1571402264, 0, 2062, 2791, 2327, 251, 5.74%, 105, 0, 7, 5656.55
1571402269, 0, 2087, 2795, 2326, 249, 5.74%, 105, 0, 7, 5614.46
1571402274, 0, 2087, 2803, 2334, 249, 5.74%, 105, 0, 7, 5453.07
1571402279, 0, 2089, 2811, 2341, 250, 5.79%, 107, 0, 7, 5587.81
1571402284, 0, 2094, 2815, 2343, 249, 5.80%, 107, 0, 7, 5634.85
1571402289, 0, 2095, 2822, 2349, 249, 5.80%, 108, 0, 7, 5652.40
1571402294, 0, 2101, 2829, 2354, 247, 5.81%, 108, 0, 7, 5694.76
1571402299, 0, 2115, 2834, 2354, 244, 5.81%, 108, 0, 7, 5647.19
1571402304, 0, 2124, 2867, 2384, 245, 5.85%, 108, 0, 7, 5626.15
1571402310, 0, 2126, 2883, 2399, 251, 5.87%, 108, 0, 7, 5617.94
1571402315, 0, 2132, 2891, 2404, 250, 5.88%, 108, 0, 7, 5626.97
1571402320, 0, 2133, 2896, 2408, 252, 5.90%, 108, 1, 7, 5661.87
1571402325, 0, 2134, 2902, 2413, 252, 5.90%, 108, 1, 7, 5661.10
1571402330, 0, 2144, 2907, 2415, 249, 5.90%, 108, 1, 7, 5680.14
1571402335, 0, 2156, 2913, 2415, 246, 5.91%, 108, 1, 7, 5712.92
1571402340, 0, 2162, 2923, 2423, 246, 5.98%, 108, 1, 7, 5647.80
1571402345, 0, 2184, 2930, 2425, 248, 5.99%, 108, 1, 7, 5569.88
1571402351, 0, 2194, 2937, 2429, 245, 6.00%, 108, 1, 7, 5559.82
1571402356, 0, 2200, 2941, 2432, 245, 6.02%, 108, 1, 7, 5618.64
1571402361, 0, 2200, 2945, 2436, 245, 6.02%, 108, 1, 7, 5648.46
1571402366, 0, 2213, 2946, 2432, 240, 6.02%, 108, 1, 7, 5582.89
1571402371, 0, 2218, 2952, 2433, 239, 6.03%, 108, 1, 7, 5518.04
1571402376, 0, 2223, 2958, 2434, 239, 6.06%, 108, 1, 7, 5469.45
1571402381, 0, 2232, 2960, 2432, 235, 6.06%, 108, 1, 7, 5526.94
1571402386, 0, 2240, 2961, 2428, 230, 6.06%, 108, 1, 7, 5551.82
1571402391, 0, 2243, 2962, 2426, 227, 6.06%, 108, 1, 7, 5328.85
1571402396, 0, 2253, 2971, 2434, 234, 6.09%, 108, 1, 7, 5352.76
1571402401, 0, 2253, 2978, 2441, 234, 6.09%, 108, 1, 7, 5255.59
1571402406, 0, 2259, 2983, 2444, 234, 6.09%, 109, 1, 7, 5343.57
1571402411, 0, 2265, 2987, 2443, 232, 6.10%, 109, 1, 7, 5507.71
1571402416, 0, 2274, 2989, 2440, 229, 6.10%, 109, 1, 7, 5576.08
1571402421, 0, 2281, 2997, 2446, 233, 6.12%, 109, 1, 7, 5506.09
1571402427, 0, 2281, 3001, 2450, 233, 6.12%, 109, 1, 7, 5523.71
1571402432, 0, 2287, 3003, 2448, 229, 6.12%, 109, 1, 7, 5476.03
1571402437, 0, 2289, 3009, 2452, 228, 6.12%, 109, 1, 7, 5566.75
1571402442, 0, 2296, 3010, 2451, 227, 6.12%, 109, 1, 7, 5539.19
1571402447, 0, 2299, 3015, 2453, 224, 6.12%, 110, 1, 7, 5615.92
1571402452, 0, 2303, 3025, 2460, 225, 6.18%, 110, 1, 7, 5637.51
1571402457, 0, 2307, 3029, 2460, 227, 6.18%, 110, 1, 7, 5669.68
1571402462, 0, 2312, 3035, 2463, 225, 6.20%, 110, 1, 7, 5615.17
1571402467, 0, 2321, 3038, 2462, 224, 6.21%, 110, 1, 7, 5647.99
1571402472, 0, 2326, 3044, 2466, 224, 6.23%, 111, 1, 7, 5617.70
1571402477, 0, 2340, 3054, 2472, 221, 6.23%, 111, 1, 7, 5576.43
1571402483, 0, 2341, 3063, 2480, 222, 6.25%, 112, 1, 7, 5576.07
1571402488, 0, 2375, 3070, 2484, 221, 6.25%, 112, 1, 7, 5527.91
1571402493, 0, 2380, 3079, 2492, 221, 6.25%, 112, 1, 7, 5540.27
1571402498, 0, 2380, 3088, 2501, 221, 6.25%, 112, 1, 7, 5593.00
1571402503, 0, 2381, 3092, 2504, 222, 6.25%, 112, 1, 7, 5612.10
1571402508, 0, 2386, 3096, 2507, 221, 6.25%, 112, 1, 7, 5575.45
1571402513, 0, 2393, 3101, 2511, 220, 6.26%, 113, 1, 7, 5531.13
1571402518, 0, 2394, 3107, 2516, 220, 6.26%, 113, 1, 7, 5571.46
1571402523, 0, 2399, 3109, 2517, 220, 6.26%, 113, 1, 7, 5538.13
1571402529, 0, 2402, 3114, 2521, 219, 6.26%, 114, 1, 7, 5485.11
1571402534, 0, 2415, 3130, 2535, 218, 6.27%, 114, 1, 7, 5423.03
1571402539, 0, 2423, 3137, 2541, 222, 6.27%, 114, 1, 7, 5182.32
1571402544, 0, 2442, 3148, 2551, 224, 6.27%, 114, 1, 7, 4698.08
1571402549, 0, 2455, 3150, 2551, 224, 6.28%, 114, 1, 7, 4466.76
1571402554, 0, 2466, 3156, 2554, 222, 6.28%, 115, 1, 7, 5237.91
1571402559, 0, 2467, 3162, 2559, 221, 6.28%, 118, 1, 7, 5339.17
1571402564, 0, 2468, 3164, 2560, 224, 6.29%, 122, 1, 7, 5345.70
1571402569, 0, 2476, 3169, 2562, 221, 6.29%, 122, 1, 7, 5427.84
1571402574, 0, 2477, 3175, 2567, 220, 6.29%, 122, 1, 7, 5466.20
1571402579, 0, 2479, 3180, 2571, 220, 6.29%, 122, 1, 7, 5556.01
1571402584, 0, 2485, 3181, 2570, 220, 6.29%, 122, 1, 7, 5521.04
1571402590, 0, 2495, 3188, 2572, 216, 6.29%, 123, 1, 7, 5646.33
1571402595, 0, 2506, 3195, 2576, 217, 6.30%, 123, 1, 7, 5646.10
1571402600, 0, 2508, 3202, 2582, 216, 6.31%, 123, 1, 7, 5605.18
1571402605, 0, 2509, 3215, 2594, 218, 6.36%, 123, 1, 7, 5695.97
1571402610, 0, 2518, 3216, 2592, 221, 6.36%, 124, 1, 7, 5571.10
1571402615, 0, 2518, 3220, 2596, 221, 6.36%, 125, 1, 7, 5408.54
1571402620, 0, 2522, 3226, 2600, 223, 6.36%, 125, 1, 7, 5498.27
1571402625, 0, 2540, 3234, 2605, 224, 6.38%, 125, 1, 7, 5521.05
1571402630, 0, 2543, 3243, 2613, 226, 6.39%, 125, 1, 7, 5608.53
1571402635, 0, 2544, 3248, 2617, 229, 6.40%, 125, 1, 7, 5583.51
1571402640, 0, 2549, 3253, 2619, 227, 6.40%, 125, 1, 7, 5660.11
1571402646, 0, 2553, 3258, 2621, 226, 6.41%, 125, 1, 7, 5613.82
1571402651, 0, 2559, 3261, 2621, 225, 6.41%, 125, 1, 7, 5532.99
1571402656, 0, 2570, 3265, 2622, 224, 6.42%, 125, 1, 7, 5538.63
1571402661, 0, 2570, 3268, 2625, 224, 6.42%, 125, 1, 7, 5370.87
1571402666, 0, 2580, 3270, 2625, 223, 6.42%, 125, 1, 7, 5222.38
1571402671, 0, 2580, 3273, 2628, 223, 6.43%, 125, 1, 7, 5124.16
1571402676, 0, 2586, 3280, 2633, 224, 6.43%, 126, 1, 7, 5233.64
1571402681, 0, 2589, 3285, 2637, 224, 6.44%, 126, 1, 7, 5396.46
1571402686, 0, 2596, 3287, 2637, 224, 6.44%, 126, 1, 7, 5476.97
1571402691, 0, 2596, 3291, 2641, 224, 6.44%, 126, 1, 7, 5332.12
1571402696, 0, 2602, 3297, 2645, 223, 6.44%, 126, 1, 7, 5398.70
1571402701, 0, 2610, 3302, 2649, 222, 6.44%, 126, 1, 7, 5400.42
1571402706, 0, 2614, 3307, 2652, 220, 6.44%, 126, 1, 7, 5415.26
1571402712, 0, 2642, 3307, 2649, 218, 6.44%, 128, 1, 7, 5522.49
1571402717, 0, 2651, 3315, 2655, 217, 6.44%, 129, 1, 8, 5553.57
1571402722, 0, 2657, 3318, 2656, 215, 6.44%, 130, 1, 8, 5508.31
1571402727, 0, 2667, 3324, 2661, 214, 6.45%, 130, 1, 8, 5609.85
1571402732, 0, 2673, 3331, 2666, 214, 6.45%, 130, 1, 8, 5664.99
1571402737, 0, 2680, 3340, 2670, 215, 6.46%, 131, 1, 8, 5650.72
1571402742, 0, 2705, 3343, 2669, 212, 6.47%, 131, 1, 8, 5640.09
1571402747, 0, 2713, 3352, 2677, 211, 6.47%, 131, 1, 8, 5570.46
1571402752, 0, 2719, 3353, 2677, 212, 6.47%, 132, 1, 8, 5551.20
1571402757, 0, 2730, 3356, 2679, 211, 6.48%, 132, 1, 8, 5425.98
1571402763, 0, 2730, 3360, 2683, 211, 6.48%, 132, 1, 8, 5379.58
1571402768, 0, 2731, 3364, 2686, 212, 6.50%, 132, 1, 8, 5326.44
1571402773, 0, 2740, 3365, 2685, 213, 6.50%, 132, 1, 8, 5257.66
1571402778, 0, 2740, 3372, 2692, 213, 6.51%, 132, 1, 8, 5162.66
1571402783, 0, 2755, 3374, 2692, 215, 6.51%, 132, 1, 8, 5318.55
1571402788, 0, 2762, 3380, 2695, 213, 6.51%, 132, 1, 8, 5515.52
1571402793, 0, 2766, 3386, 2699, 212, 6.52%, 132, 1, 8, 5609.21
1571402798, 0, 2766, 3389, 2702, 212, 6.53%, 132, 1, 8, 5660.74
1571402803, 0, 2774, 3394, 2703, 210, 6.53%, 132, 1, 8, 5597.39
1571402808, 0, 2774, 3401, 2710, 210, 6.53%, 132, 1, 8, 5564.62
1571402813, 0, 2791, 3411, 2717, 211, 6.55%, 132, 1, 8, 5563.64
1571402818, 0, 2795, 3419, 2723, 209, 6.56%, 132, 1, 8, 5421.70
1571402824, 0, 2802, 3423, 2726, 211, 6.56%, 133, 1, 8, 5398.30
1571402829, 0, 2802, 3428, 2731, 211, 6.56%, 133, 1, 8, 5287.82
1571402834, 0, 2808, 3433, 2733, 209, 6.56%, 133, 1, 8, 5468.21
1571402839, 0, 2808, 3434, 2734, 209, 6.56%, 133, 1, 8, 5487.85
1571402844, 0, 2834, 3439, 2735, 206, 6.56%, 133, 1, 8, 5577.59
1571402849, 0, 2835, 3445, 2740, 205, 6.56%, 133, 1, 8, 5603.55
1571402854, 0, 2837, 3447, 2740, 203, 6.56%, 133, 1, 8, 5640.11
1571402859, 0, 2856, 3457, 2744, 198, 6.57%, 133, 1, 8, 5640.42
1571402864, 0, 2874, 3471, 2755, 204, 6.59%, 133, 1, 8, 5622.07
1571402870, 0, 2877, 3478, 2761, 207, 6.60%, 133, 1, 8, 5637.47
1571402875, 0, 2887, 3486, 2767, 205, 6.61%, 133, 1, 8, 5603.20
1571402880, 0, 2894, 3490, 2768, 207, 6.61%, 133, 1, 8, 5553.36
1571402885, 0, 2906, 3494, 2769, 204, 6.61%, 134, 1, 8, 5607.09
1571402890, 0, 2913, 3501, 2773, 204, 6.62%, 134, 1, 8, 5592.25
1571402895, 0, 2913, 3505, 2777, 204, 6.62%, 135, 1, 8, 5588.01
1571402900, 0, 2916, 3506, 2776, 204, 6.62%, 135, 1, 8, 5436.00
1571402905, 0, 2928, 3508, 2772, 199, 6.62%, 135, 1, 8, 5597.14
1571402910, 0, 2933, 3515, 2776, 197, 6.62%, 137, 1, 8, 5605.95
1571402915, 0, 2939, 3520, 2779, 196, 6.66%, 138, 1, 8, 5648.75
1571402920, 0, 2939, 3536, 2795, 196, 6.73%, 138, 1, 8, 5653.60
1571402925, 0, 2946, 3545, 2802, 203, 6.78%, 138, 1, 8, 5644.80
1571402930, 0, 2953, 3545, 2797, 198, 6.78%, 138, 1, 8, 5569.74
1571402936, 0, 2960, 3546, 2793, 193, 6.78%, 138, 1, 8, 5533.38
1571402941, 0, 2963, 3551, 2796, 195, 6.79%, 139, 1, 8, 5332.80
1571402946, 0, 2966, 3552, 2795, 193, 6.79%, 139, 1, 8, 5312.49
1571402951, 0, 2967, 3553, 2795, 192, 6.79%, 139, 1, 8, 5222.62
1571402956, 0, 2969, 3553, 2793, 190, 6.79%, 139, 1, 8, 5230.34
1571402961, 0, 2974, 3558, 2796, 189, 6.79%, 140, 1, 8, 5195.20
1571402966, 0, 2974, 3562, 2800, 189, 6.79%, 140, 1, 8, 5299.51
1571402971, 0, 2985, 3566, 2801, 188, 6.80%, 141, 1, 8, 5422.21
1571402976, 0, 2987, 3569, 2802, 187, 6.80%, 141, 1, 8, 5499.22
1571402981, 0, 2992, 3569, 2798, 184, 6.80%, 141, 1, 8, 5436.68
1571402986, 0, 3003, 3570, 2795, 181, 6.80%, 141, 1, 8, 5418.78
1571402991, 0, 3017, 3573, 2795, 178, 6.80%, 141, 1, 8, 5490.58
1571402997, 0, 3022, 3575, 2794, 175, 6.80%, 142, 1, 8, 5487.56
1571403002, 0, 3027, 3579, 2794, 176, 6.82%, 142, 1, 8, 5584.56
1571403007, 0, 3028, 3585, 2799, 175, 6.82%, 142, 1, 8, 5541.49
1571403012, 0, 3036, 3590, 2801, 173, 6.83%, 143, 1, 8, 5543.37
1571403017, 0, 3039, 3597, 2806, 176, 6.85%, 143, 1, 8, 5563.01
1571403022, 0, 3040, 3604, 2812, 178, 6.85%, 143, 1, 8, 5554.07
1571403027, 0, 3064, 3608, 2812, 176, 6.85%, 143, 1, 8, 5455.00
1571403032, 0, 3082, 3616, 2819, 175, 6.85%, 143, 1, 8, 5480.10
1571403037, 0, 3098, 3622, 2823, 175, 6.86%, 143, 1, 8, 5484.17
1571403042, 0, 3117, 3624, 2822, 174, 6.86%, 143, 1, 8, 5355.14
1571403048, 0, 3119, 3638, 2835, 173, 6.87%, 143, 1, 8, 5184.11
1571403053, 0, 3126, 3658, 2854, 175, 6.87%, 144, 1, 8, 5028.16
1571403058, 0, 3129, 3680, 2875, 176, 6.91%, 144, 1, 8, 5086.21
1571403063, 0, 3135, 3703, 2897, 175, 6.91%, 144, 1, 8, 5027.78
1571403068, 0, 3140, 3707, 2900, 176, 6.91%, 144, 1, 8, 4903.44
1571403073, 0, 3140, 3714, 2907, 176, 6.93%, 144, 1, 8, 4775.93
1571403078, 0, 3142, 3715, 2907, 177, 6.93%, 144, 1, 8, 4903.75
1571403083, 0, 3142, 3718, 2910, 177, 6.93%, 144, 1, 8, 5116.45
1571403088, 0, 3148, 3724, 2914, 176, 6.93%, 144, 1, 8, 5275.22
1571403093, 0, 3149, 3728, 2917, 177, 6.94%, 144, 1, 8, 5352.00
1571403098, 0, 3158, 3730, 2916, 174, 6.94%, 144, 1, 8, 5149.79
1571403103, 0, 3163, 3733, 2917, 173, 6.94%, 147, 1, 8, 5185.45
1571403108, 0, 3163, 3736, 2920, 173, 6.94%, 153, 1, 8, 5170.35
1571403113, 0, 3180, 3738, 2919, 171, 6.94%, 154, 1, 8, 5301.12
1571403119, 0, 3189, 3742, 2920, 169, 6.94%, 154, 1, 8, 5509.59
1571403124, 0, 3201, 3747, 2921, 165, 6.94%, 154, 1, 8, 5566.75
1571403129, 0, 3207, 3758, 2929, 167, 7.00%, 154, 1, 8, 5516.38
1571403134, 0, 3210, 3765, 2935, 171, 7.01%, 154, 1, 8, 5495.54
1571403139, 0, 3219, 3772, 2939, 169, 7.01%, 154, 1, 8, 5433.36
1571403144, 0, 3223, 3776, 2941, 168, 7.01%, 157, 1, 8, 5515.81
1571403149, 0, 3228, 3779, 2941, 166, 7.01%, 157, 1, 8, 5529.10
1571403154, 0, 3229, 3784, 2945, 165, 7.02%, 157, 1, 8, 5488.92
1571403159, 0, 3231, 3787, 2946, 166, 7.02%, 157, 1, 8, 5477.98
1571403164, 0, 3231, 3792, 2951, 166, 7.02%, 158, 1, 8, 5499.28
1571403169, 0, 3236, 3795, 2951, 165, 7.03%, 158, 1, 8, 5478.18
1571403174, 0, 3243, 3807, 2960, 166, 7.04%, 158, 1, 8, 5484.10
1571403180, 0, 3252, 3811, 2962, 170, 7.04%, 158, 1, 8, 5457.65
1571403185, 0, 3262, 3813, 2960, 166, 7.04%, 159, 1, 8, 5438.40
1571403190, 0, 3269, 3813, 2959, 165, 7.04%, 159, 1, 8, 5160.55
1571403195, 0, 3275, 3815, 2960, 164, 7.04%, 159, 1, 8, 5051.26
1571403200, 0, 3275, 3819, 2964, 164, 7.04%, 159, 1, 8, 5058.90
1571403205, 0, 3281, 3824, 2967, 162, 7.04%, 159, 1, 8, 5173.54
1571403210, 0, 3305, 3827, 2967, 162, 7.04%, 159, 1, 8, 5223.39
1571403215, 0, 3308, 3831, 2969, 160, 7.04%, 159, 1, 8, 5441.03
1571403220, 0, 3319, 3834, 2971, 159, 7.05%, 159, 1, 9, 5538.67
1571403226, 0, 3327, 3840, 2975, 162, 7.06%, 159, 1, 9, 5565.93
1571403231, 0, 3331, 3844, 2976, 161, 7.07%, 159, 1, 9, 5598.35
1571403236, 0, 3336, 3846, 2975, 158, 7.07%, 159, 1, 9, 5600.30
1571403241, 0, 3341, 3855, 2981, 161, 7.08%, 159, 1, 9, 5571.86
1571403246, 0, 3345, 3859, 2983, 160, 7.08%, 159, 1, 9, 5534.25
1571403251, 0, 3355, 3861, 2984, 160, 7.08%, 159, 1, 9, 5375.69
1571403256, 0, 3355, 3866, 2989, 160, 7.08%, 159, 1, 9, 5278.63
1571403261, 0, 3360, 3866, 2987, 159, 7.08%, 159, 1, 9, 5230.37
1571403266, 0, 3360, 3870, 2991, 159, 7.09%, 160, 1, 9, 5273.26
1571403271, 0, 3362, 3880, 3000, 161, 7.14%, 160, 1, 9, 5212.98
1571403277, 0, 3364, 3880, 2999, 169, 7.14%, 160, 1, 9, 5377.13
1571403282, 0, 3365, 3884, 3002, 168, 7.16%, 160, 1, 9, 5086.18
1571403287, 0, 3366, 3887, 3004, 169, 7.16%, 160, 1, 9, 5046.01
1571403292, 0, 3366, 3889, 3006, 169, 7.16%, 160, 1, 9, 5044.93
1571403297, 0, 3367, 3892, 3008, 168, 7.16%, 160, 1, 9, 5088.15
1571403302, 0, 3381, 3897, 3011, 169, 7.16%, 160, 1, 9, 5381.49
1571403307, 0, 3386, 3901, 3013, 168, 7.17%, 162, 1, 9, 5439.89
1571403312, 0, 3402, 3904, 3013, 167, 7.18%, 163, 1, 9, 5505.06
1571403317, 0, 3403, 3908, 3016, 166, 7.20%, 163, 1, 9, 5522.87
1571403322, 0, 3412, 3912, 3017, 165, 7.21%, 163, 1, 9, 5372.42
1571403327, 0, 3422, 3918, 3021, 164, 7.21%, 164, 1, 9, 5298.00
1571403332, 0, 3422, 3922, 3025, 164, 7.21%, 164, 1, 9, 5246.81
1571403338, 0, 3452, 3928, 3029, 167, 7.21%, 164, 1, 9, 5405.38
1571403343, 0, 3461, 3933, 3030, 164, 7.21%, 164, 1, 9, 5559.79
1571403348, 0, 3467, 3938, 3033, 164, 7.22%, 164, 1, 9, 5526.07
1571403353, 0, 3472, 3943, 3036, 162, 7.22%, 164, 1, 9, 5501.08
1571403358, 0, 3475, 3945, 3035, 159, 7.22%, 164, 2, 9, 5520.08
1571403363, 0, 3476, 3949, 3038, 159, 7.22%, 164, 2, 9, 5478.79
1571403368, 0, 3479, 3952, 3040, 159, 7.22%, 164, 2, 9, 5482.43
1571403373, 0, 3483, 3955, 3041, 157, 7.22%, 164, 2, 9, 5359.36
1571403378, 0, 3495, 3958, 3042, 155, 7.22%, 164, 2, 9, 5445.42
1571403383, 0, 3508, 3959, 3038, 152, 7.23%, 165, 2, 9, 5592.12
1571403388, 0, 3519, 3967, 3044, 150, 7.23%, 165, 2, 9, 5511.07
1571403393, 0, 3534, 3975, 3049, 150, 7.25%, 165, 2, 9, 5436.03
1571403398, 0, 3539, 3996, 3069, 155, 7.26%, 165, 2, 9, 5431.44
1571403403, 0, 3546, 3998, 3068, 153, 7.26%, 166, 2, 9, 5474.19
1571403409, 0, 3547, 3998, 3067, 152, 7.26%, 166, 2, 9, 5324.71
1571403414, 0, 3549, 3998, 3065, 150, 7.26%, 166, 2, 9, 5294.08
1571403419, 0, 3561, 4013, 3078, 153, 7.29%, 167, 2, 9, 5247.37
1571403424, 0, 3565, 4019, 3082, 160, 7.30%, 167, 2, 9, 5413.08
1571403429, 0, 3574, 4019, 3079, 157, 7.30%, 167, 2, 9, 5511.69
1571403434, 0, 3576, 4022, 3080, 155, 7.30%, 167, 2, 9, 5555.06
1571403439, 0, 3588, 4026, 3081, 152, 7.31%, 167, 2, 9, 5499.73
1571403444, 0, 3592, 4028, 3080, 150, 7.31%, 167, 2, 9, 5610.62
1571403450, 0, 3595, 4032, 3083, 149, 7.31%, 167, 2, 9, 5556.61
1571403455, 0, 3600, 4034, 3082, 147, 7.31%, 167, 2, 9, 5578.83
1571403460, 0, 3604, 4039, 3085, 145, 7.31%, 167, 2, 9, 5592.66
1571403465, 0, 3616, 4044, 3089, 145, 7.32%, 167, 2, 9, 5574.26
1571403470, 0, 3618, 4050, 3093, 145, 7.32%, 167, 2, 9, 5496.80
1571403475, 0, 3619, 4054, 3096, 144, 7.32%, 167, 2, 9, 5487.31
1571403480, 0, 3652, 4064, 3105, 144, 7.32%, 167, 2, 9, 5200.60
1571403485, 0, 3653, 4070, 3110, 144, 7.32%, 167, 2, 9, 4979.11
1571403490, 0, 3667, 4082, 3121, 143, 7.32%, 167, 2, 9, 4731.20
1571403495, 0, 3678, 4104, 3142, 143, 7.32%, 167, 2, 9, 4831.42
1571403500, 0, 3680, 4119, 3156, 143, 7.32%, 167, 2, 9, 4951.54
1571403505, 0, 3680, 4127, 3164, 143, 7.32%, 167, 2, 9, 5041.52
1571403511, 0, 3707, 4132, 3167, 142, 7.34%, 167, 2, 9, 4863.34
1571403516, 0, 3707, 4140, 3175, 142, 7.35%, 167, 2, 9, 4771.55
1571403521, 0, 3717, 4143, 3177, 147, 7.35%, 167, 2, 9, 4915.51
1571403526, 0, 3722, 4147, 3180, 146, 7.36%, 167, 2, 9, 5200.37
1571403531, 0, 3730, 4153, 3183, 149, 7.37%, 169, 2, 9, 5255.88
1571403536, 0, 3748, 4155, 3182, 146, 7.37%, 169, 2, 9, 5502.96
1571403541, 0, 3753, 4159, 3182, 143, 7.37%, 169, 2, 9, 5543.67
1571403546, 0, 3754, 4166, 3188, 142, 7.38%, 169, 2, 9, 5534.20
1571403551, 0, 3759, 4168, 3188, 142, 7.38%, 169, 2, 9, 5449.50
1571403556, 0, 3763, 4171, 3190, 142, 7.38%, 169, 2, 9, 5493.93
1571403562, 0, 3765, 4179, 3197, 141, 7.38%, 169, 2, 9, 5456.91
1571403567, 0, 3783, 4181, 3196, 140, 7.38%, 169, 2, 9, 5510.18
1571403572, 0, 3786, 4183, 3196, 138, 7.38%, 169, 2, 9, 5530.51
1571403577, 0, 3793, 4189, 3200, 136, 7.38%, 170, 2, 9, 5521.37
1571403582, 0, 3796, 4190, 3199, 134, 7.38%, 170, 2, 9, 5523.70
1571403587, 0, 3803, 4193, 3199, 132, 7.38%, 170, 2, 9, 5528.33
1571403592, 0, 3807, 4196, 3198, 129, 7.39%, 170, 2, 9, 5547.38
1571403597, 0, 3819, 4198, 3199, 128, 7.39%, 170, 2, 9, 5258.32
1571403602, 0, 3819, 4201, 3202, 128, 7.39%, 170, 2, 9, 5036.47
1571403607, 0, 3824, 4203, 3202, 127, 7.39%, 170, 2, 9, 5253.61
1571403612, 0, 3835, 4205, 3202, 126, 7.40%, 170, 2, 10, 5365.55
1571403617, 0, 3841, 4205, 3198, 123, 7.40%, 171, 2, 10, 5475.52
1571403622, 0, 3846, 4208, 3199, 121, 7.40%, 171, 2, 10, 5592.82
1571403627, 0, 3849, 4212, 3200, 118, 7.41%, 171, 2, 10, 5605.13
1571403633, 0, 3854, 4215, 3200, 117, 7.41%, 171, 2, 10, 5448.53
1571403638, 0, 3858, 4219, 3203, 119, 7.42%, 171, 2, 10, 5395.51
1571403643, 0, 3858, 4224, 3208, 119, 7.42%, 171, 2, 10, 5434.96
1571403648, 0, 3861, 4226, 3209, 120, 7.42%, 171, 2, 10, 5426.59
1571403653, 0, 3866, 4228, 3210, 119, 7.42%, 172, 2, 10, 5344.89
1571403658, 0, 3867, 4230, 3211, 118, 7.42%, 172, 2, 10, 5433.72
1571403663, 0, 3869, 4231, 3211, 118, 7.43%, 172, 2, 10, 5403.14
1571403668, 0, 3870, 4234, 3213, 118, 7.44%, 172, 2, 10, 5261.74
1571403673, 0, 3871, 4236, 3214, 118, 7.44%, 172, 2, 10, 5220.82
1571403679, 0, 3872, 4238, 3215, 118, 7.44%, 172, 2, 10, 5231.80
1571403684, 0, 3872, 4241, 3218, 118, 7.46%, 172, 2, 10, 5226.38
1571403689, 0, 3873, 4244, 3220, 119, 7.46%, 172, 2, 10, 5212.89
1571403694, 0, 3874, 4245, 3220, 118, 7.46%, 172, 2, 10, 5213.70
1571403699, 0, 3875, 4246, 3220, 117, 7.46%, 172, 2, 10, 5230.59
1571403704, 0, 3876, 4247, 3220, 116, 7.46%, 172, 2, 10, 5250.55
1571403709, 0, 3877, 4249, 3221, 116, 7.46%, 172, 2, 10, 5180.01
1571403714, 0, 3879, 4250, 3221, 116, 7.47%, 172, 2, 10, 5174.86
1571403719, 0, 3880, 4250, 3220, 116, 7.47%, 172, 2, 10, 5127.59
1571403724, 0, 3881, 4250, 3219, 115, 7.47%, 172, 2, 10, 5032.82
1571403730, 0, 3881, 4252, 3221, 115, 7.47%, 172, 2, 10, 5044.48
1571403735, 0, 3883, 4255, 3223, 114, 7.47%, 172, 2, 10, 5080.40
1571403740, 0, 3889, 4258, 3225, 115, 7.48%, 172, 2, 10, 5115.48
1571403745, 0, 3891, 4263, 3229, 115, 7.48%, 172, 2, 10, 5196.88
1571403750, 0, 3899, 4266, 3230, 117, 7.49%, 172, 2, 10, 5459.01
1571403755, 0, 3909, 4270, 3231, 117, 7.50%, 172, 2, 10, 5398.53
1571403760, 0, 3913, 4274, 3234, 116, 7.50%, 172, 2, 10, 5422.79
1571403765, 0, 3915, 4277, 3236, 116, 7.50%, 172, 2, 10, 5296.99
1571403770, 0, 3916, 4280, 3238, 115, 7.50%, 172, 2, 10, 5257.26
1571403775, 0, 3917, 4282, 3239, 115, 7.50%, 172, 2, 10, 5215.68
1571403781, 0, 3922, 4284, 3239, 115, 7.50%, 175, 2, 10, 5272.05
1571403786, 0, 3932, 4292, 3244, 112, 7.50%, 175, 2, 10, 5383.17
1571403791, 0, 3932, 4300, 3252, 112, 7.50%, 175, 2, 10, 5376.61
1571403796, 0, 3944, 4303, 3252, 110, 7.51%, 175, 2, 10, 5485.26
1571403801, 0, 3959, 4307, 3252, 108, 7.51%, 176, 2, 10, 5452.77
1571403806, 0, 3962, 4318, 3262, 108, 7.52%, 176, 2, 10, 5516.86
1571403811, 0, 3964, 4328, 3271, 110, 7.52%, 176, 2, 10, 5544.61
1571403816, 0, 3966, 4335, 3277, 110, 7.53%, 177, 2, 10, 5510.13
1571403821, 0, 3968, 4345, 3286, 112, 7.53%, 177, 2, 10, 5472.36
1571403826, 0, 3971, 4349, 3288, 111, 7.53%, 177, 2, 10, 5473.65
1571403831, 0, 3983, 4355, 3292, 109, 7.53%, 177, 2, 10, 5463.92
1571403837, 0, 3984, 4357, 3293, 109, 7.53%, 177, 2, 10, 5455.04
1571403842, 0, 3986, 4358, 3292, 107, 7.53%, 177, 2, 10, 5464.99
1571403847, 0, 3997, 4362, 3295, 106, 7.53%, 178, 2, 10, 5522.37
1571403852, 0, 3998, 4364, 3296, 105, 7.53%, 178, 2, 10, 5316.16
1571403857, 0, 3999, 4367, 3298, 104, 7.53%, 178, 2, 10, 5270.09
1571403862, 0, 4002, 4368, 3298, 103, 7.53%, 178, 2, 10, 5162.22
1571403867, 0, 4006, 4368, 3296, 101, 7.53%, 178, 2, 10, 5190.04
1571403872, 0, 4008, 4368, 3295, 100, 7.53%, 178, 2, 10, 5258.18
1571403877, 0, 4010, 4372, 3297, 98, 7.53%, 178, 2, 10, 5320.38
1571403882, 0, 4012, 4377, 3301, 98, 7.53%, 178, 2, 10, 5318.77
1571403887, 0, 4013, 4377, 3300, 97, 7.53%, 178, 2, 10, 5335.47
1571403892, 0, 4015, 4381, 3303, 96, 7.53%, 178, 2, 10, 5338.25
1571403898, 0, 4016, 4384, 3305, 95, 7.54%, 178, 2, 10, 5270.55
1571403903, 0, 4017, 4385, 3305, 94, 7.54%, 178, 2, 10, 5306.92
1571403908, 0, 4037, 4388, 3305, 92, 7.54%, 178, 2, 10, 5487.41
1571403913, 0, 4041, 4395, 3311, 91, 7.54%, 178, 2, 10, 5536.87
1571403918, 0, 4052, 4397, 3311, 90, 7.54%, 178, 2, 10, 5540.30
1571403923, 0, 4055, 4407, 3320, 89, 7.55%, 178, 2, 10, 5198.55
1571403928, 0, 4059, 4416, 3328, 89, 7.55%, 179, 2, 10, 5005.35
1571403933, 0, 4080, 4423, 3334, 88, 7.55%, 179, 2, 10, 4693.16
1571403938, 0, 4080, 4432, 3343, 88, 7.55%, 179, 2, 10, 4884.15
1571403943, 0, 4130, 4433, 3342, 88, 7.55%, 179, 2, 10, 4836.35
1571403948, 0, 4130, 4435, 3344, 88, 7.55%, 179, 2, 10, 4697.91
1571403953, 0, 4131, 4437, 3345, 88, 7.55%, 179, 2, 10, 4725.33
1571403959, 0, 4131, 4441, 3349, 88, 7.55%, 179, 2, 10, 4738.88
1571403964, 0, 4132, 4442, 3349, 89, 7.56%, 179, 2, 10, 4679.06
1571403969, 0, 4132, 4445, 3352, 89, 7.56%, 179, 2, 10, 4729.91
1571403974, 0, 4133, 4447, 3353, 90, 7.56%, 179, 2, 10, 4719.73
1571403979, 0, 4133, 4451, 3357, 90, 7.56%, 179, 2, 10, 4732.54
1571403984, 0, 4136, 4455, 3360, 90, 7.56%, 179, 2, 10, 4997.82
1571403989, 0, 4147, 4463, 3366, 89, 7.57%, 179, 2, 10, 5203.65
1571403994, 0, 4148, 4468, 3370, 90, 7.57%, 179, 2, 10, 5361.03
1571403999, 0, 4150, 4469, 3369, 89, 7.57%, 179, 2, 10, 5335.28
1571404005, 0, 4160, 4470, 3366, 85, 7.57%, 179, 2, 10, 5479.18
1571404010, 0, 4160, 4482, 3378, 85, 7.57%, 180, 2, 10, 5451.12
1571404015, 0, 4172, 4486, 3379, 83, 7.57%, 180, 2, 10, 5518.42
1571404020, 0, 4191, 4488, 3379, 83, 7.57%, 180, 2, 10, 5489.50
1571404025, 0, 4200, 4488, 3377, 81, 7.57%, 180, 2, 10, 5180.35
1571404030, 0, 4204, 4491, 3378, 80, 7.58%, 180, 2, 11, 5280.34
1571404035, 0, 4214, 4495, 3379, 79, 7.59%, 180, 2, 11, 5445.94
1571404040, 0, 4217, 4500, 3383, 80, 7.61%, 181, 2, 11, 5319.85
1571404045, 0, 4219, 4503, 3385, 85, 7.61%, 185, 2, 11, 5379.79
1571404050, 0, 4229, 4505, 3386, 84, 7.61%, 185, 2, 11, 5426.81
1571404056, 0, 4230, 4507, 3387, 83, 7.61%, 186, 2, 11, 5286.40
1571404061, 0, 4233, 4508, 3387, 82, 7.61%, 186, 2, 11, 5304.33
1571404066, 0, 4233, 4510, 3389, 82, 7.61%, 186, 2, 11, 5205.99
1571404071, 0, 4236, 4511, 3389, 82, 7.62%, 186, 2, 11, 5174.76
1571404076, 0, 4240, 4516, 3393, 82, 7.63%, 186, 2, 11, 5148.28
1571404081, 0, 4242, 4516, 3392, 83, 7.63%, 186, 2, 11, 5224.49
1571404086, 0, 4242, 4518, 3394, 83, 7.63%, 186, 2, 11, 5268.08
1571404091, 0, 4247, 4521, 3396, 83, 7.63%, 186, 2, 11, 5208.73
1571404096, 0, 4248, 4523, 3397, 84, 7.63%, 186, 2, 11, 5163.97
1571404101, 0, 4249, 4525, 3398, 83, 7.64%, 186, 2, 11, 5108.23
1571404106, 0, 4254, 4526, 3398, 84, 7.64%, 186, 2, 11, 5147.08
1571404112, 0, 4254, 4528, 3400, 84, 7.64%, 186, 2, 11, 5037.16
1571404117, 0, 4256, 4539, 3410, 83, 7.68%, 186, 2, 11, 4925.43
1571404122, 0, 4258, 4540, 3410, 92, 7.68%, 187, 2, 11, 5082.80
1571404127, 0, 4259, 4542, 3411, 91, 7.68%, 187, 2, 11, 5139.74
1571404132, 0, 4261, 4544, 3412, 90, 7.68%, 188, 2, 11, 5306.76
1571404137, 0, 4263, 4546, 3413, 90, 7.68%, 188, 2, 11, 5188.44
1571404142, 0, 4264, 4551, 3417, 89, 7.68%, 189, 2, 11, 5308.89
1571404147, 0, 4267, 4553, 3418, 89, 7.68%, 189, 2, 11, 5340.93
1571404152, 0, 4268, 4556, 3420, 88, 7.68%, 190, 2, 11, 5290.97
1571404157, 0, 4279, 4557, 3419, 86, 7.68%, 190, 2, 11, 5243.20
1571404162, 0, 4282, 4558, 3419, 86, 7.68%, 190, 2, 11, 5314.43
1571404167, 0, 4291, 4560, 3419, 84, 7.68%, 191, 2, 11, 5308.36
1571404172, 0, 4291, 4566, 3425, 84, 7.68%, 191, 2, 11, 5370.02
1571404177, 0, 4306, 4570, 3427, 83, 7.68%, 191, 2, 11, 5477.65
1571404183, 0, 4308, 4576, 3432, 82, 7.68%, 192, 2, 11, 5528.55
1571404188, 0, 4316, 4592, 3445, 82, 7.68%, 192, 2, 11, 5439.34
1571404193, 0, 4317, 4603, 3455, 81, 7.68%, 192, 2, 11, 5428.47
1571404198, 0, 4325, 4612, 3463, 80, 7.68%, 192, 2, 11, 5446.67
1571404203, 0, 4329, 4619, 3469, 80, 7.69%, 192, 2, 11, 5406.93
1571404208, 0, 4353, 4622, 3470, 77, 7.69%, 192, 2, 11, 5498.33
1571404213, 0, 4353, 4624, 3472, 77, 7.69%, 192, 2, 11, 5448.84
1571404218, 0, 4381, 4628, 3474, 75, 7.69%, 192, 2, 11, 5337.03
1571404223, 0, 4382, 4637, 3482, 78, 7.69%, 192, 2, 11, 5333.21
1571404228, 0, 4385, 4641, 3485, 78, 7.70%, 192, 2, 11, 5462.27
1571404234, 0, 4389, 4647, 3490, 77, 7.70%, 192, 2, 11, 5533.55
1571404239, 0, 4420, 4647, 3488, 76, 7.70%, 192, 2, 11, 5129.25
1571404244, 0, 4434, 4647, 3487, 75, 7.70%, 192, 2, 11, 5002.45
1571404249, 0, 4435, 4647, 3486, 74, 7.70%, 192, 2, 11, 4890.97
1571404259, 0, 4436, 4650, 3488, 73, 7.70%, 192, 2, 11, 4761.76
1571404264, 0, 4436, 4652, 3490, 73, 7.70%, 192, 2, 11, 4776.65
1571404269, 0, 4438, 4652, 3489, 72, 7.70%, 192, 2, 11, 4787.74
1571404274, 0, 4441, 4653, 3489, 71, 7.70%, 192, 2, 11, 4798.11
1571404285, 0, 4443, 4658, 3493, 72, 7.70%, 192, 2, 11, 4750.04
1571404295, 0, 4450, 4664, 3498, 71, 7.70%, 192, 2, 11, 4840.64
1571404300, 0, 4462, 4666, 3498, 70, 7.70%, 192, 2, 11, 5114.85
1571404305, 0, 4468, 4667, 3497, 69, 7.71%, 192, 2, 11, 5271.91
1571404310, 0, 4484, 4669, 3497, 67, 7.71%, 192, 2, 11, 5430.04
1571404315, 0, 4488, 4670, 3496, 65, 7.71%, 193, 2, 11, 5302.48
1571404320, 0, 4489, 4672, 3497, 64, 7.71%, 193, 2, 11, 5154.12
1571404325, 0, 4493, 4673, 3496, 62, 7.71%, 193, 2, 12, 5314.94
1571404330, 0, 4495, 4675, 3496, 60, 7.71%, 193, 2, 12, 5302.22
1571404336, 0, 4496, 4676, 3496, 60, 7.71%, 195, 2, 12, 5384.69
1571404341, 0, 4499, 4676, 3494, 58, 7.71%, 195, 2, 12, 5380.92
1571404346, 0, 4500, 4676, 3493, 57, 7.71%, 195, 2, 12, 5403.67
1571404351, 0, 4509, 4677, 3492, 55, 7.71%, 195, 2, 12, 5375.27
1571404356, 0, 4509, 4682, 3497, 55, 7.71%, 195, 2, 12, 5223.84
1571404361, 0, 4510, 4682, 3496, 55, 7.71%, 195, 2, 12, 5177.45
1571404366, 0, 4513, 4686, 3499, 56, 7.71%, 196, 2, 12, 5119.26
1571404371, 0, 4513, 4690, 3503, 56, 7.72%, 196, 2, 12, 5176.23
1571404376, 0, 4514, 4693, 3505, 59, 7.73%, 196, 2, 12, 5173.04
1571404381, 0, 4514, 4695, 3507, 59, 7.73%, 196, 2, 12, 5148.49
1571404386, 0, 4516, 4697, 3508, 60, 7.73%, 196, 2, 12, 5258.45
1571404391, 0, 4518, 4697, 3507, 59, 7.73%, 196, 2, 12, 5229.53
1571404397, 0, 4522, 4699, 3508, 58, 7.74%, 196, 2, 12, 5175.83
1571404402, 0, 4523, 4700, 3508, 59, 7.74%, 196, 2, 12, 5142.20
1571404407, 0, 4524, 4701, 3508, 58, 7.75%, 196, 2, 12, 5212.47
1571404412, 0, 4529, 4701, 3507, 58, 7.75%, 196, 2, 12, 5185.02
1571404417, 0, 4529, 4702, 3508, 58, 7.75%, 196, 2, 12, 5069.59
1571404422, 0, 4531, 4702, 3506, 56, 7.75%, 196, 2, 12, 5013.25
1571404427, 0, 4532, 4702, 3505, 55, 7.75%, 196, 2, 12, 5014.50
1571404432, 0, 4532, 4703, 3506, 55, 7.75%, 196, 2, 12, 5054.53
1571404437, 0, 4534, 4703, 3504, 53, 7.75%, 196, 2, 12, 4998.51
1571404442, 0, 4534, 4704, 3505, 53, 7.75%, 196, 2, 12, 5038.56
1571404447, 0, 4536, 4704, 3503, 51, 7.75%, 196, 2, 12, 5030.39
1571404452, 0, 4536, 4705, 3504, 51, 7.75%, 196, 2, 12, 5059.44
1571404457, 0, 4538, 4705, 3502, 49, 7.75%, 196, 2, 12, 5038.20
1571404463, 0, 4544, 4705, 3501, 48, 7.75%, 197, 2, 12, 5003.15
1571404468, 0, 4544, 4708, 3504, 48, 7.75%, 198, 2, 12, 5203.89
1571404473, 0, 4557, 4709, 3503, 46, 7.75%, 198, 2, 12, 5333.14
1571404478, 0, 4570, 4713, 3506, 46, 7.75%, 198, 2, 12, 5496.60
1571404483, 0, 4577, 4714, 3504, 47, 7.75%, 198, 2, 12, 5489.82
1571404488, 0, 4618, 4718, 3507, 46, 7.75%, 198, 2, 12, 5418.83
1571404493, 0, 4624, 4724, 3511, 46, 7.75%, 198, 2, 12, 5465.02
1571404498, 0, 4624, 4726, 3513, 46, 7.75%, 198, 2, 12, 5373.61
1571404503, 0, 4629, 4727, 3512, 44, 7.75%, 198, 2, 12, 5339.99
1571404508, 0, 4629, 4733, 3518, 44, 7.75%, 198, 2, 12, 5325.85
1571404513, 0, 4638, 4740, 3524, 45, 7.75%, 198, 2, 12, 5338.66
1571404518, 0, 4641, 4748, 3531, 46, 7.76%, 199, 2, 12, 5470.31
1571404523, 0, 4653, 4749, 3531, 46, 7.76%, 199, 2, 12, 4979.98
1571404529, 0, 4653, 4751, 3533, 46, 7.76%, 199, 2, 12, 4776.17
1571404534, 0, 4654, 4755, 3536, 46, 7.76%, 199, 2, 12, 4785.42
1571404539, 0, 4661, 4755, 3535, 45, 7.76%, 199, 2, 12, 4845.21
1571404549, 0, 4674, 4757, 3535, 45, 7.77%, 199, 2, 12, 5251.86
1571404554, 0, 4678, 4757, 3533, 43, 7.77%, 200, 2, 12, 5322.63
1571404559, 0, 4682, 4758, 3533, 42, 7.77%, 200, 2, 13, 5211.55
1571404569, 0, 4685, 4759, 3533, 41, 7.77%, 200, 2, 13, 5163.41
1571404575, 0, 4685, 4761, 3535, 41, 7.77%, 200, 2, 13, 5184.19
1571404580, 0, 4688, 4763, 3536, 40, 7.78%, 200, 2, 13, 5106.52
1571404585, 0, 4689, 4765, 3537, 41, 7.78%, 201, 2, 13, 5091.54
1571404590, 0, 4690, 4766, 3537, 42, 7.78%, 201, 2, 13, 5090.38
1571404595, 0, 4691, 4767, 3537, 41, 7.79%, 201, 2, 13, 5055.75
1571404600, 0, 4692, 4767, 3536, 41, 7.79%, 201, 2, 13, 5089.38
1571404605, 0, 4692, 4773, 3542, 41, 7.80%, 201, 2, 13, 5192.34
1571404610, 0, 4693, 4773, 3541, 42, 7.80%, 201, 2, 13, 5075.82
1571404615, 0, 4697, 4773, 3540, 41, 7.80%, 201, 2, 13, 5125.04
1571404620, 0, 4699, 4781, 3547, 40, 7.83%, 201, 2, 13, 5077.47
1571404625, 0, 4700, 4782, 3547, 48, 7.83%, 201, 2, 13, 5163.78
1571404630, 0, 4708, 4782, 3546, 47, 7.83%, 201, 2, 13, 5283.44
1571404635, 0, 4712, 4784, 3546, 45, 7.83%, 201, 2, 13, 5415.75
1571404640, 0, 4713, 4788, 3549, 44, 7.83%, 201, 2, 13, 5456.02
1571404646, 0, 4716, 4788, 3547, 42, 7.83%, 201, 2, 13, 5367.36
1571404651, 0, 4719, 4797, 3555, 41, 7.83%, 201, 2, 13, 5419.89
1571404656, 0, 4724, 4804, 3561, 41, 7.83%, 201, 2, 13, 5341.16
1571404661, 0, 4727, 4809, 3565, 41, 7.84%, 201, 2, 13, 5285.96
1571404666, 0, 4738, 4812, 3567, 43, 7.84%, 201, 2, 13, 5338.35
1571404671, 0, 4742, 4814, 3567, 43, 7.84%, 201, 2, 13, 5387.03
1571404676, 0, 4752, 4819, 3571, 43, 7.84%, 201, 2, 13, 5379.48
1571404681, 0, 4755, 4821, 3572, 43, 7.84%, 201, 2, 13, 5097.07
1571404686, 0, 4761, 4822, 3571, 44, 7.85%, 201, 2, 13, 5153.01
1571404691, 0, 4762, 4822, 3570, 43, 7.85%, 201, 2, 13, 5071.39
1571404696, 0, 4765, 4822, 3569, 42, 7.85%, 201, 2, 13, 5055.78
1571404701, 0, 4765, 4823, 3570, 42, 7.85%, 201, 2, 14, 5020.23
1571404706, 0, 4766, 4823, 3569, 42, 7.85%, 201, 2, 14, 5097.90
1571404711, 0, 4770, 4824, 3569, 41, 7.85%, 201, 2, 14, 5080.22
1571404717, 0, 4772, 4824, 3568, 41, 7.85%, 202, 2, 14, 5059.45
1571404722, 0, 4773, 4824, 3567, 40, 7.85%, 202, 2, 14, 5093.15
1571404727, 0, 4774, 4825, 3567, 39, 7.85%, 202, 2, 14, 5103.36
1571404732, 0, 4775, 4826, 3567, 39, 7.85%, 203, 2, 14, 5044.66
1571404737, 0, 4776, 4826, 3566, 38, 7.85%, 203, 2, 14, 5099.78
1571404742, 0, 4777, 4826, 3565, 37, 7.85%, 203, 2, 14, 5115.76
1571404747, 0, 4778, 4827, 3565, 36, 7.86%, 203, 2, 14, 5117.83
1571404752, 0, 4779, 4827, 3564, 36, 7.86%, 203, 2, 14, 5111.92
1571404757, 0, 4780, 4828, 3564, 35, 7.86%, 203, 2, 14, 5114.17
1571404762, 0, 4792, 4831, 3566, 35, 7.86%, 203, 2, 14, 5362.15
1571404767, 0, 4802, 4873, 3606, 34, 7.86%, 203, 2, 14, 5230.22
1571404772, 0, 4805, 4888, 3620, 34, 7.86%, 203, 2, 14, 5241.17
1571404777, 0, 4806, 4888, 3619, 33, 7.86%, 203, 2, 14, 5298.33
1571404782, 0, 4809, 4888, 3617, 31, 7.86%, 203, 2, 14, 5302.91
1571404787, 0, 4815, 4890, 3618, 30, 7.86%, 203, 2, 14, 5350.69
1571404793, 0, 4818, 4892, 3619, 29, 7.86%, 203, 2, 14, 5250.97
1571404798, 0, 4819, 4893, 3619, 28, 7.86%, 203, 2, 14, 5171.49
1571404803, 0, 4821, 4894, 3618, 28, 7.86%, 203, 2, 14, 5210.85
1571404808, 0, 4822, 4895, 3618, 27, 7.87%, 203, 2, 15, 5230.76
1571404813, 0, 4823, 4896, 3618, 28, 7.87%, 203, 2, 15, 5125.90
1571404818, 0, 4824, 4896, 3617, 27, 7.87%, 203, 2, 15, 5065.19
1571404823, 0, 4826, 4896, 3616, 26, 7.87%, 203, 2, 15, 5030.33
1571404828, 0, 4827, 4896, 3615, 25, 7.87%, 203, 2, 15, 5068.52
1571404833, 0, 4846, 4897, 3615, 24, 7.87%, 203, 2, 15, 5097.51
1571404838, 0, 4849, 4901, 3618, 23, 7.87%, 203, 2, 15, 5253.32
1571404843, 0, 4853, 4905, 3621, 24, 7.87%, 203, 2, 15, 5058.59
1571404848, 0, 4863, 4912, 3627, 24, 7.87%, 203, 2, 15, 5228.43
1571404853, 0, 4863, 4922, 3637, 24, 7.87%, 204, 2, 15, 5330.04
1571404858, 0, 4892, 4924, 3637, 23, 7.87%, 204, 2, 15, 5315.90
1571404863, 0, 4894, 4927, 3638, 23, 7.88%, 204, 2, 16, 5266.46
1571404869, 0, 4895, 4928, 3638, 24, 7.88%, 204, 2, 16, 5204.33
1571404874, 0, 4895, 4931, 3641, 24, 7.88%, 204, 2, 16, 5278.73
1571404879, 0, 4903, 4931, 3639, 24, 7.88%, 204, 2, 16, 5279.30
1571404884, 0, 4903, 4934, 3642, 24, 7.88%, 204, 2, 16, 5291.17
1571404889, 0, 4925, 4934, 3640, 22, 7.88%, 204, 2, 16, 5330.49
1571404894, 0, 4926, 4934, 3639, 21, 7.88%, 204, 2, 16, 5223.27
1571404899, 0, 4927, 4934, 3638, 20, 7.88%, 204, 2, 16, 5242.36
1571404904, 0, 4928, 4935, 3638, 19, 7.88%, 204, 2, 17, 5216.03
1571404909, 0, 4930, 4936, 3638, 19, 7.88%, 204, 2, 17, 5224.09
1571404914, 0, 4934, 4936, 3637, 18, 7.88%, 204, 2, 17, 5234.51
1571404919, 1, 515, 4942, 3638, 13, 7.88%, 204, 2, 17, 5507.00
1571404924, 1, 801, 4942, 3636, 11, 7.88%, 204, 2, 17, 5559.06
1571404929, 1, 1046, 4942, 3634, 10, 7.88%, 204, 2, 17, 5288.76
1571404934, 1, 1046, 4951, 3643, 10, 7.88%, 204, 2, 17, 5226.04
1571404939, 1, 1047, 4952, 3643, 10, 7.88%, 204, 2, 17, 5019.41
1571404944, 1, 1047, 4955, 3646, 10, 7.88%, 204, 2, 17, 4915.06
1571404949, 1, 1102, 4966, 3656, 10, 7.88%, 204, 2, 17, 5047.60
1571404955, 1, 1594, 4968, 3654, 9, 7.88%, 204, 2, 17, 5350.00
1571404960, 1, 1694, 4977, 3662, 9, 7.88%, 204, 2, 17, 5451.03
1571404965, 1, 1702, 4985, 3669, 9, 7.88%, 204, 2, 17, 5509.34
1571404970, 1, 1777, 4987, 3670, 9, 7.88%, 204, 2, 17, 5414.23
1571404975, 1, 1777, 4989, 3672, 9, 7.88%, 204, 2, 17, 5366.68
1571404980, 1, 1835, 4990, 3671, 8, 7.88%, 204, 2, 17, 5236.10
1571404985, 1, 1930, 4996, 3676, 8, 7.88%, 204, 2, 17, 5299.56
1571404990, 1, 1930, 5000, 3680, 8, 7.88%, 204, 2, 17, 5427.90
1571404995, 1, 2127, 5001, 3679, 7, 7.88%, 205, 2, 17, 5522.36
1571405000, 1, 2248, 5001, 3675, 5, 7.88%, 205, 2, 17, 5420.54
1571405005, 1, 2587, 5001, 3674, 5, 7.88%, 205, 2, 17, 5057.61
1571405011, 1, 2842, 5002, 3672, 4, 7.88%, 205, 2, 17, 5406.40
1571405016, 1, 3053, 5008, 3676, 3, 7.88%, 206, 2, 17, 5485.66
1571405021, 1, 3217, 5011, 3678, 4, 7.89%, 207, 2, 17, 5457.21
1571405026, 1, 3431, 5013, 3677, 4, 7.89%, 207, 2, 17, 5465.03
1571405031, 1, 3431, 5025, 3689, 4, 7.89%, 208, 2, 17, 5429.29
1571405036, 1, 3573, 5030, 3692, 4, 7.89%, 208, 2, 17, 5505.43
1571405041, 1, 3587, 5035, 3696, 3, 7.89%, 208, 2, 17, 5513.24
1571405046, 1, 3601, 5039, 3699, 3, 7.89%, 208, 2, 17, 5578.93
1571405051, 1, 3622, 5039, 3698, 3, 7.89%, 208, 2, 17, 5190.31
1571405057, 1, 4079, 5045, 3703, 3, 7.89%, 209, 2, 17, 4977.28
1571405062, 1, 4079, 5068, 3726, 3, 7.89%, 209, 2, 17, 4797.31
1571405067, 1, 4602, 5072, 3728, 3, 7.89%, 209, 2, 17, 5155.36
1571405072, 1, 4602, 5077, 3733, 3, 7.89%, 209, 2, 17, 5342.48
1571405077, 1, 4655, 5077, 3732, 3, 7.89%, 209, 2, 17, 4810.02
1571405082, 1, 4655, 5084, 3739, 3, 7.89%, 209, 2, 17, 4729.12
1571405087, 1, 4726, 5088, 3742, 3, 7.89%, 209, 2, 17, 5104.39
1571405092, 1, 4788, 5094, 3747, 3, 7.89%, 209, 2, 17, 5272.02
1571405097, 1, 4788, 5098, 3751, 3, 7.89%, 209, 2, 17, 5349.23
1571405102, 1, 4812, 5099, 3751, 3, 7.89%, 210, 2, 17, 5380.75
1571405107, 1, 4881, 5122, 3772, 3, 7.89%, 210, 2, 17, 4128.67
1571405112, 1, 4900, 5143, 3792, 3, 7.89%, 210, 2, 17, 2761.84
1571405117, 1, 4994, 5149, 3797, 3, 7.89%, 210, 2, 17, 2824.17
1571405138, 1, 5002, 5152, 3799, 3, 7.89%, 210, 2, 17, 5362.29
1571405143, 1, 5010, 5154, 3800, 2, 7.89%, 211, 2, 17, 5409.44
1571405148, 1, 5043, 5156, 3801, 3, 7.89%, 211, 2, 17, 4906.47
1571405153, 1, 5044, 5169, 3813, 2, 7.89%, 211, 2, 17, 4815.02
1571405158, 1, 5075, 5184, 3827, 2, 7.89%, 211, 2, 17, 4980.16
1571405163, 1, 5075, 5189, 3832, 2, 7.89%, 211, 2, 17, 4989.37
1571405168, 1, 5075, 5194, 3837, 2, 7.90%, 211, 2, 17, 4964.32
1571405173, 1, 5152, 5194, 3836, 3, 7.90%, 211, 3, 17, 5241.91
1571405179, 1, 5152, 5197, 3839, 3, 7.90%, 212, 3, 17, 5352.33
1571405184, 1, 5153, 5199, 3840, 3, 7.90%, 212, 3, 17, 5296.38
1571405189, 1, 5189, 5201, 3841, 4, 7.91%, 213, 3, 17, 4775.18
1571405199, 1, 5194, 5203, 3842, 4, 7.91%, 214, 3, 17, 5065.38
1571405204, 1, 5197, 5207, 3845, 3, 7.91%, 216, 3, 17, 5399.84
1571405209, 1, 5197, 5210, 3848, 3, 7.91%, 217, 3, 17, 5423.15
1571405214, 1, 5199, 5212, 3849, 2, 7.91%, 217, 3, 17, 5241.57
1571405219, 1, 5200, 5212, 3848, 2, 7.91%, 217, 3, 17, 4596.48
1571405224, 1, 5200, 5214, 3850, 2, 7.91%, 217, 3, 17, 4622.69
1571405229, 1, 5201, 5215, 3850, 1, 7.91%, 217, 3, 17, 4634.89
1571405240, 1, 5211, 5221, 3855, 1, 7.91%, 217, 3, 17, 4983.38
1571405245, 1, 5211, 5225, 3859, 1, 7.91%, 218, 3, 17, 5162.90
1571405250, 1, 5222, 5233, 3866, 1, 7.95%, 218, 3, 17, 5173.18
1571405255, 1, 5225, 5233, 3865, 8, 7.95%, 218, 3, 17, 5165.27
1571405260, 1, 5226, 5235, 3866, 7, 7.95%, 218, 3, 17, 5154.63
1571405265, 1, 5227, 5236, 3866, 6, 7.95%, 218, 3, 17, 5195.15
1571405270, 1, 5227, 5237, 3867, 6, 7.95%, 218, 3, 17, 5158.25
1571405275, 1, 5228, 5237, 3866, 5, 7.95%, 218, 3, 17, 5156.60
1571405280, 1, 5229, 5239, 3867, 4, 7.95%, 218, 3, 17, 5126.95
1571405286, 1, 5230, 5240, 3867, 3, 7.95%, 218, 3, 17, 5174.11
1571405291, 1, 5230, 5241, 3868, 3, 7.95%, 218, 3, 17, 5176.67
1571405296, 1, 5231, 5241, 3867, 2, 7.95%, 218, 3, 17, 5120.70
1571405301, 1, 5232, 5241, 3866, 1, 7.95%, 218, 3, 17, 5077.67
1571405306, 1, 5234, 5243, 3867, 0, 7.95%, 218, 3, 17, 5183.67
1571405316, 1, 5234, 5245, 3869, 0, 7.95%, 220, 3, 17, 5214.36
1571405321, 1, 5236, 5245, 3868, 0, 7.95%, 221, 3, 17, 5045.03
1571405331, 1, 5237, 5250, 3872, 0, 7.95%, 221, 3, 17, 5001.66
1571405336, 1, 5237, 5250, 3872, 0, 7.95%, 222, 3, 17, 4770.54
1571405346, 1, 5237, 5252, 3874, 0, 7.95%, 222, 3, 17, 4855.22
1571405351, 1, 5238, 5252, 3873, 0, 7.95%, 222, 3, 17, 4924.11
1571405356, 1, 5244, 5255, 3875, 0, 7.95%, 223, 3, 17, 5163.52
1571405362, 1, 5244, 5256, 3876, 0, 7.95%, 223, 3, 17, 5103.12
1571405367, 1, 5244, 5257, 3877, 0, 7.95%, 223, 3, 17, 5086.87
1571405372, 1, 5244, 5258, 3878, 0, 7.95%, 223, 3, 17, 5179.05
1571405377, 1, 5246, 5258, 3877, 0, 7.95%, 223, 3, 17, 4909.59
1571405382, 1, 5246, 5260, 3879, 0, 7.95%, 225, 3, 17, 4984.12
1571405387, 1, 5259, 5261, 3879, 1, 7.95%, 227, 3, 17, 5200.62
1571405392, 1, 5259, 5264, 3882, 1, 7.95%, 228, 3, 17, 5295.38
1571405398, 1, 5260, 5265, 3882, 2, 7.95%, 229, 3, 17, 5104.34
1571405418, 1, 5260, 5270, 3887, 2, 7.95%, 233, 3, 17, 4572.57
1571405423, 1, 5262, 5272, 3888, 2, 7.95%, 234, 3, 18, 4930.91
1571405428, 1, 5264, 5272, 3887, 3, 7.95%, 235, 3, 18, 5205.49
1571405438, 1, 5264, 5276, 3891, 3, 7.96%, 239, 3, 18, 5263.27
1571405443, 1, 5270, 5278, 3892, 3, 7.96%, 239, 3, 19, 5218.98
1571405448, 1, 5271, 5278, 3891, 3, 7.96%, 242, 3, 19, 5204.86
1571405459, 1, 5271, 5281, 3894, 3, 7.96%, 245, 3, 19, 5234.97
1571405464, 1, 5275, 5281, 3893, 2, 7.96%, 245, 3, 19, 5219.82
1571405474, 1, 5275, 5289, 3901, 2, 7.96%, 254, 3, 19, 5191.64
1571405479, 1, 5277, 5289, 3900, 1, 7.96%, 257, 3, 19, 5171.44
1571405484, 1, 5277, 5290, 3901, 1, 7.96%, 257, 3, 20, 5156.26
1571405489, 1, 5279, 5290, 3900, 0, 7.96%, 258, 3, 20, 5116.26
1571405495, 1, 5279, 5291, 3901, 0, 7.96%, 262, 3, 20, 5119.67
1571405500, 1, 5281, 5291, 3900, 0, 7.96%, 269, 3, 20, 5102.09
1571405510, 1, 5281, 5293, 3902, 0, 7.96%, 274, 3, 20, 5061.53
1571405515, 1, 5281, 5295, 3904, 0, 7.96%, 280, 3, 20, 5042.52
1571405520, 1, 5282, 5295, 3903, 0, 7.96%, 281, 3, 20, 5212.88
1571405531, 1, 5283, 5296, 3903, 0, 7.96%, 281, 3, 20, 5191.46
1571405546, 1, 5284, 5296, 3902, 0, 7.96%, 281, 3, 20, 5048.71
1571405566, 1, 5284, 5299, 3905, 0, 7.96%, 287, 3, 20, 4981.63
1571405571, 1, 5286, 5301, 3906, 0, 7.96%, 288, 3, 20, 5146.50
1571405582, 1, 5286, 5305, 3910, 0, 7.96%, 288, 3, 20, 5164.00
1571405587, 1, 5287, 5307, 3911, 0, 7.96%, 288, 3, 20, 5264.19
1571405602, 1, 5288, 5307, 3910, 0, 7.96%, 288, 3, 20, 5373.51
1571405612, 1, 5288, 5309, 3912, 0, 7.96%, 288, 3, 20, 5304.60
1571405617, 1, 5294, 5309, 3911, 0, 7.96%, 289, 3, 20, 5134.12
1571405628, 1, 5294, 5314, 3916, 0, 7.96%, 290, 3, 21, 5067.27
1571405633, 1, 5304, 5318, 3919, 0, 7.96%, 296, 3, 21, 5022.32
1571405653, 1, 5304, 5325, 3926, 0, 7.96%, 297, 3, 21, 4910.60
1571405658, 1, 5306, 5329, 3929, 0, 7.96%, 297, 3, 21, 4992.71
1571405664, 1, 5306, 5330, 3930, 0, 7.96%, 297, 3, 21, 4999.84
1571405669, 1, 5306, 5332, 3932, 0, 7.96%, 297, 3, 21, 5019.76
1571405674, 1, 5306, 5336, 3936, 0, 7.96%, 298, 3, 21, 5039.38
1571405679, 1, 5309, 5336, 3935, 0, 7.96%, 299, 3, 21, 5016.90
1571405695, 1, 5309, 5339, 3938, 0, 7.96%, 299, 3, 22, 5040.52
1571405700, 1, 5312, 5339, 3937, 0, 7.96%, 299, 3, 22, 4986.14
1571405715, 1, 5312, 5340, 3938, 0, 7.96%, 306, 3, 22, 4928.07
1571405720, 1, 5323, 5340, 3937, 0, 7.96%, 310, 3, 22, 4989.33
1571405736, 1, 5323, 5341, 3938, 0, 7.96%, 310, 3, 22, 4986.90
1571405741, 1, 5330, 5341, 3937, 0, 7.96%, 310, 3, 22, 5179.35
1571405746, 1, 5330, 5344, 3940, 0, 7.96%, 310, 3, 22, 5264.53
1571405751, 1, 5336, 5348, 3943, 0, 7.96%, 311, 3, 22, 5196.40
1571405782, 1, 5336, 5352, 3947, 0, 7.96%, 311, 3, 23, 4663.45
1571405787, 1, 5337, 5353, 3947, 0, 7.96%, 311, 3, 23, 4769.81
1571405807, 1, 5337, 5357, 3951, 0, 7.96%, 311, 3, 23, 4830.56
1571405813, 1, 5338, 5358, 3951, 0, 7.96%, 311, 3, 23, 4770.93
1571405859, 1, 5338, 5361, 3954, 0, 7.96%, 311, 3, 23, 4219.26
1571405864, 1, 5345, 5362, 3954, 0, 7.96%, 311, 3, 23, 4606.46
1571405874, 1, 5347, 5362, 3953, 0, 7.96%, 311, 3, 23, 5221.12
1571405884, 1, 5347, 5364, 3955, 0, 7.96%, 312, 3, 23, 5205.93
1571405889, 1, 5353, 5365, 3955, 0, 7.96%, 312, 3, 23, 4947.42
1571405910, 1, 5353, 5366, 3956, 0, 7.96%, 312, 3, 24, 4772.92
1571405915, 1, 5353, 5368, 3958, 0, 7.96%, 312, 3, 24, 4769.96
1571405920, 1, 5358, 5368, 3957, 0, 7.96%, 312, 3, 24, 4150.67
1571405966, 1, 5367, 5368, 3956, 0, 7.96%, 312, 3, 24, 4126.06
1571405987, 1, 5367, 5372, 3960, 0, 7.96%, 312, 3, 25, 4965.22
1571405992, 2, 13, 5375, 3959, 0, 7.96%, 312, 3, 25, 5261.62
1571405997, 2, 36, 5375, 3954, 0, 7.96%, 312, 3, 25, 5616.08
1571406002, 2, 52, 5375, 3949, 0, 7.96%, 312, 3, 25, 5654.09
1571406007, 2, 59, 5375, 3947, 0, 7.96%, 312, 3, 25, 5676.18
1571406012, 2, 68, 5375, 3945, 0, 7.96%, 312, 3, 25, 5648.77
1571406017, 2, 98, 5376, 3943, 0, 7.96%, 312, 3, 25, 5467.74
1571406022, 2, 140, 5376, 3935, 0, 7.96%, 312, 3, 25, 5552.17
1571406027, 2, 150, 5376, 3930, 0, 7.96%, 312, 3, 25, 5398.77
1571406032, 2, 150, 5383, 3937, 0, 7.96%, 312, 3, 25, 5131.10
1571406038, 2, 163, 5384, 3935, 0, 7.96%, 312, 3, 25, 5256.03
1571406043, 2, 184, 5384, 3932, 0, 7.96%, 312, 3, 25, 5315.52
1571406048, 2, 197, 5385, 3930, 0, 7.96%, 312, 3, 25, 5308.29
1571406053, 2, 199, 5385, 3929, 0, 7.96%, 312, 3, 25, 5422.74
1571406058, 2, 205, 5386, 3928, 0, 7.96%, 312, 3, 25, 5552.19
1571406063, 2, 220, 5386, 3925, 0, 7.96%, 312, 3, 25, 5408.75
1571406068, 2, 226, 5386, 3923, 0, 7.96%, 312, 3, 25, 5314.88
1571406074, 2, 231, 5387, 3921, 0, 7.96%, 312, 3, 25, 5369.85
1571406079, 2, 233, 5389, 3921, 0, 7.96%, 312, 3, 25, 5360.75
1571406084, 2, 236, 5389, 3919, 0, 7.96%, 312, 3, 25, 5320.24
1571406089, 2, 240, 5391, 3920, 0, 7.96%, 312, 3, 25, 5295.57
1571406094, 2, 254, 5393, 3921, 0, 7.96%, 312, 3, 25, 5327.44
1571406099, 2, 258, 5394, 3920, 0, 7.96%, 312, 3, 25, 5371.13
1571406104, 2, 266, 5394, 3918, 0, 7.96%, 312, 3, 25, 5302.82
1571406109, 2, 271, 5394, 3916, 0, 7.96%, 312, 3, 25, 5390.75
1571406114, 2, 280, 5394, 3915, 0, 7.96%, 312, 3, 25, 5443.49
1571406119, 2, 289, 5395, 3914, 0, 7.96%, 312, 3, 25, 5398.45
1571406125, 2, 305, 5395, 3911, 0, 7.96%, 312, 3, 25, 5357.43
1571406130, 2, 312, 5395, 3908, 0, 7.96%, 312, 3, 25, 5290.63
1571406135, 2, 318, 5395, 3906, 0, 7.96%, 312, 3, 25, 5261.97
1571406140, 2, 326, 5395, 3904, 0, 7.96%, 312, 3, 25, 5245.25
1571406145, 2, 335, 5395, 3903, 0, 7.96%, 312, 3, 25, 5128.41
1571406150, 2, 343, 5396, 3902, 0, 7.96%, 312, 3, 25, 5230.34
1571406155, 2, 361, 5396, 3900, 0, 7.96%, 312, 3, 25, 5361.14
1571406160, 2, 370, 5396, 3897, 0, 7.96%, 312, 3, 25, 5290.49
1571406165, 2, 378, 5397, 3896, 0, 7.96%, 312, 3, 25, 5290.60
1571406170, 2, 392, 5397, 3895, 0, 7.96%, 312, 3, 25, 5247.13
1571406175, 2, 394, 5397, 3893, 0, 7.96%, 312, 3, 25, 5274.49
1571406181, 2, 407, 5397, 3890, 0, 7.96%, 312, 3, 25, 5281.62
1571406186, 2, 425, 5398, 3888, 0, 7.96%, 312, 3, 25, 5291.35
1571406191, 2, 433, 5398, 3886, 0, 7.96%, 312, 3, 25, 5453.23
1571406196, 2, 461, 5398, 3884, 0, 7.96%, 312, 3, 25, 5355.45
1571406201, 2, 472, 5398, 3882, 0, 7.96%, 312, 3, 25, 5295.01
1571406206, 2, 489, 5398, 3879, 0, 7.96%, 312, 3, 25, 5325.93
1571406211, 2, 491, 5398, 3877, 0, 7.96%, 312, 3, 25, 5302.89
1571406216, 2, 506, 5398, 3875, 0, 7.96%, 312, 3, 25, 5334.48
1571406221, 2, 530, 5400, 3873, 0, 7.96%, 312, 3, 25, 5360.49
1571406227, 2, 537, 5402, 3873, 0, 7.96%, 312, 3, 25, 5363.95
1571406232, 2, 565, 5403, 3871, 0, 7.96%, 312, 3, 25, 5308.47
1571406237, 2, 571, 5403, 3869, 0, 7.96%, 312, 3, 25, 5191.96
1571406242, 2, 600, 5404, 3866, 0, 7.96%, 312, 3, 25, 5394.52
1571406247, 2, 622, 5405, 3864, 0, 7.96%, 312, 3, 25, 5352.85
1571406252, 2, 629, 5405, 3862, 0, 7.96%, 312, 3, 25, 5318.12
1571406257, 2, 635, 5406, 3860, 0, 7.96%, 312, 3, 25, 5265.07
1571406262, 2, 635, 5408, 3862, 0, 7.96%, 312, 3, 25, 5144.75
1571406267, 2, 637, 5410, 3863, 0, 7.96%, 312, 3, 25, 5088.11
1571406272, 2, 652, 5411, 3862, 0, 7.96%, 312, 3, 25, 5228.59
1571406277, 2, 664, 5411, 3859, 0, 7.96%, 312, 3, 25, 5451.07
1571406282, 2, 703, 5411, 3854, 0, 7.96%, 312, 3, 25, 5443.39
1571406287, 2, 715, 5411, 3851, 0, 7.96%, 312, 3, 25, 5354.46
1571406292, 2, 723, 5412, 3850, 0, 7.96%, 312, 3, 25, 5330.12
1571406297, 2, 728, 5414, 3851, 0, 7.96%, 312, 3, 25, 5273.45
1571406303, 2, 728, 5417, 3854, 0, 7.96%, 312, 3, 25, 5102.78
1571406308, 2, 735, 5419, 3854, 0, 7.96%, 312, 3, 25, 5309.73
1571406313, 2, 740, 5422, 3856, 0, 7.96%, 312, 3, 25, 5150.42
1571406318, 2, 754, 5422, 3852, 0, 7.96%, 312, 3, 25, 5342.00
1571406323, 2, 767, 5422, 3849, 0, 7.96%, 312, 3, 25, 5254.50
1571406328, 2, 783, 5422, 3847, 0, 7.96%, 312, 3, 25, 5365.73
1571406333, 2, 787, 5422, 3845, 0, 7.96%, 312, 3, 25, 5255.96
1571406338, 2, 797, 5422, 3842, 0, 7.96%, 312, 3, 25, 5293.91
1571406343, 2, 816, 5422, 3840, 0, 7.96%, 312, 3, 25, 5240.71
1571406348, 2, 820, 5424, 3841, 0, 7.96%, 312, 3, 25, 5214.08
1571406353, 2, 1227, 5426, 3841, 1, 7.96%, 312, 3, 25, 5254.17
1571406358, 2, 1491, 5427, 3839, 1, 7.96%, 312, 3, 25, 5294.06
1571406363, 2, 1785, 5428, 3838, 1, 7.96%, 312, 3, 25, 5335.30
1571406368, 2, 1785, 5432, 3842, 1, 7.96%, 312, 3, 25, 5234.25
1571406373, 2, 1785, 5435, 3845, 1, 7.96%, 312, 3, 25, 5178.94
1571406379, 2, 2001, 5436, 3844, 1, 7.96%, 312, 3, 25, 4801.62
1571406389, 2, 2086, 5438, 3845, 1, 7.96%, 312, 3, 25, 4972.12
1571406394, 2, 2363, 5441, 3846, 2, 7.96%, 312, 3, 25, 5251.23
1571406399, 2, 2425, 5443, 3847, 2, 7.96%, 312, 3, 25, 5103.20
1571406404, 2, 2581, 5444, 3847, 2, 7.96%, 312, 3, 25, 5102.43
1571406409, 2, 2644, 5446, 3848, 2, 7.96%, 312, 3, 25, 5340.17
1571406414, 2, 2944, 5446, 3846, 2, 7.96%, 312, 3, 25, 5431.66
1571406419, 2, 3770, 5446, 3844, 2, 7.96%, 312, 3, 25, 5361.56
1571406424, 2, 3894, 5447, 3844, 2, 7.96%, 312, 3, 25, 5297.60
1571406429, 2, 3993, 5451, 3847, 2, 7.96%, 312, 3, 25, 5367.89
1571406435, 2, 3993, 5463, 3859, 2, 7.96%, 312, 3, 25, 5260.62
1571406440, 2, 4069, 5468, 3863, 2, 7.96%, 313, 3, 25, 4628.32
1571406445, 2, 4069, 5475, 3870, 2, 7.96%, 313, 3, 25, 4401.84
1571406450, 2, 4107, 5476, 3870, 2, 7.96%, 313, 3, 25, 4870.16
1571406455, 2, 4411, 5480, 3873, 2, 7.96%, 313, 3, 25, 4601.82
1571406460, 2, 4514, 5495, 3887, 2, 7.96%, 314, 3, 25, 5229.34
1571406465, 2, 4707, 5496, 3888, 2, 7.96%, 314, 3, 25, 5226.15
1571406470, 2, 4748, 5505, 3896, 2, 7.96%, 314, 3, 25, 5096.12
1571406480, 2, 4748, 5513, 3904, 2, 7.96%, 314, 3, 25, 4782.69
1571406485, 2, 4799, 5517, 3907, 3, 7.96%, 315, 3, 25, 5145.06
1571406490, 2, 4949, 5517, 3905, 3, 7.96%, 315, 3, 25, 5139.60
1571406511, 2, 5157, 5553, 3940, 3, 7.96%, 315, 3, 25, 4009.72
1571406516, 2, 5157, 5554, 3941, 3, 7.96%, 315, 3, 25, 3504.74
1571406526, 2, 5157, 5562, 3949, 3, 7.96%, 315, 3, 25, 3707.69
1571406531, 2, 5346, 5567, 3953, 3, 7.96%, 315, 3, 25, 4170.12
1571406536, 2, 5346, 5568, 3954, 3, 7.96%, 315, 3, 25, 4595.44
1571406551, 2, 5346, 5576, 3962, 3, 7.96%, 316, 3, 25, 4705.20
1571406556, 2, 5425, 5578, 3963, 3, 7.96%, 316, 3, 25, 3595.40
1571410441, 2, 5437, 5579, 3963, 2, 7.96%, 316, 3, 25, 2462.41
1571410446, 2, 5437, 5586, 3970, 2, 7.97%, 316, 3, 25, 4728.18
1571410451, 2, 5512, 5587, 3970, 2, 7.97%, 317, 3, 25, 5133.59
1571410457, 2, 5543, 5591, 3973, 1, 7.97%, 317, 3, 25, 4454.91
1571410467, 2, 5543, 5592, 3974, 1, 7.97%, 317, 3, 25, 3945.89
1571410472, 2, 5543, 5598, 3980, 1, 7.97%, 318, 3, 25, 4175.71
1571410477, 2, 5563, 5603, 3984, 1, 7.97%, 318, 3, 25, 3449.61
1571410482, 2, 5563, 5609, 3990, 1, 7.97%, 318, 3, 25, 3208.42
1571410502, 2, 5563, 5610, 3991, 1, 7.97%, 318, 3, 25, 3082.54
1571410508, 2, 5563, 5614, 3995, 1, 7.97%, 319, 3, 25, 3514.65
1571410513, 2, 5574, 5619, 3999, 1, 7.97%, 320, 3, 25, 3626.56
1571410789, 2, 5574, 5630, 4010, 1, 7.97%, 320, 3, 25, 2624.90
1571410794, 2, 5574, 5633, 4013, 1, 7.97%, 320, 3, 25, 2693.46
1571410799, 2, 5579, 5637, 4016, 1, 7.97%, 320, 3, 25, 4471.80
1571410804, 2, 5633, 5641, 4019, 1, 7.97%, 320, 3, 25, 4955.16
1571410809, 2, 5634, 5644, 4021, 0, 7.97%, 321, 3, 25, 5155.12
1571410814, 2, 5636, 5646, 4022, 0, 7.97%, 321, 3, 25, 5129.80
1571410830, 2, 5638, 5659, 4034, 0, 7.97%, 323, 3, 25, 4741.91
1571410845, 2, 5642, 5668, 4042, 0, 7.97%, 324, 3, 25, 4291.98
1571411068, 2, 5642, 5674, 4048, 0, 7.97%, 324, 3, 25, 2870.90
1571411073, 2, 5643, 5676, 4049, 0, 7.97%, 324, 3, 25, 3219.21
1571411118, 2, 5643, 5677, 4050, 0, 7.97%, 324, 3, 25, 4107.53
1571411123, 2, 5646, 5677, 4049, 0, 7.97%, 324, 3, 25, 4209.46
1571411154, 2, 5650, 5686, 4057, 0, 7.97%, 325, 3, 25, 4307.78
1571411210, 2, 5650, 5697, 4068, 0, 7.97%, 326, 3, 25, 3873.52
1571411215, 2, 5652, 5698, 4068, 0, 7.97%, 328, 3, 25, 3759.86
1571411266, 2, 5652, 5701, 4071, 0, 7.97%, 328, 3, 25, 3784.92
1571411271, 2, 5655, 5705, 4074, 0, 7.97%, 328, 3, 25, 3731.28
1571411348, 2, 5655, 5706, 4075, 0, 7.97%, 328, 3, 25, 3682.02
1571411353, 2, 5664, 5710, 4078, 0, 7.97%, 329, 3, 25, 3372.50
1571411508, 2, 5664, 5716, 4084, 0, 7.97%, 330, 3, 25, 3194.66
1571411513, 2, 5666, 5721, 4088, 0, 7.97%, 331, 3, 25, 3253.68
1571411615, 2, 5666, 5723, 4090, 0, 7.97%, 331, 3, 25, 3451.13
1571411620, 2, 5672, 5725, 4091, 0, 7.97%, 331, 3, 25, 2301.37
1571413693, 2, 5672, 5728, 4094, 0, 7.97%, 331, 3, 25, 1080.82
1571413703, 2, 5672, 5729, 4095, 0, 7.97%, 331, 3, 25, 1138.77
1571413718, 2, 5677, 5729, 4094, 0, 7.97%, 331, 3, 25, 2378.18
1571413882, 2, 5677, 5732, 4097, 0, 7.97%, 331, 3, 25, 2950.35
1571413887, 2, 5677, 5736, 4101, 0, 7.97%, 333, 3, 25, 3033.68
1571413892, 2, 5678, 5736, 4100, 0, 7.97%, 333, 3, 25, 2455.25
1571414202, 2, 5678, 5737, 4101, 0, 7.97%, 333, 3, 25, 2307.17
1571414207, 2, 5678, 5738, 4102, 0, 7.97%, 333, 3, 25, 2465.78
1571414217, 2, 5681, 5738, 4101, 0, 7.97%, 333, 3, 25, 1518.43
1571415656, 2, 5681, 5741, 4104, 0, 7.97%, 333, 3, 25, 1300.39
1571415661, 2, 5681, 5742, 4105, 0, 7.97%, 334, 3, 25, 1317.64
1571415672, 2, 5686, 5743, 4105, 0, 7.97%, 334, 3, 25, 1651.58
1571415922, 2, 5686, 5747, 4109, 0, 7.97%, 334, 3, 25, 2738.24
1571415927, 2, 5692, 5751, 4112, 0, 7.97%, 334, 3, 25, 2771.62
1571416128, 2, 5692, 5753, 4114, 0, 7.97%, 334, 3, 25, 2826.12
1571416133, 2, 5692, 5755, 4116, 0, 7.97%, 335, 3, 25, 2943.69
1571416138, 2, 5697, 5757, 4117, 0, 7.97%, 335, 3, 25, 2195.74
1571416784, 2, 5697, 5759, 4119, 0, 7.97%, 337, 3, 25, 1853.88
1571416789, 2, 5698, 5762, 4121, 0, 7.97%, 337, 3, 25, 1940.21
1571417193, 2, 5698, 5767, 4126, 0, 7.97%, 337, 3, 25, 2751.89
1571417203, 2, 5703, 5767, 4125, 0, 7.97%, 337, 3, 25, 1987.77
1571417885, 2, 5703, 5769, 4127, 0, 7.97%, 337, 3, 25, 1696.97
1571417890, 2, 5703, 5769, 4127, 0, 7.97%, 338, 3, 25, 1741.12
1571417895, 2, 5705, 5771, 4128, 0, 7.97%, 338, 3, 25, 1877.76
1571418411, 2, 5705, 5773, 4130, 0, 7.97%, 338, 3, 25, 2028.26
1571418416, 2, 5705, 5775, 4132, 0, 7.97%, 339, 3, 25, 2086.91
1571418421, 2, 5707, 5775, 4131, 0, 7.97%, 339, 3, 25, 1042.35
1571418695, 2, 5707, 5776, 4132, 0, 7.98%, 339, 3, 25, 427.76
1571419472, 2, 5707, 5778, 4134, 0, 7.98%, 339, 3, 25, 490.96
1571419487, 2, 5720, 5778, 4133, 1, 7.98%, 339, 3, 25, 1376.24
1571419994, 2, 5775, 5778, 4132, 1, 7.98%, 339, 3, 25, 1025.52
1571420009, 2, 5775, 5779, 4133, 1, 7.98%, 339, 3, 25, 539.72
1571420040, 2, 5775, 5781, 4135, 1, 7.98%, 339, 3, 25, 532.36
1571420203, 2, 5775, 5782, 4136, 1, 7.98%, 339, 3, 25, 541.04
1571420813, 2, 5775, 5785, 4139, 1, 7.98%, 340, 3, 25, 735.07
1571420823, 2, 5775, 5786, 4140, 1, 7.98%, 340, 3, 25, 745.08
1571420833, 2, 5781, 5786, 4139, 1, 7.98%, 340, 3, 25, 673.27
1571421650, 2, 5785, 5786, 4138, 0, 7.98%, 340, 3, 25, 601.88
