# unix_time, cycles_done, cur_path, paths_total, pending_total, pending_favs, map_size, unique_crashes, unique_hangs, max_depth, execs_per_sec
1573043721, 0, 0, 1, 1, 1, 1.80%, 0, 0, 1, 2000.00
1573043726, 0, 0, 209, 209, 1, 3.35%, 0, 0, 2, 2246.15
1573043737, 0, 0, 264, 264, 1, 3.50%, 0, 0, 2, 2269.77
1573043742, 0, 0, 338, 338, 1, 3.69%, 0, 0, 2, 2274.70
1573043747, 0, 0, 458, 458, 1, 3.86%, 0, 0, 2, 2243.18
1573043752, 0, 0, 559, 559, 1, 4.18%, 0, 0, 2, 2245.64
1573043757, 0, 0, 560, 560, 1, 4.19%, 0, 0, 2, 2252.78
1573043767, 0, 0, 578, 578, 1, 4.22%, 0, 0, 2, 2257.03
1573043773, 0, 0, 596, 596, 1, 4.26%, 0, 0, 2, 2263.63
1573043778, 0, 0, 638, 638, 1, 4.33%, 0, 0, 2, 2267.94
1573043793, 0, 0, 642, 642, 1, 4.34%, 0, 0, 2, 2265.78
1573043798, 0, 0, 651, 651, 1, 4.34%, 0, 0, 2, 2245.61
1573043803, 0, 0, 665, 665, 1, 4.37%, 0, 0, 2, 2240.47
1573043808, 0, 0, 673, 673, 1, 4.42%, 0, 0, 2, 2291.70
1573043813, 0, 0, 760, 760, 1, 4.66%, 0, 0, 2, 2283.38
1573043819, 0, 0, 786, 786, 1, 4.73%, 0, 0, 2, 2276.90
1573043829, 0, 0, 793, 793, 1, 4.74%, 0, 0, 2, 2265.97
1573043834, 0, 0, 812, 812, 1, 4.86%, 0, 0, 2, 2269.40
1573043885, 0, 0, 823, 823, 1, 4.87%, 0, 0, 2, 2269.98
1573043890, 0, 0, 841, 841, 1, 4.90%, 0, 0, 2, 2251.81
1573043895, 0, 0, 843, 843, 1, 4.90%, 0, 0, 2, 2273.91
1573043901, 0, 0, 851, 851, 1, 4.90%, 0, 0, 2, 2276.53
1573043906, 0, 0, 862, 862, 1, 4.91%, 0, 0, 2, 2270.23
1573043911, 0, 0, 865, 865, 1, 4.92%, 0, 0, 2, 2286.30
1573044045, 0, 0, 873, 873, 1, 4.93%, 0, 0, 2, 2173.75
1573044050, 0, 0, 880, 880, 1, 4.93%, 0, 0, 2, 2174.99
1573044055, 0, 0, 890, 890, 1, 4.93%, 0, 0, 2, 2184.81
1573044060, 0, 0, 892, 892, 1, 4.93%, 0, 0, 2, 2176.60
1573044076, 0, 0, 895, 895, 1, 4.93%, 0, 0, 2, 2146.39
1573044081, 0, 0, 920, 920, 1, 4.94%, 0, 0, 2, 2210.11
1573044096, 0, 0, 923, 923, 1, 4.95%, 0, 0, 2, 2159.83
1573044127, 0, 0, 925, 925, 1, 4.95%, 0, 0, 2, 2151.11
1573044137, 0, 0, 935, 935, 1, 5.01%, 0, 0, 2, 2162.63
1573044143, 0, 0, 938, 938, 1, 5.02%, 0, 0, 2, 2142.22
1573044153, 0, 0, 941, 941, 1, 5.03%, 0, 0, 2, 2148.41
1573044158, 0, 0, 1026, 1026, 1, 5.15%, 0, 0, 2, 2229.20
1573044163, 0, 0, 1131, 1131, 1, 5.36%, 0, 0, 2, 2527.39
1573044168, 0, 0, 1164, 1164, 1, 5.44%, 0, 0, 2, 2620.05
1573044173, 0, 8, 1190, 1189, 403, 5.51%, 0, 0, 3, 2371.75
1573044199, 0, 8, 1191, 1190, 403, 5.51%, 0, 0, 3, 2055.30
1573044204, 0, 8, 1193, 1192, 403, 5.51%, 0, 0, 3, 2055.28
1573044224, 0, 8, 1194, 1193, 403, 5.51%, 0, 0, 3, 2060.62
1573044295, 0, 8, 1195, 1194, 403, 5.51%, 0, 0, 3, 2051.90
1573044351, 0, 8, 1196, 1195, 403, 5.51%, 0, 0, 3, 1995.26
1573044565, 0, 8, 1197, 1196, 403, 5.51%, 0, 0, 3, 2047.22
1573044651, 0, 10, 1199, 1197, 409, 5.51%, 0, 0, 3, 2033.59
1573044677, 0, 10, 1200, 1198, 409, 5.51%, 0, 0, 3, 1973.33
1573044682, 0, 10, 1201, 1199, 409, 5.51%, 0, 0, 3, 1974.59
1573044697, 0, 10, 1202, 1200, 409, 5.51%, 0, 0, 3, 2038.66
1573045144, 0, 10, 1222, 1220, 409, 5.54%, 0, 0, 3, 2415.14
1573045149, 0, 10, 1252, 1250, 409, 5.59%, 0, 0, 3, 2547.62
1573045154, 0, 12, 1282, 1279, 417, 5.70%, 0, 0, 3, 2506.30
1573045159, 0, 12, 1288, 1285, 417, 5.72%, 0, 0, 3, 2061.68
1573045174, 0, 12, 1289, 1286, 417, 5.72%, 0, 0, 3, 1845.53
1573045184, 0, 12, 1291, 1288, 417, 5.72%, 0, 0, 3, 1877.43
1573045189, 0, 12, 1294, 1291, 417, 5.73%, 0, 0, 3, 1985.01
1573045215, 0, 12, 1296, 1293, 417, 5.73%, 0, 0, 3, 2004.57
1573045220, 0, 12, 1299, 1296, 417, 5.81%, 0, 0, 3, 2027.44
1573045256, 0, 12, 1331, 1328, 417, 5.97%, 0, 0, 3, 1893.97
1573045570, 0, 12, 1332, 1329, 417, 5.97%, 0, 0, 3, 1898.35
1573045657, 0, 12, 1333, 1330, 417, 5.97%, 0, 0, 3, 2010.34
1573045662, 0, 12, 1351, 1348, 417, 5.98%, 0, 0, 3, 2221.24
1573045667, 0, 12, 1377, 1374, 417, 6.06%, 0, 0, 3, 2420.12
1573045672, 0, 14, 1387, 1383, 457, 6.08%, 0, 0, 3, 2522.77
1573045677, 0, 14, 1391, 1387, 457, 6.10%, 0, 0, 3, 1976.41
1573045702, 0, 14, 1394, 1390, 457, 6.10%, 0, 0, 3, 1807.81
1573045707, 0, 14, 1396, 1392, 457, 6.12%, 0, 0, 3, 1820.75
1573045733, 0, 14, 1398, 1394, 457, 6.12%, 0, 0, 3, 1952.31
1573045738, 0, 14, 1403, 1399, 457, 6.14%, 0, 0, 3, 1924.90
1573045774, 0, 14, 1425, 1421, 457, 6.32%, 0, 0, 3, 2061.88
1573046058, 0, 14, 1426, 1422, 457, 6.32%, 0, 0, 3, 1920.35
1573046088, 0, 14, 1427, 1423, 457, 6.32%, 0, 0, 3, 1828.72
1573046174, 0, 14, 1428, 1424, 457, 6.32%, 0, 0, 3, 1898.67
1573046179, 0, 14, 1448, 1444, 457, 6.38%, 0, 0, 3, 2297.00
1573046184, 0, 14, 1471, 1467, 457, 6.41%, 0, 0, 3, 2461.04
1573046189, 0, 15, 1486, 1481, 496, 6.45%, 0, 0, 3, 2611.29
1573046194, 0, 15, 1495, 1490, 496, 6.47%, 0, 0, 3, 2124.72
1573046220, 0, 15, 1509, 1504, 496, 6.47%, 0, 0, 3, 1827.98
1573046225, 0, 15, 1510, 1505, 496, 6.47%, 0, 0, 3, 1959.00
1573046250, 0, 15, 1514, 1509, 496, 6.47%, 0, 0, 3, 2028.48
1573046388, 0, 15, 1517, 1512, 496, 6.47%, 0, 0, 3, 1779.10
1573046667, 0, 15, 1518, 1513, 496, 6.47%, 0, 0, 3, 1916.03
1573046697, 0, 15, 1519, 1514, 496, 6.47%, 0, 0, 3, 1939.54
1573046702, 0, 15, 1526, 1521, 496, 6.47%, 0, 0, 3, 2037.33
1573046707, 0, 15, 1545, 1540, 496, 6.49%, 0, 0, 3, 2408.10
1573046713, 0, 15, 1560, 1555, 496, 6.50%, 0, 0, 3, 2204.12
1573046718, 0, 16, 1571, 1565, 512, 6.51%, 0, 0, 3, 2094.34
1573046723, 0, 16, 1572, 1566, 512, 6.51%, 0, 0, 3, 1917.32
1573046748, 0, 16, 1584, 1578, 512, 6.51%, 0, 0, 3, 1787.33
1573046778, 0, 16, 1588, 1582, 512, 6.51%, 0, 0, 3, 1965.18
1573046814, 0, 16, 1589, 1583, 512, 6.52%, 0, 0, 3, 1871.58
1573047220, 0, 16, 1590, 1584, 512, 6.52%, 0, 0, 3, 2060.91
1573047225, 0, 18, 1592, 1585, 514, 6.52%, 0, 0, 3, 2225.97
1573047255, 0, 18, 1593, 1586, 514, 6.52%, 0, 0, 3, 1919.79
1573047261, 0, 18, 1594, 1587, 514, 6.52%, 0, 0, 3, 1943.90
1573047327, 0, 18, 1596, 1589, 514, 6.53%, 0, 0, 3, 2081.48
1573047429, 0, 18, 1597, 1590, 514, 6.53%, 0, 0, 3, 1976.08
1573047723, 0, 18, 1598, 1591, 514, 6.53%, 0, 0, 3, 1769.78
1573047729, 0, 19, 1600, 1592, 516, 6.53%, 0, 0, 3, 2029.49
1573047754, 0, 19, 1603, 1595, 516, 6.53%, 0, 0, 3, 1864.56
1573047759, 0, 19, 1604, 1596, 516, 6.53%, 0, 0, 3, 1855.55
1573047784, 0, 19, 1605, 1597, 516, 6.55%, 0, 0, 3, 1839.25
1573047789, 0, 19, 1606, 1598, 516, 6.55%, 0, 0, 3, 1859.27
1573047830, 0, 19, 1610, 1602, 516, 6.55%, 0, 0, 3, 1873.19
1573048231, 0, 19, 1611, 1603, 516, 6.55%, 0, 0, 3, 1791.97
1573048236, 0, 19, 1621, 1613, 516, 6.56%, 0, 0, 3, 2355.83
1573048242, 0, 19, 1640, 1632, 516, 6.57%, 0, 0, 3, 2610.42
1573048247, 0, 20, 1647, 1638, 524, 6.58%, 0, 0, 3, 2316.23
1573048252, 0, 20, 1648, 1639, 524, 6.58%, 0, 0, 3, 2063.87
1573048277, 0, 20, 1652, 1643, 524, 6.59%, 0, 0, 3, 1953.79
1573048308, 0, 20, 1654, 1645, 524, 6.59%, 0, 0, 3, 1932.89
1573048434, 0, 20, 1655, 1646, 524, 6.59%, 0, 0, 3, 1923.92
1573048632, 0, 20, 1656, 1647, 524, 6.59%, 0, 0, 3, 1902.43
1573048754, 0, 20, 1657, 1648, 524, 6.59%, 0, 0, 3, 1860.98
1573048759, 0, 22, 1658, 1648, 525, 6.59%, 0, 0, 3, 1892.08
1573048789, 0, 22, 1660, 1650, 525, 6.59%, 0, 0, 3, 2041.58
1573049266, 0, 22, 1661, 1651, 525, 6.59%, 0, 0, 3, 1905.92
1573049272, 0, 22, 1674, 1664, 525, 6.60%, 0, 0, 3, 2524.36
1573049277, 0, 22, 1683, 1673, 525, 6.61%, 0, 0, 3, 2546.18
1573049282, 0, 24, 1695, 1684, 528, 6.63%, 0, 0, 3, 2391.53
1573049287, 0, 24, 1698, 1687, 528, 6.63%, 0, 0, 3, 2065.56
1573049297, 0, 24, 1700, 1689, 528, 6.63%, 0, 0, 3, 1981.73
1573049307, 0, 24, 1703, 1692, 528, 6.63%, 0, 0, 3, 1996.30
1573049312, 0, 24, 1706, 1695, 528, 6.64%, 0, 0, 3, 1704.95
1573049337, 0, 24, 1707, 1696, 528, 6.64%, 0, 0, 3, 1803.90
1573049343, 0, 24, 1708, 1697, 528, 6.64%, 0, 0, 3, 1801.09
1573049383, 0, 24, 1711, 1700, 528, 6.65%, 0, 0, 3, 2074.71
1573049474, 0, 24, 1712, 1701, 528, 6.65%, 0, 0, 3, 1827.55
1573049663, 0, 24, 1714, 1703, 528, 6.65%, 0, 0, 3, 2105.47
1573049693, 0, 24, 1717, 1706, 528, 6.65%, 0, 0, 3, 1950.23
1573049698, 0, 24, 1721, 1710, 528, 6.65%, 0, 0, 3, 1879.08
1573049759, 0, 24, 1723, 1712, 528, 6.65%, 0, 0, 3, 1880.44
1573049764, 0, 24, 1724, 1713, 528, 6.65%, 0, 0, 3, 2012.40
1573049790, 0, 24, 1743, 1732, 528, 6.67%, 0, 0, 3, 2624.45
1573049795, 0, 24, 1758, 1747, 528, 6.69%, 0, 0, 3, 2480.05
1573049800, 0, 37, 1766, 1754, 547, 6.71%, 0, 0, 3, 2363.85
1573049891, 0, 37, 1767, 1755, 547, 6.71%, 0, 0, 3, 2068.53
1573049963, 0, 37, 1768, 1756, 547, 6.71%, 0, 0, 3, 2000.52
1573050110, 0, 37, 1770, 1758, 547, 6.71%, 0, 0, 3, 2200.43
1573050186, 0, 37, 1771, 1759, 547, 6.71%, 0, 0, 3, 2228.84
1573050212, 0, 55, 1772, 1759, 546, 6.71%, 0, 0, 3, 2227.63
1573050238, 0, 55, 1775, 1762, 546, 6.71%, 0, 0, 3, 2218.24
1573050268, 0, 55, 1776, 1763, 546, 6.71%, 0, 0, 3, 2202.10
1573050304, 0, 55, 1777, 1764, 546, 6.71%, 0, 0, 3, 2103.31
1573050365, 0, 55, 1778, 1765, 546, 6.71%, 0, 0, 3, 2303.87
1573050370, 0, 55, 1779, 1766, 546, 6.71%, 0, 0, 3, 2007.40
1573050532, 0, 55, 1780, 1767, 546, 6.71%, 0, 0, 3, 2424.71
1573050598, 0, 55, 1785, 1772, 546, 6.71%, 0, 0, 3, 2528.63
1573050603, 0, 55, 1794, 1781, 546, 6.89%, 0, 0, 3, 2538.20
1573050608, 0, 55, 1796, 1783, 546, 6.90%, 0, 0, 3, 2575.25
1573050613, 0, 65, 1796, 1782, 548, 6.90%, 0, 0, 3, 2160.97
1573050675, 0, 65, 1797, 1783, 548, 6.90%, 0, 0, 3, 1959.46
1573050705, 0, 65, 1799, 1785, 548, 6.90%, 0, 0, 3, 1753.92
1573050715, 0, 65, 1800, 1786, 548, 6.90%, 0, 0, 3, 1872.16
1573050720, 0, 65, 1801, 1787, 548, 6.90%, 0, 0, 3, 1739.70
1573050933, 0, 65, 1802, 1788, 548, 6.90%, 0, 0, 3, 1922.56
1573050994, 0, 69, 1802, 1787, 548, 6.90%, 0, 0, 3, 2048.82
1573051188, 0, 69, 1803, 1788, 548, 6.90%, 0, 0, 3, 1839.04
1573051488, 0, 69, 1804, 1789, 548, 6.90%, 0, 0, 3, 1834.18
1573051504, 0, 88, 1807, 1791, 548, 6.90%, 0, 0, 3, 1981.20
1573051524, 0, 88, 1808, 1792, 548, 6.90%, 0, 0, 3, 2011.11
1573051534, 0, 88, 1811, 1795, 548, 6.90%, 0, 0, 3, 1727.83
1573051539, 0, 88, 1812, 1796, 548, 6.90%, 0, 0, 3, 1814.36
1573051554, 0, 88, 1815, 1799, 548, 6.91%, 0, 0, 3, 1765.32
1573051610, 0, 88, 1817, 1801, 548, 6.91%, 0, 0, 3, 2006.54
1573051636, 0, 88, 1819, 1803, 548, 6.91%, 0, 0, 3, 1746.11
1573051935, 0, 88, 1820, 1804, 548, 6.91%, 0, 0, 3, 1854.92
1573052001, 0, 88, 1823, 1807, 548, 6.91%, 0, 0, 3, 1899.75
1573052011, 0, 88, 1825, 1809, 548, 6.91%, 0, 0, 3, 1987.40
1573052036, 0, 89, 1826, 1809, 548, 6.91%, 0, 0, 3, 1752.58
1573052041, 0, 89, 1851, 1834, 548, 6.94%, 0, 0, 3, 1763.66
1573052072, 0, 89, 1859, 1842, 548, 6.95%, 0, 0, 3, 1657.61
1573052092, 0, 89, 1860, 1843, 548, 6.95%, 0, 0, 3, 1740.28
1573052107, 0, 89, 1864, 1847, 548, 6.95%, 0, 0, 3, 1891.78
1573052138, 0, 89, 1865, 1848, 548, 6.95%, 0, 0, 3, 1598.02
1573052143, 0, 89, 1866, 1849, 548, 6.95%, 0, 0, 3, 1675.20
1573052158, 0, 89, 1874, 1857, 548, 6.95%, 0, 0, 3, 1838.25
1573052173, 0, 89, 1875, 1858, 548, 6.95%, 0, 0, 3, 1571.30
1573052559, 0, 89, 1876, 1859, 548, 6.96%, 0, 0, 3, 1750.05
1573052590, 0, 100, 1876, 1858, 555, 6.96%, 0, 0, 3, 1993.94
1573052605, 0, 100, 1878, 1860, 555, 6.97%, 0, 0, 3, 1841.13
1573052616, 0, 100, 1881, 1863, 555, 6.97%, 0, 0, 3, 1666.61
1573052636, 0, 100, 1882, 1864, 555, 6.97%, 0, 0, 3, 1802.85
1573052987, 0, 100, 1883, 1865, 555, 6.97%, 0, 0, 3, 2035.56
1573053114, 0, 120, 1886, 1867, 558, 6.97%, 0, 0, 3, 2025.50
1573053139, 0, 120, 1887, 1868, 558, 6.97%, 0, 0, 3, 1897.20
1573053632, 0, 124, 1887, 1867, 557, 6.97%, 0, 0, 3, 2098.09
1573053724, 0, 124, 1888, 1868, 557, 6.97%, 0, 0, 3, 1625.56
1573053744, 0, 124, 1889, 1869, 557, 6.97%, 0, 0, 3, 1833.18
1573054156, 0, 125, 1891, 1870, 556, 7.04%, 0, 0, 3, 2094.03
1573054248, 0, 125, 1892, 1871, 556, 7.04%, 0, 0, 3, 1924.03
1573054665, 0, 126, 1893, 1871, 555, 7.04%, 0, 0, 3, 2007.61
1573054751, 0, 126, 1894, 1872, 555, 7.04%, 0, 0, 3, 1872.25
1573055183, 0, 128, 1894, 1871, 554, 7.04%, 0, 0, 3, 2001.97
1573055209, 0, 128, 1895, 1872, 554, 7.04%, 0, 0, 3, 1657.42
1573055702, 0, 131, 1895, 1871, 553, 7.04%, 0, 0, 3, 2110.95
1573055732, 0, 131, 1896, 1872, 553, 7.04%, 0, 0, 3, 1832.78
1573056230, 0, 133, 1903, 1878, 552, 7.04%, 0, 0, 3, 2268.82
1573056255, 0, 133, 1906, 1881, 552, 7.04%, 0, 0, 3, 2220.76
1573056280, 0, 133, 1907, 1882, 552, 7.04%, 0, 0, 3, 2488.69
1573056311, 0, 133, 1909, 1884, 552, 7.05%, 0, 0, 3, 2009.71
1573056316, 0, 133, 1910, 1885, 552, 7.05%, 0, 0, 3, 2071.89
1573056351, 0, 133, 1912, 1887, 552, 7.05%, 0, 0, 3, 2350.37
1573056433, 0, 133, 1913, 1888, 552, 7.05%, 0, 0, 3, 2259.59
1573056509, 0, 133, 1914, 1889, 552, 7.05%, 0, 0, 3, 2286.18
1573056520, 0, 155, 1914, 1888, 554, 7.05%, 0, 0, 3, 2428.48
1573057039, 0, 156, 1914, 1887, 553, 7.05%, 0, 0, 3, 2281.21
1573057563, 0, 171, 1915, 1887, 552, 7.05%, 0, 0, 3, 2183.60
1573057588, 0, 171, 1917, 1889, 552, 7.05%, 0, 0, 3, 2008.89
1573057593, 0, 171, 1918, 1890, 552, 7.06%, 0, 0, 3, 1794.11
1573057623, 0, 171, 1920, 1892, 552, 7.06%, 0, 0, 3, 1931.31
1573058077, 0, 187, 1920, 1891, 551, 7.06%, 0, 0, 3, 1999.51
1573058082, 0, 187, 1921, 1892, 551, 7.06%, 0, 0, 3, 1828.83
1573058112, 0, 187, 1922, 1893, 551, 7.06%, 0, 0, 3, 1611.39
1573058188, 0, 187, 1923, 1894, 551, 7.06%, 0, 0, 3, 1667.81
1573058483, 0, 187, 1924, 1895, 551, 7.06%, 0, 0, 3, 2015.90
1573058610, 0, 190, 1924, 1894, 550, 7.06%, 0, 0, 3, 2125.58
1573059143, 0, 192, 1924, 1893, 549, 7.06%, 0, 0, 3, 1929.64
1573059174, 0, 192, 1925, 1894, 549, 7.06%, 0, 0, 3, 1558.29
1573059702, 0, 193, 1926, 1894, 549, 7.06%, 0, 0, 3, 2114.50
1573059763, 0, 193, 1927, 1895, 549, 7.06%, 0, 0, 3, 2073.99
1573059819, 0, 193, 1928, 1896, 549, 7.06%, 0, 0, 3, 2120.91
1573060212, 0, 195, 1929, 1896, 547, 7.23%, 0, 0, 3, 2168.42
1573060757, 0, 195, 1930, 1897, 547, 7.23%, 0, 0, 3, 1747.81
1573060762, 0, 199, 1931, 1897, 546, 7.23%, 0, 0, 3, 1829.27
1573060768, 0, 199, 1932, 1898, 546, 7.23%, 0, 0, 3, 1837.63
1573061292, 0, 200, 1932, 1897, 545, 7.23%, 0, 0, 3, 2337.01
1573061806, 0, 200, 1935, 1900, 545, 7.23%, 0, 0, 3, 2340.17
1573061811, 0, 200, 1939, 1904, 545, 7.23%, 0, 0, 3, 2681.85
1573061816, 0, 200, 1947, 1912, 545, 7.24%, 0, 0, 3, 2739.91
1573061821, 0, 203, 1947, 1911, 550, 7.24%, 0, 0, 3, 2228.45
1573061872, 0, 203, 1948, 1912, 550, 7.24%, 0, 0, 3, 1801.75
1573062376, 0, 224, 1949, 1912, 549, 7.24%, 0, 0, 3, 1800.81
1573062391, 0, 224, 1950, 1913, 549, 7.24%, 0, 0, 3, 1964.08
1573062904, 0, 228, 1951, 1913, 547, 7.24%, 0, 0, 3, 2006.97
1573062919, 0, 228, 1952, 1914, 547, 7.24%, 0, 0, 3, 1971.28
1573063433, 0, 238, 1952, 1913, 546, 7.24%, 0, 0, 3, 1989.29
1573063453, 0, 238, 1954, 1915, 546, 7.24%, 0, 0, 3, 1691.57
1573063519, 0, 238, 1955, 1916, 546, 7.24%, 0, 0, 3, 1872.06
1573063545, 0, 238, 1956, 1917, 546, 7.24%, 0, 0, 3, 1633.27
1573063963, 0, 238, 1959, 1920, 546, 7.24%, 0, 0, 3, 2190.15
1573063968, 0, 238, 1961, 1922, 546, 7.25%, 0, 0, 3, 2035.57
1573063973, 0, 238, 1962, 1923, 546, 7.26%, 0, 0, 3, 1975.90
1573063978, 0, 240, 1967, 1927, 547, 7.28%, 0, 0, 3, 2021.67
1573063998, 0, 240, 1969, 1929, 547, 7.28%, 0, 0, 3, 1764.68
1573064513, 0, 241, 1969, 1928, 546, 7.28%, 0, 0, 3, 1661.87
1573064528, 0, 241, 1971, 1930, 546, 7.28%, 0, 0, 3, 1929.01
1573064543, 0, 241, 1972, 1931, 546, 7.28%, 0, 0, 3, 1929.31
1573064609, 0, 241, 1974, 1933, 546, 7.28%, 0, 0, 3, 1728.40
1573064935, 0, 241, 1975, 1934, 546, 7.28%, 0, 0, 3, 2014.97
1573065001, 0, 241, 1977, 1936, 546, 7.28%, 0, 0, 3, 1910.81
1573065037, 0, 242, 1977, 1935, 546, 7.28%, 0, 0, 3, 1851.83
1573065057, 0, 242, 1978, 1936, 546, 7.28%, 0, 0, 3, 1755.39
1573065088, 0, 242, 1979, 1937, 546, 7.29%, 0, 0, 3, 1773.79
1573065484, 0, 242, 1980, 1938, 546, 7.29%, 0, 0, 3, 2062.84
1573065561, 0, 256, 1982, 1939, 549, 7.30%, 0, 0, 3, 2238.25
1573065566, 0, 256, 1989, 1946, 549, 7.30%, 0, 0, 3, 2071.37
1573065581, 0, 256, 1990, 1947, 549, 7.30%, 0, 0, 3, 1946.05
1573065596, 0, 256, 1992, 1949, 549, 7.30%, 0, 0, 3, 2071.43
1573065662, 0, 256, 1996, 1953, 549, 7.30%, 0, 0, 3, 1940.66
1573065672, 0, 256, 1997, 1954, 549, 7.30%, 0, 0, 3, 1892.28
1573065952, 0, 256, 1998, 1955, 549, 7.30%, 0, 0, 3, 1814.40
1573065967, 0, 256, 2000, 1957, 549, 7.31%, 0, 0, 3, 1586.19
1573066094, 0, 267, 2000, 1956, 550, 7.31%, 0, 0, 3, 1822.37
1573066633, 0, 268, 2000, 1955, 549, 7.31%, 0, 0, 3, 1851.71
1573066654, 0, 268, 2001, 1956, 549, 7.31%, 0, 0, 3, 1707.07
1573067163, 0, 268, 2004, 1959, 549, 7.31%, 0, 0, 3, 2382.16
1573067168, 0, 268, 2010, 1965, 549, 7.33%, 0, 0, 3, 2661.96
1573067173, 0, 268, 2018, 1973, 549, 7.34%, 0, 0, 3, 2468.05
1573067178, 0, 269, 2018, 1972, 553, 7.34%, 0, 0, 3, 2095.84
1573067305, 0, 269, 2019, 1973, 553, 7.34%, 0, 0, 3, 1861.88
1573067700, 0, 269, 2020, 1974, 553, 7.34%, 0, 0, 3, 1807.94
1573067705, 0, 276, 2020, 1973, 553, 7.34%, 0, 0, 3, 1808.20
1573067721, 0, 276, 2024, 1977, 553, 7.34%, 0, 0, 3, 1695.19
1573067756, 0, 276, 2026, 1979, 553, 7.36%, 0, 0, 3, 1966.34
1573067837, 0, 276, 2027, 1980, 553, 7.36%, 0, 0, 3, 1916.42
1573068186, 0, 276, 2033, 1986, 553, 7.38%, 0, 0, 3, 2669.65
1573068191, 0, 276, 2035, 1988, 553, 7.38%, 0, 0, 3, 2826.80
1573068196, 0, 277, 2037, 1989, 560, 7.38%, 0, 0, 3, 2515.24
1573068212, 0, 277, 2040, 1992, 560, 7.38%, 0, 0, 3, 2199.20
1573068263, 0, 277, 2041, 1993, 560, 7.38%, 0, 0, 3, 2155.32
1573068304, 0, 277, 2042, 1994, 560, 7.38%, 0, 0, 3, 2156.95
1573068643, 0, 277, 2046, 1998, 560, 7.38%, 0, 0, 3, 2606.60
1573068648, 0, 277, 2053, 2005, 560, 7.39%, 0, 0, 3, 2803.12
1573068653, 0, 278, 2058, 2009, 563, 7.39%, 0, 0, 3, 2672.21
1573068766, 0, 278, 2059, 2010, 563, 7.39%, 0, 0, 3, 2152.69
1573069126, 0, 278, 2060, 2011, 563, 7.39%, 0, 0, 3, 2063.25
1573069131, 0, 279, 2060, 2010, 562, 7.39%, 0, 0, 3, 2068.89
1573069254, 0, 279, 2061, 2011, 562, 7.39%, 0, 0, 3, 1997.22
1573069617, 0, 281, 2061, 2010, 561, 7.39%, 0, 0, 3, 2050.93
1573069734, 0, 281, 2062, 2011, 561, 7.39%, 0, 0, 3, 2068.71
1573070087, 0, 282, 2062, 2010, 560, 7.39%, 0, 0, 3, 2231.29
1573070204, 0, 282, 2063, 2011, 560, 7.39%, 0, 0, 3, 2104.44
1573070557, 0, 283, 2063, 2010, 559, 7.39%, 0, 0, 3, 2208.39
1573070572, 0, 283, 2064, 2011, 559, 7.39%, 0, 0, 3, 2072.23
1573071021, 0, 284, 2064, 2010, 558, 7.39%, 0, 0, 3, 2229.25
1573071138, 0, 284, 2065, 2011, 558, 7.39%, 0, 0, 3, 2078.63
1573071486, 0, 286, 2065, 2010, 557, 7.39%, 0, 0, 3, 2282.77
1573071954, 0, 287, 2065, 2009, 556, 7.39%, 0, 0, 3, 2191.07
1573072419, 0, 288, 2065, 2008, 555, 7.39%, 0, 0, 3, 2161.99
1573072884, 0, 289, 2065, 2007, 554, 7.39%, 0, 0, 3, 2179.17
1573073348, 0, 290, 2065, 2006, 553, 7.39%, 0, 0, 3, 2262.87
1573073813, 0, 290, 2066, 2007, 553, 7.39%, 0, 0, 3, 2197.01
1573073818, 0, 291, 2066, 2006, 553, 7.39%, 0, 0, 3, 2136.68
1573074282, 0, 291, 2072, 2012, 553, 7.40%, 0, 0, 3, 2414.20
1573074287, 0, 291, 2077, 2017, 553, 7.40%, 0, 0, 3, 2658.54
1573074292, 0, 292, 2083, 2022, 560, 7.41%, 0, 0, 3, 2726.96
1573074409, 0, 292, 2084, 2023, 560, 7.41%, 0, 0, 3, 2114.14
1573074761, 0, 293, 2084, 2022, 559, 7.41%, 0, 0, 3, 2154.07
1573075225, 0, 294, 2084, 2021, 558, 7.41%, 0, 0, 3, 2224.49
1573075687, 0, 295, 2084, 2020, 557, 7.41%, 0, 0, 3, 2240.21
1573076156, 0, 296, 2085, 2020, 556, 7.46%, 0, 0, 3, 2194.86
1573076620, 0, 297, 2086, 2020, 556, 7.47%, 0, 0, 3, 2220.71
1573077083, 0, 298, 2086, 2019, 555, 7.47%, 0, 0, 3, 2220.67
1573077548, 0, 299, 2086, 2018, 554, 7.47%, 0, 0, 3, 2211.58
1573078017, 0, 300, 2086, 2017, 553, 7.47%, 0, 0, 3, 2192.16
1573078481, 0, 301, 2087, 2017, 552, 7.47%, 0, 0, 3, 2199.95
1573078945, 0, 302, 2088, 2017, 552, 7.47%, 0, 0, 3, 2252.43
1573079409, 0, 303, 2088, 2016, 551, 7.47%, 0, 0, 3, 2190.14
1573079869, 0, 304, 2088, 2015, 550, 7.47%, 0, 0, 3, 2245.71
1573080333, 0, 305, 2089, 2015, 549, 7.47%, 0, 0, 3, 2227.67
1573080797, 0, 306, 2089, 2014, 548, 7.47%, 0, 0, 3, 2142.28
