# unix_time, cycles_done, cur_path, paths_total, pending_total, pending_favs, map_size, unique_crashes, unique_hangs, max_depth, execs_per_sec
1573043975, 0, 0, 1, 1, 1, 1.80%, 0, 0, 1, 2000.00
1573043980, 0, 0, 209, 209, 1, 3.35%, 0, 0, 2, 2186.77
1573043995, 0, 0, 336, 336, 1, 3.69%, 0, 0, 2, 2178.45
1573044000, 0, 0, 405, 405, 1, 3.78%, 0, 0, 2, 2141.23
1573044005, 0, 0, 548, 548, 1, 4.16%, 0, 0, 2, 2147.74
1573044010, 0, 0, 560, 560, 1, 4.19%, 0, 0, 2, 2147.39
1573044021, 0, 0, 576, 576, 1, 4.22%, 0, 0, 2, 2133.30
1573044026, 0, 0, 578, 578, 1, 4.22%, 0, 0, 2, 2127.48
1573044031, 0, 0, 608, 608, 1, 4.27%, 0, 0, 2, 2124.61
1573044036, 0, 0, 638, 638, 1, 4.33%, 0, 0, 2, 2098.40
1573044051, 0, 0, 642, 642, 1, 4.34%, 0, 0, 2, 2118.60
1573044056, 0, 0, 653, 653, 1, 4.34%, 0, 0, 2, 2103.21
1573044062, 0, 0, 664, 664, 1, 4.37%, 0, 0, 2, 2110.19
1573044067, 0, 0, 671, 671, 1, 4.38%, 0, 0, 2, 2101.56
1573044072, 0, 0, 760, 760, 1, 4.66%, 0, 0, 2, 2132.86
1573044077, 0, 0, 785, 785, 1, 4.73%, 0, 0, 2, 2116.34
1573044082, 0, 0, 786, 786, 1, 4.73%, 0, 0, 2, 2108.06
1573044087, 0, 0, 787, 787, 1, 4.73%, 0, 0, 2, 2119.83
1573044093, 0, 0, 811, 811, 1, 4.86%, 0, 0, 2, 2116.04
1573044098, 0, 0, 812, 812, 1, 4.86%, 0, 0, 2, 2110.23
1573044149, 0, 0, 820, 820, 1, 4.87%, 0, 0, 2, 2107.04
1573044154, 0, 0, 840, 840, 1, 4.89%, 0, 0, 2, 2059.68
1573044159, 0, 0, 842, 842, 1, 4.90%, 0, 0, 2, 2035.31
1573044164, 0, 0, 845, 845, 1, 4.90%, 0, 0, 2, 2027.09
1573044170, 0, 0, 854, 854, 1, 4.90%, 0, 0, 2, 2046.43
1573044175, 0, 0, 865, 865, 1, 4.92%, 0, 0, 2, 2050.12
1573044332, 0, 0, 875, 875, 1, 4.93%, 0, 0, 2, 1961.77
1573044337, 0, 0, 890, 890, 1, 4.93%, 0, 0, 2, 2004.07
1573044342, 0, 0, 892, 892, 1, 4.93%, 0, 0, 2, 1963.59
1573044363, 0, 0, 895, 895, 1, 4.93%, 0, 0, 2, 1958.52
1573044368, 0, 0, 920, 920, 1, 4.94%, 0, 0, 2, 2006.14
1573044383, 0, 0, 923, 923, 1, 4.95%, 0, 0, 2, 1986.87
1573044418, 0, 0, 925, 925, 1, 4.95%, 0, 0, 2, 1955.55
1573044429, 0, 0, 935, 935, 1, 5.01%, 0, 0, 2, 1933.39
1573044434, 0, 0, 938, 938, 1, 5.02%, 0, 0, 2, 1953.95
1573044444, 0, 0, 940, 940, 1, 5.03%, 0, 0, 2, 1926.78
1573044449, 0, 0, 942, 942, 1, 5.03%, 0, 0, 2, 1939.82
1573044454, 0, 0, 1078, 1078, 1, 5.33%, 0, 0, 2, 2293.43
1573044459, 0, 0, 1146, 1146, 1, 5.44%, 0, 0, 2, 2436.45
1573044464, 0, 0, 1190, 1190, 1, 5.54%, 0, 0, 2, 2525.11
1573044469, 0, 3, 1194, 1193, 376, 5.56%, 0, 0, 2, 2198.89
1573044972, 0, 3, 1223, 1222, 376, 5.61%, 0, 0, 3, 2262.24
1573044978, 0, 3, 1255, 1254, 376, 5.64%, 0, 0, 3, 2320.83
1573044983, 0, 10, 1272, 1270, 386, 5.66%, 0, 0, 3, 2358.36
1573044988, 0, 12, 1278, 1275, 385, 5.69%, 0, 0, 3, 2061.98
1573045003, 0, 12, 1279, 1276, 385, 5.69%, 0, 0, 3, 1700.24
1573045013, 0, 12, 1282, 1279, 385, 5.69%, 0, 0, 3, 1941.94
1573045018, 0, 12, 1286, 1283, 385, 5.70%, 0, 0, 3, 1938.93
1573045049, 0, 12, 1291, 1288, 385, 5.78%, 0, 0, 3, 1905.77
1573045089, 0, 12, 1323, 1320, 385, 5.93%, 0, 0, 3, 1837.27
1573045379, 0, 12, 1324, 1321, 385, 5.93%, 0, 0, 3, 1829.36
1573045409, 0, 12, 1325, 1322, 385, 5.93%, 0, 0, 3, 1906.17
1573045500, 0, 12, 1326, 1323, 385, 5.93%, 0, 0, 3, 1822.89
1573045505, 0, 12, 1353, 1350, 385, 5.98%, 0, 0, 3, 2251.99
1573045510, 0, 12, 1377, 1374, 385, 6.00%, 0, 0, 3, 2339.02
1573045515, 0, 14, 1392, 1388, 432, 6.05%, 0, 0, 3, 2370.30
1573045520, 0, 15, 1404, 1399, 431, 6.08%, 0, 0, 3, 2002.37
1573045536, 0, 15, 1405, 1400, 431, 6.08%, 0, 0, 3, 1924.19
1573045546, 0, 15, 1419, 1414, 431, 6.08%, 0, 0, 3, 1835.68
1573045551, 0, 15, 1422, 1417, 431, 6.08%, 0, 0, 3, 1804.62
1573045576, 0, 15, 1426, 1421, 431, 6.08%, 0, 0, 3, 1934.76
1573045581, 0, 15, 1429, 1424, 431, 6.10%, 0, 0, 3, 1922.37
1573045621, 0, 15, 1442, 1437, 431, 6.26%, 0, 0, 3, 1949.08
1573045718, 0, 15, 1445, 1440, 431, 6.26%, 0, 0, 3, 1841.47
1573045911, 0, 15, 1446, 1441, 431, 6.26%, 0, 0, 3, 1888.76
1573045941, 0, 15, 1447, 1442, 431, 6.26%, 0, 0, 3, 1931.70
1573045997, 0, 15, 1448, 1443, 431, 6.26%, 0, 0, 3, 1971.41
1573046028, 0, 15, 1449, 1444, 431, 6.26%, 0, 0, 3, 1952.90
1573046033, 0, 15, 1465, 1460, 431, 6.27%, 0, 0, 3, 2302.38
1573046038, 0, 15, 1484, 1479, 431, 6.29%, 0, 0, 3, 2476.59
1573046043, 0, 15, 1500, 1495, 431, 6.30%, 0, 0, 3, 2451.44
1573046048, 0, 25, 1509, 1499, 455, 6.31%, 0, 0, 3, 2461.65
1573046053, 0, 25, 1511, 1501, 455, 6.31%, 0, 0, 3, 2083.39
1573046063, 0, 25, 1515, 1505, 455, 6.31%, 0, 0, 3, 1925.57
1573046073, 0, 25, 1516, 1506, 455, 6.31%, 0, 0, 3, 1832.41
1573046078, 0, 25, 1519, 1509, 455, 6.32%, 0, 0, 3, 1777.76
1573046149, 0, 25, 1520, 1510, 455, 6.32%, 0, 0, 3, 1988.41
1573046180, 0, 25, 1521, 1511, 455, 6.32%, 0, 0, 3, 1851.79
1573046261, 0, 25, 1522, 1512, 455, 6.32%, 0, 0, 3, 1760.14
1573046479, 0, 25, 1523, 1513, 455, 6.32%, 0, 0, 3, 1745.38
1573046490, 0, 25, 1524, 1514, 455, 6.32%, 0, 0, 3, 1815.36
1573046576, 0, 25, 1525, 1515, 455, 6.32%, 0, 0, 3, 1837.44
1573046581, 0, 25, 1546, 1536, 455, 6.35%, 0, 0, 3, 2327.58
1573046586, 0, 25, 1560, 1550, 455, 6.36%, 0, 0, 3, 2232.30
1573046591, 0, 37, 1565, 1554, 471, 6.37%, 0, 0, 3, 2363.38
1573046617, 0, 37, 1566, 1555, 471, 6.37%, 0, 0, 3, 1922.75
1573046647, 0, 37, 1567, 1556, 471, 6.37%, 0, 0, 3, 2127.61
1573046688, 0, 37, 1569, 1558, 471, 6.37%, 0, 0, 3, 2080.30
1573046759, 0, 37, 1570, 1559, 471, 6.37%, 0, 0, 3, 2024.71
1573046916, 0, 37, 1573, 1562, 471, 6.37%, 0, 0, 3, 2158.43
1573046951, 0, 37, 1574, 1563, 471, 6.37%, 0, 0, 3, 2195.15
1573047027, 0, 55, 1578, 1566, 475, 6.37%, 0, 0, 3, 2145.80
1573047053, 0, 55, 1579, 1567, 475, 6.37%, 0, 0, 3, 1993.52
1573047058, 0, 55, 1580, 1568, 475, 6.37%, 0, 0, 3, 2040.21
1573047088, 0, 55, 1581, 1569, 475, 6.37%, 0, 0, 3, 2104.38
1573047123, 0, 55, 1582, 1570, 475, 6.37%, 0, 0, 3, 2053.91
1573047189, 0, 55, 1583, 1571, 475, 6.37%, 0, 0, 3, 2151.86
1573047194, 0, 55, 1584, 1572, 475, 6.37%, 0, 0, 3, 2154.32
1573047361, 0, 55, 1585, 1573, 475, 6.37%, 0, 0, 3, 2309.42
1573047438, 0, 69, 1585, 1572, 476, 6.37%, 0, 0, 3, 2113.78
1573047468, 0, 69, 1586, 1573, 476, 6.37%, 0, 0, 3, 1944.24
1573047499, 0, 69, 1587, 1574, 476, 6.37%, 0, 0, 3, 1813.34
1573047540, 0, 69, 1588, 1575, 476, 6.37%, 0, 0, 3, 1794.61
1573047626, 0, 69, 1589, 1576, 476, 6.37%, 0, 0, 3, 1844.94
1573047956, 0, 101, 1589, 1573, 473, 6.37%, 0, 0, 3, 2216.46
1573047961, 0, 101, 1590, 1574, 473, 6.37%, 0, 0, 3, 2163.16
1573047976, 0, 101, 1592, 1576, 473, 6.38%, 0, 0, 3, 2028.06
1573047981, 0, 101, 1593, 1577, 473, 6.38%, 0, 0, 3, 2099.04
1573048002, 0, 101, 1595, 1579, 473, 6.38%, 0, 0, 3, 2189.85
1573048017, 0, 101, 1596, 1580, 473, 6.38%, 0, 0, 3, 2139.54
1573048069, 0, 101, 1597, 1581, 473, 6.38%, 0, 0, 3, 2055.76
1573048084, 0, 101, 1598, 1582, 473, 6.38%, 0, 0, 3, 2054.90
1573048089, 0, 101, 1599, 1583, 473, 6.38%, 0, 0, 3, 2183.14
1573048211, 0, 101, 1600, 1584, 473, 6.38%, 0, 0, 3, 2135.78
1573048216, 0, 101, 1602, 1586, 473, 6.38%, 0, 0, 3, 2126.32
1573048221, 0, 101, 1603, 1587, 473, 6.38%, 0, 0, 3, 2204.16
1573048262, 0, 101, 1607, 1591, 473, 6.39%, 0, 0, 3, 2215.18
1573048267, 0, 101, 1617, 1601, 473, 6.41%, 0, 0, 3, 2297.45
1573048272, 0, 101, 1630, 1614, 473, 6.58%, 0, 0, 3, 2584.25
1573048277, 0, 118, 1630, 1612, 475, 6.58%, 0, 0, 3, 2035.53
1573048363, 0, 118, 1631, 1613, 475, 6.58%, 0, 0, 3, 1958.41
1573048378, 0, 118, 1632, 1614, 475, 6.59%, 0, 0, 3, 1831.33
1573048388, 0, 118, 1633, 1615, 475, 6.59%, 0, 0, 3, 1687.86
1573048815, 0, 120, 1634, 1615, 476, 6.59%, 0, 0, 3, 1950.27
1573048840, 0, 120, 1635, 1616, 476, 6.59%, 0, 0, 3, 1982.80
1573049348, 0, 120, 1641, 1622, 476, 6.59%, 0, 0, 3, 2131.71
1573049353, 0, 120, 1650, 1631, 476, 6.60%, 0, 0, 3, 2141.01
1573049358, 0, 120, 1657, 1638, 476, 6.61%, 0, 0, 3, 2313.88
1573049363, 0, 126, 1660, 1638, 483, 6.62%, 0, 0, 3, 2221.21
1573049455, 0, 126, 1661, 1639, 483, 6.62%, 0, 0, 3, 1736.03
1573049475, 0, 126, 1662, 1640, 483, 6.62%, 0, 0, 3, 1931.93
1573049907, 0, 142, 1662, 1636, 481, 6.62%, 0, 0, 3, 2384.10
1573049912, 0, 156, 1663, 1633, 477, 6.62%, 0, 0, 3, 2313.73
1573050024, 0, 156, 1664, 1634, 477, 6.63%, 0, 0, 3, 1744.52
1573050449, 0, 192, 1664, 1631, 476, 6.63%, 0, 0, 3, 2130.20
1573050469, 0, 192, 1665, 1632, 476, 6.63%, 0, 0, 3, 1835.64
1573050479, 0, 192, 1669, 1636, 476, 6.63%, 0, 0, 3, 1642.80
1573051009, 0, 193, 1669, 1635, 476, 6.63%, 0, 0, 3, 2071.34
1573051014, 0, 203, 1669, 1632, 473, 6.63%, 0, 0, 3, 1994.27
1573051065, 0, 203, 1670, 1633, 473, 6.63%, 0, 0, 3, 1618.80
1573051577, 0, 212, 1670, 1632, 472, 6.63%, 0, 0, 3, 1694.57
1573051593, 0, 212, 1671, 1633, 472, 6.63%, 0, 0, 3, 1892.36
1573052115, 0, 235, 1671, 1629, 470, 6.63%, 0, 0, 3, 2199.21
1573052136, 0, 235, 1672, 1630, 470, 6.63%, 0, 0, 3, 1680.15
1573052166, 0, 235, 1674, 1632, 470, 6.63%, 0, 0, 3, 1931.57
1573052202, 0, 235, 1675, 1633, 470, 6.63%, 0, 0, 3, 1931.76
1573052650, 0, 235, 1678, 1636, 470, 6.63%, 0, 0, 3, 1971.56
1573052655, 0, 235, 1683, 1641, 470, 6.64%, 0, 0, 3, 2361.22
1573052660, 0, 235, 1689, 1647, 470, 6.64%, 0, 0, 3, 2421.97
1573052665, 0, 239, 1694, 1651, 476, 6.65%, 0, 0, 3, 2126.10
1573052797, 0, 239, 1695, 1652, 476, 6.65%, 0, 0, 3, 1954.56
1573053208, 0, 254, 1697, 1652, 473, 6.67%, 0, 0, 3, 2144.29
1573053229, 0, 254, 1698, 1653, 473, 6.67%, 0, 0, 3, 1892.03
1573053747, 0, 254, 1706, 1661, 473, 6.67%, 0, 0, 3, 1981.84
1573053752, 0, 254, 1712, 1667, 473, 6.69%, 0, 0, 3, 2414.89
1573053757, 0, 256, 1718, 1672, 477, 6.69%, 0, 0, 3, 2216.91
1573053762, 0, 269, 1718, 1667, 472, 6.69%, 0, 0, 3, 2324.72
1573053895, 0, 269, 1719, 1668, 472, 6.69%, 0, 0, 3, 1893.92
1573054297, 0, 274, 1719, 1667, 472, 6.69%, 0, 0, 3, 1975.19
1573054318, 0, 274, 1721, 1669, 472, 6.70%, 0, 0, 3, 1841.87
1573054349, 0, 274, 1722, 1670, 472, 6.70%, 0, 0, 3, 1741.17
1573054826, 0, 276, 1722, 1669, 473, 6.70%, 0, 0, 3, 2015.29
1573054846, 0, 276, 1725, 1672, 473, 6.70%, 0, 0, 3, 1795.77
1573054876, 0, 276, 1728, 1675, 473, 6.72%, 0, 0, 3, 1965.86
1573054963, 0, 276, 1729, 1676, 473, 6.72%, 0, 0, 3, 1801.03
1573055379, 0, 281, 1729, 1674, 476, 6.72%, 0, 0, 3, 1992.10
1573055517, 0, 281, 1730, 1675, 476, 6.72%, 0, 0, 3, 2068.39
1573055918, 0, 281, 1731, 1676, 476, 6.72%, 0, 0, 3, 1998.16
1573055924, 0, 296, 1732, 1675, 474, 6.72%, 0, 0, 3, 2190.12
1573056457, 0, 310, 1732, 1673, 472, 6.72%, 0, 0, 3, 2083.39
1573056462, 0, 310, 1733, 1674, 472, 6.72%, 0, 0, 3, 1754.04
1573056478, 0, 310, 1737, 1678, 472, 6.81%, 0, 0, 3, 1997.30
1573056488, 0, 310, 1740, 1681, 472, 6.81%, 0, 0, 3, 1823.39
1573056493, 0, 310, 1741, 1682, 472, 6.81%, 0, 0, 3, 1698.45
1573056523, 0, 310, 1742, 1683, 472, 6.81%, 0, 0, 3, 1974.87
1573056564, 0, 310, 1744, 1685, 472, 6.81%, 0, 0, 3, 2085.70
1573056589, 0, 310, 1745, 1686, 472, 6.81%, 0, 0, 3, 1746.82
1573056991, 0, 320, 1745, 1683, 467, 6.81%, 0, 0, 3, 2308.77
1573057006, 0, 320, 1748, 1686, 467, 6.82%, 0, 0, 3, 2015.70
1573057037, 0, 320, 1749, 1687, 467, 6.82%, 0, 0, 3, 2033.02
1573057093, 0, 320, 1750, 1688, 467, 6.82%, 0, 0, 3, 1954.99
1573057235, 0, 320, 1751, 1689, 467, 6.82%, 0, 0, 3, 1980.12
1573057526, 0, 320, 1759, 1697, 467, 6.83%, 0, 0, 3, 2151.04
1573057531, 0, 320, 1767, 1705, 467, 6.83%, 0, 0, 3, 2280.57
1573057536, 0, 320, 1771, 1709, 467, 6.84%, 0, 0, 3, 2417.45
1573057541, 0, 323, 1773, 1710, 473, 6.85%, 0, 0, 3, 2162.64
1573057668, 0, 323, 1774, 1711, 473, 6.85%, 0, 0, 3, 1826.33
1573057974, 0, 323, 1775, 1712, 473, 6.85%, 0, 0, 3, 1872.45
1573058081, 0, 328, 1775, 1711, 472, 6.85%, 0, 0, 3, 1727.35
1573058214, 0, 328, 1776, 1712, 472, 6.85%, 0, 0, 3, 1567.71
1573058615, 0, 328, 1778, 1714, 472, 6.85%, 0, 0, 3, 2012.99
1573058620, 0, 360, 1779, 1712, 470, 6.85%, 0, 0, 3, 1884.30
1573058641, 0, 360, 1780, 1713, 470, 6.85%, 0, 0, 3, 1614.77
1573058651, 0, 360, 1781, 1714, 470, 6.85%, 0, 0, 3, 1845.08
1573058656, 0, 360, 1783, 1716, 470, 6.85%, 0, 0, 3, 1818.20
1573058722, 0, 360, 1787, 1720, 470, 6.85%, 0, 0, 3, 2067.23
1573058819, 0, 360, 1788, 1721, 470, 6.90%, 0, 0, 3, 1685.47
1573059180, 0, 377, 1788, 1719, 471, 6.90%, 0, 0, 3, 1857.26
1573059210, 0, 377, 1792, 1723, 471, 6.90%, 0, 0, 3, 1837.90
1573059724, 0, 377, 1794, 1725, 471, 6.90%, 0, 0, 3, 1960.52
1573059729, 0, 382, 1798, 1727, 470, 6.90%, 0, 0, 3, 1852.83
1573059759, 0, 382, 1799, 1728, 470, 6.90%, 0, 0, 3, 2023.14
1573059764, 0, 382, 1802, 1731, 470, 6.90%, 0, 0, 3, 1999.91
1573059795, 0, 382, 1803, 1732, 470, 6.90%, 0, 0, 3, 1662.58
1573059836, 0, 382, 1805, 1734, 470, 6.90%, 0, 0, 3, 2124.68
1573059958, 0, 382, 1807, 1736, 470, 6.90%, 0, 0, 3, 1630.40
1573060427, 0, 387, 1807, 1735, 472, 6.90%, 0, 0, 3, 1887.86
1573060447, 0, 387, 1808, 1736, 472, 6.91%, 0, 0, 3, 1851.19
1573060457, 0, 387, 1811, 1739, 472, 6.91%, 0, 0, 3, 1849.53
1573060462, 0, 387, 1812, 1740, 472, 6.91%, 0, 0, 3, 1843.90
1573060483, 0, 387, 1813, 1741, 472, 6.91%, 0, 0, 3, 1625.17
1573060493, 0, 387, 1815, 1743, 472, 6.91%, 0, 0, 3, 1887.02
1573060971, 0, 387, 1820, 1748, 472, 6.92%, 0, 0, 3, 2225.70
1573060976, 0, 387, 1828, 1756, 472, 6.94%, 0, 0, 3, 2311.87
1573060981, 0, 387, 1832, 1760, 472, 6.95%, 0, 0, 3, 2053.74
1573060986, 0, 406, 1832, 1758, 482, 6.95%, 0, 0, 3, 1940.25
1573061012, 0, 406, 1833, 1759, 482, 6.95%, 0, 0, 3, 1842.73
1573061017, 0, 406, 1836, 1762, 482, 6.95%, 0, 0, 3, 1763.25
1573061546, 0, 412, 1836, 1761, 481, 6.95%, 0, 0, 3, 1887.55
1573061576, 0, 412, 1837, 1762, 481, 6.95%, 0, 0, 3, 1821.19
1573061606, 0, 412, 1839, 1764, 481, 6.95%, 0, 0, 3, 1813.88
1573062063, 0, 416, 1840, 1764, 480, 6.95%, 0, 0, 3, 2092.24
1573062068, 0, 416, 1841, 1765, 480, 6.95%, 0, 0, 3, 2018.16
1573062093, 0, 416, 1845, 1769, 480, 6.96%, 0, 0, 3, 1950.77
1573062124, 0, 416, 1846, 1770, 480, 6.96%, 0, 0, 3, 1667.65
1573062170, 0, 416, 1847, 1771, 480, 6.96%, 0, 0, 3, 1836.61
1573062261, 0, 416, 1848, 1772, 480, 6.96%, 0, 0, 3, 1608.62
1573062607, 0, 421, 1848, 1770, 481, 6.96%, 0, 0, 3, 2058.90
1573062612, 0, 457, 1848, 1768, 479, 6.96%, 0, 0, 3, 1703.05
1573062648, 0, 457, 1849, 1769, 479, 6.96%, 0, 0, 3, 1625.21
1573062714, 0, 457, 1850, 1770, 479, 6.96%, 0, 0, 3, 1661.38
1573062724, 0, 457, 1851, 1771, 479, 6.96%, 0, 0, 3, 1731.33
1573062831, 0, 457, 1852, 1772, 479, 6.97%, 0, 0, 3, 1927.81
1573063177, 0, 460, 1852, 1771, 478, 6.97%, 0, 0, 3, 1834.91
1573063208, 0, 460, 1853, 1772, 478, 6.97%, 0, 0, 3, 1560.84
1573063396, 0, 460, 1854, 1773, 478, 6.98%, 0, 0, 3, 2001.09
1573063748, 0, 461, 1854, 1772, 479, 6.98%, 0, 0, 3, 2072.85
1573063783, 0, 461, 1855, 1773, 479, 6.98%, 0, 0, 3, 1564.37
1573063978, 0, 461, 1856, 1774, 479, 6.98%, 0, 0, 3, 1819.79
1573064329, 0, 476, 1857, 1771, 477, 6.98%, 0, 0, 3, 2145.95
1573064360, 0, 476, 1858, 1772, 477, 6.98%, 0, 0, 3, 1642.96
1573064400, 0, 476, 1859, 1773, 477, 6.98%, 0, 0, 3, 1649.73
1573064867, 0, 476, 1860, 1774, 477, 6.99%, 0, 0, 3, 1646.47
1573064908, 0, 509, 1860, 1770, 474, 6.99%, 0, 0, 3, 2497.36
1573064913, 0, 550, 1860, 1764, 469, 6.99%, 0, 0, 3, 2393.44
1573064943, 0, 550, 1861, 1765, 469, 6.99%, 0, 0, 3, 1653.21
1573065029, 0, 550, 1862, 1766, 469, 6.99%, 0, 0, 3, 1967.66
1573065481, 0, 564, 1862, 1761, 465, 6.99%, 0, 0, 3, 2525.40
1573065486, 0, 571, 1862, 1759, 463, 6.99%, 0, 0, 3, 2197.15
1573065619, 0, 571, 1863, 1760, 463, 6.99%, 0, 0, 3, 1618.02
1573066045, 0, 575, 1875, 1771, 462, 6.99%, 0, 0, 3, 1974.14
1573066050, 0, 575, 1880, 1776, 462, 6.99%, 0, 0, 3, 1629.45
1573066066, 0, 575, 1885, 1781, 462, 7.00%, 0, 0, 3, 1594.61
1573066076, 0, 575, 1887, 1783, 462, 7.00%, 0, 0, 3, 1758.07
1573066081, 0, 575, 1890, 1786, 462, 7.00%, 0, 0, 3, 1869.32
1573066086, 0, 575, 1891, 1787, 462, 7.00%, 0, 0, 3, 1688.61
1573066111, 0, 575, 1893, 1789, 462, 7.00%, 0, 0, 3, 1581.42
1573066163, 0, 575, 1900, 1796, 462, 7.00%, 0, 0, 3, 1903.29
1573066269, 0, 575, 1901, 1797, 462, 7.00%, 0, 0, 3, 1655.85
1573066513, 0, 575, 1902, 1798, 462, 7.00%, 0, 0, 3, 1629.41
1573066635, 0, 587, 1902, 1794, 459, 7.00%, 0, 0, 3, 2169.39
1573066641, 0, 587, 1903, 1795, 459, 7.01%, 0, 0, 3, 2030.88
1573066666, 0, 587, 1906, 1798, 459, 7.01%, 0, 0, 3, 1820.51
1573066691, 0, 587, 1907, 1799, 459, 7.01%, 0, 0, 3, 1825.96
1573066829, 0, 587, 1908, 1800, 459, 7.01%, 0, 0, 3, 1697.67
1573067129, 0, 587, 1910, 1802, 459, 7.01%, 0, 0, 3, 1784.58
1573067174, 0, 587, 1911, 1803, 459, 7.01%, 0, 0, 3, 1774.69
1573067190, 0, 593, 1911, 1801, 459, 7.01%, 0, 0, 3, 2072.31
1573067195, 0, 593, 1915, 1805, 459, 7.02%, 0, 0, 3, 1918.78
1573067215, 0, 593, 1918, 1808, 459, 7.02%, 0, 0, 3, 2064.17
1573067251, 0, 593, 1919, 1809, 459, 7.03%, 0, 0, 3, 2046.86
1573067770, 0, 616, 1926, 1815, 465, 7.06%, 0, 0, 3, 1947.39
1573067800, 0, 616, 1932, 1821, 465, 7.06%, 0, 0, 3, 1771.32
1573067831, 0, 616, 1933, 1822, 465, 7.06%, 0, 0, 3, 1749.01
1573067836, 0, 616, 1935, 1824, 465, 7.07%, 0, 0, 3, 1836.21
1573067871, 0, 616, 1936, 1825, 465, 7.07%, 0, 0, 3, 1713.60
1573067881, 0, 616, 1958, 1847, 465, 7.24%, 0, 0, 3, 2038.43
1573068281, 0, 616, 1959, 1848, 465, 7.24%, 0, 0, 3, 2052.58
1573068291, 0, 616, 1965, 1854, 465, 7.25%, 0, 0, 3, 2447.24
1573068296, 0, 616, 1975, 1864, 465, 7.25%, 0, 0, 3, 2556.59
1573068301, 0, 640, 1980, 1867, 490, 7.26%, 0, 0, 3, 2629.94
1573068379, 0, 640, 1981, 1868, 490, 7.26%, 0, 0, 3, 2047.67
1573068795, 0, 640, 1982, 1869, 490, 7.26%, 0, 0, 3, 2082.43
1573068800, 0, 655, 1984, 1866, 487, 7.27%, 0, 0, 3, 2421.33
1573068831, 0, 655, 1986, 1868, 487, 7.27%, 0, 0, 3, 1957.86
1573068862, 0, 655, 1987, 1869, 487, 7.27%, 0, 0, 3, 1945.85
1573069006, 0, 655, 1988, 1870, 487, 7.27%, 0, 0, 3, 1894.47
1573069344, 0, 669, 1988, 1865, 485, 7.27%, 0, 0, 3, 2287.82
1573069656, 0, 669, 1989, 1866, 485, 7.27%, 0, 0, 3, 1946.42
1573069825, 0, 669, 1990, 1867, 485, 7.27%, 0, 0, 3, 1997.27
1573069871, 0, 673, 1991, 1866, 483, 7.27%, 0, 0, 3, 2324.63
1573069876, 0, 729, 1991, 1858, 475, 7.27%, 0, 0, 3, 2769.45
1573069881, 0, 762, 1991, 1850, 467, 7.27%, 0, 0, 3, 2877.12
1573069886, 0, 788, 1991, 1842, 460, 7.27%, 0, 0, 3, 2904.78
1573070407, 0, 809, 1991, 1834, 453, 7.27%, 0, 0, 3, 2746.12
1573070412, 0, 823, 1992, 1832, 451, 7.27%, 0, 0, 3, 2307.07
1573070417, 0, 823, 1993, 1833, 451, 7.27%, 0, 0, 3, 2052.74
1573070438, 0, 823, 1994, 1834, 451, 7.27%, 0, 0, 3, 1960.24
1573070469, 0, 823, 1995, 1835, 451, 7.27%, 0, 0, 3, 1977.51
1573070510, 0, 823, 1997, 1837, 451, 7.29%, 0, 0, 3, 1980.52
1573070597, 0, 823, 1998, 1838, 451, 7.30%, 0, 0, 3, 1981.14
1573070919, 0, 855, 1998, 1834, 451, 7.30%, 0, 0, 3, 2330.28
1573070945, 0, 855, 1999, 1835, 451, 7.30%, 0, 0, 3, 1991.62
1573071124, 0, 855, 2000, 1836, 451, 7.30%, 0, 0, 3, 1991.26
1573071441, 0, 864, 2003, 1836, 450, 7.30%, 0, 0, 3, 2594.57
1573071446, 0, 898, 2004, 1834, 447, 7.30%, 0, 0, 3, 2175.79
1573071477, 0, 898, 2005, 1835, 447, 7.31%, 0, 0, 3, 1833.98
1573071548, 0, 898, 2007, 1837, 447, 7.31%, 0, 0, 3, 1874.01
1573071799, 0, 898, 2008, 1838, 447, 7.31%, 0, 0, 3, 1866.67
1573071840, 0, 926, 2009, 1834, 445, 7.31%, 0, 0, 3, 2523.27
1573071845, 0, 938, 2009, 1831, 442, 7.31%, 0, 0, 3, 2288.37
1573071870, 0, 938, 2010, 1832, 442, 7.31%, 0, 0, 3, 2003.11
1573071901, 0, 938, 2011, 1833, 442, 7.31%, 0, 0, 3, 2029.64
1573072361, 0, 982, 2013, 1829, 437, 7.31%, 0, 0, 3, 2648.36
1573072381, 0, 982, 2014, 1830, 437, 7.32%, 0, 0, 3, 2639.52
1573072432, 0, 982, 2015, 1831, 437, 7.32%, 0, 0, 3, 2666.46
1573072519, 0, 982, 2016, 1832, 437, 7.32%, 0, 0, 3, 2652.92
1573072529, 0, 983, 2019, 1834, 439, 7.32%, 0, 0, 3, 2804.68
1573072539, 0, 983, 2021, 1836, 439, 7.32%, 0, 0, 3, 2990.51
1573072550, 0, 983, 2022, 1837, 439, 7.32%, 0, 0, 3, 2998.68
1573072565, 0, 983, 2023, 1838, 439, 7.32%, 0, 0, 3, 3008.62
1573072585, 0, 983, 2024, 1839, 439, 7.32%, 0, 0, 3, 3015.36
1573072605, 0, 983, 2025, 1840, 439, 7.32%, 0, 0, 3, 3024.70
1573072610, 0, 1005, 2036, 1849, 440, 7.35%, 0, 0, 3, 3218.17
1573072615, 0, 1025, 2051, 1860, 449, 7.38%, 0, 0, 3, 3056.54
1573072626, 0, 1025, 2053, 1862, 449, 7.39%, 0, 0, 3, 2725.04
1573072636, 0, 1025, 2056, 1865, 449, 7.39%, 0, 0, 3, 2787.02
1573072646, 0, 1025, 2058, 1867, 449, 7.39%, 0, 0, 3, 2768.88
1573072657, 0, 1025, 2059, 1868, 449, 7.39%, 0, 0, 3, 2796.91
1573072667, 0, 1025, 2060, 1869, 449, 7.39%, 0, 0, 3, 2787.26
1573072682, 0, 1025, 2061, 1870, 449, 7.39%, 0, 0, 3, 2796.18
1573072688, 0, 1025, 2065, 1874, 449, 7.39%, 0, 0, 3, 2811.27
1573072703, 0, 1025, 2066, 1875, 449, 7.39%, 0, 0, 3, 2791.05
1573072718, 0, 1045, 2074, 1877, 449, 7.40%, 0, 0, 3, 2584.00
1573072723, 0, 1045, 2075, 1878, 449, 7.40%, 0, 0, 3, 2151.17
1573072744, 0, 1045, 2078, 1881, 449, 7.40%, 0, 0, 3, 2040.71
1573072749, 0, 1045, 2081, 1884, 449, 7.40%, 0, 0, 3, 2046.75
1573072775, 0, 1045, 2082, 1885, 449, 7.40%, 0, 0, 3, 2031.06
1573072811, 0, 1045, 2088, 1891, 449, 7.40%, 0, 0, 3, 2093.89
1573072816, 0, 1045, 2089, 1892, 449, 7.40%, 0, 0, 3, 2067.18
1573072826, 0, 1045, 2090, 1893, 449, 7.40%, 0, 0, 3, 2055.73
1573072908, 0, 1045, 2092, 1895, 449, 7.40%, 0, 0, 3, 2059.43
1573072913, 0, 1045, 2093, 1896, 449, 7.40%, 0, 0, 3, 2105.55
1573072918, 0, 1045, 2096, 1899, 449, 7.40%, 0, 0, 3, 2057.40
1573072928, 0, 1045, 2100, 1903, 449, 7.40%, 0, 0, 3, 2081.69
1573072949, 0, 1047, 2104, 1906, 453, 7.41%, 0, 0, 3, 1999.70
1573072985, 0, 1047, 2112, 1914, 453, 7.42%, 0, 0, 3, 1821.68
1573073015, 0, 1047, 2113, 1915, 453, 7.42%, 0, 0, 3, 1852.70
1573073056, 0, 1047, 2129, 1931, 453, 7.45%, 0, 0, 3, 1873.91
1573073103, 0, 1047, 2130, 1932, 453, 7.45%, 0, 0, 3, 1838.82
1573073108, 0, 1047, 2131, 1933, 453, 7.45%, 0, 0, 3, 1830.94
1573073154, 0, 1047, 2132, 1934, 453, 7.45%, 0, 0, 3, 1817.58
1573073389, 0, 1047, 2133, 1935, 453, 7.45%, 0, 0, 3, 1840.74
1573073420, 0, 1047, 2134, 1936, 453, 7.45%, 0, 0, 3, 1841.60
1573073461, 0, 1047, 2141, 1943, 453, 7.47%, 0, 0, 3, 1885.23
1573073497, 0, 1047, 2142, 1944, 453, 7.47%, 0, 0, 3, 1848.57
1573073533, 0, 1048, 2145, 1946, 469, 7.47%, 0, 0, 3, 2317.20
1573073553, 0, 1048, 2147, 1948, 469, 7.47%, 0, 0, 3, 2373.44
1573073609, 0, 1048, 2148, 1949, 469, 7.47%, 0, 0, 3, 2394.49
1573073701, 0, 1051, 2148, 1947, 468, 7.47%, 0, 0, 3, 2623.69
1573073722, 0, 1051, 2149, 1948, 468, 7.47%, 0, 0, 3, 2700.23
1573073732, 0, 1051, 2150, 1949, 468, 7.47%, 0, 0, 3, 2680.58
1573073997, 0, 1053, 2152, 1950, 468, 7.47%, 0, 0, 3, 2686.99
1573074017, 0, 1053, 2153, 1951, 468, 7.47%, 0, 0, 3, 2667.44
1573074063, 0, 1053, 2154, 1952, 468, 7.47%, 0, 0, 3, 2671.01
1573074068, 0, 1053, 2159, 1957, 468, 7.48%, 0, 0, 3, 2695.32
1573074247, 0, 1053, 2160, 1958, 468, 7.48%, 0, 0, 3, 2686.02
1573074257, 0, 1053, 2161, 1959, 468, 7.48%, 0, 0, 3, 2702.27
1573074282, 0, 1053, 2163, 1961, 468, 7.48%, 0, 0, 3, 2679.52
1573074318, 0, 1056, 2163, 1960, 472, 7.48%, 0, 0, 3, 2459.69
1573074344, 0, 1056, 2166, 1963, 472, 7.49%, 0, 0, 3, 2297.43
1573074400, 0, 1056, 2172, 1969, 472, 7.51%, 0, 0, 3, 2257.22
1573074477, 0, 1056, 2174, 1971, 472, 7.51%, 0, 0, 3, 2337.86
1573074492, 0, 1065, 2195, 1988, 484, 7.61%, 0, 0, 3, 3128.85
1573074497, 0, 1066, 2195, 1987, 483, 7.61%, 0, 0, 3, 2363.75
1573074523, 0, 1066, 2197, 1989, 483, 7.61%, 0, 0, 3, 2081.47
1573074579, 0, 1066, 2198, 1990, 483, 7.61%, 0, 0, 3, 2071.48
1573074610, 0, 1066, 2201, 1993, 483, 7.61%, 0, 0, 3, 2084.97
1573074692, 0, 1066, 2202, 1994, 483, 7.61%, 0, 0, 3, 2080.93
1573074697, 0, 1066, 2203, 1995, 483, 7.61%, 0, 0, 3, 2089.53
1573074743, 0, 1070, 2207, 1997, 483, 7.61%, 0, 0, 3, 2580.90
1573074758, 0, 1070, 2209, 1999, 483, 7.61%, 0, 0, 3, 2703.11
1573074763, 0, 1070, 2210, 2000, 483, 7.62%, 0, 0, 3, 2680.95
1573074845, 0, 1094, 2212, 1998, 481, 7.62%, 0, 0, 3, 2776.00
1573074901, 0, 1094, 2213, 1999, 481, 7.62%, 0, 0, 3, 2617.89
1573074916, 0, 1094, 2214, 2000, 481, 7.62%, 0, 0, 3, 2638.47
1573074967, 0, 1094, 2215, 2001, 481, 7.62%, 0, 0, 3, 2641.37
1573074977, 0, 1097, 2216, 2001, 481, 7.62%, 0, 0, 3, 2487.95
1573075053, 0, 1097, 2217, 2002, 481, 7.62%, 0, 0, 3, 2430.84
1573075058, 0, 1097, 2218, 2003, 481, 7.62%, 0, 0, 3, 2424.82
1573075134, 0, 1097, 2219, 2004, 481, 7.62%, 0, 0, 3, 2431.81
1573075139, 0, 1099, 2220, 2003, 481, 7.62%, 0, 0, 3, 2357.54
1573075165, 0, 1099, 2222, 2005, 481, 7.62%, 0, 0, 3, 2310.96
1573075185, 0, 1099, 2223, 2006, 481, 7.62%, 0, 0, 3, 2332.62
1573075191, 0, 1099, 2224, 2007, 481, 7.62%, 0, 0, 3, 2341.90
1573075216, 0, 1099, 2225, 2008, 481, 7.62%, 0, 0, 3, 2379.72
1573075303, 0, 1099, 2226, 2009, 481, 7.62%, 0, 0, 3, 2337.54
1573075313, 0, 1099, 2230, 2013, 481, 7.63%, 0, 0, 3, 2505.04
1573075318, 0, 1099, 2235, 2018, 481, 7.64%, 0, 0, 3, 2664.03
1573075324, 0, 1099, 2238, 2021, 481, 7.64%, 0, 0, 3, 2706.44
1573075329, 0, 1111, 2245, 2026, 488, 7.66%, 0, 0, 3, 2503.53
1573075334, 0, 1111, 2247, 2028, 488, 7.67%, 0, 0, 3, 2456.08
1573075339, 0, 1111, 2256, 2037, 488, 7.71%, 0, 0, 3, 2454.91
1573075344, 0, 1111, 2257, 2038, 488, 7.71%, 0, 0, 3, 2404.38
1573075364, 0, 1111, 2258, 2039, 488, 7.71%, 0, 0, 3, 2485.05
1573075375, 0, 1111, 2262, 2043, 488, 7.71%, 0, 0, 3, 2448.04
1573075380, 0, 1111, 2274, 2055, 488, 7.75%, 0, 0, 3, 2787.91
1573075385, 0, 1115, 2299, 2078, 512, 7.81%, 0, 0, 3, 2916.20
1573075390, 0, 1133, 2300, 2073, 506, 7.81%, 0, 0, 3, 2685.03
1573075415, 0, 1133, 2301, 2074, 506, 7.81%, 0, 0, 3, 2493.09
1573075522, 0, 1150, 2313, 2082, 503, 7.83%, 0, 0, 3, 2478.76
1573075537, 0, 1150, 2314, 2083, 503, 7.83%, 0, 0, 3, 2284.62
1573075547, 0, 1150, 2326, 2095, 503, 7.84%, 0, 0, 3, 2307.29
1573075573, 0, 1150, 2331, 2100, 503, 7.84%, 0, 0, 3, 2298.22
1573075603, 0, 1150, 2343, 2112, 503, 7.86%, 0, 0, 3, 2338.24
1573075654, 0, 1150, 2346, 2115, 503, 7.89%, 0, 0, 3, 2299.02
1573075669, 0, 1150, 2347, 2116, 503, 7.89%, 0, 0, 3, 2301.34
1573075680, 0, 1150, 2389, 2158, 503, 8.01%, 0, 0, 3, 2476.68
1573075685, 0, 1150, 2401, 2170, 503, 8.03%, 0, 0, 3, 2615.55
1573075690, 0, 1154, 2418, 2185, 548, 8.09%, 0, 0, 3, 2682.66
1573075695, 0, 1154, 2420, 2187, 548, 8.09%, 0, 0, 3, 2427.46
1573075715, 0, 1154, 2423, 2190, 548, 8.09%, 0, 0, 3, 2343.32
1573075771, 0, 1154, 2432, 2199, 548, 8.10%, 0, 0, 3, 2398.00
1573075781, 0, 1154, 2433, 2200, 548, 8.10%, 0, 0, 3, 2361.50
1573075786, 0, 1154, 2435, 2202, 548, 8.11%, 0, 0, 3, 2359.83
1573075867, 0, 1154, 2438, 2205, 548, 8.11%, 0, 0, 3, 2389.33
1573075872, 0, 1154, 2439, 2206, 548, 8.11%, 0, 0, 3, 2376.97
1573075887, 0, 1166, 2441, 2207, 553, 8.11%, 0, 0, 3, 2701.28
1573075897, 0, 1166, 2442, 2208, 553, 8.11%, 0, 0, 3, 2736.11
1573075948, 0, 1166, 2443, 2209, 553, 8.11%, 0, 0, 3, 2735.99
1573075953, 0, 1166, 2445, 2211, 553, 8.11%, 0, 0, 3, 2775.53
1573076208, 0, 1166, 2449, 2215, 553, 8.11%, 0, 0, 3, 2924.63
1573076213, 0, 1166, 2453, 2219, 553, 8.12%, 0, 0, 3, 2955.66
1573076218, 0, 1168, 2465, 2230, 554, 8.13%, 0, 0, 3, 2756.32
1573076264, 0, 1168, 2468, 2233, 554, 8.13%, 0, 0, 3, 2643.00
1573076285, 0, 1168, 2470, 2235, 554, 8.13%, 0, 0, 3, 2653.96
1573076290, 0, 1168, 2474, 2239, 554, 8.13%, 0, 0, 3, 2667.02
1573076300, 0, 1168, 2475, 2240, 554, 8.13%, 0, 0, 3, 2707.25
1573076326, 0, 1168, 2476, 2241, 554, 8.13%, 0, 0, 3, 2692.83
1573076341, 0, 1169, 2481, 2245, 557, 8.13%, 0, 0, 3, 2658.20
1573076361, 0, 1169, 2483, 2247, 557, 8.13%, 0, 0, 3, 1936.88
1573076372, 0, 1169, 2485, 2249, 557, 8.13%, 0, 0, 3, 1926.46
1573076438, 0, 1169, 2486, 2250, 557, 8.13%, 0, 0, 3, 1965.14
1573076453, 0, 1169, 2488, 2252, 557, 8.13%, 0, 0, 3, 1927.86
1573076709, 0, 1169, 2489, 2253, 557, 8.13%, 0, 0, 3, 2018.57
1573076714, 0, 1183, 2489, 2251, 554, 8.13%, 0, 0, 3, 2367.29
1573076734, 0, 1183, 2491, 2253, 554, 8.14%, 0, 0, 3, 2344.97
1573076760, 0, 1183, 2492, 2254, 554, 8.14%, 0, 0, 3, 2347.09
1573076800, 0, 1183, 2494, 2256, 554, 8.14%, 0, 0, 3, 2326.64
1573076867, 0, 1183, 2496, 2258, 554, 8.15%, 0, 0, 3, 2340.96
1573076877, 0, 1183, 2498, 2260, 554, 8.15%, 0, 0, 3, 2351.85
1573076882, 0, 1184, 2500, 2261, 557, 8.16%, 0, 0, 3, 2613.89
1573076887, 0, 1184, 2502, 2263, 557, 8.16%, 0, 0, 3, 2381.82
1573076907, 0, 1184, 2504, 2265, 557, 8.16%, 0, 0, 3, 2323.01
1573076922, 0, 1184, 2505, 2266, 557, 8.16%, 0, 0, 3, 2315.09
1573076958, 0, 1184, 2508, 2269, 557, 8.16%, 0, 0, 3, 2357.68
1573077050, 0, 1187, 2510, 2270, 559, 8.16%, 0, 0, 3, 2794.93
1573077060, 0, 1187, 2511, 2271, 559, 8.16%, 0, 0, 3, 2980.72
1573077101, 0, 1187, 2513, 2273, 559, 8.16%, 0, 0, 3, 2990.32
1573077116, 0, 1187, 2515, 2275, 559, 8.16%, 0, 0, 3, 3016.30
1573077121, 0, 1187, 2517, 2277, 559, 8.16%, 0, 0, 3, 3023.30
1573077126, 0, 1197, 2523, 2280, 559, 8.16%, 0, 0, 4, 3006.57
1573077131, 0, 1197, 2525, 2282, 559, 8.16%, 0, 0, 4, 2771.79
1573077172, 0, 1197, 2526, 2283, 559, 8.16%, 0, 0, 4, 2733.81
1573077198, 0, 1197, 2528, 2285, 559, 8.16%, 0, 0, 4, 2719.37
1573077203, 0, 1197, 2529, 2286, 559, 8.16%, 0, 0, 4, 2727.42
1573077223, 0, 1197, 2531, 2288, 559, 8.16%, 0, 0, 4, 2750.54
1573077238, 0, 1215, 2536, 2288, 557, 8.23%, 0, 0, 4, 1890.33
1573077289, 0, 1215, 2540, 2292, 557, 8.39%, 0, 0, 4, 1137.30
1573077340, 0, 1215, 2541, 2293, 557, 8.39%, 0, 0, 4, 1139.74
1573077387, 0, 1215, 2542, 2294, 557, 8.39%, 0, 0, 4, 1131.93
1573077392, 0, 1215, 2543, 2295, 557, 8.39%, 0, 0, 4, 1136.32
1573077407, 0, 1215, 2552, 2304, 557, 8.82%, 0, 0, 4, 1193.38
1573077581, 0, 1215, 2558, 2310, 557, 8.83%, 0, 0, 4, 1131.20
1573077586, 0, 1215, 2560, 2312, 557, 8.83%, 0, 0, 4, 1160.60
1573077591, 0, 1215, 2561, 2313, 557, 8.83%, 0, 0, 4, 1209.44
1573078036, 0, 1215, 2562, 2314, 557, 8.83%, 0, 0, 4, 1122.71
1573078041, 0, 1215, 2563, 2315, 557, 8.83%, 0, 0, 4, 1175.75
1573078124, 0, 1215, 2567, 2319, 557, 8.92%, 0, 0, 4, 1245.07
1573078277, 0, 1215, 2568, 2320, 557, 8.92%, 0, 0, 4, 1160.22
1573078282, 0, 1232, 2571, 2318, 544, 8.93%, 0, 0, 4, 2331.31
1573078394, 0, 1232, 2572, 2319, 544, 8.93%, 0, 0, 4, 2692.77
1573078420, 0, 1233, 2578, 2324, 543, 8.93%, 0, 0, 4, 2688.62
1573078430, 0, 1233, 2580, 2326, 543, 8.93%, 0, 0, 4, 2618.40
1573078690, 0, 1233, 2581, 2327, 543, 8.93%, 0, 0, 4, 2666.90
1573078767, 0, 1239, 2586, 2331, 544, 8.93%, 0, 0, 4, 2655.22
1573078798, 0, 1239, 2589, 2334, 544, 8.93%, 0, 0, 4, 2111.20
1573078823, 0, 1239, 2590, 2335, 544, 8.93%, 0, 0, 4, 2121.68
1573078859, 0, 1239, 2594, 2339, 544, 8.93%, 0, 0, 4, 2143.88
1573078899, 0, 1239, 2595, 2340, 544, 8.93%, 0, 0, 4, 2084.86
1573079067, 0, 1239, 2596, 2341, 544, 8.93%, 0, 0, 4, 2129.69
1573079113, 0, 1248, 2609, 2349, 549, 8.97%, 0, 0, 4, 2728.69
1573079118, 0, 1252, 2615, 2354, 547, 8.99%, 0, 0, 4, 2366.89
1573079133, 0, 1252, 2616, 2355, 547, 8.99%, 0, 0, 4, 2224.35
1573079194, 0, 1252, 2617, 2356, 547, 8.99%, 0, 0, 4, 2198.48
1573079200, 0, 1252, 2618, 2357, 547, 8.99%, 0, 0, 4, 2267.24
1573079205, 0, 1252, 2619, 2358, 547, 8.99%, 0, 0, 4, 2227.22
1573079291, 0, 1252, 2620, 2359, 547, 8.99%, 0, 0, 4, 2229.39
1573079312, 0, 1256, 2620, 2357, 548, 8.99%, 0, 0, 4, 2474.54
1573079383, 0, 1256, 2621, 2358, 548, 8.99%, 0, 0, 4, 2526.12
1573079480, 0, 1272, 2627, 2362, 548, 9.01%, 0, 0, 4, 2346.24
1573079506, 0, 1272, 2630, 2365, 548, 9.01%, 0, 0, 4, 1982.89
1573079511, 0, 1272, 2632, 2367, 548, 9.02%, 0, 0, 4, 1994.15
1573079536, 0, 1272, 2633, 2368, 548, 9.02%, 0, 0, 4, 1995.45
1573079541, 0, 1272, 2635, 2370, 548, 9.03%, 0, 0, 4, 1989.27
1573079577, 0, 1272, 2651, 2386, 548, 9.09%, 0, 0, 4, 2033.13
1573080000, 0, 1272, 2652, 2387, 548, 9.09%, 0, 0, 4, 2001.86
1573080016, 0, 1290, 2652, 2382, 561, 9.09%, 0, 0, 4, 2604.61
1573080021, 0, 1298, 2653, 2380, 558, 9.10%, 0, 0, 4, 2269.95
1573080026, 0, 1298, 2664, 2391, 558, 9.12%, 0, 0, 4, 2057.19
1573080047, 0, 1298, 2678, 2405, 558, 9.12%, 0, 0, 4, 1991.57
1573080052, 0, 1298, 2679, 2406, 558, 9.12%, 0, 0, 4, 2001.84
1573080077, 0, 1298, 2682, 2409, 558, 9.12%, 0, 0, 4, 2020.31
1573080118, 0, 1298, 2683, 2410, 558, 9.12%, 0, 0, 4, 2036.07
1573080209, 0, 1298, 2686, 2413, 558, 9.12%, 0, 0, 4, 1992.65
1573080469, 0, 1298, 2687, 2414, 558, 9.12%, 0, 0, 4, 1979.83
1573080555, 0, 1298, 2697, 2424, 558, 9.12%, 0, 0, 4, 2317.68
1573080561, 0, 1298, 2706, 2433, 558, 9.12%, 0, 0, 4, 2478.74
1573080566, 0, 1310, 2708, 2428, 557, 9.12%, 0, 0, 4, 2823.80
1573080571, 0, 1329, 2708, 2421, 551, 9.12%, 0, 0, 4, 2983.69
1573080637, 0, 1329, 2709, 2422, 551, 9.12%, 0, 0, 4, 2739.82
1573080887, 0, 1329, 2710, 2423, 551, 9.12%, 0, 0, 4, 2685.87
1573080903, 0, 1342, 2711, 2420, 548, 9.12%, 0, 0, 4, 2950.98
1573080908, 0, 1348, 2714, 2419, 545, 9.13%, 0, 0, 4, 2739.09
1573080954, 0, 1348, 2715, 2420, 545, 9.13%, 0, 0, 4, 2646.92
1573080974, 0, 1348, 2716, 2421, 545, 9.13%, 0, 0, 4, 2629.14
