# unix_time, cycles_done, cur_path, paths_total, pending_total, pending_favs, map_size, unique_crashes, unique_hangs, max_depth, execs_per_sec
1573043987, 0, 0, 1, 1, 1, 1.80%, 0, 0, 1, 1600.00
1573043992, 0, 0, 209, 209, 1, 3.35%, 0, 0, 2, 2096.21
1573044008, 0, 0, 336, 336, 1, 3.69%, 0, 0, 2, 2149.92
1573044013, 0, 0, 387, 387, 1, 3.76%, 0, 0, 2, 2144.43
1573044018, 0, 0, 548, 548, 1, 4.16%, 0, 0, 2, 2141.25
1573044023, 0, 0, 560, 560, 1, 4.19%, 0, 0, 2, 2141.02
1573044033, 0, 0, 576, 576, 1, 4.22%, 0, 0, 2, 2138.79
1573044038, 0, 0, 578, 578, 1, 4.22%, 0, 0, 2, 2126.68
1573044043, 0, 0, 604, 604, 1, 4.27%, 0, 0, 2, 2117.68
1573044048, 0, 0, 638, 638, 1, 4.33%, 0, 0, 2, 2115.56
1573044064, 0, 0, 642, 642, 1, 4.34%, 0, 0, 2, 2130.79
1573044069, 0, 0, 649, 649, 1, 4.34%, 0, 0, 2, 2113.23
1573044074, 0, 0, 663, 663, 1, 4.37%, 0, 0, 2, 2106.98
1573044079, 0, 0, 670, 670, 1, 4.38%, 0, 0, 2, 2110.42
1573044084, 0, 0, 760, 760, 1, 4.66%, 0, 0, 2, 2144.09
1573044089, 0, 0, 785, 785, 1, 4.73%, 0, 0, 2, 2143.31
1573044094, 0, 0, 786, 786, 1, 4.73%, 0, 0, 2, 2123.50
1573044100, 0, 0, 787, 787, 1, 4.73%, 0, 0, 2, 2119.12
1573044105, 0, 0, 809, 809, 1, 4.86%, 0, 0, 2, 2095.42
1573044110, 0, 0, 812, 812, 1, 4.86%, 0, 0, 2, 2082.90
1573044161, 0, 0, 819, 819, 1, 4.87%, 0, 0, 2, 2016.39
1573044166, 0, 0, 836, 836, 1, 4.88%, 0, 0, 2, 1997.19
1573044171, 0, 0, 841, 841, 1, 4.90%, 0, 0, 2, 2011.94
1573044177, 0, 0, 845, 845, 1, 4.90%, 0, 0, 2, 2017.56
1573044182, 0, 0, 851, 851, 1, 4.90%, 0, 0, 2, 2028.44
1573044187, 0, 0, 865, 865, 1, 4.92%, 0, 0, 2, 2067.90
1573044341, 0, 0, 874, 874, 1, 4.93%, 0, 0, 2, 1975.60
1573044346, 0, 0, 881, 881, 1, 4.93%, 0, 0, 2, 1968.61
1573044351, 0, 0, 890, 890, 1, 4.93%, 0, 0, 2, 1965.87
1573044356, 0, 0, 892, 892, 1, 4.93%, 0, 0, 2, 1978.10
1573044376, 0, 0, 895, 895, 1, 4.93%, 0, 0, 2, 2002.86
1573044381, 0, 0, 920, 920, 1, 4.94%, 0, 0, 2, 2015.99
1573044392, 0, 0, 922, 922, 1, 4.94%, 0, 0, 2, 2003.21
1573044397, 0, 0, 923, 923, 1, 4.95%, 0, 0, 2, 1953.14
1573044432, 0, 0, 925, 925, 1, 4.95%, 0, 0, 2, 1968.39
1573044443, 0, 0, 935, 935, 1, 5.01%, 0, 0, 2, 1876.33
1573044448, 0, 0, 938, 938, 1, 5.02%, 0, 0, 2, 1909.69
1573044458, 0, 0, 941, 941, 1, 5.03%, 0, 0, 2, 1921.53
1573044463, 0, 0, 942, 942, 1, 5.03%, 0, 0, 2, 1982.35
1573044468, 0, 0, 1087, 1087, 1, 5.23%, 0, 0, 2, 2450.28
1573044473, 0, 0, 1143, 1143, 1, 5.40%, 0, 0, 2, 2489.05
1573044478, 0, 3, 1170, 1169, 388, 5.44%, 0, 0, 2, 2409.27
1573044980, 0, 3, 1199, 1198, 388, 5.51%, 0, 0, 3, 2251.15
1573044985, 0, 3, 1227, 1226, 388, 5.55%, 0, 0, 3, 2380.41
1573044990, 0, 14, 1242, 1239, 389, 5.57%, 0, 0, 3, 2471.90
1573044995, 0, 15, 1253, 1249, 388, 5.61%, 0, 0, 3, 2011.20
1573045000, 0, 15, 1256, 1252, 388, 5.61%, 0, 0, 3, 1974.98
1573045010, 0, 15, 1257, 1253, 388, 5.61%, 0, 0, 3, 1947.80
1573045020, 0, 15, 1271, 1267, 388, 5.61%, 0, 0, 3, 1968.37
1573045025, 0, 15, 1274, 1270, 388, 5.63%, 0, 0, 3, 1989.27
1573045051, 0, 15, 1279, 1275, 388, 5.63%, 0, 0, 3, 1904.74
1573045056, 0, 15, 1282, 1278, 388, 5.65%, 0, 0, 3, 1891.84
1573045091, 0, 15, 1296, 1292, 388, 5.84%, 0, 0, 3, 1967.36
1573045187, 0, 15, 1299, 1295, 388, 5.84%, 0, 0, 3, 1965.33
1573045375, 0, 15, 1300, 1296, 388, 5.84%, 0, 0, 3, 1805.90
1573045405, 0, 15, 1301, 1297, 388, 5.84%, 0, 0, 3, 1918.76
1573045461, 0, 15, 1302, 1298, 388, 5.84%, 0, 0, 3, 1981.27
1573045491, 0, 15, 1303, 1299, 388, 5.84%, 0, 0, 3, 1822.69
1573045496, 0, 15, 1322, 1318, 388, 5.86%, 0, 0, 3, 2041.61
1573045501, 0, 15, 1344, 1340, 388, 5.89%, 0, 0, 3, 2327.58
1573045506, 0, 15, 1363, 1359, 388, 5.91%, 0, 0, 3, 2370.44
1573045511, 0, 24, 1370, 1361, 429, 5.91%, 0, 0, 3, 2659.01
1573045516, 0, 37, 1374, 1364, 428, 5.92%, 0, 0, 3, 2253.18
1573045541, 0, 37, 1376, 1366, 428, 5.93%, 0, 0, 3, 1931.34
1573045572, 0, 37, 1377, 1367, 428, 5.93%, 0, 0, 3, 2072.48
1573045607, 0, 37, 1380, 1370, 428, 5.93%, 0, 0, 3, 2127.31
1573045678, 0, 37, 1382, 1372, 428, 5.93%, 0, 0, 3, 2084.62
1573045830, 0, 37, 1383, 1373, 428, 5.93%, 0, 0, 3, 2192.91
1573045835, 0, 37, 1385, 1375, 428, 5.93%, 0, 0, 3, 2219.93
1573045866, 0, 37, 1386, 1376, 428, 5.93%, 0, 0, 3, 2013.72
1573045937, 0, 37, 1394, 1384, 428, 5.94%, 0, 0, 3, 2263.33
1573045942, 0, 37, 1412, 1402, 428, 6.05%, 0, 0, 3, 2644.45
1573045947, 0, 37, 1425, 1415, 428, 6.06%, 0, 0, 3, 2703.67
1573045952, 0, 55, 1428, 1417, 442, 6.06%, 0, 0, 3, 2440.07
1573045972, 0, 55, 1429, 1418, 442, 6.06%, 0, 0, 3, 2220.98
1573045977, 0, 55, 1431, 1420, 442, 6.06%, 0, 0, 3, 2274.31
1573046003, 0, 55, 1432, 1421, 442, 6.06%, 0, 0, 3, 2071.28
1573046038, 0, 55, 1433, 1422, 442, 6.06%, 0, 0, 3, 2233.98
1573046109, 0, 55, 1434, 1423, 442, 6.06%, 0, 0, 3, 2215.59
1573046272, 0, 55, 1435, 1424, 442, 6.06%, 0, 0, 3, 2102.32
1573046323, 0, 55, 1436, 1425, 442, 6.06%, 0, 0, 3, 2121.68
1573046343, 0, 55, 1450, 1439, 442, 6.10%, 0, 0, 3, 2467.00
1573046348, 0, 55, 1457, 1446, 442, 6.12%, 0, 0, 3, 2601.06
1573046353, 0, 65, 1464, 1452, 454, 6.18%, 0, 0, 3, 2535.62
1573046358, 0, 65, 1466, 1454, 454, 6.18%, 0, 0, 3, 1841.54
1573046419, 0, 65, 1467, 1455, 454, 6.18%, 0, 0, 3, 1751.54
1573046424, 0, 65, 1468, 1456, 454, 6.18%, 0, 0, 3, 1734.60
1573046454, 0, 65, 1470, 1458, 454, 6.18%, 0, 0, 3, 1668.38
1573046470, 0, 65, 1472, 1460, 454, 6.18%, 0, 0, 3, 1589.71
1573046515, 0, 65, 1473, 1461, 454, 6.18%, 0, 0, 3, 1758.82
1573046688, 0, 65, 1474, 1462, 454, 6.18%, 0, 0, 3, 1813.87
1573046739, 0, 65, 1475, 1463, 454, 6.18%, 0, 0, 3, 1645.03
1573046749, 0, 69, 1475, 1462, 456, 6.18%, 0, 0, 3, 1753.27
1573046947, 0, 69, 1476, 1463, 456, 6.18%, 0, 0, 3, 1812.27
1573046968, 0, 69, 1477, 1464, 456, 6.18%, 0, 0, 3, 1790.45
1573047252, 0, 69, 1478, 1465, 456, 6.18%, 0, 0, 3, 1771.65
1573047268, 0, 104, 1489, 1473, 455, 6.19%, 0, 0, 3, 2323.65
1573047283, 0, 104, 1495, 1479, 455, 6.19%, 0, 0, 3, 2264.98
1573047298, 0, 104, 1500, 1484, 455, 6.20%, 0, 0, 3, 2215.64
1573047308, 0, 104, 1501, 1485, 455, 6.20%, 0, 0, 3, 2231.58
1573047318, 0, 104, 1502, 1486, 455, 6.20%, 0, 0, 3, 2170.48
1573047324, 0, 104, 1503, 1487, 455, 6.20%, 0, 0, 3, 2020.19
1573047359, 0, 104, 1505, 1489, 455, 6.20%, 0, 0, 3, 2141.56
1573047364, 0, 104, 1506, 1490, 455, 6.20%, 0, 0, 3, 2097.28
1573047374, 0, 104, 1507, 1491, 455, 6.20%, 0, 0, 3, 1961.89
1573047379, 0, 104, 1509, 1493, 455, 6.20%, 0, 0, 3, 2106.29
1573047394, 0, 104, 1511, 1495, 455, 6.20%, 0, 0, 3, 2143.08
1573047430, 0, 104, 1512, 1496, 455, 6.20%, 0, 0, 3, 2222.73
1573047501, 0, 104, 1515, 1499, 455, 6.20%, 0, 0, 3, 2257.31
1573047511, 0, 104, 1516, 1500, 455, 6.20%, 0, 0, 3, 2243.90
1573047547, 0, 104, 1517, 1501, 455, 6.20%, 0, 0, 3, 2008.52
1573047557, 0, 104, 1520, 1504, 455, 6.20%, 0, 0, 3, 2127.44
1573047562, 0, 104, 1532, 1516, 455, 6.42%, 0, 0, 3, 2392.60
1573047567, 0, 104, 1548, 1532, 455, 6.45%, 0, 0, 3, 2457.07
1573047572, 0, 120, 1551, 1534, 466, 6.45%, 0, 0, 3, 2133.95
1573047598, 0, 120, 1552, 1535, 466, 6.45%, 0, 0, 3, 1973.13
1573048091, 0, 126, 1552, 1532, 464, 6.45%, 0, 0, 3, 2240.04
1573048182, 0, 126, 1553, 1533, 464, 6.45%, 0, 0, 3, 1896.60
1573048202, 0, 126, 1554, 1534, 464, 6.45%, 0, 0, 3, 1861.26
1573048618, 0, 126, 1563, 1543, 464, 6.46%, 0, 0, 3, 2167.63
1573048623, 0, 126, 1568, 1548, 464, 6.47%, 0, 0, 3, 2148.35
1573048628, 0, 126, 1581, 1561, 464, 6.51%, 0, 0, 3, 2428.34
1573048633, 0, 147, 1585, 1560, 466, 6.51%, 0, 0, 3, 2520.98
1573048638, 0, 156, 1586, 1558, 463, 6.51%, 0, 0, 3, 2237.05
1573048674, 0, 156, 1587, 1559, 463, 6.51%, 0, 0, 3, 1960.66
1573048749, 0, 156, 1588, 1560, 463, 6.51%, 0, 0, 3, 1732.29
1573049165, 0, 156, 1592, 1564, 463, 6.51%, 0, 0, 3, 2066.13
1573049170, 0, 156, 1605, 1577, 463, 6.53%, 0, 0, 3, 2122.54
1573049175, 0, 156, 1616, 1588, 463, 6.56%, 0, 0, 3, 2233.87
1573049180, 0, 192, 1619, 1589, 477, 6.57%, 0, 0, 3, 2068.62
1573049201, 0, 192, 1620, 1590, 477, 6.57%, 0, 0, 3, 1666.93
1573049211, 0, 192, 1623, 1593, 477, 6.57%, 0, 0, 3, 1762.12
1573049216, 0, 192, 1624, 1594, 477, 6.57%, 0, 0, 3, 1854.54
1573049740, 0, 193, 1624, 1593, 477, 6.57%, 0, 0, 3, 2023.43
1573049745, 0, 203, 1624, 1590, 474, 6.57%, 0, 0, 3, 2041.86
1573049795, 0, 203, 1625, 1591, 474, 6.57%, 0, 0, 3, 1739.18
1573050302, 0, 224, 1625, 1590, 473, 6.57%, 0, 0, 3, 1770.31
1573050317, 0, 224, 1626, 1591, 473, 6.57%, 0, 0, 3, 1799.87
1573050832, 0, 224, 1635, 1600, 473, 6.58%, 0, 0, 3, 2268.27
1573050837, 0, 224, 1650, 1615, 473, 6.61%, 0, 0, 3, 2146.16
1573050843, 0, 224, 1661, 1626, 473, 6.62%, 0, 0, 3, 2324.61
1573050848, 0, 227, 1662, 1626, 481, 6.62%, 0, 0, 3, 2002.09
1573050863, 0, 227, 1663, 1627, 481, 6.62%, 0, 0, 3, 1950.18
1573051371, 0, 234, 1663, 1625, 480, 6.62%, 0, 0, 3, 2192.42
1573051391, 0, 234, 1666, 1628, 480, 6.62%, 0, 0, 3, 1597.83
1573051899, 0, 238, 1666, 1627, 480, 6.62%, 0, 0, 3, 1891.37
1573051904, 0, 239, 1666, 1626, 479, 6.62%, 0, 0, 3, 2095.03
1573051920, 0, 239, 1667, 1627, 479, 6.62%, 0, 0, 3, 1987.23
1573052001, 0, 239, 1668, 1628, 479, 6.62%, 0, 0, 3, 1786.34
1573052026, 0, 239, 1670, 1630, 479, 6.62%, 0, 0, 3, 1822.86
1573052432, 0, 239, 1671, 1631, 479, 6.62%, 0, 0, 3, 1961.22
1573052437, 0, 239, 1677, 1637, 479, 6.63%, 0, 0, 3, 2269.01
1573052442, 0, 239, 1687, 1647, 479, 6.65%, 0, 0, 3, 2454.47
1573052447, 0, 248, 1693, 1651, 485, 6.65%, 0, 0, 3, 2259.00
1573052483, 0, 248, 1695, 1653, 485, 6.65%, 0, 0, 3, 1889.83
1573052508, 0, 248, 1696, 1654, 485, 6.65%, 0, 0, 3, 1994.65
1573052554, 0, 248, 1698, 1656, 485, 6.65%, 0, 0, 3, 1954.73
1573052884, 0, 248, 1699, 1657, 485, 6.65%, 0, 0, 3, 1859.26
1573052950, 0, 248, 1702, 1660, 485, 6.65%, 0, 0, 3, 1963.11
1573052981, 0, 248, 1710, 1668, 485, 6.69%, 0, 0, 3, 2167.16
1573052986, 0, 248, 1718, 1676, 485, 6.70%, 0, 0, 3, 2532.87
1573052991, 0, 248, 1725, 1683, 485, 6.72%, 0, 0, 3, 2571.38
1573052996, 0, 269, 1725, 1680, 486, 6.72%, 0, 0, 3, 2361.13
1573053123, 0, 269, 1726, 1681, 486, 6.72%, 0, 0, 3, 1653.07
1573053529, 0, 276, 1726, 1680, 486, 6.72%, 0, 0, 3, 2070.86
1573053545, 0, 276, 1730, 1684, 486, 6.72%, 0, 0, 3, 1898.29
1573053575, 0, 276, 1733, 1687, 486, 6.75%, 0, 0, 3, 1674.93
1573053661, 0, 276, 1734, 1688, 486, 6.75%, 0, 0, 3, 1634.66
1573054063, 0, 278, 1734, 1686, 488, 6.75%, 0, 0, 3, 2007.44
1573054200, 0, 278, 1735, 1687, 488, 6.75%, 0, 0, 3, 1825.18
1573054587, 0, 284, 1736, 1687, 483, 6.75%, 0, 0, 3, 2170.63
1573054592, 0, 290, 1736, 1681, 477, 6.75%, 0, 0, 3, 2473.67
1573055127, 0, 297, 1736, 1675, 471, 6.75%, 0, 0, 3, 2431.23
1573055132, 0, 298, 1736, 1674, 470, 6.75%, 0, 0, 3, 1927.45
1573055657, 0, 301, 1736, 1671, 467, 6.75%, 0, 0, 3, 2335.25
1573055662, 0, 304, 1736, 1668, 464, 6.75%, 0, 0, 3, 2195.49
1573056202, 0, 306, 1736, 1666, 462, 6.75%, 0, 0, 3, 1830.50
1573056207, 0, 311, 1737, 1666, 461, 6.75%, 0, 0, 3, 1691.12
1573056232, 0, 311, 1740, 1669, 461, 6.75%, 0, 0, 3, 1954.69
1573056334, 0, 311, 1741, 1670, 461, 6.75%, 0, 0, 3, 1818.53
1573056339, 0, 311, 1742, 1671, 461, 6.75%, 0, 0, 3, 1818.04
1573056730, 0, 320, 1742, 1669, 460, 6.75%, 0, 0, 3, 2035.00
1573056745, 0, 320, 1744, 1671, 460, 6.76%, 0, 0, 3, 1793.44
1573056750, 0, 320, 1745, 1672, 460, 6.76%, 0, 0, 3, 1638.18
1573056781, 0, 320, 1746, 1673, 460, 6.76%, 0, 0, 3, 1883.21
1573056837, 0, 320, 1747, 1674, 460, 6.76%, 0, 0, 3, 1732.19
1573056984, 0, 320, 1748, 1675, 460, 6.76%, 0, 0, 3, 2014.30
1573057259, 0, 322, 1750, 1676, 463, 6.76%, 0, 0, 3, 2000.28
1573057274, 0, 322, 1753, 1679, 463, 6.76%, 0, 0, 3, 1763.77
1573057310, 0, 322, 1754, 1680, 463, 6.76%, 0, 0, 3, 1709.51
1573057396, 0, 322, 1755, 1681, 463, 6.77%, 0, 0, 3, 1473.36
1573057803, 0, 329, 1755, 1679, 464, 6.77%, 0, 0, 3, 1805.76
1573057824, 0, 329, 1757, 1681, 464, 6.77%, 0, 0, 3, 1618.75
1573057890, 0, 329, 1758, 1682, 464, 6.77%, 0, 0, 3, 1792.27
1573058342, 0, 360, 1759, 1681, 465, 6.77%, 0, 0, 3, 1990.94
1573058358, 0, 360, 1760, 1682, 465, 6.77%, 0, 0, 3, 1875.73
1573058373, 0, 360, 1763, 1685, 465, 6.77%, 0, 0, 3, 1599.82
1573058449, 0, 360, 1767, 1689, 465, 6.77%, 0, 0, 3, 2053.43
1573058536, 0, 360, 1768, 1690, 465, 6.82%, 0, 0, 3, 1954.98
1573058877, 0, 360, 1771, 1693, 465, 6.82%, 0, 0, 3, 2013.31
1573058882, 0, 360, 1776, 1698, 465, 6.82%, 0, 0, 3, 2171.00
1573058887, 0, 360, 1781, 1703, 465, 6.83%, 0, 0, 3, 1957.37
1573058893, 0, 373, 1788, 1709, 471, 6.84%, 0, 0, 3, 1987.59
1573058898, 0, 377, 1788, 1708, 470, 6.84%, 0, 0, 3, 1757.79
1573058923, 0, 377, 1792, 1712, 470, 6.84%, 0, 0, 3, 1657.85
1573059442, 0, 377, 1799, 1719, 470, 6.87%, 0, 0, 3, 2300.44
1573059447, 0, 377, 1805, 1725, 470, 6.87%, 0, 0, 3, 2359.62
1573059453, 0, 377, 1809, 1729, 470, 6.88%, 0, 0, 3, 2336.57
1573059458, 0, 406, 1809, 1727, 469, 6.88%, 0, 0, 3, 2172.46
1573059488, 0, 406, 1814, 1732, 469, 6.88%, 0, 0, 3, 1650.22
1573060007, 0, 412, 1816, 1733, 469, 6.89%, 0, 0, 3, 1973.18
1573060032, 0, 412, 1817, 1734, 469, 6.89%, 0, 0, 3, 1720.86
1573060063, 0, 412, 1819, 1736, 469, 6.89%, 0, 0, 3, 2028.56
1573060525, 0, 412, 1822, 1739, 469, 6.90%, 0, 0, 3, 2006.54
1573060530, 0, 412, 1831, 1748, 469, 6.91%, 0, 0, 3, 2112.21
1573060536, 0, 412, 1838, 1755, 469, 6.92%, 0, 0, 3, 2068.44
1573060541, 0, 416, 1842, 1758, 472, 6.93%, 0, 0, 3, 2041.52
1573060571, 0, 416, 1846, 1762, 472, 6.93%, 0, 0, 3, 1936.82
1573060602, 0, 416, 1847, 1763, 472, 6.93%, 0, 0, 3, 1893.41
1573060647, 0, 416, 1849, 1765, 472, 6.93%, 0, 0, 3, 1899.19
1573060738, 0, 416, 1850, 1766, 472, 6.93%, 0, 0, 3, 1894.21
1573061079, 0, 457, 1852, 1764, 475, 6.93%, 0, 0, 3, 2294.22
1573061114, 0, 457, 1853, 1765, 475, 6.93%, 0, 0, 3, 1830.75
1573061181, 0, 457, 1854, 1766, 475, 6.93%, 0, 0, 3, 1874.46
1573061191, 0, 457, 1855, 1767, 475, 6.94%, 0, 0, 3, 1842.83
1573061288, 0, 457, 1856, 1768, 475, 6.94%, 0, 0, 3, 2041.93
1573061625, 0, 460, 1856, 1767, 476, 6.94%, 0, 0, 3, 2193.81
1573061655, 0, 460, 1857, 1768, 476, 6.94%, 0, 0, 3, 1714.94
1573061839, 0, 460, 1858, 1769, 476, 6.96%, 0, 0, 3, 1647.41
1573062171, 0, 461, 1858, 1768, 476, 6.96%, 0, 0, 3, 1945.94
1573062201, 0, 461, 1859, 1769, 476, 6.96%, 0, 0, 3, 1811.96
1573062389, 0, 461, 1860, 1770, 476, 6.96%, 0, 0, 3, 1706.49
1573062724, 0, 463, 1861, 1769, 475, 6.96%, 0, 0, 3, 1807.27
1573062785, 0, 463, 1862, 1770, 475, 6.96%, 0, 0, 3, 1875.14
1573062947, 0, 463, 1863, 1771, 475, 6.96%, 0, 0, 3, 1904.06
1573063294, 0, 476, 1863, 1769, 474, 6.96%, 0, 0, 3, 1996.44
1573063329, 0, 476, 1864, 1770, 474, 6.96%, 0, 0, 3, 1609.85
1573063365, 0, 476, 1865, 1771, 474, 6.96%, 0, 0, 3, 1628.48
1573063865, 0, 497, 1865, 1770, 474, 6.96%, 0, 0, 3, 1863.17
1573064435, 0, 505, 1868, 1772, 473, 6.96%, 0, 0, 3, 1816.29
1573064440, 0, 505, 1869, 1773, 473, 6.96%, 0, 0, 3, 1989.07
1573064466, 0, 505, 1880, 1784, 473, 6.96%, 0, 0, 3, 1751.53
1573064471, 0, 505, 1886, 1790, 473, 6.98%, 0, 0, 3, 1803.79
1573064496, 0, 505, 1888, 1792, 473, 6.98%, 0, 0, 3, 1828.25
1573064501, 0, 505, 1890, 1794, 473, 7.00%, 0, 0, 3, 1909.85
1573064543, 0, 505, 1918, 1822, 473, 7.17%, 0, 0, 3, 1824.90
1573064994, 0, 505, 1919, 1823, 473, 7.17%, 0, 0, 3, 1573.22
1573065004, 0, 506, 1925, 1828, 500, 7.19%, 0, 0, 3, 1962.24
1573065009, 0, 506, 1934, 1837, 500, 7.20%, 0, 0, 3, 1726.19
1573065035, 0, 506, 1950, 1853, 500, 7.20%, 0, 0, 3, 1768.23
1573065040, 0, 506, 1954, 1857, 500, 7.22%, 0, 0, 3, 1855.91
1573065071, 0, 506, 1959, 1862, 500, 7.22%, 0, 0, 3, 1638.49
1573065076, 0, 506, 1960, 1863, 500, 7.22%, 0, 0, 3, 1673.16
1573065117, 0, 506, 1996, 1899, 500, 7.46%, 0, 0, 3, 1849.54
1573065223, 0, 506, 1999, 1902, 500, 7.46%, 0, 0, 3, 1930.06
1573065462, 0, 506, 2000, 1903, 500, 7.46%, 0, 0, 3, 1861.93
1573065569, 0, 506, 2001, 1904, 500, 7.46%, 0, 0, 3, 1848.55
1573065579, 0, 506, 2006, 1909, 500, 7.46%, 0, 0, 3, 1717.34
1573065584, 0, 506, 2022, 1925, 500, 7.46%, 0, 0, 3, 2170.25
1573065590, 0, 506, 2034, 1937, 500, 7.47%, 0, 0, 3, 2393.23
1573065595, 0, 540, 2037, 1936, 538, 7.47%, 0, 0, 3, 2810.13
1573065610, 0, 540, 2038, 1937, 538, 7.47%, 0, 0, 3, 2177.76
1573065650, 0, 540, 2039, 1938, 538, 7.47%, 0, 0, 3, 2222.45
1573065696, 0, 540, 2040, 1939, 538, 7.47%, 0, 0, 3, 2078.26
1573065838, 0, 540, 2041, 1940, 538, 7.48%, 0, 0, 3, 1913.12
1573065889, 0, 540, 2042, 1941, 538, 7.48%, 0, 0, 3, 1873.02
1573065914, 0, 550, 2042, 1939, 536, 7.48%, 0, 0, 3, 1879.33
1573065945, 0, 550, 2043, 1940, 536, 7.48%, 0, 0, 3, 1721.14
1573066031, 0, 550, 2044, 1941, 536, 7.48%, 0, 0, 3, 2036.15
1573066487, 0, 564, 2044, 1937, 533, 7.48%, 0, 0, 3, 2354.24
1573066492, 0, 571, 2044, 1935, 531, 7.48%, 0, 0, 3, 2070.20
1573066629, 0, 571, 2045, 1936, 531, 7.48%, 0, 0, 3, 1828.66
1573067061, 0, 575, 2057, 1946, 530, 7.50%, 0, 0, 3, 1855.58
1573067066, 0, 575, 2061, 1950, 530, 7.50%, 0, 0, 3, 1576.96
1573067081, 0, 575, 2066, 1955, 530, 7.50%, 0, 0, 3, 1634.47
1573067091, 0, 575, 2069, 1958, 530, 7.50%, 0, 0, 3, 1802.23
1573067096, 0, 575, 2071, 1960, 530, 7.50%, 0, 0, 3, 1862.29
1573067102, 0, 575, 2072, 1961, 530, 7.51%, 0, 0, 3, 1835.46
1573067127, 0, 575, 2074, 1963, 530, 7.51%, 0, 0, 3, 1653.74
1573067173, 0, 575, 2077, 1966, 530, 7.51%, 0, 0, 3, 1925.64
1573067178, 0, 575, 2081, 1970, 530, 7.51%, 0, 0, 3, 1816.73
1573067275, 0, 575, 2082, 1971, 530, 7.51%, 0, 0, 3, 1807.80
1573067504, 0, 575, 2083, 1972, 530, 7.51%, 0, 0, 3, 1644.01
1573067514, 0, 575, 2084, 1973, 530, 7.51%, 0, 0, 3, 1989.43
1573067637, 0, 575, 2085, 1974, 530, 7.51%, 0, 0, 3, 2078.05
1573067642, 0, 575, 2092, 1981, 530, 7.51%, 0, 0, 3, 2470.29
1573067647, 0, 575, 2098, 1987, 530, 7.53%, 0, 0, 3, 2535.54
1573067652, 0, 582, 2100, 1986, 530, 7.53%, 0, 0, 3, 2395.58
1573067657, 0, 582, 2102, 1988, 530, 7.53%, 0, 0, 3, 1893.90
1573067682, 0, 582, 2108, 1994, 530, 7.53%, 0, 0, 3, 1931.66
1573067687, 0, 582, 2109, 1995, 530, 7.54%, 0, 0, 3, 1789.77
1573067717, 0, 582, 2113, 1999, 530, 7.54%, 0, 0, 3, 1806.53
1573067895, 0, 582, 2115, 2001, 530, 7.54%, 0, 0, 3, 1816.80
1573068168, 0, 587, 2115, 2000, 535, 7.54%, 0, 0, 3, 2330.37
1573068194, 0, 587, 2118, 2003, 535, 7.54%, 0, 0, 3, 2132.94
1573068337, 0, 587, 2119, 2004, 535, 7.54%, 0, 0, 3, 2071.52
1573068594, 0, 587, 2120, 2005, 535, 7.54%, 0, 0, 3, 2179.11
1573068631, 0, 587, 2121, 2006, 535, 7.54%, 0, 0, 3, 2152.10
1573068646, 0, 593, 2122, 2005, 535, 7.54%, 0, 0, 3, 2470.22
1573068651, 0, 593, 2124, 2007, 535, 7.54%, 0, 0, 3, 2207.81
1573068672, 0, 593, 2127, 2010, 535, 7.55%, 0, 0, 3, 2142.85
1573069170, 0, 616, 2127, 2008, 537, 7.55%, 0, 0, 3, 2229.80
1573069175, 0, 616, 2133, 2014, 537, 7.57%, 0, 0, 3, 1962.37
1573069200, 0, 616, 2135, 2016, 537, 7.57%, 0, 0, 3, 1893.05
1573069272, 0, 616, 2136, 2017, 537, 7.57%, 0, 0, 3, 1954.37
1573069697, 0, 616, 2137, 2018, 537, 7.57%, 0, 0, 3, 1970.77
1573069712, 0, 640, 2138, 2016, 540, 7.57%, 0, 0, 3, 2264.80
1573069789, 0, 640, 2139, 2017, 540, 7.57%, 0, 0, 3, 1954.96
1573070233, 0, 640, 2140, 2018, 540, 7.57%, 0, 0, 3, 2128.13
1573070238, 0, 655, 2142, 2018, 539, 7.57%, 0, 0, 3, 2094.84
1573070268, 0, 655, 2143, 2019, 539, 7.57%, 0, 0, 3, 2006.00
1573070294, 0, 655, 2144, 2020, 539, 7.57%, 0, 0, 3, 1993.00
1573070757, 0, 669, 2145, 2017, 538, 7.57%, 0, 0, 3, 2512.34
1573071058, 0, 669, 2147, 2019, 538, 7.57%, 0, 0, 3, 1999.47
1573071226, 0, 669, 2148, 2020, 538, 7.57%, 0, 0, 3, 1996.82
1573071272, 0, 675, 2148, 2019, 538, 7.57%, 0, 0, 3, 2146.57
1573071277, 0, 737, 2148, 2011, 530, 7.57%, 0, 0, 3, 2742.28
1573071282, 0, 765, 2148, 2003, 522, 7.57%, 0, 0, 3, 2909.59
1573071287, 0, 800, 2148, 1994, 513, 7.57%, 0, 0, 3, 2967.75
1573071292, 0, 823, 2148, 1988, 507, 7.57%, 0, 0, 3, 2754.04
1573071297, 0, 823, 2150, 1990, 507, 7.57%, 0, 0, 3, 2123.15
1573071318, 0, 823, 2151, 1991, 507, 7.57%, 0, 0, 3, 1960.32
1573071328, 0, 823, 2152, 1992, 507, 7.57%, 0, 0, 3, 1969.24
1573071349, 0, 823, 2153, 1993, 507, 7.57%, 0, 0, 3, 1979.71
1573071390, 0, 823, 2155, 1995, 507, 7.59%, 0, 0, 3, 2013.13
1573071476, 0, 823, 2156, 1996, 507, 7.59%, 0, 0, 3, 1942.17
1573071804, 0, 852, 2156, 1992, 506, 7.59%, 0, 0, 3, 2323.73
1573071835, 0, 852, 2157, 1993, 506, 7.60%, 0, 0, 3, 1940.38
1573071840, 0, 852, 2158, 1994, 506, 7.60%, 0, 0, 3, 1920.27
1573071860, 0, 852, 2159, 1995, 506, 7.60%, 0, 0, 3, 1929.13
1573071901, 0, 852, 2161, 1997, 506, 7.60%, 0, 0, 3, 1991.64
1573071963, 0, 852, 2163, 1999, 506, 7.60%, 0, 0, 3, 1935.45
1573072240, 0, 898, 2163, 1992, 503, 7.60%, 0, 0, 3, 2656.30
1573072245, 0, 938, 2163, 1984, 496, 7.60%, 0, 0, 3, 2645.08
1573072270, 0, 938, 2164, 1985, 496, 7.60%, 0, 0, 3, 2007.66
1573072306, 0, 938, 2165, 1986, 496, 7.60%, 0, 0, 3, 1971.97
1573072765, 0, 968, 2171, 1988, 494, 7.60%, 0, 0, 3, 2656.57
1573072785, 0, 968, 2172, 1989, 494, 7.60%, 0, 0, 3, 2833.43
1573072801, 0, 968, 2175, 1992, 494, 7.60%, 0, 0, 3, 2838.26
1573072826, 0, 968, 2177, 1994, 494, 7.60%, 0, 0, 3, 2872.19
1573072857, 0, 968, 2178, 1995, 494, 7.60%, 0, 0, 3, 2858.17
1573072974, 0, 968, 2181, 1998, 494, 7.63%, 0, 0, 3, 2854.45
1573072999, 0, 968, 2182, 1999, 494, 7.63%, 0, 0, 3, 2865.93
1573073030, 0, 982, 2185, 2000, 497, 7.63%, 0, 0, 3, 2591.49
1573073061, 0, 982, 2188, 2003, 497, 7.64%, 0, 0, 3, 2013.14
1573073091, 0, 982, 2189, 2004, 497, 7.64%, 0, 0, 3, 2021.08
1573073127, 0, 982, 2200, 2015, 497, 7.66%, 0, 0, 3, 2037.87
1573073218, 0, 982, 2202, 2017, 497, 7.66%, 0, 0, 3, 2044.11
1573073229, 0, 982, 2207, 2022, 497, 7.68%, 0, 0, 3, 2072.18
1573073234, 0, 982, 2208, 2023, 497, 7.68%, 0, 0, 3, 1995.99
1573073249, 0, 1014, 2220, 2029, 510, 7.71%, 0, 0, 3, 2922.38
1573073254, 0, 1014, 2221, 2030, 510, 7.71%, 0, 0, 3, 2362.92
1573073280, 0, 1014, 2223, 2032, 510, 7.71%, 0, 0, 3, 2229.71
1573073336, 0, 1014, 2233, 2042, 510, 7.75%, 0, 0, 3, 2256.04
1573073459, 0, 1014, 2236, 2045, 510, 7.75%, 0, 0, 3, 2258.60
1573073479, 0, 1015, 2236, 2044, 519, 7.75%, 0, 0, 3, 2399.45
1573073485, 0, 1015, 2237, 2045, 519, 7.76%, 0, 0, 3, 2711.69
1573073495, 0, 1015, 2238, 2046, 519, 7.76%, 0, 0, 3, 2781.61
1573073546, 0, 1015, 2239, 2047, 519, 7.76%, 0, 0, 3, 2800.71
1573073577, 0, 1015, 2240, 2048, 519, 7.76%, 0, 0, 3, 2787.76
1573073766, 0, 1015, 2241, 2049, 519, 7.76%, 0, 0, 3, 2803.59
1573073802, 0, 1016, 2241, 2048, 520, 7.76%, 0, 0, 3, 2793.88
1573073827, 0, 1016, 2242, 2049, 520, 7.76%, 0, 0, 3, 2676.98
1573073945, 0, 1016, 2243, 2050, 520, 7.76%, 0, 0, 3, 2620.15
1573073955, 0, 1017, 2250, 2056, 519, 7.76%, 0, 0, 3, 2718.75
1573073970, 0, 1017, 2252, 2058, 519, 7.76%, 0, 0, 3, 2716.78
1573073980, 0, 1017, 2253, 2059, 519, 7.76%, 0, 0, 3, 2714.65
1573074001, 0, 1017, 2254, 2060, 519, 7.76%, 0, 0, 3, 2712.29
1573074026, 0, 1017, 2256, 2062, 519, 7.76%, 0, 0, 3, 2741.46
1573074046, 0, 1017, 2259, 2065, 519, 7.78%, 0, 0, 3, 2725.86
1573074056, 0, 1024, 2260, 2064, 521, 7.78%, 0, 0, 3, 2800.70
1573074062, 0, 1024, 2263, 2067, 521, 7.79%, 0, 0, 3, 2700.65
1573074072, 0, 1024, 2264, 2068, 521, 7.79%, 0, 0, 3, 2649.11
1573074082, 0, 1024, 2267, 2071, 521, 7.79%, 0, 0, 3, 2628.96
1573074102, 0, 1024, 2268, 2072, 521, 7.79%, 0, 0, 3, 2649.58
1573074128, 0, 1024, 2273, 2077, 521, 7.79%, 0, 0, 3, 2700.49
1573074332, 0, 1024, 2275, 2079, 521, 7.79%, 0, 0, 3, 2719.90
1573074398, 0, 1028, 2275, 2078, 523, 7.79%, 0, 0, 3, 2784.50
1573074403, 0, 1039, 2275, 2075, 520, 7.79%, 0, 0, 3, 2569.32
1573074424, 0, 1039, 2276, 2076, 520, 7.79%, 0, 0, 3, 2361.72
1573074490, 0, 1039, 2278, 2078, 520, 7.79%, 0, 0, 3, 2339.52
1573074567, 0, 1045, 2279, 2078, 521, 7.79%, 0, 0, 3, 2512.25
1573074613, 0, 1045, 2280, 2079, 521, 7.79%, 0, 0, 3, 2672.16
1573074633, 0, 1045, 2281, 2080, 521, 7.79%, 0, 0, 3, 2662.83
1573074638, 0, 1045, 2282, 2081, 521, 7.79%, 0, 0, 3, 2708.38
1573074644, 0, 1045, 2285, 2084, 521, 7.79%, 0, 0, 3, 2671.45
1573074674, 0, 1045, 2286, 2085, 521, 7.79%, 0, 0, 3, 2652.62
1573074858, 0, 1045, 2287, 2086, 521, 7.79%, 0, 0, 3, 2691.10
1573074888, 0, 1045, 2289, 2088, 521, 7.79%, 0, 0, 3, 2682.15
1573074934, 0, 1078, 2307, 2098, 522, 7.85%, 0, 0, 3, 2976.44
1573074939, 0, 1081, 2309, 2099, 521, 7.85%, 0, 0, 3, 2832.23
1573074949, 0, 1081, 2310, 2100, 521, 7.86%, 0, 0, 3, 2764.76
1573075000, 0, 1081, 2311, 2101, 521, 7.86%, 0, 0, 3, 2799.17
1573075031, 0, 1081, 2313, 2103, 521, 7.86%, 0, 0, 3, 2773.36
1573075178, 0, 1081, 2316, 2106, 521, 7.86%, 0, 0, 3, 2775.74
1573075234, 0, 1096, 2316, 2103, 523, 7.86%, 0, 0, 3, 2684.44
1573075239, 0, 1096, 2317, 2104, 523, 7.86%, 0, 0, 3, 2288.94
1573075260, 0, 1096, 2318, 2105, 523, 7.86%, 0, 0, 3, 2182.20
1573075285, 0, 1096, 2319, 2106, 523, 7.86%, 0, 0, 3, 2190.14
1573075321, 0, 1096, 2323, 2110, 523, 7.86%, 0, 0, 3, 2200.03
1573075332, 0, 1096, 2325, 2112, 523, 7.87%, 0, 0, 3, 2190.86
1573075342, 0, 1096, 2326, 2113, 523, 7.87%, 0, 0, 3, 2171.53
1573075419, 0, 1096, 2327, 2114, 523, 7.87%, 0, 0, 3, 2167.43
1573075429, 0, 1098, 2349, 2134, 542, 7.96%, 0, 0, 3, 2790.55
1573075439, 0, 1098, 2351, 2136, 542, 7.97%, 0, 0, 3, 2507.91
1573075444, 0, 1098, 2352, 2137, 542, 7.97%, 0, 0, 3, 2527.48
1573075469, 0, 1098, 2353, 2138, 542, 7.97%, 0, 0, 3, 2522.21
1573075490, 0, 1100, 2354, 2138, 542, 7.97%, 0, 0, 3, 2572.99
1573075515, 0, 1100, 2356, 2140, 542, 7.98%, 0, 0, 3, 2121.18
1573075520, 0, 1100, 2357, 2141, 542, 7.98%, 0, 0, 3, 2113.53
1573075541, 0, 1100, 2358, 2142, 542, 7.98%, 0, 0, 3, 2116.63
1573075592, 0, 1100, 2359, 2143, 542, 7.98%, 0, 0, 3, 2096.52
1573075658, 0, 1100, 2360, 2144, 542, 7.98%, 0, 0, 3, 2156.06
1573075668, 0, 1100, 2361, 2145, 542, 7.98%, 0, 0, 3, 2122.17
1573075684, 0, 1100, 2363, 2147, 542, 7.98%, 0, 0, 3, 2131.49
1573075694, 0, 1118, 2363, 2142, 539, 7.98%, 0, 0, 3, 2681.36
1573075699, 0, 1118, 2367, 2146, 539, 8.00%, 0, 0, 3, 2441.70
1573075719, 0, 1118, 2369, 2148, 539, 8.02%, 0, 0, 3, 2379.88
1573075745, 0, 1118, 2370, 2149, 539, 8.02%, 0, 0, 3, 2388.74
1573075776, 0, 1118, 2374, 2153, 539, 8.02%, 0, 0, 3, 2395.75
1573075827, 0, 1118, 2375, 2154, 539, 8.02%, 0, 0, 3, 2423.43
1573075838, 0, 1118, 2376, 2155, 539, 8.02%, 0, 0, 3, 2426.28
1573075848, 0, 1119, 2390, 2168, 542, 8.05%, 0, 0, 3, 2655.52
1573075853, 0, 1127, 2397, 2174, 549, 8.06%, 0, 0, 3, 2783.86
1573075919, 0, 1127, 2399, 2176, 549, 8.06%, 0, 0, 3, 2761.16
1573076185, 0, 1141, 2406, 2180, 548, 8.39%, 0, 0, 3, 1966.35
1573076226, 0, 1141, 2415, 2189, 548, 8.41%, 0, 0, 3, 1453.68
1573076246, 0, 1141, 2416, 2190, 548, 8.41%, 0, 0, 3, 1449.29
1573076266, 0, 1141, 2419, 2193, 548, 8.67%, 0, 0, 3, 1453.68
1573076307, 0, 1141, 2420, 2194, 548, 8.67%, 0, 0, 3, 1429.58
1573076312, 0, 1141, 2421, 2195, 548, 8.67%, 0, 0, 3, 1452.79
1573076317, 0, 1141, 2435, 2209, 548, 9.21%, 0, 0, 3, 1523.11
1573076322, 0, 1141, 2436, 2210, 548, 9.21%, 0, 0, 3, 1465.58
1573076500, 0, 1141, 2440, 2214, 548, 9.21%, 0, 0, 3, 1487.92
1573076887, 0, 1141, 2441, 2215, 548, 9.21%, 0, 0, 3, 1475.64
1573076897, 0, 1141, 2442, 2216, 548, 9.21%, 0, 0, 3, 1453.83
1573076928, 0, 1141, 2443, 2217, 548, 9.21%, 0, 0, 3, 1491.09
1573076998, 0, 1141, 2446, 2220, 548, 9.30%, 0, 0, 3, 1512.81
1573077105, 0, 1141, 2448, 2222, 548, 9.30%, 0, 0, 3, 1462.65
1573077111, 0, 1147, 2451, 2224, 547, 9.30%, 0, 0, 3, 2214.03
1573077248, 0, 1152, 2458, 2230, 546, 9.32%, 0, 0, 3, 2489.44
1573077253, 0, 1157, 2484, 2254, 558, 9.38%, 0, 0, 3, 2765.14
1573077279, 0, 1157, 2500, 2270, 558, 9.39%, 0, 0, 3, 2255.81
1573077304, 0, 1157, 2510, 2280, 558, 9.40%, 0, 0, 3, 2218.52
1573077335, 0, 1157, 2514, 2284, 558, 9.40%, 0, 0, 3, 2284.33
1573077345, 0, 1157, 2516, 2286, 558, 9.40%, 0, 0, 3, 2221.50
1573077391, 0, 1157, 2517, 2287, 558, 9.40%, 0, 0, 3, 2274.01
1573077416, 0, 1180, 2519, 2283, 566, 9.41%, 0, 0, 3, 2812.70
1573077421, 0, 1193, 2521, 2281, 562, 9.41%, 0, 0, 4, 2479.84
1573077442, 0, 1193, 2522, 2282, 562, 9.41%, 0, 0, 4, 2265.00
1573077447, 0, 1193, 2523, 2283, 562, 9.41%, 0, 0, 4, 2275.15
1573077502, 0, 1193, 2527, 2287, 562, 9.41%, 0, 0, 4, 2296.34
1573077604, 0, 1197, 2527, 2286, 563, 9.41%, 0, 0, 4, 2356.23
1573077629, 0, 1197, 2528, 2287, 563, 9.41%, 0, 0, 4, 2278.93
1573077680, 0, 1197, 2532, 2291, 563, 9.41%, 0, 0, 4, 2288.89
1573077782, 0, 1209, 2534, 2292, 564, 9.42%, 0, 0, 4, 2410.18
1573077808, 0, 1209, 2536, 2294, 564, 9.42%, 0, 0, 4, 2295.86
1573077833, 0, 1209, 2537, 2295, 564, 9.42%, 0, 0, 4, 2289.77
1573077864, 0, 1209, 2540, 2298, 564, 9.42%, 0, 0, 4, 2329.19
1573077971, 0, 1227, 2571, 2325, 575, 9.44%, 0, 0, 4, 2743.34
1573077986, 0, 1227, 2575, 2329, 575, 9.45%, 0, 0, 4, 2191.16
1573078017, 0, 1227, 2577, 2331, 575, 9.45%, 0, 0, 4, 2201.38
1573078027, 0, 1227, 2578, 2332, 575, 9.45%, 0, 0, 4, 2201.41
1573078058, 0, 1227, 2579, 2333, 575, 9.45%, 0, 0, 4, 2225.76
1573078099, 0, 1227, 2581, 2335, 575, 9.45%, 0, 0, 4, 2194.27
1573078432, 0, 1232, 2589, 2340, 579, 9.45%, 0, 0, 4, 2368.94
1573078463, 0, 1232, 2594, 2345, 579, 9.45%, 0, 0, 4, 2052.17
1573078493, 0, 1232, 2595, 2346, 579, 9.45%, 0, 0, 4, 2040.15
1573078519, 0, 1232, 2596, 2347, 579, 9.45%, 0, 0, 4, 2043.16
1573078524, 0, 1232, 2607, 2358, 579, 9.45%, 0, 0, 4, 2108.43
1573078555, 0, 1232, 2608, 2359, 579, 9.45%, 0, 0, 4, 2048.17
1573078646, 0, 1232, 2609, 2360, 579, 9.45%, 0, 0, 4, 2057.93
1573078682, 0, 1232, 2613, 2364, 579, 9.45%, 0, 0, 4, 2094.63
1573078712, 0, 1237, 2617, 2367, 580, 9.52%, 0, 0, 4, 2156.64
1573078743, 0, 1237, 2618, 2368, 580, 9.52%, 0, 0, 4, 1629.07
1573078748, 0, 1237, 2619, 2369, 580, 9.52%, 0, 0, 4, 1647.97
1573078784, 0, 1237, 2621, 2371, 580, 9.55%, 0, 0, 4, 1650.55
1573078830, 0, 1237, 2635, 2385, 580, 9.61%, 0, 0, 4, 1658.66
1573078952, 0, 1237, 2636, 2386, 580, 9.61%, 0, 0, 4, 1647.37
1573078958, 0, 1237, 2637, 2387, 580, 9.61%, 0, 0, 4, 1666.59
1573078993, 0, 1237, 2644, 2394, 580, 9.61%, 0, 0, 4, 1668.54
1573079008, 0, 1237, 2645, 2395, 580, 9.61%, 0, 0, 4, 1653.59
1573079023, 0, 1243, 2648, 2396, 584, 9.61%, 0, 0, 4, 2241.35
1573079028, 0, 1263, 2650, 2396, 583, 9.62%, 0, 0, 4, 2165.03
1573079059, 0, 1263, 2652, 2398, 583, 9.62%, 0, 0, 4, 2015.92
1573079125, 0, 1263, 2663, 2409, 583, 9.62%, 0, 0, 4, 2007.39
1573079486, 0, 1263, 2665, 2411, 583, 9.62%, 0, 0, 4, 2028.48
1573079552, 0, 1263, 2666, 2412, 583, 9.62%, 0, 0, 4, 2135.59
1573079557, 0, 1267, 2677, 2422, 590, 9.66%, 0, 0, 4, 1820.81
1573079593, 0, 1267, 2684, 2429, 590, 9.70%, 0, 0, 4, 1642.51
1573079628, 0, 1267, 2686, 2431, 590, 9.70%, 0, 0, 4, 1650.02
1573079669, 0, 1267, 2695, 2440, 590, 9.80%, 0, 0, 4, 1681.03
1573079675, 0, 1267, 2701, 2446, 590, 9.87%, 0, 0, 4, 1661.65
1573079685, 0, 1267, 2702, 2447, 590, 9.87%, 0, 0, 4, 1643.73
1573079782, 0, 1267, 2703, 2448, 590, 9.87%, 0, 0, 4, 1659.73
1573080118, 0, 1267, 2705, 2450, 590, 9.87%, 0, 0, 4, 1702.77
1573080210, 0, 1300, 2705, 2445, 596, 9.87%, 0, 0, 4, 2461.23
1573080241, 0, 1300, 2707, 2447, 596, 9.87%, 0, 0, 4, 2085.51
1573080302, 0, 1300, 2712, 2452, 596, 9.89%, 0, 0, 4, 2124.09
1573080723, 0, 1306, 2717, 2455, 599, 9.90%, 0, 0, 4, 2537.82
1573080733, 0, 1306, 2718, 2456, 599, 9.90%, 0, 0, 4, 2705.59
1573080743, 0, 1306, 2720, 2458, 599, 9.91%, 0, 0, 4, 2697.99
1573080764, 0, 1306, 2721, 2459, 599, 9.91%, 0, 0, 4, 2703.53
1573080789, 0, 1306, 2725, 2463, 599, 9.91%, 0, 0, 4, 2693.85
1573080982, 0, 1306, 2726, 2464, 599, 9.92%, 0, 0, 4, 2706.50
1573081023, 0, 1312, 2726, 2462, 605, 9.92%, 0, 0, 4, 2799.34
1573081028, 0, 1336, 2731, 2458, 597, 9.92%, 0, 0, 4, 2986.74
1573081054, 0, 1336, 2733, 2460, 597, 9.92%, 0, 0, 4, 2393.36
1573081105, 0, 1336, 2737, 2464, 597, 9.92%, 0, 0, 4, 2420.61
1573081110, 0, 1336, 2740, 2467, 597, 9.92%, 0, 0, 4, 2412.61
