# unix_time, cycles_done, cur_path, paths_total, pending_total, pending_favs, map_size, unique_crashes, unique_hangs, max_depth, execs_per_sec
1573043711, 0, 0, 1, 1, 1, 1.80%, 0, 0, 1, 2000.00
1573043716, 0, 0, 209, 209, 1, 3.35%, 0, 0, 2, 2292.89
1573043726, 0, 0, 272, 272, 1, 3.51%, 0, 0, 2, 2281.20
1573043731, 0, 0, 338, 338, 1, 3.69%, 0, 0, 2, 2279.51
1573043737, 0, 0, 462, 462, 1, 3.87%, 0, 0, 2, 2249.37
1573043742, 0, 0, 559, 559, 1, 4.18%, 0, 0, 2, 2247.67
1573043747, 0, 0, 560, 560, 1, 4.19%, 0, 0, 2, 2253.02
1573043757, 0, 0, 578, 578, 1, 4.22%, 0, 0, 2, 2258.94
1573043763, 0, 0, 597, 597, 1, 4.26%, 0, 0, 2, 2243.26
1573043768, 0, 0, 638, 638, 1, 4.33%, 0, 0, 2, 2261.74
1573043783, 0, 0, 642, 642, 1, 4.34%, 0, 0, 2, 2267.99
1573043788, 0, 0, 653, 653, 1, 4.34%, 0, 0, 2, 2255.90
1573043793, 0, 0, 665, 665, 1, 4.37%, 0, 0, 2, 2251.65
1573043798, 0, 0, 696, 696, 1, 4.62%, 0, 0, 2, 2296.02
1573043804, 0, 0, 760, 760, 1, 4.66%, 0, 0, 2, 2280.51
1573043809, 0, 0, 786, 786, 1, 4.73%, 0, 0, 2, 2272.52
1573043819, 0, 0, 796, 796, 1, 4.74%, 0, 0, 2, 2268.17
1573043824, 0, 0, 812, 812, 1, 4.86%, 0, 0, 2, 2267.55
1573043876, 0, 0, 829, 829, 1, 4.88%, 0, 0, 2, 2255.06
1573043881, 0, 0, 841, 841, 1, 4.90%, 0, 0, 2, 2258.31
1573043886, 0, 0, 845, 845, 1, 4.90%, 0, 0, 2, 2270.55
1573043891, 0, 0, 851, 851, 1, 4.90%, 0, 0, 2, 2279.42
1573043896, 0, 0, 865, 865, 1, 4.92%, 0, 0, 2, 2322.04
1573044035, 0, 0, 875, 875, 1, 4.93%, 0, 0, 2, 2184.75
1573044040, 0, 0, 890, 890, 1, 4.93%, 0, 0, 2, 2206.89
1573044051, 0, 0, 892, 892, 1, 4.93%, 0, 0, 2, 2161.68
1573044066, 0, 0, 895, 895, 1, 4.93%, 0, 0, 2, 2152.39
1573044071, 0, 0, 920, 920, 1, 4.94%, 0, 0, 2, 2200.36
1573044082, 0, 0, 923, 923, 1, 4.95%, 0, 0, 2, 2169.11
1573044118, 0, 0, 925, 925, 1, 4.95%, 0, 0, 2, 2161.42
1573044128, 0, 0, 937, 937, 1, 5.02%, 0, 0, 2, 2169.19
1573044133, 0, 0, 938, 938, 1, 5.02%, 0, 0, 2, 2096.35
1573044143, 0, 0, 942, 942, 1, 5.03%, 0, 0, 2, 2158.80
1573044148, 0, 0, 1070, 1070, 1, 5.23%, 0, 0, 2, 2499.89
1573044154, 0, 0, 1138, 1138, 1, 5.37%, 0, 0, 2, 2704.86
1573044159, 0, 9, 1181, 1180, 386, 5.48%, 0, 0, 2, 2694.92
1573044164, 0, 9, 1182, 1181, 386, 5.48%, 0, 0, 3, 2199.97
1573044184, 0, 9, 1183, 1182, 386, 5.48%, 0, 0, 3, 2066.31
1573044189, 0, 9, 1185, 1184, 386, 5.48%, 0, 0, 3, 2047.98
1573044205, 0, 9, 1186, 1185, 386, 5.48%, 0, 0, 3, 2076.65
1573044215, 0, 9, 1187, 1186, 386, 5.48%, 0, 0, 3, 2032.87
1573044342, 0, 9, 1188, 1187, 386, 5.48%, 0, 0, 3, 2031.23
1573044551, 0, 9, 1189, 1188, 386, 5.48%, 0, 0, 3, 1957.81
1573044638, 0, 9, 1208, 1207, 386, 5.57%, 0, 0, 3, 2260.24
1573044643, 0, 9, 1233, 1232, 386, 5.60%, 0, 0, 3, 2482.51
1573044648, 0, 9, 1259, 1258, 386, 5.66%, 0, 0, 3, 2473.21
1573044653, 0, 10, 1262, 1260, 397, 5.66%, 0, 0, 3, 2187.51
1573044678, 0, 10, 1263, 1261, 397, 5.66%, 0, 0, 3, 1961.63
1573044684, 0, 10, 1264, 1262, 397, 5.66%, 0, 0, 3, 1945.52
1573045151, 0, 10, 1289, 1287, 397, 5.70%, 0, 0, 3, 2393.33
1573045156, 0, 10, 1305, 1303, 397, 5.72%, 0, 0, 3, 2513.18
1573045161, 0, 12, 1323, 1320, 410, 5.77%, 0, 0, 3, 2348.97
1573045176, 0, 12, 1324, 1321, 410, 5.77%, 0, 0, 3, 1931.75
1573045191, 0, 12, 1328, 1325, 410, 5.78%, 0, 0, 3, 1914.70
1573045217, 0, 12, 1329, 1326, 410, 5.78%, 0, 0, 3, 1957.15
1573045222, 0, 12, 1333, 1330, 410, 5.86%, 0, 0, 3, 2035.03
1573045263, 0, 12, 1364, 1361, 410, 6.03%, 0, 0, 3, 1980.50
1573045542, 0, 12, 1365, 1362, 410, 6.03%, 0, 0, 3, 1847.44
1573045572, 0, 12, 1366, 1363, 410, 6.03%, 0, 0, 3, 1870.62
1573045658, 0, 12, 1367, 1364, 410, 6.03%, 0, 0, 3, 1991.11
1573045663, 0, 14, 1372, 1368, 443, 6.07%, 0, 0, 3, 1978.45
1573045689, 0, 14, 1374, 1370, 443, 6.07%, 0, 0, 3, 1940.21
1573045694, 0, 14, 1376, 1372, 443, 6.08%, 0, 0, 3, 1865.78
1573045719, 0, 14, 1377, 1373, 443, 6.08%, 0, 0, 3, 2004.00
1573045724, 0, 14, 1383, 1379, 443, 6.10%, 0, 0, 3, 1961.54
1573045765, 0, 14, 1405, 1401, 443, 6.29%, 0, 0, 3, 1880.98
1573046044, 0, 14, 1406, 1402, 443, 6.29%, 0, 0, 3, 1874.95
1573046075, 0, 14, 1407, 1403, 443, 6.29%, 0, 0, 3, 1977.66
1573046162, 0, 14, 1408, 1404, 443, 6.29%, 0, 0, 3, 1905.96
1573046167, 0, 14, 1428, 1424, 443, 6.30%, 0, 0, 3, 2327.70
1573046172, 0, 14, 1443, 1439, 443, 6.31%, 0, 0, 3, 2330.59
1573046177, 0, 15, 1459, 1454, 488, 6.36%, 0, 0, 3, 2404.53
1573046182, 0, 15, 1467, 1462, 488, 6.37%, 0, 0, 3, 2038.80
1573046207, 0, 15, 1481, 1476, 488, 6.37%, 0, 0, 3, 1836.51
1573046212, 0, 15, 1482, 1477, 488, 6.37%, 0, 0, 3, 1798.86
1573046237, 0, 15, 1486, 1481, 488, 6.37%, 0, 0, 3, 1768.38
1573046375, 0, 15, 1489, 1484, 488, 6.37%, 0, 0, 3, 1818.54
1573046658, 0, 15, 1490, 1485, 488, 6.37%, 0, 0, 3, 1830.52
1573046684, 0, 15, 1491, 1486, 488, 6.37%, 0, 0, 3, 1785.70
1573046689, 0, 15, 1502, 1497, 488, 6.39%, 0, 0, 3, 2118.87
1573046694, 0, 15, 1524, 1519, 488, 6.40%, 0, 0, 3, 2412.56
1573046699, 0, 15, 1537, 1532, 488, 6.44%, 0, 0, 3, 2408.77
1573046704, 0, 16, 1550, 1544, 506, 6.46%, 0, 0, 3, 2160.89
1573046709, 0, 16, 1551, 1545, 506, 6.46%, 0, 0, 3, 1969.89
1573046734, 0, 16, 1561, 1555, 506, 6.46%, 0, 0, 3, 1942.30
1573046760, 0, 16, 1564, 1558, 506, 6.46%, 0, 0, 3, 2015.71
1573046765, 0, 16, 1565, 1559, 506, 6.46%, 0, 0, 3, 1842.70
1573046800, 0, 16, 1566, 1560, 506, 6.46%, 0, 0, 3, 1789.67
1573047207, 0, 16, 1567, 1561, 506, 6.46%, 0, 0, 3, 1871.69
1573047212, 0, 16, 1569, 1563, 506, 6.46%, 0, 0, 3, 1934.27
1573047217, 0, 17, 1580, 1573, 511, 6.49%, 0, 0, 3, 2062.54
1573047242, 0, 17, 1599, 1592, 511, 6.52%, 0, 0, 3, 1824.90
1573047247, 0, 17, 1602, 1595, 511, 6.54%, 0, 0, 3, 2040.91
1573047273, 0, 17, 1605, 1598, 511, 6.55%, 0, 0, 3, 1949.76
1573047283, 0, 17, 1606, 1599, 511, 6.55%, 0, 0, 3, 2014.71
1573047313, 0, 17, 1607, 1600, 511, 6.55%, 0, 0, 3, 1802.10
1573047405, 0, 17, 1608, 1601, 511, 6.55%, 0, 0, 3, 2062.68
1573047410, 0, 17, 1613, 1606, 511, 6.55%, 0, 0, 3, 2014.82
1573047425, 0, 17, 1614, 1607, 511, 6.55%, 0, 0, 3, 1866.95
1573047593, 0, 17, 1615, 1608, 511, 6.55%, 0, 0, 3, 1970.09
1573047674, 0, 17, 1616, 1609, 511, 6.55%, 0, 0, 3, 2010.79
1573047679, 0, 17, 1617, 1610, 511, 6.55%, 0, 0, 3, 1930.16
1573047710, 0, 17, 1639, 1632, 511, 6.56%, 0, 0, 3, 2111.09
1573047715, 0, 17, 1660, 1653, 511, 6.57%, 0, 0, 3, 2548.76
1573047720, 0, 18, 1672, 1664, 530, 6.58%, 0, 0, 3, 2562.83
1573047751, 0, 18, 1674, 1666, 530, 6.59%, 0, 0, 3, 1885.79
1573047786, 0, 18, 1675, 1667, 530, 6.59%, 0, 0, 3, 2053.31
1573047821, 0, 18, 1677, 1669, 530, 6.60%, 0, 0, 3, 1928.35
1573047928, 0, 18, 1678, 1670, 530, 6.60%, 0, 0, 3, 1786.64
1573048223, 0, 18, 1679, 1671, 530, 6.60%, 0, 0, 3, 1836.13
1573048228, 0, 18, 1684, 1676, 530, 6.60%, 0, 0, 3, 2106.68
1573048234, 0, 18, 1696, 1688, 530, 6.61%, 0, 0, 3, 2281.05
1573048239, 0, 18, 1709, 1701, 530, 6.62%, 0, 0, 3, 2509.86
1573048244, 0, 20, 1711, 1702, 534, 6.62%, 0, 0, 3, 2077.97
1573048269, 0, 20, 1713, 1704, 534, 6.62%, 0, 0, 3, 1945.27
1573048274, 0, 20, 1714, 1705, 534, 6.62%, 0, 0, 3, 1911.39
1573048300, 0, 20, 1715, 1706, 534, 6.62%, 0, 0, 3, 1729.89
1573048427, 0, 20, 1716, 1707, 534, 6.62%, 0, 0, 3, 1859.90
1573048741, 0, 20, 1717, 1708, 534, 6.62%, 0, 0, 3, 1994.79
1573048747, 0, 20, 1719, 1710, 534, 6.63%, 0, 0, 3, 2091.38
1573048752, 0, 20, 1731, 1722, 534, 6.64%, 0, 0, 3, 2521.39
1573048757, 0, 20, 1749, 1740, 534, 6.67%, 0, 0, 3, 2506.19
1573048762, 0, 24, 1759, 1749, 541, 6.68%, 0, 0, 3, 2221.91
1573048767, 0, 24, 1760, 1750, 541, 6.68%, 0, 0, 3, 2049.59
1573048777, 0, 24, 1762, 1752, 541, 6.68%, 0, 0, 3, 2121.89
1573048787, 0, 24, 1764, 1754, 541, 6.68%, 0, 0, 3, 2078.68
1573048792, 0, 24, 1766, 1756, 541, 6.68%, 0, 0, 3, 2041.56
1573048818, 0, 24, 1768, 1758, 541, 6.68%, 0, 0, 3, 1855.56
1573048859, 0, 24, 1771, 1761, 541, 6.69%, 0, 0, 3, 2099.76
1573048945, 0, 24, 1772, 1762, 541, 6.69%, 0, 0, 3, 2020.07
1573049129, 0, 24, 1773, 1763, 541, 6.69%, 0, 0, 3, 1865.18
1573049134, 0, 24, 1775, 1765, 541, 6.69%, 0, 0, 3, 1958.08
1573049170, 0, 24, 1781, 1771, 541, 6.69%, 0, 0, 3, 2016.00
1573049230, 0, 24, 1783, 1773, 541, 6.69%, 0, 0, 3, 1926.64
1573049236, 0, 24, 1784, 1774, 541, 6.69%, 0, 0, 3, 1877.20
1573049261, 0, 24, 1793, 1783, 541, 6.72%, 0, 0, 3, 2229.94
1573049266, 0, 24, 1803, 1793, 541, 6.73%, 0, 0, 3, 2259.10
1573049271, 0, 24, 1818, 1808, 541, 6.90%, 0, 0, 3, 2643.34
1573049276, 0, 37, 1820, 1809, 548, 6.91%, 0, 0, 3, 2423.49
1573049363, 0, 37, 1822, 1811, 548, 6.91%, 0, 0, 3, 2259.71
1573049434, 0, 37, 1823, 1812, 548, 6.91%, 0, 0, 3, 2286.13
1573049581, 0, 37, 1824, 1813, 548, 6.91%, 0, 0, 3, 1822.13
1573049586, 0, 37, 1826, 1815, 548, 6.91%, 0, 0, 3, 2066.89
1573049692, 0, 37, 1829, 1818, 548, 6.91%, 0, 0, 3, 2307.66
1573049697, 0, 44, 1831, 1819, 550, 6.91%, 0, 0, 3, 2230.87
1573049748, 0, 44, 1832, 1820, 550, 6.91%, 0, 0, 3, 2373.35
1573049779, 0, 44, 1833, 1821, 550, 6.91%, 0, 0, 3, 2466.09
1573050088, 0, 44, 1834, 1822, 550, 6.92%, 0, 0, 3, 2468.65
1573050119, 0, 49, 1836, 1823, 551, 6.92%, 0, 0, 3, 2451.70
1573050205, 0, 49, 1837, 1824, 551, 6.92%, 0, 0, 3, 2148.02
1573050266, 0, 49, 1838, 1825, 551, 6.92%, 0, 0, 3, 2289.94
1573050271, 0, 49, 1839, 1826, 551, 6.92%, 0, 0, 3, 2238.55
1573050495, 0, 49, 1840, 1827, 551, 6.92%, 0, 0, 3, 2194.21
1573050500, 0, 49, 1848, 1835, 551, 6.92%, 0, 0, 3, 2783.30
1573050505, 0, 49, 1851, 1838, 551, 6.96%, 0, 0, 3, 2678.62
1573050510, 0, 65, 1855, 1841, 553, 6.96%, 0, 0, 3, 2109.66
1573050576, 0, 65, 1856, 1842, 553, 6.96%, 0, 0, 3, 1639.32
1573050607, 0, 65, 1858, 1844, 553, 6.96%, 0, 0, 3, 1783.18
1573050617, 0, 65, 1861, 1847, 553, 6.96%, 0, 0, 3, 1562.08
1573050831, 0, 65, 1862, 1848, 553, 6.96%, 0, 0, 3, 1936.66
1573050897, 0, 69, 1862, 1847, 552, 6.96%, 0, 0, 3, 1784.98
1573051095, 0, 69, 1863, 1848, 552, 6.96%, 0, 0, 3, 1957.78
1573051115, 0, 69, 1864, 1849, 552, 6.96%, 0, 0, 3, 1904.00
1573051410, 0, 69, 1865, 1850, 552, 6.96%, 0, 0, 3, 1921.53
1573051415, 0, 88, 1869, 1853, 551, 6.96%, 0, 0, 3, 1788.23
1573051430, 0, 88, 1871, 1855, 551, 6.96%, 0, 0, 3, 1965.73
1573051440, 0, 88, 1874, 1858, 551, 6.96%, 0, 0, 3, 1665.44
1573051445, 0, 88, 1875, 1859, 551, 6.97%, 0, 0, 3, 1878.81
1573051466, 0, 88, 1878, 1862, 551, 6.97%, 0, 0, 3, 1877.18
1573051517, 0, 88, 1879, 1863, 551, 6.97%, 0, 0, 3, 1917.36
1573051542, 0, 88, 1881, 1865, 551, 6.97%, 0, 0, 3, 1905.75
1573051908, 0, 88, 1883, 1867, 551, 6.97%, 0, 0, 3, 1853.38
1573051913, 0, 88, 1885, 1869, 551, 6.97%, 0, 0, 3, 1767.95
1573051944, 0, 104, 1894, 1877, 554, 6.98%, 0, 0, 3, 2171.16
1573051959, 0, 104, 1897, 1880, 554, 6.98%, 0, 0, 3, 2101.72
1573051969, 0, 104, 1900, 1883, 554, 6.98%, 0, 0, 3, 2218.78
1573052030, 0, 104, 1901, 1884, 554, 6.98%, 0, 0, 3, 2161.57
1573052050, 0, 104, 1902, 1885, 554, 6.99%, 0, 0, 3, 2080.56
1573052065, 0, 104, 1904, 1887, 554, 6.99%, 0, 0, 3, 2329.48
1573052101, 0, 104, 1905, 1888, 554, 6.99%, 0, 0, 3, 2158.74
1573052171, 0, 104, 1908, 1891, 554, 6.99%, 0, 0, 3, 2040.14
1573052233, 0, 104, 1912, 1895, 554, 6.99%, 0, 0, 3, 2310.13
1573052238, 0, 104, 1919, 1902, 554, 6.99%, 0, 0, 3, 2651.37
1573052243, 0, 104, 1924, 1907, 554, 7.16%, 0, 0, 3, 2485.89
1573052248, 0, 118, 1924, 1906, 556, 7.16%, 0, 0, 3, 2078.28
1573052339, 0, 118, 1925, 1907, 556, 7.16%, 0, 0, 3, 2069.52
1573052349, 0, 118, 1926, 1908, 556, 7.16%, 0, 0, 3, 1972.63
1573052359, 0, 118, 1927, 1909, 556, 7.16%, 0, 0, 3, 1715.36
1573052776, 0, 120, 1929, 1910, 558, 7.17%, 0, 0, 3, 1988.43
1573052781, 0, 120, 1930, 1911, 558, 7.17%, 0, 0, 3, 1949.70
1573052802, 0, 120, 1931, 1912, 558, 7.17%, 0, 0, 3, 1919.27
1573053295, 0, 124, 1931, 1911, 557, 7.17%, 0, 0, 3, 2031.59
1573053382, 0, 124, 1932, 1912, 557, 7.17%, 0, 0, 3, 2001.22
1573053402, 0, 124, 1933, 1913, 557, 7.17%, 0, 0, 3, 1711.30
1573053814, 0, 125, 1933, 1912, 557, 7.17%, 0, 0, 3, 1978.15
1573053896, 0, 125, 1934, 1913, 557, 7.17%, 0, 0, 3, 1724.92
1573054327, 0, 125, 1939, 1918, 557, 7.17%, 0, 0, 3, 2101.58
1573054332, 0, 125, 1945, 1924, 557, 7.19%, 0, 0, 3, 2155.93
1573054337, 0, 125, 1952, 1931, 557, 7.20%, 0, 0, 3, 2541.07
1573054342, 0, 126, 1953, 1931, 561, 7.20%, 0, 0, 3, 2159.38
1573054428, 0, 126, 1954, 1932, 561, 7.20%, 0, 0, 3, 2064.46
1573054860, 0, 128, 1955, 1932, 560, 7.20%, 0, 0, 3, 1912.86
1573054891, 0, 128, 1956, 1933, 560, 7.20%, 0, 0, 3, 1727.55
1573055384, 0, 131, 1957, 1933, 559, 7.20%, 0, 0, 3, 1998.41
1573055414, 0, 131, 1958, 1934, 559, 7.20%, 0, 0, 3, 1919.30
1573055911, 0, 134, 1959, 1934, 558, 7.20%, 0, 0, 3, 1969.17
1573055998, 0, 134, 1960, 1935, 558, 7.21%, 0, 0, 3, 2053.88
1573056119, 0, 134, 1961, 1936, 558, 7.21%, 0, 0, 3, 2432.67
1573056195, 0, 134, 1962, 1937, 558, 7.21%, 0, 0, 3, 2235.11
1573056200, 0, 134, 1963, 1938, 558, 7.21%, 0, 0, 3, 2240.85
1573056210, 0, 140, 1964, 1938, 561, 7.21%, 0, 0, 3, 2298.89
1573056215, 0, 140, 1965, 1939, 561, 7.21%, 0, 0, 3, 2405.19
1573056241, 0, 140, 1966, 1940, 561, 7.21%, 0, 0, 3, 1916.71
1573056500, 0, 142, 1969, 1942, 560, 7.22%, 0, 0, 3, 2216.81
1573056566, 0, 142, 1970, 1943, 560, 7.22%, 0, 0, 3, 1872.39
1573057029, 0, 144, 1970, 1942, 561, 7.22%, 0, 0, 3, 2340.05
1573057034, 0, 144, 1972, 1944, 561, 7.22%, 0, 0, 3, 2154.84
1573057065, 0, 144, 1973, 1945, 561, 7.22%, 0, 0, 3, 1604.97
1573057095, 0, 144, 1974, 1946, 561, 7.22%, 0, 0, 3, 2103.27
1573057136, 0, 144, 1976, 1948, 561, 7.23%, 0, 0, 3, 2116.76
1573057452, 0, 144, 1977, 1949, 561, 7.23%, 0, 0, 3, 2011.84
1573057543, 0, 147, 1977, 1948, 564, 7.23%, 0, 0, 3, 2070.32
1573057654, 0, 147, 1978, 1949, 564, 7.23%, 0, 0, 3, 1819.51
1573058041, 0, 147, 1979, 1950, 564, 7.23%, 0, 0, 3, 1677.89
1573058066, 0, 156, 1979, 1949, 563, 7.23%, 0, 0, 3, 2205.38
1573058600, 0, 166, 1980, 1949, 562, 7.23%, 0, 0, 3, 2029.00
1573059119, 0, 171, 1980, 1948, 561, 7.23%, 0, 0, 3, 2212.43
1573059124, 0, 171, 1981, 1949, 561, 7.23%, 0, 0, 3, 1990.96
1573059149, 0, 171, 1983, 1951, 561, 7.23%, 0, 0, 3, 1786.39
1573059154, 0, 171, 1984, 1952, 561, 7.23%, 0, 0, 3, 1673.94
1573059180, 0, 171, 1986, 1954, 561, 7.23%, 0, 0, 3, 1962.15
1573059643, 0, 187, 1987, 1954, 561, 7.23%, 0, 0, 3, 2137.14
1573059648, 0, 187, 1988, 1955, 561, 7.23%, 0, 0, 3, 2087.59
1573059679, 0, 187, 1989, 1956, 561, 7.23%, 0, 0, 3, 1738.26
1573059745, 0, 187, 1990, 1957, 561, 7.23%, 0, 0, 3, 1756.40
1573060040, 0, 187, 1991, 1958, 561, 7.23%, 0, 0, 3, 1808.74
1573060162, 0, 192, 1991, 1957, 560, 7.23%, 0, 0, 3, 2043.59
1573060193, 0, 192, 1995, 1961, 560, 7.23%, 0, 0, 3, 1604.64
1573060716, 0, 193, 1996, 1961, 559, 7.23%, 0, 0, 3, 1823.24
1573060788, 0, 193, 1997, 1962, 559, 7.23%, 0, 0, 3, 1931.49
1573060839, 0, 193, 1998, 1963, 559, 7.23%, 0, 0, 3, 1957.46
1573061236, 0, 195, 1998, 1962, 558, 7.23%, 0, 0, 3, 2019.49
1573061770, 0, 196, 1998, 1961, 557, 7.23%, 0, 0, 3, 1802.61
1573062304, 0, 201, 1998, 1960, 556, 7.23%, 0, 0, 3, 2060.90
1573062356, 0, 201, 1999, 1961, 556, 7.23%, 0, 0, 3, 1606.31
1573062854, 0, 203, 1999, 1960, 556, 7.23%, 0, 0, 3, 1915.62
1573063408, 0, 227, 1999, 1959, 555, 7.23%, 0, 0, 3, 2221.54
1573063424, 0, 227, 2000, 1960, 555, 7.23%, 0, 0, 3, 1907.10
1573063953, 0, 238, 2002, 1961, 553, 7.23%, 0, 0, 3, 1743.01
1573063974, 0, 238, 2004, 1963, 553, 7.23%, 0, 0, 3, 1660.76
1573064040, 0, 238, 2005, 1964, 553, 7.23%, 0, 0, 3, 1754.66
1573064065, 0, 238, 2006, 1965, 553, 7.23%, 0, 0, 3, 1778.14
1573064482, 0, 239, 2007, 1965, 553, 7.23%, 0, 0, 3, 2244.47
1573064497, 0, 239, 2008, 1966, 553, 7.23%, 0, 0, 3, 1928.89
1573064609, 0, 239, 2009, 1967, 553, 7.23%, 0, 0, 3, 1843.10
1573065010, 0, 241, 2009, 1966, 552, 7.23%, 0, 0, 3, 1879.59
1573065031, 0, 241, 2011, 1968, 552, 7.23%, 0, 0, 3, 1843.90
1573065047, 0, 241, 2012, 1969, 552, 7.24%, 0, 0, 3, 1794.48
1573065118, 0, 241, 2014, 1971, 552, 7.24%, 0, 0, 3, 1765.45
1573065439, 0, 241, 2015, 1972, 552, 7.24%, 0, 0, 3, 2035.19
1573065500, 0, 241, 2018, 1975, 552, 7.24%, 0, 0, 3, 2202.11
1573065536, 0, 251, 2018, 1974, 552, 7.24%, 0, 0, 3, 2199.07
1573065551, 0, 251, 2019, 1975, 552, 7.24%, 0, 0, 3, 1959.83
1573066075, 0, 254, 2020, 1975, 552, 7.24%, 0, 0, 3, 1892.35
1573066096, 0, 254, 2021, 1976, 552, 7.24%, 0, 0, 3, 1798.48
1573066626, 0, 256, 2028, 1982, 551, 7.24%, 0, 0, 3, 1946.76
1573066641, 0, 256, 2029, 1983, 551, 7.24%, 0, 0, 3, 1861.34
1573066661, 0, 256, 2031, 1985, 551, 7.24%, 0, 0, 3, 1745.88
1573066687, 0, 256, 2032, 1986, 551, 7.24%, 0, 0, 3, 2149.50
1573066692, 0, 256, 2033, 1987, 551, 7.25%, 0, 0, 3, 1871.12
1573066707, 0, 256, 2034, 1988, 551, 7.25%, 0, 0, 3, 1726.30
1573066727, 0, 256, 2040, 1994, 551, 7.25%, 0, 0, 3, 2121.96
1573066738, 0, 256, 2041, 1995, 551, 7.25%, 0, 0, 3, 1932.33
1573067017, 0, 256, 2042, 1996, 551, 7.25%, 0, 0, 3, 1808.83
1573067027, 0, 256, 2043, 1997, 551, 7.26%, 0, 0, 3, 1922.45
1573067159, 0, 258, 2043, 1996, 549, 7.26%, 0, 0, 3, 2252.77
1573067174, 0, 258, 2047, 2000, 549, 7.26%, 0, 0, 3, 1868.60
1573067240, 0, 258, 2048, 2001, 549, 7.26%, 0, 0, 3, 1710.23
1573067697, 0, 267, 2048, 2000, 548, 7.26%, 0, 0, 3, 1891.59
1573068187, 0, 267, 2049, 2001, 548, 7.26%, 0, 0, 3, 2312.69
1573068192, 0, 268, 2049, 2000, 547, 7.26%, 0, 0, 3, 2252.56
1573068639, 0, 269, 2050, 2000, 546, 7.26%, 0, 0, 3, 2359.75
1573068747, 0, 269, 2051, 2001, 546, 7.26%, 0, 0, 3, 2142.52
1573069111, 0, 274, 2052, 2001, 546, 7.26%, 0, 0, 3, 2203.39
1573069127, 0, 274, 2054, 2003, 546, 7.26%, 0, 0, 3, 2005.57
1573069158, 0, 274, 2055, 2004, 546, 7.26%, 0, 0, 3, 1998.35
1573069598, 0, 276, 2055, 2003, 546, 7.26%, 0, 0, 3, 2170.60
1573069613, 0, 276, 2058, 2006, 546, 7.26%, 0, 0, 3, 2001.95
1573069644, 0, 276, 2061, 2009, 546, 7.28%, 0, 0, 3, 2033.92
1573069715, 0, 276, 2062, 2010, 546, 7.29%, 0, 0, 3, 2058.75
1573070073, 0, 277, 2062, 2009, 549, 7.29%, 0, 0, 3, 2184.24
1573070088, 0, 277, 2066, 2013, 549, 7.29%, 0, 0, 3, 2079.61
1573070144, 0, 277, 2067, 2014, 549, 7.29%, 0, 0, 3, 2077.91
1573070185, 0, 277, 2068, 2015, 549, 7.29%, 0, 0, 3, 2114.92
1573070190, 0, 277, 2069, 2016, 549, 7.29%, 0, 0, 3, 2108.76
1573070538, 0, 278, 2069, 2015, 549, 7.29%, 0, 0, 3, 2276.28
1573070656, 0, 278, 2070, 2016, 549, 7.29%, 0, 0, 3, 2059.13
1573071008, 0, 279, 2070, 2015, 548, 7.29%, 0, 0, 3, 2225.28
1573071121, 0, 279, 2071, 2016, 548, 7.29%, 0, 0, 3, 2112.95
1573071474, 0, 280, 2072, 2016, 548, 7.29%, 0, 0, 3, 2238.05
1573071592, 0, 280, 2073, 2017, 548, 7.29%, 0, 0, 3, 2132.96
1573071939, 0, 282, 2074, 2017, 547, 7.29%, 0, 0, 3, 2253.09
1573072056, 0, 282, 2075, 2018, 547, 7.29%, 0, 0, 3, 2119.69
1573072409, 0, 283, 2075, 2017, 546, 7.29%, 0, 0, 3, 2176.53
1573072424, 0, 283, 2076, 2018, 546, 7.29%, 0, 0, 3, 2130.19
1573072874, 0, 284, 2076, 2017, 545, 7.29%, 0, 0, 3, 2270.08
1573072991, 0, 284, 2077, 2018, 545, 7.29%, 0, 0, 3, 2111.74
1573073344, 0, 286, 2079, 2019, 544, 7.30%, 0, 0, 3, 2253.14
1573073809, 0, 286, 2084, 2024, 544, 7.30%, 0, 0, 3, 2438.58
1573073814, 0, 286, 2088, 2028, 544, 7.30%, 0, 0, 3, 2676.26
1573073819, 0, 287, 2092, 2031, 550, 7.30%, 0, 0, 3, 2736.31
1573074289, 0, 288, 2092, 2030, 549, 7.30%, 0, 0, 3, 2262.25
1573074758, 0, 289, 2092, 2029, 548, 7.30%, 0, 0, 3, 2302.14
1573075227, 0, 290, 2093, 2029, 547, 7.30%, 0, 0, 3, 2192.48
1573075697, 0, 291, 2093, 2028, 546, 7.30%, 0, 0, 3, 2178.64
1573076160, 0, 292, 2093, 2027, 545, 7.30%, 0, 0, 3, 2250.53
1573076278, 0, 292, 2094, 2028, 545, 7.30%, 0, 0, 3, 2120.49
1573076630, 0, 293, 2095, 2028, 544, 7.30%, 0, 0, 3, 2230.67
1573077094, 0, 294, 2095, 2027, 543, 7.30%, 0, 0, 3, 2298.00
1573077563, 0, 295, 2096, 2027, 543, 7.31%, 0, 0, 3, 2186.13
1573078028, 0, 296, 2097, 2027, 542, 7.31%, 0, 0, 3, 2314.88
1573078493, 0, 296, 2100, 2030, 542, 7.31%, 0, 0, 3, 2403.74
1573078498, 0, 296, 2105, 2035, 542, 7.32%, 0, 0, 3, 2618.72
1573078503, 0, 297, 2112, 2041, 543, 7.33%, 0, 0, 3, 2680.64
1573078972, 0, 298, 2112, 2040, 542, 7.33%, 0, 0, 3, 2268.98
1573079437, 0, 299, 2112, 2039, 541, 7.33%, 0, 0, 3, 2313.40
1573079907, 0, 300, 2112, 2038, 540, 7.33%, 0, 0, 3, 2167.88
1573080372, 0, 301, 2113, 2038, 540, 7.33%, 0, 0, 3, 2219.57
1573080836, 0, 302, 2114, 2038, 539, 7.33%, 0, 0, 3, 2252.86
