# unix_time, cycles_done, cur_path, paths_total, pending_total, pending_favs, map_size, unique_crashes, unique_hangs, max_depth, execs_per_sec
1571039394, 0, 0, 1, 1, 1, 2.10%, 0, 0, 1, 2000.00
1571039399, 0, 0, 61, 61, 1, 2.43%, 0, 0, 2, 2313.96
1571039409, 0, 0, 66, 66, 1, 2.47%, 0, 0, 2, 2302.95
1571039414, 0, 0, 125, 125, 1, 3.00%, 0, 0, 2, 2292.28
1571039420, 0, 0, 246, 246, 1, 3.33%, 0, 0, 2, 2343.63
1571039425, 0, 0, 329, 329, 1, 3.52%, 0, 0, 2, 2300.50
1571039440, 0, 0, 332, 332, 1, 3.55%, 0, 0, 2, 2121.05
1571039445, 0, 0, 344, 344, 1, 3.84%, 0, 0, 2, 2141.58
1571039450, 0, 0, 368, 368, 1, 3.86%, 0, 0, 2, 2102.93
1571039471, 0, 0, 376, 376, 1, 3.96%, 0, 0, 2, 2044.10
1571039476, 0, 0, 380, 380, 1, 3.99%, 0, 0, 2, 2100.47
1571039481, 0, 0, 395, 395, 1, 3.99%, 0, 0, 2, 2058.75
1571039486, 0, 0, 426, 426, 1, 4.04%, 0, 0, 2, 2102.95
1571039501, 0, 0, 428, 428, 1, 4.04%, 0, 0, 2, 2016.18
1571039507, 0, 0, 430, 430, 1, 4.04%, 0, 0, 2, 2024.16
1571039517, 0, 0, 431, 431, 1, 4.04%, 0, 0, 2, 2001.30
1571039522, 0, 0, 457, 457, 1, 4.43%, 0, 0, 2, 2015.98
1571039527, 0, 0, 465, 465, 1, 4.47%, 0, 0, 2, 2019.79
1571039532, 0, 0, 467, 467, 1, 4.51%, 0, 0, 2, 2051.29
1571039537, 0, 0, 474, 474, 1, 4.60%, 0, 0, 2, 2123.64
1571039542, 0, 0, 477, 477, 1, 4.61%, 0, 0, 2, 2139.64
1571039547, 0, 0, 479, 479, 1, 4.62%, 0, 0, 2, 2114.29
1571039558, 0, 0, 518, 518, 1, 4.62%, 0, 0, 2, 2138.55
1571039563, 0, 0, 523, 523, 1, 4.63%, 0, 0, 2, 2047.72
1571039568, 0, 0, 528, 528, 1, 4.63%, 0, 0, 2, 1997.17
1571039588, 0, 0, 529, 529, 1, 4.63%, 0, 0, 2, 1988.47
1571039593, 0, 0, 530, 530, 1, 4.63%, 0, 0, 2, 1991.17
1571039598, 0, 0, 531, 531, 1, 4.63%, 0, 0, 2, 2150.83
1571039608, 0, 0, 532, 532, 1, 4.63%, 0, 0, 2, 2179.06
1571039629, 0, 0, 533, 533, 1, 4.63%, 0, 0, 2, 2034.24
1571039680, 0, 0, 539, 539, 1, 4.64%, 0, 0, 2, 2042.97
1571039685, 0, 0, 540, 540, 1, 4.64%, 0, 0, 2, 2011.87
1571039695, 0, 0, 542, 542, 1, 4.65%, 0, 0, 2, 2046.93
1571039700, 0, 0, 549, 549, 1, 4.67%, 0, 0, 2, 2043.95
1571039726, 0, 0, 551, 551, 1, 4.68%, 0, 0, 2, 2012.45
1571039736, 0, 0, 553, 553, 1, 4.68%, 0, 0, 2, 2130.01
1571039741, 0, 0, 554, 554, 1, 4.68%, 0, 0, 2, 2005.49
1571039762, 0, 0, 556, 556, 1, 4.69%, 0, 0, 2, 2092.97
1571039772, 0, 0, 587, 587, 1, 4.71%, 0, 0, 2, 2260.64
1571039777, 0, 0, 609, 609, 1, 4.71%, 0, 0, 2, 2496.48
1571039782, 0, 0, 628, 628, 1, 4.72%, 0, 0, 2, 2549.16
1571039787, 0, 23, 632, 622, 181, 4.72%, 0, 0, 2, 2785.19
1571039792, 0, 31, 634, 622, 179, 4.72%, 0, 0, 3, 2531.72
1571039813, 0, 31, 636, 624, 179, 4.72%, 0, 0, 3, 2428.10
1571039931, 0, 57, 636, 622, 179, 4.72%, 0, 0, 3, 2221.16
1571039957, 0, 57, 638, 624, 179, 4.72%, 0, 0, 3, 2036.96
1571039962, 0, 57, 639, 625, 179, 4.72%, 0, 0, 3, 2000.18
1571040319, 0, 106, 639, 621, 175, 4.72%, 0, 0, 3, 2256.49
1571040339, 0, 106, 641, 623, 175, 4.72%, 0, 0, 3, 1923.59
1571040344, 0, 106, 643, 625, 175, 4.73%, 0, 0, 3, 2007.94
1571040349, 0, 106, 644, 626, 175, 4.73%, 0, 0, 3, 1963.44
1571040370, 0, 106, 645, 627, 175, 4.73%, 0, 0, 3, 1960.70
1571040375, 0, 106, 646, 628, 175, 4.73%, 0, 0, 3, 2015.48
1571040380, 0, 106, 647, 629, 175, 4.73%, 0, 0, 3, 1977.36
1571040401, 0, 106, 651, 633, 175, 4.74%, 0, 0, 3, 1935.43
1571040452, 0, 106, 652, 634, 175, 4.74%, 0, 0, 3, 1879.05
1571040457, 0, 106, 663, 645, 175, 4.79%, 0, 0, 3, 1940.56
1571040488, 0, 106, 664, 646, 175, 4.80%, 0, 0, 3, 2072.79
1571040693, 0, 106, 666, 648, 175, 4.81%, 0, 0, 3, 1967.08
1571040708, 0, 120, 667, 646, 190, 4.81%, 0, 0, 3, 2462.33
1571040728, 0, 120, 668, 647, 190, 4.81%, 0, 0, 3, 1963.24
1571040734, 0, 120, 674, 653, 190, 4.82%, 0, 0, 3, 1924.05
1571040759, 0, 120, 675, 654, 190, 4.82%, 0, 0, 3, 1953.17
1571040764, 0, 120, 682, 661, 190, 4.87%, 0, 0, 3, 1955.21
1571040795, 0, 120, 684, 663, 190, 4.88%, 0, 0, 3, 2013.37
1571040846, 0, 120, 700, 679, 190, 4.95%, 0, 0, 3, 1956.59
1571041081, 0, 120, 703, 682, 190, 4.96%, 0, 0, 3, 1941.24
1571041101, 0, 141, 703, 678, 212, 4.96%, 0, 0, 3, 2501.77
1571041244, 0, 141, 704, 679, 212, 4.96%, 0, 0, 3, 1997.11
1571041489, 0, 177, 704, 674, 208, 4.96%, 0, 0, 3, 2588.20
1571041494, 0, 192, 705, 672, 205, 5.00%, 0, 0, 3, 2325.67
1571041520, 0, 192, 711, 678, 205, 5.02%, 0, 0, 3, 2037.23
1571041525, 0, 192, 714, 681, 205, 5.02%, 0, 0, 3, 1961.60
1571041551, 0, 192, 720, 687, 205, 5.03%, 0, 0, 3, 2028.42
1571041587, 0, 192, 724, 691, 205, 5.03%, 0, 0, 3, 2038.87
1571041643, 0, 192, 726, 693, 205, 5.03%, 0, 0, 3, 2052.86
1571041664, 0, 192, 729, 696, 205, 5.03%, 0, 0, 3, 2133.17
1571041837, 0, 192, 730, 697, 205, 5.03%, 0, 0, 3, 2076.31
1571041847, 0, 192, 732, 699, 205, 5.03%, 0, 0, 3, 1991.52
1571041868, 0, 192, 733, 700, 205, 5.03%, 0, 0, 3, 1971.66
1571041888, 0, 208, 733, 697, 216, 5.03%, 0, 0, 3, 2497.99
1571041919, 0, 208, 734, 698, 216, 5.03%, 0, 0, 3, 1999.43
1571041945, 0, 208, 735, 699, 216, 5.03%, 0, 0, 3, 2030.00
1571042282, 0, 212, 736, 699, 215, 5.03%, 0, 0, 3, 2234.59
1571042287, 0, 223, 737, 697, 212, 5.04%, 0, 0, 3, 2279.71
1571042312, 0, 223, 741, 701, 212, 5.04%, 0, 0, 3, 2034.45
1571042374, 0, 223, 742, 702, 212, 5.04%, 0, 0, 3, 2002.41
1571042441, 0, 223, 743, 703, 212, 5.04%, 0, 0, 3, 2091.10
1571042681, 0, 246, 744, 700, 211, 5.04%, 0, 0, 3, 2535.67
1571042712, 0, 246, 745, 701, 211, 5.04%, 0, 0, 3, 2032.33
1571042769, 0, 246, 746, 702, 211, 5.04%, 0, 0, 3, 2047.50
1571042830, 0, 246, 747, 703, 211, 5.04%, 0, 0, 3, 2106.28
1571042835, 0, 246, 748, 704, 211, 5.04%, 0, 0, 3, 2118.41
1571043080, 0, 246, 756, 712, 211, 5.04%, 0, 0, 3, 2405.99
1571043085, 0, 246, 763, 719, 211, 5.04%, 0, 0, 3, 2527.00
1571043091, 0, 253, 770, 725, 217, 5.05%, 0, 0, 3, 2599.08
1571043116, 0, 253, 772, 727, 217, 5.06%, 0, 0, 3, 1941.59
1571043121, 0, 253, 774, 729, 217, 5.06%, 0, 0, 3, 1977.14
1571043188, 0, 253, 776, 731, 217, 5.06%, 0, 0, 3, 2024.40
1571043239, 0, 253, 777, 732, 217, 5.06%, 0, 0, 3, 1995.15
1571043265, 0, 253, 778, 733, 217, 5.06%, 0, 0, 3, 2074.80
1571043494, 0, 258, 778, 732, 219, 5.06%, 0, 0, 3, 2220.76
1571043499, 0, 291, 778, 723, 210, 5.06%, 0, 0, 3, 2781.99
1571043504, 0, 328, 778, 713, 201, 5.06%, 0, 0, 3, 2880.54
1571043510, 0, 328, 780, 715, 201, 5.06%, 0, 0, 3, 2206.88
1571043530, 0, 328, 781, 716, 201, 5.06%, 0, 0, 3, 1979.17
1571043535, 0, 328, 783, 718, 201, 5.07%, 0, 0, 3, 2043.72
1571043566, 0, 328, 784, 719, 201, 5.07%, 0, 0, 3, 2031.18
1571043858, 0, 328, 785, 720, 201, 5.07%, 0, 0, 3, 2007.66
1571043904, 0, 333, 786, 720, 201, 5.07%, 0, 0, 3, 2186.58
1571043924, 0, 333, 787, 721, 201, 5.07%, 0, 0, 3, 1943.72
1571043930, 0, 333, 790, 724, 201, 5.07%, 0, 0, 3, 1995.49
1571043955, 0, 333, 792, 726, 201, 5.07%, 0, 0, 3, 1949.14
1571043966, 0, 333, 793, 727, 201, 5.07%, 0, 0, 3, 1981.50
1571043986, 0, 333, 794, 728, 201, 5.07%, 0, 0, 3, 1914.16
1571044022, 0, 333, 795, 729, 201, 5.07%, 0, 0, 3, 1929.53
1571044037, 0, 333, 810, 744, 201, 5.10%, 0, 0, 3, 1943.33
1571044078, 0, 333, 813, 747, 201, 5.10%, 0, 0, 3, 2053.17
1571044196, 0, 333, 815, 749, 201, 5.10%, 0, 0, 3, 2020.15
1571044308, 0, 334, 815, 748, 204, 5.10%, 0, 0, 3, 2249.61
1571044334, 0, 334, 816, 749, 204, 5.10%, 0, 0, 3, 1948.79
1571044364, 0, 334, 817, 750, 204, 5.10%, 0, 0, 3, 2004.01
1571044395, 0, 334, 818, 751, 204, 5.10%, 0, 0, 3, 2015.45
1571044441, 0, 334, 819, 752, 204, 5.10%, 0, 0, 3, 1968.55
1571044711, 0, 339, 819, 748, 199, 5.10%, 0, 0, 3, 2520.97
1571044732, 0, 339, 820, 749, 199, 5.10%, 0, 0, 3, 1936.49
1571044737, 0, 339, 826, 755, 199, 5.10%, 0, 0, 3, 1937.29
1571044742, 0, 339, 827, 756, 199, 5.10%, 0, 0, 3, 2011.91
1571044768, 0, 339, 828, 757, 199, 5.11%, 0, 0, 3, 1966.76
1571044849, 0, 339, 831, 760, 199, 5.11%, 0, 0, 3, 1952.50
1571044885, 0, 339, 835, 764, 199, 5.11%, 0, 0, 3, 2065.30
1571045095, 0, 339, 836, 765, 199, 5.11%, 0, 0, 3, 1944.12
1571045120, 0, 340, 837, 765, 201, 5.11%, 0, 0, 3, 2241.06
1571045141, 0, 340, 838, 766, 201, 5.11%, 0, 0, 3, 1945.66
1571045146, 0, 340, 839, 767, 201, 5.12%, 0, 0, 3, 2003.24
