# unix_time, cycles_done, cur_path, paths_total, pending_total, pending_favs, map_size, unique_crashes, unique_hangs, max_depth, execs_per_sec
1570815976, 0, 0, 1, 1, 1, 2.10%, 0, 0, 1, 1600.00
1570815982, 0, 0, 61, 61, 1, 2.43%, 0, 0, 2, 2036.92
1570815997, 0, 0, 105, 105, 1, 2.55%, 0, 0, 2, 2045.39
1570816002, 0, 0, 174, 174, 1, 3.21%, 0, 0, 2, 2024.72
1570816007, 0, 0, 327, 327, 1, 3.52%, 0, 0, 2, 2053.35
1570816012, 0, 0, 329, 329, 1, 3.52%, 0, 0, 2, 2022.87
1570816028, 0, 0, 333, 333, 1, 3.56%, 0, 0, 2, 2009.27
1570816033, 0, 0, 344, 344, 1, 3.84%, 0, 0, 2, 2062.57
1570816038, 0, 0, 368, 368, 1, 3.86%, 0, 0, 2, 2033.15
1570816059, 0, 0, 376, 376, 1, 3.96%, 0, 0, 2, 2012.99
1570816064, 0, 0, 380, 380, 1, 3.99%, 0, 0, 2, 2079.68
1570816069, 0, 0, 395, 395, 1, 3.99%, 0, 0, 2, 2033.67
1570816074, 0, 0, 425, 425, 1, 4.04%, 0, 0, 2, 2085.36
1570816079, 0, 0, 426, 426, 1, 4.04%, 0, 0, 2, 2026.27
1570816089, 0, 0, 428, 428, 1, 4.04%, 0, 0, 2, 2010.78
1570816094, 0, 0, 430, 430, 1, 4.04%, 0, 0, 2, 2012.19
1570816110, 0, 0, 453, 453, 1, 4.43%, 0, 0, 2, 2019.24
1570816115, 0, 0, 465, 465, 1, 4.47%, 0, 0, 2, 2027.10
1570816120, 0, 0, 467, 467, 1, 4.51%, 0, 0, 2, 2059.23
1570816125, 0, 0, 474, 474, 1, 4.60%, 0, 0, 2, 2125.14
1570816130, 0, 0, 477, 477, 1, 4.61%, 0, 0, 2, 2140.97
1570816135, 0, 0, 479, 479, 1, 4.62%, 0, 0, 2, 2111.85
1570816146, 0, 0, 518, 518, 1, 4.62%, 0, 0, 2, 2126.61
1570816151, 0, 0, 523, 523, 1, 4.63%, 0, 0, 2, 2041.09
1570816156, 0, 0, 528, 528, 1, 4.63%, 0, 0, 2, 2006.17
1570816176, 0, 0, 529, 529, 1, 4.63%, 0, 0, 2, 2010.45
1570816181, 0, 0, 530, 530, 1, 4.63%, 0, 0, 2, 1996.35
1570816186, 0, 0, 531, 531, 1, 4.63%, 0, 0, 2, 2142.71
1570816196, 0, 0, 532, 532, 1, 4.63%, 0, 0, 2, 2161.12
1570816212, 0, 0, 533, 533, 1, 4.63%, 0, 0, 2, 2169.67
1570816263, 0, 0, 534, 534, 1, 4.63%, 0, 0, 2, 2082.36
1570816268, 0, 0, 540, 540, 1, 4.64%, 0, 0, 2, 2041.31
1570816283, 0, 0, 549, 549, 1, 4.67%, 0, 0, 2, 2127.90
1570816314, 0, 0, 551, 551, 1, 4.68%, 0, 0, 2, 2113.00
1570816324, 0, 0, 554, 554, 1, 4.68%, 0, 0, 2, 2115.45
1570816345, 0, 0, 556, 556, 1, 4.69%, 0, 0, 2, 2018.14
1570816360, 0, 0, 596, 596, 1, 4.72%, 0, 0, 2, 2422.13
1570816365, 0, 0, 613, 613, 1, 4.72%, 0, 0, 2, 2566.03
1570816370, 0, 1, 619, 618, 199, 4.72%, 0, 0, 2, 2646.29
1570816375, 0, 1, 632, 631, 199, 4.79%, 0, 0, 3, 2766.27
1570816381, 0, 1, 634, 633, 199, 4.79%, 0, 0, 3, 2794.39
1570816386, 0, 2, 635, 633, 209, 4.80%, 0, 0, 3, 2817.48
1570816391, 0, 4, 635, 631, 207, 4.80%, 0, 0, 3, 2834.19
1570816396, 0, 7, 635, 629, 205, 4.80%, 0, 0, 3, 2843.91
1570816401, 0, 8, 635, 628, 204, 4.80%, 0, 0, 3, 2288.80
1570816453, 0, 8, 636, 629, 204, 4.80%, 0, 0, 3, 2027.37
1570816780, 0, 9, 637, 629, 203, 4.80%, 0, 0, 3, 2160.85
1570816806, 0, 9, 646, 638, 203, 4.85%, 0, 0, 3, 2076.63
1570816862, 0, 9, 647, 639, 203, 4.85%, 0, 0, 3, 2043.03
1570816924, 0, 9, 648, 640, 203, 4.85%, 0, 0, 3, 2105.83
1570817158, 0, 11, 652, 643, 203, 4.85%, 0, 0, 3, 2218.45
1570817184, 0, 11, 672, 663, 203, 4.85%, 0, 0, 3, 2070.27
1570817189, 0, 11, 680, 671, 203, 4.85%, 0, 0, 3, 2055.74
1570817250, 0, 11, 682, 673, 203, 4.85%, 0, 0, 3, 2126.33
1570817255, 0, 11, 683, 674, 203, 4.85%, 0, 0, 3, 2037.70
1570817464, 0, 11, 684, 675, 203, 4.85%, 0, 0, 3, 2056.49
1570817490, 0, 11, 686, 677, 203, 4.85%, 0, 0, 3, 2129.55
1570817526, 0, 11, 687, 678, 203, 4.85%, 0, 0, 3, 2006.45
1570817541, 0, 12, 689, 679, 204, 4.86%, 0, 0, 3, 2311.19
1570817567, 0, 12, 691, 681, 204, 4.86%, 0, 0, 3, 2043.22
1570817639, 0, 12, 693, 683, 204, 4.86%, 0, 0, 3, 2041.45
1570817924, 0, 13, 694, 683, 205, 4.86%, 0, 0, 3, 2270.24
1570817950, 0, 13, 698, 687, 205, 4.86%, 0, 0, 3, 2060.49
1570817955, 0, 13, 699, 688, 205, 4.86%, 0, 0, 3, 2053.16
1570818021, 0, 13, 700, 689, 205, 4.86%, 0, 0, 3, 2013.29
1570818231, 0, 13, 701, 690, 205, 4.86%, 0, 0, 3, 2089.79
1570818313, 0, 17, 706, 694, 207, 4.91%, 0, 0, 3, 2166.62
1570818328, 0, 17, 708, 696, 207, 4.91%, 0, 0, 3, 2003.79
1570818339, 0, 17, 713, 701, 207, 4.91%, 0, 0, 3, 2055.91
1570818344, 0, 17, 715, 703, 207, 4.91%, 0, 0, 3, 2034.66
1570818369, 0, 17, 716, 704, 207, 4.91%, 0, 0, 3, 2074.50
1570818405, 0, 17, 717, 705, 207, 4.92%, 0, 0, 3, 2102.08
1570818594, 0, 17, 723, 711, 207, 4.93%, 0, 0, 3, 2045.90
1570818691, 0, 17, 726, 714, 207, 4.93%, 0, 0, 3, 2284.72
1570818696, 0, 17, 737, 725, 207, 4.93%, 0, 0, 3, 2521.62
1570818701, 0, 17, 749, 737, 207, 4.93%, 0, 0, 3, 2563.44
1570818706, 0, 22, 750, 737, 216, 4.93%, 0, 0, 3, 2786.57
1570818711, 0, 23, 754, 740, 219, 4.97%, 0, 0, 3, 2777.21
1570818721, 0, 23, 760, 746, 219, 4.97%, 0, 0, 3, 2528.81
1570818732, 0, 23, 761, 747, 219, 4.99%, 0, 0, 3, 2516.73
1570818747, 0, 23, 763, 749, 219, 4.99%, 0, 0, 3, 2534.81
1570818844, 0, 23, 771, 757, 219, 4.99%, 0, 0, 3, 2579.17
1570818849, 0, 23, 774, 760, 219, 4.99%, 0, 0, 3, 2658.49
1570818854, 0, 30, 775, 760, 221, 4.99%, 0, 0, 3, 2660.15
1570818946, 0, 31, 775, 759, 220, 4.99%, 0, 0, 3, 2523.79
1570818966, 0, 31, 776, 760, 220, 4.99%, 0, 0, 3, 2457.61
1570819084, 0, 35, 777, 760, 219, 4.99%, 0, 0, 3, 2346.46
1570819109, 0, 35, 781, 764, 219, 4.99%, 0, 0, 3, 2057.20
1570819115, 0, 35, 782, 765, 219, 5.00%, 0, 0, 3, 2034.62
1570819472, 0, 54, 783, 765, 220, 5.00%, 0, 0, 3, 2175.79
1570819498, 0, 54, 784, 766, 220, 5.00%, 0, 0, 3, 2064.51
1570819861, 0, 65, 784, 765, 220, 5.00%, 0, 0, 3, 2137.56
1570819886, 0, 65, 785, 766, 220, 5.00%, 0, 0, 3, 2070.83
1570820024, 0, 65, 786, 767, 220, 5.00%, 0, 0, 3, 2086.47
1570820249, 0, 68, 788, 768, 219, 5.00%, 0, 0, 3, 2177.53
1570820270, 0, 68, 789, 769, 219, 5.00%, 0, 0, 3, 1983.15
1570820280, 0, 68, 790, 770, 219, 5.00%, 0, 0, 3, 2034.05
1570820418, 0, 68, 791, 771, 219, 5.00%, 0, 0, 3, 2096.88
1570820637, 0, 96, 791, 770, 219, 5.00%, 0, 0, 3, 2231.27
1570820657, 0, 96, 792, 771, 219, 5.00%, 0, 0, 3, 2009.83
1570820801, 0, 96, 793, 772, 219, 5.00%, 0, 0, 3, 2082.03
1570821025, 0, 97, 793, 771, 219, 5.00%, 0, 0, 3, 2195.85
1570821414, 0, 103, 794, 771, 218, 5.00%, 0, 0, 3, 2162.90
1570821434, 0, 103, 795, 772, 218, 5.00%, 0, 0, 3, 1999.94
1570821444, 0, 103, 798, 775, 218, 5.00%, 0, 0, 3, 2020.41
1570821578, 0, 103, 799, 776, 218, 5.00%, 0, 0, 3, 2104.96
1570821802, 0, 104, 799, 775, 219, 5.00%, 0, 0, 3, 2163.13
1570821833, 0, 104, 800, 776, 219, 5.00%, 0, 0, 3, 2039.77
1570821966, 0, 104, 802, 778, 219, 5.00%, 0, 0, 3, 2112.78
1570822191, 0, 106, 802, 777, 219, 5.00%, 0, 0, 3, 2080.37
1570822212, 0, 106, 806, 781, 219, 5.00%, 0, 0, 3, 1969.87
1570822242, 0, 106, 808, 783, 219, 5.01%, 0, 0, 3, 2021.15
1570822268, 0, 106, 809, 784, 219, 5.01%, 0, 0, 3, 1973.45
1570822273, 0, 106, 812, 787, 219, 5.02%, 0, 0, 3, 2050.99
1570822320, 0, 106, 813, 788, 219, 5.02%, 0, 0, 3, 1987.37
1570822325, 0, 106, 823, 798, 219, 5.07%, 0, 0, 3, 1989.10
1570822356, 0, 106, 824, 799, 219, 5.07%, 0, 0, 3, 2085.68
1570822564, 0, 106, 827, 802, 219, 5.09%, 0, 0, 3, 2019.63
1570822579, 0, 109, 827, 801, 234, 5.09%, 0, 0, 3, 2237.75
1570822972, 0, 114, 827, 800, 233, 5.09%, 0, 0, 3, 2165.87
1570822992, 0, 114, 834, 807, 233, 5.10%, 0, 0, 3, 1977.60
1570823100, 0, 114, 842, 815, 233, 5.12%, 0, 0, 3, 1993.83
1570823105, 0, 114, 844, 817, 233, 5.12%, 0, 0, 3, 1973.76
1570823340, 0, 114, 845, 818, 233, 5.12%, 0, 0, 3, 1988.26
1570823361, 0, 115, 845, 817, 236, 5.12%, 0, 0, 3, 2203.30
1570823386, 0, 115, 846, 818, 236, 5.12%, 0, 0, 3, 2029.79
1570823412, 0, 115, 847, 819, 236, 5.12%, 0, 0, 3, 1998.77
1570823494, 0, 115, 848, 820, 236, 5.12%, 0, 0, 3, 2006.64
1570823750, 0, 115, 849, 821, 236, 5.12%, 0, 0, 3, 2235.01
1570823755, 0, 117, 849, 820, 237, 5.12%, 0, 0, 3, 2109.76
1570823770, 0, 117, 850, 821, 237, 5.12%, 0, 0, 3, 2010.76
1570823831, 0, 117, 851, 822, 237, 5.12%, 0, 0, 3, 2017.46
1570824138, 0, 117, 852, 823, 237, 5.12%, 0, 0, 3, 2197.10
1570824143, 0, 118, 852, 822, 237, 5.12%, 0, 0, 3, 2079.34
1570824158, 0, 118, 853, 823, 237, 5.12%, 0, 0, 3, 1979.45
1570824163, 0, 118, 856, 826, 237, 5.12%, 0, 0, 3, 1992.74
1570824271, 0, 118, 858, 828, 237, 5.12%, 0, 0, 3, 1980.28
1570824511, 0, 118, 859, 829, 237, 5.13%, 0, 0, 3, 1967.29
1570824536, 0, 120, 859, 828, 237, 5.13%, 0, 0, 3, 2097.15
1570824552, 0, 120, 860, 829, 237, 5.13%, 0, 0, 3, 1994.22
1570824557, 0, 120, 863, 832, 237, 5.14%, 0, 0, 3, 1996.06
1570824588, 0, 120, 869, 838, 237, 5.18%, 0, 0, 3, 2017.30
1570824613, 0, 120, 871, 840, 237, 5.19%, 0, 0, 3, 1983.25
1570824664, 0, 120, 885, 854, 237, 5.25%, 0, 0, 3, 1975.75
1570824905, 0, 120, 887, 856, 237, 5.25%, 0, 0, 3, 1992.36
1570824925, 0, 120, 888, 857, 237, 5.25%, 0, 0, 3, 2212.82
1570824930, 0, 121, 889, 857, 258, 5.25%, 0, 0, 3, 2146.76
1570824951, 0, 121, 891, 859, 258, 5.25%, 0, 0, 3, 1983.02
1570824961, 0, 121, 892, 860, 258, 5.25%, 0, 0, 3, 2001.69
1570825012, 0, 121, 893, 861, 258, 5.25%, 0, 0, 3, 2039.50
1570825063, 0, 121, 899, 867, 258, 5.27%, 0, 0, 3, 1972.64
1570825099, 0, 121, 901, 869, 258, 5.27%, 0, 0, 3, 2087.65
1570825324, 0, 122, 901, 868, 259, 5.27%, 0, 0, 3, 2122.33
1570825344, 0, 122, 902, 869, 259, 5.27%, 0, 0, 3, 2012.46
1570825712, 0, 123, 905, 871, 259, 5.27%, 0, 0, 3, 2359.20
1570825732, 0, 123, 906, 872, 259, 5.27%, 0, 0, 3, 1974.18
1570825737, 0, 123, 910, 876, 259, 5.28%, 0, 0, 3, 2025.72
1570825763, 0, 123, 913, 879, 259, 5.28%, 1, 0, 3, 1981.39
1570825845, 0, 123, 925, 891, 259, 5.36%, 1, 0, 3, 1991.37
1570826003, 0, 123, 926, 892, 259, 5.36%, 1, 0, 3, 2048.08
1570826023, 0, 123, 927, 893, 259, 5.36%, 1, 0, 3, 2039.81
1570826105, 0, 128, 927, 892, 267, 5.36%, 1, 0, 3, 2302.06
1570826126, 0, 128, 928, 893, 267, 5.36%, 1, 0, 3, 1975.03
1570826131, 0, 128, 935, 900, 267, 5.37%, 1, 0, 3, 2004.21
1570826136, 0, 128, 937, 902, 267, 5.37%, 1, 0, 3, 2033.67
1570826161, 0, 128, 938, 903, 267, 5.37%, 1, 0, 3, 2048.23
1570826244, 0, 128, 940, 905, 267, 5.38%, 1, 0, 3, 1977.77
1570826274, 0, 128, 942, 907, 267, 5.38%, 1, 0, 3, 2081.65
1570826397, 0, 128, 944, 909, 267, 5.38%, 1, 0, 3, 2030.99
1570826499, 0, 141, 944, 908, 271, 5.38%, 1, 0, 3, 2262.27
1570826529, 0, 141, 945, 909, 271, 5.38%, 1, 0, 3, 2050.44
1570826643, 0, 141, 946, 910, 271, 5.38%, 1, 0, 3, 2105.72
1570826887, 0, 146, 946, 909, 271, 5.38%, 1, 0, 3, 2360.90
1570826959, 0, 146, 947, 910, 271, 5.38%, 1, 0, 3, 2470.96
1570827021, 0, 146, 948, 911, 271, 5.38%, 1, 0, 3, 2584.86
1570827032, 0, 147, 948, 910, 271, 5.38%, 1, 0, 3, 2422.22
1570827175, 0, 147, 949, 911, 271, 5.38%, 1, 0, 3, 2121.99
1570827421, 0, 162, 950, 911, 270, 5.38%, 1, 0, 3, 2173.48
1570827446, 0, 162, 955, 916, 270, 5.38%, 1, 0, 3, 2057.95
1570827477, 0, 162, 956, 917, 270, 5.38%, 1, 0, 3, 2061.30
1570827554, 0, 162, 957, 918, 270, 5.38%, 1, 0, 3, 2014.87
1570827564, 0, 162, 958, 919, 270, 5.38%, 1, 0, 3, 2089.80
1570827804, 0, 169, 958, 918, 270, 5.38%, 1, 0, 3, 2215.91
1570827830, 0, 169, 960, 920, 270, 5.38%, 1, 0, 3, 2025.47
1570827948, 0, 169, 961, 921, 270, 5.38%, 1, 0, 3, 2090.03
1570828192, 0, 170, 962, 921, 271, 5.38%, 1, 0, 3, 2445.23
1570828218, 0, 170, 963, 922, 271, 5.38%, 1, 0, 3, 2684.25
1570828264, 0, 170, 966, 925, 271, 5.38%, 1, 0, 3, 2668.85
1570828336, 0, 182, 966, 924, 271, 5.38%, 1, 0, 3, 2402.90
1570828362, 0, 182, 969, 927, 271, 5.38%, 1, 0, 3, 2054.02
1570828480, 0, 182, 970, 928, 271, 5.38%, 1, 0, 3, 2117.47
1570828638, 0, 182, 971, 929, 271, 5.39%, 1, 0, 3, 2096.27
1570828725, 0, 196, 972, 929, 271, 5.39%, 1, 0, 3, 2152.60
1570828751, 0, 196, 974, 931, 271, 5.39%, 1, 0, 3, 2055.17
1570828756, 0, 196, 975, 932, 271, 5.39%, 1, 0, 3, 2026.48
1570828777, 0, 196, 976, 933, 271, 5.39%, 1, 0, 3, 2015.11
1570828869, 0, 196, 977, 934, 271, 5.39%, 1, 0, 3, 2099.74
1570829113, 0, 208, 977, 933, 272, 5.39%, 1, 0, 3, 2197.64
1570829139, 0, 208, 979, 935, 272, 5.39%, 1, 0, 3, 2054.53
1570829502, 0, 214, 979, 934, 273, 5.39%, 1, 0, 3, 2212.49
1570829558, 0, 214, 980, 935, 273, 5.39%, 1, 0, 3, 2082.33
1570829889, 0, 217, 980, 934, 272, 5.39%, 1, 0, 3, 2273.54
1570830033, 0, 217, 981, 935, 272, 5.39%, 1, 0, 3, 2116.79
1570830231, 0, 217, 982, 936, 272, 5.39%, 1, 0, 3, 2114.87
1570830278, 0, 221, 982, 935, 271, 5.39%, 1, 0, 3, 2307.12
1570830303, 0, 221, 985, 938, 271, 5.51%, 1, 0, 3, 2042.71
1570830308, 0, 221, 990, 943, 271, 5.52%, 1, 0, 3, 2050.02
1570830375, 0, 221, 991, 944, 271, 5.61%, 1, 0, 3, 2050.34
1570830665, 0, 221, 992, 945, 271, 5.61%, 1, 0, 3, 2127.42
1570830670, 0, 242, 992, 944, 274, 5.61%, 1, 0, 3, 2177.73
1570830691, 0, 242, 993, 945, 274, 5.61%, 1, 0, 3, 2013.74
1570830696, 0, 242, 994, 946, 274, 5.61%, 1, 0, 3, 2066.23
1570831059, 0, 246, 994, 945, 274, 5.61%, 1, 0, 3, 2185.88
1570831089, 0, 246, 995, 946, 274, 5.61%, 1, 0, 3, 2039.03
1570831141, 0, 246, 996, 947, 274, 5.61%, 1, 0, 3, 2076.24
1570831202, 0, 246, 997, 948, 274, 5.61%, 1, 0, 3, 2127.29
1570831207, 0, 246, 998, 949, 274, 5.61%, 1, 0, 3, 2154.91
1570831401, 0, 246, 1000, 951, 274, 5.61%, 1, 0, 3, 2157.83
1570831451, 0, 253, 1000, 950, 277, 5.61%, 1, 0, 3, 2077.35
1570831477, 0, 253, 1001, 951, 277, 5.62%, 1, 0, 3, 2014.30
1570831482, 0, 253, 1002, 952, 277, 5.62%, 1, 0, 3, 1951.92
1570831543, 0, 253, 1003, 953, 277, 5.62%, 1, 0, 3, 1995.80
1570831595, 0, 253, 1004, 954, 277, 5.62%, 1, 0, 3, 2024.73
1570831620, 0, 253, 1005, 955, 277, 5.62%, 1, 0, 3, 2093.38
1570831849, 0, 258, 1005, 954, 278, 5.62%, 1, 0, 3, 2298.77
1570831875, 0, 258, 1006, 955, 278, 5.62%, 1, 0, 3, 2302.08
1570831932, 0, 258, 1007, 956, 278, 5.62%, 1, 0, 3, 2337.42
1570831942, 0, 258, 1008, 957, 278, 5.63%, 1, 0, 3, 2313.82
1570831947, 0, 258, 1010, 959, 278, 5.63%, 1, 0, 3, 2318.90
1570831962, 0, 258, 1012, 961, 278, 5.63%, 1, 0, 3, 2330.29
1570832064, 0, 260, 1012, 960, 281, 5.63%, 1, 0, 3, 2405.99
1570832279, 0, 272, 1012, 959, 280, 5.63%, 1, 0, 3, 2364.55
1570832371, 0, 272, 1013, 960, 280, 5.63%, 1, 0, 3, 2341.46
1570832489, 0, 272, 1014, 961, 280, 5.63%, 1, 0, 3, 2303.24
1570832494, 0, 279, 1014, 960, 280, 5.63%, 1, 0, 3, 2135.45
1570832653, 0, 279, 1015, 961, 280, 5.63%, 1, 0, 3, 2124.46
1570832878, 0, 280, 1018, 963, 279, 5.63%, 1, 0, 3, 2168.23
1570832939, 0, 280, 1020, 965, 279, 5.63%, 1, 0, 3, 1973.96
1570833046, 0, 280, 1022, 967, 279, 5.63%, 1, 0, 3, 2035.70
1570833051, 0, 280, 1023, 968, 279, 5.64%, 1, 0, 3, 2030.88
1570833056, 0, 280, 1024, 969, 279, 5.64%, 1, 0, 3, 1968.71
1570833286, 0, 285, 1024, 968, 282, 5.64%, 1, 0, 3, 2275.97
1570833501, 0, 286, 1024, 967, 281, 5.64%, 1, 0, 3, 2357.36
1570833717, 0, 291, 1024, 966, 280, 5.64%, 1, 0, 3, 2367.96
1570833747, 0, 291, 1025, 967, 280, 5.64%, 1, 0, 3, 2057.57
1570833866, 0, 291, 1026, 968, 280, 5.64%, 1, 0, 3, 2127.10
1570833886, 0, 291, 1028, 970, 280, 5.64%, 1, 0, 3, 2125.91
1570834120, 0, 302, 1028, 969, 280, 5.64%, 1, 0, 3, 2181.98
1570834151, 0, 302, 1030, 971, 280, 5.64%, 1, 0, 3, 2044.89
1570834208, 0, 302, 1032, 973, 280, 5.64%, 1, 0, 3, 2049.29
1570834269, 0, 302, 1033, 974, 280, 5.64%, 1, 0, 3, 2129.98
1570834462, 0, 304, 1033, 973, 279, 5.64%, 1, 0, 3, 2021.21
1570834493, 0, 304, 1035, 975, 279, 5.64%, 1, 0, 3, 1910.28
1570834554, 0, 304, 1037, 977, 279, 5.64%, 1, 0, 3, 1909.85
1570834616, 0, 304, 1039, 979, 279, 5.64%, 1, 0, 3, 1989.94
1570834743, 0, 304, 1040, 980, 279, 5.64%, 1, 0, 3, 1990.86
1570834825, 0, 309, 1040, 979, 279, 5.64%, 1, 0, 3, 2145.50
1570834845, 0, 309, 1043, 982, 279, 5.64%, 1, 0, 3, 2003.89
1570834850, 0, 309, 1047, 986, 279, 5.64%, 1, 0, 3, 2042.69
1570834856, 0, 309, 1049, 988, 279, 5.64%, 1, 0, 3, 2029.33
1570834881, 0, 309, 1053, 992, 279, 5.64%, 1, 0, 3, 2078.84
1570834912, 0, 309, 1054, 993, 279, 5.64%, 1, 0, 3, 2011.13
1570834917, 0, 309, 1056, 995, 279, 5.64%, 1, 0, 3, 2093.70
1570834978, 0, 309, 1057, 996, 279, 5.64%, 1, 0, 3, 2103.82
1570834988, 0, 309, 1058, 997, 279, 5.64%, 1, 0, 3, 2128.18
1570835233, 0, 312, 1058, 996, 280, 5.64%, 1, 0, 3, 2248.07
1570835376, 0, 318, 1058, 995, 279, 5.64%, 1, 0, 3, 2765.15
1570835514, 0, 319, 1060, 996, 278, 5.65%, 1, 0, 3, 2759.01
1570835519, 0, 319, 1073, 1009, 278, 5.74%, 1, 0, 3, 2762.08
1570835524, 0, 319, 1077, 1013, 278, 5.79%, 1, 0, 3, 2762.47
1570835530, 0, 329, 1078, 1013, 292, 5.81%, 1, 0, 3, 2400.64
1570835703, 0, 329, 1079, 1014, 292, 5.81%, 1, 0, 3, 2014.81
1570835944, 0, 334, 1079, 1013, 291, 5.81%, 1, 0, 3, 2342.14
1570835969, 0, 334, 1080, 1014, 291, 5.81%, 1, 0, 3, 2027.27
1570836000, 0, 334, 1081, 1015, 291, 5.81%, 1, 0, 3, 2053.16
1570836025, 0, 334, 1082, 1016, 291, 5.81%, 1, 0, 3, 1990.51
1570836077, 0, 334, 1083, 1017, 291, 5.81%, 1, 0, 3, 1998.51
1570836364, 0, 336, 1083, 1016, 290, 5.81%, 1, 0, 3, 2102.86
1570836384, 0, 336, 1085, 1018, 290, 5.82%, 1, 0, 3, 1986.62
1570836410, 0, 336, 1086, 1019, 290, 5.82%, 1, 0, 3, 1989.94
1570836441, 0, 336, 1087, 1020, 290, 5.82%, 1, 0, 3, 1996.50
1570836492, 0, 336, 1092, 1025, 290, 5.83%, 1, 0, 3, 1997.56
1570836743, 0, 336, 1093, 1026, 290, 5.83%, 1, 0, 3, 1989.01
1570836779, 0, 337, 1094, 1026, 297, 5.83%, 1, 0, 3, 2171.24
1570836799, 0, 337, 1099, 1031, 297, 5.85%, 1, 0, 3, 1983.64
1570836830, 0, 337, 1100, 1032, 297, 5.85%, 1, 0, 3, 1988.17
1570836912, 0, 337, 1103, 1035, 297, 5.91%, 1, 0, 3, 1987.35
1570837066, 0, 337, 1104, 1036, 297, 5.94%, 1, 0, 3, 2079.34
1570837076, 0, 337, 1105, 1037, 297, 5.94%, 1, 0, 3, 1997.63
1570837163, 0, 337, 1107, 1039, 297, 5.95%, 1, 0, 3, 1960.32
1570837198, 0, 339, 1107, 1038, 304, 5.95%, 1, 0, 3, 2092.37
1570837219, 0, 339, 1109, 1040, 304, 5.95%, 1, 0, 3, 1969.16
1570837224, 0, 339, 1110, 1041, 304, 5.95%, 1, 0, 3, 2025.86
1570837332, 0, 339, 1115, 1046, 304, 5.96%, 1, 0, 3, 1973.60
1570837587, 0, 339, 1116, 1047, 304, 5.96%, 1, 0, 3, 1941.91
1570837617, 0, 339, 1117, 1048, 304, 5.96%, 1, 0, 3, 2229.13
1570837622, 0, 340, 1117, 1047, 304, 5.96%, 1, 0, 3, 2063.54
1570837638, 0, 340, 1118, 1048, 304, 5.96%, 1, 0, 3, 1968.44
1570837643, 0, 340, 1119, 1049, 304, 5.97%, 1, 0, 3, 1989.79
1570837674, 0, 340, 1120, 1050, 304, 5.97%, 1, 0, 3, 1987.81
1570837710, 0, 340, 1121, 1051, 304, 5.97%, 1, 0, 3, 2001.58
1570837756, 0, 340, 1127, 1057, 304, 5.98%, 1, 0, 3, 1985.53
1570838042, 0, 342, 1127, 1056, 309, 5.98%, 1, 0, 3, 2148.94
1570838067, 0, 342, 1133, 1062, 309, 6.00%, 1, 0, 3, 2032.93
1570838460, 0, 344, 1133, 1061, 314, 6.00%, 1, 0, 3, 2180.58
1570838476, 0, 344, 1135, 1063, 314, 6.00%, 1, 0, 3, 2109.16
1570838486, 0, 344, 1138, 1066, 314, 6.00%, 1, 0, 3, 2130.57
1570838609, 0, 344, 1140, 1068, 314, 6.00%, 1, 0, 3, 2188.16
1570838619, 0, 344, 1141, 1069, 314, 6.00%, 1, 0, 3, 2110.85
1570838741, 0, 344, 1142, 1070, 314, 6.00%, 1, 0, 3, 2104.54
1570838828, 0, 346, 1143, 1070, 315, 6.00%, 1, 0, 3, 2401.05
1570838834, 0, 346, 1144, 1071, 315, 6.00%, 1, 0, 3, 2080.81
1570838849, 0, 346, 1146, 1073, 315, 6.00%, 1, 0, 3, 1969.78
1570838987, 0, 346, 1148, 1075, 315, 6.00%, 1, 0, 3, 2091.71
1570839211, 0, 346, 1149, 1076, 315, 6.00%, 1, 0, 3, 2159.16
1570839216, 0, 350, 1149, 1075, 315, 6.00%, 1, 0, 3, 2130.71
1570839621, 0, 351, 1149, 1074, 314, 6.00%, 1, 0, 3, 2285.65
1570839795, 0, 351, 1150, 1075, 314, 6.00%, 1, 0, 3, 2122.33
1570840051, 0, 371, 1150, 1073, 312, 6.00%, 1, 0, 3, 2471.53
1570840469, 0, 375, 1151, 1073, 311, 6.00%, 1, 0, 3, 2148.44
1570840490, 0, 375, 1153, 1075, 311, 6.00%, 1, 0, 3, 2000.71
1570840551, 0, 375, 1154, 1076, 311, 6.00%, 1, 0, 3, 2069.90
1570840602, 0, 375, 1163, 1085, 311, 6.08%, 1, 0, 3, 1998.70
1570840853, 0, 375, 1175, 1097, 311, 6.15%, 1, 0, 3, 2003.35
1570840883, 0, 376, 1175, 1096, 321, 6.15%, 1, 0, 3, 2335.61
1570840913, 0, 376, 1176, 1097, 321, 6.15%, 1, 0, 3, 2058.73
1570841302, 0, 377, 1176, 1096, 321, 6.15%, 1, 0, 3, 2114.67
1570841394, 0, 377, 1177, 1097, 321, 6.15%, 1, 0, 3, 2073.52
1570841445, 0, 377, 1178, 1098, 321, 6.15%, 1, 0, 3, 2092.75
1570841450, 0, 377, 1180, 1100, 321, 6.16%, 1, 0, 3, 2116.29
1570841466, 0, 377, 1181, 1101, 321, 6.16%, 1, 0, 3, 2119.59
1570841715, 0, 385, 1181, 1100, 322, 6.16%, 1, 0, 3, 2075.79
1570842115, 0, 395, 1181, 1099, 321, 6.16%, 1, 0, 3, 2295.15
1570842140, 0, 395, 1188, 1106, 321, 6.18%, 1, 0, 3, 2257.09
1570842166, 0, 395, 1189, 1107, 321, 6.18%, 1, 0, 3, 2294.66
1570842192, 0, 395, 1190, 1108, 321, 6.18%, 1, 0, 3, 2282.66
1570842197, 0, 395, 1191, 1109, 321, 6.18%, 1, 0, 3, 2274.69
1570842202, 0, 395, 1195, 1113, 321, 6.18%, 1, 0, 3, 2257.01
1570842207, 0, 395, 1197, 1115, 321, 6.18%, 1, 0, 3, 2299.15
1570842212, 0, 395, 1200, 1118, 321, 6.18%, 1, 0, 3, 2311.07
1570842223, 0, 395, 1201, 1119, 321, 6.18%, 1, 0, 3, 2298.57
1570842228, 0, 395, 1202, 1120, 321, 6.18%, 1, 0, 3, 2350.56
1570842289, 0, 395, 1203, 1121, 321, 6.18%, 1, 0, 3, 2298.49
1570842315, 0, 395, 1204, 1122, 321, 6.18%, 1, 0, 3, 2336.31
1570842335, 0, 397, 1204, 1121, 329, 6.18%, 1, 0, 3, 2335.72
1570842423, 0, 397, 1205, 1122, 329, 6.18%, 1, 0, 3, 2260.95
1570842561, 0, 405, 1205, 1121, 328, 6.18%, 1, 0, 3, 2608.16
1570842566, 0, 406, 1205, 1120, 327, 6.18%, 1, 0, 3, 2230.79
1570842868, 0, 406, 1206, 1121, 327, 6.19%, 1, 0, 3, 2112.43
1570842980, 0, 428, 1207, 1121, 327, 6.19%, 1, 0, 3, 2292.94
1570843247, 0, 436, 1207, 1120, 326, 6.19%, 1, 0, 3, 2225.27
1570843267, 0, 436, 1209, 1122, 326, 6.19%, 1, 0, 3, 2003.69
1570843298, 0, 436, 1211, 1124, 326, 6.20%, 1, 0, 3, 1998.04
1570843324, 0, 436, 1213, 1126, 326, 6.21%, 1, 0, 3, 1991.93
1570843360, 0, 436, 1214, 1127, 326, 6.21%, 1, 0, 3, 2006.40
1570843375, 0, 436, 1226, 1139, 326, 6.34%, 1, 0, 3, 1992.00
1570843625, 0, 436, 1227, 1140, 326, 6.34%, 1, 0, 3, 1958.59
1570843660, 0, 440, 1227, 1139, 339, 6.34%, 1, 0, 3, 2306.62
1570843686, 0, 440, 1233, 1145, 339, 6.34%, 1, 0, 3, 2004.08
1570843712, 0, 440, 1234, 1146, 339, 6.35%, 1, 0, 3, 1978.85
1570843717, 0, 440, 1235, 1147, 339, 6.35%, 1, 0, 3, 2035.01
1570843779, 0, 440, 1236, 1148, 339, 6.35%, 1, 0, 3, 1976.01
1570843794, 0, 440, 1237, 1149, 339, 6.35%, 1, 0, 3, 1994.29
1570844079, 0, 443, 1237, 1148, 339, 6.35%, 1, 0, 3, 2292.81
1570844100, 0, 443, 1238, 1149, 339, 6.35%, 1, 0, 3, 1978.85
1570844105, 0, 443, 1240, 1151, 339, 6.37%, 1, 0, 3, 2008.15
1570844161, 0, 443, 1241, 1152, 339, 6.38%, 1, 0, 3, 1991.97
1570844212, 0, 443, 1251, 1162, 339, 6.42%, 1, 0, 3, 2004.01
1570844498, 0, 444, 1251, 1161, 346, 6.42%, 1, 0, 3, 2132.18
1570844519, 0, 444, 1252, 1162, 346, 6.42%, 1, 0, 3, 1994.30
1570844627, 0, 444, 1254, 1164, 346, 6.44%, 1, 0, 3, 1991.29
1570844914, 0, 445, 1254, 1163, 349, 6.44%, 1, 0, 3, 2128.49
1570844934, 0, 445, 1255, 1164, 349, 6.44%, 1, 0, 3, 1978.74
1570845042, 0, 445, 1257, 1166, 349, 6.47%, 1, 0, 3, 1991.00
1570845047, 0, 445, 1258, 1167, 349, 6.47%, 1, 0, 3, 1995.64
1570845293, 0, 445, 1261, 1170, 349, 6.51%, 1, 0, 3, 1976.68
1570845329, 0, 446, 1261, 1169, 350, 6.51%, 1, 0, 3, 2256.53
1570845350, 0, 446, 1262, 1170, 350, 6.51%, 1, 0, 3, 1998.16
1570845355, 0, 446, 1264, 1172, 350, 6.52%, 1, 0, 3, 2053.02
1570845380, 0, 446, 1265, 1173, 350, 6.52%, 1, 0, 3, 2010.09
1570845411, 0, 446, 1266, 1174, 350, 6.52%, 1, 0, 3, 2045.78
1570845463, 0, 446, 1275, 1183, 350, 6.58%, 1, 0, 3, 2001.43
1570845712, 0, 446, 1276, 1184, 350, 6.58%, 1, 0, 3, 1996.69
1570845743, 0, 448, 1276, 1183, 357, 6.58%, 1, 0, 3, 2251.30
1570845763, 0, 448, 1277, 1184, 357, 6.58%, 1, 0, 3, 1980.71
1570845768, 0, 448, 1279, 1186, 357, 6.58%, 1, 0, 3, 2004.58
1570846127, 0, 448, 1280, 1187, 357, 6.58%, 1, 0, 3, 1985.79
1570846163, 0, 449, 1280, 1186, 358, 6.58%, 1, 0, 3, 2314.82
1570846214, 0, 449, 1281, 1187, 358, 6.58%, 1, 0, 3, 1958.15
1570846296, 0, 449, 1282, 1188, 358, 6.58%, 1, 0, 3, 2008.73
1570846582, 0, 451, 1282, 1187, 359, 6.58%, 1, 0, 3, 2144.75
1570846659, 0, 451, 1283, 1188, 359, 6.58%, 1, 0, 3, 2001.98
1570846710, 0, 451, 1284, 1189, 359, 6.58%, 1, 0, 3, 2005.41
1570846715, 0, 451, 1285, 1190, 359, 6.59%, 1, 0, 3, 2009.24
1570846965, 0, 451, 1286, 1191, 359, 6.59%, 1, 0, 3, 2002.01
1570846996, 0, 454, 1286, 1190, 360, 6.59%, 1, 0, 3, 2313.96
1570847016, 0, 454, 1287, 1191, 360, 6.59%, 1, 0, 3, 2013.58
1570847129, 0, 454, 1289, 1193, 360, 6.61%, 1, 0, 3, 2005.17
1570847379, 0, 454, 1291, 1195, 360, 6.61%, 1, 0, 3, 2003.46
1570847409, 0, 458, 1291, 1194, 361, 6.61%, 1, 0, 3, 2265.43
1570847430, 0, 458, 1292, 1195, 361, 6.61%, 1, 0, 3, 1983.10
1570847435, 0, 458, 1293, 1196, 361, 6.62%, 1, 0, 3, 1997.59
1570847466, 0, 458, 1294, 1197, 361, 6.62%, 1, 0, 3, 2037.18
1570847548, 0, 458, 1296, 1199, 361, 6.63%, 1, 0, 3, 1970.04
1570847701, 0, 458, 1297, 1200, 361, 6.63%, 1, 0, 3, 2051.73
1570847798, 0, 458, 1299, 1202, 361, 6.64%, 1, 0, 3, 1987.94
1570847834, 0, 460, 1299, 1201, 360, 6.64%, 1, 0, 3, 2079.39
1570847854, 0, 460, 1301, 1203, 360, 6.64%, 1, 0, 3, 1996.05
1570848248, 0, 463, 1301, 1202, 360, 6.64%, 1, 0, 3, 2289.14
1570848273, 0, 463, 1303, 1204, 360, 6.64%, 1, 0, 3, 2017.90
1570848626, 0, 463, 1304, 1205, 360, 6.64%, 1, 0, 3, 1973.10
1570848667, 0, 465, 1304, 1204, 359, 6.64%, 1, 0, 3, 2203.70
1570848698, 0, 465, 1305, 1205, 359, 6.64%, 1, 0, 3, 2044.96
1570849082, 0, 467, 1305, 1204, 359, 6.64%, 1, 0, 3, 2292.45
1570849107, 0, 467, 1306, 1205, 359, 6.64%, 1, 0, 3, 2037.37
1570849113, 0, 467, 1308, 1207, 359, 6.64%, 1, 0, 3, 2030.95
1570849174, 0, 467, 1308, 1207, 359, 6.64%, 2, 0, 3, 2029.47
1570849225, 0, 467, 1309, 1208, 359, 6.64%, 2, 0, 3, 2090.97
1570849235, 0, 467, 1310, 1209, 359, 6.64%, 2, 0, 3, 2115.84
1570849246, 0, 467, 1311, 1210, 359, 6.64%, 2, 0, 3, 2086.91
1570849251, 0, 467, 1312, 1211, 359, 6.64%, 2, 0, 3, 2113.53
1570849286, 0, 467, 1313, 1212, 359, 6.64%, 2, 0, 3, 2053.01
1570849388, 0, 467, 1314, 1213, 359, 6.64%, 2, 0, 3, 2049.19
1570849475, 0, 467, 1315, 1214, 359, 6.65%, 2, 0, 3, 2156.26
1570849490, 0, 467, 1317, 1216, 359, 6.65%, 2, 0, 3, 2127.40
1570849495, 0, 473, 1317, 1215, 362, 6.65%, 2, 0, 3, 2189.08
1570849521, 0, 473, 1318, 1216, 362, 6.65%, 2, 0, 3, 2057.79
1570849587, 0, 473, 1318, 1216, 362, 6.65%, 3, 0, 3, 2113.45
1570849649, 0, 473, 1319, 1217, 362, 6.65%, 3, 0, 3, 2092.40
1570849664, 0, 473, 1320, 1218, 362, 6.65%, 3, 0, 3, 2077.90
1570849908, 0, 474, 1320, 1217, 362, 6.65%, 3, 0, 3, 2308.54
1570849939, 0, 474, 1321, 1218, 362, 6.65%, 3, 0, 3, 2036.77
1570850056, 0, 474, 1322, 1219, 362, 6.65%, 3, 0, 3, 2090.68
1570850066, 0, 474, 1323, 1220, 362, 6.65%, 3, 0, 3, 2080.43
1570850214, 0, 474, 1323, 1220, 362, 6.65%, 4, 0, 3, 2123.91
1570850321, 0, 474, 1324, 1221, 362, 6.65%, 4, 0, 3, 2168.73
1570850326, 0, 475, 1324, 1220, 362, 6.65%, 4, 0, 3, 2120.34
1570850352, 0, 475, 1325, 1221, 362, 6.65%, 4, 0, 3, 2071.62
1570850471, 0, 475, 1326, 1222, 362, 6.66%, 4, 0, 3, 2121.11
1570850481, 0, 475, 1327, 1223, 362, 6.66%, 4, 0, 3, 2030.22
1570850628, 0, 475, 1327, 1223, 362, 6.66%, 5, 0, 3, 2124.69
1570850740, 0, 476, 1327, 1222, 363, 6.66%, 5, 0, 3, 2110.02
1570850765, 0, 476, 1328, 1223, 363, 6.66%, 5, 0, 3, 2074.27
1570850827, 0, 476, 1328, 1223, 363, 6.66%, 6, 0, 3, 2029.97
1570850883, 0, 476, 1329, 1224, 363, 6.66%, 6, 0, 3, 2112.96
1570850898, 0, 476, 1330, 1225, 363, 6.66%, 6, 0, 3, 2067.60
1570851153, 0, 477, 1331, 1225, 364, 6.66%, 6, 0, 3, 2229.38
1570851184, 0, 477, 1332, 1226, 364, 6.66%, 6, 0, 3, 2037.97
1570851245, 0, 477, 1332, 1226, 364, 6.66%, 7, 0, 3, 2052.79
1570851301, 0, 477, 1333, 1227, 364, 6.66%, 7, 0, 3, 2092.65
1570851317, 0, 477, 1334, 1228, 364, 6.66%, 7, 0, 3, 2065.25
1570851572, 0, 478, 1334, 1227, 365, 6.66%, 7, 0, 3, 2116.87
1570851597, 0, 478, 1335, 1228, 365, 6.66%, 7, 0, 3, 2077.75
1570851659, 0, 478, 1335, 1228, 365, 6.66%, 8, 0, 3, 2020.11
1570851716, 0, 478, 1336, 1229, 365, 6.66%, 8, 0, 3, 2115.06
1570851731, 0, 478, 1337, 1230, 365, 6.66%, 8, 0, 3, 2103.95
1570851986, 0, 479, 1337, 1229, 366, 6.66%, 8, 0, 3, 2256.25
1570852012, 0, 479, 1338, 1230, 366, 6.66%, 8, 0, 3, 2217.05
1570852186, 0, 479, 1339, 1231, 366, 6.67%, 8, 0, 3, 2216.30
1570852212, 0, 498, 1339, 1230, 367, 6.67%, 8, 0, 3, 2382.30
1570852437, 0, 501, 1339, 1229, 366, 6.67%, 8, 0, 3, 2415.79
1570852473, 0, 501, 1341, 1231, 366, 6.67%, 8, 0, 3, 1821.08
1570852539, 0, 501, 1341, 1231, 366, 6.67%, 9, 0, 3, 1860.62
1570852575, 0, 501, 1342, 1232, 366, 6.67%, 9, 0, 3, 1925.46
1570852595, 0, 501, 1343, 1233, 366, 6.68%, 9, 0, 3, 1934.36
1570852804, 0, 508, 1343, 1232, 368, 6.68%, 9, 0, 3, 2223.05
1570852829, 0, 508, 1345, 1234, 368, 6.68%, 9, 0, 3, 2033.58
1570852885, 0, 508, 1346, 1235, 368, 6.68%, 9, 0, 3, 2007.11
1570853217, 0, 518, 1347, 1235, 367, 6.68%, 9, 0, 3, 2516.36
1570853238, 0, 518, 1348, 1236, 367, 6.68%, 9, 0, 3, 2614.05
1570853362, 0, 520, 1348, 1235, 368, 6.68%, 9, 0, 3, 2505.24
1570853775, 0, 521, 1348, 1234, 367, 6.68%, 9, 0, 3, 2271.82
1570854005, 0, 522, 1348, 1233, 366, 6.68%, 9, 0, 3, 2425.61
1570854235, 0, 528, 1348, 1232, 365, 6.68%, 9, 0, 3, 2423.43
1570854286, 0, 528, 1349, 1233, 365, 6.68%, 9, 0, 3, 1988.51
1570854332, 0, 528, 1350, 1234, 365, 6.68%, 9, 0, 3, 2053.78
1570854429, 0, 528, 1351, 1235, 365, 6.68%, 9, 0, 3, 1993.04
1570854541, 0, 528, 1352, 1236, 365, 6.68%, 9, 0, 3, 2121.91
1570854649, 0, 540, 1352, 1235, 365, 6.68%, 9, 0, 3, 2233.86
1570854679, 0, 540, 1353, 1236, 365, 6.68%, 9, 0, 3, 2009.71
1570854746, 0, 540, 1354, 1237, 365, 6.68%, 9, 0, 3, 2072.57
1570854960, 0, 540, 1355, 1238, 365, 6.68%, 9, 0, 3, 2031.40
1570855052, 0, 540, 1356, 1239, 365, 6.68%, 9, 0, 3, 2113.83
1570855078, 0, 542, 1357, 1239, 364, 6.68%, 9, 0, 3, 1848.26
1570855109, 0, 542, 1358, 1240, 364, 6.68%, 9, 0, 3, 1770.53
1570855145, 0, 542, 1359, 1241, 364, 6.68%, 9, 0, 3, 1754.58
1570855242, 0, 542, 1363, 1245, 364, 6.68%, 9, 0, 3, 1854.55
1570855348, 0, 542, 1364, 1246, 364, 6.68%, 9, 0, 3, 1872.05
1570855429, 0, 542, 1365, 1247, 364, 6.68%, 9, 0, 3, 1933.35
1570855434, 0, 544, 1365, 1246, 364, 6.68%, 9, 0, 3, 2222.00
1570855460, 0, 544, 1367, 1248, 364, 6.68%, 9, 0, 3, 2286.25
1570855486, 0, 544, 1368, 1249, 364, 6.68%, 9, 0, 3, 2295.88
1570855660, 0, 565, 1370, 1249, 364, 6.69%, 9, 0, 3, 2675.19
1570855886, 0, 569, 1370, 1248, 363, 6.69%, 9, 0, 3, 2368.42
1570855897, 0, 578, 1371, 1248, 361, 6.69%, 9, 0, 3, 2663.01
1570855902, 0, 583, 1371, 1247, 360, 6.69%, 9, 0, 3, 2692.51
1570855999, 0, 584, 1371, 1246, 360, 6.69%, 9, 0, 3, 2812.60
1570856056, 0, 587, 1371, 1245, 359, 6.69%, 9, 0, 3, 2772.30
1570856061, 0, 588, 1371, 1244, 358, 6.69%, 9, 0, 3, 2796.36
1570856066, 0, 591, 1371, 1243, 357, 6.69%, 9, 0, 3, 2629.30
1570856168, 0, 591, 1372, 1244, 357, 6.69%, 9, 0, 3, 2387.51
1570856260, 0, 594, 1372, 1243, 357, 6.69%, 9, 0, 3, 2638.12
1570856265, 0, 596, 1373, 1243, 356, 6.69%, 9, 0, 3, 2546.75
1570856434, 0, 596, 1374, 1244, 356, 6.69%, 9, 0, 3, 2380.21
1570856454, 0, 605, 1374, 1243, 356, 6.69%, 9, 0, 3, 2461.71
1570856531, 0, 612, 1375, 1243, 355, 6.69%, 9, 0, 3, 2554.54
1570856557, 0, 612, 1377, 1245, 355, 6.69%, 9, 0, 3, 2266.87
1570856582, 0, 612, 1378, 1246, 355, 6.69%, 9, 0, 3, 2285.02
1570856751, 0, 613, 1378, 1245, 354, 6.69%, 9, 0, 3, 2404.18
1570856772, 0, 613, 1379, 1246, 354, 6.69%, 9, 0, 3, 2367.33
1570856936, 0, 614, 1381, 1247, 354, 6.70%, 9, 0, 3, 2490.36
1570856962, 0, 614, 1385, 1251, 354, 6.70%, 9, 0, 3, 1986.31
1570856967, 0, 614, 1387, 1253, 354, 6.70%, 9, 0, 3, 2013.43
1570856987, 0, 614, 1388, 1254, 354, 6.70%, 9, 0, 3, 1973.55
1570856993, 0, 614, 1389, 1255, 354, 6.70%, 9, 0, 3, 2012.98
1570857023, 0, 614, 1390, 1256, 354, 6.70%, 9, 0, 3, 2024.63
1570857034, 0, 614, 1391, 1257, 354, 6.70%, 9, 0, 3, 2049.75
1570857069, 0, 614, 1392, 1258, 354, 6.70%, 9, 0, 3, 1980.04
1570857075, 0, 614, 1393, 1259, 354, 6.71%, 9, 0, 3, 2079.70
1570857080, 0, 614, 1394, 1260, 354, 6.71%, 9, 0, 3, 2083.08
1570857095, 0, 614, 1395, 1261, 354, 6.72%, 9, 0, 3, 2095.50
1570857300, 0, 614, 1396, 1262, 354, 6.72%, 9, 0, 3, 2110.34
1570857320, 0, 616, 1396, 1261, 358, 6.72%, 9, 0, 3, 2311.17
1570857340, 0, 616, 1398, 1263, 358, 6.72%, 9, 0, 3, 2292.44
1570857346, 0, 616, 1400, 1265, 358, 6.72%, 9, 0, 3, 2325.04
1570857428, 0, 616, 1401, 1266, 358, 6.72%, 9, 0, 3, 2393.67
1570857524, 0, 618, 1401, 1265, 359, 6.72%, 9, 0, 3, 2407.81
1570857580, 0, 618, 1402, 1266, 359, 6.72%, 9, 0, 3, 2130.78
1570857887, 0, 622, 1402, 1265, 358, 6.72%, 9, 0, 3, 2578.85
1570857892, 0, 627, 1404, 1264, 356, 6.84%, 9, 0, 4, 2707.67
1570857897, 0, 630, 1407, 1265, 355, 6.84%, 9, 0, 4, 2777.25
1570857902, 0, 632, 1411, 1268, 356, 6.86%, 9, 0, 4, 2803.12
1570857907, 0, 638, 1412, 1266, 358, 6.86%, 9, 0, 4, 2768.21
1570857912, 0, 638, 1414, 1268, 358, 6.86%, 9, 0, 4, 2461.89
1570857933, 0, 638, 1438, 1292, 358, 6.88%, 9, 0, 4, 2354.30
1570857953, 0, 638, 1440, 1294, 358, 6.88%, 9, 0, 4, 2381.05
1570857958, 0, 638, 1449, 1303, 358, 6.89%, 9, 0, 4, 2392.49
1570857979, 0, 638, 1450, 1304, 358, 6.89%, 9, 0, 4, 2385.05
1570857984, 0, 638, 1451, 1305, 358, 6.89%, 9, 0, 4, 2343.50
1570857994, 0, 638, 1453, 1307, 358, 6.89%, 9, 0, 4, 2410.52
1570857999, 0, 638, 1458, 1312, 358, 6.89%, 9, 0, 4, 2405.00
1570858005, 0, 638, 1459, 1313, 358, 6.89%, 9, 0, 4, 2419.05
1570858010, 0, 638, 1465, 1319, 358, 6.90%, 9, 0, 4, 2410.74
1570858091, 0, 638, 1466, 1320, 358, 6.90%, 9, 0, 4, 2408.06
1570858102, 0, 642, 1466, 1319, 374, 6.90%, 9, 0, 4, 2504.04
1570858127, 0, 642, 1472, 1325, 374, 6.91%, 9, 0, 4, 2365.34
1570858291, 0, 647, 1472, 1324, 378, 6.91%, 9, 0, 4, 2358.34
1570858316, 0, 647, 1479, 1331, 378, 6.91%, 9, 0, 4, 2165.09
1570858342, 0, 647, 1481, 1333, 378, 6.91%, 9, 0, 4, 2190.87
1570858368, 0, 647, 1482, 1334, 378, 6.91%, 9, 0, 4, 2158.46
1570858393, 0, 647, 1483, 1335, 378, 6.92%, 9, 0, 4, 2224.27
1570858398, 0, 647, 1485, 1337, 378, 6.92%, 9, 0, 4, 2245.94
1570858403, 0, 647, 1489, 1341, 378, 6.93%, 9, 0, 4, 2218.99
1570858408, 0, 647, 1492, 1344, 378, 6.93%, 9, 0, 4, 2201.16
1570858475, 0, 647, 1495, 1347, 378, 6.94%, 9, 0, 4, 2227.12
1570858480, 0, 647, 1497, 1349, 378, 6.94%, 9, 0, 4, 2199.78
1570858495, 0, 647, 1499, 1351, 378, 6.94%, 9, 0, 4, 2216.91
1570858520, 0, 647, 1500, 1352, 378, 6.95%, 9, 0, 4, 2252.11
1570858525, 0, 647, 1501, 1353, 378, 6.95%, 9, 0, 4, 2274.47
1570858541, 0, 649, 1501, 1352, 388, 6.95%, 9, 0, 4, 2405.35
1570858577, 0, 649, 1502, 1353, 388, 6.95%, 9, 0, 4, 2520.98
1570858663, 0, 649, 1503, 1354, 388, 6.95%, 9, 0, 4, 2540.46
1570858679, 0, 653, 1503, 1353, 388, 6.95%, 9, 0, 4, 2574.85
1570858699, 0, 653, 1504, 1354, 388, 6.95%, 9, 0, 4, 2622.06
1570858812, 0, 661, 1504, 1353, 387, 6.95%, 9, 0, 4, 2648.64
1570858884, 0, 661, 1507, 1356, 387, 6.95%, 9, 0, 4, 2555.05
1570858967, 0, 666, 1507, 1355, 387, 6.95%, 9, 0, 4, 2580.91
1570858987, 0, 666, 1508, 1356, 387, 6.95%, 9, 0, 4, 2553.94
1570859121, 0, 667, 1508, 1355, 387, 6.95%, 9, 0, 4, 2588.22
1570859536, 0, 673, 1508, 1354, 386, 6.95%, 9, 0, 4, 2387.78
1570859638, 0, 673, 1509, 1355, 386, 6.95%, 9, 0, 4, 2481.76
1570859725, 0, 677, 1509, 1354, 387, 6.95%, 9, 0, 4, 2512.04
1570859940, 0, 680, 1509, 1353, 386, 6.95%, 9, 0, 4, 2108.36
1570859965, 0, 680, 1522, 1366, 386, 6.95%, 9, 0, 4, 1999.84
1570859996, 0, 680, 1523, 1367, 386, 6.95%, 9, 0, 4, 2029.99
1570860027, 0, 680, 1524, 1368, 386, 6.95%, 9, 0, 4, 1993.35
1570860098, 0, 680, 1525, 1369, 386, 6.95%, 9, 0, 4, 2049.43
1570860103, 0, 680, 1526, 1370, 386, 6.95%, 9, 0, 4, 2059.11
1570860108, 0, 680, 1527, 1371, 386, 6.95%, 9, 0, 4, 2119.50
1570860359, 0, 682, 1527, 1370, 388, 6.95%, 9, 0, 4, 2181.51
1570860503, 0, 683, 1527, 1369, 387, 6.95%, 9, 0, 4, 2645.57
1570860632, 0, 684, 1527, 1368, 386, 6.95%, 9, 0, 4, 2607.59
1570860771, 0, 685, 1527, 1367, 385, 6.95%, 9, 0, 4, 2557.75
1570860910, 0, 686, 1527, 1366, 384, 6.95%, 9, 0, 4, 2527.95
1570861043, 0, 687, 1527, 1365, 383, 6.95%, 9, 0, 4, 2590.53
1570861068, 0, 687, 1529, 1367, 383, 6.95%, 9, 0, 4, 2427.42
1570861257, 0, 688, 1531, 1368, 381, 6.96%, 9, 0, 4, 2425.79
1570861283, 0, 688, 1535, 1372, 381, 6.96%, 9, 0, 4, 2038.42
1570861288, 0, 688, 1537, 1374, 381, 6.96%, 9, 0, 4, 2037.05
1570861319, 0, 688, 1538, 1375, 381, 6.96%, 9, 0, 4, 2034.84
1570861676, 0, 693, 1538, 1374, 384, 6.96%, 9, 0, 4, 2125.89
1570861701, 0, 693, 1544, 1380, 384, 6.96%, 9, 0, 4, 2066.83
1570861982, 0, 693, 1545, 1381, 384, 6.96%, 9, 0, 4, 2059.06
1570862090, 0, 700, 1548, 1383, 382, 6.97%, 9, 0, 4, 2211.73
1570862115, 0, 700, 1553, 1388, 382, 6.97%, 9, 0, 4, 2051.79
1570862120, 0, 700, 1554, 1389, 382, 6.97%, 9, 0, 4, 2031.85
1570862151, 0, 700, 1555, 1390, 382, 6.98%, 9, 0, 4, 2033.05
1570862187, 0, 700, 1558, 1393, 382, 6.98%, 9, 0, 4, 2027.60
1570862509, 0, 705, 1558, 1392, 382, 6.98%, 9, 0, 4, 2112.04
1570862534, 0, 705, 1563, 1397, 382, 6.98%, 9, 0, 4, 2064.03
1570862916, 0, 707, 1563, 1396, 382, 6.98%, 9, 0, 4, 2159.49
1570862942, 0, 707, 1568, 1401, 382, 6.98%, 9, 0, 4, 2064.38
1570863325, 0, 717, 1569, 1401, 381, 6.98%, 9, 0, 4, 2145.10
1570863351, 0, 717, 1574, 1406, 381, 6.98%, 9, 0, 4, 2048.12
1570863733, 0, 718, 1574, 1405, 381, 6.98%, 9, 0, 4, 2172.58
1570863759, 0, 718, 1579, 1410, 381, 6.98%, 9, 0, 4, 2053.64
1570864142, 0, 719, 1579, 1409, 381, 6.98%, 9, 0, 4, 2186.07
1570864168, 0, 719, 1584, 1414, 381, 6.98%, 9, 0, 4, 2042.18
1570864550, 0, 720, 1584, 1413, 381, 6.98%, 9, 0, 4, 2101.41
1570864576, 0, 720, 1589, 1418, 381, 6.98%, 9, 0, 4, 2044.93
1570864959, 0, 721, 1589, 1417, 381, 6.98%, 9, 0, 4, 2160.83
1570864984, 0, 721, 1594, 1422, 381, 6.98%, 9, 0, 4, 2059.21
1570865366, 0, 722, 1594, 1421, 381, 6.98%, 9, 0, 4, 2193.89
1570865392, 0, 722, 1599, 1426, 381, 6.98%, 9, 0, 4, 2048.41
1570865774, 0, 728, 1601, 1427, 381, 6.98%, 9, 0, 4, 2329.39
1570865779, 0, 728, 1602, 1428, 381, 6.98%, 9, 0, 4, 2294.82
1570865785, 0, 728, 1603, 1429, 381, 6.99%, 9, 0, 4, 2284.13
1570865790, 0, 728, 1604, 1430, 381, 6.99%, 9, 0, 4, 2291.85
1570865795, 0, 728, 1609, 1435, 381, 6.99%, 9, 0, 4, 2277.19
1570865800, 0, 728, 1611, 1437, 381, 6.99%, 9, 0, 4, 2278.03
1570865826, 0, 728, 1612, 1438, 381, 6.99%, 9, 0, 4, 2303.29
1570865856, 0, 728, 1614, 1440, 381, 6.99%, 9, 0, 4, 2333.01
1570865887, 0, 728, 1615, 1441, 381, 6.99%, 9, 0, 4, 2365.48
1570866000, 0, 730, 1615, 1440, 383, 6.99%, 9, 0, 4, 2501.00
1570866077, 0, 731, 1616, 1440, 382, 6.99%, 9, 0, 4, 2539.77
1570866154, 0, 731, 1617, 1441, 382, 6.99%, 9, 0, 4, 2457.85
1570866266, 0, 737, 1621, 1444, 381, 6.99%, 9, 0, 4, 2492.46
1570866286, 0, 737, 1623, 1446, 381, 6.99%, 9, 0, 4, 2419.92
1570866291, 0, 737, 1626, 1449, 381, 6.99%, 9, 0, 4, 2445.98
1570866312, 0, 737, 1627, 1450, 381, 6.99%, 9, 0, 4, 2464.43
1570866343, 0, 737, 1629, 1452, 381, 6.99%, 9, 0, 4, 2455.40
1570866435, 0, 738, 1630, 1452, 381, 6.99%, 9, 0, 4, 2547.82
1570866455, 0, 738, 1632, 1454, 381, 6.99%, 9, 0, 4, 2477.32
1570866609, 0, 741, 1632, 1453, 381, 6.99%, 9, 0, 4, 2553.45
1570866635, 0, 741, 1633, 1454, 381, 6.99%, 9, 0, 4, 2294.48
1570866707, 0, 741, 1634, 1455, 381, 6.99%, 9, 0, 4, 2330.06
1570866835, 0, 742, 1634, 1454, 380, 6.99%, 9, 0, 4, 2437.01
1570866861, 0, 742, 1635, 1455, 380, 6.99%, 9, 0, 4, 2408.51
1570866917, 0, 742, 1636, 1456, 380, 6.99%, 9, 0, 4, 2405.14
1570867014, 0, 743, 1636, 1455, 380, 6.99%, 9, 0, 4, 2516.58
1570867086, 0, 743, 1637, 1456, 380, 6.99%, 9, 0, 4, 2644.66
1570867096, 0, 749, 1637, 1455, 379, 6.99%, 9, 0, 4, 2712.64
1570867101, 0, 750, 1640, 1457, 381, 6.99%, 9, 0, 4, 2747.24
1570867106, 0, 751, 1641, 1457, 381, 6.99%, 9, 0, 4, 2787.65
1570867117, 0, 753, 1646, 1460, 382, 7.02%, 9, 0, 4, 2753.23
1570867122, 0, 757, 1646, 1459, 381, 7.02%, 9, 0, 4, 2692.15
1570867127, 0, 757, 1647, 1460, 381, 7.02%, 9, 0, 4, 2624.21
1570867142, 0, 757, 1648, 1461, 381, 7.02%, 9, 0, 4, 2660.24
1570867245, 0, 760, 1648, 1460, 381, 7.02%, 9, 0, 4, 2577.52
1570867281, 0, 760, 1650, 1462, 381, 7.03%, 9, 0, 4, 2508.79
1570867286, 0, 760, 1657, 1469, 381, 7.03%, 9, 0, 4, 2499.23
1570867291, 0, 760, 1659, 1471, 381, 7.04%, 9, 0, 4, 2496.34
1570867387, 0, 761, 1659, 1470, 388, 7.04%, 9, 0, 4, 2499.96
1570867530, 0, 765, 1659, 1469, 387, 7.04%, 9, 0, 4, 2449.45
1570867535, 0, 765, 1660, 1470, 387, 7.04%, 9, 0, 4, 2416.39
1570867540, 0, 765, 1661, 1471, 387, 7.04%, 9, 0, 4, 2390.68
1570867571, 0, 765, 1664, 1474, 387, 7.04%, 9, 0, 4, 2434.70
1570867576, 0, 765, 1666, 1476, 387, 7.04%, 9, 0, 4, 2421.49
1570867586, 0, 765, 1667, 1477, 387, 7.05%, 9, 0, 4, 2454.17
1570867658, 0, 765, 1668, 1478, 387, 7.05%, 9, 0, 4, 2446.78
1570867678, 0, 768, 1668, 1477, 392, 7.05%, 9, 0, 4, 2484.07
1570867806, 0, 769, 1668, 1476, 391, 7.05%, 9, 0, 4, 2583.01
1570867950, 0, 770, 1668, 1475, 390, 7.05%, 9, 0, 4, 2509.84
1570867960, 0, 770, 1670, 1477, 390, 7.05%, 9, 0, 4, 2512.64
1570867986, 0, 770, 1671, 1478, 390, 7.05%, 9, 0, 4, 2561.39
1570868061, 0, 771, 1671, 1477, 390, 7.05%, 9, 0, 4, 2617.11
1570868175, 0, 781, 1672, 1477, 389, 7.05%, 9, 0, 4, 2413.33
1570868589, 0, 783, 1672, 1476, 389, 7.05%, 9, 0, 4, 2380.12
1570868753, 0, 788, 1672, 1475, 388, 7.05%, 9, 0, 4, 2273.53
1570869167, 0, 792, 1672, 1474, 387, 7.05%, 9, 0, 4, 2248.15
1570869193, 0, 792, 1673, 1475, 387, 7.05%, 9, 0, 4, 2142.34
1570869198, 0, 792, 1674, 1476, 387, 7.05%, 9, 0, 4, 2103.55
1570869433, 0, 792, 1675, 1477, 387, 7.05%, 9, 0, 4, 2168.76
1570869526, 0, 795, 1675, 1476, 387, 7.05%, 9, 0, 4, 2195.31
1570869940, 0, 796, 1675, 1475, 386, 7.05%, 9, 0, 4, 2140.65
1570870354, 0, 807, 1675, 1474, 385, 7.05%, 9, 0, 4, 2181.00
1570870375, 0, 807, 1676, 1475, 385, 7.05%, 9, 0, 4, 1956.67
1570870380, 0, 807, 1677, 1476, 385, 7.05%, 9, 0, 4, 2020.98
1570870405, 0, 807, 1678, 1477, 385, 7.05%, 9, 0, 4, 1968.03
1570870493, 0, 807, 1682, 1481, 385, 7.08%, 9, 0, 4, 1975.77
1570870775, 0, 809, 1682, 1480, 390, 7.08%, 9, 0, 4, 2213.80
1570870795, 0, 809, 1683, 1481, 390, 7.08%, 9, 0, 4, 1971.93
1570870800, 0, 809, 1684, 1482, 390, 7.09%, 9, 0, 4, 2028.98
1570870831, 0, 809, 1686, 1484, 390, 7.09%, 9, 0, 4, 2037.49
1570870856, 0, 809, 1687, 1485, 390, 7.09%, 9, 0, 4, 1976.48
1570870913, 0, 809, 1689, 1487, 390, 7.10%, 9, 0, 4, 1972.62
1570871164, 0, 809, 1690, 1488, 390, 7.11%, 9, 0, 4, 1985.14
1570871195, 0, 810, 1690, 1487, 394, 7.11%, 9, 0, 4, 2141.27
1570871215, 0, 810, 1691, 1488, 394, 7.11%, 9, 0, 4, 1986.05
1570871608, 0, 811, 1691, 1487, 394, 7.11%, 9, 0, 4, 2217.85
1570872033, 0, 813, 1691, 1486, 393, 7.11%, 9, 0, 4, 2159.82
1570872053, 0, 813, 1692, 1487, 393, 7.11%, 9, 0, 4, 1994.17
1570872447, 0, 815, 1692, 1486, 392, 7.11%, 9, 0, 4, 2179.60
1570872467, 0, 815, 1693, 1487, 392, 7.11%, 9, 0, 4, 2004.70
1570872860, 0, 818, 1693, 1486, 391, 7.11%, 9, 0, 4, 2184.03
1570872880, 0, 818, 1694, 1487, 391, 7.11%, 9, 0, 4, 1966.24
1570873029, 0, 818, 1695, 1488, 391, 7.11%, 9, 0, 4, 2125.04
1570873193, 0, 818, 1696, 1489, 391, 7.11%, 9, 0, 4, 1968.57
1570873249, 0, 818, 1698, 1491, 391, 7.11%, 9, 0, 4, 1979.17
1570873280, 0, 821, 1698, 1490, 393, 7.11%, 9, 0, 4, 2177.78
1570873669, 0, 821, 1699, 1491, 393, 7.12%, 9, 0, 4, 1965.83
1570873700, 0, 822, 1699, 1490, 393, 7.12%, 9, 0, 4, 2303.40
1570873726, 0, 822, 1700, 1491, 393, 7.12%, 9, 0, 4, 2010.59
1570874120, 0, 823, 1700, 1490, 392, 7.12%, 9, 0, 4, 2301.05
1570874145, 0, 823, 1701, 1491, 392, 7.12%, 9, 0, 4, 2023.11
1570874538, 0, 824, 1701, 1490, 391, 7.12%, 9, 0, 4, 2100.70
1570874558, 0, 824, 1702, 1491, 391, 7.12%, 9, 0, 4, 1992.42
1570874865, 0, 824, 1703, 1492, 391, 7.12%, 9, 0, 4, 2001.41
1570874922, 0, 824, 1704, 1493, 391, 7.12%, 9, 0, 4, 1998.27
1570874952, 0, 826, 1704, 1492, 391, 7.12%, 9, 0, 4, 2224.11
1570874973, 0, 826, 1705, 1493, 391, 7.12%, 9, 0, 4, 1971.32
1570875371, 0, 830, 1705, 1492, 391, 7.12%, 9, 0, 4, 2276.10
1570875392, 0, 830, 1706, 1493, 391, 7.12%, 9, 0, 4, 1957.60
1570875397, 0, 830, 1708, 1495, 391, 7.12%, 9, 0, 4, 2001.45
1570875402, 0, 830, 1709, 1496, 391, 7.12%, 9, 0, 4, 2017.89
1570875423, 0, 830, 1711, 1498, 391, 7.12%, 9, 0, 4, 1952.27
1570875505, 0, 830, 1722, 1509, 391, 7.12%, 9, 0, 4, 1973.37
1570875755, 0, 830, 1723, 1510, 391, 7.12%, 9, 0, 4, 1976.67
1570875796, 0, 831, 1723, 1509, 391, 7.12%, 9, 0, 4, 2079.14
1570875925, 0, 831, 1724, 1510, 391, 7.12%, 9, 0, 4, 1975.63
1570876216, 0, 834, 1724, 1509, 391, 7.12%, 9, 0, 4, 2079.16
1570876236, 0, 834, 1725, 1510, 391, 7.12%, 9, 0, 4, 1975.48
1570876631, 0, 846, 1725, 1509, 391, 7.12%, 9, 0, 4, 2223.20
1570876656, 0, 846, 1726, 1510, 391, 7.12%, 9, 0, 4, 2021.44
1570876764, 0, 846, 1727, 1511, 391, 7.13%, 9, 0, 4, 2012.33
1570877049, 0, 847, 1727, 1510, 391, 7.13%, 9, 0, 4, 2104.50
1570877070, 0, 847, 1729, 1512, 391, 7.13%, 9, 0, 4, 2003.85
1570877428, 0, 847, 1730, 1513, 391, 7.13%, 9, 0, 4, 2002.90
1570877463, 0, 849, 1730, 1512, 392, 7.13%, 9, 0, 4, 2277.08
1570877489, 0, 849, 1731, 1513, 392, 7.13%, 9, 0, 4, 2054.70
1570877877, 0, 856, 1731, 1512, 391, 7.13%, 9, 0, 4, 2135.07
1570877898, 0, 856, 1733, 1514, 391, 7.13%, 9, 0, 4, 1984.52
1570877933, 0, 856, 1734, 1515, 391, 7.13%, 9, 0, 4, 2060.68
1570878297, 0, 858, 1734, 1514, 390, 7.13%, 9, 0, 4, 2198.68
1570878317, 0, 858, 1740, 1520, 390, 7.14%, 9, 0, 4, 1982.51
1570878348, 0, 858, 1742, 1522, 390, 7.14%, 9, 0, 4, 1988.31
1570878430, 0, 858, 1744, 1524, 390, 7.16%, 9, 0, 4, 1966.09
1570878716, 0, 860, 1744, 1523, 393, 7.16%, 9, 0, 4, 2196.83
1570878737, 0, 860, 1745, 1524, 393, 7.16%, 9, 0, 4, 1982.45
1570878849, 0, 860, 1746, 1525, 393, 7.19%, 9, 0, 4, 1980.04
1570879100, 0, 860, 1747, 1526, 393, 7.19%, 9, 0, 4, 1986.57
1570879135, 0, 861, 1747, 1525, 393, 7.19%, 9, 0, 4, 2117.46
1570879156, 0, 861, 1748, 1526, 393, 7.19%, 9, 0, 4, 1986.55
1570879554, 0, 862, 1748, 1525, 392, 7.19%, 9, 0, 4, 2136.64
1570879575, 0, 862, 1749, 1526, 392, 7.19%, 9, 0, 4, 1979.93
1570879605, 0, 862, 1750, 1527, 392, 7.20%, 9, 0, 4, 1986.14
1570879687, 0, 862, 1751, 1528, 392, 7.20%, 9, 0, 4, 1995.45
1570879974, 0, 863, 1751, 1527, 389, 7.20%, 9, 0, 4, 2141.47
1570879995, 0, 863, 1752, 1528, 389, 7.20%, 9, 0, 4, 1994.83
1570880393, 0, 865, 1752, 1527, 388, 7.20%, 9, 0, 4, 2145.49
1570880413, 0, 865, 1753, 1528, 388, 7.20%, 9, 0, 4, 1979.67
1570880444, 0, 865, 1754, 1529, 388, 7.20%, 9, 0, 4, 1987.68
1570880812, 0, 866, 1754, 1528, 389, 7.20%, 9, 0, 4, 2105.53
1570880833, 0, 866, 1755, 1529, 389, 7.20%, 9, 0, 4, 1964.02
1570881232, 0, 868, 1755, 1528, 388, 7.20%, 9, 0, 4, 2104.41
1570881252, 0, 868, 1756, 1529, 388, 7.20%, 9, 0, 4, 1970.02
1570881651, 0, 869, 1756, 1528, 387, 7.20%, 9, 0, 4, 2099.76
1570881667, 0, 869, 1757, 1529, 387, 7.20%, 9, 0, 4, 1973.51
1570881779, 0, 869, 1758, 1530, 387, 7.21%, 9, 0, 4, 1982.08
1570882071, 0, 870, 1758, 1529, 387, 7.21%, 9, 0, 4, 2140.61
1570882092, 0, 870, 1759, 1530, 387, 7.21%, 9, 0, 4, 1988.45
1570882491, 0, 871, 1759, 1529, 387, 7.21%, 9, 0, 4, 2062.96
1570882507, 0, 871, 1760, 1530, 387, 7.21%, 9, 0, 4, 1974.69
1570882911, 0, 872, 1760, 1529, 387, 7.21%, 9, 0, 4, 2111.60
1570882926, 0, 872, 1761, 1530, 387, 7.21%, 9, 0, 4, 1989.03
1570882962, 0, 872, 1762, 1531, 387, 7.21%, 9, 0, 4, 2011.57
1570883039, 0, 872, 1764, 1533, 387, 7.22%, 9, 0, 4, 1962.33
1570883329, 0, 875, 1764, 1532, 389, 7.22%, 9, 0, 4, 2138.02
1570883350, 0, 875, 1765, 1533, 389, 7.22%, 9, 0, 4, 1971.45
1570883750, 0, 877, 1765, 1532, 388, 7.22%, 9, 0, 4, 2097.53
1570883771, 0, 877, 1766, 1533, 388, 7.22%, 9, 0, 4, 1985.38
1570883832, 0, 877, 1767, 1534, 388, 7.22%, 9, 0, 4, 2042.87
1570883878, 0, 877, 1768, 1535, 388, 7.22%, 9, 0, 4, 1990.68
1570884134, 0, 877, 1770, 1537, 388, 7.22%, 9, 0, 4, 1982.76
1570884169, 0, 878, 1770, 1536, 390, 7.22%, 9, 0, 4, 2094.61
1570884190, 0, 878, 1771, 1537, 390, 7.22%, 9, 0, 4, 1965.22
1570884256, 0, 878, 1772, 1538, 390, 7.22%, 9, 0, 4, 2003.29
1570884302, 0, 878, 1774, 1540, 390, 7.23%, 9, 0, 4, 1994.14
1570884552, 0, 878, 1775, 1541, 390, 7.23%, 9, 0, 4, 1975.54
1570884588, 0, 879, 1775, 1540, 390, 7.23%, 9, 0, 4, 2214.39
1570884608, 0, 879, 1776, 1541, 390, 7.23%, 9, 0, 4, 1990.54
1570885007, 0, 880, 1776, 1540, 389, 7.23%, 9, 0, 4, 2254.57
1570885028, 0, 880, 1777, 1541, 389, 7.23%, 9, 0, 4, 1985.58
1570885427, 0, 881, 1777, 1540, 389, 7.23%, 9, 0, 4, 2231.48
1570885448, 0, 881, 1778, 1541, 389, 7.23%, 9, 0, 4, 1988.43
1570885846, 0, 882, 1778, 1540, 389, 7.23%, 9, 0, 4, 2206.41
1570885866, 0, 882, 1779, 1541, 389, 7.23%, 9, 0, 4, 1976.48
1570886266, 0, 883, 1779, 1540, 388, 7.23%, 9, 0, 4, 2183.44
1570886286, 0, 883, 1780, 1541, 388, 7.23%, 9, 0, 4, 1985.97
1570886685, 0, 884, 1780, 1540, 388, 7.23%, 9, 0, 4, 2211.89
1570886706, 0, 884, 1781, 1541, 388, 7.23%, 9, 0, 4, 1984.85
1570886819, 0, 884, 1782, 1542, 388, 7.23%, 9, 0, 4, 1981.90
1570887106, 0, 886, 1782, 1541, 388, 7.23%, 9, 0, 4, 2144.43
1570887126, 0, 886, 1783, 1542, 388, 7.23%, 9, 0, 4, 1978.43
1570887525, 0, 893, 1783, 1541, 387, 7.23%, 9, 0, 4, 2107.42
1570887546, 0, 893, 1784, 1542, 387, 7.23%, 9, 0, 4, 1969.38
1570887556, 0, 893, 1785, 1543, 387, 7.23%, 9, 0, 4, 2008.34
1570887659, 0, 893, 1786, 1544, 387, 7.24%, 9, 0, 4, 1950.30
1570887909, 0, 893, 1787, 1545, 387, 7.24%, 9, 0, 4, 1989.84
1570887945, 0, 895, 1787, 1544, 389, 7.24%, 9, 0, 4, 2049.40
1570887965, 0, 895, 1788, 1545, 389, 7.24%, 9, 0, 4, 1972.33
1570887975, 0, 895, 1789, 1546, 389, 7.24%, 9, 0, 4, 1991.87
1570888328, 0, 895, 1790, 1547, 389, 7.24%, 9, 0, 4, 1969.43
1570888364, 0, 896, 1790, 1546, 389, 7.24%, 9, 0, 4, 2098.61
1570888384, 0, 896, 1791, 1547, 389, 7.24%, 9, 0, 4, 1964.23
1570888395, 0, 896, 1792, 1548, 389, 7.24%, 9, 0, 4, 1998.29
1570888747, 0, 896, 1794, 1550, 389, 7.24%, 9, 0, 4, 1967.84
1570888782, 0, 897, 1794, 1549, 389, 7.24%, 9, 0, 4, 2287.09
1570888802, 0, 897, 1795, 1550, 389, 7.24%, 9, 0, 4, 1975.50
1570888812, 0, 897, 1796, 1551, 389, 7.24%, 9, 0, 4, 2042.25
1570888833, 0, 897, 1797, 1552, 389, 7.24%, 9, 0, 4, 1980.60
1570889207, 0, 904, 1797, 1551, 389, 7.24%, 9, 0, 4, 2117.77
1570889294, 0, 904, 1798, 1552, 389, 7.24%, 9, 0, 4, 2035.26
1570889615, 0, 908, 1798, 1551, 388, 7.24%, 9, 0, 4, 2149.33
1570889636, 0, 908, 1801, 1554, 388, 7.24%, 9, 0, 4, 1982.87
1570889667, 0, 908, 1801, 1554, 388, 7.24%, 10, 0, 4, 1996.05
1570889748, 0, 908, 1807, 1560, 388, 7.27%, 10, 0, 4, 2003.00
1570890034, 0, 909, 1807, 1559, 390, 7.27%, 10, 0, 4, 2103.97
1570890049, 0, 909, 1808, 1560, 390, 7.27%, 10, 0, 4, 1984.48
1570890054, 0, 909, 1810, 1562, 390, 7.27%, 10, 0, 4, 1980.89
1570890320, 0, 909, 1811, 1563, 390, 7.27%, 10, 0, 4, 2079.67
1570890453, 0, 911, 1811, 1562, 390, 7.27%, 10, 0, 4, 2145.56
1570890474, 0, 911, 1815, 1566, 390, 7.28%, 10, 0, 4, 1994.72
1570890739, 0, 911, 1816, 1567, 390, 7.28%, 10, 0, 4, 2078.02
1570890836, 0, 911, 1817, 1568, 390, 7.28%, 10, 0, 4, 1965.85
1570890872, 0, 913, 1817, 1567, 392, 7.28%, 10, 0, 4, 2091.44
1570890892, 0, 913, 1818, 1568, 392, 7.28%, 10, 0, 4, 1974.68
1570891252, 0, 913, 1819, 1569, 392, 7.28%, 10, 0, 4, 1988.43
1570891287, 0, 915, 1819, 1568, 392, 7.28%, 10, 0, 4, 2254.20
1570891308, 0, 915, 1820, 1569, 392, 7.28%, 10, 0, 4, 1993.88
1570891313, 0, 915, 1821, 1570, 392, 7.28%, 10, 0, 4, 2010.72
1570891578, 0, 915, 1822, 1571, 392, 7.28%, 10, 0, 4, 2017.33
1570891670, 0, 915, 1823, 1572, 392, 7.28%, 10, 0, 4, 1994.25
1570891706, 0, 916, 1823, 1571, 392, 7.28%, 10, 0, 4, 2311.22
1570891726, 0, 916, 1824, 1572, 392, 7.28%, 10, 0, 4, 1965.80
1570891732, 0, 916, 1825, 1573, 392, 7.28%, 10, 0, 4, 1988.38
1570891840, 0, 916, 1826, 1574, 392, 7.28%, 10, 0, 4, 1968.73
1570891998, 0, 916, 1827, 1575, 392, 7.28%, 10, 0, 4, 2026.39
1570892059, 0, 916, 1828, 1576, 392, 7.28%, 10, 0, 4, 2071.53
1570892131, 0, 917, 1828, 1575, 392, 7.28%, 10, 0, 4, 2091.72
1570892146, 0, 917, 1829, 1576, 392, 7.28%, 10, 0, 4, 1966.38
1570892152, 0, 917, 1830, 1577, 392, 7.28%, 10, 0, 4, 1971.73
1570892417, 0, 917, 1831, 1578, 392, 7.28%, 10, 0, 4, 2093.23
1570892550, 0, 918, 1831, 1577, 392, 7.28%, 10, 0, 4, 2161.11
1570892571, 0, 918, 1833, 1579, 392, 7.28%, 10, 0, 4, 1972.66
1570892842, 0, 918, 1834, 1580, 392, 7.28%, 10, 0, 4, 1992.40
1570892969, 0, 919, 1834, 1579, 391, 7.28%, 10, 0, 4, 2194.92
1570892995, 0, 919, 1835, 1580, 391, 7.28%, 10, 0, 4, 2023.45
1570893021, 0, 919, 1835, 1580, 391, 7.28%, 11, 0, 4, 1979.93
1570893257, 0, 919, 1836, 1581, 391, 7.28%, 11, 0, 4, 2086.81
1570893390, 0, 920, 1836, 1580, 391, 7.28%, 11, 0, 4, 2197.63
1570893410, 0, 920, 1837, 1581, 391, 7.28%, 11, 0, 4, 1984.65
1570893415, 0, 920, 1839, 1583, 391, 7.29%, 11, 0, 4, 2043.04
1570893523, 0, 920, 1842, 1586, 391, 7.30%, 11, 0, 4, 1985.29
1570893681, 0, 920, 1843, 1587, 391, 7.30%, 11, 0, 4, 2005.03
1570893809, 0, 921, 1843, 1586, 395, 7.30%, 11, 0, 4, 2264.14
1570893829, 0, 921, 1844, 1587, 395, 7.30%, 11, 0, 4, 1978.22
1570893834, 0, 921, 1845, 1588, 395, 7.30%, 11, 0, 4, 2024.06
1570894100, 0, 921, 1846, 1589, 395, 7.30%, 11, 0, 4, 2024.64
1570894227, 0, 922, 1846, 1588, 394, 7.30%, 11, 0, 4, 2327.89
1570894248, 0, 922, 1847, 1589, 394, 7.30%, 11, 0, 4, 1974.27
1570894253, 0, 922, 1848, 1590, 394, 7.30%, 11, 0, 4, 2004.39
1570894284, 0, 922, 1849, 1591, 394, 7.30%, 11, 0, 4, 2055.31
1570894310, 0, 922, 1850, 1592, 394, 7.31%, 11, 0, 4, 1978.35
1570894362, 0, 922, 1853, 1595, 394, 7.32%, 11, 0, 4, 1987.26
1570894519, 0, 922, 1854, 1596, 394, 7.32%, 11, 0, 4, 2017.57
1570894647, 0, 937, 1854, 1595, 396, 7.32%, 11, 0, 4, 2307.02
1570894704, 0, 937, 1855, 1596, 396, 7.32%, 11, 0, 4, 2021.63
1570894771, 0, 937, 1856, 1597, 396, 7.32%, 11, 0, 4, 1974.50
1570895068, 0, 938, 1856, 1596, 395, 7.32%, 11, 0, 4, 2325.18
1570895093, 0, 938, 1857, 1597, 395, 7.32%, 11, 0, 4, 1999.40
1570895098, 0, 938, 1858, 1598, 395, 7.32%, 11, 0, 4, 2030.90
1570895191, 0, 938, 1859, 1599, 395, 7.32%, 11, 0, 4, 1982.60
1570895206, 0, 938, 1860, 1600, 395, 7.32%, 11, 0, 4, 1979.57
1570895237, 0, 938, 1861, 1601, 395, 7.32%, 11, 0, 4, 2081.03
1570895492, 0, 939, 1861, 1600, 395, 7.32%, 11, 0, 4, 2092.25
1570895507, 0, 939, 1862, 1601, 395, 7.32%, 11, 0, 4, 1975.73
1570895513, 0, 939, 1863, 1602, 395, 7.32%, 11, 0, 4, 1981.49
1570895518, 0, 939, 1864, 1603, 395, 7.32%, 11, 0, 4, 2064.88
1570895912, 0, 943, 1864, 1602, 394, 7.32%, 11, 0, 4, 2118.07
1570895932, 0, 943, 1866, 1604, 394, 7.32%, 11, 0, 4, 1979.61
1570895942, 0, 943, 1867, 1605, 394, 7.32%, 11, 0, 4, 2002.80
1570896045, 0, 943, 1868, 1606, 394, 7.32%, 11, 0, 4, 1960.10
1570896331, 0, 950, 1868, 1605, 393, 7.32%, 11, 0, 4, 2371.83
1570896408, 0, 950, 1869, 1606, 393, 7.32%, 11, 0, 4, 2457.21
1570896495, 0, 955, 1870, 1606, 392, 7.32%, 11, 0, 4, 2541.51
1570896572, 0, 955, 1871, 1607, 392, 7.32%, 11, 0, 4, 2519.42
1570896654, 0, 961, 1871, 1606, 392, 7.32%, 11, 0, 4, 2621.93
1570896803, 0, 962, 1871, 1605, 391, 7.32%, 11, 0, 4, 2705.40
1570896951, 0, 963, 1873, 1606, 390, 7.32%, 11, 0, 4, 2709.80
1570896972, 0, 963, 1874, 1607, 390, 7.32%, 11, 0, 4, 2671.35
1570896977, 0, 963, 1876, 1609, 390, 7.32%, 11, 0, 4, 2662.90
1570896997, 0, 963, 1877, 1610, 390, 7.32%, 11, 0, 4, 2687.51
1570897023, 0, 963, 1878, 1611, 390, 7.32%, 11, 0, 4, 2655.17
1570897105, 0, 964, 1879, 1611, 390, 7.32%, 11, 0, 4, 2707.51
1570897125, 0, 964, 1880, 1612, 390, 7.32%, 11, 0, 4, 2692.25
1570897259, 0, 965, 1880, 1611, 389, 7.32%, 11, 0, 4, 2707.93
1570897280, 0, 965, 1881, 1612, 389, 7.32%, 11, 0, 4, 2719.95
1570897402, 0, 969, 1881, 1611, 388, 7.32%, 11, 0, 4, 2663.40
1570897428, 0, 969, 1883, 1613, 388, 7.32%, 11, 0, 4, 2182.63
1570897433, 0, 969, 1887, 1617, 388, 7.32%, 11, 0, 4, 2190.93
1570897500, 0, 969, 1888, 1618, 388, 7.32%, 11, 0, 4, 2227.82
1570897505, 0, 969, 1889, 1619, 388, 7.32%, 11, 0, 4, 2256.93
1570897510, 0, 969, 1890, 1620, 388, 7.32%, 11, 0, 4, 2237.06
1570897638, 0, 973, 1890, 1619, 388, 7.32%, 11, 0, 4, 2389.38
1570897816, 0, 976, 1890, 1618, 387, 7.32%, 11, 0, 4, 2337.23
1570897837, 0, 976, 1894, 1622, 387, 7.32%, 11, 0, 4, 2208.97
1570897842, 0, 976, 1895, 1623, 387, 7.32%, 11, 0, 4, 2203.71
1570897868, 0, 976, 1896, 1624, 387, 7.32%, 11, 0, 4, 2236.75
1570898046, 0, 978, 1896, 1623, 388, 7.32%, 11, 0, 4, 2410.77
1570898134, 0, 978, 1897, 1624, 388, 7.32%, 11, 0, 4, 2409.80
1570898225, 0, 984, 1898, 1624, 387, 7.32%, 11, 0, 4, 2510.47
1570898230, 0, 984, 1899, 1625, 387, 7.32%, 11, 0, 4, 2306.93
1570898251, 0, 984, 1919, 1645, 387, 7.44%, 11, 0, 4, 2278.79
1570898276, 0, 984, 1925, 1651, 387, 7.46%, 11, 0, 4, 2268.86
1570898302, 0, 984, 1927, 1653, 387, 7.47%, 11, 0, 4, 2278.06
1570898307, 0, 984, 1929, 1655, 387, 7.47%, 11, 0, 4, 2294.98
1570898323, 0, 984, 1938, 1664, 387, 7.49%, 11, 0, 4, 1969.87
1570898384, 0, 984, 1940, 1666, 387, 7.49%, 11, 0, 4, 2314.10
1570898394, 0, 984, 1942, 1668, 387, 7.50%, 11, 0, 4, 2273.35
1570898409, 0, 984, 1943, 1669, 387, 7.50%, 11, 0, 4, 2312.84
1570898425, 0, 985, 1943, 1668, 408, 7.50%, 11, 0, 4, 2277.54
1570898445, 0, 985, 1947, 1672, 408, 7.50%, 11, 0, 4, 2199.66
1570898450, 0, 985, 1948, 1673, 408, 7.50%, 11, 0, 4, 2220.64
1570898507, 0, 985, 1949, 1674, 408, 7.50%, 11, 0, 4, 2227.09
1570898629, 0, 994, 1950, 1674, 409, 7.50%, 11, 0, 4, 2180.29
1570898977, 0, 999, 1951, 1674, 408, 7.50%, 11, 0, 4, 2312.51
1570899331, 0, 1004, 1952, 1674, 408, 7.50%, 11, 0, 4, 2264.57
1570899561, 0, 1009, 1952, 1673, 407, 7.50%, 11, 0, 4, 2336.22
1570899586, 0, 1009, 1954, 1675, 407, 7.50%, 11, 0, 4, 2218.35
1570899663, 0, 1009, 1955, 1676, 407, 7.50%, 11, 0, 4, 2270.37
1570899668, 0, 1009, 1956, 1677, 407, 7.50%, 11, 0, 4, 2270.43
1570899683, 0, 1009, 1957, 1678, 407, 7.51%, 11, 0, 4, 2262.03
1570899750, 0, 1009, 1957, 1678, 407, 7.51%, 12, 0, 4, 2228.54
1570899806, 0, 1010, 1958, 1678, 407, 7.51%, 12, 0, 4, 2414.49
1570900030, 0, 1012, 1958, 1677, 407, 7.51%, 12, 0, 4, 2395.79
1570900112, 0, 1012, 1958, 1677, 407, 7.51%, 13, 0, 4, 2318.14
1570900250, 0, 1014, 1958, 1676, 406, 7.51%, 13, 0, 4, 2438.16
1570900281, 0, 1014, 1960, 1678, 406, 7.51%, 13, 0, 4, 2090.11
1570900551, 0, 1014, 1961, 1679, 406, 7.51%, 13, 0, 4, 2070.55
1570900628, 0, 1017, 1961, 1678, 406, 7.51%, 13, 0, 4, 2169.16
1570900644, 0, 1017, 1962, 1679, 406, 7.51%, 13, 0, 4, 1925.12
1570900797, 0, 1017, 1963, 1680, 406, 7.51%, 13, 0, 4, 2062.95
1570901037, 0, 1019, 1963, 1679, 405, 7.51%, 13, 0, 4, 2297.64
1570901462, 0, 1021, 1963, 1678, 404, 7.51%, 13, 0, 4, 2282.55
1570901688, 0, 1023, 1963, 1677, 403, 7.51%, 13, 0, 4, 2399.56
1570901919, 0, 1027, 1963, 1676, 402, 7.51%, 13, 0, 4, 2306.10
1570901939, 0, 1027, 1964, 1677, 402, 7.51%, 13, 0, 4, 2001.81
1570902051, 0, 1027, 1965, 1678, 402, 7.51%, 13, 0, 4, 2023.81
1570902313, 0, 1028, 1965, 1677, 402, 7.51%, 13, 0, 4, 2559.07
1570902338, 0, 1028, 1966, 1678, 402, 7.51%, 13, 0, 4, 2463.11
