# unix_time, cycles_done, cur_path, paths_total, pending_total, pending_favs, map_size, unique_crashes, unique_hangs, max_depth, execs_per_sec
1571039340, 0, 0, 1, 1, 1, 2.10%, 0, 0, 1, 2000.00
1571039345, 0, 0, 61, 61, 1, 2.43%, 0, 0, 2, 2351.68
1571039355, 0, 0, 67, 67, 1, 2.47%, 0, 0, 2, 2389.09
1571039360, 0, 0, 133, 133, 1, 3.03%, 0, 0, 2, 2383.72
1571039366, 0, 0, 304, 304, 1, 3.46%, 0, 0, 2, 2447.50
1571039371, 0, 0, 329, 329, 1, 3.52%, 0, 0, 2, 2406.63
1571039381, 0, 0, 330, 330, 1, 3.52%, 0, 0, 2, 2386.46
1571039386, 0, 0, 342, 342, 1, 3.83%, 0, 0, 2, 2385.85
1571039391, 0, 0, 368, 368, 1, 3.86%, 0, 0, 2, 2453.44
1571039411, 0, 0, 377, 377, 1, 3.96%, 0, 0, 2, 2296.10
1571039416, 0, 0, 390, 390, 1, 3.99%, 0, 0, 2, 2338.30
1571039422, 0, 0, 411, 411, 1, 4.03%, 0, 0, 2, 2360.70
1571039427, 0, 0, 426, 426, 1, 4.04%, 0, 0, 2, 2286.39
1571039437, 0, 0, 428, 428, 1, 4.04%, 0, 0, 2, 2137.52
1571039442, 0, 0, 430, 430, 1, 4.04%, 0, 0, 2, 2113.73
1571039458, 0, 0, 451, 451, 1, 4.42%, 0, 0, 2, 2029.95
1571039463, 0, 0, 465, 465, 1, 4.47%, 0, 0, 2, 2009.97
1571039468, 0, 0, 467, 467, 1, 4.51%, 0, 0, 2, 2062.45
1571039473, 0, 0, 474, 474, 1, 4.60%, 0, 0, 2, 2113.58
1571039478, 0, 0, 477, 477, 1, 4.61%, 0, 0, 2, 2132.23
1571039483, 0, 0, 479, 479, 1, 4.62%, 0, 0, 2, 2128.81
1571039493, 0, 0, 518, 518, 1, 4.62%, 0, 0, 2, 2123.77
1571039499, 0, 0, 523, 523, 1, 4.63%, 0, 0, 2, 2037.19
1571039504, 0, 0, 528, 528, 1, 4.63%, 0, 0, 2, 2021.90
1571039519, 0, 0, 529, 529, 1, 4.63%, 0, 0, 2, 1992.69
1571039529, 0, 0, 530, 530, 1, 4.63%, 0, 0, 2, 1992.22
1571039534, 0, 0, 531, 531, 1, 4.63%, 0, 0, 2, 2140.62
1571039544, 0, 0, 532, 532, 1, 4.63%, 0, 0, 2, 2174.78
1571039560, 0, 0, 533, 533, 1, 4.63%, 0, 0, 2, 2126.29
1571039615, 0, 0, 539, 539, 1, 4.64%, 0, 0, 2, 2044.82
1571039621, 0, 0, 540, 540, 1, 4.64%, 0, 0, 2, 2005.83
1571039631, 0, 0, 542, 542, 1, 4.65%, 0, 0, 2, 2073.54
1571039636, 0, 0, 549, 549, 1, 4.67%, 0, 0, 2, 2047.35
1571039661, 0, 0, 551, 551, 1, 4.68%, 0, 0, 2, 2037.65
1571039671, 0, 0, 553, 553, 1, 4.68%, 0, 0, 2, 2114.55
1571039677, 0, 0, 554, 554, 1, 4.68%, 0, 0, 2, 2017.54
1571039697, 0, 0, 556, 556, 1, 4.69%, 0, 0, 2, 2080.85
1571039707, 0, 0, 582, 582, 1, 4.71%, 0, 0, 2, 2182.64
1571039712, 0, 0, 609, 609, 1, 4.71%, 0, 0, 2, 2454.72
1571039717, 0, 0, 624, 624, 1, 4.71%, 0, 0, 2, 2546.75
1571039722, 0, 17, 629, 619, 182, 4.71%, 0, 0, 2, 2762.47
1571039728, 0, 31, 631, 619, 180, 4.72%, 0, 0, 3, 2500.13
1571039753, 0, 31, 632, 620, 180, 4.72%, 0, 0, 3, 2402.87
1571039866, 0, 103, 632, 616, 178, 4.72%, 0, 0, 3, 2694.77
1571039871, 0, 106, 633, 616, 177, 4.72%, 0, 0, 3, 2198.16
1571039891, 0, 106, 637, 620, 177, 4.72%, 0, 0, 3, 1951.69
1571039897, 0, 106, 638, 621, 177, 4.72%, 0, 0, 3, 2033.12
1571039922, 0, 106, 640, 623, 177, 4.73%, 0, 0, 3, 1930.33
1571039927, 0, 106, 641, 624, 177, 4.73%, 0, 0, 3, 2011.38
1571039953, 0, 106, 645, 628, 177, 4.74%, 0, 0, 3, 1985.86
1571040004, 0, 106, 646, 629, 177, 4.74%, 0, 0, 3, 1939.24
1571040009, 0, 106, 657, 640, 177, 4.79%, 0, 0, 3, 1955.57
1571040040, 0, 106, 658, 641, 177, 4.79%, 0, 0, 3, 2097.58
1571040244, 0, 106, 660, 643, 177, 4.80%, 0, 0, 3, 1914.57
1571040260, 0, 114, 661, 643, 194, 4.80%, 0, 0, 3, 2249.67
1571040265, 0, 120, 661, 641, 192, 4.80%, 0, 0, 3, 2146.52
1571040285, 0, 120, 669, 649, 192, 4.81%, 0, 0, 3, 1944.04
1571040316, 0, 120, 677, 657, 192, 4.87%, 0, 0, 3, 1950.60
1571040346, 0, 120, 679, 659, 192, 4.88%, 0, 0, 3, 1970.78
1571040398, 0, 120, 695, 675, 192, 4.95%, 0, 0, 3, 1943.10
1571040638, 0, 120, 698, 678, 192, 4.95%, 0, 0, 3, 1965.79
1571040653, 0, 123, 699, 677, 213, 4.95%, 0, 0, 3, 2406.33
1571040658, 0, 141, 699, 675, 211, 4.95%, 0, 0, 3, 2186.50
1571040684, 0, 141, 700, 676, 211, 4.95%, 0, 0, 3, 2023.40
1571040801, 0, 141, 701, 677, 211, 4.95%, 0, 0, 3, 2061.60
1571041042, 0, 162, 701, 675, 211, 4.95%, 0, 0, 3, 2324.51
1571041073, 0, 162, 707, 681, 211, 4.97%, 0, 0, 3, 2045.82
1571041099, 0, 162, 708, 682, 211, 4.97%, 0, 0, 3, 2011.20
1571041180, 0, 162, 709, 683, 211, 4.97%, 0, 0, 3, 1978.59
1571041195, 0, 162, 710, 684, 211, 4.97%, 0, 0, 3, 2074.89
1571041430, 0, 162, 715, 689, 211, 4.97%, 0, 0, 3, 2368.99
1571041435, 0, 162, 720, 694, 211, 4.97%, 0, 0, 3, 2489.66
1571041440, 0, 162, 724, 698, 211, 4.97%, 0, 0, 3, 2514.82
1571041445, 0, 164, 725, 698, 212, 4.97%, 0, 0, 3, 2125.06
1571041471, 0, 164, 727, 700, 212, 4.97%, 0, 0, 3, 2030.94
1571041542, 0, 164, 728, 701, 212, 4.97%, 0, 0, 3, 1989.11
1571041829, 0, 164, 732, 705, 212, 4.98%, 0, 0, 3, 2247.13
1571041834, 0, 164, 734, 707, 212, 4.98%, 0, 0, 3, 2465.95
1571041839, 0, 164, 738, 711, 212, 4.98%, 0, 0, 3, 2521.03
1571041844, 0, 208, 739, 707, 208, 4.98%, 0, 0, 3, 2589.68
1571041870, 0, 208, 741, 709, 208, 4.98%, 0, 0, 3, 2010.61
1571042234, 0, 223, 742, 706, 204, 5.02%, 0, 0, 3, 2399.06
1571042259, 0, 223, 744, 708, 204, 5.02%, 0, 0, 3, 2022.73
1571042264, 0, 223, 747, 711, 204, 5.02%, 0, 0, 3, 2027.06
1571042321, 0, 223, 748, 712, 204, 5.02%, 0, 0, 3, 2045.71
1571042393, 0, 223, 749, 713, 204, 5.02%, 0, 0, 3, 2075.11
1571042624, 0, 235, 750, 713, 206, 5.02%, 0, 0, 3, 2225.16
1571042649, 0, 235, 751, 714, 206, 5.02%, 0, 0, 3, 1992.42
1571042654, 0, 235, 752, 715, 206, 5.02%, 0, 0, 3, 2009.70
1571042710, 0, 235, 753, 716, 206, 5.02%, 0, 0, 3, 2036.65
1571042976, 0, 235, 755, 718, 206, 5.02%, 0, 0, 3, 2048.59
1571043011, 0, 235, 756, 719, 206, 5.02%, 0, 0, 3, 2108.15
1571043017, 0, 246, 757, 717, 205, 5.02%, 0, 0, 3, 2234.25
1571043047, 0, 246, 758, 718, 205, 5.02%, 0, 0, 3, 1973.69
1571043104, 0, 246, 759, 719, 205, 5.02%, 0, 0, 3, 2011.77
1571043166, 0, 246, 760, 720, 205, 5.02%, 0, 0, 3, 2075.51
1571043171, 0, 246, 761, 721, 205, 5.02%, 0, 0, 3, 2085.37
1571043407, 0, 253, 761, 720, 206, 5.02%, 0, 0, 3, 2287.97
1571043432, 0, 253, 763, 722, 206, 5.03%, 0, 0, 3, 1937.83
1571043437, 0, 253, 765, 724, 206, 5.03%, 0, 0, 3, 1996.65
1571043504, 0, 253, 767, 726, 206, 5.04%, 0, 0, 3, 2023.90
1571043555, 0, 253, 768, 727, 206, 5.04%, 0, 0, 3, 1991.31
1571043581, 0, 253, 769, 728, 206, 5.04%, 0, 0, 3, 2079.90
1571043806, 0, 258, 769, 727, 208, 5.04%, 0, 0, 3, 2253.76
1571043811, 0, 291, 769, 718, 199, 5.04%, 0, 0, 3, 2771.14
1571043816, 0, 321, 770, 711, 191, 5.04%, 0, 0, 3, 2697.37
1571043842, 0, 321, 775, 716, 191, 5.04%, 0, 0, 3, 2013.29
1571043847, 0, 321, 777, 718, 191, 5.05%, 0, 0, 3, 2008.36
1571043903, 0, 321, 778, 719, 191, 5.05%, 0, 0, 3, 2026.51
1571043914, 0, 321, 779, 720, 191, 5.05%, 0, 0, 3, 2034.84
1571044205, 0, 333, 780, 720, 192, 5.05%, 0, 0, 3, 2131.87
1571044226, 0, 333, 782, 722, 192, 5.05%, 0, 0, 3, 1927.48
1571044231, 0, 333, 786, 726, 192, 5.05%, 0, 0, 3, 1981.70
1571044256, 0, 333, 788, 728, 192, 5.05%, 0, 0, 3, 1943.05
1571044267, 0, 333, 789, 729, 192, 5.05%, 0, 0, 3, 1966.97
1571044287, 0, 333, 790, 730, 192, 5.06%, 0, 0, 3, 1944.05
1571044323, 0, 333, 791, 731, 192, 5.06%, 0, 0, 3, 1894.56
1571044338, 0, 333, 806, 746, 192, 5.08%, 0, 0, 3, 1924.77
1571044379, 0, 333, 809, 749, 192, 5.08%, 0, 0, 3, 2044.95
1571044501, 0, 333, 811, 751, 192, 5.08%, 0, 0, 3, 1989.38
1571044603, 0, 334, 811, 750, 199, 5.08%, 0, 0, 3, 2268.68
1571044629, 0, 334, 812, 751, 199, 5.08%, 0, 0, 3, 1965.42
1571044660, 0, 334, 813, 752, 199, 5.08%, 0, 0, 3, 1996.69
1571044690, 0, 334, 814, 753, 199, 5.08%, 0, 0, 3, 1979.53
1571044736, 0, 334, 815, 754, 199, 5.08%, 0, 0, 3, 1950.94
1571045001, 0, 339, 815, 750, 194, 5.08%, 0, 0, 3, 2445.73
1571045021, 0, 339, 816, 751, 194, 5.08%, 0, 0, 3, 1915.81
1571045026, 0, 339, 822, 757, 194, 5.09%, 0, 0, 3, 1940.16
1571045031, 0, 339, 823, 758, 194, 5.09%, 0, 0, 3, 1934.66
1571045057, 0, 339, 824, 759, 194, 5.09%, 0, 0, 3, 1956.88
1571045139, 0, 339, 827, 762, 194, 5.09%, 0, 0, 3, 1933.16
