# unix_time, cycles_done, cur_path, paths_total, pending_total, pending_favs, map_size, unique_crashes, unique_hangs, max_depth, execs_per_sec
1571039433, 0, 0, 1, 1, 1, 2.10%, 0, 0, 1, 2000.00
1571039438, 0, 0, 61, 61, 1, 2.43%, 0, 0, 2, 2127.53
1571039453, 0, 0, 105, 105, 1, 2.55%, 0, 0, 2, 2039.86
1571039458, 0, 0, 186, 186, 1, 3.22%, 0, 0, 2, 2058.82
1571039463, 0, 0, 329, 329, 1, 3.52%, 0, 0, 2, 2086.31
1571039484, 0, 0, 333, 333, 1, 3.56%, 0, 0, 2, 2029.59
1571039489, 0, 0, 344, 344, 1, 3.84%, 0, 0, 2, 2065.93
1571039494, 0, 0, 368, 368, 1, 3.86%, 0, 0, 2, 2051.02
1571039514, 0, 0, 376, 376, 1, 3.96%, 0, 0, 2, 1998.51
1571039519, 0, 0, 380, 380, 1, 3.99%, 0, 0, 2, 2064.01
1571039525, 0, 0, 395, 395, 1, 3.99%, 0, 0, 2, 2022.35
1571039530, 0, 0, 425, 425, 1, 4.04%, 0, 0, 2, 2071.93
1571039535, 0, 0, 426, 426, 1, 4.04%, 0, 0, 2, 2013.72
1571039545, 0, 0, 428, 428, 1, 4.04%, 0, 0, 2, 2001.63
1571039550, 0, 0, 430, 430, 1, 4.04%, 0, 0, 2, 1999.19
1571039565, 0, 0, 451, 451, 1, 4.42%, 0, 0, 2, 2004.28
1571039570, 0, 0, 465, 465, 1, 4.47%, 0, 0, 2, 2004.07
1571039575, 0, 0, 467, 467, 1, 4.51%, 0, 0, 2, 2018.50
1571039581, 0, 0, 474, 474, 1, 4.60%, 0, 0, 2, 2103.11
1571039586, 0, 0, 477, 477, 1, 4.61%, 0, 0, 2, 2119.77
1571039591, 0, 0, 479, 479, 1, 4.62%, 0, 0, 2, 2046.00
1571039601, 0, 0, 518, 518, 1, 4.62%, 0, 0, 2, 2107.85
1571039606, 0, 0, 522, 522, 1, 4.63%, 0, 0, 2, 2057.71
1571039611, 0, 0, 527, 527, 1, 4.63%, 0, 0, 2, 2013.57
1571039616, 0, 0, 528, 528, 1, 4.63%, 0, 0, 2, 1955.53
1571039632, 0, 0, 529, 529, 1, 4.63%, 0, 0, 2, 1975.94
1571039637, 0, 0, 530, 530, 1, 4.63%, 0, 0, 2, 1977.55
1571039642, 0, 0, 531, 531, 1, 4.63%, 0, 0, 2, 2060.10
1571039652, 0, 0, 532, 532, 1, 4.63%, 0, 0, 2, 2155.57
1571039673, 0, 0, 533, 533, 1, 4.63%, 0, 0, 2, 2053.24
1571039724, 0, 0, 539, 539, 1, 4.64%, 0, 0, 2, 2045.60
1571039729, 0, 0, 540, 540, 1, 4.64%, 0, 0, 2, 1985.74
1571039739, 0, 0, 541, 541, 1, 4.64%, 0, 0, 2, 2055.25
1571039744, 0, 0, 549, 549, 1, 4.67%, 0, 0, 2, 1994.32
1571039770, 0, 0, 551, 551, 1, 4.68%, 0, 0, 2, 1999.47
1571039785, 0, 0, 554, 554, 1, 4.68%, 0, 0, 2, 2022.00
1571039806, 0, 0, 556, 556, 1, 4.69%, 0, 0, 2, 2054.07
1571039816, 0, 0, 568, 568, 1, 4.69%, 0, 0, 2, 2098.09
1571039821, 0, 0, 605, 605, 1, 4.75%, 0, 0, 2, 2443.33
1571039826, 0, 0, 619, 619, 1, 4.75%, 0, 0, 2, 2520.63
1571039831, 0, 17, 625, 617, 181, 4.77%, 0, 0, 2, 2683.17
1571039836, 0, 31, 627, 617, 179, 4.78%, 0, 0, 3, 2503.29
1571039856, 0, 31, 629, 619, 179, 4.78%, 0, 0, 3, 2386.34
1571039974, 0, 96, 629, 616, 180, 4.78%, 0, 0, 3, 2559.32
1571039979, 0, 120, 629, 610, 174, 4.78%, 0, 0, 3, 2600.99
1571040000, 0, 120, 630, 611, 174, 4.78%, 0, 0, 3, 1952.80
1571040005, 0, 120, 643, 624, 174, 4.81%, 0, 0, 3, 1989.48
1571040010, 0, 120, 644, 625, 174, 4.81%, 0, 0, 3, 2001.78
1571040031, 0, 120, 655, 636, 174, 4.87%, 0, 0, 3, 1955.98
1571040062, 0, 120, 658, 639, 174, 4.88%, 0, 0, 3, 1956.13
1571040112, 0, 120, 677, 658, 174, 4.97%, 0, 0, 3, 1951.64
1571040118, 0, 120, 678, 659, 174, 4.97%, 0, 0, 3, 1914.35
1571040353, 0, 120, 682, 663, 174, 4.98%, 0, 0, 3, 1949.87
1571040373, 0, 120, 688, 669, 174, 4.98%, 0, 0, 3, 2366.76
1571040378, 0, 120, 696, 677, 174, 4.98%, 0, 0, 3, 2492.86
1571040383, 0, 122, 710, 690, 207, 4.98%, 0, 0, 3, 2533.29
1571040388, 0, 162, 710, 687, 204, 4.98%, 0, 0, 3, 2315.24
1571040414, 0, 162, 713, 690, 204, 4.98%, 0, 0, 3, 2021.23
1571040419, 0, 162, 715, 692, 204, 4.98%, 0, 0, 3, 1968.78
1571040445, 0, 162, 716, 693, 204, 4.98%, 0, 0, 3, 2008.75
1571040522, 0, 162, 717, 694, 204, 4.98%, 0, 0, 3, 1968.48
1571040537, 0, 162, 718, 695, 204, 4.98%, 0, 0, 3, 2070.02
1571040773, 0, 162, 720, 697, 204, 4.98%, 0, 0, 3, 2206.00
1571040778, 0, 162, 723, 700, 204, 4.98%, 0, 0, 3, 2450.13
1571040783, 0, 162, 727, 704, 204, 4.98%, 0, 0, 3, 2500.72
1571040788, 0, 192, 729, 701, 202, 4.98%, 0, 0, 3, 2748.55
1571040814, 0, 192, 730, 702, 202, 4.99%, 0, 0, 3, 1987.07
1571040819, 0, 192, 737, 709, 202, 4.99%, 0, 0, 3, 2008.53
1571040844, 0, 192, 741, 713, 202, 5.00%, 0, 0, 3, 1990.15
1571040849, 0, 192, 743, 715, 202, 5.00%, 0, 0, 3, 2007.84
1571040885, 0, 192, 745, 717, 202, 5.00%, 0, 0, 3, 2054.31
1571040942, 0, 192, 746, 718, 202, 5.00%, 0, 0, 3, 2068.12
1571040957, 0, 192, 748, 720, 202, 5.00%, 0, 0, 3, 2061.82
1571040962, 0, 192, 749, 721, 202, 5.00%, 0, 0, 3, 2062.92
1571041131, 0, 192, 750, 722, 202, 5.00%, 0, 0, 3, 2018.11
1571041141, 0, 192, 752, 724, 202, 5.00%, 0, 0, 3, 2051.17
1571041167, 0, 192, 753, 725, 202, 5.00%, 0, 0, 3, 1966.17
1571041187, 0, 208, 753, 722, 204, 5.00%, 0, 0, 3, 2399.27
1571041213, 0, 208, 754, 723, 204, 5.00%, 0, 0, 3, 1992.57
1571041244, 0, 208, 755, 724, 204, 5.00%, 0, 0, 3, 2014.89
1571041585, 0, 217, 757, 724, 204, 5.00%, 0, 0, 3, 2475.70
1571041590, 0, 223, 758, 723, 202, 5.01%, 0, 0, 3, 2187.52
1571041616, 0, 223, 762, 727, 202, 5.01%, 0, 0, 3, 2019.38
1571041677, 0, 223, 763, 728, 202, 5.01%, 0, 0, 3, 2005.45
1571041744, 0, 223, 764, 729, 202, 5.01%, 0, 0, 3, 2072.93
1571041989, 0, 246, 765, 727, 201, 5.01%, 0, 0, 3, 2203.19
1571042019, 0, 246, 766, 728, 201, 5.01%, 0, 0, 3, 1964.14
1571042076, 0, 246, 767, 729, 201, 5.01%, 0, 0, 3, 2008.91
1571042137, 0, 246, 768, 730, 201, 5.01%, 0, 0, 3, 2044.40
1571042142, 0, 246, 769, 731, 201, 5.01%, 0, 0, 3, 2058.00
1571042387, 0, 253, 769, 730, 203, 5.01%, 0, 0, 3, 2082.41
1571042413, 0, 253, 771, 732, 203, 5.02%, 0, 0, 3, 1978.24
1571042418, 0, 253, 774, 735, 203, 5.02%, 0, 0, 3, 1955.31
1571042480, 0, 253, 775, 736, 203, 5.02%, 0, 0, 3, 1937.32
1571042485, 0, 253, 776, 737, 203, 5.02%, 0, 0, 3, 2005.69
1571042536, 0, 253, 777, 738, 203, 5.02%, 0, 0, 3, 2020.16
1571042557, 0, 253, 778, 739, 203, 5.02%, 0, 0, 3, 2006.35
1571042792, 0, 265, 779, 738, 204, 5.02%, 0, 0, 3, 2345.62
1571042822, 0, 265, 780, 739, 204, 5.02%, 0, 0, 3, 1970.31
1571042853, 0, 265, 782, 741, 204, 5.02%, 0, 0, 3, 1978.04
1571042925, 0, 265, 784, 743, 204, 5.02%, 0, 0, 3, 1894.15
1571042966, 0, 265, 785, 744, 204, 5.03%, 0, 0, 3, 2029.86
1571043195, 0, 276, 787, 744, 204, 5.03%, 0, 0, 3, 2180.61
1571043226, 0, 276, 788, 745, 204, 5.03%, 0, 0, 3, 1789.51
1571043231, 0, 276, 790, 747, 204, 5.03%, 0, 0, 3, 1757.68
1571043262, 0, 276, 791, 748, 204, 5.03%, 0, 0, 3, 1817.68
1571043298, 0, 276, 792, 749, 204, 5.03%, 0, 0, 3, 1740.48
1571043370, 0, 276, 793, 750, 204, 5.03%, 0, 0, 3, 1883.55
1571043477, 0, 276, 794, 751, 204, 5.03%, 0, 0, 3, 1778.37
1571043508, 0, 276, 796, 753, 204, 5.03%, 0, 0, 3, 1731.66
1571043574, 0, 279, 797, 753, 205, 5.03%, 0, 0, 3, 2092.42
1571043630, 0, 279, 798, 754, 205, 5.03%, 0, 0, 3, 2007.29
1571043635, 0, 279, 799, 755, 205, 5.03%, 0, 0, 3, 2006.72
1571043743, 0, 279, 801, 757, 205, 5.03%, 0, 0, 3, 2117.61
1571043881, 0, 279, 802, 758, 205, 5.03%, 0, 0, 3, 2033.52
1571043963, 0, 279, 803, 759, 205, 5.03%, 0, 0, 3, 2094.42
1571043968, 0, 312, 803, 752, 197, 5.03%, 0, 0, 3, 2657.07
1571043973, 0, 321, 804, 749, 193, 5.03%, 0, 0, 3, 2253.09
1571043999, 0, 321, 811, 756, 193, 5.04%, 0, 0, 3, 2017.51
1571044055, 0, 321, 812, 757, 193, 5.04%, 0, 0, 3, 2011.36
1571044071, 0, 321, 813, 758, 193, 5.04%, 0, 0, 3, 1996.44
1571044366, 0, 333, 813, 757, 196, 5.04%, 0, 0, 3, 2163.04
1571044387, 0, 333, 814, 758, 196, 5.04%, 0, 0, 3, 1921.93
1571044392, 0, 333, 820, 764, 196, 5.04%, 0, 0, 3, 1962.72
1571044422, 0, 333, 822, 766, 196, 5.04%, 0, 0, 3, 1956.98
1571044428, 0, 333, 823, 767, 196, 5.04%, 0, 0, 3, 1966.99
1571044448, 0, 333, 824, 768, 196, 5.04%, 0, 0, 3, 1928.83
1571044489, 0, 333, 825, 769, 196, 5.04%, 0, 0, 3, 1926.32
1571044499, 0, 333, 838, 782, 196, 5.09%, 0, 0, 3, 1933.01
1571044504, 0, 333, 840, 784, 196, 5.09%, 0, 0, 3, 1932.05
1571044540, 0, 333, 841, 785, 196, 5.09%, 0, 0, 3, 2047.55
1571044663, 0, 333, 843, 787, 196, 5.09%, 0, 0, 3, 1997.25
1571044775, 0, 333, 847, 791, 196, 5.09%, 0, 0, 3, 2321.81
1571044780, 0, 333, 850, 794, 196, 5.09%, 0, 0, 3, 2456.57
1571044790, 0, 334, 850, 793, 204, 5.09%, 0, 0, 3, 2102.03
1571044811, 0, 334, 851, 794, 204, 5.09%, 0, 0, 3, 1942.44
1571044842, 0, 334, 852, 795, 204, 5.09%, 0, 0, 3, 1962.66
1571044872, 0, 334, 853, 796, 204, 5.09%, 0, 0, 3, 1996.17
1571044924, 0, 334, 854, 797, 204, 5.09%, 0, 0, 3, 1950.75
