# unix_time, cycles_done, cur_path, paths_total, pending_total, pending_favs, map_size, unique_crashes, unique_hangs, max_depth, execs_per_sec
1570902537, 0, 0, 1, 1, 1, 2.10%, 0, 0, 1, 2000.00
1570902542, 0, 0, 61, 61, 1, 2.43%, 0, 0, 2, 2383.09
1570902552, 0, 0, 67, 67, 1, 2.47%, 0, 0, 2, 2363.96
1570902557, 0, 0, 133, 133, 1, 3.03%, 0, 0, 2, 2341.06
1570902562, 0, 0, 279, 279, 1, 3.39%, 0, 0, 2, 2381.21
1570902567, 0, 0, 329, 329, 1, 3.52%, 0, 0, 2, 2301.61
1570902577, 0, 0, 330, 330, 1, 3.52%, 0, 0, 2, 2245.98
1570902583, 0, 0, 339, 339, 1, 3.75%, 0, 0, 2, 2223.08
1570902588, 0, 0, 344, 344, 1, 3.84%, 0, 0, 2, 2249.94
1570902593, 0, 0, 368, 368, 1, 3.86%, 0, 0, 2, 2174.79
1570902613, 0, 0, 377, 377, 1, 3.96%, 0, 0, 2, 2087.19
1570902618, 0, 0, 390, 390, 1, 3.99%, 0, 0, 2, 2089.74
1570902623, 0, 0, 407, 407, 1, 4.03%, 0, 0, 2, 2129.91
1570902628, 0, 0, 426, 426, 1, 4.04%, 0, 0, 2, 2086.45
1570902639, 0, 0, 428, 428, 1, 4.04%, 0, 0, 2, 2050.45
1570902644, 0, 0, 430, 430, 1, 4.04%, 0, 0, 2, 2032.83
1570902659, 0, 0, 446, 446, 1, 4.14%, 0, 0, 2, 2015.56
1570902664, 0, 0, 465, 465, 1, 4.47%, 0, 0, 2, 2020.73
1570902675, 0, 0, 472, 472, 1, 4.60%, 0, 0, 2, 2144.78
1570902680, 0, 0, 476, 476, 1, 4.61%, 0, 0, 2, 2173.37
1570902685, 0, 0, 479, 479, 1, 4.62%, 0, 0, 2, 2136.38
1570902695, 0, 0, 510, 510, 1, 4.62%, 0, 0, 2, 2113.57
1570902700, 0, 0, 520, 520, 1, 4.63%, 0, 0, 2, 2094.42
1570902705, 0, 0, 526, 526, 1, 4.63%, 0, 0, 2, 2035.03
1570902711, 0, 0, 528, 528, 1, 4.63%, 0, 0, 2, 2025.06
1570902726, 0, 0, 529, 529, 1, 4.63%, 0, 0, 2, 2021.34
1570902731, 0, 0, 530, 530, 1, 4.63%, 0, 0, 2, 2023.99
1570902736, 0, 0, 531, 531, 1, 4.63%, 0, 0, 2, 2163.54
1570902746, 0, 0, 532, 532, 1, 4.63%, 0, 0, 2, 2197.41
1570902767, 0, 0, 533, 533, 1, 4.63%, 0, 0, 2, 2075.51
1570902813, 0, 0, 537, 537, 1, 4.63%, 0, 0, 2, 2132.67
1570902818, 0, 0, 540, 540, 1, 4.64%, 0, 0, 2, 2049.75
1570902833, 0, 0, 549, 549, 1, 4.67%, 0, 0, 2, 2170.38
1570902864, 0, 0, 551, 551, 1, 4.68%, 0, 0, 2, 2144.35
1570902874, 0, 0, 554, 554, 1, 4.68%, 0, 0, 2, 2101.52
1570902895, 0, 0, 556, 556, 1, 4.69%, 0, 0, 2, 2072.56
1570902905, 0, 0, 566, 566, 1, 4.69%, 0, 0, 2, 2143.35
1570902910, 0, 0, 600, 600, 1, 4.71%, 0, 0, 2, 2501.97
1570902915, 0, 0, 619, 619, 1, 4.75%, 0, 0, 2, 2601.51
1570902920, 0, 1, 626, 625, 200, 4.75%, 0, 0, 2, 2730.32
1570902925, 0, 1, 639, 638, 200, 4.83%, 0, 0, 3, 2814.11
1570902930, 0, 1, 643, 642, 200, 4.97%, 0, 0, 3, 2833.77
1570902935, 0, 3, 644, 641, 212, 4.99%, 0, 0, 3, 2865.53
1570902940, 0, 6, 644, 639, 210, 4.99%, 0, 0, 3, 2886.45
1570902945, 0, 8, 644, 637, 208, 4.99%, 0, 0, 3, 2887.80
1570902997, 0, 8, 645, 638, 208, 4.99%, 0, 0, 3, 2025.05
1570903324, 0, 8, 649, 642, 208, 4.99%, 0, 0, 3, 2293.89
1570903329, 0, 8, 657, 650, 208, 5.00%, 0, 0, 3, 2568.07
1570903334, 0, 8, 666, 659, 208, 5.00%, 0, 0, 3, 2605.28
1570903339, 0, 9, 670, 662, 210, 5.00%, 0, 0, 3, 2268.33
1570903364, 0, 9, 679, 671, 210, 5.02%, 0, 0, 3, 2074.84
1570903421, 0, 9, 680, 672, 210, 5.02%, 0, 0, 3, 2093.87
1570903483, 0, 9, 681, 673, 210, 5.02%, 0, 0, 3, 2135.13
1570903712, 0, 11, 681, 672, 212, 5.02%, 0, 0, 3, 2234.87
1570903718, 0, 11, 684, 675, 212, 5.02%, 0, 0, 3, 2096.94
1570903738, 0, 11, 693, 684, 212, 5.02%, 0, 0, 3, 2024.83
1570903743, 0, 11, 709, 700, 212, 5.02%, 0, 0, 3, 2041.52
1570903809, 0, 11, 712, 703, 212, 5.02%, 0, 0, 3, 2062.79
1570904019, 0, 11, 713, 704, 212, 5.02%, 0, 0, 3, 2065.53
1570904045, 0, 11, 715, 706, 212, 5.02%, 0, 0, 3, 2116.30
1570904081, 0, 11, 716, 707, 212, 5.02%, 0, 0, 3, 2076.91
1570904096, 0, 12, 718, 708, 214, 5.03%, 0, 0, 3, 2309.78
1570904122, 0, 12, 720, 710, 214, 5.03%, 0, 0, 3, 2068.48
1570904189, 0, 12, 721, 711, 214, 5.03%, 0, 0, 3, 2121.05
1570904194, 0, 12, 722, 712, 214, 5.03%, 0, 0, 3, 2042.43
1570904480, 0, 13, 723, 712, 215, 5.03%, 0, 0, 3, 2130.12
1570904505, 0, 13, 728, 717, 215, 5.03%, 0, 0, 3, 2083.13
1570904572, 0, 13, 729, 718, 215, 5.03%, 0, 0, 3, 2092.07
1570904781, 0, 13, 730, 719, 215, 5.04%, 0, 0, 3, 2116.00
1570904863, 0, 17, 734, 722, 218, 5.08%, 0, 0, 3, 2156.92
1570904879, 0, 17, 736, 724, 218, 5.08%, 0, 0, 3, 2012.97
1570904889, 0, 17, 741, 729, 218, 5.08%, 0, 0, 3, 2071.65
1570904894, 0, 17, 743, 731, 218, 5.08%, 0, 0, 3, 2040.22
1570904920, 0, 17, 744, 732, 218, 5.09%, 0, 0, 3, 2073.62
1570904955, 0, 17, 745, 733, 218, 5.09%, 0, 0, 3, 2114.52
1570905145, 0, 17, 751, 739, 218, 5.10%, 0, 0, 3, 2028.73
1570905242, 0, 17, 759, 747, 218, 5.11%, 0, 0, 3, 2446.74
1570905247, 0, 17, 764, 752, 218, 5.11%, 0, 0, 3, 2588.32
1570905252, 0, 22, 767, 754, 232, 5.12%, 0, 0, 3, 2699.70
1570905257, 0, 23, 767, 753, 232, 5.12%, 0, 0, 3, 2849.63
1570905267, 0, 23, 771, 757, 232, 5.12%, 0, 0, 3, 2536.46
1570905292, 0, 23, 773, 759, 232, 5.12%, 0, 0, 3, 2553.83
1570905389, 0, 30, 773, 758, 233, 5.12%, 0, 0, 3, 2650.55
1570905451, 0, 30, 774, 759, 233, 5.12%, 0, 0, 3, 2670.30
1570905456, 0, 30, 775, 760, 233, 5.12%, 0, 0, 3, 2686.94
1570905477, 0, 31, 775, 759, 232, 5.12%, 0, 0, 3, 2686.20
1570905502, 0, 31, 776, 760, 232, 5.12%, 0, 0, 3, 2495.09
1570905615, 0, 34, 776, 759, 231, 5.12%, 0, 0, 3, 2460.89
1570905636, 0, 34, 783, 766, 231, 5.12%, 0, 0, 3, 2006.38
1570905641, 0, 34, 786, 769, 231, 5.12%, 0, 0, 3, 2065.09
1570905646, 0, 34, 796, 779, 231, 5.12%, 0, 0, 3, 2055.66
1570905671, 0, 34, 802, 785, 231, 5.13%, 0, 0, 3, 2092.96
1570905702, 0, 34, 804, 787, 231, 5.13%, 0, 0, 3, 2044.29
1570905707, 0, 34, 806, 789, 231, 5.13%, 0, 0, 3, 2081.22
1570905744, 0, 34, 808, 791, 231, 5.13%, 0, 0, 3, 2011.15
1570905759, 0, 34, 809, 792, 231, 5.13%, 0, 0, 3, 2138.67
1570905764, 0, 34, 810, 793, 231, 5.13%, 0, 0, 3, 2101.25
1570905774, 0, 34, 811, 794, 231, 5.13%, 0, 0, 3, 2107.58
1570905779, 0, 34, 812, 795, 231, 5.13%, 0, 0, 3, 2110.97
1570905968, 0, 34, 817, 800, 231, 5.13%, 0, 0, 3, 2011.12
1570905973, 0, 34, 821, 804, 231, 5.14%, 0, 0, 3, 2120.63
1570905988, 0, 35, 821, 803, 235, 5.14%, 0, 0, 3, 2277.89
1570906014, 0, 35, 825, 807, 235, 5.14%, 0, 0, 3, 2064.90
1570906019, 0, 35, 826, 808, 235, 5.14%, 0, 0, 3, 2051.76
1570906357, 0, 35, 827, 809, 235, 5.14%, 0, 0, 3, 2024.04
1570906377, 0, 44, 828, 809, 235, 5.14%, 0, 0, 3, 2288.57
1570906766, 0, 44, 829, 810, 235, 5.14%, 0, 0, 3, 2265.26
1570906771, 0, 53, 829, 809, 234, 5.14%, 0, 0, 3, 2125.86
1570907155, 0, 54, 831, 810, 233, 5.14%, 0, 0, 3, 2331.11
1570907544, 0, 55, 831, 809, 232, 5.14%, 0, 0, 3, 2346.65
1570907933, 0, 56, 832, 809, 231, 5.14%, 0, 0, 3, 2325.40
1570908326, 0, 57, 832, 808, 230, 5.14%, 0, 0, 3, 2125.04
1570908357, 0, 57, 833, 809, 230, 5.15%, 0, 0, 3, 2039.69
1570908714, 0, 59, 833, 808, 230, 5.15%, 0, 0, 3, 2237.84
1570909102, 0, 64, 833, 807, 229, 5.15%, 0, 0, 3, 2252.92
1570909492, 0, 65, 833, 806, 228, 5.15%, 0, 0, 3, 2234.11
1570909882, 0, 68, 833, 805, 227, 5.15%, 0, 0, 3, 2316.06
1570909902, 0, 68, 834, 806, 227, 5.15%, 0, 0, 3, 2000.27
1570909912, 0, 68, 835, 807, 227, 5.15%, 0, 0, 3, 2059.81
1570910052, 0, 68, 836, 808, 227, 5.15%, 0, 0, 3, 2072.58
1570910272, 0, 74, 836, 807, 226, 5.15%, 0, 0, 3, 2301.42
1570910666, 0, 88, 836, 806, 225, 5.15%, 0, 0, 3, 2103.41
1570911054, 0, 91, 836, 805, 224, 5.15%, 0, 0, 3, 2135.23
1570911080, 0, 91, 837, 806, 224, 5.15%, 0, 0, 3, 2086.83
1570911219, 0, 91, 838, 807, 224, 5.15%, 0, 0, 3, 2140.04
1570911444, 0, 96, 838, 806, 223, 5.15%, 0, 0, 3, 2136.58
1570911464, 0, 96, 839, 807, 223, 5.15%, 0, 0, 3, 2015.37
1570911608, 0, 96, 840, 808, 223, 5.15%, 0, 0, 3, 2186.72
1570911833, 0, 97, 840, 807, 222, 5.15%, 0, 0, 3, 2166.44
1570912222, 0, 103, 841, 807, 221, 5.15%, 0, 0, 3, 2216.36
1570912610, 0, 106, 841, 806, 220, 5.15%, 0, 0, 3, 2271.63
1570912630, 0, 106, 842, 807, 220, 5.15%, 0, 0, 3, 1990.46
1570912635, 0, 106, 844, 809, 220, 5.15%, 0, 0, 3, 2047.18
1570912666, 0, 106, 846, 811, 220, 5.15%, 0, 0, 3, 2047.05
1570912671, 0, 106, 847, 812, 220, 5.15%, 0, 0, 3, 2019.03
1570912691, 0, 106, 851, 816, 220, 5.16%, 0, 0, 3, 1991.22
1570912743, 0, 106, 852, 817, 220, 5.16%, 0, 0, 3, 1995.33
1570912748, 0, 106, 861, 826, 220, 5.21%, 0, 0, 3, 1997.79
1570912778, 0, 106, 862, 827, 220, 5.21%, 0, 0, 3, 2139.28
1570912978, 0, 106, 864, 829, 220, 5.21%, 0, 0, 3, 1997.41
1570912983, 0, 106, 868, 833, 220, 5.25%, 0, 0, 3, 2007.16
1570913003, 0, 109, 869, 833, 236, 5.25%, 0, 0, 3, 2369.21
1570913398, 0, 114, 869, 832, 235, 5.25%, 0, 0, 3, 2094.05
1570913413, 0, 114, 870, 833, 235, 5.25%, 0, 0, 3, 1990.54
1570913418, 0, 114, 874, 837, 235, 5.26%, 0, 0, 3, 1986.77
1570913526, 0, 114, 883, 846, 235, 5.27%, 0, 0, 3, 1997.29
1570913766, 0, 114, 886, 849, 235, 5.27%, 0, 0, 3, 1989.43
1570913792, 0, 115, 887, 849, 236, 5.27%, 0, 0, 3, 2165.50
1570913812, 0, 115, 888, 850, 236, 5.27%, 0, 0, 3, 2012.00
1570913843, 0, 115, 889, 851, 236, 5.27%, 0, 0, 3, 2044.50
1570913920, 0, 115, 890, 852, 236, 5.28%, 0, 0, 3, 1993.83
1570914179, 0, 116, 890, 851, 237, 5.28%, 0, 0, 3, 2243.52
1570914200, 0, 116, 891, 852, 237, 5.28%, 0, 0, 3, 1967.62
1570914205, 0, 116, 898, 859, 237, 5.28%, 0, 0, 3, 2025.39
1570914231, 0, 116, 899, 860, 237, 5.28%, 0, 0, 3, 1987.19
1570914297, 0, 116, 900, 861, 237, 5.28%, 0, 0, 3, 1977.55
1570914312, 0, 116, 906, 867, 237, 5.28%, 0, 0, 3, 1986.26
1570914348, 0, 116, 908, 869, 237, 5.28%, 0, 0, 3, 2094.43
1570914465, 0, 116, 910, 871, 237, 5.28%, 0, 0, 3, 2085.50
1570914552, 0, 116, 911, 872, 237, 5.29%, 0, 0, 3, 2003.08
1570914578, 0, 117, 911, 871, 240, 5.29%, 0, 0, 3, 2129.81
1570914593, 0, 117, 912, 872, 240, 5.29%, 0, 0, 3, 1998.13
1570914655, 0, 117, 913, 873, 240, 5.29%, 0, 0, 3, 2022.72
1570914741, 0, 117, 914, 874, 240, 5.29%, 0, 0, 3, 2147.48
1570914966, 0, 118, 915, 874, 239, 5.29%, 0, 0, 3, 2337.24
1570915359, 0, 118, 916, 875, 239, 5.29%, 0, 0, 3, 2242.15
1570915364, 0, 120, 916, 874, 238, 5.29%, 0, 0, 3, 2079.27
1570915380, 0, 120, 917, 875, 238, 5.29%, 0, 0, 3, 1977.45
1570915385, 0, 120, 920, 878, 238, 5.30%, 0, 0, 3, 1986.62
1570915415, 0, 120, 926, 884, 238, 5.34%, 0, 0, 3, 2055.21
1570915441, 0, 120, 928, 886, 238, 5.35%, 0, 0, 3, 2001.54
1570915492, 0, 120, 940, 898, 238, 5.41%, 0, 0, 3, 2005.51
1570915732, 0, 120, 943, 901, 238, 5.41%, 0, 0, 3, 2012.89
1570915757, 0, 121, 943, 900, 259, 5.41%, 0, 0, 3, 2108.94
1570915773, 0, 121, 944, 901, 259, 5.41%, 0, 0, 3, 1974.38
1570915778, 0, 121, 945, 902, 259, 5.41%, 0, 0, 3, 1998.69
1570915783, 0, 121, 946, 903, 259, 5.41%, 0, 0, 3, 2056.18
1570915886, 0, 121, 952, 909, 259, 5.43%, 0, 0, 3, 1985.01
1570916125, 0, 121, 954, 911, 259, 5.43%, 0, 0, 3, 1973.19
1570916150, 0, 122, 954, 910, 262, 5.43%, 0, 0, 3, 2212.35
1570916176, 0, 122, 955, 911, 262, 5.43%, 0, 0, 3, 2072.04
1570916540, 0, 123, 955, 910, 261, 5.43%, 0, 0, 3, 2231.78
1570916560, 0, 123, 956, 911, 261, 5.43%, 0, 0, 3, 1982.33
1570916566, 0, 123, 959, 914, 261, 5.44%, 0, 0, 3, 2035.15
1570916591, 0, 123, 962, 917, 261, 5.44%, 1, 0, 3, 1987.75
1570916673, 0, 123, 972, 927, 261, 5.53%, 1, 0, 3, 1982.52
1570916831, 0, 123, 973, 928, 261, 5.53%, 1, 0, 3, 2024.97
1570916847, 0, 123, 974, 929, 261, 5.53%, 1, 0, 3, 2103.21
1570916913, 0, 123, 976, 931, 261, 5.53%, 1, 0, 3, 1992.45
1570916938, 0, 124, 976, 930, 271, 5.53%, 1, 0, 3, 2129.29
1570916959, 0, 124, 979, 933, 271, 5.53%, 1, 0, 3, 2012.28
1570917067, 0, 124, 982, 936, 271, 5.63%, 1, 0, 3, 2030.79
1570917328, 0, 131, 982, 935, 273, 5.63%, 1, 0, 3, 2127.44
1570917343, 0, 131, 983, 936, 273, 5.63%, 1, 0, 3, 1978.11
1570917348, 0, 131, 985, 938, 273, 5.63%, 1, 0, 3, 1990.29
1570917353, 0, 131, 986, 939, 273, 5.63%, 1, 0, 3, 2053.22
1570917379, 0, 131, 988, 941, 273, 5.63%, 1, 0, 3, 2029.07
1570917461, 0, 131, 992, 945, 273, 5.63%, 1, 0, 3, 2008.54
1570917614, 0, 131, 993, 946, 273, 5.63%, 1, 0, 3, 2041.02
1570917696, 0, 131, 995, 948, 273, 5.64%, 1, 0, 3, 1997.43
1570917716, 0, 141, 995, 947, 274, 5.64%, 1, 0, 3, 2296.90
1570917747, 0, 141, 996, 948, 274, 5.64%, 1, 0, 3, 2060.47
1570917859, 0, 141, 997, 949, 274, 5.64%, 1, 0, 3, 2105.24
1570918105, 0, 143, 997, 948, 274, 5.64%, 1, 0, 3, 2317.03
1570918182, 0, 143, 998, 949, 274, 5.64%, 1, 0, 3, 2582.14
1570918198, 0, 143, 999, 950, 274, 5.64%, 1, 0, 3, 2598.95
1570918239, 0, 143, 1000, 951, 274, 5.64%, 1, 0, 3, 2584.55
1570918254, 0, 145, 1000, 950, 275, 5.64%, 1, 0, 3, 2609.35
1570918270, 0, 145, 1001, 951, 275, 5.64%, 1, 0, 3, 2609.94
1570918394, 0, 147, 1001, 950, 275, 5.64%, 1, 0, 3, 2593.74
1570918542, 0, 147, 1002, 951, 275, 5.64%, 1, 0, 3, 2140.61
1570918782, 0, 156, 1002, 950, 274, 5.64%, 1, 0, 3, 2252.49
1570918787, 0, 156, 1003, 951, 274, 5.64%, 1, 0, 3, 2111.77
1570918807, 0, 156, 1004, 952, 274, 5.64%, 1, 0, 3, 2049.78
1570919175, 0, 157, 1004, 951, 274, 5.64%, 1, 0, 3, 2425.64
1570919196, 0, 157, 1015, 962, 274, 5.77%, 1, 0, 3, 2511.80
1570919242, 0, 157, 1016, 963, 274, 5.77%, 1, 0, 3, 2525.42
1570919262, 0, 157, 1017, 964, 274, 5.77%, 1, 0, 3, 2518.33
1570919324, 0, 162, 1017, 963, 286, 5.77%, 1, 0, 3, 2339.23
1570919349, 0, 162, 1022, 968, 286, 5.77%, 1, 0, 3, 2073.65
1570919375, 0, 162, 1023, 969, 286, 5.77%, 1, 0, 3, 2026.64
1570919452, 0, 162, 1024, 970, 286, 5.77%, 1, 0, 3, 2002.02
1570919467, 0, 162, 1025, 971, 286, 5.77%, 1, 0, 3, 2102.59
1570919712, 0, 169, 1025, 970, 286, 5.77%, 1, 0, 3, 2143.95
1570919738, 0, 169, 1027, 972, 286, 5.77%, 1, 0, 3, 2089.69
1570919851, 0, 169, 1028, 973, 286, 5.77%, 1, 0, 3, 2080.08
1570920097, 0, 170, 1028, 972, 287, 5.77%, 1, 0, 3, 2313.45
1570920103, 0, 170, 1029, 973, 287, 5.77%, 1, 0, 3, 2657.12
1570920123, 0, 170, 1030, 974, 287, 5.77%, 1, 0, 3, 2743.19
1570920170, 0, 170, 1033, 977, 287, 5.77%, 1, 0, 3, 2698.09
1570920241, 0, 177, 1033, 976, 285, 5.77%, 1, 0, 3, 2440.91
1570920267, 0, 177, 1035, 978, 285, 5.77%, 1, 0, 3, 2081.22
1570920630, 0, 182, 1035, 977, 285, 5.77%, 1, 0, 3, 2158.64
1570920655, 0, 182, 1037, 979, 285, 5.77%, 1, 0, 3, 2082.21
1570920773, 0, 182, 1038, 980, 285, 5.77%, 1, 0, 3, 2142.43
1570920927, 0, 182, 1039, 981, 285, 5.78%, 1, 0, 3, 2095.64
1570921019, 0, 183, 1039, 980, 284, 5.78%, 1, 0, 3, 2155.25
1570921409, 0, 188, 1039, 979, 283, 5.78%, 1, 0, 3, 2127.30
1570921434, 0, 188, 1042, 982, 283, 5.78%, 1, 0, 3, 2080.74
1570921460, 0, 188, 1046, 986, 283, 5.78%, 1, 0, 3, 2068.73
1570921465, 0, 188, 1047, 987, 283, 5.78%, 1, 0, 3, 2064.55
1570921557, 0, 188, 1048, 988, 283, 5.79%, 1, 0, 3, 2124.63
1570921573, 0, 188, 1049, 989, 283, 5.79%, 1, 0, 3, 2164.45
1570921803, 0, 196, 1049, 988, 288, 5.79%, 1, 0, 3, 2238.41
1570921828, 0, 196, 1051, 990, 288, 5.79%, 1, 0, 3, 2070.92
1570921946, 0, 196, 1052, 991, 288, 5.79%, 1, 0, 3, 2127.23
1570922197, 0, 199, 1052, 990, 289, 5.79%, 1, 0, 3, 2224.19
1570922202, 0, 199, 1053, 991, 289, 5.79%, 1, 0, 3, 2468.39
1570922222, 0, 199, 1054, 992, 289, 5.79%, 1, 0, 3, 2512.01
1570922243, 0, 199, 1056, 994, 289, 5.79%, 1, 0, 3, 2528.44
1570922274, 0, 199, 1060, 998, 289, 5.79%, 1, 0, 3, 2504.37
1570922279, 0, 199, 1062, 1000, 289, 5.79%, 1, 0, 3, 2502.55
1570922351, 0, 199, 1063, 1001, 289, 5.79%, 1, 0, 3, 2497.43
1570922361, 0, 210, 1063, 1000, 290, 5.79%, 1, 0, 3, 2597.31
1570922381, 0, 210, 1064, 1001, 290, 5.79%, 1, 0, 3, 2474.78
1570922407, 0, 210, 1066, 1003, 290, 5.79%, 1, 0, 3, 2511.51
1570922443, 0, 210, 1068, 1005, 290, 5.79%, 1, 0, 3, 2495.71
1570922530, 0, 214, 1068, 1004, 292, 5.79%, 1, 0, 3, 2256.67
1570922581, 0, 214, 1069, 1005, 292, 5.79%, 1, 0, 3, 2054.74
1570922925, 0, 217, 1069, 1004, 291, 5.79%, 1, 0, 3, 2243.84
1570923068, 0, 217, 1070, 1005, 291, 5.79%, 1, 0, 3, 2153.47
1570923324, 0, 221, 1073, 1007, 291, 5.79%, 1, 0, 3, 2450.24
1570923349, 0, 221, 1074, 1008, 291, 5.82%, 1, 0, 3, 2062.10
1570923354, 0, 221, 1078, 1012, 291, 5.83%, 1, 0, 3, 2062.56
1570923416, 0, 221, 1079, 1013, 291, 5.92%, 1, 0, 3, 2088.57
1570923718, 0, 221, 1080, 1014, 291, 5.92%, 1, 0, 3, 2148.94
1570923723, 0, 235, 1080, 1013, 291, 5.92%, 1, 0, 3, 2175.58
1570923749, 0, 235, 1081, 1014, 291, 5.92%, 1, 0, 3, 2088.16
1570923754, 0, 235, 1082, 1015, 291, 5.92%, 1, 0, 3, 2053.88
1570924061, 0, 235, 1084, 1017, 291, 5.92%, 1, 0, 3, 2178.51
1570924122, 0, 242, 1084, 1016, 292, 5.92%, 1, 0, 3, 2107.83
1570924138, 0, 242, 1085, 1017, 292, 5.92%, 1, 0, 3, 2006.38
1570924517, 0, 246, 1085, 1016, 291, 5.92%, 1, 0, 3, 2317.90
1570924604, 0, 246, 1086, 1017, 291, 5.92%, 1, 0, 3, 2070.47
1570924660, 0, 246, 1087, 1018, 291, 5.92%, 1, 0, 3, 2122.32
1570924666, 0, 246, 1088, 1019, 291, 5.92%, 1, 0, 3, 2166.70
1570924915, 0, 249, 1088, 1018, 291, 5.92%, 1, 0, 3, 2307.94
1570925289, 0, 249, 1089, 1019, 291, 5.92%, 1, 0, 3, 2024.07
1570925315, 0, 253, 1089, 1018, 290, 5.92%, 1, 0, 3, 2225.50
1570925340, 0, 253, 1090, 1019, 290, 5.92%, 1, 0, 3, 2018.87
1570925345, 0, 253, 1091, 1020, 290, 5.92%, 1, 0, 3, 2010.07
1570925412, 0, 253, 1092, 1021, 290, 5.92%, 1, 0, 3, 2041.86
1570925458, 0, 253, 1093, 1022, 290, 5.92%, 1, 0, 3, 1974.43
1570925484, 0, 253, 1094, 1023, 290, 5.92%, 1, 0, 3, 2125.13
1570925724, 0, 258, 1094, 1022, 290, 5.92%, 1, 0, 3, 2322.97
1570925749, 0, 258, 1095, 1023, 290, 5.92%, 1, 0, 3, 2342.74
1570925816, 0, 258, 1098, 1026, 290, 5.93%, 1, 0, 3, 2355.79
1570925836, 0, 258, 1099, 1027, 290, 5.93%, 1, 0, 3, 2392.37
1570925938, 0, 259, 1099, 1026, 292, 5.93%, 1, 0, 3, 2473.52
1570925964, 0, 259, 1101, 1028, 292, 5.93%, 1, 0, 3, 2329.38
1570926030, 0, 259, 1102, 1029, 292, 5.93%, 1, 0, 3, 2370.39
1570926152, 0, 259, 1103, 1030, 292, 5.93%, 1, 0, 3, 2376.64
1570926157, 0, 260, 1103, 1029, 291, 5.93%, 1, 0, 3, 2359.72
1570926367, 0, 268, 1103, 1028, 290, 5.93%, 1, 0, 3, 2491.24
1570926388, 0, 268, 1104, 1029, 290, 5.93%, 1, 0, 3, 2121.18
1570926398, 0, 268, 1110, 1035, 290, 5.93%, 1, 0, 3, 2154.03
1570926521, 0, 268, 1112, 1037, 290, 5.93%, 1, 0, 3, 2188.00
1570926537, 0, 268, 1113, 1038, 290, 5.93%, 1, 0, 3, 2130.02
1570926644, 0, 268, 1114, 1039, 290, 5.93%, 1, 0, 3, 2233.50
1570926726, 0, 272, 1116, 1040, 289, 5.93%, 1, 0, 3, 2409.77
1570926818, 0, 272, 1117, 1041, 289, 5.93%, 1, 0, 3, 2377.98
1570926941, 0, 272, 1118, 1042, 289, 5.93%, 1, 0, 3, 2339.27
1570926946, 0, 273, 1119, 1042, 287, 5.93%, 1, 0, 3, 2392.39
1570927044, 0, 273, 1120, 1043, 287, 5.94%, 1, 0, 3, 2363.08
1570927064, 0, 273, 1121, 1044, 287, 5.94%, 1, 0, 3, 2302.91
1570927197, 0, 279, 1121, 1043, 286, 5.94%, 1, 0, 3, 2340.53
1570927361, 0, 279, 1123, 1045, 286, 5.94%, 1, 0, 3, 2147.71
1570927493, 0, 279, 1124, 1046, 286, 5.94%, 1, 0, 3, 2126.20
1570927590, 0, 280, 1124, 1045, 285, 5.94%, 1, 0, 3, 2151.18
1570927651, 0, 280, 1125, 1046, 285, 5.94%, 1, 0, 3, 1988.71
1570927758, 0, 280, 1127, 1048, 285, 5.94%, 1, 0, 3, 2116.10
1570927763, 0, 280, 1128, 1049, 285, 5.94%, 1, 0, 3, 2002.05
1570928003, 0, 281, 1128, 1048, 287, 5.94%, 1, 0, 3, 2167.71
1570928285, 0, 281, 1129, 1049, 287, 5.94%, 1, 0, 3, 2079.44
1570928407, 0, 283, 1129, 1048, 286, 5.94%, 1, 0, 3, 2334.27
1570928428, 0, 283, 1133, 1052, 286, 5.94%, 1, 0, 3, 2344.40
1570928433, 0, 283, 1135, 1054, 286, 5.94%, 1, 0, 3, 2334.62
1570928454, 0, 283, 1136, 1055, 286, 5.94%, 1, 0, 3, 2356.33
1570928479, 0, 283, 1137, 1056, 286, 5.94%, 1, 0, 3, 2335.43
1570928484, 0, 283, 1141, 1060, 286, 5.94%, 1, 0, 3, 2368.14
1570928495, 0, 283, 1142, 1061, 286, 5.94%, 1, 0, 3, 2361.55
1570928500, 0, 283, 1144, 1063, 286, 5.94%, 1, 0, 3, 2395.90
1570928515, 0, 283, 1145, 1064, 286, 5.94%, 1, 0, 3, 2361.74
1570928572, 0, 283, 1146, 1065, 286, 5.95%, 1, 0, 3, 2357.42
1570928577, 0, 283, 1147, 1066, 286, 5.95%, 1, 0, 3, 2405.47
1570928623, 0, 285, 1148, 1066, 286, 5.95%, 1, 0, 3, 2449.32
1570928838, 0, 286, 1148, 1065, 285, 5.95%, 1, 0, 3, 2485.01
1570929059, 0, 288, 1148, 1064, 284, 5.95%, 1, 0, 3, 2241.70
1570929089, 0, 288, 1149, 1065, 284, 5.95%, 1, 0, 3, 1943.37
1570929182, 0, 288, 1150, 1066, 284, 5.95%, 1, 0, 3, 1894.15
1570929212, 0, 288, 1151, 1067, 284, 5.95%, 1, 0, 3, 2067.55
1570929415, 0, 291, 1151, 1066, 284, 5.95%, 1, 0, 3, 2217.39
1570929440, 0, 291, 1152, 1067, 284, 5.95%, 1, 0, 3, 2067.05
1570929824, 0, 300, 1152, 1066, 283, 5.95%, 1, 0, 3, 2191.66
1570929906, 0, 300, 1153, 1067, 283, 5.95%, 1, 0, 3, 2103.13
1570929977, 0, 300, 1154, 1068, 283, 5.95%, 1, 0, 3, 2189.06
1570930198, 0, 302, 1154, 1067, 282, 5.95%, 1, 0, 3, 2197.27
1570930223, 0, 302, 1155, 1068, 282, 5.95%, 1, 0, 3, 2097.67
1570930280, 0, 302, 1157, 1070, 282, 5.95%, 1, 0, 3, 2118.63
1570930341, 0, 302, 1158, 1071, 282, 5.95%, 1, 0, 3, 2139.53
1570930541, 0, 304, 1158, 1070, 281, 5.95%, 1, 0, 3, 2182.81
1570930571, 0, 304, 1159, 1071, 281, 5.95%, 1, 0, 3, 1960.66
1570930633, 0, 304, 1161, 1073, 281, 5.95%, 1, 0, 3, 1919.22
1570930695, 0, 304, 1163, 1075, 281, 5.95%, 1, 0, 3, 2050.79
1570930822, 0, 304, 1164, 1076, 281, 5.95%, 1, 0, 3, 1995.33
1570930908, 0, 312, 1164, 1075, 280, 5.95%, 1, 0, 3, 2207.63
1570931051, 0, 317, 1164, 1074, 279, 5.95%, 1, 0, 3, 2615.04
1570931199, 0, 318, 1164, 1073, 278, 5.95%, 1, 0, 3, 2721.46
1570931338, 0, 319, 1177, 1085, 277, 6.07%, 1, 0, 3, 2788.44
1570931343, 0, 319, 1181, 1089, 277, 6.09%, 1, 0, 3, 2805.57
1570931348, 0, 329, 1184, 1091, 289, 6.09%, 1, 0, 3, 2795.47
1570931762, 0, 331, 1184, 1090, 288, 6.09%, 1, 0, 3, 2242.30
1570931783, 0, 331, 1185, 1091, 288, 6.10%, 1, 0, 3, 2014.96
1570931813, 0, 331, 1186, 1092, 288, 6.10%, 1, 0, 3, 2029.78
1570931891, 0, 331, 1187, 1093, 288, 6.10%, 1, 0, 3, 2029.75
1570932167, 0, 331, 1188, 1094, 288, 6.10%, 1, 0, 3, 2212.61
1570932172, 0, 334, 1188, 1093, 288, 6.10%, 1, 0, 3, 2099.84
1570932193, 0, 334, 1189, 1094, 288, 6.10%, 1, 0, 3, 2003.95
1570932249, 0, 334, 1190, 1095, 288, 6.10%, 1, 0, 3, 2011.09
1570932300, 0, 334, 1191, 1096, 288, 6.10%, 1, 0, 3, 2001.44
1570932545, 0, 334, 1192, 1097, 288, 6.10%, 1, 0, 3, 2003.88
1570932586, 0, 335, 1192, 1096, 287, 6.10%, 1, 0, 3, 2113.61
1570932606, 0, 335, 1194, 1098, 287, 6.10%, 1, 0, 3, 1999.40
1570933000, 0, 336, 1194, 1097, 286, 6.10%, 1, 0, 3, 2086.33
1570933015, 0, 336, 1195, 1098, 286, 6.10%, 1, 0, 3, 1993.76
1570933020, 0, 336, 1196, 1099, 286, 6.10%, 1, 0, 3, 1990.36
1570933076, 0, 336, 1197, 1100, 286, 6.11%, 1, 0, 3, 2003.42
1570933127, 0, 336, 1202, 1105, 286, 6.12%, 1, 0, 3, 2007.94
1570933377, 0, 336, 1203, 1106, 286, 6.12%, 1, 0, 3, 2007.19
1570933412, 0, 337, 1203, 1105, 292, 6.12%, 1, 0, 3, 2133.93
1570933433, 0, 337, 1206, 1108, 292, 6.14%, 1, 0, 3, 1982.27
1570933463, 0, 337, 1207, 1109, 292, 6.14%, 1, 0, 3, 2019.13
1570933545, 0, 337, 1208, 1110, 292, 6.14%, 1, 0, 3, 2003.70
1570933698, 0, 337, 1209, 1111, 292, 6.16%, 1, 0, 3, 2060.31
1570933708, 0, 337, 1210, 1112, 292, 6.17%, 1, 0, 3, 2001.38
1570933790, 0, 337, 1213, 1115, 292, 6.18%, 1, 0, 3, 1992.59
1570933795, 0, 337, 1214, 1116, 292, 6.18%, 1, 0, 3, 1992.85
1570933825, 0, 338, 1215, 1116, 299, 6.18%, 1, 0, 3, 2380.75
1570933851, 0, 338, 1217, 1118, 299, 6.19%, 1, 0, 3, 2045.02
1570933959, 0, 338, 1218, 1119, 299, 6.19%, 1, 0, 3, 1998.86
1570934244, 0, 340, 1218, 1118, 298, 6.19%, 1, 0, 3, 2075.84
1570934259, 0, 340, 1219, 1119, 298, 6.19%, 1, 0, 3, 1977.79
1570934264, 0, 340, 1221, 1121, 298, 6.20%, 1, 0, 3, 1981.00
1570934295, 0, 340, 1223, 1123, 298, 6.20%, 1, 0, 3, 2024.08
1570934331, 0, 340, 1224, 1124, 298, 6.20%, 1, 0, 3, 2018.81
1570934377, 0, 340, 1229, 1129, 298, 6.21%, 1, 0, 3, 1984.09
1570934658, 0, 344, 1229, 1128, 303, 6.21%, 1, 0, 3, 2272.23
1570935027, 0, 350, 1229, 1127, 302, 6.21%, 1, 0, 3, 2192.40
1570935436, 0, 351, 1229, 1126, 301, 6.21%, 1, 0, 3, 2078.07
1570935605, 0, 351, 1230, 1127, 301, 6.21%, 1, 0, 3, 2065.45
1570935856, 0, 355, 1230, 1126, 300, 6.21%, 1, 0, 3, 2177.51
1570935985, 0, 355, 1231, 1127, 300, 6.24%, 1, 0, 3, 2030.12
1570936251, 0, 366, 1231, 1126, 300, 6.24%, 1, 0, 3, 2472.55
1570936256, 0, 367, 1231, 1125, 299, 6.24%, 1, 0, 3, 2677.65
1570936317, 0, 375, 1231, 1124, 298, 6.24%, 1, 0, 3, 2391.43
1570936338, 0, 375, 1232, 1125, 298, 6.24%, 1, 0, 3, 2004.42
1570936343, 0, 375, 1233, 1126, 298, 6.24%, 1, 0, 3, 2072.18
1570936399, 0, 375, 1234, 1127, 298, 6.24%, 1, 0, 3, 2070.71
1570936450, 0, 375, 1243, 1136, 298, 6.30%, 1, 0, 3, 2018.98
1570936700, 0, 375, 1252, 1145, 298, 6.36%, 1, 0, 3, 2010.03
1570936731, 0, 385, 1252, 1144, 306, 6.36%, 1, 0, 3, 2190.48
1570936894, 0, 385, 1254, 1146, 306, 6.36%, 1, 0, 3, 2096.06
1570937129, 0, 397, 1254, 1145, 305, 6.36%, 1, 0, 3, 2283.19
1570937222, 0, 397, 1255, 1146, 305, 6.36%, 1, 0, 3, 2354.41
1570937354, 0, 400, 1255, 1145, 304, 6.36%, 1, 0, 3, 2126.89
1570937380, 0, 400, 1258, 1148, 304, 6.37%, 1, 0, 3, 2004.11
1570937406, 0, 400, 1259, 1149, 304, 6.37%, 1, 0, 3, 1963.37
1570937441, 0, 400, 1260, 1150, 304, 6.37%, 1, 0, 3, 1998.90
1570937447, 0, 400, 1262, 1152, 304, 6.37%, 1, 0, 3, 2026.53
1570937513, 0, 400, 1263, 1153, 304, 6.37%, 1, 0, 3, 2046.94
1570937523, 0, 400, 1264, 1154, 304, 6.37%, 1, 0, 3, 2105.56
1570937774, 0, 405, 1264, 1153, 307, 6.37%, 1, 0, 3, 2455.05
1570937779, 0, 406, 1264, 1152, 306, 6.37%, 1, 0, 3, 2301.11
1570938081, 0, 406, 1265, 1153, 306, 6.37%, 1, 0, 3, 2112.67
1570938188, 0, 435, 1265, 1152, 306, 6.37%, 1, 0, 3, 2220.82
1570938209, 0, 435, 1268, 1155, 306, 6.38%, 1, 0, 3, 1999.84
1570938240, 0, 435, 1269, 1156, 306, 6.38%, 1, 0, 3, 1985.66
1570938317, 0, 435, 1271, 1158, 306, 6.43%, 1, 0, 3, 2012.59
1570938566, 0, 435, 1274, 1161, 306, 6.45%, 1, 0, 3, 2003.90
1570938602, 0, 436, 1274, 1160, 312, 6.45%, 1, 0, 3, 2229.08
1570938623, 0, 436, 1276, 1162, 312, 6.45%, 1, 0, 3, 2017.41
1570938654, 0, 436, 1277, 1163, 312, 6.46%, 1, 0, 3, 2045.03
1570938684, 0, 436, 1279, 1165, 312, 6.46%, 1, 0, 3, 2089.62
1570938715, 0, 436, 1280, 1166, 312, 6.46%, 1, 0, 3, 2011.23
1570938730, 0, 436, 1292, 1178, 312, 6.58%, 1, 0, 3, 2007.76
1570939011, 0, 440, 1292, 1177, 325, 6.58%, 1, 0, 3, 2303.01
1570939037, 0, 440, 1297, 1182, 325, 6.59%, 1, 0, 3, 2011.50
1570939068, 0, 440, 1299, 1184, 325, 6.59%, 1, 0, 3, 2053.37
1570939129, 0, 440, 1300, 1185, 325, 6.59%, 1, 0, 3, 1986.18
1570939145, 0, 440, 1301, 1186, 325, 6.59%, 1, 0, 3, 1992.47
1570939431, 0, 442, 1301, 1185, 327, 6.59%, 1, 0, 3, 2185.14
1570939548, 0, 442, 1302, 1186, 327, 6.59%, 1, 0, 3, 1993.97
1570939845, 0, 443, 1302, 1185, 327, 6.59%, 1, 0, 3, 2247.71
1570939865, 0, 443, 1303, 1186, 327, 6.59%, 1, 0, 3, 1997.18
1570939870, 0, 443, 1305, 1188, 327, 6.61%, 1, 0, 3, 2056.55
1570939926, 0, 443, 1306, 1189, 327, 6.62%, 1, 0, 3, 2039.67
1570939978, 0, 443, 1316, 1199, 327, 6.66%, 1, 0, 3, 2008.70
1570940013, 0, 443, 1317, 1200, 327, 6.66%, 1, 0, 3, 2108.68
1570940257, 0, 444, 1317, 1199, 334, 6.66%, 1, 0, 3, 2307.63
1570940278, 0, 444, 1318, 1200, 334, 6.66%, 1, 0, 3, 2011.46
1570940391, 0, 444, 1319, 1201, 334, 6.67%, 1, 0, 3, 2012.67
1570940672, 0, 445, 1319, 1200, 334, 6.67%, 1, 0, 3, 2118.56
1570940693, 0, 445, 1321, 1202, 334, 6.67%, 1, 0, 3, 2006.69
1570940800, 0, 445, 1323, 1204, 334, 6.67%, 1, 0, 3, 2008.19
1570941051, 0, 445, 1324, 1205, 334, 6.67%, 1, 0, 3, 2004.99
1570941081, 0, 446, 1324, 1204, 335, 6.67%, 1, 0, 3, 2230.82
1570941102, 0, 446, 1325, 1205, 335, 6.67%, 1, 0, 3, 2012.37
1570941107, 0, 446, 1327, 1207, 335, 6.68%, 1, 0, 3, 2038.09
1570941132, 0, 446, 1328, 1208, 335, 6.68%, 1, 0, 3, 2015.15
1570941163, 0, 446, 1329, 1209, 335, 6.68%, 1, 0, 3, 2024.93
1570941215, 0, 446, 1339, 1219, 335, 6.74%, 1, 0, 3, 2032.32
1570941459, 0, 446, 1340, 1220, 335, 6.74%, 1, 0, 3, 2015.78
1570941495, 0, 448, 1340, 1219, 343, 6.74%, 1, 0, 3, 2233.52
1570941515, 0, 448, 1341, 1220, 343, 6.74%, 1, 0, 3, 1985.33
1570941520, 0, 448, 1343, 1222, 343, 6.74%, 1, 0, 3, 2039.54
1570941878, 0, 448, 1345, 1224, 343, 6.74%, 1, 0, 3, 1996.28
1570941914, 0, 450, 1345, 1223, 343, 6.74%, 1, 0, 3, 2153.92
1570941935, 0, 450, 1348, 1226, 343, 6.74%, 1, 0, 3, 1981.34
1570941965, 0, 450, 1350, 1228, 343, 6.76%, 1, 0, 3, 1978.40
1570942032, 0, 450, 1351, 1229, 343, 6.76%, 1, 0, 3, 1973.89
1570942048, 0, 450, 1362, 1240, 343, 6.83%, 1, 0, 3, 1978.10
1570942212, 0, 450, 1364, 1242, 343, 6.83%, 1, 0, 3, 1971.08
1570942299, 0, 450, 1372, 1250, 343, 6.87%, 1, 0, 3, 1969.79
1570942334, 0, 451, 1372, 1249, 348, 6.87%, 1, 0, 3, 2122.48
1570942411, 0, 451, 1373, 1250, 348, 6.87%, 1, 0, 3, 2010.21
1570942467, 0, 451, 1374, 1251, 348, 6.87%, 1, 0, 3, 2017.80
1570942748, 0, 454, 1374, 1250, 349, 6.87%, 1, 0, 3, 2166.32
1570942768, 0, 454, 1375, 1251, 349, 6.87%, 1, 0, 3, 2024.22
1570942881, 0, 454, 1377, 1253, 349, 6.90%, 1, 0, 3, 2013.04
1570943127, 0, 454, 1378, 1254, 349, 6.90%, 1, 0, 3, 2029.15
1570943157, 0, 455, 1378, 1253, 349, 6.90%, 1, 0, 3, 2287.31
1570943177, 0, 455, 1379, 1254, 349, 6.90%, 1, 0, 3, 1981.88
1570943182, 0, 455, 1381, 1256, 349, 6.90%, 1, 0, 3, 1965.00
1570943213, 0, 455, 1382, 1257, 349, 6.90%, 1, 0, 3, 2063.27
1570943239, 0, 455, 1383, 1258, 349, 6.90%, 1, 0, 3, 1994.62
1570943295, 0, 455, 1389, 1264, 349, 6.90%, 1, 0, 3, 1999.90
1570943540, 0, 455, 1395, 1270, 349, 6.90%, 1, 0, 3, 2005.01
1570943576, 0, 458, 1395, 1269, 348, 6.90%, 1, 0, 3, 2111.82
1570943596, 0, 458, 1399, 1273, 348, 6.91%, 1, 0, 3, 1988.76
1570943627, 0, 458, 1400, 1274, 348, 6.91%, 1, 0, 3, 2023.99
1570943709, 0, 458, 1402, 1276, 348, 6.92%, 1, 0, 3, 1956.68
1570943861, 0, 458, 1403, 1277, 348, 6.92%, 1, 0, 3, 2070.74
1570943959, 0, 458, 1404, 1278, 348, 6.93%, 1, 0, 3, 1981.36
1570943994, 0, 460, 1404, 1277, 350, 6.93%, 1, 0, 3, 2077.42
1570944015, 0, 460, 1405, 1278, 350, 6.93%, 1, 0, 3, 1985.94
1570944377, 0, 460, 1406, 1279, 350, 6.93%, 1, 0, 3, 1991.97
1570944408, 0, 467, 1406, 1278, 349, 6.93%, 1, 0, 3, 2308.45
1570944434, 0, 467, 1407, 1279, 349, 6.93%, 1, 0, 3, 2065.61
1570944439, 0, 467, 1408, 1280, 349, 6.93%, 1, 0, 3, 2066.65
1570944470, 0, 467, 1409, 1281, 349, 6.93%, 1, 0, 3, 2033.19
1570944500, 0, 467, 1409, 1281, 349, 6.93%, 2, 0, 3, 2088.34
1570944552, 0, 467, 1411, 1283, 349, 6.94%, 2, 0, 3, 2135.76
1570944557, 0, 467, 1412, 1284, 349, 6.94%, 2, 0, 3, 2164.24
1570944572, 0, 467, 1414, 1286, 349, 6.94%, 2, 0, 3, 2123.08
1570944613, 0, 467, 1415, 1287, 349, 6.94%, 2, 0, 3, 2135.86
1570944710, 0, 467, 1416, 1288, 349, 6.94%, 2, 0, 3, 2166.27
1570944797, 0, 467, 1417, 1289, 349, 6.94%, 2, 0, 3, 2163.88
1570944818, 0, 473, 1419, 1290, 353, 6.94%, 2, 0, 3, 2317.21
1570944843, 0, 473, 1420, 1291, 353, 6.94%, 2, 0, 3, 2055.20
1570944909, 0, 473, 1420, 1291, 353, 6.94%, 3, 0, 3, 2060.44
1570944971, 0, 473, 1421, 1292, 353, 6.94%, 3, 0, 3, 2102.46
1570944986, 0, 473, 1422, 1293, 353, 6.94%, 3, 0, 3, 2127.53
1570945231, 0, 474, 1422, 1292, 353, 6.94%, 3, 0, 3, 2186.88
1570945262, 0, 474, 1423, 1293, 353, 6.94%, 3, 0, 3, 2009.98
1570945375, 0, 474, 1424, 1294, 353, 6.95%, 3, 0, 3, 2128.92
1570945386, 0, 474, 1425, 1295, 353, 6.95%, 3, 0, 3, 2126.90
1570945529, 0, 474, 1425, 1295, 353, 6.95%, 4, 0, 3, 2083.88
1570945642, 0, 475, 1425, 1294, 354, 6.95%, 4, 0, 3, 2246.78
1570945673, 0, 475, 1426, 1295, 354, 6.95%, 4, 0, 3, 2055.49
1570945786, 0, 475, 1427, 1296, 354, 6.95%, 4, 0, 3, 2142.85
1570945801, 0, 475, 1428, 1297, 354, 6.95%, 4, 0, 3, 2114.81
1570945944, 0, 475, 1428, 1297, 354, 6.95%, 5, 0, 3, 2135.08
1570946057, 0, 476, 1428, 1296, 355, 6.95%, 5, 0, 3, 2108.31
1570946083, 0, 476, 1429, 1297, 355, 6.95%, 5, 0, 3, 2080.85
1570946144, 0, 476, 1429, 1297, 355, 6.95%, 6, 0, 3, 2045.99
1570946201, 0, 476, 1430, 1298, 355, 6.95%, 6, 0, 3, 2135.28
1570946211, 0, 476, 1431, 1299, 355, 6.95%, 6, 0, 3, 2126.41
1570946466, 0, 477, 1431, 1298, 356, 6.95%, 6, 0, 3, 2337.97
1570946497, 0, 477, 1432, 1299, 356, 6.95%, 6, 0, 3, 2061.20
1570946559, 0, 477, 1432, 1299, 356, 6.95%, 7, 0, 3, 2062.08
1570946610, 0, 477, 1433, 1300, 356, 6.96%, 7, 0, 3, 2134.17
1570946631, 0, 477, 1434, 1301, 356, 6.96%, 7, 0, 3, 2114.88
1570946881, 0, 478, 1434, 1300, 357, 6.96%, 7, 0, 3, 2143.78
1570946912, 0, 478, 1435, 1301, 357, 6.96%, 7, 0, 3, 2037.15
1570946969, 0, 478, 1435, 1301, 357, 6.96%, 8, 0, 3, 2048.28
1570947025, 0, 478, 1436, 1302, 357, 6.96%, 8, 0, 3, 2126.65
1570947040, 0, 478, 1437, 1303, 357, 6.96%, 8, 0, 3, 2122.65
1570947296, 0, 481, 1437, 1302, 358, 6.96%, 8, 0, 3, 1882.15
1570947327, 0, 481, 1439, 1304, 358, 6.96%, 8, 0, 3, 1780.51
1570947465, 0, 481, 1440, 1305, 358, 6.96%, 8, 0, 3, 1897.71
1570947684, 0, 496, 1440, 1304, 358, 6.96%, 8, 0, 3, 2044.85
1570947853, 0, 496, 1441, 1305, 358, 6.96%, 8, 0, 3, 2375.26
1570947914, 0, 501, 1441, 1304, 357, 6.96%, 8, 0, 3, 2068.65
1570947945, 0, 501, 1443, 1306, 357, 6.96%, 8, 0, 3, 1869.20
1570948012, 0, 501, 1443, 1306, 357, 6.96%, 9, 0, 3, 1867.31
1570948047, 0, 501, 1444, 1307, 357, 6.96%, 9, 0, 3, 1957.36
1570948073, 0, 501, 1445, 1308, 357, 6.96%, 9, 0, 3, 1926.41
1570948277, 0, 520, 1445, 1307, 359, 6.96%, 9, 0, 3, 2108.43
1570948687, 0, 528, 1445, 1306, 358, 6.96%, 9, 0, 3, 2252.25
1570948733, 0, 528, 1446, 1307, 358, 6.96%, 9, 0, 3, 2028.01
1570948779, 0, 528, 1447, 1308, 358, 6.96%, 9, 0, 3, 2052.38
1570948881, 0, 528, 1448, 1309, 358, 6.96%, 9, 0, 3, 1998.99
1570949100, 0, 529, 1448, 1308, 358, 6.96%, 9, 0, 3, 2307.63
1570949325, 0, 530, 1448, 1307, 357, 6.96%, 9, 0, 3, 2498.93
1570949479, 0, 539, 1448, 1306, 356, 6.96%, 9, 0, 3, 2616.49
1570949894, 0, 540, 1448, 1305, 356, 6.96%, 9, 0, 3, 2099.31
1570949919, 0, 540, 1450, 1307, 356, 6.96%, 9, 0, 3, 2017.01
1570949986, 0, 540, 1451, 1308, 356, 6.96%, 9, 0, 3, 2113.15
1570950201, 0, 540, 1452, 1309, 356, 6.96%, 9, 0, 3, 2101.38
1570950288, 0, 540, 1453, 1310, 356, 6.96%, 9, 0, 3, 2017.60
1570950313, 0, 544, 1453, 1309, 356, 6.96%, 9, 0, 3, 2303.70
1570950339, 0, 544, 1455, 1311, 356, 6.96%, 9, 0, 3, 2319.04
1570950365, 0, 544, 1456, 1312, 356, 6.96%, 9, 0, 3, 2322.74
1570950533, 0, 548, 1456, 1311, 355, 6.96%, 9, 0, 3, 2467.76
1570950539, 0, 565, 1458, 1312, 356, 6.97%, 9, 0, 3, 2537.68
1570950765, 0, 570, 1458, 1311, 355, 6.97%, 9, 0, 3, 2751.35
1570950821, 0, 588, 1458, 1310, 354, 6.97%, 9, 0, 3, 2840.68
1570950826, 0, 591, 1458, 1309, 353, 6.97%, 9, 0, 3, 2795.13
1570950831, 0, 592, 1458, 1308, 352, 6.97%, 9, 0, 3, 2766.36
1570950846, 0, 596, 1458, 1307, 350, 6.97%, 9, 0, 3, 2805.06
1570950908, 0, 596, 1459, 1308, 350, 6.97%, 9, 0, 3, 2849.00
1570950913, 0, 605, 1460, 1308, 350, 6.97%, 9, 0, 3, 2768.16
1570950944, 0, 605, 1461, 1309, 350, 6.98%, 9, 0, 3, 1697.76
1570950949, 0, 605, 1471, 1319, 350, 6.99%, 9, 0, 3, 1744.48
1570950980, 0, 605, 1473, 1321, 350, 6.99%, 9, 0, 3, 1740.03
1570950985, 0, 605, 1475, 1323, 350, 6.99%, 9, 0, 3, 1729.63
1570951056, 0, 605, 1476, 1324, 350, 6.99%, 9, 0, 3, 1748.80
1570951061, 0, 605, 1478, 1326, 350, 7.00%, 9, 0, 3, 1828.14
1570951067, 0, 605, 1480, 1328, 350, 7.00%, 9, 0, 3, 1865.04
1570951072, 0, 605, 1481, 1329, 350, 7.00%, 9, 0, 3, 1821.08
1570951087, 0, 605, 1485, 1333, 350, 7.00%, 9, 0, 3, 1837.91
1570951280, 0, 605, 1486, 1334, 350, 7.01%, 9, 0, 3, 1894.21
1570951305, 0, 617, 1486, 1333, 358, 7.01%, 9, 0, 3, 2299.27
1570951310, 0, 617, 1487, 1334, 358, 7.01%, 9, 0, 3, 2405.64
1570951316, 0, 617, 1488, 1335, 358, 7.01%, 9, 0, 3, 2422.09
1570951341, 0, 617, 1489, 1336, 358, 7.01%, 9, 0, 3, 2469.53
1570951387, 0, 617, 1490, 1337, 358, 7.01%, 9, 0, 3, 2463.98
1570951453, 0, 633, 1490, 1333, 353, 7.01%, 9, 0, 3, 2702.05
1570951458, 0, 634, 1490, 1332, 352, 7.01%, 9, 0, 3, 2840.14
1570951463, 0, 635, 1491, 1332, 351, 7.03%, 9, 0, 4, 2818.17
1570951468, 0, 637, 1494, 1333, 352, 7.04%, 9, 0, 4, 2813.60
1570951473, 0, 637, 1495, 1334, 352, 7.05%, 9, 0, 4, 2909.12
1570951478, 0, 639, 1497, 1335, 354, 7.05%, 9, 0, 4, 2844.90
1570951484, 0, 640, 1498, 1335, 354, 7.05%, 9, 0, 4, 2857.22
1570951489, 0, 641, 1498, 1334, 354, 7.05%, 9, 0, 4, 2800.57
1570951494, 0, 643, 1507, 1341, 358, 7.11%, 9, 0, 4, 2711.76
1570951499, 0, 646, 1508, 1341, 360, 7.11%, 9, 0, 4, 2740.58
1570951561, 0, 650, 1508, 1340, 359, 7.11%, 9, 0, 4, 2212.93
1570951586, 0, 650, 1509, 1341, 359, 7.11%, 9, 0, 4, 1973.90
1570951689, 0, 650, 1510, 1342, 359, 7.12%, 9, 0, 4, 2022.22
1570951826, 0, 650, 1511, 1343, 359, 7.12%, 9, 0, 4, 2038.70
1570951913, 0, 669, 1511, 1342, 360, 7.12%, 9, 0, 4, 2439.34
1570952006, 0, 671, 1513, 1343, 359, 7.12%, 9, 0, 4, 2534.17
1570952026, 0, 671, 1525, 1355, 359, 7.12%, 9, 0, 4, 2420.29
1570952031, 0, 671, 1535, 1365, 359, 7.12%, 9, 0, 4, 2420.76
1570952052, 0, 671, 1546, 1376, 359, 7.14%, 9, 0, 4, 2430.12
1570952078, 0, 671, 1548, 1378, 359, 7.14%, 9, 0, 4, 2403.13
1570952088, 0, 671, 1550, 1380, 359, 7.14%, 9, 0, 4, 2432.97
1570952093, 0, 671, 1554, 1384, 359, 7.14%, 9, 0, 4, 2442.02
1570952098, 0, 671, 1555, 1385, 359, 7.14%, 9, 0, 4, 2444.27
1570952103, 0, 671, 1559, 1389, 359, 7.14%, 9, 0, 4, 2441.02
1570952108, 0, 671, 1560, 1390, 359, 7.14%, 9, 0, 4, 2446.24
1570952185, 0, 671, 1561, 1391, 359, 7.14%, 9, 0, 4, 2428.10
1570952195, 0, 675, 1561, 1390, 368, 7.14%, 9, 0, 4, 2562.98
1570952220, 0, 675, 1562, 1391, 368, 7.14%, 9, 0, 4, 2393.63
1570952277, 0, 675, 1563, 1392, 368, 7.14%, 9, 0, 4, 2403.31
1570952384, 0, 681, 1563, 1391, 367, 7.14%, 9, 0, 4, 2534.56
1570952419, 0, 681, 1564, 1392, 367, 7.14%, 9, 0, 4, 2576.97
1570952500, 0, 681, 1565, 1393, 367, 7.14%, 9, 0, 4, 2609.30
1570952521, 0, 697, 1565, 1392, 367, 7.14%, 9, 0, 4, 2312.68
1570952930, 0, 709, 1565, 1391, 366, 7.14%, 9, 0, 4, 2132.94
1570952956, 0, 709, 1575, 1401, 366, 7.14%, 9, 0, 4, 2012.00
1570952961, 0, 709, 1576, 1402, 366, 7.14%, 9, 0, 4, 1988.77
1570953095, 0, 709, 1577, 1403, 366, 7.14%, 9, 0, 4, 2080.07
1570953100, 0, 709, 1578, 1404, 366, 7.14%, 9, 0, 4, 2097.24
1570953351, 0, 710, 1578, 1403, 364, 7.14%, 9, 0, 4, 2383.56
1570953371, 0, 710, 1580, 1405, 364, 7.15%, 9, 0, 4, 2440.27
1570953560, 0, 711, 1580, 1404, 364, 7.15%, 9, 0, 4, 2583.81
1570953693, 0, 712, 1580, 1403, 363, 7.15%, 9, 0, 4, 2658.47
1570953822, 0, 714, 1580, 1402, 362, 7.15%, 9, 0, 4, 2698.79
1570953960, 0, 715, 1580, 1401, 361, 7.15%, 9, 0, 4, 2582.99
1570954098, 0, 716, 1580, 1400, 360, 7.15%, 9, 0, 4, 2492.10
1570954307, 0, 717, 1582, 1401, 359, 7.15%, 9, 0, 4, 2231.38
1570954333, 0, 717, 1587, 1406, 359, 7.15%, 9, 0, 4, 2080.97
1570954338, 0, 717, 1588, 1407, 359, 7.15%, 9, 0, 4, 2035.71
1570954364, 0, 717, 1589, 1408, 359, 7.15%, 9, 0, 4, 2062.57
1570954716, 0, 722, 1589, 1407, 360, 7.15%, 9, 0, 4, 2309.63
1570954742, 0, 722, 1593, 1411, 360, 7.15%, 9, 0, 4, 2050.89
1570954747, 0, 722, 1594, 1412, 360, 7.15%, 9, 0, 4, 2067.24
1570955023, 0, 722, 1595, 1413, 360, 7.15%, 9, 0, 4, 2076.49
1570955130, 0, 728, 1596, 1413, 359, 7.15%, 9, 0, 4, 2219.67
1570955156, 0, 728, 1601, 1418, 359, 7.15%, 9, 0, 4, 2069.64
1570955535, 0, 729, 1603, 1419, 360, 7.16%, 9, 0, 4, 2195.23
1570955560, 0, 729, 1608, 1424, 360, 7.16%, 9, 0, 4, 2067.27
1570955566, 0, 729, 1609, 1425, 360, 7.17%, 9, 0, 4, 2034.40
1570955591, 0, 729, 1610, 1426, 360, 7.17%, 9, 0, 4, 2085.67
1570955627, 0, 729, 1612, 1428, 360, 7.17%, 9, 0, 4, 2144.43
1570955948, 0, 741, 1612, 1427, 362, 7.17%, 9, 0, 4, 2122.17
1570955974, 0, 741, 1617, 1432, 362, 7.17%, 9, 0, 4, 2069.34
1570956357, 0, 745, 1617, 1431, 362, 7.17%, 9, 0, 4, 2115.53
1570956383, 0, 745, 1622, 1436, 362, 7.17%, 9, 0, 4, 2060.31
1570956761, 0, 746, 1622, 1435, 362, 7.17%, 9, 0, 4, 2273.21
1570956787, 0, 746, 1626, 1439, 362, 7.17%, 9, 0, 4, 2041.78
1570956792, 0, 746, 1627, 1440, 362, 7.17%, 9, 0, 4, 2040.98
1570957169, 0, 747, 1627, 1439, 362, 7.17%, 9, 0, 4, 2181.60
1570957195, 0, 747, 1632, 1444, 362, 7.17%, 9, 0, 4, 2035.43
1570957578, 0, 748, 1633, 1444, 362, 7.17%, 9, 0, 4, 2141.29
1570957604, 0, 748, 1638, 1449, 362, 7.17%, 9, 0, 4, 2066.17
1570957987, 0, 749, 1638, 1448, 362, 7.17%, 9, 0, 4, 2113.48
1570958007, 0, 749, 1639, 1449, 362, 7.17%, 9, 0, 4, 2012.98
1570958013, 0, 749, 1643, 1453, 362, 7.17%, 9, 0, 4, 2049.38
1570958391, 0, 750, 1643, 1452, 362, 7.17%, 9, 0, 4, 2211.33
1570958417, 0, 750, 1648, 1457, 362, 7.17%, 9, 0, 4, 2064.61
1570958796, 0, 766, 1648, 1456, 362, 7.17%, 9, 0, 4, 2242.72
1570958801, 0, 766, 1649, 1457, 362, 7.17%, 9, 0, 4, 2681.08
1570958806, 0, 768, 1649, 1456, 362, 7.17%, 9, 0, 4, 2709.29
1570958811, 0, 768, 1650, 1457, 362, 7.17%, 9, 0, 4, 2674.13
1570958821, 0, 768, 1651, 1458, 362, 7.18%, 9, 0, 4, 2680.65
1570958924, 0, 770, 1651, 1457, 361, 7.18%, 9, 0, 4, 2705.62
1570959052, 0, 771, 1651, 1456, 360, 7.18%, 9, 0, 4, 2531.69
1570959190, 0, 774, 1651, 1455, 359, 7.18%, 9, 0, 4, 2637.43
1570959283, 0, 797, 1651, 1454, 358, 7.18%, 9, 0, 4, 2427.92
1570959303, 0, 797, 1652, 1455, 358, 7.18%, 9, 0, 4, 2002.50
1570959370, 0, 797, 1653, 1456, 358, 7.18%, 9, 0, 4, 2029.85
1570959681, 0, 811, 1653, 1455, 358, 7.18%, 9, 0, 4, 2095.40
1570959707, 0, 811, 1654, 1456, 358, 7.18%, 9, 0, 4, 2073.80
1570959769, 0, 811, 1654, 1456, 358, 7.18%, 10, 0, 4, 2037.04
1570959820, 0, 811, 1655, 1457, 358, 7.18%, 10, 0, 4, 2112.34
1570959845, 0, 811, 1656, 1458, 358, 7.18%, 10, 0, 4, 2075.38
1570960080, 0, 814, 1656, 1457, 360, 7.18%, 10, 0, 4, 2231.87
1570960472, 0, 825, 1657, 1457, 359, 7.18%, 10, 0, 4, 2178.40
1570960887, 0, 827, 1657, 1456, 358, 7.18%, 10, 0, 4, 1879.78
1570961015, 0, 827, 1658, 1457, 358, 7.18%, 10, 0, 4, 1670.17
1570961259, 0, 830, 1658, 1456, 358, 7.18%, 10, 0, 4, 2257.39
1570961275, 0, 830, 1659, 1457, 358, 7.18%, 10, 0, 4, 2313.66
1570961510, 0, 832, 1659, 1456, 357, 7.18%, 10, 0, 4, 2261.25
1570961536, 0, 832, 1660, 1457, 357, 7.18%, 10, 0, 4, 2071.38
1570961920, 0, 845, 1660, 1456, 357, 7.18%, 10, 0, 4, 2228.90
1570961940, 0, 845, 1661, 1457, 357, 7.18%, 10, 0, 4, 1974.48
1570961945, 0, 845, 1662, 1458, 357, 7.19%, 10, 0, 4, 2040.46
1570962058, 0, 845, 1664, 1460, 357, 7.19%, 10, 0, 4, 1987.09
1570962339, 0, 848, 1664, 1459, 359, 7.19%, 10, 0, 4, 2312.89
1570962364, 0, 848, 1666, 1461, 359, 7.20%, 10, 0, 4, 2024.92
1570962395, 0, 848, 1668, 1463, 359, 7.20%, 10, 0, 4, 2056.14
1570962420, 0, 848, 1669, 1464, 359, 7.21%, 10, 0, 4, 1986.52
1570962476, 0, 848, 1672, 1467, 359, 7.22%, 10, 0, 4, 1984.68
1570962727, 0, 848, 1673, 1468, 359, 7.22%, 10, 0, 4, 2006.58
1570962757, 0, 849, 1673, 1467, 364, 7.22%, 10, 0, 4, 2163.70
1570962778, 0, 849, 1674, 1468, 364, 7.22%, 10, 0, 4, 1996.20
1570963170, 0, 850, 1674, 1467, 363, 7.22%, 10, 0, 4, 2277.27
1570963559, 0, 850, 1675, 1468, 363, 7.22%, 10, 0, 4, 2001.31
1570963590, 0, 853, 1675, 1467, 362, 7.22%, 10, 0, 4, 2138.34
1570963610, 0, 853, 1676, 1468, 362, 7.22%, 10, 0, 4, 1997.52
1570964003, 0, 856, 1676, 1467, 361, 7.22%, 10, 0, 4, 2179.06
1570964023, 0, 856, 1677, 1468, 361, 7.22%, 10, 0, 4, 1964.41
1570964141, 0, 856, 1678, 1469, 361, 7.22%, 10, 0, 4, 1986.21
1570964172, 0, 856, 1679, 1470, 361, 7.22%, 10, 0, 4, 2107.47
1570964335, 0, 856, 1680, 1471, 361, 7.23%, 10, 0, 4, 2000.98
1570964391, 0, 856, 1682, 1473, 361, 7.23%, 10, 0, 4, 1962.02
1570964422, 0, 860, 1682, 1472, 364, 7.23%, 10, 0, 4, 2127.38
1570964442, 0, 860, 1683, 1473, 364, 7.23%, 10, 0, 4, 1983.61
1570964805, 0, 860, 1685, 1475, 364, 7.23%, 10, 0, 4, 1964.11
1570964836, 0, 861, 1685, 1474, 364, 7.23%, 10, 0, 4, 2264.35
1570964862, 0, 861, 1686, 1475, 364, 7.23%, 10, 0, 4, 2052.65
1570965250, 0, 864, 1686, 1474, 364, 7.23%, 10, 0, 4, 2143.04
1570965271, 0, 864, 1687, 1475, 364, 7.23%, 10, 0, 4, 1997.64
1570965664, 0, 865, 1687, 1474, 363, 7.23%, 10, 0, 4, 2138.33
1570965685, 0, 865, 1688, 1475, 363, 7.23%, 10, 0, 4, 1999.65
1570965690, 0, 865, 1689, 1476, 363, 7.23%, 10, 0, 4, 2061.38
1570965716, 0, 865, 1690, 1477, 363, 7.23%, 10, 0, 4, 2027.37
1570965721, 0, 865, 1691, 1478, 363, 7.23%, 10, 0, 4, 2056.63
1570965829, 0, 865, 1694, 1481, 363, 7.23%, 10, 0, 4, 2113.56
1570966079, 0, 866, 1694, 1480, 364, 7.23%, 10, 0, 4, 2221.07
1570966099, 0, 866, 1695, 1481, 364, 7.23%, 10, 0, 4, 2008.52
1570966492, 0, 867, 1695, 1480, 363, 7.23%, 10, 0, 4, 2336.57
1570966518, 0, 867, 1696, 1481, 363, 7.23%, 10, 0, 4, 2021.62
1570966912, 0, 871, 1696, 1480, 363, 7.23%, 10, 0, 4, 2182.60
1570966932, 0, 871, 1697, 1481, 363, 7.23%, 10, 0, 4, 1981.95
1570967040, 0, 871, 1698, 1482, 363, 7.23%, 10, 0, 4, 1934.62
1570967331, 0, 879, 1698, 1481, 363, 7.23%, 10, 0, 4, 2140.11
1570967351, 0, 879, 1701, 1484, 363, 7.23%, 10, 0, 4, 1966.84
1570967459, 0, 879, 1702, 1485, 363, 7.23%, 10, 0, 4, 1985.03
1570967750, 0, 888, 1702, 1484, 364, 7.23%, 10, 0, 4, 2091.49
1570967771, 0, 888, 1703, 1485, 364, 7.23%, 10, 0, 4, 2013.90
1570967879, 0, 888, 1704, 1486, 364, 7.24%, 10, 0, 4, 1996.69
1570968160, 0, 889, 1704, 1485, 363, 7.24%, 10, 0, 4, 2262.17
1570968181, 0, 889, 1705, 1486, 363, 7.24%, 10, 0, 4, 2001.60
1570968186, 0, 889, 1706, 1487, 363, 7.24%, 10, 0, 4, 2055.17
1570968538, 0, 889, 1707, 1488, 363, 7.24%, 10, 0, 4, 2005.04
1570968574, 0, 898, 1707, 1487, 363, 7.24%, 10, 0, 4, 2274.75
1570968692, 0, 898, 1708, 1488, 363, 7.24%, 10, 0, 4, 1985.61
1570968708, 0, 898, 1710, 1490, 363, 7.24%, 10, 0, 4, 1979.73
1570968993, 0, 902, 1710, 1489, 363, 7.24%, 10, 0, 4, 2139.99
1570969014, 0, 902, 1711, 1490, 363, 7.24%, 10, 0, 4, 1965.72
1570969127, 0, 902, 1712, 1491, 363, 7.24%, 10, 0, 4, 1982.93
1570969412, 0, 904, 1712, 1490, 362, 7.24%, 10, 0, 4, 2176.90
1570969433, 0, 904, 1713, 1491, 362, 7.24%, 10, 0, 4, 1959.30
1570969832, 0, 909, 1713, 1490, 361, 7.24%, 10, 0, 4, 2131.56
1570969960, 0, 909, 1714, 1491, 361, 7.24%, 10, 0, 4, 1979.22
1570970251, 0, 910, 1714, 1490, 360, 7.24%, 10, 0, 4, 2113.44
1570970266, 0, 910, 1715, 1491, 360, 7.24%, 10, 0, 4, 1987.33
1570970271, 0, 910, 1719, 1495, 360, 7.25%, 10, 0, 4, 1987.26
1570970302, 0, 910, 1721, 1497, 360, 7.25%, 10, 0, 4, 2021.68
1570970379, 0, 910, 1723, 1499, 360, 7.27%, 10, 0, 4, 1967.93
1570970670, 0, 917, 1723, 1498, 361, 7.27%, 10, 0, 4, 2092.76
1570970685, 0, 917, 1724, 1499, 361, 7.27%, 10, 0, 4, 1999.51
1570970798, 0, 917, 1725, 1500, 361, 7.30%, 10, 0, 4, 1970.75
1570971048, 0, 917, 1726, 1501, 361, 7.30%, 10, 0, 4, 1995.52
1570971083, 0, 919, 1726, 1500, 361, 7.30%, 10, 0, 4, 2190.15
1570971104, 0, 919, 1727, 1501, 361, 7.30%, 10, 0, 4, 2006.96
1570971135, 0, 919, 1728, 1502, 361, 7.31%, 10, 0, 4, 2000.91
1570971497, 0, 920, 1728, 1501, 361, 7.31%, 10, 0, 4, 2336.57
1570971518, 0, 920, 1729, 1502, 361, 7.31%, 10, 0, 4, 1989.68
1570971523, 0, 920, 1730, 1503, 361, 7.31%, 10, 0, 4, 2011.43
1570971916, 0, 922, 1730, 1502, 360, 7.31%, 10, 0, 4, 2181.26
1570971936, 0, 922, 1731, 1503, 360, 7.31%, 10, 0, 4, 2000.53
1570971967, 0, 922, 1732, 1504, 360, 7.31%, 10, 0, 4, 2006.44
1570972334, 0, 923, 1732, 1503, 360, 7.31%, 10, 0, 4, 2153.53
1570972355, 0, 923, 1733, 1504, 360, 7.31%, 10, 0, 4, 1987.59
1570972749, 0, 924, 1733, 1503, 360, 7.31%, 10, 0, 4, 2265.67
1570972769, 0, 924, 1734, 1504, 360, 7.31%, 10, 0, 4, 1982.68
1570973133, 0, 924, 1735, 1505, 360, 7.31%, 10, 0, 4, 1981.87
1570973168, 0, 925, 1735, 1504, 361, 7.31%, 10, 0, 4, 2284.37
1570973189, 0, 925, 1736, 1505, 361, 7.31%, 10, 0, 4, 1992.38
1570973587, 0, 926, 1736, 1504, 360, 7.31%, 10, 0, 4, 2228.20
1570973608, 0, 926, 1737, 1505, 360, 7.31%, 10, 0, 4, 1971.20
1570973720, 0, 926, 1738, 1506, 360, 7.32%, 10, 0, 4, 1993.77
1570974006, 0, 927, 1739, 1506, 362, 7.34%, 10, 0, 4, 2293.70
1570974027, 0, 927, 1740, 1507, 362, 7.34%, 10, 0, 4, 1979.40
1570974425, 0, 928, 1740, 1506, 361, 7.34%, 10, 0, 4, 2146.08
1570974445, 0, 928, 1741, 1507, 361, 7.34%, 10, 0, 4, 1990.80
1570974839, 0, 929, 1741, 1506, 361, 7.34%, 10, 0, 4, 2210.43
1570974860, 0, 929, 1742, 1507, 361, 7.34%, 10, 0, 4, 1978.40
1570974972, 0, 929, 1744, 1509, 361, 7.35%, 10, 0, 4, 1994.31
1570975228, 0, 929, 1745, 1510, 361, 7.35%, 10, 0, 4, 1985.48
1570975258, 0, 930, 1745, 1509, 363, 7.35%, 10, 0, 4, 2319.77
1570975278, 0, 930, 1746, 1510, 363, 7.35%, 10, 0, 4, 1988.50
1570975314, 0, 930, 1748, 1512, 363, 7.39%, 10, 0, 4, 2058.27
1570975391, 0, 930, 1750, 1514, 363, 7.39%, 10, 0, 4, 1982.46
1570975642, 0, 930, 1751, 1515, 363, 7.40%, 10, 0, 4, 1997.43
1570975677, 0, 932, 1751, 1514, 367, 7.40%, 10, 0, 4, 2193.11
1570975698, 0, 932, 1752, 1515, 367, 7.40%, 10, 0, 4, 1987.48
1570976096, 0, 933, 1752, 1514, 367, 7.40%, 10, 0, 4, 2155.76
1570976116, 0, 933, 1753, 1515, 367, 7.40%, 10, 0, 4, 1950.99
1570976177, 0, 933, 1754, 1516, 367, 7.40%, 10, 0, 4, 2042.66
1570976474, 0, 933, 1755, 1517, 367, 7.40%, 10, 0, 4, 1993.65
1570976515, 0, 934, 1755, 1516, 368, 7.40%, 10, 0, 4, 2086.92
1570976530, 0, 934, 1756, 1517, 368, 7.40%, 10, 0, 4, 1986.14
1570976643, 0, 934, 1757, 1518, 368, 7.40%, 10, 0, 4, 1991.70
1570976894, 0, 934, 1758, 1519, 368, 7.40%, 10, 0, 4, 1966.59
1570976935, 0, 935, 1758, 1518, 367, 7.40%, 10, 0, 4, 2074.86
1570976950, 0, 935, 1759, 1519, 367, 7.40%, 10, 0, 4, 1966.63
1570977063, 0, 935, 1760, 1520, 367, 7.40%, 10, 0, 4, 2003.21
1570977349, 0, 936, 1760, 1519, 366, 7.40%, 10, 0, 4, 2249.32
1570977369, 0, 936, 1761, 1520, 366, 7.40%, 10, 0, 4, 1967.64
1570977767, 0, 937, 1761, 1519, 365, 7.40%, 10, 0, 4, 2173.69
1570977788, 0, 937, 1762, 1520, 365, 7.40%, 10, 0, 4, 1978.53
1570978182, 0, 938, 1762, 1519, 365, 7.40%, 10, 0, 4, 2281.24
1570978202, 0, 938, 1763, 1520, 365, 7.40%, 10, 0, 4, 1993.78
1570978601, 0, 939, 1763, 1519, 365, 7.40%, 10, 0, 4, 2219.88
1570978621, 0, 939, 1764, 1520, 365, 7.40%, 10, 0, 4, 1992.69
1570979020, 0, 941, 1764, 1519, 364, 7.40%, 10, 0, 4, 2117.31
1570979040, 0, 941, 1765, 1520, 364, 7.40%, 10, 0, 4, 1982.19
1570979438, 0, 946, 1765, 1519, 363, 7.40%, 10, 0, 4, 2151.43
1570979459, 0, 946, 1766, 1520, 363, 7.40%, 10, 0, 4, 1969.72
1570979469, 0, 946, 1767, 1521, 363, 7.40%, 10, 0, 4, 1999.66
1570979821, 0, 946, 1768, 1522, 363, 7.41%, 10, 0, 4, 1985.62
1570979857, 0, 947, 1768, 1521, 363, 7.41%, 10, 0, 4, 2111.07
1570979872, 0, 947, 1769, 1522, 363, 7.41%, 10, 0, 4, 1979.12
1570979882, 0, 947, 1770, 1523, 363, 7.41%, 10, 0, 4, 2060.67
1570980235, 0, 947, 1771, 1524, 363, 7.41%, 10, 0, 4, 1991.88
1570980271, 0, 948, 1771, 1523, 363, 7.41%, 10, 0, 4, 2303.92
1570980291, 0, 948, 1772, 1524, 363, 7.41%, 10, 0, 4, 1988.94
1570980302, 0, 948, 1773, 1525, 363, 7.41%, 10, 0, 4, 2037.86
1570980655, 0, 948, 1774, 1526, 363, 7.41%, 10, 0, 4, 1998.86
1570980691, 0, 949, 1774, 1525, 364, 7.41%, 10, 0, 4, 2203.06
1570980711, 0, 949, 1775, 1526, 364, 7.41%, 10, 0, 4, 1972.51
1570980721, 0, 949, 1776, 1527, 364, 7.41%, 10, 0, 4, 2021.03
1570980773, 0, 949, 1777, 1528, 364, 7.41%, 10, 0, 4, 2000.51
1570981075, 0, 949, 1778, 1529, 364, 7.41%, 10, 0, 4, 1985.01
1570981111, 0, 950, 1778, 1528, 364, 7.41%, 10, 0, 4, 2190.48
1570981131, 0, 950, 1779, 1529, 364, 7.41%, 10, 0, 4, 1961.55
1570981142, 0, 950, 1780, 1530, 364, 7.41%, 10, 0, 4, 2014.09
1570981162, 0, 950, 1781, 1531, 364, 7.41%, 10, 0, 4, 1971.54
1570981530, 0, 956, 1781, 1530, 364, 7.41%, 10, 0, 4, 2162.16
1570981551, 0, 956, 1787, 1536, 364, 7.41%, 10, 0, 4, 1976.80
1570981582, 0, 956, 1790, 1539, 364, 7.41%, 10, 0, 4, 1982.84
1570981612, 0, 956, 1792, 1541, 364, 7.41%, 10, 0, 4, 1999.72
1570981664, 0, 956, 1813, 1562, 364, 7.41%, 11, 0, 4, 1959.92
1570981914, 0, 956, 1817, 1566, 364, 7.41%, 11, 0, 4, 1968.10
1570981950, 0, 958, 1817, 1565, 365, 7.41%, 11, 0, 4, 2251.41
1570981970, 0, 958, 1819, 1567, 365, 7.41%, 11, 0, 4, 1993.47
1570982001, 0, 958, 1820, 1568, 365, 7.42%, 11, 0, 4, 1984.46
1570982083, 0, 958, 1824, 1572, 365, 7.43%, 11, 0, 4, 2000.01
1570982241, 0, 958, 1825, 1573, 365, 7.43%, 11, 0, 4, 2021.70
1570982369, 0, 961, 1825, 1572, 365, 7.43%, 11, 0, 4, 2224.23
1570982788, 0, 963, 1825, 1571, 365, 7.43%, 11, 0, 4, 2174.93
1570982809, 0, 963, 1826, 1572, 365, 7.43%, 11, 0, 4, 1989.46
1570983074, 0, 963, 1827, 1573, 365, 7.43%, 11, 0, 4, 2071.56
1570983171, 0, 963, 1828, 1574, 365, 7.43%, 11, 0, 4, 2000.16
1570983206, 0, 964, 1828, 1573, 365, 7.43%, 11, 0, 4, 2116.92
1570983222, 0, 964, 1829, 1574, 365, 7.43%, 11, 0, 4, 1986.32
1570983257, 0, 964, 1830, 1575, 365, 7.43%, 11, 0, 4, 1973.04
1570983339, 0, 964, 1831, 1576, 365, 7.43%, 11, 0, 4, 1985.37
1570983493, 0, 964, 1832, 1577, 365, 7.43%, 11, 0, 4, 2068.06
1570983554, 0, 964, 1833, 1578, 365, 7.43%, 11, 0, 4, 2103.26
1570983626, 0, 965, 1833, 1577, 364, 7.43%, 11, 0, 4, 2096.86
1570983641, 0, 965, 1834, 1578, 364, 7.43%, 11, 0, 4, 1970.48
1570983911, 0, 965, 1835, 1579, 364, 7.43%, 11, 0, 4, 2067.42
1570984044, 0, 969, 1835, 1578, 363, 7.43%, 11, 0, 4, 2141.18
1570984065, 0, 969, 1836, 1579, 363, 7.43%, 11, 0, 4, 1982.72
1570984330, 0, 969, 1837, 1580, 363, 7.43%, 11, 0, 4, 2097.26
1570984463, 0, 970, 1837, 1579, 363, 7.43%, 11, 0, 4, 2129.79
1570984483, 0, 970, 1838, 1580, 363, 7.43%, 11, 0, 4, 1975.79
1570984514, 0, 970, 1839, 1581, 363, 7.44%, 12, 0, 4, 1986.63
1570984545, 0, 970, 1840, 1582, 363, 7.44%, 12, 0, 4, 2051.66
1570984596, 0, 970, 1843, 1585, 363, 7.45%, 12, 0, 4, 1991.70
1570984749, 0, 970, 1844, 1586, 363, 7.45%, 12, 0, 4, 2087.02
1570984846, 0, 970, 1845, 1587, 363, 7.45%, 12, 0, 4, 1995.27
1570984882, 0, 974, 1845, 1586, 365, 7.45%, 12, 0, 4, 2074.05
1570984903, 0, 974, 1848, 1589, 365, 7.45%, 12, 0, 4, 1955.09
1570984934, 0, 974, 1849, 1590, 365, 7.45%, 12, 0, 4, 1976.93
1570984964, 0, 974, 1850, 1591, 365, 7.45%, 12, 0, 4, 2008.25
1570985015, 0, 974, 1856, 1597, 365, 7.45%, 12, 0, 4, 1968.56
1570985270, 0, 974, 1860, 1601, 365, 7.45%, 12, 0, 4, 1964.43
1570985305, 0, 976, 1860, 1600, 365, 7.45%, 12, 0, 4, 2244.92
1570985423, 0, 976, 1861, 1601, 365, 7.45%, 12, 0, 4, 1996.18
1570985719, 0, 986, 1861, 1600, 365, 7.45%, 12, 0, 4, 2160.75
1570985740, 0, 986, 1862, 1601, 365, 7.45%, 12, 0, 4, 1987.21
1570985801, 0, 986, 1863, 1602, 365, 7.45%, 12, 0, 4, 2025.57
1570985852, 0, 986, 1863, 1602, 365, 7.45%, 13, 0, 4, 1991.87
1570985858, 0, 986, 1865, 1604, 365, 7.46%, 13, 0, 4, 1997.26
1570986006, 0, 986, 1866, 1605, 365, 7.46%, 13, 0, 4, 2067.97
1570986134, 0, 988, 1866, 1604, 366, 7.46%, 13, 0, 4, 2245.02
1570986185, 0, 988, 1867, 1605, 366, 7.46%, 13, 0, 4, 1986.69
1570986190, 0, 988, 1868, 1606, 366, 7.46%, 13, 0, 4, 2031.08
1570986272, 0, 988, 1868, 1606, 366, 7.46%, 14, 0, 4, 2003.91
1570986552, 0, 989, 1868, 1605, 366, 7.46%, 14, 0, 4, 2173.70
1570986966, 0, 993, 1868, 1604, 365, 7.46%, 14, 0, 4, 2193.13
1570987380, 0, 996, 1868, 1603, 364, 7.46%, 14, 0, 4, 2326.53
1570987411, 0, 996, 1869, 1604, 364, 7.46%, 14, 0, 4, 2059.08
1570987796, 0, 998, 1870, 1604, 364, 7.46%, 14, 0, 4, 2424.78
1570987945, 0, 1000, 1871, 1604, 364, 7.46%, 14, 0, 4, 2622.84
1570988094, 0, 1003, 1871, 1603, 363, 7.46%, 14, 0, 4, 2613.26
1570988119, 0, 1003, 1872, 1604, 363, 7.46%, 14, 0, 4, 2513.87
1570988171, 0, 1003, 1875, 1607, 363, 7.46%, 14, 0, 4, 2529.92
1570988253, 0, 1004, 1875, 1606, 362, 7.46%, 14, 0, 4, 2516.06
1570988268, 0, 1004, 1876, 1607, 362, 7.46%, 14, 0, 4, 2479.85
1570988325, 0, 1004, 1877, 1608, 362, 7.46%, 14, 0, 4, 2523.52
1570988376, 0, 1004, 1878, 1609, 362, 7.46%, 14, 0, 4, 2559.76
1570988407, 0, 1005, 1878, 1608, 362, 7.46%, 14, 0, 4, 2559.29
1570988427, 0, 1005, 1881, 1611, 362, 7.47%, 14, 0, 4, 2477.93
1570988562, 0, 1007, 1881, 1610, 364, 7.47%, 14, 0, 4, 2577.51
1570988587, 0, 1007, 1882, 1611, 364, 7.47%, 14, 0, 4, 2503.56
1570988608, 0, 1007, 1883, 1612, 364, 7.47%, 14, 0, 4, 2498.65
1570988721, 0, 1008, 1883, 1611, 365, 7.47%, 14, 0, 4, 2501.64
1570988742, 0, 1008, 1884, 1612, 365, 7.47%, 14, 0, 4, 2493.93
1570988850, 0, 1008, 1885, 1613, 365, 7.48%, 14, 0, 4, 2524.77
1570988875, 0, 1009, 1885, 1612, 365, 7.48%, 14, 0, 4, 2543.16
1570988896, 0, 1009, 1887, 1614, 365, 7.48%, 14, 0, 4, 2520.81
