# unix_time, cycles_done, cur_path, paths_total, pending_total, pending_favs, map_size, unique_crashes, unique_hangs, max_depth, execs_per_sec
1571039422, 0, 0, 1, 1, 1, 2.10%, 0, 0, 1, 2000.00
1571039427, 0, 0, 61, 61, 1, 2.43%, 0, 0, 2, 2251.75
1571039443, 0, 0, 107, 107, 1, 2.68%, 0, 0, 2, 2115.55
1571039448, 0, 0, 215, 215, 1, 3.30%, 0, 0, 2, 2100.30
1571039453, 0, 0, 329, 329, 1, 3.52%, 0, 0, 2, 2088.94
1571039468, 0, 0, 330, 330, 1, 3.52%, 0, 0, 2, 2040.39
1571039474, 0, 0, 339, 339, 1, 3.75%, 0, 0, 2, 2015.15
1571039479, 0, 0, 344, 344, 1, 3.84%, 0, 0, 2, 2077.96
1571039484, 0, 0, 368, 368, 1, 3.86%, 0, 0, 2, 2039.57
1571039504, 0, 0, 377, 377, 1, 3.96%, 0, 0, 2, 2021.55
1571039509, 0, 0, 390, 390, 1, 3.99%, 0, 0, 2, 2068.67
1571039514, 0, 0, 399, 399, 1, 4.00%, 0, 0, 2, 2028.23
1571039519, 0, 0, 426, 426, 1, 4.04%, 0, 0, 2, 2048.01
1571039535, 0, 0, 429, 429, 1, 4.04%, 0, 0, 2, 1998.39
1571039540, 0, 0, 430, 430, 1, 4.04%, 0, 0, 2, 1996.75
1571039550, 0, 0, 434, 434, 1, 4.05%, 0, 0, 2, 1999.08
1571039555, 0, 0, 460, 460, 1, 4.46%, 0, 0, 2, 2013.77
1571039561, 0, 0, 465, 465, 1, 4.47%, 0, 0, 2, 1997.61
1571039566, 0, 0, 468, 468, 1, 4.51%, 0, 0, 2, 2085.14
1571039571, 0, 0, 474, 474, 1, 4.60%, 0, 0, 2, 2106.84
1571039576, 0, 0, 477, 477, 1, 4.61%, 0, 0, 2, 2067.77
1571039581, 0, 0, 479, 479, 1, 4.62%, 0, 0, 2, 2047.23
1571039591, 0, 0, 520, 520, 1, 4.63%, 0, 0, 2, 2116.53
1571039596, 0, 0, 523, 523, 1, 4.63%, 0, 0, 2, 2028.43
1571039602, 0, 0, 528, 528, 1, 4.63%, 0, 0, 2, 2006.66
1571039617, 0, 0, 529, 529, 1, 4.63%, 0, 0, 2, 1970.45
1571039627, 0, 0, 530, 530, 1, 4.63%, 0, 0, 2, 1972.36
1571039632, 0, 0, 531, 531, 1, 4.63%, 0, 0, 2, 2131.24
1571039637, 0, 0, 532, 532, 1, 4.63%, 0, 0, 2, 2149.48
1571039658, 0, 0, 533, 533, 1, 4.63%, 0, 0, 2, 2176.37
1571039709, 0, 0, 534, 534, 1, 4.63%, 0, 0, 2, 2057.88
1571039714, 0, 0, 540, 540, 1, 4.64%, 0, 0, 2, 2002.06
1571039729, 0, 0, 549, 549, 1, 4.67%, 0, 0, 2, 2092.45
1571039760, 0, 0, 551, 551, 1, 4.68%, 0, 0, 2, 2060.57
1571039770, 0, 0, 554, 554, 1, 4.68%, 0, 0, 2, 2107.20
1571039796, 0, 0, 556, 556, 1, 4.69%, 0, 0, 2, 2080.87
1571039806, 0, 0, 594, 594, 1, 4.72%, 0, 0, 2, 2315.20
1571039811, 0, 0, 613, 613, 1, 4.73%, 0, 0, 2, 2500.98
1571039816, 0, 0, 624, 624, 1, 4.73%, 0, 0, 2, 2543.02
1571039821, 0, 31, 626, 614, 182, 4.73%, 0, 0, 2, 2785.15
1571039826, 0, 31, 627, 615, 182, 4.73%, 0, 0, 3, 2494.19
1571039847, 0, 31, 629, 617, 182, 4.73%, 0, 0, 3, 2403.88
1571039965, 0, 34, 629, 616, 182, 4.73%, 0, 0, 3, 2146.52
1571039980, 0, 34, 630, 617, 182, 4.73%, 0, 0, 3, 1960.25
1571039985, 0, 34, 636, 623, 182, 4.73%, 0, 0, 3, 1969.82
1571039991, 0, 34, 644, 631, 182, 4.73%, 0, 0, 3, 2022.65
1571039996, 0, 34, 650, 637, 182, 4.73%, 0, 0, 3, 1981.29
1571040021, 0, 34, 656, 643, 182, 4.73%, 0, 0, 3, 2040.88
1571040052, 0, 34, 659, 646, 182, 4.73%, 0, 0, 3, 1973.54
1571040058, 0, 34, 661, 648, 182, 4.73%, 0, 0, 3, 2038.24
1571040098, 0, 34, 663, 650, 182, 4.74%, 0, 0, 3, 1963.61
1571040109, 0, 34, 664, 651, 182, 4.74%, 0, 0, 3, 2063.79
1571040119, 0, 34, 665, 652, 182, 4.74%, 0, 0, 3, 2057.43
1571040129, 0, 34, 667, 654, 182, 4.74%, 0, 0, 3, 2072.14
1571040323, 0, 34, 671, 658, 182, 4.74%, 0, 0, 3, 1961.75
1571040328, 0, 34, 676, 663, 182, 4.75%, 0, 0, 3, 2016.08
1571040344, 0, 57, 676, 659, 184, 4.75%, 0, 0, 3, 2565.51
1571040369, 0, 57, 678, 661, 184, 4.75%, 0, 0, 3, 1987.27
1571040380, 0, 57, 679, 662, 184, 4.75%, 0, 0, 3, 1966.34
1571040722, 0, 57, 680, 663, 184, 4.75%, 0, 0, 3, 1979.92
1571040738, 0, 57, 682, 665, 184, 4.75%, 0, 0, 3, 2233.12
1571040743, 0, 106, 682, 662, 182, 4.75%, 0, 0, 3, 2238.02
1571040763, 0, 106, 683, 663, 182, 4.75%, 0, 0, 3, 1947.77
1571040768, 0, 106, 685, 665, 182, 4.75%, 0, 0, 3, 1997.04
1571040773, 0, 106, 686, 666, 182, 4.75%, 0, 0, 3, 1984.91
1571040799, 0, 106, 688, 668, 182, 4.76%, 0, 0, 3, 2011.75
1571040804, 0, 106, 689, 669, 182, 4.76%, 0, 0, 3, 1978.16
1571040824, 0, 106, 693, 673, 182, 4.76%, 0, 0, 3, 1937.04
1571040875, 0, 106, 694, 674, 182, 4.76%, 0, 0, 3, 1943.48
1571040880, 0, 106, 703, 683, 182, 4.81%, 0, 0, 3, 1946.30
1571040916, 0, 106, 704, 684, 182, 4.82%, 0, 0, 3, 2036.19
1571041115, 0, 106, 706, 686, 182, 4.82%, 0, 0, 3, 1892.64
1571041120, 0, 106, 710, 690, 182, 4.84%, 0, 0, 3, 1926.76
1571041141, 0, 120, 711, 688, 194, 4.84%, 0, 0, 3, 2201.87
1571041161, 0, 120, 717, 694, 194, 4.85%, 0, 0, 3, 1951.19
1571041166, 0, 120, 718, 695, 194, 4.85%, 0, 0, 3, 1991.31
1571041192, 0, 120, 725, 702, 194, 4.91%, 0, 0, 3, 1964.70
1571041223, 0, 120, 727, 704, 194, 4.92%, 0, 0, 3, 1967.08
1571041274, 0, 120, 742, 719, 194, 4.99%, 0, 0, 3, 1965.27
1571041514, 0, 120, 748, 725, 194, 5.00%, 0, 0, 3, 1958.00
1571041519, 0, 120, 750, 727, 194, 5.00%, 0, 0, 3, 1991.15
1571041534, 0, 122, 752, 728, 219, 5.00%, 0, 0, 3, 2295.73
1571041539, 0, 141, 752, 725, 216, 5.00%, 0, 0, 3, 2259.75
1571041570, 0, 141, 753, 726, 216, 5.00%, 0, 0, 3, 1986.51
1571041683, 0, 141, 754, 727, 216, 5.00%, 0, 0, 3, 2026.82
1571041928, 0, 145, 754, 726, 217, 5.00%, 0, 0, 3, 2221.92
1571041933, 0, 192, 754, 718, 210, 5.00%, 0, 0, 3, 2784.68
1571041938, 0, 208, 754, 715, 207, 5.00%, 0, 0, 3, 2346.03
1571041963, 0, 208, 756, 717, 207, 5.00%, 0, 0, 3, 2006.08
1571042327, 0, 208, 758, 719, 207, 5.00%, 0, 0, 3, 2219.98
1571042332, 0, 223, 759, 715, 203, 5.04%, 0, 0, 3, 2471.22
1571042358, 0, 223, 762, 718, 203, 5.04%, 0, 0, 3, 2015.84
1571042363, 0, 223, 764, 720, 203, 5.04%, 0, 0, 3, 2016.57
1571042419, 0, 223, 765, 721, 203, 5.04%, 0, 0, 3, 2029.63
1571042491, 0, 223, 766, 722, 203, 5.04%, 0, 0, 3, 2053.61
1571042726, 0, 246, 766, 720, 201, 5.04%, 0, 0, 3, 2363.01
1571042731, 0, 246, 767, 721, 201, 5.04%, 0, 0, 3, 2033.58
1571042757, 0, 246, 769, 723, 201, 5.04%, 0, 0, 3, 2010.13
1571042813, 0, 246, 770, 724, 201, 5.04%, 0, 0, 3, 2032.32
1571042875, 0, 246, 771, 725, 201, 5.04%, 0, 0, 3, 2088.74
1571042880, 0, 246, 772, 726, 201, 5.04%, 0, 0, 3, 2103.74
1571043018, 0, 246, 773, 727, 201, 5.04%, 0, 0, 3, 2031.94
1571043079, 0, 246, 775, 729, 201, 5.04%, 0, 0, 3, 2035.03
1571043125, 0, 253, 775, 728, 205, 5.04%, 0, 0, 3, 2033.49
1571043151, 0, 253, 779, 732, 205, 5.05%, 0, 0, 3, 1976.84
1571043156, 0, 253, 780, 733, 205, 5.05%, 0, 0, 3, 1948.99
1571043217, 0, 253, 781, 734, 205, 5.06%, 0, 0, 3, 1973.65
1571043222, 0, 253, 782, 735, 205, 5.06%, 0, 0, 3, 1985.39
1571043269, 0, 253, 783, 736, 205, 5.06%, 0, 0, 3, 1937.20
1571043294, 0, 253, 784, 737, 205, 5.06%, 0, 0, 3, 2032.84
1571043524, 0, 258, 785, 737, 208, 5.06%, 0, 0, 3, 2268.99
1571043529, 0, 304, 785, 729, 200, 5.06%, 0, 0, 3, 2787.73
1571043534, 0, 328, 787, 726, 195, 5.06%, 0, 0, 3, 2325.87
1571043560, 0, 328, 790, 729, 195, 5.06%, 0, 0, 3, 2010.89
1571043591, 0, 328, 791, 730, 195, 5.06%, 0, 0, 3, 2036.67
1571043928, 0, 333, 792, 730, 196, 5.06%, 0, 0, 3, 2292.88
1571043949, 0, 333, 793, 731, 196, 5.06%, 0, 0, 3, 1932.88
1571043954, 0, 333, 798, 736, 196, 5.06%, 0, 0, 3, 1935.59
1571043985, 0, 333, 800, 738, 196, 5.06%, 0, 0, 3, 1965.91
1571043990, 0, 333, 801, 739, 196, 5.06%, 0, 0, 3, 1999.03
1571044015, 0, 333, 802, 740, 196, 5.07%, 0, 0, 3, 1998.17
1571044051, 0, 333, 803, 741, 196, 5.07%, 0, 0, 3, 1912.36
1571044062, 0, 333, 806, 744, 196, 5.08%, 0, 0, 3, 1929.52
1571044067, 0, 333, 817, 755, 196, 5.09%, 0, 0, 3, 1932.20
1571044102, 0, 333, 819, 757, 196, 5.09%, 0, 0, 3, 2074.76
1571044225, 0, 333, 821, 759, 196, 5.09%, 0, 0, 3, 2023.76
1571044317, 0, 333, 822, 760, 196, 5.09%, 0, 0, 3, 1949.52
1571044338, 0, 334, 824, 761, 200, 5.09%, 0, 0, 3, 2208.14
1571044363, 0, 334, 825, 762, 200, 5.09%, 0, 0, 3, 1994.63
1571044389, 0, 334, 826, 763, 200, 5.09%, 0, 0, 3, 1957.06
1571044419, 0, 334, 827, 764, 200, 5.09%, 0, 0, 3, 1917.85
1571044471, 0, 334, 828, 765, 200, 5.09%, 0, 0, 3, 1940.62
1571044716, 0, 334, 829, 766, 200, 5.09%, 0, 0, 3, 1937.13
1571044741, 0, 340, 829, 762, 197, 5.09%, 0, 0, 3, 2359.06
1571044761, 0, 340, 830, 763, 197, 5.09%, 0, 0, 3, 1939.16
1571044766, 0, 340, 833, 766, 197, 5.10%, 0, 0, 3, 1980.94
1571044797, 0, 340, 835, 768, 197, 5.10%, 0, 0, 3, 1994.91
1571044833, 0, 340, 836, 769, 197, 5.10%, 0, 0, 3, 1947.08
1571044879, 0, 340, 842, 775, 197, 5.12%, 0, 0, 3, 1956.19
1571045145, 0, 342, 842, 774, 203, 5.12%, 0, 0, 3, 2237.68
