# unix_time, cycles_done, cur_path, paths_total, pending_total, pending_favs, map_size, unique_crashes, unique_hangs, max_depth, execs_per_sec
1573479595, 0, 0, 1, 1, 1, 2.10%, 0, 0, 1, 1600.00
1573479600, 0, 0, 61, 61, 1, 2.43%, 0, 0, 2, 2139.47
1573479615, 0, 0, 116, 116, 1, 2.81%, 0, 0, 2, 2220.17
1573479620, 0, 0, 230, 230, 1, 3.32%, 0, 0, 2, 2291.39
1573479625, 0, 0, 329, 329, 1, 3.52%, 0, 0, 2, 2232.95
1573479641, 0, 0, 332, 332, 1, 3.55%, 0, 0, 2, 2154.76
1573479646, 0, 0, 344, 344, 1, 3.84%, 0, 0, 2, 2180.98
1573479651, 0, 0, 368, 368, 1, 3.86%, 0, 0, 2, 2210.77
1573479671, 0, 0, 376, 376, 1, 3.96%, 0, 0, 2, 2154.45
1573479676, 0, 0, 390, 390, 1, 3.99%, 0, 0, 2, 2232.29
1573479681, 0, 0, 399, 399, 1, 4.00%, 0, 0, 2, 2185.36
1573479686, 0, 0, 426, 426, 1, 4.04%, 0, 0, 2, 2192.33
1573479702, 0, 0, 429, 429, 1, 4.04%, 0, 0, 2, 2143.90
1573479707, 0, 0, 430, 430, 1, 4.04%, 0, 0, 2, 2135.86
1573479717, 0, 0, 447, 447, 1, 4.14%, 0, 0, 2, 2144.89
1573479722, 0, 0, 465, 465, 1, 4.47%, 0, 0, 2, 2150.55
1573479727, 0, 0, 467, 467, 1, 4.51%, 0, 0, 2, 2153.75
1573479732, 0, 0, 474, 474, 1, 4.60%, 0, 0, 2, 2264.35
1573479737, 0, 0, 477, 477, 1, 4.61%, 0, 0, 2, 2280.27
1573479742, 0, 0, 479, 479, 1, 4.62%, 0, 0, 2, 2194.21
1573479753, 0, 0, 518, 518, 1, 4.62%, 0, 0, 2, 2183.73
1573479758, 0, 0, 523, 523, 1, 4.63%, 0, 0, 2, 2107.23
1573479763, 0, 0, 528, 528, 1, 4.63%, 0, 0, 2, 2065.74
1573479778, 0, 0, 529, 529, 1, 4.63%, 0, 0, 2, 2026.63
1573479788, 0, 0, 530, 530, 1, 4.63%, 0, 0, 2, 2014.37
1573479793, 0, 0, 531, 531, 1, 4.63%, 0, 0, 2, 2134.63
1573479799, 0, 0, 532, 532, 1, 4.63%, 0, 0, 2, 2138.52
1573479819, 0, 0, 533, 533, 1, 4.63%, 0, 0, 2, 2153.96
1573479875, 0, 0, 539, 539, 1, 4.64%, 0, 0, 2, 2019.94
1573479880, 0, 0, 540, 540, 1, 4.64%, 0, 0, 2, 1996.14
1573479890, 0, 0, 542, 542, 1, 4.65%, 0, 0, 2, 2058.25
1573479896, 0, 0, 549, 549, 1, 4.67%, 0, 0, 2, 1997.14
1573479921, 0, 0, 551, 551, 1, 4.68%, 0, 0, 2, 2051.16
1573479931, 0, 0, 554, 554, 1, 4.68%, 0, 0, 2, 2132.40
1573479957, 0, 0, 556, 556, 1, 4.69%, 0, 0, 2, 2072.37
1573479967, 0, 0, 591, 591, 1, 4.71%, 0, 0, 2, 2286.50
1573479973, 0, 0, 612, 612, 1, 4.72%, 0, 0, 2, 2502.86
1573479978, 0, 1, 623, 622, 203, 4.73%, 0, 0, 2, 2672.35
1573479983, 0, 1, 635, 634, 203, 4.80%, 0, 0, 3, 2755.41
1573479988, 0, 2, 639, 637, 212, 4.81%, 0, 0, 3, 2788.17
1573479993, 0, 4, 639, 635, 210, 4.81%, 0, 0, 3, 2813.37
1573479998, 0, 7, 639, 633, 208, 4.81%, 0, 0, 3, 2815.44
1573480003, 0, 8, 639, 632, 207, 4.81%, 0, 0, 3, 2376.29
1573480054, 0, 8, 640, 633, 207, 4.81%, 0, 0, 3, 1953.56
1573480387, 0, 9, 640, 632, 206, 4.81%, 0, 0, 3, 2165.24
1573480413, 0, 9, 646, 638, 206, 4.86%, 0, 0, 3, 2030.08
1573480418, 0, 9, 648, 640, 206, 4.86%, 0, 0, 3, 2023.71
1573480474, 0, 9, 649, 641, 206, 4.86%, 0, 0, 3, 2022.53
1573480536, 0, 9, 650, 642, 206, 4.86%, 0, 0, 3, 2084.64
1573480772, 0, 11, 653, 644, 207, 4.86%, 0, 0, 3, 2171.74
1573480797, 0, 11, 673, 664, 207, 4.87%, 0, 0, 3, 2016.76
1573480803, 0, 11, 680, 671, 207, 4.87%, 0, 0, 3, 2015.55
1573480869, 0, 11, 684, 675, 207, 4.87%, 0, 0, 3, 2035.78
1573481079, 0, 11, 685, 676, 207, 4.87%, 0, 0, 3, 2127.89
1573481110, 0, 11, 687, 678, 207, 4.87%, 0, 0, 3, 2097.50
1573481146, 0, 11, 688, 679, 207, 4.87%, 0, 0, 3, 2025.42
1573481161, 0, 12, 690, 680, 211, 4.87%, 0, 0, 3, 2245.36
1573481186, 0, 12, 692, 682, 211, 4.87%, 0, 0, 3, 2022.93
1573481258, 0, 12, 694, 684, 211, 4.87%, 0, 0, 3, 2031.06
1573481550, 0, 13, 695, 684, 212, 4.88%, 0, 0, 3, 2240.68
1573481575, 0, 13, 699, 688, 212, 4.88%, 0, 0, 3, 2005.83
1573481580, 0, 13, 700, 689, 212, 4.88%, 0, 0, 3, 2000.62
1573481647, 0, 13, 701, 690, 212, 4.88%, 0, 0, 3, 2041.85
1573481863, 0, 13, 702, 691, 212, 4.88%, 0, 0, 3, 2013.72
1573481944, 0, 17, 706, 694, 214, 4.92%, 0, 0, 3, 2079.09
1573481959, 0, 17, 708, 696, 214, 4.92%, 0, 0, 3, 1970.52
1573481970, 0, 17, 713, 701, 214, 4.92%, 0, 0, 3, 2029.90
1573481975, 0, 17, 715, 703, 214, 4.93%, 0, 0, 3, 1998.31
1573482001, 0, 17, 716, 704, 214, 4.93%, 0, 0, 3, 2029.95
1573482036, 0, 17, 717, 705, 214, 4.93%, 0, 0, 3, 2081.82
1573482231, 0, 17, 723, 711, 214, 4.95%, 0, 0, 3, 1975.95
1573482328, 0, 17, 734, 722, 214, 4.95%, 0, 0, 3, 2332.41
1573482333, 0, 17, 743, 731, 214, 4.95%, 0, 0, 3, 2520.63
1573482338, 0, 23, 746, 733, 226, 4.95%, 0, 0, 3, 2579.63
1573482348, 0, 23, 752, 739, 226, 4.95%, 0, 0, 3, 2489.70
1573482359, 0, 23, 753, 740, 226, 4.96%, 0, 0, 3, 2483.95
1573482374, 0, 23, 755, 742, 226, 4.97%, 0, 0, 3, 2504.96
1573482471, 0, 23, 756, 743, 226, 4.97%, 0, 0, 3, 2488.33
1573482476, 0, 30, 756, 742, 227, 4.97%, 0, 0, 3, 2593.69
1573482548, 0, 30, 757, 743, 227, 4.97%, 0, 0, 3, 2597.47
1573482568, 0, 31, 757, 742, 226, 4.97%, 0, 0, 3, 2451.10
1573482589, 0, 31, 758, 743, 226, 4.97%, 0, 0, 3, 2417.31
1573482707, 0, 34, 758, 742, 225, 4.97%, 0, 0, 3, 2344.08
1573482727, 0, 34, 765, 749, 225, 4.97%, 0, 0, 3, 1969.24
1573482733, 0, 34, 767, 751, 225, 4.97%, 0, 0, 3, 2014.69
1573482738, 0, 34, 779, 763, 225, 4.97%, 0, 0, 3, 2010.24
1573482763, 0, 34, 782, 766, 225, 4.97%, 0, 0, 3, 2033.46
1573482769, 0, 34, 785, 769, 225, 4.97%, 0, 0, 3, 2003.75
1573482794, 0, 34, 787, 771, 225, 4.97%, 0, 0, 3, 2044.38
1573482804, 0, 34, 789, 773, 225, 4.97%, 0, 0, 3, 2026.37
1573482840, 0, 34, 790, 774, 225, 4.97%, 0, 0, 3, 1978.29
1573482850, 0, 34, 791, 775, 225, 4.97%, 0, 0, 3, 2086.71
1573482861, 0, 34, 792, 776, 225, 4.97%, 0, 0, 3, 2080.51
1573482871, 0, 34, 794, 778, 225, 4.98%, 0, 0, 3, 2099.91
1573483066, 0, 34, 795, 779, 225, 4.98%, 0, 0, 3, 1974.31
1573483071, 0, 34, 799, 783, 225, 4.98%, 0, 0, 3, 1981.51
1573483076, 0, 34, 801, 785, 225, 4.98%, 0, 0, 3, 2071.85
1573483091, 0, 52, 801, 784, 231, 4.98%, 0, 0, 3, 2151.60
1573483121, 0, 52, 802, 785, 231, 4.98%, 0, 0, 3, 2009.18
1573483465, 0, 52, 803, 786, 231, 4.98%, 0, 0, 3, 1978.76
1573483485, 0, 54, 803, 785, 230, 4.98%, 0, 0, 3, 2262.92
1573483511, 0, 54, 804, 786, 230, 4.98%, 0, 0, 3, 1997.74
1573483885, 0, 64, 804, 785, 230, 4.98%, 0, 0, 3, 2066.00
1573484049, 0, 64, 805, 786, 230, 4.98%, 0, 0, 3, 2072.47
1573484279, 0, 65, 805, 785, 229, 4.98%, 0, 0, 3, 2162.78
