# unix_time, cycles_done, cur_path, paths_total, pending_total, pending_favs, map_size, unique_crashes, unique_hangs, max_depth, execs_per_sec
1570815966, 0, 0, 1, 1, 1, 2.10%, 0, 0, 1, 2000.00
1570815971, 0, 0, 61, 61, 1, 2.43%, 0, 0, 2, 2212.33
1570815987, 0, 0, 109, 109, 1, 2.69%, 0, 0, 2, 2080.36
1570815992, 0, 0, 219, 219, 1, 3.31%, 0, 0, 2, 2140.83
1570815997, 0, 0, 329, 329, 1, 3.52%, 0, 0, 2, 2132.15
1570816012, 0, 0, 330, 330, 1, 3.52%, 0, 0, 2, 2042.07
1570816017, 0, 0, 341, 341, 1, 3.80%, 0, 0, 2, 2045.87
1570816022, 0, 0, 344, 344, 1, 3.84%, 0, 0, 2, 2110.27
1570816028, 0, 0, 368, 368, 1, 3.86%, 0, 0, 2, 2057.83
1570816048, 0, 0, 377, 377, 1, 3.96%, 0, 0, 2, 2084.11
1570816053, 0, 0, 390, 390, 1, 3.99%, 0, 0, 2, 2088.35
1570816058, 0, 0, 405, 405, 1, 4.01%, 0, 0, 2, 2111.43
1570816063, 0, 0, 426, 426, 1, 4.04%, 0, 0, 2, 2081.85
1570816073, 0, 0, 427, 427, 1, 4.04%, 0, 0, 2, 2049.79
1570816079, 0, 0, 429, 429, 1, 4.04%, 0, 0, 2, 2050.69
1570816084, 0, 0, 430, 430, 1, 4.04%, 0, 0, 2, 2046.07
1570816094, 0, 0, 444, 444, 1, 4.12%, 0, 0, 2, 2049.93
1570816099, 0, 0, 465, 465, 1, 4.47%, 0, 0, 2, 2043.94
1570816109, 0, 0, 472, 472, 1, 4.60%, 0, 0, 2, 2149.70
1570816114, 0, 0, 476, 476, 1, 4.61%, 0, 0, 2, 2168.16
1570816119, 0, 0, 479, 479, 1, 4.62%, 0, 0, 2, 2157.63
1570816130, 0, 0, 502, 502, 1, 4.62%, 0, 0, 2, 2146.21
1570816135, 0, 0, 520, 520, 1, 4.63%, 0, 0, 2, 2127.09
1570816140, 0, 0, 524, 524, 1, 4.63%, 0, 0, 2, 2061.55
1570816145, 0, 0, 528, 528, 1, 4.63%, 0, 0, 2, 2046.39
1570816160, 0, 0, 529, 529, 1, 4.63%, 0, 0, 2, 2049.18
1570816165, 0, 0, 530, 530, 1, 4.63%, 0, 0, 2, 2046.32
1570816170, 0, 0, 531, 531, 1, 4.63%, 0, 0, 2, 2161.27
1570816180, 0, 0, 532, 532, 1, 4.63%, 0, 0, 2, 2209.14
1570816201, 0, 0, 533, 533, 1, 4.63%, 0, 0, 2, 2084.35
1570816247, 0, 0, 538, 538, 1, 4.64%, 0, 0, 2, 2141.13
1570816252, 0, 0, 540, 540, 1, 4.64%, 0, 0, 2, 2066.97
1570816267, 0, 0, 549, 549, 1, 4.67%, 0, 0, 2, 2151.44
1570816298, 0, 0, 551, 551, 1, 4.68%, 0, 0, 2, 2169.58
1570816308, 0, 0, 554, 554, 1, 4.68%, 0, 0, 2, 2118.36
1570816328, 0, 0, 556, 556, 1, 4.69%, 0, 0, 2, 2120.83
1570816338, 0, 0, 568, 568, 1, 4.69%, 0, 0, 2, 2186.26
1570816344, 0, 0, 606, 606, 1, 4.71%, 0, 0, 2, 2539.65
1570816349, 0, 0, 622, 622, 1, 4.71%, 0, 0, 2, 2616.46
1570816354, 0, 1, 634, 633, 196, 4.74%, 0, 0, 3, 2767.13
1570816359, 0, 1, 640, 639, 196, 4.79%, 0, 0, 3, 2839.45
1570816364, 0, 1, 643, 642, 196, 4.80%, 0, 0, 3, 2860.79
1570816369, 0, 3, 643, 640, 204, 4.80%, 0, 0, 3, 2898.55
1570816374, 0, 6, 643, 638, 202, 4.80%, 0, 0, 3, 2925.30
1570816379, 0, 8, 643, 636, 200, 4.80%, 0, 0, 3, 2678.53
1570816430, 0, 8, 644, 637, 200, 4.80%, 0, 0, 3, 2042.18
1570816752, 0, 8, 649, 642, 200, 4.80%, 0, 0, 3, 2379.11
1570816757, 0, 8, 660, 653, 200, 4.80%, 0, 0, 3, 2578.12
1570816762, 0, 8, 671, 664, 200, 4.81%, 0, 0, 3, 2642.49
1570816767, 0, 9, 672, 664, 205, 4.81%, 0, 0, 3, 2227.86
1570816793, 0, 9, 679, 671, 205, 4.87%, 0, 0, 3, 2094.83
1570816849, 0, 9, 680, 672, 205, 4.87%, 0, 0, 3, 2097.86
1570816905, 0, 9, 681, 673, 205, 4.87%, 0, 0, 3, 2136.01
1570817135, 0, 11, 681, 672, 206, 4.87%, 0, 0, 3, 2248.54
1570817140, 0, 11, 684, 675, 206, 4.87%, 0, 0, 3, 2130.89
1570817160, 0, 11, 692, 683, 206, 4.87%, 0, 0, 3, 2069.55
1570817165, 0, 11, 711, 702, 206, 4.87%, 0, 0, 3, 2092.93
1570817231, 0, 11, 713, 704, 206, 4.87%, 0, 0, 3, 2102.80
1570817435, 0, 11, 714, 705, 206, 4.87%, 0, 0, 3, 2176.24
1570817466, 0, 11, 716, 707, 206, 4.87%, 0, 0, 3, 2156.90
1570817501, 0, 11, 717, 708, 206, 4.87%, 0, 0, 3, 2158.47
1570817512, 0, 11, 718, 709, 206, 4.87%, 0, 0, 3, 2209.98
1570817517, 0, 13, 720, 710, 208, 4.88%, 0, 0, 3, 2202.22
1570817542, 0, 13, 725, 715, 208, 4.88%, 0, 0, 3, 2113.07
1570817609, 0, 13, 728, 718, 208, 4.88%, 0, 0, 3, 2106.04
1570817817, 0, 13, 729, 719, 208, 4.88%, 0, 0, 3, 2077.40
1570817894, 0, 13, 734, 724, 208, 4.88%, 0, 0, 3, 2408.81
1570817899, 0, 13, 738, 728, 208, 4.88%, 0, 0, 3, 2599.15
1570817904, 0, 13, 743, 733, 208, 4.88%, 0, 0, 3, 2641.15
1570817909, 0, 17, 748, 737, 208, 4.92%, 0, 0, 3, 2216.66
1570817925, 0, 17, 750, 739, 208, 4.93%, 0, 0, 3, 2034.89
1570817930, 0, 17, 753, 742, 208, 4.93%, 0, 0, 3, 2060.00
1570817935, 0, 17, 757, 746, 208, 4.93%, 0, 0, 3, 2096.44
1570817965, 0, 17, 758, 747, 208, 4.93%, 0, 0, 3, 2071.17
1570818001, 0, 17, 760, 749, 208, 4.93%, 0, 0, 3, 2085.31
1570818185, 0, 17, 766, 755, 208, 4.95%, 0, 0, 3, 2079.38
1570818282, 0, 23, 768, 756, 220, 4.95%, 0, 0, 3, 2483.94
1570818292, 0, 23, 771, 759, 220, 4.95%, 0, 0, 3, 2545.18
1570818298, 0, 23, 772, 760, 220, 4.97%, 0, 0, 3, 2545.53
1570818318, 0, 23, 774, 762, 220, 4.97%, 0, 0, 3, 2582.43
1570818410, 0, 23, 779, 767, 220, 4.97%, 0, 0, 3, 2648.18
1570818415, 0, 23, 784, 772, 220, 4.97%, 0, 0, 3, 2737.55
1570818420, 0, 30, 785, 772, 218, 4.97%, 0, 0, 3, 2743.29
1570818482, 0, 30, 786, 773, 218, 4.97%, 0, 0, 3, 2674.38
1570818507, 0, 31, 787, 773, 217, 4.97%, 0, 0, 3, 2695.34
1570818533, 0, 31, 788, 774, 217, 4.97%, 0, 0, 3, 2497.41
1570818646, 0, 32, 788, 773, 216, 4.97%, 0, 0, 3, 2610.21
1570818780, 0, 35, 789, 773, 216, 4.97%, 0, 0, 3, 2208.31
1570818800, 0, 35, 793, 777, 216, 4.98%, 0, 0, 3, 2069.62
1570818805, 0, 35, 794, 778, 216, 4.98%, 0, 0, 3, 2074.36
1570819158, 0, 42, 795, 778, 216, 4.98%, 0, 0, 3, 2296.80
1570819184, 0, 42, 797, 780, 216, 4.98%, 0, 0, 3, 2083.85
1570819435, 0, 42, 798, 781, 216, 4.98%, 0, 0, 3, 2158.30
1570819542, 0, 59, 798, 780, 216, 4.98%, 0, 0, 3, 2145.68
1570819920, 0, 64, 798, 779, 215, 4.98%, 0, 0, 3, 2283.98
1570819940, 0, 64, 799, 780, 215, 4.98%, 0, 0, 3, 2036.19
1570820304, 0, 68, 800, 780, 214, 4.98%, 0, 0, 3, 2137.89
1570820319, 0, 68, 801, 781, 214, 4.98%, 0, 0, 3, 2034.77
1570820329, 0, 68, 802, 782, 214, 4.98%, 0, 0, 3, 2097.12
1570820682, 0, 74, 802, 781, 213, 4.98%, 0, 0, 3, 2251.15
1570820983, 0, 74, 803, 782, 213, 4.98%, 0, 0, 3, 2107.69
1570821065, 0, 84, 803, 781, 212, 4.98%, 0, 0, 3, 2171.26
1570821444, 0, 91, 804, 781, 211, 4.98%, 0, 0, 3, 2324.50
1570821474, 0, 91, 805, 782, 211, 4.98%, 0, 0, 3, 2073.35
1570821607, 0, 91, 806, 783, 211, 4.98%, 0, 0, 3, 2172.15
1570821826, 0, 96, 807, 783, 210, 4.98%, 0, 0, 3, 2229.06
1570821847, 0, 96, 808, 784, 210, 4.98%, 0, 0, 3, 2054.57
1570821990, 0, 96, 809, 785, 210, 4.98%, 0, 0, 3, 2170.69
1570822204, 0, 97, 809, 784, 210, 4.98%, 0, 0, 3, 2329.80
1570822587, 0, 103, 809, 783, 209, 4.98%, 0, 0, 3, 2244.14
1570822607, 0, 103, 810, 784, 209, 4.98%, 0, 0, 3, 2042.17
1570822618, 0, 103, 812, 786, 209, 4.98%, 0, 0, 3, 2071.63
1570822751, 0, 103, 813, 787, 209, 4.98%, 0, 0, 3, 2199.30
1570822970, 0, 106, 813, 786, 209, 4.98%, 0, 0, 3, 2133.17
1570822991, 0, 106, 817, 790, 209, 4.99%, 0, 0, 3, 2005.11
1570823022, 0, 106, 819, 792, 209, 4.99%, 0, 0, 3, 2067.30
1570823027, 0, 106, 820, 793, 209, 4.99%, 0, 0, 3, 2069.11
1570823047, 0, 106, 822, 795, 209, 5.00%, 0, 0, 3, 2012.82
1570823052, 0, 106, 824, 797, 209, 5.00%, 0, 0, 3, 2082.35
1570823098, 0, 106, 825, 798, 209, 5.00%, 0, 0, 3, 2014.22
1570823104, 0, 106, 835, 808, 209, 5.04%, 0, 0, 3, 2017.93
1570823134, 0, 106, 836, 809, 209, 5.05%, 0, 0, 3, 2176.26
1570823333, 0, 106, 839, 812, 209, 5.07%, 0, 0, 3, 2016.17
1570823354, 0, 112, 839, 811, 227, 5.07%, 0, 0, 3, 2279.27
1570823374, 0, 112, 840, 812, 227, 5.07%, 0, 0, 3, 2031.89
1570823379, 0, 112, 841, 813, 227, 5.07%, 0, 0, 3, 2078.00
1570823482, 0, 112, 844, 816, 227, 5.07%, 0, 0, 3, 2016.00
1570823487, 0, 112, 845, 817, 227, 5.07%, 0, 0, 3, 2020.23
1570823712, 0, 112, 847, 819, 227, 5.08%, 0, 0, 3, 2026.16
1570823737, 0, 114, 847, 818, 230, 5.08%, 0, 0, 3, 2265.21
1570823758, 0, 114, 853, 824, 230, 5.09%, 0, 0, 3, 2028.78
1570823763, 0, 114, 854, 825, 230, 5.09%, 0, 0, 3, 2068.48
1570823866, 0, 114, 862, 833, 230, 5.10%, 0, 0, 3, 2022.82
1570823871, 0, 114, 863, 834, 230, 5.10%, 0, 0, 3, 2018.35
1570824100, 0, 114, 864, 835, 230, 5.10%, 0, 0, 3, 2007.78
1570824126, 0, 115, 864, 834, 232, 5.10%, 0, 0, 3, 2179.61
1570824146, 0, 115, 865, 835, 232, 5.10%, 0, 0, 3, 2041.63
1570824177, 0, 115, 866, 836, 232, 5.11%, 0, 0, 3, 2096.34
1570824253, 0, 115, 867, 837, 232, 5.11%, 0, 0, 3, 2044.54
1570824509, 0, 117, 867, 836, 233, 5.11%, 0, 0, 3, 2147.56
1570824524, 0, 117, 868, 837, 233, 5.11%, 0, 0, 3, 2040.99
1570824585, 0, 117, 869, 838, 233, 5.11%, 0, 0, 3, 2049.02
1570824672, 0, 117, 870, 839, 233, 5.11%, 0, 0, 3, 2120.88
1570824887, 0, 118, 871, 839, 232, 5.11%, 0, 0, 3, 2376.10
1570824913, 0, 118, 874, 842, 232, 5.11%, 0, 0, 3, 2032.98
1570825015, 0, 118, 876, 844, 232, 5.11%, 0, 0, 3, 2020.90
1570825251, 0, 118, 877, 845, 232, 5.12%, 0, 0, 3, 2016.32
1570825277, 0, 120, 877, 844, 232, 5.12%, 0, 0, 3, 2113.27
1570825292, 0, 120, 878, 845, 232, 5.12%, 0, 0, 3, 2018.53
1570825297, 0, 120, 881, 848, 232, 5.13%, 0, 0, 3, 2033.29
1570825328, 0, 120, 887, 854, 232, 5.17%, 0, 0, 3, 2083.68
1570825354, 0, 120, 889, 856, 232, 5.18%, 0, 0, 3, 2025.61
1570825405, 0, 120, 903, 870, 232, 5.24%, 0, 0, 3, 2020.26
1570825636, 0, 120, 905, 872, 232, 5.24%, 0, 0, 3, 2009.15
1570825661, 0, 121, 905, 871, 252, 5.24%, 0, 0, 3, 2124.06
1570825676, 0, 121, 906, 872, 252, 5.24%, 0, 0, 3, 2011.92
1570825681, 0, 121, 907, 873, 252, 5.24%, 0, 0, 3, 2003.31
1570825687, 0, 121, 908, 874, 252, 5.24%, 0, 0, 3, 2079.02
1570825738, 0, 121, 909, 875, 252, 5.24%, 0, 0, 3, 2015.53
1570825789, 0, 121, 915, 881, 252, 5.26%, 0, 0, 3, 2015.26
1570825825, 0, 121, 917, 883, 252, 5.26%, 0, 0, 3, 2129.84
1570826044, 0, 122, 917, 882, 255, 5.26%, 0, 0, 3, 2336.25
1570826070, 0, 122, 918, 883, 255, 5.26%, 0, 0, 3, 2080.91
1570826427, 0, 123, 918, 882, 254, 5.26%, 0, 0, 3, 2200.17
1570826448, 0, 123, 922, 886, 254, 5.27%, 0, 0, 3, 2008.02
1570826478, 0, 123, 925, 889, 254, 5.27%, 1, 0, 3, 2031.95
1570826555, 0, 123, 937, 901, 254, 5.35%, 1, 0, 3, 1993.18
1570826713, 0, 123, 938, 902, 254, 5.35%, 1, 0, 3, 2043.05
1570826729, 0, 123, 939, 903, 254, 5.35%, 1, 0, 3, 2137.96
1570826811, 0, 124, 939, 902, 262, 5.35%, 1, 0, 3, 2247.31
1570826831, 0, 124, 940, 903, 262, 5.35%, 1, 0, 3, 2000.25
1570826836, 0, 124, 941, 904, 262, 5.35%, 1, 0, 3, 2070.97
1570826943, 0, 124, 944, 907, 262, 5.46%, 1, 0, 3, 2053.58
1570827194, 0, 126, 944, 906, 262, 5.46%, 1, 0, 3, 2194.27
1570827215, 0, 126, 953, 915, 262, 5.46%, 1, 0, 3, 2021.38
1570827246, 0, 126, 958, 920, 262, 5.46%, 1, 0, 3, 2032.85
1570827277, 0, 126, 959, 921, 262, 5.46%, 1, 0, 3, 2065.86
1570827328, 0, 126, 987, 949, 262, 5.46%, 1, 0, 3, 2001.18
1570827476, 0, 126, 988, 950, 262, 5.46%, 1, 0, 3, 2105.84
1570827491, 0, 126, 990, 952, 262, 5.46%, 1, 0, 3, 2028.20
1570827563, 0, 126, 996, 958, 262, 5.46%, 1, 0, 3, 2006.09
1570827584, 0, 128, 996, 957, 264, 5.46%, 1, 0, 3, 2116.54
1570827599, 0, 128, 997, 958, 264, 5.46%, 1, 0, 3, 2009.87
1570827604, 0, 128, 999, 960, 264, 5.46%, 1, 0, 3, 2019.35
1570827609, 0, 128, 1000, 961, 264, 5.46%, 1, 0, 3, 2066.10
1570827635, 0, 128, 1001, 962, 264, 5.46%, 1, 0, 3, 2074.63
1570827717, 0, 128, 1003, 964, 264, 5.47%, 1, 0, 3, 2016.82
1570827748, 0, 128, 1005, 966, 264, 5.47%, 1, 0, 3, 2156.51
1570827864, 0, 128, 1007, 968, 264, 5.47%, 1, 0, 3, 2095.52
1570827967, 0, 129, 1007, 967, 265, 5.47%, 1, 0, 3, 2298.90
1570827993, 0, 129, 1008, 968, 265, 5.47%, 1, 0, 3, 2029.17
1570828049, 0, 129, 1009, 969, 265, 5.47%, 1, 0, 3, 2023.09
1570828101, 0, 129, 1010, 970, 265, 5.47%, 1, 0, 3, 2026.78
1570828357, 0, 141, 1010, 969, 266, 5.47%, 1, 0, 3, 2166.84
1570828495, 0, 141, 1011, 970, 266, 5.47%, 1, 0, 3, 2111.33
1570828739, 0, 145, 1011, 969, 266, 5.47%, 1, 0, 3, 2558.17
1570828755, 0, 145, 1012, 970, 266, 5.48%, 1, 0, 3, 2625.82
1570828868, 0, 145, 1013, 971, 266, 5.48%, 1, 0, 3, 2644.18
1570828878, 0, 159, 1013, 970, 266, 5.48%, 1, 0, 3, 2629.09
1570828950, 0, 159, 1016, 973, 266, 5.48%, 1, 0, 3, 2526.45
1570828955, 0, 159, 1018, 975, 266, 5.48%, 1, 0, 3, 2549.56
1570828965, 0, 159, 1019, 976, 266, 5.48%, 1, 0, 3, 2566.54
1570829026, 0, 170, 1019, 975, 267, 5.48%, 1, 0, 3, 2710.10
1570829047, 0, 170, 1020, 976, 267, 5.48%, 1, 0, 3, 2755.73
1570829093, 0, 170, 1023, 979, 267, 5.48%, 1, 0, 3, 2730.11
1570829165, 0, 182, 1023, 978, 266, 5.48%, 1, 0, 3, 2541.79
1570829190, 0, 182, 1025, 980, 266, 5.48%, 1, 0, 3, 2072.15
1570829308, 0, 182, 1026, 981, 266, 5.48%, 1, 0, 3, 2133.97
1570829461, 0, 182, 1027, 982, 266, 5.48%, 1, 0, 3, 2123.03
1570829548, 0, 187, 1028, 982, 265, 5.48%, 1, 0, 3, 2440.59
1570829568, 0, 187, 1029, 983, 265, 5.48%, 1, 0, 3, 2479.95
1570829589, 0, 187, 1031, 985, 265, 5.48%, 1, 0, 3, 2498.34
1570829620, 0, 187, 1035, 989, 265, 5.48%, 1, 0, 3, 2512.63
1570829625, 0, 187, 1037, 991, 265, 5.48%, 1, 0, 3, 2513.29
1570829707, 0, 196, 1037, 990, 264, 5.48%, 1, 0, 3, 2323.73
1570829732, 0, 196, 1039, 992, 264, 5.48%, 1, 0, 3, 2079.62
1570829737, 0, 196, 1040, 993, 264, 5.48%, 1, 0, 3, 2057.50
1570829758, 0, 196, 1041, 994, 264, 5.49%, 1, 0, 3, 2077.53
1570829850, 0, 196, 1043, 996, 264, 5.49%, 1, 0, 3, 2149.22
1570830085, 0, 196, 1044, 997, 264, 5.49%, 1, 0, 3, 2287.60
1570830090, 0, 197, 1044, 996, 265, 5.49%, 1, 0, 3, 2592.81
1570830167, 0, 199, 1044, 995, 265, 5.49%, 1, 0, 3, 2752.67
1570830331, 0, 210, 1044, 994, 264, 5.49%, 1, 0, 3, 2523.69
1570830352, 0, 210, 1047, 997, 264, 5.49%, 1, 0, 3, 2508.43
1570830373, 0, 210, 1049, 999, 264, 5.49%, 1, 0, 3, 2517.52
1570830408, 0, 210, 1052, 1002, 264, 5.49%, 1, 0, 3, 2533.57
1570830490, 0, 217, 1052, 1001, 264, 5.49%, 1, 0, 3, 2627.03
1570830633, 0, 217, 1053, 1002, 264, 5.49%, 1, 0, 3, 2139.41
1570830872, 0, 221, 1053, 1001, 263, 5.49%, 1, 0, 3, 2305.45
1570830898, 0, 221, 1055, 1003, 263, 5.60%, 1, 0, 3, 2075.39
1570830903, 0, 221, 1059, 1007, 263, 5.61%, 1, 0, 3, 2088.88
1570830964, 0, 221, 1060, 1008, 263, 5.70%, 1, 0, 3, 2127.95
1570831256, 0, 242, 1060, 1007, 264, 5.70%, 1, 0, 3, 2242.10
1570831276, 0, 242, 1061, 1008, 264, 5.70%, 1, 0, 3, 2036.20
1570831638, 0, 246, 1061, 1007, 263, 5.70%, 1, 0, 3, 2243.81
1570831669, 0, 246, 1063, 1009, 263, 5.70%, 1, 0, 3, 2109.28
1570831721, 0, 246, 1064, 1010, 263, 5.70%, 1, 0, 3, 2105.13
1570831782, 0, 246, 1065, 1011, 263, 5.70%, 1, 0, 3, 2161.53
1570831787, 0, 246, 1066, 1012, 263, 5.70%, 1, 0, 3, 2189.55
1570831976, 0, 246, 1068, 1014, 263, 5.71%, 1, 0, 3, 2175.90
1570832028, 0, 253, 1069, 1014, 264, 5.71%, 1, 0, 3, 2122.94
1570832053, 0, 253, 1071, 1016, 264, 5.71%, 1, 0, 3, 2049.73
1570832119, 0, 253, 1072, 1017, 264, 5.71%, 1, 0, 3, 2121.19
1570832171, 0, 253, 1073, 1018, 264, 5.71%, 1, 0, 3, 2117.78
1570832420, 0, 258, 1074, 1018, 264, 5.71%, 1, 0, 3, 2338.25
1570832441, 0, 258, 1075, 1019, 264, 5.71%, 1, 0, 3, 2317.83
1570832502, 0, 258, 1076, 1020, 264, 5.71%, 1, 0, 3, 2348.05
1570832507, 0, 258, 1077, 1021, 264, 5.72%, 1, 0, 3, 2334.88
1570832512, 0, 258, 1079, 1023, 264, 5.72%, 1, 0, 3, 2395.91
1570832533, 0, 258, 1081, 1025, 264, 5.72%, 1, 0, 3, 2367.57
1570832630, 0, 264, 1082, 1025, 266, 5.72%, 1, 0, 3, 2203.84
1570832798, 0, 264, 1083, 1026, 266, 5.73%, 1, 0, 3, 2082.14
1570833018, 0, 264, 1085, 1028, 266, 5.73%, 1, 0, 3, 2136.51
1570833023, 0, 267, 1085, 1027, 268, 5.73%, 1, 0, 3, 2138.00
1570833248, 0, 267, 1086, 1028, 268, 5.73%, 1, 0, 3, 2200.52
1570833407, 0, 267, 1087, 1029, 268, 5.73%, 1, 0, 3, 2177.78
1570833412, 0, 268, 1088, 1029, 267, 5.73%, 1, 0, 3, 2232.67
1570833432, 0, 268, 1089, 1030, 267, 5.73%, 1, 0, 3, 2163.35
1570833438, 0, 268, 1094, 1035, 267, 5.73%, 1, 0, 3, 2183.92
1570833463, 0, 268, 1095, 1036, 267, 5.73%, 1, 0, 3, 2204.50
1570833560, 0, 268, 1096, 1037, 267, 5.73%, 1, 0, 3, 2264.57
1570833576, 0, 268, 1097, 1038, 267, 5.73%, 1, 0, 3, 2135.78
1570833687, 0, 268, 1098, 1039, 267, 5.73%, 1, 0, 3, 2196.11
1570833758, 0, 272, 1099, 1039, 266, 5.73%, 1, 0, 3, 2403.55
1570833850, 0, 272, 1100, 1040, 266, 5.73%, 1, 0, 3, 2405.37
1570833973, 0, 273, 1100, 1039, 265, 5.73%, 1, 0, 3, 2379.47
1570834066, 0, 273, 1101, 1040, 265, 5.73%, 1, 0, 3, 2322.64
1570834086, 0, 273, 1102, 1041, 265, 5.73%, 1, 0, 3, 2337.45
1570834214, 0, 279, 1102, 1040, 265, 5.73%, 1, 0, 3, 2446.89
1570834378, 0, 279, 1104, 1042, 265, 5.73%, 1, 0, 3, 2175.10
1570834593, 0, 280, 1104, 1041, 264, 5.73%, 1, 0, 3, 2290.08
1570834654, 0, 280, 1105, 1042, 264, 5.73%, 1, 0, 3, 2026.65
1570834761, 0, 280, 1106, 1043, 264, 5.73%, 1, 0, 3, 2097.76
1570834771, 0, 280, 1107, 1044, 264, 5.73%, 1, 0, 3, 1985.83
1570834996, 0, 285, 1107, 1043, 264, 5.73%, 1, 0, 3, 2347.68
1570835205, 0, 286, 1107, 1042, 263, 5.73%, 1, 0, 3, 2378.91
1570835421, 0, 288, 1107, 1041, 262, 5.73%, 1, 0, 3, 2058.20
1570835451, 0, 288, 1110, 1044, 262, 5.73%, 1, 0, 3, 1932.06
1570835482, 0, 288, 1112, 1046, 262, 5.73%, 1, 0, 3, 1929.14
1570835538, 0, 288, 1113, 1047, 262, 5.73%, 1, 0, 3, 1907.78
1570835548, 0, 288, 1114, 1048, 262, 5.73%, 1, 0, 3, 2054.49
1570835569, 0, 288, 1115, 1049, 262, 5.73%, 1, 0, 3, 2056.84
1570835574, 0, 288, 1116, 1050, 262, 5.73%, 1, 0, 3, 1988.81
1570835768, 0, 291, 1116, 1049, 263, 5.73%, 1, 0, 3, 2148.73
1570835793, 0, 291, 1118, 1051, 263, 5.73%, 1, 0, 3, 2103.51
1570835932, 0, 291, 1119, 1052, 263, 5.73%, 1, 0, 3, 2139.08
1570836161, 0, 298, 1119, 1051, 262, 5.73%, 1, 0, 3, 2260.47
1570836166, 0, 298, 1120, 1052, 262, 5.73%, 1, 0, 3, 2076.55
1570836559, 0, 312, 1120, 1051, 261, 5.73%, 1, 0, 3, 2516.48
1570836697, 0, 318, 1120, 1050, 260, 5.73%, 1, 0, 3, 2811.55
1570836830, 0, 319, 1129, 1058, 259, 5.81%, 1, 0, 3, 2826.32
1570836835, 0, 319, 1134, 1063, 259, 5.84%, 1, 0, 3, 2828.59
1570836841, 0, 319, 1135, 1064, 259, 5.86%, 1, 0, 3, 2826.15
1570836846, 0, 334, 1135, 1063, 271, 5.86%, 1, 0, 3, 2266.24
1570836897, 0, 334, 1136, 1064, 271, 5.86%, 1, 0, 3, 2077.03
1570836923, 0, 334, 1137, 1065, 271, 5.86%, 1, 0, 3, 2021.19
1570836974, 0, 334, 1138, 1066, 271, 5.86%, 1, 0, 3, 2032.05
1570837245, 0, 335, 1138, 1065, 270, 5.86%, 1, 0, 3, 2134.64
1570837266, 0, 335, 1139, 1066, 270, 5.86%, 1, 0, 3, 2029.97
1570837645, 0, 336, 1139, 1065, 270, 5.86%, 1, 0, 3, 2132.06
1570837660, 0, 336, 1140, 1066, 270, 5.86%, 1, 0, 3, 2031.27
1570837665, 0, 336, 1141, 1067, 270, 5.86%, 1, 0, 3, 2020.51
1570837691, 0, 336, 1142, 1068, 270, 5.86%, 1, 0, 3, 2029.66
1570837773, 0, 336, 1145, 1071, 270, 5.87%, 1, 0, 3, 2011.79
1570838043, 0, 337, 1145, 1070, 272, 5.87%, 1, 0, 3, 2143.26
1570838064, 0, 337, 1148, 1073, 272, 5.88%, 1, 0, 3, 2018.88
1570838095, 0, 337, 1149, 1074, 272, 5.88%, 1, 0, 3, 2084.30
1570838172, 0, 337, 1150, 1075, 272, 5.88%, 1, 0, 3, 2022.03
1570838325, 0, 337, 1151, 1076, 272, 5.91%, 1, 0, 3, 2111.63
1570838336, 0, 337, 1152, 1077, 272, 5.91%, 1, 0, 3, 2017.26
1570838417, 0, 337, 1154, 1079, 272, 5.92%, 1, 0, 3, 2033.82
1570838443, 0, 337, 1156, 1081, 272, 5.92%, 1, 0, 3, 2322.17
1570838448, 0, 338, 1156, 1080, 279, 5.92%, 1, 0, 3, 2139.83
1570838468, 0, 338, 1157, 1081, 279, 5.93%, 1, 0, 3, 2037.14
1570838847, 0, 340, 1157, 1080, 278, 5.93%, 1, 0, 3, 2128.80
1570838863, 0, 340, 1158, 1081, 278, 5.93%, 1, 0, 3, 2020.23
1570838868, 0, 340, 1159, 1082, 278, 5.94%, 1, 0, 3, 2004.59
1570838899, 0, 340, 1160, 1083, 278, 5.95%, 1, 0, 3, 2073.08
1570838934, 0, 340, 1161, 1084, 278, 5.95%, 1, 0, 3, 2036.08
1570838976, 0, 340, 1166, 1089, 278, 5.96%, 1, 0, 3, 2014.99
1570839247, 0, 341, 1166, 1088, 283, 5.96%, 1, 0, 3, 2285.64
1570839272, 0, 341, 1167, 1089, 283, 5.96%, 1, 0, 3, 2068.90
1570839370, 0, 341, 1168, 1090, 283, 5.96%, 1, 0, 3, 2007.57
1570839380, 0, 341, 1170, 1092, 283, 6.01%, 1, 0, 3, 2023.71
1570839651, 0, 350, 1170, 1091, 284, 6.01%, 1, 0, 3, 2134.02
1570840040, 0, 356, 1170, 1090, 283, 6.01%, 1, 0, 3, 2294.59
1570840060, 0, 356, 1172, 1092, 283, 6.01%, 1, 0, 3, 2038.62
1570840066, 0, 356, 1174, 1094, 283, 6.02%, 1, 0, 3, 2096.53
1570840091, 0, 356, 1176, 1096, 283, 6.02%, 1, 0, 3, 2051.64
1570840168, 0, 356, 1177, 1097, 283, 6.03%, 1, 0, 3, 2047.27
1570840327, 0, 356, 1178, 1098, 283, 6.03%, 1, 0, 3, 2040.71
1570840403, 0, 356, 1180, 1100, 283, 6.03%, 1, 0, 3, 2057.85
1570840429, 0, 366, 1180, 1099, 283, 6.03%, 1, 0, 3, 2520.43
1570840434, 0, 375, 1180, 1098, 282, 6.03%, 1, 0, 3, 2231.25
1570840455, 0, 375, 1182, 1100, 282, 6.03%, 1, 0, 3, 2035.41
1570840511, 0, 375, 1183, 1101, 282, 6.03%, 1, 0, 3, 2029.35
1570840562, 0, 375, 1192, 1110, 282, 6.09%, 1, 0, 3, 2030.67
1570840802, 0, 375, 1199, 1117, 282, 6.10%, 1, 0, 3, 2040.52
1570840833, 0, 376, 1199, 1116, 287, 6.10%, 1, 0, 3, 2185.86
1570840858, 0, 376, 1200, 1117, 287, 6.10%, 1, 0, 3, 2120.85
1570841231, 0, 385, 1200, 1116, 287, 6.10%, 1, 0, 3, 2064.72
1570841390, 0, 385, 1203, 1119, 287, 6.10%, 1, 0, 3, 2079.30
1570841620, 0, 395, 1203, 1118, 286, 6.10%, 1, 0, 3, 2320.31
1570841641, 0, 395, 1206, 1121, 286, 6.10%, 1, 0, 3, 2304.22
1570841646, 0, 395, 1210, 1125, 286, 6.12%, 1, 0, 3, 2304.56
1570841671, 0, 395, 1211, 1126, 286, 6.12%, 1, 0, 3, 2323.15
1570841697, 0, 395, 1212, 1127, 286, 6.12%, 1, 0, 3, 2281.26
1570841702, 0, 395, 1216, 1131, 286, 6.12%, 1, 0, 3, 2322.89
1570841708, 0, 395, 1217, 1132, 286, 6.12%, 1, 0, 3, 2322.76
1570841713, 0, 395, 1219, 1134, 286, 6.12%, 1, 0, 3, 2359.21
1570841723, 0, 395, 1220, 1135, 286, 6.12%, 1, 0, 3, 2351.12
1570841728, 0, 395, 1221, 1136, 286, 6.12%, 1, 0, 3, 2380.69
1570841790, 0, 395, 1222, 1137, 286, 6.12%, 1, 0, 3, 2338.82
1570841830, 0, 397, 1222, 1136, 291, 6.12%, 1, 0, 3, 2482.03
1570841922, 0, 397, 1223, 1137, 291, 6.12%, 1, 0, 3, 2382.88
1570842050, 0, 405, 1223, 1136, 289, 6.12%, 1, 0, 3, 2475.44
1570842055, 0, 406, 1223, 1135, 288, 6.12%, 1, 0, 3, 2496.74
1570842351, 0, 406, 1224, 1136, 288, 6.13%, 1, 0, 3, 2112.49
1570842459, 0, 421, 1225, 1136, 288, 6.13%, 1, 0, 3, 2442.71
1570842525, 0, 436, 1225, 1135, 287, 6.13%, 1, 0, 3, 2485.37
1570842551, 0, 436, 1227, 1137, 287, 6.13%, 1, 0, 3, 2070.20
1570842577, 0, 436, 1229, 1139, 287, 6.14%, 1, 0, 3, 2043.06
1570842607, 0, 436, 1231, 1141, 287, 6.15%, 1, 0, 3, 2094.36
1570842638, 0, 436, 1232, 1142, 287, 6.15%, 1, 0, 3, 2037.49
1570842653, 0, 436, 1245, 1155, 287, 6.26%, 1, 0, 3, 2026.62
1570842934, 0, 440, 1245, 1154, 300, 6.26%, 1, 0, 3, 2113.23
1570842954, 0, 440, 1249, 1158, 300, 6.27%, 1, 0, 3, 2017.53
1570842985, 0, 440, 1250, 1159, 300, 6.27%, 1, 0, 3, 2069.37
1570843046, 0, 440, 1251, 1160, 300, 6.27%, 1, 0, 3, 2015.97
1570843062, 0, 440, 1252, 1161, 300, 6.27%, 1, 0, 3, 2015.80
1570843338, 0, 443, 1252, 1160, 301, 6.27%, 1, 0, 3, 2317.81
1570843359, 0, 443, 1253, 1161, 301, 6.27%, 1, 0, 3, 2020.70
1570843364, 0, 443, 1255, 1163, 301, 6.29%, 1, 0, 3, 2066.44
1570843420, 0, 443, 1256, 1164, 301, 6.30%, 1, 0, 3, 2017.05
1570843471, 0, 443, 1266, 1174, 301, 6.34%, 1, 0, 3, 2021.12
1570843747, 0, 444, 1266, 1173, 308, 6.34%, 1, 0, 3, 2222.68
1570843767, 0, 444, 1267, 1174, 308, 6.34%, 1, 0, 3, 2047.42
1570843875, 0, 444, 1268, 1175, 308, 6.35%, 1, 0, 3, 2046.47
1570844151, 0, 445, 1268, 1174, 308, 6.35%, 1, 0, 3, 2326.41
1570844171, 0, 445, 1269, 1175, 308, 6.35%, 1, 0, 3, 2016.82
1570844176, 0, 445, 1270, 1176, 308, 6.35%, 1, 0, 3, 2064.22
1570844279, 0, 445, 1272, 1178, 308, 6.38%, 1, 0, 3, 2022.15
1570844284, 0, 445, 1273, 1179, 308, 6.38%, 1, 0, 3, 1981.26
1570844525, 0, 445, 1275, 1181, 308, 6.41%, 1, 0, 3, 2024.42
1570844560, 0, 446, 1275, 1180, 311, 6.41%, 1, 0, 3, 2164.05
1570844580, 0, 446, 1278, 1183, 311, 6.42%, 1, 0, 3, 2032.68
1570844611, 0, 446, 1279, 1184, 311, 6.42%, 1, 0, 3, 2082.42
1570844637, 0, 446, 1281, 1186, 311, 6.43%, 1, 0, 3, 2013.21
1570844688, 0, 446, 1291, 1196, 311, 6.48%, 1, 0, 3, 2026.72
1570844933, 0, 446, 1292, 1197, 311, 6.48%, 1, 0, 3, 2052.45
1570844964, 0, 448, 1292, 1196, 318, 6.48%, 1, 0, 3, 2243.67
1570844984, 0, 448, 1294, 1198, 318, 6.48%, 1, 0, 3, 2012.04
1570845342, 0, 448, 1295, 1199, 318, 6.48%, 1, 0, 3, 2013.86
1570845372, 0, 450, 1295, 1198, 319, 6.48%, 1, 0, 3, 2356.32
1570845398, 0, 450, 1298, 1201, 319, 6.49%, 1, 0, 3, 2015.98
1570845428, 0, 450, 1301, 1204, 319, 6.54%, 1, 0, 3, 2049.49
1570845494, 0, 450, 1302, 1205, 319, 6.54%, 1, 0, 3, 1985.42
1570845504, 0, 450, 1313, 1216, 319, 6.62%, 1, 0, 3, 2007.16
1570845673, 0, 450, 1315, 1218, 319, 6.62%, 1, 0, 3, 2008.76
1570845755, 0, 450, 1324, 1227, 319, 6.66%, 1, 0, 3, 2003.74
1570845785, 0, 451, 1324, 1226, 329, 6.66%, 1, 0, 3, 2349.78
1570845867, 0, 451, 1325, 1227, 329, 6.66%, 1, 0, 3, 2047.47
1570845919, 0, 451, 1326, 1228, 329, 6.66%, 1, 0, 3, 2042.47
1570846195, 0, 454, 1326, 1227, 330, 6.66%, 1, 0, 3, 2164.26
1570846215, 0, 454, 1327, 1228, 330, 6.66%, 1, 0, 3, 2015.52
1570846322, 0, 454, 1329, 1230, 330, 6.69%, 1, 0, 3, 2038.80
1570846568, 0, 454, 1330, 1231, 330, 6.69%, 1, 0, 3, 2051.45
1570846598, 0, 458, 1330, 1230, 331, 6.69%, 1, 0, 3, 2243.50
1570846618, 0, 458, 1331, 1231, 331, 6.69%, 1, 0, 3, 2007.25
1570846623, 0, 458, 1332, 1232, 331, 6.70%, 1, 0, 3, 2070.37
1570846649, 0, 458, 1333, 1233, 331, 6.70%, 1, 0, 3, 2023.82
1570846731, 0, 458, 1335, 1235, 331, 6.70%, 1, 0, 3, 2006.83
1570846880, 0, 458, 1336, 1236, 331, 6.71%, 1, 0, 3, 2103.81
1570846977, 0, 458, 1337, 1237, 331, 6.71%, 1, 0, 3, 1993.63
1570847008, 0, 460, 1337, 1236, 332, 6.71%, 1, 0, 3, 2287.50
1570847028, 0, 460, 1338, 1237, 332, 6.71%, 1, 0, 3, 1999.22
1570847416, 0, 465, 1338, 1236, 332, 6.71%, 1, 0, 3, 2270.97
1570847447, 0, 465, 1339, 1237, 332, 6.71%, 1, 0, 3, 2052.17
1570847824, 0, 467, 1339, 1236, 332, 6.71%, 1, 0, 3, 2135.08
1570847845, 0, 467, 1340, 1237, 332, 6.72%, 1, 0, 3, 2061.03
1570847850, 0, 467, 1341, 1238, 332, 6.72%, 1, 0, 3, 2105.59
1570847911, 0, 467, 1341, 1238, 332, 6.72%, 2, 0, 3, 2091.77
1570847962, 0, 467, 1343, 1240, 332, 6.72%, 2, 0, 3, 2140.45
1570847972, 0, 467, 1344, 1241, 332, 6.72%, 2, 0, 3, 2134.65
1570847982, 0, 467, 1346, 1243, 332, 6.72%, 2, 0, 3, 2132.81
1570848023, 0, 467, 1347, 1244, 332, 6.73%, 2, 0, 3, 2159.30
1570848120, 0, 467, 1348, 1245, 332, 6.73%, 2, 0, 3, 2135.88
1570848202, 0, 467, 1349, 1246, 332, 6.73%, 2, 0, 3, 2149.72
1570848222, 0, 467, 1351, 1248, 332, 6.73%, 2, 0, 3, 2250.27
1570848227, 0, 473, 1351, 1247, 336, 6.73%, 2, 0, 3, 2138.89
1570848253, 0, 473, 1352, 1248, 336, 6.73%, 2, 0, 3, 2094.80
1570848278, 0, 473, 1353, 1249, 336, 6.73%, 2, 0, 3, 2112.64
1570848314, 0, 473, 1353, 1249, 336, 6.73%, 3, 0, 3, 2056.76
1570848375, 0, 473, 1354, 1250, 336, 6.73%, 3, 0, 3, 2156.61
1570848386, 0, 473, 1355, 1251, 336, 6.73%, 3, 0, 3, 2157.20
1570848391, 0, 473, 1356, 1252, 336, 6.73%, 3, 0, 3, 2140.26
1570848631, 0, 474, 1356, 1251, 336, 6.73%, 3, 0, 3, 2207.42
1570848661, 0, 474, 1357, 1252, 336, 6.73%, 3, 0, 3, 2074.88
1570848774, 0, 474, 1358, 1253, 336, 6.74%, 3, 0, 3, 2154.99
1570848784, 0, 474, 1359, 1254, 336, 6.74%, 3, 0, 3, 2135.24
1570848927, 0, 474, 1359, 1254, 336, 6.74%, 4, 0, 3, 2115.23
1570849034, 0, 475, 1359, 1253, 336, 6.74%, 4, 0, 3, 2242.84
1570849065, 0, 475, 1360, 1254, 336, 6.74%, 4, 0, 3, 2085.57
1570849178, 0, 475, 1361, 1255, 336, 6.74%, 4, 0, 3, 2146.02
1570849193, 0, 475, 1362, 1256, 336, 6.74%, 4, 0, 3, 2126.41
1570849331, 0, 475, 1362, 1256, 336, 6.74%, 5, 0, 3, 2109.12
1570849443, 0, 476, 1362, 1255, 337, 6.74%, 5, 0, 3, 2237.75
1570849474, 0, 476, 1363, 1256, 337, 6.74%, 5, 0, 3, 2061.92
1570849530, 0, 476, 1363, 1256, 337, 6.74%, 6, 0, 3, 2064.36
1570849586, 0, 476, 1364, 1257, 337, 6.74%, 6, 0, 3, 2155.63
1570849602, 0, 476, 1365, 1258, 337, 6.74%, 6, 0, 3, 2147.54
1570849852, 0, 477, 1365, 1257, 338, 6.74%, 6, 0, 3, 2272.08
1570849883, 0, 477, 1366, 1258, 338, 6.74%, 6, 0, 3, 2079.08
1570849944, 0, 477, 1366, 1258, 338, 6.74%, 7, 0, 3, 2152.08
1570849996, 0, 477, 1367, 1259, 338, 6.74%, 7, 0, 3, 2142.40
1570850011, 0, 477, 1368, 1260, 338, 6.74%, 7, 0, 3, 2139.12
1570850261, 0, 478, 1368, 1259, 339, 6.74%, 7, 0, 3, 2261.87
1570850292, 0, 478, 1369, 1260, 339, 6.74%, 7, 0, 3, 2067.08
1570850353, 0, 478, 1369, 1260, 339, 6.74%, 8, 0, 3, 2139.95
1570850405, 0, 478, 1370, 1261, 339, 6.75%, 8, 0, 3, 2156.97
1570850420, 0, 478, 1371, 1262, 339, 6.75%, 8, 0, 3, 2141.98
1570850670, 0, 479, 1371, 1261, 340, 6.75%, 8, 0, 3, 2289.92
1570850695, 0, 479, 1373, 1263, 340, 6.75%, 8, 0, 3, 2263.71
1570850747, 0, 479, 1374, 1264, 340, 6.75%, 8, 0, 3, 2255.93
1570850890, 0, 497, 1374, 1263, 340, 6.75%, 8, 0, 3, 2437.19
1570851125, 0, 501, 1374, 1262, 339, 6.75%, 8, 0, 3, 2196.81
1570851156, 0, 501, 1376, 1264, 339, 6.75%, 8, 0, 3, 1892.46
1570851223, 0, 501, 1376, 1264, 339, 6.75%, 9, 0, 3, 1854.72
1570851259, 0, 501, 1377, 1265, 339, 6.75%, 9, 0, 3, 1967.29
1570851279, 0, 501, 1378, 1266, 339, 6.75%, 9, 0, 3, 1986.15
1570851484, 0, 518, 1378, 1265, 342, 6.75%, 9, 0, 3, 2143.49
1570851489, 0, 518, 1379, 1266, 342, 6.75%, 9, 0, 3, 2538.85
1570851504, 0, 518, 1380, 1267, 342, 6.75%, 9, 0, 3, 2679.49
1570851613, 0, 518, 1381, 1268, 342, 6.75%, 9, 0, 3, 2679.90
1570851628, 0, 520, 1381, 1267, 343, 6.75%, 9, 0, 3, 2678.62
1570852037, 0, 521, 1381, 1266, 342, 6.75%, 9, 0, 3, 2342.35
1570852262, 0, 522, 1381, 1265, 341, 6.75%, 9, 0, 3, 2394.61
1570852488, 0, 528, 1381, 1264, 340, 6.75%, 9, 0, 3, 2230.36
1570852534, 0, 528, 1382, 1265, 340, 6.75%, 9, 0, 3, 2049.20
1570852575, 0, 528, 1383, 1266, 340, 6.75%, 9, 0, 3, 2053.67
1570852677, 0, 528, 1384, 1267, 340, 6.75%, 9, 0, 3, 2033.62
1570852892, 0, 530, 1384, 1266, 339, 6.75%, 9, 0, 3, 2401.62
1570852912, 0, 530, 1388, 1270, 339, 6.76%, 9, 0, 3, 2524.06
1570852917, 0, 530, 1391, 1273, 339, 6.77%, 9, 0, 3, 2517.18
1570852979, 0, 530, 1392, 1274, 339, 6.77%, 9, 0, 3, 2550.25
1570853045, 0, 540, 1392, 1273, 345, 6.77%, 9, 0, 3, 2453.53
1570853070, 0, 540, 1394, 1275, 345, 6.77%, 9, 0, 3, 2051.07
1570853136, 0, 540, 1395, 1276, 345, 6.77%, 9, 0, 3, 2014.62
1570853351, 0, 540, 1396, 1277, 345, 6.77%, 9, 0, 3, 2119.32
1570853437, 0, 540, 1397, 1278, 345, 6.77%, 9, 0, 3, 2099.88
1570853463, 0, 544, 1397, 1277, 344, 6.77%, 9, 0, 3, 2258.49
1570853488, 0, 544, 1399, 1279, 344, 6.77%, 9, 0, 3, 2323.40
1570853514, 0, 544, 1400, 1280, 344, 6.77%, 9, 0, 3, 2339.19
1570853682, 0, 548, 1401, 1280, 344, 6.77%, 9, 0, 3, 2668.78
1570853688, 0, 565, 1403, 1281, 345, 6.79%, 9, 0, 3, 2457.18
1570853908, 0, 576, 1403, 1280, 344, 6.79%, 9, 0, 3, 2651.03
1570853913, 0, 580, 1404, 1280, 344, 6.79%, 9, 0, 3, 2787.93
1570853975, 0, 581, 1404, 1279, 343, 6.79%, 9, 0, 3, 2742.23
1570853980, 0, 581, 1405, 1280, 343, 6.79%, 9, 0, 3, 2427.24
1570854000, 0, 581, 1407, 1282, 343, 6.79%, 9, 0, 3, 2374.51
1570854026, 0, 581, 1408, 1283, 343, 6.79%, 9, 0, 3, 2354.13
1570854087, 0, 581, 1409, 1284, 343, 6.79%, 9, 0, 3, 2399.21
1570854194, 0, 585, 1409, 1283, 342, 6.79%, 9, 0, 3, 2648.55
1570854199, 0, 587, 1409, 1282, 341, 6.79%, 9, 0, 3, 2819.91
1570854255, 0, 603, 1409, 1281, 340, 6.79%, 9, 0, 3, 2800.03
1570854408, 0, 604, 1409, 1280, 339, 6.79%, 9, 0, 3, 2580.16
1570854429, 0, 604, 1410, 1281, 339, 6.79%, 9, 0, 3, 2487.44
1570854485, 0, 604, 1414, 1285, 339, 6.79%, 9, 0, 3, 2522.51
1570854572, 0, 612, 1414, 1284, 340, 6.79%, 9, 0, 3, 2637.66
1570854577, 0, 618, 1414, 1283, 339, 6.79%, 9, 0, 3, 2729.05
1570854654, 0, 619, 1414, 1282, 338, 6.79%, 9, 0, 3, 2714.17
1570854659, 0, 619, 1415, 1283, 338, 6.79%, 9, 0, 3, 2160.72
1570854674, 0, 619, 1418, 1286, 338, 6.79%, 9, 0, 3, 1980.83
1570854684, 0, 619, 1422, 1290, 338, 6.79%, 9, 0, 3, 2054.26
1570854715, 0, 619, 1426, 1294, 338, 6.79%, 9, 0, 3, 2030.70
1570854740, 0, 619, 1427, 1295, 338, 6.79%, 9, 0, 3, 2060.38
1570854746, 0, 619, 1428, 1296, 338, 6.79%, 9, 0, 3, 2026.53
1570854751, 0, 619, 1429, 1297, 338, 6.79%, 9, 0, 3, 2075.90
1570854807, 0, 619, 1430, 1298, 338, 6.79%, 9, 0, 3, 2114.19
1570854817, 0, 619, 1433, 1301, 338, 6.79%, 9, 0, 3, 2134.83
1570855051, 0, 621, 1433, 1300, 337, 6.79%, 9, 0, 3, 2211.92
1570855077, 0, 621, 1435, 1302, 337, 6.79%, 9, 0, 3, 1941.21
1570855082, 0, 621, 1436, 1303, 337, 6.79%, 9, 0, 3, 1974.73
1570855112, 0, 621, 1437, 1304, 337, 6.79%, 9, 0, 3, 1967.17
1570855133, 0, 621, 1438, 1305, 337, 6.79%, 9, 0, 3, 1913.25
1570855138, 0, 621, 1439, 1306, 337, 6.79%, 9, 0, 3, 1972.57
1570855184, 0, 621, 1445, 1312, 337, 6.79%, 9, 0, 3, 1912.52
1570855214, 0, 621, 1446, 1313, 337, 6.79%, 9, 0, 3, 2044.64
1570855332, 0, 621, 1447, 1314, 337, 6.79%, 9, 0, 3, 2017.75
1570855419, 0, 621, 1448, 1315, 337, 6.79%, 9, 0, 3, 1919.03
1570855449, 0, 622, 1449, 1315, 337, 6.79%, 9, 0, 3, 2345.60
1570855470, 0, 622, 1452, 1318, 337, 6.79%, 9, 0, 3, 2384.01
1570855526, 0, 622, 1453, 1319, 337, 6.79%, 9, 0, 3, 2417.30
1570855645, 0, 634, 1454, 1316, 335, 6.79%, 9, 0, 4, 2780.88
1570855650, 0, 635, 1454, 1315, 334, 6.79%, 9, 0, 4, 2803.97
1570855655, 0, 636, 1454, 1314, 333, 6.79%, 9, 0, 4, 2875.27
1570855660, 0, 638, 1465, 1323, 335, 6.90%, 9, 0, 4, 2818.46
1570855665, 0, 639, 1466, 1323, 337, 6.91%, 9, 0, 4, 2880.36
1570855670, 0, 641, 1466, 1321, 336, 6.91%, 9, 0, 4, 2894.69
1570855675, 0, 642, 1471, 1325, 339, 6.93%, 9, 0, 4, 2926.68
1570855680, 0, 645, 1472, 1325, 340, 6.93%, 9, 0, 4, 2568.04
1570855701, 0, 645, 1473, 1326, 340, 6.93%, 9, 0, 4, 2387.44
1570855762, 0, 645, 1474, 1327, 340, 6.93%, 9, 0, 4, 2417.71
1570855869, 0, 646, 1474, 1326, 339, 6.93%, 9, 0, 4, 2501.13
1570855997, 0, 646, 1479, 1331, 339, 6.93%, 9, 0, 4, 2007.36
1570856243, 0, 646, 1480, 1332, 339, 6.93%, 9, 0, 4, 2026.85
1570856284, 0, 650, 1481, 1332, 338, 6.93%, 9, 0, 4, 2634.19
1570856422, 0, 654, 1481, 1331, 337, 6.93%, 9, 0, 4, 2651.41
1570856468, 0, 654, 1483, 1333, 337, 6.93%, 9, 0, 4, 2376.08
1570856621, 0, 669, 1483, 1332, 336, 6.93%, 9, 0, 4, 2403.14
1570856642, 0, 669, 1484, 1333, 336, 6.93%, 9, 0, 4, 2000.34
1570856647, 0, 669, 1486, 1335, 336, 6.94%, 9, 0, 4, 2046.94
1570856739, 0, 669, 1487, 1336, 336, 6.94%, 9, 0, 4, 2011.83
1570856749, 0, 669, 1493, 1342, 336, 6.94%, 9, 0, 4, 2008.91
1570856907, 0, 669, 1494, 1343, 336, 6.94%, 9, 0, 4, 2078.93
1570856917, 0, 669, 1495, 1344, 336, 6.94%, 9, 0, 4, 1986.62
1570856942, 0, 669, 1496, 1345, 336, 6.94%, 9, 0, 4, 2005.14
1570856999, 0, 669, 1499, 1348, 336, 6.94%, 9, 0, 4, 2005.62
1570857034, 0, 673, 1499, 1347, 337, 6.94%, 9, 0, 4, 2249.93
1570857039, 0, 673, 1501, 1349, 337, 6.94%, 9, 0, 4, 2407.54
1570857060, 0, 673, 1525, 1373, 337, 6.96%, 9, 0, 4, 2437.08
1570857080, 0, 673, 1530, 1378, 337, 6.97%, 9, 0, 4, 2411.47
1570857085, 0, 673, 1538, 1386, 337, 6.98%, 9, 0, 4, 2442.40
1570857106, 0, 673, 1539, 1387, 337, 6.98%, 9, 0, 4, 2448.79
1570857111, 0, 673, 1540, 1388, 337, 6.98%, 9, 0, 4, 2422.06
1570857121, 0, 673, 1542, 1390, 337, 6.98%, 9, 0, 4, 2386.49
1570857126, 0, 673, 1548, 1396, 337, 6.99%, 9, 0, 4, 2415.47
1570857131, 0, 673, 1549, 1397, 337, 6.99%, 9, 0, 4, 2416.02
1570857136, 0, 673, 1554, 1402, 337, 6.99%, 9, 0, 4, 2475.37
1570857212, 0, 673, 1555, 1403, 337, 6.99%, 9, 0, 4, 2464.60
1570857228, 0, 681, 1555, 1402, 354, 6.99%, 9, 0, 4, 2566.96
1570857258, 0, 681, 1556, 1403, 354, 6.99%, 9, 0, 4, 2613.14
1570857345, 0, 681, 1557, 1404, 354, 6.99%, 9, 0, 4, 2602.39
1570857360, 0, 699, 1557, 1403, 354, 6.99%, 9, 0, 4, 2630.59
1570857764, 0, 708, 1557, 1402, 353, 6.99%, 9, 0, 4, 2375.51
1570857918, 0, 708, 1558, 1403, 353, 7.00%, 9, 0, 4, 2543.32
1570857969, 0, 711, 1558, 1402, 353, 7.00%, 9, 0, 4, 2560.97
1570857995, 0, 711, 1560, 1404, 353, 7.00%, 9, 0, 4, 2032.44
1570858000, 0, 711, 1571, 1415, 353, 7.00%, 9, 0, 4, 2057.50
1570858025, 0, 711, 1572, 1416, 353, 7.00%, 9, 0, 4, 2057.21
1570858056, 0, 711, 1573, 1417, 353, 7.00%, 9, 0, 4, 2058.55
1570858127, 0, 711, 1574, 1418, 353, 7.00%, 9, 0, 4, 2090.58
1570858132, 0, 711, 1575, 1419, 353, 7.00%, 9, 0, 4, 2108.06
1570858137, 0, 711, 1576, 1420, 353, 7.00%, 9, 0, 4, 2173.59
1570858382, 0, 714, 1576, 1419, 357, 7.00%, 9, 0, 4, 2243.29
1570858521, 0, 715, 1576, 1418, 356, 7.00%, 9, 0, 4, 2596.18
1570858654, 0, 716, 1576, 1417, 355, 7.00%, 9, 0, 4, 2630.40
1570858787, 0, 717, 1576, 1416, 354, 7.00%, 9, 0, 4, 2555.05
1570858808, 0, 717, 1578, 1418, 354, 7.00%, 9, 0, 4, 2476.13
1570858993, 0, 726, 1580, 1419, 352, 7.00%, 9, 0, 4, 2530.45
1570859018, 0, 726, 1584, 1423, 352, 7.00%, 9, 0, 4, 2097.28
1570859023, 0, 726, 1586, 1425, 352, 7.00%, 9, 0, 4, 2088.09
1570859054, 0, 726, 1587, 1426, 352, 7.01%, 9, 0, 4, 2068.68
1570859401, 0, 727, 1588, 1426, 355, 7.01%, 9, 0, 4, 2183.71
1570859427, 0, 727, 1593, 1431, 355, 7.01%, 9, 0, 4, 2098.91
1570859801, 0, 728, 1596, 1433, 356, 7.02%, 9, 0, 4, 2205.51
1570859826, 0, 728, 1601, 1438, 356, 7.02%, 9, 0, 4, 2086.30
1570859831, 0, 728, 1602, 1439, 356, 7.02%, 9, 0, 4, 2056.47
1570859857, 0, 728, 1603, 1440, 356, 7.02%, 9, 0, 4, 2087.82
1570859893, 0, 728, 1606, 1443, 356, 7.03%, 9, 0, 4, 2100.95
1570860210, 0, 729, 1606, 1442, 353, 7.03%, 9, 0, 4, 2253.82
1570860235, 0, 729, 1608, 1444, 353, 7.03%, 9, 0, 4, 2204.65
1570860338, 0, 729, 1609, 1445, 353, 7.03%, 9, 0, 4, 2225.81
1570860572, 0, 732, 1609, 1444, 352, 7.03%, 9, 0, 4, 2356.84
1570860578, 0, 732, 1611, 1446, 352, 7.03%, 9, 0, 4, 2370.31
1570860598, 0, 732, 1615, 1450, 352, 7.03%, 9, 0, 4, 2385.83
1570860654, 0, 732, 1618, 1453, 352, 7.03%, 9, 0, 4, 2382.56
1570860660, 0, 732, 1619, 1454, 352, 7.03%, 9, 0, 4, 2371.19
1570860777, 0, 737, 1620, 1454, 355, 7.03%, 9, 0, 4, 2346.77
1570860798, 0, 737, 1621, 1455, 355, 7.03%, 9, 0, 4, 2310.45
1570860803, 0, 737, 1622, 1456, 355, 7.03%, 9, 0, 4, 2301.11
1570860854, 0, 737, 1623, 1457, 355, 7.03%, 9, 0, 4, 2359.33
1570860864, 0, 737, 1624, 1458, 355, 7.03%, 9, 0, 4, 2317.82
1570860869, 0, 737, 1626, 1460, 355, 7.04%, 9, 0, 4, 2327.93
1570860884, 0, 737, 1627, 1461, 355, 7.04%, 9, 0, 4, 2294.72
1570860997, 0, 749, 1627, 1460, 358, 7.04%, 9, 0, 4, 2259.08
1570861023, 0, 749, 1632, 1465, 358, 7.04%, 9, 0, 4, 2102.86
1570861396, 0, 750, 1635, 1467, 357, 7.04%, 9, 0, 4, 2382.31
1570861411, 0, 750, 1636, 1468, 357, 7.04%, 9, 0, 4, 2533.95
1570861422, 0, 750, 1638, 1470, 357, 7.04%, 9, 0, 4, 2561.24
1570861442, 0, 750, 1639, 1471, 357, 7.04%, 9, 0, 4, 2547.38
1570861473, 0, 750, 1640, 1472, 357, 7.04%, 9, 0, 4, 2549.27
1570861559, 0, 760, 1640, 1471, 354, 7.04%, 9, 0, 4, 2353.21
1570861585, 0, 760, 1646, 1477, 354, 7.04%, 9, 0, 4, 2091.22
1570861963, 0, 761, 1646, 1476, 354, 7.04%, 9, 0, 4, 2170.98
1570861988, 0, 761, 1651, 1481, 354, 7.04%, 9, 0, 4, 2103.58
1570862362, 0, 762, 1651, 1480, 354, 7.04%, 9, 0, 4, 2284.42
1570862388, 0, 762, 1656, 1485, 354, 7.04%, 9, 0, 4, 2097.90
1570862766, 0, 763, 1656, 1484, 354, 7.04%, 9, 0, 4, 2144.64
1570862787, 0, 763, 1657, 1485, 354, 7.04%, 9, 0, 4, 2048.00
1570862792, 0, 763, 1661, 1489, 354, 7.04%, 9, 0, 4, 2086.52
1570863166, 0, 764, 1661, 1488, 354, 7.04%, 9, 0, 4, 2361.40
1570863191, 0, 764, 1665, 1492, 354, 7.04%, 9, 0, 4, 2068.69
1570863196, 0, 764, 1666, 1493, 354, 7.04%, 9, 0, 4, 2079.41
1570863569, 0, 765, 1666, 1492, 354, 7.04%, 9, 0, 4, 2189.77
1570863595, 0, 765, 1671, 1497, 354, 7.04%, 9, 0, 4, 2070.94
1570863969, 0, 768, 1671, 1496, 354, 7.04%, 9, 0, 4, 2345.87
1570863979, 0, 768, 1672, 1497, 354, 7.04%, 9, 0, 4, 2683.76
1570863989, 0, 768, 1673, 1498, 354, 7.04%, 9, 0, 4, 2681.59
1570864092, 0, 770, 1673, 1497, 355, 7.04%, 9, 0, 4, 2719.58
1570864215, 0, 771, 1673, 1496, 354, 7.04%, 9, 0, 4, 2627.57
1570864250, 0, 771, 1676, 1499, 354, 7.05%, 9, 0, 4, 2541.68
1570864256, 0, 771, 1684, 1507, 354, 7.06%, 9, 0, 4, 2539.74
1570864352, 0, 772, 1684, 1506, 362, 7.06%, 9, 0, 4, 2579.88
1570864489, 0, 778, 1684, 1505, 361, 7.06%, 9, 0, 4, 2636.53
1570864500, 0, 778, 1685, 1506, 361, 7.06%, 9, 0, 4, 2577.28
1570864591, 0, 779, 1685, 1505, 360, 7.06%, 9, 0, 4, 2626.80
1570864612, 0, 779, 1687, 1507, 360, 7.06%, 9, 0, 4, 2510.09
1570864638, 0, 779, 1692, 1512, 360, 7.06%, 9, 0, 4, 2537.60
1570864643, 0, 779, 1693, 1513, 360, 7.07%, 9, 0, 4, 2531.53
1570864648, 0, 779, 1694, 1514, 360, 7.07%, 9, 0, 4, 2560.45
1570864729, 0, 783, 1694, 1513, 367, 7.07%, 9, 0, 4, 2628.63
1570864740, 0, 783, 1695, 1514, 367, 7.07%, 9, 0, 4, 2598.35
1570864826, 0, 783, 1697, 1516, 367, 7.07%, 9, 0, 4, 2647.31
1570864847, 0, 784, 1699, 1517, 367, 7.07%, 9, 0, 4, 2791.39
1570864852, 0, 786, 1699, 1516, 368, 7.07%, 9, 0, 4, 2850.99
1570864908, 0, 793, 1701, 1517, 367, 7.07%, 9, 0, 4, 2451.61
1570865317, 0, 802, 1702, 1517, 367, 7.07%, 9, 0, 4, 2196.25
1570865343, 0, 802, 1703, 1518, 367, 7.07%, 9, 0, 4, 2134.60
1570865472, 0, 802, 1704, 1519, 367, 7.07%, 9, 0, 4, 2225.41
1570865697, 0, 808, 1705, 1519, 368, 7.07%, 9, 0, 4, 2370.05
1570865727, 0, 808, 1707, 1521, 368, 7.07%, 9, 0, 4, 2168.09
1570865962, 0, 808, 1708, 1522, 368, 7.07%, 9, 0, 4, 2170.28
1570866050, 0, 811, 1708, 1521, 367, 7.07%, 9, 0, 4, 2213.38
1570866454, 0, 818, 1708, 1520, 366, 7.07%, 9, 0, 4, 2242.78
1570866480, 0, 818, 1710, 1522, 366, 7.08%, 9, 0, 4, 2016.23
1570866592, 0, 818, 1714, 1526, 366, 7.09%, 9, 0, 4, 2025.07
1570866868, 0, 821, 1714, 1525, 369, 7.09%, 9, 0, 4, 2256.69
1570866893, 0, 821, 1716, 1527, 369, 7.09%, 9, 0, 4, 2042.93
1570866924, 0, 821, 1718, 1529, 369, 7.10%, 9, 0, 4, 2074.75
1570866949, 0, 821, 1719, 1530, 369, 7.10%, 9, 0, 4, 2016.75
1570867005, 0, 821, 1721, 1532, 369, 7.10%, 9, 0, 4, 2027.43
1570867251, 0, 821, 1722, 1533, 369, 7.11%, 9, 0, 4, 2027.91
1570867281, 0, 822, 1722, 1532, 373, 7.11%, 9, 0, 4, 2242.89
1570867302, 0, 822, 1723, 1533, 373, 7.11%, 9, 0, 4, 2012.97
1570867691, 0, 825, 1723, 1532, 372, 7.11%, 9, 0, 4, 2248.62
1570867712, 0, 825, 1724, 1533, 372, 7.11%, 9, 0, 4, 2043.07
1570868096, 0, 827, 1724, 1532, 371, 7.11%, 9, 0, 4, 2364.25
1570868122, 0, 827, 1725, 1533, 371, 7.11%, 9, 0, 4, 2067.26
1570868506, 0, 833, 1725, 1532, 371, 7.11%, 9, 0, 4, 2223.31
1570868888, 0, 833, 1726, 1533, 371, 7.11%, 9, 0, 4, 2012.07
1570868919, 0, 834, 1726, 1532, 369, 7.11%, 9, 0, 4, 2216.11
1570868939, 0, 834, 1727, 1533, 369, 7.11%, 9, 0, 4, 2016.70
1570869333, 0, 835, 1727, 1532, 369, 7.11%, 9, 0, 4, 2278.39
1570869353, 0, 835, 1728, 1533, 369, 7.11%, 9, 0, 4, 2051.23
1570869740, 0, 836, 1728, 1532, 369, 7.11%, 9, 0, 4, 2177.73
1570869761, 0, 836, 1729, 1533, 369, 7.11%, 9, 0, 4, 2013.32
1570869874, 0, 836, 1730, 1534, 369, 7.11%, 9, 0, 4, 2018.78
1570870033, 0, 836, 1731, 1535, 369, 7.12%, 9, 0, 4, 2027.34
1570870150, 0, 841, 1731, 1534, 371, 7.12%, 9, 0, 4, 2158.40
1570870258, 0, 841, 1732, 1535, 371, 7.12%, 9, 0, 4, 2021.15
1570870555, 0, 845, 1732, 1534, 371, 7.12%, 9, 0, 4, 2369.44
1570870668, 0, 845, 1733, 1535, 371, 7.12%, 9, 0, 4, 2029.89
1570870965, 0, 851, 1733, 1534, 371, 7.12%, 9, 0, 4, 2337.49
1570870985, 0, 851, 1734, 1535, 371, 7.12%, 9, 0, 4, 1990.96
1570871093, 0, 851, 1735, 1536, 371, 7.12%, 9, 0, 4, 2008.08
1570871379, 0, 859, 1735, 1535, 372, 7.12%, 9, 0, 4, 2191.75
1570871400, 0, 859, 1737, 1537, 372, 7.12%, 9, 0, 4, 2001.42
1570871507, 0, 859, 1738, 1538, 372, 7.12%, 9, 0, 4, 2016.94
1570871793, 0, 865, 1738, 1537, 372, 7.12%, 9, 0, 4, 2168.64
1570871813, 0, 865, 1739, 1538, 372, 7.12%, 9, 0, 4, 2055.57
1570871916, 0, 865, 1740, 1539, 372, 7.12%, 9, 0, 4, 2040.91
1570872197, 0, 866, 1740, 1538, 371, 7.12%, 9, 0, 4, 2372.64
1570872217, 0, 866, 1741, 1539, 371, 7.12%, 9, 0, 4, 2008.09
1570872222, 0, 866, 1742, 1540, 371, 7.13%, 9, 0, 4, 2074.02
1570872571, 0, 866, 1743, 1541, 371, 7.13%, 9, 0, 4, 2027.62
1570872607, 0, 876, 1744, 1541, 371, 7.13%, 9, 0, 4, 2330.45
1570872632, 0, 876, 1749, 1546, 371, 7.14%, 9, 0, 4, 2064.28
1570872658, 0, 876, 1751, 1548, 371, 7.14%, 9, 0, 4, 2020.89
1570872735, 0, 876, 1753, 1550, 371, 7.16%, 9, 0, 4, 2025.80
1570873021, 0, 878, 1753, 1549, 373, 7.16%, 9, 0, 4, 2174.52
1570873041, 0, 878, 1754, 1550, 373, 7.16%, 9, 0, 4, 2025.35
1570873149, 0, 878, 1755, 1551, 373, 7.19%, 9, 0, 4, 2025.72
1570873394, 0, 878, 1756, 1552, 373, 7.19%, 9, 0, 4, 2030.08
1570873430, 0, 879, 1756, 1551, 373, 7.19%, 9, 0, 4, 2212.90
1570873451, 0, 879, 1757, 1552, 373, 7.19%, 9, 0, 4, 2022.86
1570873845, 0, 880, 1757, 1551, 372, 7.19%, 9, 0, 4, 2131.71
1570873860, 0, 880, 1758, 1552, 372, 7.19%, 9, 0, 4, 2018.18
1570873896, 0, 880, 1759, 1553, 372, 7.19%, 9, 0, 4, 2086.98
1570874255, 0, 881, 1759, 1552, 371, 7.19%, 9, 0, 4, 2258.42
1570874275, 0, 881, 1760, 1553, 371, 7.19%, 9, 0, 4, 2016.55
1570874669, 0, 883, 1760, 1552, 371, 7.19%, 9, 0, 4, 2118.45
1570874685, 0, 883, 1761, 1553, 371, 7.19%, 9, 0, 4, 2024.92
1570874716, 0, 883, 1762, 1554, 371, 7.20%, 9, 0, 4, 2015.08
1570875079, 0, 884, 1762, 1553, 371, 7.20%, 9, 0, 4, 2151.85
1570875100, 0, 884, 1763, 1554, 371, 7.20%, 9, 0, 4, 2015.30
1570875489, 0, 886, 1763, 1553, 371, 7.20%, 9, 0, 4, 2264.01
1570875509, 0, 886, 1764, 1554, 371, 7.20%, 9, 0, 4, 2000.57
1570875515, 0, 886, 1765, 1555, 371, 7.20%, 9, 0, 4, 2066.76
1570875903, 0, 887, 1765, 1554, 370, 7.20%, 9, 0, 4, 2129.27
1570875919, 0, 887, 1766, 1555, 370, 7.20%, 9, 0, 4, 1985.49
1570876031, 0, 887, 1767, 1556, 370, 7.21%, 9, 0, 4, 2003.86
1570876317, 0, 888, 1767, 1555, 370, 7.21%, 9, 0, 4, 2182.93
1570876337, 0, 888, 1768, 1556, 370, 7.21%, 9, 0, 4, 2012.48
1570876726, 0, 889, 1768, 1555, 370, 7.21%, 9, 0, 4, 2303.59
1570876747, 0, 889, 1769, 1556, 370, 7.21%, 9, 0, 4, 2002.59
1570877142, 0, 890, 1769, 1555, 369, 7.21%, 9, 0, 4, 2107.74
1570877157, 0, 890, 1770, 1556, 369, 7.21%, 9, 0, 4, 1992.02
1570877193, 0, 890, 1771, 1557, 369, 7.21%, 9, 0, 4, 2062.69
1570877270, 0, 890, 1773, 1559, 369, 7.21%, 9, 0, 4, 1999.90
1570877551, 0, 893, 1773, 1558, 371, 7.21%, 9, 0, 4, 2321.11
1570877572, 0, 893, 1774, 1559, 371, 7.21%, 9, 0, 4, 2010.21
1570877965, 0, 895, 1775, 1559, 370, 7.21%, 9, 0, 4, 2270.83
1570877986, 0, 895, 1776, 1560, 370, 7.21%, 9, 0, 4, 2021.58
1570878047, 0, 895, 1777, 1561, 370, 7.22%, 9, 0, 4, 2078.70
1570878094, 0, 895, 1778, 1562, 370, 7.22%, 9, 0, 4, 2040.53
1570878344, 0, 895, 1780, 1564, 370, 7.22%, 9, 0, 4, 2004.73
1570878380, 0, 897, 1780, 1563, 370, 7.22%, 9, 0, 4, 2112.35
1570878395, 0, 897, 1781, 1564, 370, 7.22%, 9, 0, 4, 2015.15
1570878790, 0, 898, 1782, 1564, 369, 7.22%, 9, 0, 4, 2247.57
1570878811, 0, 898, 1783, 1565, 369, 7.22%, 9, 0, 4, 1992.71
1570878877, 0, 898, 1784, 1566, 369, 7.22%, 9, 0, 4, 2025.02
1570879204, 0, 899, 1784, 1565, 370, 7.22%, 9, 0, 4, 2158.14
1570879224, 0, 899, 1785, 1566, 370, 7.22%, 9, 0, 4, 2011.57
1570879613, 0, 900, 1785, 1565, 369, 7.22%, 9, 0, 4, 2314.75
1570879634, 0, 900, 1786, 1566, 369, 7.22%, 9, 0, 4, 2004.78
1570880027, 0, 901, 1786, 1565, 369, 7.22%, 9, 0, 4, 2292.64
1570880048, 0, 901, 1787, 1566, 369, 7.22%, 9, 0, 4, 2009.09
1570880442, 0, 902, 1787, 1565, 369, 7.22%, 9, 0, 4, 2149.08
1570880463, 0, 902, 1788, 1566, 369, 7.22%, 9, 0, 4, 2013.89
1570880571, 0, 902, 1789, 1567, 369, 7.22%, 9, 0, 4, 1998.24
1570880856, 0, 904, 1789, 1566, 368, 7.22%, 9, 0, 4, 2148.97
1570880871, 0, 904, 1790, 1567, 368, 7.22%, 9, 0, 4, 2008.51
1570881270, 0, 909, 1790, 1566, 367, 7.22%, 9, 0, 4, 2107.80
1570881285, 0, 909, 1791, 1567, 367, 7.22%, 9, 0, 4, 2000.11
1570881295, 0, 909, 1792, 1568, 367, 7.22%, 9, 0, 4, 2079.10
1570881398, 0, 909, 1793, 1569, 367, 7.22%, 9, 0, 4, 2009.98
1570881642, 0, 909, 1794, 1570, 367, 7.22%, 9, 0, 4, 2015.05
1570881647, 0, 909, 1795, 1571, 367, 7.22%, 9, 0, 4, 2019.60
1570881678, 0, 910, 1795, 1570, 369, 7.22%, 9, 0, 4, 2329.47
1570881699, 0, 910, 1796, 1571, 369, 7.22%, 9, 0, 4, 1989.74
1570881709, 0, 910, 1797, 1572, 369, 7.22%, 9, 0, 4, 2068.13
1570882057, 0, 910, 1798, 1573, 369, 7.23%, 9, 0, 4, 2024.44
1570882093, 0, 911, 1798, 1572, 369, 7.23%, 9, 0, 4, 2201.88
1570882113, 0, 911, 1799, 1573, 369, 7.23%, 9, 0, 4, 1984.47
1570882123, 0, 911, 1800, 1574, 369, 7.23%, 9, 0, 4, 2028.21
1570882472, 0, 911, 1801, 1575, 369, 7.23%, 9, 0, 4, 2004.83
1570882503, 0, 912, 1801, 1574, 370, 7.23%, 9, 0, 4, 2227.26
1570882523, 0, 912, 1802, 1575, 370, 7.23%, 9, 0, 4, 2003.66
1570882533, 0, 912, 1803, 1576, 370, 7.23%, 9, 0, 4, 2062.72
1570882584, 0, 912, 1804, 1577, 370, 7.23%, 9, 0, 4, 2006.67
1570882886, 0, 912, 1805, 1578, 370, 7.23%, 9, 0, 4, 2007.60
1570882922, 0, 913, 1805, 1577, 371, 7.23%, 9, 0, 4, 2142.17
1570882942, 0, 913, 1806, 1578, 371, 7.23%, 9, 0, 4, 2000.92
1570882952, 0, 913, 1807, 1579, 371, 7.23%, 9, 0, 4, 2030.26
1570882968, 0, 913, 1808, 1580, 371, 7.23%, 9, 0, 4, 2012.80
1570883334, 0, 921, 1808, 1579, 371, 7.23%, 9, 0, 4, 2264.63
1570883355, 0, 921, 1810, 1581, 371, 7.23%, 9, 0, 4, 2006.29
1570883360, 0, 921, 1811, 1582, 371, 7.23%, 9, 0, 4, 2055.35
1570883386, 0, 921, 1812, 1583, 371, 7.24%, 9, 0, 4, 2012.66
1570883468, 0, 921, 1816, 1587, 371, 7.25%, 9, 0, 4, 2019.58
1570883621, 0, 921, 1817, 1588, 371, 7.25%, 9, 0, 4, 2056.33
1570883749, 0, 925, 1817, 1587, 373, 7.25%, 9, 0, 4, 2209.58
1570883769, 0, 925, 1818, 1588, 373, 7.25%, 9, 0, 4, 1999.40
1570884128, 0, 925, 1819, 1589, 373, 7.25%, 9, 0, 4, 1972.53
1570884163, 0, 927, 1819, 1588, 373, 7.25%, 9, 0, 4, 2112.88
1570884178, 0, 927, 1820, 1589, 373, 7.25%, 9, 0, 4, 2007.48
1570884184, 0, 927, 1821, 1590, 373, 7.25%, 9, 0, 4, 2018.09
1570884444, 0, 927, 1822, 1591, 373, 7.25%, 9, 0, 4, 2086.78
1570884536, 0, 927, 1823, 1592, 373, 7.26%, 9, 0, 4, 2027.94
1570884572, 0, 928, 1823, 1591, 374, 7.26%, 9, 0, 4, 2280.73
1570884593, 0, 928, 1824, 1592, 374, 7.26%, 9, 0, 4, 1985.32
1570884598, 0, 928, 1825, 1593, 374, 7.26%, 9, 0, 4, 2060.06
1570884624, 0, 928, 1826, 1594, 374, 7.26%, 9, 0, 4, 2013.86
1570884706, 0, 928, 1827, 1595, 374, 7.26%, 9, 0, 4, 2020.23
1570884859, 0, 928, 1828, 1596, 374, 7.26%, 9, 0, 4, 2070.02
1570884920, 0, 928, 1829, 1597, 374, 7.26%, 9, 0, 4, 2089.00
1570884986, 0, 929, 1829, 1596, 374, 7.26%, 9, 0, 4, 2366.29
1570885007, 0, 929, 1830, 1597, 374, 7.26%, 9, 0, 4, 2017.83
1570885012, 0, 929, 1831, 1598, 374, 7.26%, 9, 0, 4, 2048.45
1570885272, 0, 929, 1832, 1599, 374, 7.26%, 9, 0, 4, 2085.23
1570885400, 0, 930, 1832, 1598, 373, 7.26%, 9, 0, 4, 2231.50
1570885421, 0, 930, 1834, 1600, 373, 7.26%, 9, 0, 4, 2017.23
1570885682, 0, 930, 1835, 1601, 373, 7.26%, 9, 0, 4, 2141.31
1570885815, 0, 931, 1835, 1600, 372, 7.26%, 9, 0, 4, 2117.48
1570885835, 0, 931, 1836, 1601, 372, 7.26%, 9, 0, 4, 2029.78
1570885866, 0, 931, 1836, 1601, 372, 7.26%, 10, 0, 4, 2066.63
1570886096, 0, 931, 1837, 1602, 372, 7.26%, 10, 0, 4, 2092.74
1570886224, 0, 933, 1837, 1601, 371, 7.26%, 10, 0, 4, 2263.15
1570886244, 0, 933, 1838, 1602, 371, 7.26%, 10, 0, 4, 2016.40
1570886249, 0, 933, 1839, 1603, 371, 7.26%, 10, 0, 4, 2072.68
1570886510, 0, 933, 1840, 1604, 371, 7.26%, 10, 0, 4, 2056.11
1570886638, 0, 936, 1840, 1603, 370, 7.26%, 10, 0, 4, 2169.23
1570886658, 0, 936, 1843, 1606, 370, 7.26%, 10, 0, 4, 1985.04
1570886689, 0, 936, 1844, 1607, 370, 7.26%, 11, 0, 4, 1999.77
1570887015, 0, 936, 1845, 1608, 370, 7.26%, 11, 0, 4, 2005.25
1570887050, 0, 939, 1845, 1607, 370, 7.26%, 11, 0, 4, 2333.08
1570887167, 0, 939, 1846, 1608, 370, 7.26%, 11, 0, 4, 2047.02
1570887183, 0, 939, 1847, 1609, 370, 7.26%, 11, 0, 4, 2054.28
1570887459, 0, 941, 1847, 1608, 370, 7.26%, 11, 0, 4, 2225.37
1570887510, 0, 941, 1848, 1609, 370, 7.26%, 11, 0, 4, 2022.71
1570887587, 0, 941, 1850, 1611, 370, 7.27%, 11, 0, 4, 2028.64
1570887592, 0, 941, 1851, 1612, 370, 7.27%, 11, 0, 4, 2026.58
1570887837, 0, 941, 1854, 1615, 370, 7.27%, 11, 0, 4, 2021.92
1570887868, 0, 942, 1854, 1614, 374, 7.27%, 11, 0, 4, 2325.65
1570887894, 0, 942, 1856, 1616, 374, 7.27%, 11, 0, 4, 2061.22
1570887919, 0, 942, 1857, 1617, 374, 7.27%, 11, 0, 4, 2032.14
1570888001, 0, 942, 1860, 1620, 374, 7.28%, 11, 0, 4, 2032.35
1570888278, 0, 943, 1860, 1619, 376, 7.28%, 11, 0, 4, 2326.13
1570888304, 0, 943, 1861, 1620, 376, 7.28%, 11, 0, 4, 2047.31
1570888309, 0, 943, 1862, 1621, 376, 7.28%, 11, 0, 4, 2061.01
1570888329, 0, 943, 1864, 1623, 376, 7.29%, 11, 0, 4, 2012.16
1570888411, 0, 943, 1869, 1628, 376, 7.31%, 11, 0, 4, 2024.57
1570888657, 0, 943, 1870, 1629, 376, 7.31%, 11, 0, 4, 2022.31
1570888692, 0, 960, 1870, 1628, 381, 7.31%, 11, 0, 4, 2158.85
1570888713, 0, 960, 1871, 1629, 381, 7.31%, 11, 0, 4, 2015.71
1570888821, 0, 960, 1872, 1630, 381, 7.32%, 11, 0, 4, 2016.09
1570889071, 0, 960, 1874, 1632, 381, 7.32%, 11, 0, 4, 2020.93
1570889102, 0, 989, 1874, 1631, 381, 7.32%, 11, 0, 4, 2285.84
1570889122, 0, 989, 1876, 1633, 381, 7.32%, 11, 0, 4, 1983.22
1570889128, 0, 989, 1877, 1634, 381, 7.32%, 11, 0, 4, 2007.33
1570889159, 0, 989, 1880, 1637, 381, 7.32%, 11, 0, 4, 2045.04
1570889240, 0, 989, 1896, 1653, 381, 7.32%, 11, 0, 4, 1994.02
1570889486, 0, 989, 1898, 1655, 381, 7.32%, 11, 0, 4, 2000.18
1570889521, 0, 1000, 1898, 1654, 380, 7.32%, 11, 0, 4, 2113.51
1570889572, 0, 1000, 1899, 1655, 380, 7.32%, 11, 0, 4, 2079.26
1570889639, 0, 1000, 1900, 1656, 380, 7.32%, 11, 0, 4, 1988.51
1570889935, 0, 1001, 1900, 1655, 380, 7.32%, 11, 0, 4, 2118.41
1570889955, 0, 1001, 1901, 1656, 380, 7.32%, 11, 0, 4, 2009.22
1570890049, 0, 1001, 1902, 1657, 380, 7.32%, 11, 0, 4, 2014.80
1570890100, 0, 1001, 1903, 1658, 380, 7.32%, 11, 0, 4, 2133.26
1570890346, 0, 1002, 1903, 1657, 380, 7.32%, 11, 0, 4, 2155.85
1570890366, 0, 1002, 1905, 1659, 380, 7.32%, 11, 0, 4, 2016.15
1570890377, 0, 1002, 1906, 1660, 380, 7.32%, 11, 0, 4, 2028.69
1570890760, 0, 1003, 1906, 1659, 380, 7.32%, 11, 0, 4, 2165.23
1570890780, 0, 1003, 1909, 1662, 380, 7.32%, 11, 0, 4, 2016.25
1570890790, 0, 1003, 1910, 1663, 380, 7.32%, 11, 0, 4, 2041.40
1570890811, 0, 1003, 1911, 1664, 380, 7.32%, 11, 0, 4, 2051.60
1570890888, 0, 1003, 1918, 1671, 380, 7.32%, 11, 0, 4, 2021.31
1570891036, 0, 1003, 1919, 1672, 380, 7.32%, 11, 0, 4, 2126.97
1570891134, 0, 1003, 1920, 1673, 380, 7.32%, 11, 0, 4, 2035.56
1570891165, 0, 1008, 1920, 1672, 380, 7.32%, 11, 0, 4, 2172.72
1570891575, 0, 1009, 1920, 1671, 379, 7.32%, 11, 0, 4, 2201.74
1570891985, 0, 1011, 1921, 1671, 378, 7.32%, 11, 0, 4, 2367.13
1570892134, 0, 1016, 1921, 1670, 378, 7.32%, 11, 0, 4, 2628.47
1570892292, 0, 1018, 1922, 1670, 377, 7.32%, 11, 0, 4, 2546.45
1570892445, 0, 1020, 1926, 1673, 377, 7.32%, 11, 0, 4, 2705.35
1570892465, 0, 1020, 1928, 1675, 377, 7.32%, 11, 0, 4, 2753.33
1570892486, 0, 1020, 1929, 1676, 377, 7.32%, 11, 0, 4, 2766.48
1570892511, 0, 1020, 1930, 1677, 377, 7.32%, 11, 0, 4, 2746.77
1570892594, 0, 1022, 1930, 1676, 377, 7.32%, 11, 0, 4, 2739.72
1570892737, 0, 1028, 1933, 1678, 376, 7.32%, 11, 0, 4, 2643.86
1570892758, 0, 1028, 1934, 1679, 376, 7.32%, 11, 0, 4, 2483.01
1570892815, 0, 1028, 1935, 1680, 376, 7.32%, 11, 0, 4, 2497.21
1570892906, 0, 1035, 1935, 1679, 378, 7.32%, 11, 0, 4, 2591.85
1570893075, 0, 1036, 1935, 1678, 377, 7.32%, 11, 0, 4, 2545.54
1570893244, 0, 1038, 1935, 1677, 376, 7.32%, 11, 0, 4, 2507.06
1570893418, 0, 1041, 1935, 1676, 375, 7.32%, 11, 0, 4, 2241.01
1570893444, 0, 1041, 1936, 1677, 375, 7.32%, 11, 0, 4, 2091.99
1570893469, 0, 1041, 1938, 1679, 375, 7.32%, 11, 0, 4, 2109.44
1570893561, 0, 1041, 1939, 1680, 375, 7.32%, 11, 0, 4, 2166.16
1570893566, 0, 1041, 1940, 1681, 375, 7.32%, 11, 0, 4, 2146.47
1570893709, 0, 1041, 1940, 1681, 375, 7.32%, 12, 0, 4, 2103.08
1570893822, 0, 1042, 1940, 1680, 375, 7.32%, 12, 0, 4, 2342.57
1570893848, 0, 1042, 1949, 1689, 375, 7.32%, 12, 0, 4, 2280.51
1570893873, 0, 1042, 1951, 1691, 375, 7.32%, 12, 0, 4, 2297.92
1570893899, 0, 1042, 1953, 1693, 375, 7.32%, 12, 0, 4, 2296.52
1570893914, 0, 1042, 1955, 1695, 375, 7.33%, 12, 0, 4, 2326.55
1570893925, 0, 1042, 1958, 1698, 375, 7.33%, 12, 0, 4, 2306.65
1570893930, 0, 1042, 1961, 1701, 375, 7.34%, 12, 0, 4, 2283.01
1570893935, 0, 1042, 1963, 1703, 375, 7.34%, 12, 0, 4, 2315.03
1570894011, 0, 1042, 1965, 1705, 375, 7.34%, 12, 0, 4, 2314.99
1570894032, 0, 1042, 1967, 1707, 375, 7.35%, 12, 0, 4, 2356.16
1570894047, 0, 1048, 1967, 1706, 384, 7.35%, 12, 0, 4, 2403.13
1570894225, 0, 1050, 1967, 1705, 383, 7.35%, 12, 0, 4, 2539.79
1570894404, 0, 1054, 1969, 1706, 382, 7.35%, 12, 0, 4, 2387.43
1570894425, 0, 1054, 1989, 1726, 382, 7.48%, 12, 0, 4, 2313.96
1570894451, 0, 1054, 1995, 1732, 382, 7.49%, 12, 0, 4, 2330.14
1570894477, 0, 1054, 1997, 1734, 382, 7.50%, 12, 0, 4, 2330.57
1570894482, 0, 1054, 1999, 1736, 382, 7.50%, 12, 0, 4, 2369.99
1570894497, 0, 1054, 2008, 1745, 382, 7.52%, 12, 0, 4, 2397.34
1570894553, 0, 1054, 2011, 1748, 382, 7.52%, 12, 0, 4, 2346.17
1570894564, 0, 1054, 2013, 1750, 382, 7.53%, 12, 0, 4, 2313.85
1570894584, 0, 1054, 2014, 1751, 382, 7.53%, 12, 0, 4, 2313.30
1570894594, 0, 1062, 2014, 1750, 401, 7.53%, 12, 0, 4, 2234.15
1570894620, 0, 1062, 2015, 1751, 401, 7.53%, 12, 0, 4, 2141.24
1570894937, 0, 1067, 2016, 1751, 400, 7.53%, 12, 0, 4, 2197.04
1570895280, 0, 1077, 2017, 1751, 400, 7.53%, 12, 0, 4, 2370.61
1570895306, 0, 1077, 2018, 1752, 400, 7.53%, 12, 0, 4, 2322.18
1570895373, 0, 1077, 2020, 1754, 400, 7.53%, 12, 0, 4, 2379.72
1570895388, 0, 1077, 2021, 1755, 400, 7.53%, 12, 0, 4, 2354.58
1570895501, 0, 1078, 2021, 1754, 401, 7.53%, 12, 0, 4, 2316.63
1570895521, 0, 1078, 2025, 1758, 401, 7.53%, 12, 0, 4, 2273.28
1570895547, 0, 1078, 2027, 1760, 401, 7.53%, 12, 0, 4, 2276.08
1570895573, 0, 1078, 2028, 1761, 401, 7.53%, 12, 0, 4, 2293.64
1570895599, 0, 1078, 2031, 1764, 401, 7.53%, 12, 0, 4, 2313.75
1570895614, 0, 1078, 2032, 1765, 401, 7.53%, 12, 0, 4, 2292.35
1570895686, 0, 1078, 2032, 1765, 401, 7.53%, 13, 0, 4, 2282.45
1570895737, 0, 1079, 2033, 1765, 402, 7.53%, 13, 0, 4, 2451.98
1570895957, 0, 1081, 2033, 1764, 402, 7.53%, 13, 0, 4, 2243.19
1570895988, 0, 1081, 2035, 1766, 402, 7.53%, 13, 0, 4, 1965.05
1570896045, 0, 1081, 2036, 1767, 402, 7.53%, 13, 0, 4, 1982.26
1570896352, 0, 1083, 2036, 1766, 402, 7.53%, 13, 0, 4, 2322.52
1570896571, 0, 1093, 2036, 1765, 401, 7.53%, 13, 0, 4, 2468.21
1570896587, 0, 1093, 2037, 1766, 401, 7.53%, 13, 0, 4, 2120.86
1570896602, 0, 1093, 2040, 1769, 401, 7.53%, 13, 0, 4, 2139.50
1570896720, 0, 1093, 2042, 1771, 401, 7.53%, 13, 0, 4, 2198.91
1570896936, 0, 1096, 2042, 1770, 400, 7.53%, 13, 0, 4, 2251.97
1570897105, 0, 1096, 2043, 1771, 400, 7.53%, 13, 0, 4, 2124.46
1570897300, 0, 1097, 2043, 1770, 400, 7.53%, 13, 0, 4, 2386.48
1570897315, 0, 1097, 2044, 1771, 400, 7.53%, 13, 0, 4, 2152.32
1570897449, 0, 1097, 2045, 1772, 400, 7.53%, 13, 0, 4, 2256.80
1570897653, 0, 1098, 2045, 1771, 399, 7.53%, 13, 0, 4, 2439.38
1570897673, 0, 1098, 2046, 1772, 399, 7.53%, 13, 0, 4, 2088.28
1570897678, 0, 1098, 2047, 1773, 399, 7.53%, 13, 0, 4, 2131.55
1570897990, 0, 1106, 2047, 1772, 398, 7.53%, 13, 0, 4, 2338.51
1570898210, 0, 1111, 2047, 1771, 397, 7.53%, 13, 0, 4, 2460.50
1570898585, 0, 1120, 2047, 1770, 396, 7.53%, 13, 0, 4, 2379.86
1570898590, 0, 1121, 2048, 1770, 395, 7.53%, 13, 0, 4, 2767.03
1570898595, 0, 1122, 2050, 1771, 394, 7.53%, 13, 0, 4, 2834.95
1570898600, 0, 1123, 2052, 1772, 395, 7.54%, 13, 0, 4, 2816.59
1570898605, 0, 1124, 2052, 1771, 394, 7.54%, 13, 0, 4, 2817.85
1570898610, 0, 1125, 2052, 1770, 393, 7.54%, 13, 0, 4, 2847.28
1570898615, 0, 1126, 2052, 1769, 392, 7.54%, 13, 0, 4, 2873.26
1570898626, 0, 1127, 2055, 1771, 391, 7.56%, 13, 0, 4, 2841.24
1570898631, 0, 1128, 2055, 1770, 393, 7.56%, 13, 0, 4, 2842.63
1570898636, 0, 1129, 2055, 1769, 392, 7.56%, 13, 0, 4, 2771.31
1570898641, 0, 1130, 2055, 1768, 391, 7.56%, 13, 0, 4, 2787.23
1570898646, 0, 1131, 2060, 1772, 390, 7.67%, 13, 0, 4, 2831.34
1570898651, 0, 1131, 2065, 1777, 390, 7.71%, 13, 0, 4, 2805.37
1570898656, 0, 1132, 2065, 1776, 395, 7.71%, 13, 0, 4, 2799.03
1570898661, 0, 1134, 2067, 1777, 394, 7.71%, 13, 0, 4, 2822.55
1570898666, 0, 1138, 2067, 1776, 394, 7.71%, 13, 0, 4, 2520.69
1570898795, 0, 1138, 2068, 1777, 394, 7.71%, 13, 0, 4, 2022.76
1570899040, 0, 1138, 2069, 1778, 394, 7.71%, 13, 0, 4, 2013.06
1570899076, 0, 1141, 2069, 1777, 394, 7.71%, 13, 0, 4, 2186.38
1570899096, 0, 1141, 2070, 1778, 394, 7.71%, 13, 0, 4, 2010.89
1570899476, 0, 1142, 2070, 1777, 393, 7.71%, 13, 0, 4, 2325.76
1570899496, 0, 1142, 2071, 1778, 393, 7.71%, 13, 0, 4, 2026.27
1570899885, 0, 1143, 2071, 1777, 392, 7.71%, 13, 0, 4, 2250.61
1570899905, 0, 1143, 2072, 1778, 392, 7.71%, 13, 0, 4, 2035.00
1570900294, 0, 1144, 2072, 1777, 391, 7.71%, 13, 0, 4, 2202.94
1570900314, 0, 1144, 2073, 1778, 391, 7.71%, 13, 0, 4, 2000.84
1570900702, 0, 1145, 2073, 1777, 391, 7.71%, 13, 0, 4, 2268.98
1570900728, 0, 1145, 2074, 1778, 391, 7.71%, 13, 0, 4, 2062.30
1570901117, 0, 1148, 2074, 1777, 390, 7.71%, 13, 0, 4, 2129.44
1570901137, 0, 1148, 2075, 1778, 390, 7.71%, 13, 0, 4, 2013.49
1570901245, 0, 1148, 2077, 1780, 390, 7.72%, 13, 0, 4, 2022.16
1570901398, 0, 1148, 2078, 1781, 390, 7.72%, 13, 0, 4, 2080.91
1570901490, 0, 1148, 2079, 1782, 390, 7.73%, 13, 0, 4, 2030.59
1570901526, 0, 1150, 2079, 1781, 393, 7.73%, 13, 0, 4, 2198.45
1570901547, 0, 1150, 2083, 1785, 393, 7.74%, 13, 0, 4, 2018.62
1570901577, 0, 1150, 2084, 1786, 393, 7.74%, 13, 0, 4, 2037.39
1570901608, 0, 1150, 2085, 1787, 393, 7.76%, 13, 0, 4, 2084.78
1570901655, 0, 1150, 2090, 1792, 393, 7.82%, 13, 0, 4, 2032.98
1570901808, 0, 1150, 2091, 1793, 393, 7.82%, 13, 0, 4, 2104.91
1570901818, 0, 1150, 2092, 1794, 393, 7.82%, 13, 0, 4, 2028.68
1570901900, 0, 1150, 2094, 1796, 393, 7.83%, 13, 0, 4, 2016.61
1570901936, 0, 1152, 2094, 1795, 401, 7.83%, 13, 0, 4, 2269.54
1570901962, 0, 1152, 2095, 1796, 401, 7.83%, 13, 0, 4, 2066.46
1570901987, 0, 1152, 2096, 1797, 401, 7.83%, 13, 0, 4, 2032.61
1570902069, 0, 1152, 2097, 1798, 401, 7.83%, 13, 0, 4, 2032.24
1570902329, 0, 1153, 2097, 1797, 401, 7.83%, 13, 0, 4, 2473.77
1570902344, 0, 1153, 2098, 1798, 401, 7.83%, 13, 0, 4, 2381.58
