# unix_time, cycles_done, cur_path, paths_total, pending_total, pending_favs, map_size, unique_crashes, unique_hangs, max_depth, execs_per_sec
1571039415, 0, 0, 1, 1, 1, 2.10%, 0, 0, 1, 2000.00
1571039420, 0, 0, 61, 61, 1, 2.43%, 0, 0, 2, 2274.21
1571039436, 0, 0, 118, 118, 1, 2.90%, 0, 0, 2, 2166.57
1571039441, 0, 0, 229, 229, 1, 3.32%, 0, 0, 2, 2196.80
1571039446, 0, 0, 329, 329, 1, 3.52%, 0, 0, 2, 2161.63
1571039461, 0, 0, 331, 331, 1, 3.53%, 0, 0, 2, 2059.84
1571039466, 0, 0, 342, 342, 1, 3.83%, 0, 0, 2, 2057.92
1571039471, 0, 0, 367, 367, 1, 3.86%, 0, 0, 2, 2127.29
1571039477, 0, 0, 368, 368, 1, 3.86%, 0, 0, 2, 2045.71
1571039492, 0, 0, 369, 369, 1, 3.86%, 0, 0, 2, 2046.60
1571039497, 0, 0, 379, 379, 1, 3.99%, 0, 0, 2, 2101.04
1571039502, 0, 0, 390, 390, 1, 3.99%, 0, 0, 2, 2060.95
1571039508, 0, 0, 423, 423, 1, 4.04%, 0, 0, 2, 2160.90
1571039513, 0, 0, 426, 426, 1, 4.04%, 0, 0, 2, 2059.05
1571039523, 0, 0, 428, 428, 1, 4.04%, 0, 0, 2, 2031.44
1571039528, 0, 0, 430, 430, 1, 4.04%, 0, 0, 2, 2026.48
1571039543, 0, 0, 450, 450, 1, 4.16%, 0, 0, 2, 2016.06
1571039549, 0, 0, 465, 465, 1, 4.47%, 0, 0, 2, 2014.43
1571039554, 0, 0, 466, 466, 1, 4.48%, 0, 0, 2, 2032.36
1571039559, 0, 0, 474, 474, 1, 4.60%, 0, 0, 2, 2071.04
1571039564, 0, 0, 476, 476, 1, 4.61%, 0, 0, 2, 2151.92
1571039569, 0, 0, 479, 479, 1, 4.62%, 0, 0, 2, 2115.64
1571039579, 0, 0, 510, 510, 1, 4.62%, 0, 0, 2, 2086.89
1571039584, 0, 0, 520, 520, 1, 4.63%, 0, 0, 2, 2079.23
1571039589, 0, 0, 525, 525, 1, 4.63%, 0, 0, 2, 2021.61
1571039594, 0, 0, 528, 528, 1, 4.63%, 0, 0, 2, 2007.90
1571039610, 0, 0, 529, 529, 1, 4.63%, 0, 0, 2, 2021.40
1571039615, 0, 0, 530, 530, 1, 4.63%, 0, 0, 2, 2022.14
1571039620, 0, 0, 531, 531, 1, 4.63%, 0, 0, 2, 2114.09
1571039630, 0, 0, 532, 532, 1, 4.63%, 0, 0, 2, 2176.22
1571039651, 0, 0, 533, 533, 1, 4.63%, 0, 0, 2, 2076.99
1571039702, 0, 0, 539, 539, 1, 4.64%, 0, 0, 2, 2018.33
1571039707, 0, 0, 540, 540, 1, 4.64%, 0, 0, 2, 1994.64
1571039717, 0, 0, 542, 542, 1, 4.65%, 0, 0, 2, 2070.90
1571039723, 0, 0, 549, 549, 1, 4.67%, 0, 0, 2, 2051.58
1571039748, 0, 0, 551, 551, 1, 4.68%, 0, 0, 2, 2093.49
1571039758, 0, 0, 554, 554, 1, 4.68%, 0, 0, 2, 2167.67
1571039784, 0, 0, 556, 556, 1, 4.69%, 0, 0, 2, 2136.94
1571039794, 0, 0, 591, 591, 1, 4.71%, 0, 0, 2, 2348.15
1571039799, 0, 0, 614, 614, 1, 4.71%, 0, 0, 2, 2522.83
1571039804, 0, 0, 629, 629, 1, 4.72%, 0, 0, 2, 2566.46
1571039809, 0, 31, 630, 618, 187, 4.72%, 0, 0, 2, 2805.00
1571039814, 0, 31, 632, 620, 187, 4.72%, 0, 0, 3, 2506.04
1571039835, 0, 31, 634, 622, 187, 4.72%, 0, 0, 3, 2418.22
1571039953, 0, 57, 634, 619, 185, 4.72%, 0, 0, 3, 2331.50
1571039978, 0, 57, 636, 621, 185, 4.72%, 0, 0, 3, 2028.71
1571039983, 0, 57, 637, 622, 185, 4.72%, 0, 0, 3, 2026.74
1571040336, 0, 96, 638, 622, 185, 4.72%, 0, 0, 3, 2314.81
1571040341, 0, 106, 639, 620, 182, 4.72%, 0, 0, 3, 2198.48
1571040361, 0, 106, 642, 623, 182, 4.72%, 0, 0, 3, 1960.22
1571040366, 0, 106, 643, 624, 182, 4.73%, 0, 0, 3, 2015.49
1571040372, 0, 106, 644, 625, 182, 4.73%, 0, 0, 3, 1993.01
1571040392, 0, 106, 646, 627, 182, 4.73%, 0, 0, 3, 1963.05
1571040397, 0, 106, 647, 628, 182, 4.73%, 0, 0, 3, 1999.00
1571040423, 0, 106, 651, 632, 182, 4.74%, 0, 0, 3, 2001.41
1571040474, 0, 106, 652, 633, 182, 4.74%, 0, 0, 3, 1938.93
1571040479, 0, 106, 663, 644, 182, 4.79%, 0, 0, 3, 1939.70
1571040510, 0, 106, 664, 645, 182, 4.80%, 0, 0, 3, 2061.89
1571040713, 0, 106, 666, 647, 182, 4.80%, 0, 0, 3, 1989.72
1571040728, 0, 106, 673, 654, 182, 4.80%, 0, 0, 3, 2356.01
1571040734, 0, 106, 680, 661, 182, 4.80%, 0, 0, 3, 2458.88
1571040739, 0, 114, 687, 667, 197, 4.81%, 0, 0, 3, 2538.49
1571040744, 0, 120, 687, 665, 195, 4.81%, 0, 0, 3, 2200.03
1571040764, 0, 120, 695, 673, 195, 4.82%, 0, 0, 3, 1951.16
1571040795, 0, 120, 703, 681, 195, 4.88%, 0, 0, 3, 1970.66
1571040825, 0, 120, 705, 683, 195, 4.88%, 0, 0, 3, 2002.24
1571040877, 0, 120, 721, 699, 195, 4.95%, 0, 0, 3, 1973.06
1571041112, 0, 120, 724, 702, 195, 4.96%, 0, 0, 3, 1962.56
1571041132, 0, 141, 724, 697, 214, 4.96%, 0, 0, 3, 2441.46
1571041163, 0, 141, 725, 698, 214, 4.96%, 0, 0, 3, 2021.46
1571041276, 0, 141, 726, 699, 214, 4.96%, 0, 0, 3, 2051.80
1571041516, 0, 169, 726, 696, 213, 4.96%, 0, 0, 3, 2422.34
1571041521, 0, 208, 726, 690, 207, 4.96%, 0, 0, 3, 2613.03
1571041546, 0, 208, 728, 692, 207, 4.96%, 0, 0, 3, 2019.59
1571041577, 0, 208, 729, 693, 207, 4.96%, 0, 0, 3, 2039.62
1571041905, 0, 212, 730, 693, 207, 4.96%, 0, 0, 3, 2275.94
1571041910, 0, 223, 731, 690, 203, 5.00%, 0, 0, 3, 2324.23
1571041935, 0, 223, 736, 695, 203, 5.00%, 0, 0, 3, 2045.95
1571041996, 0, 223, 737, 696, 203, 5.00%, 0, 0, 3, 2031.26
1571042063, 0, 223, 738, 697, 203, 5.00%, 0, 0, 3, 2094.58
1571042298, 0, 235, 739, 697, 204, 5.00%, 0, 0, 3, 2110.73
1571042323, 0, 235, 741, 699, 204, 5.00%, 0, 0, 3, 2051.21
1571042379, 0, 235, 742, 700, 204, 5.00%, 0, 0, 3, 2039.13
1571042461, 0, 235, 743, 701, 204, 5.00%, 0, 0, 3, 2092.67
1571042645, 0, 235, 745, 703, 204, 5.00%, 0, 0, 3, 2063.93
1571042681, 0, 235, 746, 704, 204, 5.00%, 0, 0, 3, 2107.59
1571042686, 0, 246, 747, 702, 202, 5.00%, 0, 0, 3, 2259.54
1571042716, 0, 246, 748, 703, 202, 5.00%, 0, 0, 3, 2018.88
1571042773, 0, 246, 749, 704, 202, 5.00%, 0, 0, 3, 2027.44
1571042834, 0, 246, 750, 705, 202, 5.00%, 0, 0, 3, 2100.79
1571042839, 0, 246, 751, 706, 202, 5.00%, 0, 0, 3, 2102.65
1571043074, 0, 246, 754, 709, 202, 5.00%, 0, 0, 3, 2305.10
1571043079, 0, 253, 754, 708, 204, 5.00%, 0, 0, 3, 2134.87
1571043104, 0, 253, 755, 709, 204, 5.01%, 0, 0, 3, 1989.10
1571043109, 0, 253, 757, 711, 204, 5.02%, 0, 0, 3, 1964.32
1571043171, 0, 253, 758, 712, 204, 5.02%, 0, 0, 3, 1979.66
1571043176, 0, 253, 759, 713, 204, 5.02%, 0, 0, 3, 1999.38
1571043227, 0, 253, 760, 714, 204, 5.02%, 0, 0, 3, 2063.82
1571043248, 0, 253, 761, 715, 204, 5.02%, 0, 0, 3, 2056.13
1571043477, 0, 279, 761, 711, 203, 5.02%, 0, 0, 3, 2523.64
1571043482, 0, 318, 761, 703, 195, 5.02%, 0, 0, 3, 2865.65
1571043487, 0, 328, 763, 702, 192, 5.02%, 0, 0, 3, 2233.88
1571043512, 0, 328, 766, 705, 192, 5.03%, 0, 0, 3, 2054.25
1571043543, 0, 328, 767, 706, 192, 5.03%, 0, 0, 3, 2042.80
1571043871, 0, 328, 768, 707, 192, 5.03%, 0, 0, 3, 2050.24
1571043877, 0, 333, 768, 706, 191, 5.03%, 0, 0, 3, 2082.05
1571043897, 0, 333, 773, 711, 191, 5.03%, 0, 0, 3, 1948.61
1571043902, 0, 333, 774, 712, 191, 5.03%, 0, 0, 3, 1995.05
1571043928, 0, 333, 776, 714, 191, 5.03%, 0, 0, 3, 1945.90
1571043933, 0, 333, 777, 715, 191, 5.03%, 0, 0, 3, 2035.19
1571043959, 0, 333, 778, 716, 191, 5.03%, 0, 0, 3, 1949.94
1571043994, 0, 333, 779, 717, 191, 5.03%, 0, 0, 3, 1955.25
1571044010, 0, 333, 794, 732, 191, 5.06%, 0, 0, 3, 1954.91
1571044045, 0, 333, 797, 735, 191, 5.06%, 0, 0, 3, 2045.65
1571044167, 0, 333, 799, 737, 191, 5.06%, 0, 0, 3, 2044.48
1571044275, 0, 337, 801, 737, 195, 5.06%, 0, 0, 3, 2417.81
1571044280, 0, 340, 801, 735, 193, 5.06%, 0, 0, 3, 2198.56
1571044300, 0, 340, 805, 739, 193, 5.08%, 0, 0, 3, 1949.30
1571044331, 0, 340, 807, 741, 193, 5.08%, 0, 0, 3, 1962.22
1571044372, 0, 340, 808, 742, 193, 5.08%, 0, 0, 3, 2014.66
1571044413, 0, 340, 814, 748, 193, 5.09%, 0, 0, 3, 1958.86
1571044678, 0, 341, 814, 747, 199, 5.09%, 0, 0, 3, 2132.22
1571044698, 0, 341, 816, 749, 199, 5.09%, 0, 0, 3, 1961.15
1571044703, 0, 341, 817, 750, 199, 5.09%, 0, 0, 3, 2015.13
1571044760, 0, 341, 818, 751, 199, 5.09%, 0, 0, 3, 1991.27
1571044806, 0, 341, 819, 752, 199, 5.09%, 0, 0, 3, 1955.64
1571044811, 0, 341, 820, 753, 199, 5.09%, 0, 0, 3, 1965.28
1571044817, 0, 341, 822, 755, 199, 5.15%, 0, 0, 3, 1969.44
1571044847, 0, 341, 823, 756, 199, 5.15%, 0, 0, 3, 2122.86
1571045077, 0, 342, 823, 755, 199, 5.15%, 0, 0, 3, 2050.90
1571045103, 0, 342, 830, 762, 199, 5.17%, 0, 0, 3, 2032.09
