# unix_time, cycles_done, cur_path, paths_total, pending_total, pending_favs, map_size, unique_crashes, unique_hangs, max_depth, execs_per_sec
1573479740, 0, 0, 1, 1, 1, 2.10%, 0, 0, 1, 2000.00
1573479745, 0, 0, 61, 61, 1, 2.43%, 0, 0, 2, 2058.51
1573479760, 0, 0, 104, 104, 1, 2.55%, 0, 0, 2, 2023.68
1573479765, 0, 0, 169, 169, 1, 3.20%, 0, 0, 2, 2056.37
1573479771, 0, 0, 327, 327, 1, 3.52%, 0, 0, 2, 2113.74
1573479776, 0, 0, 329, 329, 1, 3.52%, 0, 0, 2, 2050.01
1573479791, 0, 0, 333, 333, 1, 3.56%, 0, 0, 2, 1993.90
1573479796, 0, 0, 344, 344, 1, 3.84%, 0, 0, 2, 2032.41
1573479801, 0, 0, 368, 368, 1, 3.86%, 0, 0, 2, 1997.96
1573479822, 0, 0, 374, 374, 1, 3.95%, 0, 0, 2, 1983.90
1573479827, 0, 0, 379, 379, 1, 3.99%, 0, 0, 2, 2045.42
1573479832, 0, 0, 391, 391, 1, 3.99%, 0, 0, 2, 1981.99
1573479837, 0, 0, 423, 423, 1, 4.04%, 0, 0, 2, 2069.91
1573479842, 0, 0, 426, 426, 1, 4.04%, 0, 0, 2, 1936.92
1573479852, 0, 0, 428, 428, 1, 4.04%, 0, 0, 2, 1954.27
1573479858, 0, 0, 430, 430, 1, 4.04%, 0, 0, 2, 1977.27
1573479873, 0, 0, 445, 445, 1, 4.12%, 0, 0, 2, 1963.22
1573479878, 0, 0, 465, 465, 1, 4.47%, 0, 0, 2, 1973.53
1573479888, 0, 0, 472, 472, 1, 4.60%, 0, 0, 2, 2059.29
1573479893, 0, 0, 476, 476, 1, 4.61%, 0, 0, 2, 2090.39
1573479898, 0, 0, 478, 478, 1, 4.61%, 0, 0, 2, 2048.26
1573479904, 0, 0, 479, 479, 1, 4.62%, 0, 0, 2, 2031.51
1573479909, 0, 0, 480, 480, 1, 4.62%, 0, 0, 2, 2061.53
1573479914, 0, 0, 520, 520, 1, 4.63%, 0, 0, 2, 2082.19
1573479919, 0, 0, 523, 523, 1, 4.63%, 0, 0, 2, 1993.63
1573479924, 0, 0, 528, 528, 1, 4.63%, 0, 0, 2, 1945.03
1573479939, 0, 0, 529, 529, 1, 4.63%, 0, 0, 2, 1946.75
1573479950, 0, 0, 530, 530, 1, 4.63%, 0, 0, 2, 1952.84
1573479955, 0, 0, 531, 531, 1, 4.63%, 0, 0, 2, 2074.23
1573479960, 0, 0, 532, 532, 1, 4.63%, 0, 0, 2, 2125.61
1573479980, 0, 0, 533, 533, 1, 4.63%, 0, 0, 2, 2132.06
1573480031, 0, 0, 534, 534, 1, 4.63%, 0, 0, 2, 2048.09
1573480037, 0, 0, 540, 540, 1, 4.64%, 0, 0, 2, 1994.49
1573480052, 0, 0, 547, 547, 1, 4.66%, 0, 0, 2, 2049.41
1573480057, 0, 0, 549, 549, 1, 4.67%, 0, 0, 2, 2001.57
1573480083, 0, 0, 551, 551, 1, 4.68%, 0, 0, 2, 2066.37
1573480093, 0, 0, 554, 554, 1, 4.68%, 0, 0, 2, 2123.87
1573480119, 0, 0, 556, 556, 1, 4.69%, 0, 0, 2, 2086.72
1573480129, 0, 0, 585, 585, 1, 4.71%, 0, 0, 2, 2261.12
1573480134, 0, 0, 610, 610, 1, 4.76%, 0, 0, 2, 2463.12
1573480139, 0, 0, 618, 618, 1, 4.76%, 0, 0, 2, 2466.56
1573480144, 0, 1, 628, 627, 197, 4.83%, 0, 0, 3, 2610.81
1573480150, 0, 1, 631, 630, 197, 4.86%, 0, 0, 3, 2707.12
1573480155, 0, 2, 632, 630, 206, 4.86%, 0, 0, 3, 2682.83
1573480160, 0, 4, 632, 628, 204, 4.86%, 0, 0, 3, 2679.74
1573480165, 0, 7, 632, 626, 202, 4.86%, 0, 0, 3, 2665.44
1573480170, 0, 8, 632, 625, 201, 4.86%, 0, 0, 3, 2335.78
1573480221, 0, 8, 633, 626, 201, 4.86%, 0, 0, 3, 1934.17
1573480558, 0, 9, 633, 625, 200, 4.86%, 0, 0, 3, 2174.56
1573480583, 0, 9, 637, 629, 200, 4.87%, 0, 0, 3, 1980.79
1573480588, 0, 9, 641, 633, 200, 4.87%, 0, 0, 3, 2004.77
1573480645, 0, 9, 642, 634, 200, 4.87%, 0, 0, 3, 2019.01
1573480706, 0, 9, 643, 635, 200, 4.87%, 0, 0, 3, 2054.57
1573480946, 0, 11, 647, 638, 201, 4.87%, 0, 0, 3, 2139.14
1573480972, 0, 11, 664, 655, 201, 4.87%, 0, 0, 3, 2019.84
1573480977, 0, 11, 673, 664, 201, 4.87%, 0, 0, 3, 2021.46
1573481044, 0, 11, 676, 667, 201, 4.87%, 0, 0, 3, 2011.72
1573481259, 0, 11, 677, 668, 201, 4.87%, 0, 0, 3, 2007.92
1573481285, 0, 11, 679, 670, 201, 4.87%, 0, 0, 3, 2037.40
1573481326, 0, 11, 680, 671, 201, 4.87%, 0, 0, 3, 2054.85
1573481336, 0, 11, 681, 672, 201, 4.87%, 0, 0, 3, 2093.79
1573481341, 0, 11, 687, 678, 201, 4.87%, 0, 0, 3, 2353.41
1573481346, 0, 11, 690, 681, 201, 4.87%, 0, 0, 3, 2435.90
1573481351, 0, 13, 693, 683, 204, 4.90%, 0, 0, 3, 2224.90
1573481377, 0, 13, 698, 688, 204, 4.90%, 0, 0, 3, 2006.81
1573481448, 0, 13, 701, 691, 204, 4.90%, 0, 0, 3, 2012.31
1573481663, 0, 13, 702, 692, 204, 4.90%, 0, 0, 3, 2022.60
1573481745, 0, 17, 707, 696, 208, 4.94%, 0, 0, 3, 2166.99
1573481766, 0, 17, 709, 698, 208, 4.95%, 0, 0, 3, 1952.63
1573481771, 0, 17, 713, 702, 208, 4.95%, 0, 0, 3, 1998.82
1573481776, 0, 17, 716, 705, 208, 4.95%, 0, 0, 3, 2008.81
1573481807, 0, 17, 717, 706, 208, 4.95%, 0, 0, 3, 1987.66
1573481842, 0, 17, 719, 708, 208, 4.95%, 0, 0, 3, 2015.89
1573482037, 0, 17, 725, 714, 208, 4.97%, 0, 0, 3, 1979.67
1573482134, 0, 22, 726, 714, 220, 4.97%, 0, 0, 3, 2234.89
1573482139, 0, 23, 726, 713, 220, 4.97%, 0, 0, 3, 2706.18
1573482149, 0, 23, 730, 717, 220, 4.97%, 0, 0, 3, 2448.90
1573482175, 0, 23, 732, 719, 220, 4.97%, 0, 0, 3, 2479.59
1573482272, 0, 23, 733, 720, 220, 4.97%, 0, 0, 3, 2504.40
1573482277, 0, 23, 742, 729, 220, 4.97%, 0, 0, 3, 2618.50
1573482282, 0, 31, 744, 730, 220, 4.97%, 0, 0, 3, 2464.91
1573482308, 0, 31, 745, 731, 220, 4.97%, 0, 0, 3, 2400.72
1573482426, 0, 42, 746, 731, 219, 4.97%, 0, 0, 3, 2093.75
1573482451, 0, 42, 748, 733, 219, 4.97%, 0, 0, 3, 2003.10
1573482712, 0, 42, 749, 734, 219, 4.97%, 0, 0, 3, 2049.20
1573482819, 0, 57, 749, 733, 219, 4.97%, 0, 0, 3, 2112.52
1573482845, 0, 57, 751, 735, 219, 4.97%, 0, 0, 3, 2017.77
1573482850, 0, 57, 752, 736, 219, 4.97%, 0, 0, 3, 1985.48
1573483214, 0, 64, 752, 735, 219, 4.97%, 0, 0, 3, 2226.32
1573483383, 0, 64, 753, 736, 219, 4.97%, 0, 0, 3, 2056.09
1573483612, 0, 65, 754, 736, 218, 4.97%, 0, 0, 3, 2060.68
1573484006, 0, 68, 754, 735, 217, 4.97%, 0, 0, 3, 2189.24
1573484011, 0, 68, 755, 736, 217, 4.97%, 0, 0, 3, 1990.70
1573484026, 0, 68, 756, 737, 217, 4.97%, 0, 0, 3, 1942.79
1573484036, 0, 68, 757, 738, 217, 4.97%, 0, 0, 3, 2014.07
1573484180, 0, 68, 758, 739, 217, 4.97%, 0, 0, 3, 2061.87
1573484404, 0, 72, 759, 739, 216, 4.97%, 0, 0, 3, 2086.21
1573484715, 0, 72, 760, 740, 216, 4.97%, 0, 0, 3, 2043.64
1573484802, 0, 74, 760, 739, 215, 4.97%, 0, 0, 3, 2065.73
1573484823, 0, 74, 761, 740, 215, 4.97%, 0, 0, 3, 1961.28
1573485196, 0, 96, 762, 740, 215, 4.97%, 0, 0, 3, 2194.83
1573485217, 0, 96, 763, 741, 215, 4.97%, 0, 0, 3, 1943.88
1573485371, 0, 96, 764, 742, 215, 4.97%, 0, 0, 3, 2043.84
1573485595, 0, 97, 765, 742, 215, 4.97%, 0, 0, 3, 2060.38
1573485990, 0, 102, 765, 741, 214, 4.97%, 0, 0, 3, 2105.17
1573486021, 0, 102, 766, 742, 214, 4.97%, 0, 0, 3, 1997.51
1573486155, 0, 102, 767, 743, 214, 4.97%, 0, 0, 3, 2082.59
1573486160, 0, 102, 768, 744, 214, 4.97%, 0, 0, 3, 2058.92
1573486360, 0, 102, 770, 746, 214, 4.97%, 0, 0, 3, 1964.54
1573486381, 0, 103, 770, 745, 214, 4.97%, 0, 0, 3, 2159.04
1573486411, 0, 103, 772, 747, 214, 4.98%, 0, 0, 3, 2007.41
1573486550, 0, 103, 773, 748, 214, 4.98%, 0, 0, 3, 2062.46
1573486780, 0, 106, 773, 747, 214, 4.98%, 0, 0, 3, 2024.39
1573486801, 0, 106, 776, 750, 214, 4.98%, 0, 0, 3, 1933.20
1573486806, 0, 106, 777, 751, 214, 4.98%, 0, 0, 3, 1989.47
1573486831, 0, 106, 779, 753, 214, 4.99%, 0, 0, 3, 1948.72
1573486862, 0, 106, 783, 757, 214, 5.00%, 0, 0, 3, 1949.97
1573486913, 0, 106, 784, 758, 214, 5.00%, 0, 0, 3, 1941.54
1573486919, 0, 106, 795, 769, 214, 5.05%, 0, 0, 3, 1944.52
1573486954, 0, 106, 796, 770, 214, 5.05%, 0, 0, 3, 1995.52
1573487158, 0, 106, 797, 771, 214, 5.05%, 0, 0, 3, 1928.05
1573487163, 0, 106, 801, 775, 214, 5.08%, 0, 0, 3, 2001.84
1573487179, 0, 109, 801, 774, 232, 5.08%, 0, 0, 3, 2252.90
1573487578, 0, 114, 805, 777, 231, 5.08%, 0, 0, 3, 2305.04
1573487599, 0, 114, 806, 778, 231, 5.08%, 0, 0, 3, 1926.02
1573487604, 0, 114, 812, 784, 231, 5.09%, 0, 0, 3, 1926.78
1573487716, 0, 114, 821, 793, 231, 5.10%, 0, 0, 3, 1917.26
1573487957, 0, 114, 822, 794, 231, 5.10%, 0, 0, 3, 1928.77
1573487962, 0, 114, 823, 795, 231, 5.10%, 0, 0, 3, 1914.06
1573487982, 0, 115, 823, 794, 233, 5.10%, 0, 0, 3, 2144.23
1573488003, 0, 115, 824, 795, 233, 5.10%, 0, 0, 3, 1951.21
1573488033, 0, 115, 825, 796, 233, 5.10%, 0, 0, 3, 1959.45
1573488115, 0, 115, 826, 797, 233, 5.11%, 0, 0, 3, 1928.23
1573488381, 0, 116, 826, 796, 234, 5.11%, 0, 0, 3, 2106.04
1573488401, 0, 116, 827, 797, 234, 5.11%, 0, 0, 3, 1930.39
1573488406, 0, 116, 834, 804, 234, 5.11%, 0, 0, 3, 1965.80
1573488432, 0, 116, 835, 805, 234, 5.11%, 0, 0, 3, 1936.73
1573488499, 0, 116, 836, 806, 234, 5.11%, 0, 0, 3, 1928.71
1573488514, 0, 116, 842, 812, 234, 5.11%, 0, 0, 3, 1936.33
1573488555, 0, 116, 844, 814, 234, 5.11%, 0, 0, 3, 2089.28
1573488678, 0, 116, 846, 816, 234, 5.11%, 0, 0, 3, 2011.21
1573488760, 0, 116, 847, 817, 234, 5.12%, 0, 0, 3, 1917.30
1573488785, 0, 117, 847, 816, 237, 5.12%, 0, 0, 3, 2111.81
1573488806, 0, 117, 848, 817, 237, 5.12%, 0, 0, 3, 1958.98
1573488868, 0, 117, 849, 818, 237, 5.12%, 0, 0, 3, 1956.20
1573488955, 0, 117, 850, 819, 237, 5.12%, 0, 0, 3, 2094.45
1573489180, 0, 120, 850, 818, 236, 5.12%, 0, 0, 3, 2225.32
1573489201, 0, 120, 851, 819, 236, 5.12%, 0, 0, 3, 1945.51
1573489206, 0, 120, 854, 822, 236, 5.13%, 0, 0, 3, 1941.58
1573489237, 0, 120, 860, 828, 236, 5.17%, 0, 0, 3, 1973.29
1573489267, 0, 120, 862, 830, 236, 5.18%, 0, 0, 3, 1997.65
1573489319, 0, 120, 875, 843, 236, 5.24%, 0, 0, 3, 1945.19
1573489564, 0, 120, 877, 845, 236, 5.24%, 0, 0, 3, 1915.29
1573489584, 0, 121, 877, 844, 256, 5.24%, 0, 0, 3, 2080.72
1573489605, 0, 121, 879, 846, 256, 5.24%, 0, 0, 3, 1905.64
1573489615, 0, 121, 880, 847, 256, 5.24%, 0, 0, 3, 1979.38
1573489667, 0, 121, 881, 848, 256, 5.24%, 0, 0, 3, 1931.19
1573489723, 0, 121, 887, 854, 256, 5.26%, 0, 0, 3, 1917.16
1573489759, 0, 121, 888, 855, 256, 5.26%, 0, 0, 3, 2079.88
1573489963, 0, 121, 889, 856, 256, 5.26%, 0, 0, 3, 1914.74
1573489989, 0, 122, 889, 855, 259, 5.26%, 0, 0, 3, 2076.90
1573490014, 0, 122, 890, 856, 259, 5.26%, 0, 0, 3, 2010.06
1573490388, 0, 123, 890, 855, 258, 5.26%, 0, 0, 3, 2027.66
1573490409, 0, 123, 894, 859, 258, 5.27%, 0, 0, 3, 1916.42
1573490440, 0, 123, 897, 862, 258, 5.27%, 1, 0, 3, 1906.26
1573490522, 0, 123, 908, 873, 258, 5.35%, 1, 0, 3, 1937.75
1573490686, 0, 123, 909, 874, 258, 5.35%, 1, 0, 3, 1951.97
1573490706, 0, 123, 910, 875, 258, 5.35%, 1, 0, 3, 1959.76
1573490788, 0, 123, 911, 876, 258, 5.35%, 1, 0, 3, 2119.56
1573490793, 0, 124, 914, 878, 267, 5.35%, 1, 0, 3, 2362.85
1573490814, 0, 124, 915, 879, 267, 5.36%, 1, 0, 3, 1956.15
1573490819, 0, 124, 917, 881, 267, 5.36%, 1, 0, 3, 1985.23
1573490931, 0, 124, 920, 884, 267, 5.46%, 1, 0, 3, 1955.93
1573491192, 0, 131, 920, 883, 269, 5.46%, 1, 0, 3, 2111.23
1573491212, 0, 131, 921, 884, 269, 5.46%, 1, 0, 3, 1948.13
1573491218, 0, 131, 923, 886, 269, 5.46%, 1, 0, 3, 1995.50
1573491223, 0, 131, 924, 887, 269, 5.46%, 1, 0, 3, 1981.78
1573491248, 0, 131, 926, 889, 269, 5.46%, 1, 0, 3, 2004.88
1573491330, 0, 131, 930, 893, 269, 5.46%, 1, 0, 3, 1956.77
1573491488, 0, 131, 931, 894, 269, 5.46%, 1, 0, 3, 1979.11
1573491569, 0, 131, 932, 895, 269, 5.46%, 1, 0, 3, 1949.89
1573491590, 0, 141, 932, 894, 271, 5.46%, 1, 0, 3, 2162.54
1573491621, 0, 141, 933, 895, 271, 5.46%, 1, 0, 3, 2016.25
1573491734, 0, 141, 934, 896, 271, 5.46%, 1, 0, 3, 1976.52
1573491989, 0, 143, 934, 895, 271, 5.46%, 1, 0, 3, 2327.28
1573492066, 0, 143, 935, 896, 271, 5.46%, 1, 0, 3, 2495.05
1573492081, 0, 143, 936, 897, 271, 5.47%, 1, 0, 3, 2506.87
1573492127, 0, 143, 937, 898, 271, 5.47%, 1, 0, 3, 2477.16
1573492138, 0, 145, 937, 897, 271, 5.47%, 1, 0, 3, 2489.47
1573492158, 0, 145, 938, 898, 271, 5.47%, 1, 0, 3, 2528.32
1573492287, 0, 147, 938, 897, 271, 5.47%, 1, 0, 3, 2075.45
1573492436, 0, 147, 939, 898, 271, 5.47%, 1, 0, 3, 2066.16
1573492685, 0, 156, 942, 900, 270, 5.47%, 1, 0, 3, 2047.38
1573492711, 0, 156, 943, 901, 270, 5.47%, 1, 0, 3, 2019.65
1573493074, 0, 162, 943, 900, 271, 5.47%, 1, 0, 3, 2216.95
1573493100, 0, 162, 945, 902, 271, 5.47%, 1, 0, 3, 2087.31
1573493105, 0, 162, 947, 904, 271, 5.47%, 1, 0, 3, 2075.34
1573493130, 0, 162, 948, 905, 271, 5.47%, 1, 0, 3, 2111.27
1573493203, 0, 162, 949, 906, 271, 5.47%, 1, 0, 3, 2029.87
1573493218, 0, 162, 950, 907, 271, 5.47%, 1, 0, 3, 2121.46
1573493457, 0, 164, 950, 906, 272, 5.47%, 1, 0, 3, 2110.35
1573493482, 0, 164, 951, 907, 272, 5.47%, 1, 0, 3, 2082.02
1573493554, 0, 164, 952, 908, 272, 5.47%, 1, 0, 3, 2047.23
1573493840, 0, 169, 952, 907, 272, 5.47%, 1, 0, 3, 2107.24
1573493861, 0, 169, 954, 909, 272, 5.47%, 1, 0, 3, 2051.76
1573493979, 0, 169, 955, 910, 272, 5.47%, 1, 0, 3, 2131.90
1573494219, 0, 170, 956, 910, 273, 5.47%, 1, 0, 3, 2384.43
1573494286, 0, 170, 959, 913, 273, 5.47%, 1, 0, 3, 2763.70
1573494357, 0, 177, 959, 912, 273, 5.47%, 1, 0, 3, 2596.45
1573494383, 0, 177, 961, 914, 273, 5.47%, 1, 0, 3, 2090.05
1573494740, 0, 182, 961, 913, 273, 5.47%, 1, 0, 3, 2156.98
1573494766, 0, 182, 964, 916, 273, 5.48%, 1, 0, 3, 2085.51
1573494883, 0, 182, 965, 917, 273, 5.48%, 1, 0, 3, 2117.48
1573495037, 0, 182, 966, 918, 273, 5.48%, 1, 0, 3, 2111.47
1573495124, 0, 184, 967, 918, 272, 5.48%, 1, 0, 3, 2372.58
1573495144, 0, 184, 978, 929, 272, 5.59%, 1, 0, 3, 2464.40
1573495165, 0, 184, 979, 930, 272, 5.59%, 1, 0, 3, 2470.25
1573495170, 0, 184, 980, 931, 272, 5.59%, 1, 0, 3, 2479.91
1573495195, 0, 184, 982, 933, 272, 5.60%, 1, 0, 3, 2461.23
1573495201, 0, 184, 988, 939, 272, 5.61%, 1, 0, 3, 2501.36
1573495206, 0, 184, 989, 940, 272, 5.61%, 1, 0, 3, 2505.76
1573495216, 0, 184, 990, 941, 272, 5.61%, 1, 0, 3, 2522.71
1573495282, 0, 196, 990, 940, 287, 5.61%, 1, 0, 3, 2494.67
1573495307, 0, 196, 992, 942, 287, 5.61%, 1, 0, 3, 2063.97
1573495313, 0, 196, 993, 943, 287, 5.61%, 1, 0, 3, 2079.73
1573495338, 0, 196, 994, 944, 287, 5.61%, 1, 0, 3, 2107.08
1573495425, 0, 196, 995, 945, 287, 5.61%, 1, 0, 3, 2148.41
1573495665, 0, 199, 996, 945, 288, 5.61%, 1, 0, 3, 2344.88
1573495711, 0, 199, 997, 946, 288, 5.61%, 1, 0, 3, 2534.13
1573495742, 0, 199, 1000, 949, 288, 5.61%, 1, 0, 3, 2560.84
1573495824, 0, 210, 1000, 948, 287, 5.61%, 1, 0, 3, 2548.98
1573495844, 0, 210, 1004, 952, 287, 5.61%, 1, 0, 3, 2501.90
1573495870, 0, 210, 1006, 954, 287, 5.61%, 1, 0, 3, 2536.91
1573495906, 0, 210, 1008, 956, 287, 5.61%, 1, 0, 3, 2526.79
1573495988, 0, 217, 1008, 955, 288, 5.61%, 1, 0, 3, 2371.54
1573496131, 0, 217, 1009, 956, 288, 5.61%, 1, 0, 3, 2149.29
1573496371, 0, 221, 1009, 955, 288, 5.61%, 1, 0, 3, 2269.08
1573496396, 0, 221, 1010, 956, 288, 5.65%, 1, 0, 3, 2055.12
1573496401, 0, 221, 1014, 960, 288, 5.65%, 1, 0, 3, 2081.03
1573496463, 0, 221, 1015, 961, 288, 5.74%, 1, 0, 3, 2088.22
1573496754, 0, 221, 1016, 962, 288, 5.74%, 1, 0, 3, 2161.93
1573496759, 0, 242, 1016, 961, 289, 5.74%, 1, 0, 3, 2145.29
1573496775, 0, 242, 1017, 962, 289, 5.74%, 1, 0, 3, 2037.94
1573497142, 0, 246, 1017, 961, 288, 5.74%, 1, 0, 3, 2165.12
1573497173, 0, 246, 1019, 963, 288, 5.74%, 1, 0, 3, 2044.12
1573497224, 0, 246, 1020, 964, 288, 5.75%, 1, 0, 3, 2100.09
1573497286, 0, 246, 1021, 965, 288, 5.75%, 1, 0, 3, 2157.40
1573497291, 0, 246, 1022, 966, 288, 5.75%, 1, 0, 3, 2132.26
1573497481, 0, 246, 1024, 968, 288, 5.75%, 1, 0, 3, 2170.03
1573497527, 0, 253, 1024, 967, 290, 5.75%, 1, 0, 3, 2290.01
1573497552, 0, 253, 1025, 968, 290, 5.75%, 1, 0, 3, 1999.77
1573497557, 0, 253, 1026, 969, 290, 5.75%, 1, 0, 3, 2055.54
1573497624, 0, 253, 1027, 970, 290, 5.75%, 1, 0, 3, 2075.81
1573497696, 0, 253, 1028, 971, 290, 5.75%, 1, 0, 3, 2131.33
1573497925, 0, 257, 1028, 970, 290, 5.75%, 1, 0, 3, 2293.28
1573497946, 0, 257, 1030, 972, 290, 5.75%, 1, 0, 3, 2339.43
1573497951, 0, 257, 1032, 974, 290, 5.75%, 1, 0, 3, 2306.95
1573498033, 0, 257, 1034, 976, 290, 5.75%, 1, 0, 3, 2393.69
1573498130, 0, 258, 1034, 975, 292, 5.75%, 1, 0, 3, 2412.23
1573498217, 0, 258, 1035, 976, 292, 5.76%, 1, 0, 3, 2334.55
1573498222, 0, 258, 1037, 978, 292, 5.76%, 1, 0, 3, 2381.73
1573498339, 0, 262, 1037, 977, 292, 5.76%, 1, 0, 3, 2537.30
1573498427, 0, 262, 1038, 978, 292, 5.76%, 1, 0, 3, 2635.69
1573498479, 0, 268, 1038, 977, 291, 5.76%, 1, 0, 3, 2298.10
1573498494, 0, 268, 1040, 979, 291, 5.76%, 1, 0, 3, 2128.58
1573498499, 0, 268, 1041, 980, 291, 5.76%, 1, 0, 3, 2181.52
1573498504, 0, 268, 1048, 987, 291, 5.76%, 1, 0, 3, 2180.89
1573498530, 0, 268, 1050, 989, 291, 5.76%, 1, 0, 3, 2207.96
1573498622, 0, 268, 1051, 990, 291, 5.76%, 1, 0, 3, 2214.23
1573498643, 0, 268, 1052, 991, 291, 5.76%, 1, 0, 3, 2132.72
1573498750, 0, 268, 1053, 992, 291, 5.76%, 1, 0, 3, 2268.56
1573498821, 0, 272, 1054, 992, 292, 5.76%, 1, 0, 3, 2357.32
1573498914, 0, 272, 1055, 993, 292, 5.76%, 1, 0, 3, 2382.83
1573499031, 0, 272, 1056, 994, 292, 5.76%, 1, 0, 3, 2374.40
1573499036, 0, 273, 1056, 993, 291, 5.76%, 1, 0, 3, 2349.10
1573499128, 0, 273, 1057, 994, 291, 5.76%, 1, 0, 3, 2328.90
1573499154, 0, 273, 1058, 995, 291, 5.76%, 1, 0, 3, 2381.98
1573499276, 0, 279, 1058, 994, 288, 5.76%, 1, 0, 3, 2413.66
1573499440, 0, 279, 1061, 997, 288, 5.76%, 1, 0, 3, 2181.78
1573499573, 0, 279, 1062, 998, 288, 5.76%, 1, 0, 3, 2070.58
1573499655, 0, 285, 1062, 997, 287, 5.76%, 1, 0, 3, 2351.72
1573499864, 0, 286, 1062, 996, 286, 5.76%, 1, 0, 3, 2422.06
1573500079, 0, 288, 1062, 995, 285, 5.76%, 1, 0, 3, 2134.56
1573500109, 0, 288, 1066, 999, 285, 5.76%, 1, 0, 3, 1930.45
1573500140, 0, 288, 1067, 1000, 285, 5.76%, 1, 0, 3, 1955.62
1573500202, 0, 288, 1068, 1001, 285, 5.77%, 1, 0, 3, 1905.90
1573500212, 0, 288, 1069, 1002, 285, 5.77%, 1, 0, 3, 2040.98
1573500227, 0, 288, 1070, 1003, 285, 5.77%, 1, 0, 3, 2028.92
1573500232, 0, 288, 1071, 1004, 285, 5.77%, 1, 0, 3, 2048.66
1573500426, 0, 302, 1071, 1003, 287, 5.77%, 1, 0, 3, 2105.84
1573500451, 0, 302, 1072, 1004, 287, 5.77%, 1, 0, 3, 2126.76
1573500508, 0, 302, 1074, 1006, 287, 5.77%, 1, 0, 3, 2096.23
1573500570, 0, 302, 1075, 1007, 287, 5.77%, 1, 0, 3, 2186.40
1573500759, 0, 312, 1075, 1006, 286, 5.77%, 1, 0, 3, 2540.80
1573500892, 0, 314, 1075, 1005, 285, 5.77%, 1, 0, 3, 2468.26
1573500912, 0, 314, 1079, 1009, 285, 5.77%, 1, 0, 3, 2045.94
1573500917, 0, 314, 1082, 1012, 285, 5.77%, 1, 0, 3, 2101.48
1573500922, 0, 314, 1087, 1017, 285, 5.77%, 1, 0, 3, 2077.27
1573500948, 0, 314, 1090, 1020, 285, 5.77%, 1, 0, 3, 2108.41
1573500973, 0, 314, 1091, 1021, 285, 5.77%, 1, 0, 3, 2105.97
1573500984, 0, 314, 1093, 1023, 285, 5.77%, 1, 0, 3, 2138.83
1573501035, 0, 314, 1094, 1024, 285, 5.77%, 1, 0, 3, 2138.55
1573501050, 0, 314, 1095, 1025, 285, 5.77%, 1, 0, 3, 2179.24
1573501270, 0, 317, 1095, 1024, 286, 5.77%, 1, 0, 3, 2465.28
1573501413, 0, 318, 1095, 1023, 285, 5.77%, 1, 0, 3, 2629.35
1573501546, 0, 319, 1097, 1024, 284, 5.82%, 1, 0, 3, 2782.14
1573501551, 0, 323, 1102, 1028, 288, 5.84%, 1, 0, 3, 2691.52
1573501624, 0, 329, 1102, 1027, 288, 5.84%, 1, 0, 3, 2720.87
1573502023, 0, 334, 1102, 1026, 287, 5.84%, 1, 0, 3, 2129.92
1573502043, 0, 334, 1103, 1027, 287, 5.84%, 1, 0, 3, 2030.99
1573502100, 0, 334, 1104, 1028, 287, 5.84%, 1, 0, 3, 1984.06
1573502151, 0, 334, 1105, 1029, 287, 5.84%, 1, 0, 3, 2032.76
1573502416, 0, 335, 1105, 1028, 287, 5.84%, 1, 0, 3, 2323.38
1573502436, 0, 335, 1106, 1029, 287, 5.84%, 1, 0, 3, 2033.09
1573502442, 0, 335, 1107, 1030, 287, 5.84%, 1, 0, 3, 2075.90
1573502815, 0, 336, 1107, 1029, 287, 5.84%, 1, 0, 3, 2108.69
1573502836, 0, 336, 1109, 1031, 287, 5.84%, 1, 0, 3, 2019.18
1573502862, 0, 336, 1110, 1032, 287, 5.84%, 1, 0, 3, 2027.91
1573502892, 0, 336, 1111, 1033, 287, 5.85%, 1, 0, 3, 2031.02
1573502944, 0, 336, 1116, 1038, 287, 5.86%, 1, 0, 3, 1979.07
1573503184, 0, 336, 1117, 1039, 287, 5.86%, 1, 0, 3, 2014.32
1573503210, 0, 337, 1117, 1038, 293, 5.86%, 1, 0, 3, 2242.87
1573503236, 0, 337, 1120, 1041, 293, 5.88%, 1, 0, 3, 2066.63
1573503261, 0, 337, 1121, 1042, 293, 5.88%, 1, 0, 3, 2019.97
1573503343, 0, 337, 1123, 1044, 293, 5.88%, 1, 0, 3, 1972.05
1573503491, 0, 337, 1124, 1045, 293, 5.91%, 1, 0, 3, 2120.78
1573503506, 0, 337, 1125, 1046, 293, 5.91%, 1, 0, 3, 2024.51
1573503583, 0, 337, 1127, 1048, 293, 5.92%, 1, 0, 3, 2024.35
1573503614, 0, 338, 1127, 1047, 299, 5.92%, 1, 0, 3, 2079.23
1573503634, 0, 338, 1129, 1049, 299, 5.93%, 1, 0, 3, 2041.52
1573503742, 0, 338, 1130, 1050, 299, 5.93%, 1, 0, 3, 2018.70
1573504007, 0, 340, 1130, 1049, 298, 5.93%, 1, 0, 3, 2251.00
1573504027, 0, 340, 1131, 1050, 298, 5.93%, 1, 0, 3, 1997.26
1573504032, 0, 340, 1133, 1052, 298, 5.94%, 1, 0, 3, 2057.77
1573504063, 0, 340, 1135, 1054, 298, 5.94%, 1, 0, 3, 2078.02
1573504099, 0, 340, 1136, 1055, 298, 5.94%, 1, 0, 3, 2045.50
1573504140, 0, 340, 1141, 1060, 298, 5.96%, 1, 0, 3, 2009.02
1573504411, 0, 350, 1141, 1059, 304, 5.96%, 1, 0, 3, 2149.07
1573504569, 0, 350, 1142, 1060, 304, 5.96%, 1, 0, 3, 2144.85
1573504580, 0, 350, 1143, 1061, 304, 5.96%, 1, 0, 3, 2071.50
1573504799, 0, 354, 1143, 1060, 305, 5.96%, 1, 0, 3, 2296.82
1573504824, 0, 354, 1144, 1061, 305, 5.97%, 1, 0, 3, 2077.22
1573505187, 0, 366, 1144, 1060, 304, 5.97%, 1, 0, 3, 2169.50
1573505192, 0, 370, 1144, 1059, 303, 5.97%, 1, 0, 3, 2335.47
1573505212, 0, 370, 1145, 1060, 303, 5.98%, 1, 0, 3, 2031.62
1573505243, 0, 370, 1147, 1062, 303, 6.03%, 1, 0, 3, 2073.57
1573505269, 0, 370, 1148, 1063, 303, 6.03%, 1, 0, 3, 2032.11
1573505304, 0, 370, 1149, 1064, 303, 6.03%, 1, 0, 3, 2035.27
1573505320, 0, 370, 1153, 1068, 303, 6.08%, 1, 0, 3, 2045.15
1573505479, 0, 370, 1154, 1069, 303, 6.09%, 1, 0, 3, 2040.41
1573505555, 0, 370, 1159, 1074, 303, 6.09%, 1, 0, 3, 2028.27
1573505586, 0, 376, 1159, 1073, 311, 6.09%, 1, 0, 3, 2202.90
1573505616, 0, 376, 1160, 1074, 311, 6.09%, 1, 0, 3, 2080.64
1573505979, 0, 385, 1160, 1073, 311, 6.09%, 1, 0, 3, 2301.88
1573506041, 0, 385, 1161, 1074, 311, 6.09%, 1, 0, 3, 2007.12
1573506143, 0, 385, 1164, 1077, 311, 6.09%, 1, 0, 3, 2114.61
1573506373, 0, 394, 1164, 1076, 311, 6.09%, 1, 0, 3, 2265.64
1573506460, 0, 394, 1165, 1077, 311, 6.09%, 1, 0, 3, 2348.11
1573506593, 0, 397, 1165, 1076, 312, 6.09%, 1, 0, 3, 2377.51
1573506813, 0, 400, 1165, 1075, 311, 6.09%, 1, 0, 3, 2135.62
1573506834, 0, 400, 1166, 1076, 311, 6.09%, 1, 0, 3, 1990.01
1573506839, 0, 400, 1169, 1079, 311, 6.10%, 1, 0, 3, 2075.95
1573506865, 0, 400, 1170, 1080, 311, 6.10%, 1, 0, 3, 2032.35
1573506900, 0, 400, 1171, 1081, 311, 6.10%, 1, 0, 3, 2024.14
1573506905, 0, 400, 1173, 1083, 311, 6.10%, 1, 0, 3, 2098.41
1573506972, 0, 400, 1174, 1084, 311, 6.10%, 1, 0, 3, 2089.85
1573506977, 0, 400, 1175, 1085, 311, 6.10%, 1, 0, 3, 2113.27
1573507222, 0, 406, 1175, 1083, 312, 6.10%, 1, 0, 3, 2607.09
1573507525, 0, 406, 1176, 1084, 312, 6.10%, 1, 0, 3, 2150.46
1573507627, 0, 427, 1177, 1084, 312, 6.10%, 1, 0, 3, 2278.94
1573507878, 0, 436, 1177, 1083, 311, 6.10%, 1, 0, 3, 2206.97
1573507899, 0, 436, 1178, 1084, 311, 6.11%, 1, 0, 3, 2022.91
1573507929, 0, 436, 1179, 1085, 311, 6.11%, 1, 0, 3, 2067.38
1573507955, 0, 436, 1181, 1087, 311, 6.12%, 1, 0, 3, 2038.29
1573507991, 0, 436, 1182, 1088, 311, 6.12%, 1, 0, 3, 2032.56
1573508006, 0, 436, 1192, 1098, 311, 6.20%, 1, 0, 3, 2046.23
1573508246, 0, 436, 1193, 1099, 311, 6.20%, 1, 0, 3, 2023.78
1573508282, 0, 440, 1193, 1098, 321, 6.20%, 1, 0, 3, 2093.69
1573508302, 0, 440, 1198, 1103, 321, 6.21%, 1, 0, 3, 2004.07
1573508333, 0, 440, 1200, 1105, 321, 6.22%, 1, 0, 3, 2050.25
1573508394, 0, 440, 1201, 1106, 321, 6.22%, 1, 0, 3, 2012.33
1573508409, 0, 440, 1202, 1107, 321, 6.22%, 1, 0, 3, 2011.79
1573508685, 0, 443, 1202, 1106, 322, 6.22%, 1, 0, 3, 2299.70
1573508706, 0, 443, 1203, 1107, 322, 6.22%, 1, 0, 3, 2030.22
1573508711, 0, 443, 1205, 1109, 322, 6.24%, 1, 0, 3, 2041.37
1573508767, 0, 443, 1206, 1110, 322, 6.25%, 1, 0, 3, 2041.51
1573508819, 0, 443, 1216, 1120, 322, 6.29%, 1, 0, 3, 2023.29
1573508854, 0, 443, 1217, 1121, 322, 6.29%, 1, 0, 3, 2106.45
1573509090, 0, 444, 1217, 1120, 327, 6.29%, 1, 0, 3, 2212.14
1573509110, 0, 444, 1218, 1121, 327, 6.29%, 1, 0, 3, 2047.49
1573509218, 0, 444, 1219, 1122, 327, 6.30%, 1, 0, 3, 2051.44
1573509494, 0, 445, 1219, 1121, 328, 6.30%, 1, 0, 3, 2153.05
1573509514, 0, 445, 1221, 1123, 328, 6.30%, 1, 0, 3, 2036.56
1573509545, 0, 445, 1222, 1124, 328, 6.30%, 1, 0, 3, 2048.22
1573509622, 0, 445, 1227, 1129, 328, 6.34%, 1, 0, 3, 2038.76
1573509862, 0, 445, 1229, 1131, 328, 6.34%, 1, 0, 3, 2010.36
1573509898, 0, 446, 1229, 1130, 331, 6.34%, 1, 0, 3, 2116.54
1573509918, 0, 446, 1232, 1133, 331, 6.34%, 1, 0, 3, 2033.15
1573509949, 0, 446, 1233, 1134, 331, 6.37%, 1, 0, 3, 2093.81
1573509974, 0, 446, 1235, 1136, 331, 6.38%, 1, 0, 3, 2017.01
1573510026, 0, 446, 1246, 1147, 331, 6.43%, 1, 0, 3, 2003.13
1573510265, 0, 446, 1247, 1148, 331, 6.43%, 1, 0, 3, 2014.08
1573510296, 0, 451, 1247, 1147, 340, 6.43%, 1, 0, 3, 2328.15
1573510378, 0, 451, 1248, 1148, 340, 6.43%, 1, 0, 3, 2065.42
1573510429, 0, 451, 1249, 1149, 340, 6.44%, 1, 0, 3, 2033.26
1573510670, 0, 451, 1250, 1150, 340, 6.45%, 1, 0, 3, 2035.00
1573510700, 0, 454, 1250, 1149, 341, 6.45%, 1, 0, 3, 2241.86
1573510721, 0, 454, 1251, 1150, 341, 6.45%, 1, 0, 3, 2036.83
1573510834, 0, 454, 1253, 1152, 341, 6.47%, 1, 0, 3, 2022.87
1573511073, 0, 454, 1254, 1153, 341, 6.47%, 1, 0, 3, 2053.40
1573511104, 0, 458, 1254, 1152, 342, 6.47%, 1, 0, 3, 2183.02
1573511124, 0, 458, 1255, 1153, 342, 6.47%, 1, 0, 3, 1993.45
1573511129, 0, 458, 1259, 1157, 342, 6.48%, 1, 0, 3, 2037.78
1573511160, 0, 458, 1260, 1158, 342, 6.48%, 1, 0, 3, 2058.94
1573511237, 0, 458, 1263, 1161, 342, 6.49%, 1, 0, 3, 1981.59
1573511390, 0, 458, 1264, 1162, 342, 6.50%, 1, 0, 3, 2089.53
1573511482, 0, 458, 1265, 1163, 342, 6.50%, 1, 0, 3, 2015.18
1573511487, 0, 458, 1266, 1164, 342, 6.50%, 1, 0, 3, 2021.34
1573511513, 0, 460, 1266, 1163, 345, 6.50%, 1, 0, 3, 2268.51
1573511533, 0, 460, 1267, 1164, 345, 6.50%, 1, 0, 3, 2009.51
1573511538, 0, 460, 1268, 1165, 345, 6.50%, 1, 0, 3, 2027.64
1573511922, 0, 465, 1268, 1164, 345, 6.50%, 1, 0, 3, 2254.70
1573511952, 0, 465, 1269, 1165, 345, 6.50%, 1, 0, 3, 2075.11
1573512013, 0, 465, 1270, 1166, 345, 6.50%, 1, 0, 3, 2120.38
1573512325, 0, 467, 1271, 1166, 345, 6.50%, 1, 0, 3, 2244.33
1573512350, 0, 467, 1272, 1167, 345, 6.50%, 1, 0, 3, 2060.04
1573512355, 0, 467, 1273, 1168, 345, 6.50%, 1, 0, 3, 2051.01
1573512386, 0, 467, 1274, 1169, 345, 6.50%, 1, 0, 3, 2058.23
1573512417, 0, 467, 1274, 1169, 345, 6.50%, 2, 0, 3, 2129.29
1573512463, 0, 467, 1275, 1170, 345, 6.51%, 2, 0, 3, 2052.91
1573512468, 0, 467, 1276, 1171, 345, 6.51%, 2, 0, 3, 2146.98
1573512473, 0, 467, 1277, 1172, 345, 6.51%, 2, 0, 3, 2171.75
1573512489, 0, 467, 1279, 1174, 345, 6.51%, 2, 0, 3, 2174.23
1573512525, 0, 467, 1280, 1175, 345, 6.51%, 2, 0, 3, 2027.23
1573512627, 0, 467, 1281, 1176, 345, 6.51%, 2, 0, 3, 2093.16
1573512709, 0, 467, 1282, 1177, 345, 6.51%, 2, 0, 3, 2179.83
1573512724, 0, 467, 1284, 1179, 345, 6.51%, 2, 0, 3, 2160.61
1573512729, 0, 473, 1284, 1178, 349, 6.51%, 2, 0, 3, 2140.01
1573512755, 0, 473, 1285, 1179, 349, 6.51%, 2, 0, 3, 2088.64
1573512816, 0, 473, 1285, 1179, 349, 6.51%, 3, 0, 3, 2063.32
1573512883, 0, 473, 1286, 1180, 349, 6.51%, 3, 0, 3, 2098.34
1573512893, 0, 473, 1287, 1181, 349, 6.51%, 3, 0, 3, 2172.13
1573513133, 0, 474, 1287, 1180, 349, 6.51%, 3, 0, 3, 2238.70
1573513164, 0, 474, 1288, 1181, 349, 6.51%, 3, 0, 3, 2071.10
1573513277, 0, 474, 1289, 1182, 349, 6.52%, 3, 0, 3, 2161.13
1573513287, 0, 474, 1290, 1183, 349, 6.52%, 3, 0, 3, 2143.21
1573513430, 0, 474, 1290, 1183, 349, 6.52%, 4, 0, 3, 2106.71
1573513542, 0, 475, 1290, 1182, 350, 6.52%, 4, 0, 3, 2119.57
1573513568, 0, 475, 1291, 1183, 350, 6.52%, 4, 0, 3, 2070.07
1573513686, 0, 475, 1292, 1184, 350, 6.52%, 4, 0, 3, 2135.91
1573513696, 0, 475, 1293, 1185, 350, 6.52%, 4, 0, 3, 2113.39
1573513839, 0, 475, 1293, 1185, 350, 6.52%, 5, 0, 3, 2108.54
1573513951, 0, 476, 1294, 1185, 351, 6.52%, 5, 0, 3, 2098.95
1573513977, 0, 476, 1295, 1186, 351, 6.52%, 5, 0, 3, 2080.97
1573514038, 0, 476, 1295, 1186, 351, 6.52%, 6, 0, 3, 2073.07
1573514095, 0, 476, 1296, 1187, 351, 6.53%, 6, 0, 3, 2147.48
1573514105, 0, 476, 1297, 1188, 351, 6.53%, 6, 0, 3, 2129.38
1573514361, 0, 477, 1297, 1187, 352, 6.53%, 6, 0, 3, 2121.20
1573514386, 0, 477, 1298, 1188, 352, 6.53%, 6, 0, 3, 2087.38
1573514448, 0, 477, 1298, 1188, 352, 6.53%, 7, 0, 3, 1995.75
1573514505, 0, 477, 1299, 1189, 352, 6.53%, 7, 0, 3, 2151.88
1573514520, 0, 477, 1300, 1190, 352, 6.53%, 7, 0, 3, 2084.32
1573514771, 0, 478, 1300, 1189, 353, 6.53%, 7, 0, 3, 2131.51
1573514802, 0, 478, 1301, 1190, 353, 6.53%, 7, 0, 3, 2035.88
1573514863, 0, 478, 1301, 1190, 353, 6.53%, 8, 0, 3, 2123.78
1573514914, 0, 478, 1302, 1191, 353, 6.53%, 8, 0, 3, 2144.59
1573514930, 0, 478, 1303, 1192, 353, 6.53%, 8, 0, 3, 2128.71
1573515180, 0, 501, 1303, 1191, 354, 6.53%, 8, 0, 3, 2044.10
1573515211, 0, 501, 1305, 1193, 354, 6.53%, 8, 0, 3, 1908.67
1573515277, 0, 501, 1305, 1193, 354, 6.53%, 9, 0, 3, 1873.28
1573515313, 0, 501, 1306, 1194, 354, 6.53%, 9, 0, 3, 1955.11
1573515333, 0, 501, 1307, 1195, 354, 6.54%, 9, 0, 3, 1984.46
1573515537, 0, 508, 1307, 1194, 355, 6.54%, 9, 0, 3, 2140.84
1573515563, 0, 508, 1308, 1195, 355, 6.54%, 9, 0, 3, 2098.51
1573515620, 0, 508, 1309, 1196, 355, 6.54%, 9, 0, 3, 2102.27
1573515910, 0, 508, 1310, 1197, 355, 6.54%, 9, 0, 3, 2057.71
1573515946, 0, 520, 1310, 1196, 355, 6.54%, 9, 0, 3, 2110.85
1573516351, 0, 524, 1310, 1195, 354, 6.54%, 9, 0, 3, 2244.61
1573516586, 0, 528, 1310, 1194, 353, 6.54%, 9, 0, 3, 2223.23
1573516632, 0, 528, 1311, 1195, 353, 6.54%, 9, 0, 3, 2032.85
1573516678, 0, 528, 1312, 1196, 353, 6.54%, 9, 0, 3, 2100.03
1573516775, 0, 528, 1313, 1197, 353, 6.54%, 9, 0, 3, 2037.56
1573516994, 0, 530, 1313, 1196, 353, 6.54%, 9, 0, 3, 2430.96
1573517148, 0, 540, 1313, 1195, 352, 6.54%, 9, 0, 3, 2216.04
1573517173, 0, 540, 1315, 1197, 352, 6.54%, 9, 0, 3, 2041.60
1573517240, 0, 540, 1316, 1198, 352, 6.54%, 9, 0, 3, 2125.46
1573517449, 0, 540, 1317, 1199, 352, 6.54%, 9, 0, 3, 2087.69
1573517536, 0, 540, 1318, 1200, 352, 6.54%, 9, 0, 3, 2012.64
1573517562, 0, 541, 1318, 1199, 352, 6.54%, 9, 0, 3, 2254.09
1573517721, 0, 541, 1318, 1199, 352, 6.54%, 10, 0, 3, 2139.94
1573517971, 0, 544, 1318, 1198, 351, 6.54%, 10, 0, 3, 2305.95
1573517996, 0, 544, 1320, 1200, 351, 6.54%, 10, 0, 3, 2356.78
1573518022, 0, 544, 1321, 1201, 351, 6.54%, 10, 0, 3, 2327.09
1573518191, 0, 553, 1325, 1203, 354, 6.57%, 10, 0, 3, 2587.14
1573518258, 0, 565, 1325, 1202, 353, 6.57%, 10, 0, 3, 2459.35
1573518479, 0, 569, 1325, 1201, 352, 6.57%, 10, 0, 3, 2558.30
1573518541, 0, 572, 1325, 1200, 351, 6.57%, 10, 0, 3, 2635.17
1573518648, 0, 578, 1325, 1199, 351, 6.57%, 10, 0, 3, 2573.10
1573518709, 0, 578, 1326, 1200, 351, 6.57%, 10, 0, 3, 2631.13
1573518714, 0, 580, 1326, 1199, 350, 6.57%, 10, 0, 3, 2674.10
1573518719, 0, 586, 1326, 1198, 349, 6.57%, 10, 0, 3, 2704.53
1573518807, 0, 588, 1326, 1197, 348, 6.57%, 10, 0, 3, 2641.26
1573518812, 0, 595, 1327, 1197, 346, 6.57%, 10, 0, 3, 2525.16
1573518833, 0, 595, 1329, 1199, 346, 6.57%, 10, 0, 3, 2427.19
1573518900, 0, 595, 1330, 1200, 346, 6.57%, 10, 0, 3, 2449.67
1573518996, 0, 596, 1330, 1199, 346, 6.57%, 10, 0, 3, 2501.23
1573519001, 0, 609, 1330, 1198, 345, 6.57%, 10, 0, 3, 2488.57
1573519027, 0, 609, 1337, 1205, 345, 6.58%, 10, 0, 3, 2097.95
1573519032, 0, 609, 1344, 1212, 345, 6.59%, 10, 0, 3, 2080.86
1573519058, 0, 609, 1350, 1218, 345, 6.60%, 10, 0, 3, 2128.27
1573519089, 0, 609, 1351, 1219, 345, 6.60%, 10, 0, 3, 2062.57
1573519145, 0, 609, 1352, 1220, 345, 6.60%, 10, 0, 3, 2150.75
1573519150, 0, 609, 1355, 1223, 345, 6.60%, 10, 0, 3, 2191.27
1573519160, 0, 609, 1356, 1224, 345, 6.60%, 10, 0, 3, 2154.54
1573519166, 0, 609, 1358, 1226, 345, 6.61%, 10, 0, 3, 2194.02
1573519412, 0, 611, 1358, 1225, 358, 6.61%, 10, 0, 3, 2482.23
1573519489, 0, 612, 1358, 1224, 357, 6.61%, 10, 0, 3, 2584.97
1573519638, 0, 613, 1359, 1224, 356, 6.61%, 10, 0, 3, 2506.14
1573519663, 0, 613, 1363, 1228, 356, 6.61%, 10, 0, 3, 2346.30
1573519720, 0, 613, 1367, 1232, 356, 6.61%, 10, 0, 3, 2361.58
1573519725, 0, 613, 1368, 1233, 356, 6.61%, 10, 0, 3, 2348.44
1573519730, 0, 613, 1370, 1235, 356, 6.61%, 10, 0, 3, 2398.20
1573519735, 0, 613, 1371, 1236, 356, 6.61%, 10, 0, 3, 2383.52
1573519740, 0, 613, 1372, 1237, 356, 6.61%, 10, 0, 3, 2369.00
1573519853, 0, 624, 1372, 1234, 356, 6.61%, 10, 0, 3, 2669.97
1573519858, 0, 625, 1396, 1257, 355, 6.70%, 10, 0, 4, 2804.38
1573519863, 0, 625, 1401, 1262, 355, 6.87%, 10, 0, 4, 2777.53
1573519868, 0, 626, 1407, 1267, 369, 6.89%, 10, 0, 4, 2785.49
1573519873, 0, 627, 1408, 1267, 372, 6.89%, 10, 0, 4, 2823.94
1573519878, 0, 629, 1414, 1271, 370, 6.92%, 10, 0, 4, 2732.02
1573519884, 0, 630, 1415, 1271, 373, 6.95%, 10, 0, 4, 2774.66
1573519889, 0, 637, 1418, 1272, 374, 6.96%, 10, 0, 4, 2807.08
1573520073, 0, 642, 1418, 1271, 373, 6.96%, 10, 0, 4, 2365.00
1573520078, 0, 642, 1419, 1272, 373, 6.96%, 10, 0, 4, 2203.92
1573520099, 0, 642, 1427, 1280, 373, 6.96%, 10, 0, 4, 2217.78
1573520104, 0, 642, 1428, 1281, 373, 6.96%, 10, 0, 4, 2184.70
1573520124, 0, 642, 1430, 1283, 373, 6.96%, 10, 0, 4, 2220.87
1573520150, 0, 642, 1432, 1285, 373, 6.96%, 10, 0, 4, 2203.64
1573520170, 0, 642, 1433, 1286, 373, 6.96%, 10, 0, 4, 2181.56
1573520175, 0, 642, 1435, 1288, 373, 6.96%, 10, 0, 4, 2256.40
1573520180, 0, 642, 1437, 1290, 373, 6.97%, 10, 0, 4, 2262.47
1573520186, 0, 642, 1440, 1293, 373, 6.98%, 10, 0, 4, 2242.35
1573520191, 0, 642, 1443, 1296, 373, 6.98%, 10, 0, 4, 2241.97
1573520257, 0, 642, 1446, 1299, 373, 6.99%, 10, 0, 4, 2217.75
1573520262, 0, 642, 1448, 1301, 373, 6.99%, 10, 0, 4, 2211.80
1573520278, 0, 642, 1450, 1303, 373, 6.99%, 10, 0, 4, 2262.10
1573520303, 0, 642, 1452, 1305, 373, 7.00%, 10, 0, 4, 2296.10
1573520324, 0, 643, 1452, 1304, 386, 7.00%, 10, 0, 4, 2492.58
1573520436, 0, 643, 1453, 1305, 386, 7.00%, 10, 0, 4, 2598.49
1573520456, 0, 670, 1453, 1304, 386, 7.00%, 10, 0, 4, 2522.44
1573520661, 0, 673, 1453, 1303, 385, 7.00%, 10, 0, 4, 2349.20
1573520686, 0, 673, 1455, 1305, 385, 7.00%, 10, 0, 4, 2044.37
1573520691, 0, 673, 1463, 1313, 385, 7.00%, 10, 0, 4, 2041.68
1573520824, 0, 673, 1464, 1314, 385, 7.00%, 10, 0, 4, 2085.45
1573520829, 0, 673, 1465, 1315, 385, 7.00%, 10, 0, 4, 2147.43
1573521073, 0, 675, 1465, 1314, 383, 7.00%, 10, 0, 4, 2200.49
1573521211, 0, 676, 1465, 1313, 382, 7.00%, 10, 0, 4, 2632.32
1573521340, 0, 677, 1465, 1312, 381, 7.00%, 10, 0, 4, 2614.43
1573521474, 0, 678, 1465, 1311, 380, 7.00%, 10, 0, 4, 2589.41
1573521607, 0, 679, 1465, 1310, 379, 7.00%, 10, 0, 4, 2541.37
1573521741, 0, 680, 1465, 1309, 378, 7.00%, 10, 0, 4, 2557.75
1573521767, 0, 680, 1467, 1311, 378, 7.00%, 10, 0, 4, 2471.37
1573521951, 0, 685, 1467, 1310, 376, 7.00%, 10, 0, 4, 2207.13
1573521966, 0, 685, 1468, 1311, 376, 7.00%, 10, 0, 4, 2036.62
1573521976, 0, 685, 1470, 1313, 376, 7.00%, 10, 0, 4, 2117.40
1573521997, 0, 685, 1471, 1314, 376, 7.00%, 10, 0, 4, 2027.06
1573522084, 0, 685, 1473, 1316, 376, 7.01%, 10, 0, 4, 2165.18
1573522104, 0, 685, 1475, 1318, 376, 7.01%, 10, 0, 4, 2140.88
1573522293, 0, 685, 1476, 1319, 376, 7.01%, 10, 0, 4, 2157.30
1573522313, 0, 687, 1476, 1318, 382, 7.01%, 10, 0, 4, 2329.98
1573522488, 0, 687, 1477, 1319, 382, 7.01%, 10, 0, 4, 2005.44
1573522732, 0, 692, 1477, 1318, 382, 7.01%, 10, 0, 4, 2095.77
1573522753, 0, 692, 1479, 1320, 382, 7.01%, 10, 0, 4, 2057.64
1573522758, 0, 692, 1482, 1323, 382, 7.01%, 10, 0, 4, 2095.53
1573522824, 0, 692, 1485, 1326, 382, 7.01%, 10, 0, 4, 2066.99
1573523034, 0, 692, 1486, 1327, 382, 7.02%, 10, 0, 4, 2074.53
1573523136, 0, 698, 1487, 1327, 383, 7.02%, 10, 0, 4, 2177.34
1573523162, 0, 698, 1491, 1331, 383, 7.02%, 10, 0, 4, 2077.47
1573523167, 0, 698, 1493, 1333, 383, 7.02%, 10, 0, 4, 2071.31
1573523192, 0, 698, 1494, 1334, 383, 7.02%, 10, 0, 4, 2121.51
1573523540, 0, 699, 1494, 1333, 387, 7.02%, 10, 0, 4, 2280.95
1573523566, 0, 699, 1498, 1337, 387, 7.02%, 10, 0, 4, 2067.24
1573523571, 0, 699, 1499, 1338, 387, 7.02%, 10, 0, 4, 2081.41
1573523950, 0, 700, 1499, 1337, 387, 7.02%, 10, 0, 4, 2135.10
1573523975, 0, 700, 1504, 1342, 387, 7.02%, 10, 0, 4, 2118.07
1573524347, 0, 701, 1506, 1343, 387, 7.03%, 10, 0, 4, 2214.49
1573524373, 0, 701, 1511, 1348, 387, 7.03%, 10, 0, 4, 2091.36
1573524378, 0, 701, 1512, 1349, 387, 7.03%, 10, 0, 4, 2051.16
1573524409, 0, 701, 1513, 1350, 387, 7.03%, 10, 0, 4, 2049.58
1573524439, 0, 701, 1516, 1353, 387, 7.04%, 10, 0, 4, 2166.32
1573524757, 0, 706, 1516, 1352, 389, 7.04%, 10, 0, 4, 2179.29
1573524782, 0, 706, 1521, 1357, 389, 7.04%, 10, 0, 4, 2084.30
1573525156, 0, 707, 1521, 1356, 384, 7.04%, 10, 0, 4, 2264.04
1573525182, 0, 707, 1525, 1360, 384, 7.04%, 10, 0, 4, 2041.94
1573525187, 0, 707, 1526, 1361, 384, 7.04%, 10, 0, 4, 2080.13
1573525560, 0, 708, 1526, 1360, 384, 7.04%, 10, 0, 4, 2191.12
1573525585, 0, 708, 1531, 1365, 384, 7.04%, 10, 0, 4, 2096.19
1573525962, 0, 719, 1531, 1364, 383, 7.04%, 10, 0, 4, 2076.03
1573525983, 0, 719, 1534, 1367, 383, 7.04%, 10, 0, 4, 2043.86
1573525988, 0, 719, 1536, 1369, 383, 7.04%, 10, 0, 4, 2091.60
1573526362, 0, 720, 1536, 1368, 383, 7.04%, 10, 0, 4, 2175.63
1573526387, 0, 720, 1541, 1373, 383, 7.04%, 10, 0, 4, 2058.38
1573526762, 0, 721, 1541, 1372, 383, 7.04%, 10, 0, 4, 2245.69
1573526787, 0, 721, 1545, 1376, 383, 7.04%, 10, 0, 4, 2071.50
1573526792, 0, 721, 1546, 1377, 383, 7.04%, 10, 0, 4, 2086.24
1573527166, 0, 722, 1546, 1376, 383, 7.04%, 10, 0, 4, 2138.41
1573527191, 0, 722, 1551, 1381, 383, 7.04%, 10, 0, 4, 2096.23
1573527564, 0, 723, 1551, 1380, 383, 7.04%, 10, 0, 4, 2221.07
1573527590, 0, 723, 1555, 1384, 383, 7.04%, 10, 0, 4, 2058.62
1573527595, 0, 723, 1556, 1385, 383, 7.04%, 10, 0, 4, 2074.55
1573527969, 0, 724, 1556, 1384, 383, 7.04%, 10, 0, 4, 2143.79
1573527995, 0, 724, 1561, 1389, 383, 7.04%, 10, 0, 4, 2100.94
1573528368, 0, 725, 1561, 1388, 383, 7.04%, 10, 0, 4, 2270.44
1573528373, 0, 727, 1562, 1388, 383, 7.04%, 10, 0, 4, 2740.38
1573528383, 0, 727, 1563, 1389, 383, 7.04%, 10, 0, 4, 2692.96
1573528394, 0, 727, 1564, 1390, 383, 7.04%, 10, 0, 4, 2718.64
1573528496, 0, 730, 1564, 1389, 383, 7.04%, 10, 0, 4, 2608.30
1573528633, 0, 731, 1564, 1388, 382, 7.04%, 10, 0, 4, 2551.22
1573528741, 0, 734, 1564, 1387, 381, 7.04%, 10, 0, 4, 2736.28
1573528762, 0, 734, 1565, 1388, 381, 7.04%, 10, 0, 4, 2583.64
1573528782, 0, 734, 1572, 1395, 381, 7.05%, 10, 0, 4, 2587.80
1573528787, 0, 734, 1575, 1398, 381, 7.05%, 10, 0, 4, 2560.97
1573528879, 0, 736, 1576, 1398, 388, 7.05%, 10, 0, 4, 2652.99
1573528910, 0, 736, 1577, 1399, 388, 7.05%, 10, 0, 4, 2664.54
1573528967, 0, 738, 1577, 1398, 388, 7.05%, 10, 0, 4, 2684.69
1573528987, 0, 738, 1578, 1399, 388, 7.05%, 10, 0, 4, 2532.32
1573529110, 0, 739, 1578, 1398, 387, 7.05%, 10, 0, 4, 2547.58
1573529115, 0, 739, 1579, 1399, 387, 7.05%, 10, 0, 4, 2537.75
1573529247, 0, 740, 1579, 1398, 387, 7.05%, 10, 0, 4, 2565.66
1573529389, 0, 742, 1579, 1397, 386, 7.05%, 10, 0, 4, 2714.19
1573529492, 0, 743, 1579, 1396, 385, 7.05%, 10, 0, 4, 2640.69
1573529497, 0, 743, 1580, 1397, 385, 7.05%, 10, 0, 4, 2588.12
1573529523, 0, 743, 1581, 1398, 385, 7.05%, 10, 0, 4, 2619.19
1573529615, 0, 751, 1581, 1397, 384, 7.05%, 10, 0, 4, 2270.70
1573529641, 0, 751, 1582, 1398, 384, 7.05%, 10, 0, 4, 2107.15
1573530019, 0, 759, 1582, 1397, 383, 7.05%, 10, 0, 4, 2253.15
1573530408, 0, 762, 1582, 1396, 382, 7.05%, 10, 0, 4, 2112.28
1573530428, 0, 762, 1583, 1397, 382, 7.05%, 10, 0, 4, 2061.13
1573530811, 0, 763, 1583, 1396, 382, 7.05%, 10, 0, 4, 2336.57
1573530836, 0, 763, 1584, 1397, 382, 7.05%, 10, 0, 4, 2157.17
1573530842, 0, 763, 1585, 1398, 382, 7.05%, 10, 0, 4, 2147.79
1573531076, 0, 763, 1586, 1399, 382, 7.05%, 10, 0, 4, 2211.27
1573531163, 0, 778, 1586, 1398, 381, 7.05%, 10, 0, 4, 2263.12
1573531189, 0, 778, 1588, 1400, 381, 7.06%, 10, 0, 4, 2030.98
1573531220, 0, 778, 1589, 1401, 381, 7.06%, 10, 0, 4, 2072.96
1573531302, 0, 778, 1592, 1404, 381, 7.08%, 10, 0, 4, 2021.96
1573531577, 0, 780, 1592, 1403, 384, 7.08%, 10, 0, 4, 2172.75
1573531597, 0, 780, 1593, 1404, 384, 7.08%, 10, 0, 4, 2015.51
1573531603, 0, 780, 1594, 1405, 384, 7.08%, 10, 0, 4, 2074.31
1573531628, 0, 780, 1596, 1407, 384, 7.09%, 10, 0, 4, 1993.98
1573531659, 0, 780, 1597, 1408, 384, 7.09%, 10, 0, 4, 2052.67
1573531710, 0, 780, 1600, 1411, 384, 7.10%, 10, 0, 4, 2023.07
1573531961, 0, 780, 1601, 1412, 384, 7.10%, 10, 0, 4, 2021.45
1573531992, 0, 781, 1601, 1411, 388, 7.10%, 10, 0, 4, 2113.21
1573532012, 0, 781, 1602, 1412, 388, 7.10%, 10, 0, 4, 2026.11
1573532401, 0, 782, 1602, 1411, 388, 7.10%, 10, 0, 4, 2135.91
1573532815, 0, 784, 1602, 1410, 387, 7.10%, 10, 0, 4, 2081.38
1573532836, 0, 784, 1603, 1411, 387, 7.10%, 10, 0, 4, 2019.57
1573533220, 0, 786, 1604, 1411, 387, 7.10%, 10, 0, 4, 2234.30
1573533240, 0, 786, 1605, 1412, 387, 7.10%, 10, 0, 4, 2018.75
1573533628, 0, 789, 1605, 1411, 387, 7.10%, 10, 0, 4, 2177.54
1573533649, 0, 789, 1606, 1412, 387, 7.10%, 10, 0, 4, 2000.58
1573533762, 0, 789, 1607, 1413, 387, 7.11%, 10, 0, 4, 2012.81
1573533798, 0, 789, 1608, 1414, 387, 7.11%, 10, 0, 4, 2095.39
1573533956, 0, 789, 1609, 1415, 387, 7.11%, 10, 0, 4, 2025.51
1573534012, 0, 789, 1610, 1416, 387, 7.11%, 10, 0, 4, 2017.60
1573534043, 0, 794, 1610, 1415, 390, 7.11%, 10, 0, 4, 2114.52
1573534063, 0, 794, 1611, 1416, 390, 7.11%, 10, 0, 4, 2000.25
1573534452, 0, 795, 1611, 1415, 390, 7.11%, 10, 0, 4, 2223.34
1573534473, 0, 795, 1612, 1416, 390, 7.11%, 10, 0, 4, 2019.86
1573534862, 0, 797, 1612, 1415, 390, 7.11%, 10, 0, 4, 2139.27
1573534882, 0, 797, 1613, 1416, 390, 7.11%, 10, 0, 4, 2018.83
1573534996, 0, 797, 1614, 1417, 390, 7.11%, 10, 0, 4, 1992.56
1573535190, 0, 797, 1615, 1418, 390, 7.11%, 10, 0, 4, 2008.97
1573535272, 0, 798, 1615, 1417, 391, 7.11%, 10, 0, 4, 2150.28
1573535292, 0, 798, 1616, 1418, 391, 7.11%, 10, 0, 4, 2013.12
1573535323, 0, 798, 1617, 1419, 391, 7.11%, 10, 0, 4, 2031.70
1573535328, 0, 798, 1618, 1420, 391, 7.11%, 10, 0, 4, 2122.14
1573535436, 0, 798, 1620, 1422, 391, 7.11%, 10, 0, 4, 2154.28
1573535681, 0, 800, 1620, 1421, 391, 7.11%, 10, 0, 4, 2258.48
1573535707, 0, 800, 1621, 1422, 391, 7.11%, 10, 0, 4, 2031.14
1573536096, 0, 804, 1622, 1422, 391, 7.11%, 10, 0, 4, 2361.57
1573536117, 0, 804, 1625, 1425, 391, 7.11%, 10, 0, 4, 2492.06
1573536275, 0, 809, 1625, 1424, 391, 7.11%, 10, 0, 4, 2245.39
1573536296, 0, 809, 1626, 1425, 391, 7.11%, 10, 0, 4, 2007.80
1573536404, 0, 809, 1627, 1426, 391, 7.12%, 10, 0, 4, 2014.68
1573536690, 0, 817, 1627, 1425, 391, 7.12%, 10, 0, 4, 2091.50
1573536705, 0, 817, 1629, 1427, 391, 7.12%, 10, 0, 4, 1991.54
1573536818, 0, 817, 1630, 1428, 391, 7.12%, 10, 0, 4, 2019.99
1573537103, 0, 820, 1630, 1427, 390, 7.12%, 10, 0, 4, 2080.72
1573537123, 0, 820, 1634, 1431, 390, 7.12%, 10, 0, 4, 1962.62
1573537154, 0, 820, 1637, 1434, 390, 7.18%, 10, 0, 4, 1972.54
1573537221, 0, 820, 1638, 1435, 390, 7.18%, 10, 0, 4, 1969.62
1573537236, 0, 820, 1651, 1448, 390, 7.26%, 10, 0, 4, 1978.39
1573537400, 0, 820, 1653, 1450, 390, 7.26%, 10, 0, 4, 1988.84
1573537487, 0, 820, 1662, 1459, 390, 7.30%, 10, 0, 4, 1967.15
1573537523, 0, 821, 1662, 1458, 401, 7.30%, 10, 0, 4, 2147.16
1573537544, 0, 821, 1665, 1461, 401, 7.30%, 10, 0, 4, 2015.54
1573537651, 0, 821, 1666, 1462, 401, 7.30%, 10, 0, 4, 2006.09
1573537896, 0, 821, 1667, 1463, 401, 7.30%, 10, 0, 4, 2000.44
1573537937, 0, 824, 1667, 1462, 401, 7.30%, 10, 0, 4, 2099.08
1573537957, 0, 824, 1668, 1463, 401, 7.30%, 10, 0, 4, 2063.09
1573538060, 0, 824, 1669, 1464, 401, 7.30%, 10, 0, 4, 2046.18
1573538341, 0, 825, 1669, 1463, 401, 7.30%, 10, 0, 4, 2248.64
1573538361, 0, 825, 1670, 1464, 401, 7.30%, 10, 0, 4, 2014.29
1573538366, 0, 825, 1671, 1465, 401, 7.30%, 10, 0, 4, 2066.96
1573538713, 0, 825, 1672, 1466, 401, 7.30%, 10, 0, 4, 2033.00
1573538749, 0, 834, 1672, 1465, 402, 7.30%, 10, 0, 4, 2196.94
1573538862, 0, 834, 1673, 1466, 402, 7.30%, 10, 0, 4, 2010.93
1573538878, 0, 834, 1675, 1468, 402, 7.30%, 10, 0, 4, 2019.51
1573539164, 0, 836, 1675, 1467, 402, 7.30%, 10, 0, 4, 2079.27
1573539276, 0, 836, 1676, 1468, 402, 7.30%, 10, 0, 4, 2013.08
1573539577, 0, 838, 1676, 1467, 402, 7.30%, 10, 0, 4, 2072.94
1573539598, 0, 838, 1677, 1468, 402, 7.30%, 10, 0, 4, 2000.19
1573539633, 0, 838, 1678, 1469, 402, 7.30%, 10, 0, 4, 2074.16
1573539710, 0, 838, 1679, 1470, 402, 7.30%, 10, 0, 4, 2017.90
1573539956, 0, 838, 1680, 1471, 402, 7.30%, 10, 0, 4, 2005.42
1573539991, 0, 840, 1680, 1470, 402, 7.30%, 10, 0, 4, 2081.02
1573540012, 0, 840, 1681, 1471, 402, 7.30%, 10, 0, 4, 2008.68
1573540395, 0, 846, 1681, 1470, 402, 7.30%, 10, 0, 4, 2419.24
1573540416, 0, 846, 1686, 1475, 402, 7.31%, 10, 0, 4, 2137.50
1573540441, 0, 846, 1687, 1476, 402, 7.31%, 10, 0, 4, 2172.56
1573540446, 0, 846, 1688, 1477, 402, 7.31%, 10, 0, 4, 2231.68
1573540513, 0, 846, 1689, 1478, 402, 7.33%, 10, 0, 4, 2179.34
1573540518, 0, 846, 1690, 1479, 402, 7.33%, 10, 0, 4, 2182.72
1573540778, 0, 851, 1690, 1478, 403, 7.33%, 10, 0, 4, 2352.13
1573540798, 0, 851, 1691, 1479, 403, 7.33%, 10, 0, 4, 2125.48
1573540896, 0, 851, 1692, 1480, 403, 7.37%, 10, 0, 4, 2190.26
1573541126, 0, 851, 1693, 1481, 403, 7.37%, 10, 0, 4, 2198.73
1573541156, 0, 852, 1693, 1480, 403, 7.37%, 10, 0, 4, 2430.66
1573541177, 0, 852, 1695, 1482, 403, 7.37%, 10, 0, 4, 2183.66
1573541541, 0, 853, 1695, 1481, 404, 7.37%, 10, 0, 4, 2254.39
1573541556, 0, 853, 1696, 1482, 404, 7.37%, 10, 0, 4, 2184.78
1573541586, 0, 853, 1697, 1483, 404, 7.37%, 10, 0, 4, 2239.43
1573541658, 0, 853, 1698, 1484, 404, 7.37%, 10, 0, 4, 2179.48
1573541919, 0, 854, 1698, 1483, 402, 7.37%, 10, 0, 4, 2323.57
1573541934, 0, 854, 1699, 1484, 402, 7.37%, 10, 0, 4, 2169.13
1573542298, 0, 856, 1699, 1483, 402, 7.37%, 10, 0, 4, 2396.22
1573542318, 0, 856, 1700, 1484, 402, 7.37%, 10, 0, 4, 2184.27
1573542344, 0, 856, 1701, 1485, 402, 7.37%, 10, 0, 4, 2197.95
1573542676, 0, 857, 1701, 1484, 402, 7.37%, 10, 0, 4, 2409.67
1573542697, 0, 857, 1702, 1485, 402, 7.37%, 10, 0, 4, 2182.99
1573543060, 0, 859, 1702, 1484, 402, 7.37%, 10, 0, 4, 2288.51
1573543076, 0, 859, 1703, 1485, 402, 7.37%, 10, 0, 4, 2183.27
1573543439, 0, 860, 1703, 1484, 402, 7.37%, 10, 0, 4, 2364.58
1573543460, 0, 860, 1704, 1485, 402, 7.37%, 10, 0, 4, 2153.38
1573543562, 0, 860, 1705, 1486, 402, 7.38%, 10, 0, 4, 2184.45
1573543824, 0, 861, 1705, 1485, 403, 7.38%, 10, 0, 4, 2269.67
1573543839, 0, 861, 1706, 1486, 403, 7.38%, 10, 0, 4, 2186.12
1573544202, 0, 862, 1706, 1485, 403, 7.38%, 10, 0, 4, 2324.08
1573544218, 0, 862, 1707, 1486, 403, 7.38%, 10, 0, 4, 2188.09
1573544580, 0, 863, 1707, 1485, 403, 7.38%, 10, 0, 4, 2451.56
1573544600, 0, 863, 1708, 1486, 403, 7.38%, 10, 0, 4, 2153.43
1573544631, 0, 863, 1709, 1487, 403, 7.38%, 10, 0, 4, 2225.01
1573544703, 0, 863, 1711, 1489, 403, 7.39%, 10, 0, 4, 2176.97
1573544963, 0, 866, 1711, 1488, 405, 7.39%, 10, 0, 4, 2326.09
1573544979, 0, 866, 1712, 1489, 405, 7.39%, 10, 0, 4, 2184.35
1573545342, 0, 868, 1712, 1488, 405, 7.39%, 10, 0, 4, 2440.96
1573545363, 0, 868, 1713, 1489, 405, 7.39%, 10, 0, 4, 2183.77
1573545368, 0, 868, 1714, 1490, 405, 7.39%, 10, 0, 4, 2243.87
1573545419, 0, 868, 1715, 1491, 405, 7.39%, 10, 0, 4, 2240.35
1573545465, 0, 868, 1716, 1492, 405, 7.39%, 10, 0, 4, 2176.17
1573545690, 0, 868, 1719, 1495, 405, 7.39%, 10, 0, 4, 2183.69
1573545726, 0, 870, 1719, 1494, 407, 7.39%, 10, 0, 4, 2279.51
1573545741, 0, 870, 1720, 1495, 407, 7.39%, 10, 0, 4, 2169.20
1573545844, 0, 870, 1721, 1496, 407, 7.39%, 10, 0, 4, 2192.95
1573546105, 0, 871, 1721, 1495, 408, 7.39%, 10, 0, 4, 2353.93
1573546125, 0, 871, 1722, 1496, 408, 7.39%, 10, 0, 4, 2147.61
1573546187, 0, 871, 1723, 1497, 408, 7.39%, 10, 0, 4, 2211.22
1573546485, 0, 872, 1723, 1496, 408, 7.39%, 10, 0, 4, 2425.78
1573546505, 0, 872, 1724, 1497, 408, 7.39%, 10, 0, 4, 2185.45
1573546868, 0, 873, 1724, 1496, 408, 7.39%, 10, 0, 4, 2318.07
1573546883, 0, 873, 1725, 1497, 408, 7.39%, 10, 0, 4, 2183.60
1573547247, 0, 874, 1725, 1496, 408, 7.39%, 10, 0, 4, 2374.89
1573547267, 0, 874, 1726, 1497, 408, 7.39%, 10, 0, 4, 2176.64
1573547630, 0, 876, 1726, 1496, 408, 7.39%, 10, 0, 4, 2301.76
1573547646, 0, 876, 1727, 1497, 408, 7.39%, 10, 0, 4, 2183.61
1573548009, 0, 881, 1727, 1496, 408, 7.39%, 10, 0, 4, 2356.90
1573548029, 0, 881, 1728, 1497, 408, 7.39%, 10, 0, 4, 2158.25
1573548039, 0, 881, 1729, 1498, 408, 7.39%, 10, 0, 4, 2195.51
1573548132, 0, 881, 1730, 1499, 408, 7.39%, 10, 0, 4, 2108.55
1573548377, 0, 881, 1731, 1500, 408, 7.40%, 10, 0, 4, 2016.20
1573548408, 0, 882, 1731, 1499, 410, 7.40%, 10, 0, 4, 2266.64
1573548429, 0, 882, 1732, 1500, 410, 7.40%, 10, 0, 4, 2008.63
1573548439, 0, 882, 1733, 1501, 410, 7.40%, 10, 0, 4, 2069.30
1573548787, 0, 882, 1734, 1502, 410, 7.40%, 10, 0, 4, 2018.68
1573548823, 0, 883, 1734, 1501, 411, 7.40%, 10, 0, 4, 2147.26
1573548843, 0, 883, 1735, 1502, 411, 7.40%, 10, 0, 4, 2017.88
1573548853, 0, 883, 1736, 1503, 411, 7.40%, 10, 0, 4, 2048.80
1573549201, 0, 883, 1737, 1504, 411, 7.40%, 10, 0, 4, 2025.61
1573549236, 0, 884, 1737, 1503, 412, 7.40%, 10, 0, 4, 2089.67
1573549252, 0, 884, 1738, 1504, 412, 7.40%, 10, 0, 4, 2009.18
1573549262, 0, 884, 1739, 1505, 412, 7.40%, 10, 0, 4, 2084.13
1573549313, 0, 884, 1740, 1506, 412, 7.40%, 10, 0, 4, 1995.76
1573549650, 0, 885, 1740, 1505, 412, 7.40%, 10, 0, 4, 2083.45
1573549666, 0, 885, 1741, 1506, 412, 7.40%, 10, 0, 4, 2009.49
1573549676, 0, 885, 1742, 1507, 412, 7.40%, 10, 0, 4, 2082.16
1573549696, 0, 885, 1743, 1508, 412, 7.40%, 10, 0, 4, 2022.02
1573550059, 0, 888, 1743, 1507, 412, 7.40%, 10, 0, 4, 2149.06
1573550080, 0, 888, 1744, 1508, 412, 7.40%, 10, 0, 4, 1986.22
1573550085, 0, 888, 1747, 1511, 412, 7.40%, 10, 0, 4, 2043.40
1573550090, 0, 888, 1748, 1512, 412, 7.40%, 10, 0, 4, 2040.30
1573550193, 0, 888, 1755, 1519, 412, 7.40%, 10, 0, 4, 2007.86
1573550223, 0, 888, 1756, 1520, 412, 7.40%, 10, 0, 4, 2161.64
1573550432, 0, 888, 1757, 1521, 412, 7.40%, 10, 0, 4, 2009.35
1573550468, 0, 891, 1757, 1520, 411, 7.40%, 10, 0, 4, 2069.85
1573550489, 0, 891, 1763, 1526, 411, 7.40%, 10, 0, 4, 1994.35
1573550519, 0, 891, 1766, 1529, 411, 7.40%, 10, 0, 4, 2024.02
1573550550, 0, 891, 1768, 1531, 411, 7.40%, 10, 0, 4, 2086.10
1573550596, 0, 891, 1791, 1554, 411, 7.40%, 11, 0, 4, 2009.21
1573550601, 0, 891, 1792, 1555, 411, 7.40%, 11, 0, 4, 2011.93
1573550846, 0, 891, 1795, 1558, 411, 7.40%, 11, 0, 4, 1973.01
1573550882, 0, 914, 1795, 1557, 411, 7.40%, 11, 0, 4, 2205.37
1573551000, 0, 914, 1796, 1558, 411, 7.40%, 11, 0, 4, 2055.04
1573551011, 0, 914, 1797, 1559, 411, 7.40%, 11, 0, 4, 2062.91
1573551286, 0, 919, 1797, 1558, 412, 7.40%, 11, 0, 4, 2284.22
1573551311, 0, 919, 1800, 1561, 412, 7.40%, 11, 0, 4, 2067.38
1573551316, 0, 919, 1801, 1562, 412, 7.40%, 11, 0, 4, 2080.16
1573551337, 0, 919, 1803, 1564, 412, 7.41%, 11, 0, 4, 2031.61
1573551419, 0, 919, 1809, 1570, 412, 7.43%, 11, 0, 4, 2020.57
1573551665, 0, 919, 1811, 1572, 412, 7.43%, 11, 0, 4, 2017.76
1573551701, 0, 926, 1811, 1571, 418, 7.43%, 11, 0, 4, 2112.55
1573551721, 0, 926, 1812, 1572, 418, 7.43%, 11, 0, 4, 2040.21
1573551747, 0, 926, 1813, 1573, 418, 7.43%, 11, 0, 4, 2012.09
1573551752, 0, 926, 1814, 1574, 418, 7.43%, 12, 0, 4, 2092.89
1573551829, 0, 926, 1814, 1574, 418, 7.43%, 13, 0, 4, 2029.10
1573552105, 0, 927, 1814, 1573, 419, 7.43%, 13, 0, 4, 2207.92
1573552125, 0, 927, 1815, 1574, 419, 7.43%, 13, 0, 4, 2038.22
1573552130, 0, 927, 1816, 1575, 419, 7.43%, 13, 0, 4, 2095.21
1573552513, 0, 935, 1817, 1575, 419, 7.43%, 13, 0, 4, 2479.86
1573552657, 0, 937, 1817, 1574, 419, 7.43%, 13, 0, 4, 2660.84
1573552662, 0, 937, 1818, 1575, 419, 7.43%, 13, 0, 4, 2642.72
1573552805, 0, 941, 1819, 1575, 419, 7.43%, 13, 0, 4, 2466.97
1573552830, 0, 941, 1820, 1576, 419, 7.43%, 13, 0, 4, 2082.51
1573552835, 0, 941, 1821, 1577, 419, 7.44%, 13, 0, 4, 2085.02
1573553213, 0, 943, 1821, 1576, 418, 7.44%, 13, 0, 4, 2349.92
1573553290, 0, 943, 1822, 1577, 418, 7.44%, 13, 0, 4, 2560.50
1573553372, 0, 947, 1823, 1577, 417, 7.44%, 13, 0, 4, 2554.58
1573553392, 0, 947, 1824, 1578, 417, 7.44%, 13, 0, 4, 2599.82
1573553444, 0, 947, 1825, 1579, 417, 7.44%, 13, 0, 4, 2603.62
1573553525, 0, 950, 1825, 1578, 417, 7.44%, 13, 0, 4, 2555.16
1573553689, 0, 951, 1825, 1577, 416, 7.44%, 13, 0, 4, 2210.49
1573553714, 0, 951, 1826, 1578, 416, 7.44%, 13, 0, 4, 2119.18
1573554092, 0, 954, 1826, 1577, 416, 7.44%, 13, 0, 4, 2150.62
1573554179, 0, 954, 1826, 1577, 416, 7.44%, 14, 0, 4, 2075.36
1573554496, 0, 956, 1828, 1578, 415, 7.44%, 14, 0, 4, 2304.69
1573554517, 0, 956, 1829, 1579, 415, 7.44%, 14, 0, 4, 2762.57
1573554522, 0, 956, 1831, 1581, 415, 7.44%, 14, 0, 4, 2805.49
1573554542, 0, 956, 1832, 1582, 415, 7.44%, 14, 0, 4, 2806.70
1573554563, 0, 956, 1833, 1583, 415, 7.44%, 14, 0, 4, 2779.86
1573554645, 0, 959, 1833, 1582, 415, 7.44%, 14, 0, 4, 2623.95
1573554721, 0, 959, 1834, 1583, 415, 7.44%, 14, 0, 4, 2548.13
1573554808, 0, 962, 1834, 1582, 414, 7.44%, 14, 0, 4, 2330.78
1573554829, 0, 962, 1838, 1586, 414, 7.44%, 14, 0, 4, 2265.57
1573554834, 0, 962, 1841, 1589, 414, 7.44%, 14, 0, 4, 2269.24
1573554854, 0, 962, 1842, 1590, 414, 7.44%, 14, 0, 4, 2252.00
1573554860, 0, 962, 1846, 1594, 414, 7.44%, 14, 0, 4, 2277.44
1573554901, 0, 962, 1847, 1595, 414, 7.44%, 14, 0, 4, 2313.10
1573554906, 0, 962, 1848, 1596, 414, 7.44%, 14, 0, 4, 2343.47
1573554921, 0, 962, 1849, 1597, 414, 7.44%, 14, 0, 4, 2389.15
1573555033, 0, 964, 1850, 1597, 415, 7.44%, 14, 0, 4, 2294.30
1573555059, 0, 964, 1851, 1598, 415, 7.44%, 14, 0, 4, 2248.53
1573555126, 0, 964, 1853, 1600, 415, 7.44%, 14, 0, 4, 2326.85
1573555136, 0, 964, 1854, 1601, 415, 7.44%, 14, 0, 4, 2317.60
1573555253, 0, 973, 1854, 1600, 415, 7.44%, 14, 0, 4, 2418.92
1573555279, 0, 973, 1858, 1604, 415, 7.44%, 14, 0, 4, 2492.07
1573555422, 0, 976, 1858, 1603, 417, 7.44%, 14, 0, 4, 2583.59
1573555438, 0, 976, 1861, 1606, 417, 7.47%, 14, 0, 4, 2442.72
1573555448, 0, 976, 1874, 1619, 417, 7.51%, 14, 0, 4, 2450.44
1573555474, 0, 976, 1877, 1622, 417, 7.53%, 14, 0, 4, 2433.74
1573555494, 0, 976, 1879, 1624, 417, 7.53%, 14, 0, 4, 2458.96
1573555499, 0, 976, 1880, 1625, 417, 7.54%, 14, 0, 4, 2489.89
1573555520, 0, 976, 1885, 1630, 417, 7.54%, 14, 0, 4, 2530.98
1573555566, 0, 976, 1887, 1632, 417, 7.56%, 14, 0, 4, 2502.55
1573555576, 0, 976, 1889, 1634, 417, 7.56%, 14, 0, 4, 2500.20
1573555586, 0, 976, 1890, 1635, 417, 7.56%, 14, 0, 4, 2508.96
1573555596, 0, 977, 1891, 1635, 430, 7.56%, 14, 0, 4, 2520.55
1573555622, 0, 977, 1894, 1638, 430, 7.56%, 14, 0, 4, 2438.86
1573555648, 0, 977, 1895, 1639, 430, 7.56%, 14, 0, 4, 2422.44
1573555745, 0, 977, 1896, 1640, 430, 7.57%, 14, 0, 4, 2466.85
1573555750, 0, 977, 1897, 1641, 430, 7.57%, 14, 0, 4, 2416.13
1573555770, 0, 977, 1898, 1642, 430, 7.57%, 14, 0, 4, 2437.80
1573555776, 0, 979, 1898, 1641, 431, 7.57%, 14, 0, 4, 2446.69
1573555939, 0, 981, 1898, 1640, 430, 7.57%, 14, 0, 4, 2557.76
1573555965, 0, 981, 1899, 1641, 430, 7.57%, 14, 0, 4, 2481.88
1573556016, 0, 981, 1900, 1642, 430, 7.57%, 14, 0, 4, 2485.38
1573556021, 0, 981, 1902, 1644, 430, 7.58%, 14, 0, 4, 2498.74
1573556093, 0, 981, 1903, 1645, 430, 7.58%, 14, 0, 4, 2458.83
1573556108, 0, 985, 1903, 1644, 432, 7.58%, 14, 0, 4, 2474.97
1573556129, 0, 985, 1904, 1645, 432, 7.58%, 14, 0, 4, 2456.10
1573556185, 0, 985, 1905, 1646, 432, 7.58%, 14, 0, 4, 2506.45
1573556241, 0, 985, 1906, 1647, 432, 7.58%, 14, 0, 4, 2550.72
1573556277, 0, 988, 1906, 1646, 433, 7.58%, 14, 0, 4, 2519.81
1573556441, 0, 989, 1906, 1645, 432, 7.58%, 14, 0, 4, 2488.35
1573556611, 0, 991, 1906, 1644, 431, 7.58%, 14, 0, 4, 2476.54
1573556785, 0, 994, 1906, 1643, 430, 7.58%, 14, 0, 4, 2318.12
1573556805, 0, 994, 1911, 1648, 430, 7.58%, 14, 0, 4, 2271.68
1573556810, 0, 994, 1912, 1649, 430, 7.58%, 14, 0, 4, 2254.77
1573556831, 0, 994, 1913, 1650, 430, 7.58%, 14, 0, 4, 2286.59
1573557005, 0, 1001, 1913, 1649, 431, 7.58%, 14, 0, 4, 2413.62
1573557051, 0, 1001, 1915, 1651, 431, 7.59%, 14, 0, 4, 2526.74
1573557087, 0, 1001, 1917, 1653, 431, 7.60%, 14, 0, 4, 2545.78
1573557159, 0, 1001, 1918, 1654, 431, 7.60%, 14, 0, 4, 2559.92
1573557174, 0, 1005, 1918, 1653, 432, 7.60%, 14, 0, 4, 2533.50
1573557348, 0, 1006, 1918, 1652, 431, 7.60%, 14, 0, 4, 2535.35
1573557523, 0, 1009, 1918, 1651, 430, 7.60%, 14, 0, 4, 2542.11
1573557528, 0, 1009, 1919, 1652, 430, 7.60%, 14, 0, 4, 2374.27
1573557548, 0, 1009, 1923, 1656, 430, 7.64%, 14, 0, 4, 2328.82
1573557574, 0, 1009, 1925, 1658, 430, 7.64%, 14, 0, 4, 2336.77
1573557600, 0, 1009, 1926, 1659, 430, 7.64%, 14, 0, 4, 2321.30
1573557605, 0, 1009, 1927, 1660, 430, 7.65%, 14, 0, 4, 2357.04
1573557620, 0, 1009, 1931, 1664, 430, 7.66%, 14, 0, 4, 2238.98
1573557712, 0, 1018, 1931, 1663, 436, 7.66%, 14, 0, 4, 2384.43
1573558060, 0, 1021, 1931, 1662, 435, 7.66%, 14, 0, 4, 2141.74
1573558464, 0, 1023, 1932, 1662, 434, 7.66%, 14, 0, 4, 2185.85
1573558812, 0, 1034, 1932, 1661, 433, 7.66%, 14, 0, 4, 2319.06
1573558899, 0, 1034, 1934, 1663, 433, 7.66%, 14, 0, 4, 2400.49
1573559027, 0, 1036, 1934, 1662, 433, 7.66%, 14, 0, 4, 2269.43
1573559047, 0, 1036, 1937, 1665, 433, 7.66%, 14, 0, 4, 2241.18
1573559073, 0, 1036, 1938, 1666, 433, 7.66%, 14, 0, 4, 2249.79
1573559124, 0, 1036, 1940, 1668, 433, 7.66%, 14, 0, 4, 2310.25
1573559130, 0, 1036, 1941, 1669, 433, 7.66%, 14, 0, 4, 2305.60
1573559145, 0, 1036, 1942, 1670, 433, 7.66%, 14, 0, 4, 2292.13
1573559211, 0, 1036, 1942, 1670, 433, 7.66%, 15, 0, 4, 2325.61
1573559267, 0, 1037, 1942, 1669, 435, 7.66%, 15, 0, 4, 2500.06
1573559406, 0, 1041, 1942, 1668, 434, 7.66%, 15, 0, 4, 2496.52
1573559437, 0, 1041, 1943, 1669, 434, 7.66%, 15, 0, 4, 2105.63
1573559560, 0, 1041, 1944, 1670, 434, 7.66%, 15, 0, 4, 2169.62
1573559693, 0, 1041, 1945, 1671, 434, 7.66%, 15, 0, 4, 2125.63
1573559785, 0, 1048, 1945, 1670, 433, 7.66%, 15, 0, 4, 2128.15
1573559810, 0, 1048, 1946, 1671, 433, 7.66%, 15, 0, 4, 2129.58
1573560153, 0, 1050, 1946, 1670, 432, 7.66%, 15, 0, 4, 2236.71
1573560178, 0, 1050, 1948, 1672, 432, 7.66%, 15, 0, 4, 2214.40
1573560399, 0, 1050, 1950, 1674, 432, 7.66%, 15, 0, 4, 2300.54
1573560480, 0, 1051, 1950, 1673, 432, 7.66%, 15, 0, 4, 2180.92
1573560644, 0, 1051, 1951, 1674, 432, 7.66%, 15, 0, 4, 2126.03
1573560839, 0, 1059, 1951, 1673, 432, 7.66%, 15, 0, 4, 2303.76
1573560870, 0, 1059, 1952, 1674, 432, 7.66%, 15, 0, 4, 2139.42
1573560988, 0, 1059, 1953, 1675, 432, 7.66%, 15, 0, 4, 2200.05
1573560993, 0, 1059, 1954, 1676, 432, 7.66%, 15, 0, 4, 2203.55
1573561136, 0, 1059, 1955, 1677, 432, 7.66%, 15, 0, 4, 2124.54
1573561208, 0, 1066, 1955, 1676, 431, 7.66%, 15, 0, 4, 2180.98
1573561361, 0, 1066, 1956, 1677, 431, 7.66%, 15, 0, 4, 2208.83
1573561580, 0, 1067, 1956, 1676, 431, 7.66%, 15, 0, 4, 2010.03
1573561688, 0, 1067, 1957, 1677, 431, 7.66%, 15, 0, 4, 1923.13
1573561933, 0, 1069, 1957, 1676, 431, 7.66%, 15, 0, 4, 2252.63
1573562153, 0, 1074, 1957, 1675, 430, 7.66%, 15, 0, 4, 2237.75
1573562178, 0, 1074, 1958, 1676, 430, 7.66%, 15, 0, 4, 2182.49
1573562507, 0, 1080, 1958, 1675, 430, 7.66%, 15, 0, 4, 2185.78
1573562522, 0, 1080, 1959, 1676, 430, 7.66%, 15, 0, 4, 2057.44
1573562889, 0, 1090, 1959, 1675, 430, 7.66%, 15, 0, 4, 2195.24
1573562910, 0, 1090, 1961, 1677, 430, 7.66%, 15, 0, 4, 2048.67
1573562915, 0, 1090, 1962, 1678, 430, 7.66%, 15, 0, 4, 2111.15
1573563043, 0, 1090, 1963, 1679, 430, 7.66%, 15, 0, 4, 2134.95
1573563272, 0, 1095, 1963, 1678, 430, 7.66%, 15, 0, 4, 2510.33
1573563277, 0, 1097, 1967, 1680, 431, 7.67%, 15, 0, 4, 2651.09
1573563287, 0, 1099, 1973, 1685, 430, 7.71%, 15, 0, 4, 2755.33
1573563293, 0, 1100, 1973, 1684, 434, 7.71%, 15, 0, 4, 2753.96
1573563298, 0, 1101, 1973, 1683, 433, 7.71%, 15, 0, 4, 2755.66
1573563303, 0, 1102, 1973, 1682, 432, 7.71%, 15, 0, 4, 2243.28
1573563323, 0, 1102, 1974, 1683, 432, 7.71%, 15, 0, 4, 2002.59
1573563712, 0, 1105, 1974, 1682, 432, 7.71%, 15, 0, 4, 2213.92
1573563840, 0, 1105, 1975, 1683, 432, 7.71%, 15, 0, 4, 2022.92
1573564116, 0, 1110, 1975, 1682, 431, 7.71%, 15, 0, 4, 2263.03
1573564136, 0, 1110, 1976, 1683, 431, 7.71%, 15, 0, 4, 2033.41
1573564525, 0, 1111, 1976, 1682, 431, 7.71%, 15, 0, 4, 2144.84
1573564545, 0, 1111, 1977, 1683, 431, 7.71%, 15, 0, 4, 2046.21
1573564602, 0, 1111, 1978, 1684, 431, 7.71%, 15, 0, 4, 2056.88
1573564894, 0, 1111, 1979, 1685, 431, 7.72%, 15, 0, 4, 2038.44
1573564929, 0, 1112, 1979, 1684, 432, 7.72%, 15, 0, 4, 2178.10
1573564950, 0, 1112, 1980, 1685, 432, 7.72%, 15, 0, 4, 2039.76
1573565338, 0, 1113, 1980, 1684, 431, 7.72%, 15, 0, 4, 2058.33
1573565358, 0, 1113, 1981, 1685, 431, 7.72%, 15, 0, 4, 1952.64
1573565742, 0, 1114, 1981, 1684, 430, 7.72%, 15, 0, 4, 2230.48
1573565762, 0, 1114, 1982, 1685, 430, 7.72%, 15, 0, 4, 2110.82
1573566126, 0, 1115, 1982, 1684, 430, 7.72%, 15, 0, 4, 2300.89
