# unix_time, cycles_done, cur_path, paths_total, pending_total, pending_favs, map_size, unique_crashes, unique_hangs, max_depth, execs_per_sec
1570902570, 0, 0, 1, 1, 1, 2.10%, 0, 0, 1, 2000.00
1570902575, 0, 0, 61, 61, 1, 2.43%, 0, 0, 2, 2260.63
1570902591, 0, 0, 118, 118, 1, 2.90%, 0, 0, 2, 2144.16
1570902596, 0, 0, 230, 230, 1, 3.32%, 0, 0, 2, 2185.10
1570902601, 0, 0, 329, 329, 1, 3.52%, 0, 0, 2, 2111.10
1570902617, 0, 0, 331, 331, 1, 3.53%, 0, 0, 2, 2071.84
1570902622, 0, 0, 342, 342, 1, 3.83%, 0, 0, 2, 2052.86
1570902627, 0, 0, 367, 367, 1, 3.86%, 0, 0, 2, 2128.46
1570902632, 0, 0, 368, 368, 1, 3.86%, 0, 0, 2, 2056.23
1570902652, 0, 0, 379, 379, 1, 3.99%, 0, 0, 2, 2091.81
1570902657, 0, 0, 390, 390, 1, 3.99%, 0, 0, 2, 2068.21
1570902663, 0, 0, 423, 423, 1, 4.04%, 0, 0, 2, 2162.05
1570902668, 0, 0, 426, 426, 1, 4.04%, 0, 0, 2, 2060.84
1570902678, 0, 0, 428, 428, 1, 4.04%, 0, 0, 2, 2036.03
1570902683, 0, 0, 430, 430, 1, 4.04%, 0, 0, 2, 2035.73
1570902699, 0, 0, 450, 450, 1, 4.16%, 0, 0, 2, 2036.35
1570902704, 0, 0, 465, 465, 1, 4.47%, 0, 0, 2, 2040.93
1570902709, 0, 0, 466, 466, 1, 4.48%, 0, 0, 2, 2044.70
1570902714, 0, 0, 474, 474, 1, 4.60%, 0, 0, 2, 2153.24
1570902719, 0, 0, 476, 476, 1, 4.61%, 0, 0, 2, 2170.85
1570902724, 0, 0, 479, 479, 1, 4.62%, 0, 0, 2, 2117.27
1570902734, 0, 0, 510, 510, 1, 4.62%, 0, 0, 2, 2104.72
1570902739, 0, 0, 521, 521, 1, 4.63%, 0, 0, 2, 2066.95
1570902745, 0, 0, 527, 527, 1, 4.63%, 0, 0, 2, 2024.27
1570902750, 0, 0, 528, 528, 1, 4.63%, 0, 0, 2, 2016.08
1570902765, 0, 0, 529, 529, 1, 4.63%, 0, 0, 2, 2016.96
1570902770, 0, 0, 530, 530, 1, 4.63%, 0, 0, 2, 2018.61
1570902775, 0, 0, 531, 531, 1, 4.63%, 0, 0, 2, 2162.13
1570902786, 0, 0, 532, 532, 1, 4.63%, 0, 0, 2, 2187.25
1570902801, 0, 0, 533, 533, 1, 4.63%, 0, 0, 2, 2178.27
1570902852, 0, 0, 537, 537, 1, 4.63%, 0, 0, 2, 2120.00
1570902857, 0, 0, 540, 540, 1, 4.64%, 0, 0, 2, 2046.08
1570902873, 0, 0, 549, 549, 1, 4.67%, 0, 0, 2, 2120.16
1570902904, 0, 0, 551, 551, 1, 4.68%, 0, 0, 2, 2152.40
1570902914, 0, 0, 554, 554, 1, 4.68%, 0, 0, 2, 2094.38
1570902934, 0, 0, 556, 556, 1, 4.69%, 0, 0, 2, 2094.92
1570902944, 0, 0, 568, 568, 1, 4.69%, 0, 0, 2, 2154.75
1570902950, 0, 0, 604, 604, 1, 4.72%, 0, 0, 2, 2527.90
1570902955, 0, 0, 619, 619, 1, 4.77%, 0, 0, 2, 2575.86
1570902960, 0, 1, 621, 620, 199, 4.77%, 0, 0, 2, 2712.23
1570902965, 0, 1, 633, 632, 199, 4.91%, 0, 0, 3, 2749.52
1570902970, 0, 1, 636, 635, 199, 4.95%, 0, 0, 3, 2799.79
1570902975, 0, 3, 637, 634, 207, 4.95%, 0, 0, 3, 2823.42
1570902980, 0, 6, 637, 632, 205, 4.95%, 0, 0, 3, 2836.15
1570902985, 0, 9, 637, 630, 203, 4.95%, 0, 0, 3, 2826.67
1570903011, 0, 9, 643, 636, 203, 5.00%, 0, 0, 3, 2061.46
1570903016, 0, 9, 646, 639, 203, 5.01%, 0, 0, 3, 2067.08
1570903072, 0, 9, 647, 640, 203, 5.01%, 0, 0, 3, 2071.01
1570903129, 0, 9, 648, 641, 203, 5.01%, 0, 0, 3, 2109.92
1570903364, 0, 11, 653, 645, 205, 5.02%, 0, 0, 3, 2194.83
1570903390, 0, 11, 672, 664, 205, 5.02%, 0, 0, 3, 2094.71
1570903395, 0, 11, 676, 668, 205, 5.02%, 0, 0, 3, 2061.15
1570903456, 0, 11, 679, 671, 205, 5.02%, 0, 0, 3, 2124.92
1570903666, 0, 11, 680, 672, 205, 5.02%, 0, 0, 3, 2109.00
1570903692, 0, 11, 682, 674, 205, 5.02%, 0, 0, 3, 2072.44
1570903732, 0, 11, 683, 675, 205, 5.02%, 0, 0, 3, 2143.68
1570903742, 0, 11, 684, 676, 205, 5.02%, 0, 0, 3, 2130.04
1570903748, 0, 12, 686, 677, 207, 5.02%, 0, 0, 3, 2169.12
1570903773, 0, 12, 687, 678, 207, 5.02%, 0, 0, 3, 2056.90
1570903840, 0, 12, 689, 680, 207, 5.02%, 0, 0, 3, 2090.01
1570904127, 0, 13, 690, 680, 208, 5.03%, 0, 0, 3, 2314.78
1570904152, 0, 13, 694, 684, 208, 5.03%, 0, 0, 3, 2073.06
1570904157, 0, 13, 695, 685, 208, 5.03%, 0, 0, 3, 2071.93
1570904224, 0, 13, 696, 686, 208, 5.03%, 0, 0, 3, 2045.88
1570904433, 0, 13, 697, 687, 208, 5.03%, 0, 0, 3, 2044.22
1570904511, 0, 13, 700, 690, 208, 5.03%, 0, 0, 3, 2299.07
1570904516, 0, 13, 708, 698, 208, 5.03%, 0, 0, 3, 2544.25
1570904521, 0, 13, 714, 704, 208, 5.06%, 0, 0, 3, 2601.18
1570904526, 0, 17, 720, 709, 212, 5.10%, 0, 0, 3, 2266.72
1570904541, 0, 17, 722, 711, 212, 5.10%, 0, 0, 3, 2024.00
1570904551, 0, 17, 727, 716, 212, 5.10%, 0, 0, 3, 2078.93
1570904557, 0, 17, 729, 718, 212, 5.10%, 0, 0, 3, 2024.99
1570904582, 0, 17, 730, 719, 212, 5.11%, 0, 0, 3, 2078.80
1570904618, 0, 17, 731, 720, 212, 5.11%, 0, 0, 3, 2075.52
1570904807, 0, 17, 737, 726, 212, 5.12%, 0, 0, 3, 2031.61
1570904905, 0, 22, 738, 726, 224, 5.12%, 0, 0, 3, 2727.76
1570904910, 0, 23, 739, 726, 223, 5.12%, 0, 0, 3, 2619.47
1570904915, 0, 23, 740, 727, 223, 5.12%, 0, 0, 3, 2488.19
1570904920, 0, 23, 743, 730, 223, 5.12%, 0, 0, 3, 2517.11
1570904925, 0, 23, 744, 731, 223, 5.14%, 0, 0, 3, 2529.00
1570904945, 0, 23, 746, 733, 223, 5.14%, 0, 0, 3, 2552.63
1570905037, 0, 30, 746, 732, 225, 5.14%, 0, 0, 3, 2568.18
1570905104, 0, 30, 747, 733, 225, 5.14%, 0, 0, 3, 2613.73
1570905109, 0, 30, 748, 734, 225, 5.14%, 0, 0, 3, 2630.85
1570905125, 0, 30, 749, 735, 225, 5.14%, 0, 0, 3, 2646.04
1570905130, 0, 31, 749, 734, 224, 5.14%, 0, 0, 3, 2582.07
1570905155, 0, 31, 750, 735, 224, 5.14%, 0, 0, 3, 2428.90
1570905268, 0, 35, 751, 735, 223, 5.14%, 0, 0, 3, 2402.99
1570905294, 0, 35, 755, 739, 223, 5.15%, 0, 0, 3, 2069.65
1570905299, 0, 35, 756, 740, 223, 5.15%, 0, 0, 3, 2054.49
1570905653, 0, 51, 757, 740, 223, 5.15%, 0, 0, 3, 2297.90
1570905684, 0, 51, 758, 741, 223, 5.15%, 0, 0, 3, 2048.47
1570906042, 0, 54, 758, 740, 222, 5.15%, 0, 0, 3, 2124.48
1570906067, 0, 54, 759, 741, 222, 5.15%, 0, 0, 3, 2073.52
1570906425, 0, 56, 760, 741, 222, 5.15%, 0, 0, 3, 2114.03
1570906451, 0, 56, 761, 742, 222, 5.15%, 0, 0, 3, 2078.30
1570906810, 0, 57, 761, 741, 221, 5.15%, 0, 0, 3, 2140.65
1570906835, 0, 57, 763, 743, 221, 5.15%, 0, 0, 3, 2090.77
1570906840, 0, 57, 764, 744, 221, 5.15%, 0, 0, 3, 2028.03
1570907194, 0, 64, 766, 745, 221, 5.15%, 0, 0, 3, 2386.47
1570907359, 0, 64, 767, 746, 221, 5.15%, 0, 0, 3, 2124.71
1570907578, 0, 64, 769, 748, 221, 5.15%, 0, 0, 3, 2270.83
1570907584, 0, 64, 773, 752, 221, 5.15%, 0, 0, 3, 2549.24
1570907589, 0, 64, 776, 755, 221, 5.15%, 0, 0, 3, 2606.84
1570907594, 0, 65, 776, 754, 220, 5.15%, 0, 0, 3, 2292.39
1570907619, 0, 65, 777, 755, 220, 5.15%, 0, 0, 3, 2071.20
1570907978, 0, 68, 778, 755, 219, 5.15%, 0, 0, 3, 2363.12
1570907983, 0, 68, 779, 756, 219, 5.15%, 0, 0, 3, 2084.69
1570907998, 0, 68, 780, 757, 219, 5.15%, 0, 0, 3, 2020.41
1570908008, 0, 68, 781, 758, 219, 5.15%, 0, 0, 3, 2070.85
1570908147, 0, 68, 782, 759, 219, 5.15%, 0, 0, 3, 2118.91
1570908366, 0, 74, 783, 759, 218, 5.15%, 0, 0, 3, 2239.99
1570908668, 0, 74, 784, 760, 218, 5.15%, 0, 0, 3, 2129.46
1570908751, 0, 84, 784, 759, 217, 5.15%, 0, 0, 3, 2263.81
1570909135, 0, 91, 784, 758, 216, 5.15%, 0, 0, 3, 2310.67
1570909165, 0, 91, 785, 759, 216, 5.15%, 0, 0, 3, 2020.08
1570909304, 0, 91, 786, 760, 216, 5.15%, 0, 0, 3, 2102.34
1570909524, 0, 92, 786, 759, 215, 5.15%, 0, 0, 3, 2123.76
1570909545, 0, 92, 788, 761, 215, 5.15%, 0, 0, 3, 2002.02
1570909575, 0, 92, 790, 763, 215, 5.16%, 0, 0, 3, 2050.89
1570909601, 0, 92, 792, 765, 215, 5.16%, 0, 0, 3, 2007.85
1570909652, 0, 92, 801, 774, 215, 5.20%, 0, 0, 3, 2031.94
1570909688, 0, 92, 802, 775, 215, 5.20%, 0, 0, 3, 2148.38
1570909806, 0, 92, 803, 776, 215, 5.21%, 0, 0, 3, 2096.31
1570909888, 0, 92, 804, 777, 215, 5.21%, 0, 0, 3, 2004.27
1570909908, 0, 96, 804, 776, 226, 5.21%, 0, 0, 3, 2180.39
1570909929, 0, 96, 805, 777, 226, 5.21%, 0, 0, 3, 2019.91
1570910294, 0, 97, 805, 776, 225, 5.21%, 0, 0, 3, 2211.04
1570910678, 0, 103, 805, 775, 224, 5.21%, 0, 0, 3, 2257.48
1570910698, 0, 103, 806, 776, 224, 5.21%, 0, 0, 3, 2002.43
1570910709, 0, 103, 808, 778, 224, 5.21%, 0, 0, 3, 2041.95
1570910842, 0, 103, 809, 779, 224, 5.21%, 0, 0, 3, 2111.78
1570911067, 0, 106, 809, 778, 224, 5.21%, 0, 0, 3, 2110.41
1570911087, 0, 106, 812, 781, 224, 5.21%, 0, 0, 3, 1974.63
1570911118, 0, 106, 813, 782, 224, 5.22%, 0, 0, 3, 2032.67
1570911123, 0, 106, 814, 783, 224, 5.22%, 0, 0, 3, 2039.89
1570911143, 0, 106, 815, 784, 224, 5.22%, 0, 0, 3, 1984.28
1570911148, 0, 106, 817, 786, 224, 5.22%, 0, 0, 3, 2055.21
1570911194, 0, 106, 818, 787, 224, 5.22%, 0, 0, 3, 2007.04
1570911200, 0, 106, 823, 792, 224, 5.25%, 0, 0, 3, 2004.58
1570911434, 0, 106, 825, 794, 224, 5.27%, 0, 0, 3, 1994.63
1570911454, 0, 107, 825, 793, 230, 5.27%, 0, 0, 3, 2204.14
1570911839, 0, 112, 825, 792, 229, 5.27%, 0, 0, 3, 2145.50
1570911860, 0, 112, 827, 794, 229, 5.27%, 0, 0, 3, 2003.58
1570911967, 0, 112, 830, 797, 229, 5.27%, 0, 0, 3, 2013.78
1570911973, 0, 112, 831, 798, 229, 5.27%, 0, 0, 3, 2011.85
1570912202, 0, 112, 833, 800, 229, 5.28%, 0, 0, 3, 2004.62
1570912228, 0, 114, 834, 800, 230, 5.28%, 0, 0, 3, 2163.89
1570912248, 0, 114, 840, 806, 230, 5.29%, 0, 0, 3, 1964.99
1570912356, 0, 114, 847, 813, 230, 5.30%, 0, 0, 3, 1960.64
1570912361, 0, 114, 848, 814, 230, 5.30%, 0, 0, 3, 1986.45
1570912596, 0, 114, 849, 815, 230, 5.30%, 0, 0, 3, 1989.11
1570912616, 0, 115, 849, 814, 232, 5.30%, 0, 0, 3, 2274.33
1570912637, 0, 115, 850, 815, 232, 5.30%, 0, 0, 3, 2010.87
1570912667, 0, 115, 851, 816, 232, 5.30%, 0, 0, 3, 2018.69
1570912744, 0, 115, 852, 817, 232, 5.31%, 0, 0, 3, 2023.05
1570913005, 0, 116, 852, 816, 233, 5.31%, 0, 0, 3, 2110.68
1570913020, 0, 116, 853, 817, 233, 5.31%, 0, 0, 3, 2000.49
1570913025, 0, 116, 860, 824, 233, 5.31%, 0, 0, 3, 1992.25
1570913056, 0, 116, 861, 825, 233, 5.31%, 0, 0, 3, 2017.45
1570913117, 0, 116, 862, 826, 233, 5.31%, 0, 0, 3, 1990.37
1570913132, 0, 116, 868, 832, 233, 5.31%, 0, 0, 3, 1995.17
1570913173, 0, 116, 869, 833, 233, 5.31%, 0, 0, 3, 2091.07
1570913291, 0, 116, 871, 835, 233, 5.31%, 0, 0, 3, 2062.60
1570913372, 0, 116, 872, 836, 233, 5.32%, 0, 0, 3, 1994.92
1570913393, 0, 117, 872, 835, 238, 5.32%, 0, 0, 3, 2308.25
1570913413, 0, 117, 873, 836, 238, 5.32%, 0, 0, 3, 2019.05
1570913475, 0, 117, 874, 837, 238, 5.32%, 0, 0, 3, 2032.46
1570913562, 0, 117, 875, 838, 238, 5.32%, 0, 0, 3, 2111.58
1570913782, 0, 120, 876, 838, 237, 5.32%, 0, 0, 3, 2172.52
1570913802, 0, 120, 880, 842, 237, 5.33%, 0, 0, 3, 1994.00
1570913833, 0, 120, 886, 848, 237, 5.37%, 0, 0, 3, 2004.00
1570913864, 0, 120, 888, 850, 237, 5.38%, 0, 0, 3, 2062.22
1570913910, 0, 120, 901, 863, 237, 5.43%, 0, 0, 3, 1981.09
1570914149, 0, 120, 902, 864, 237, 5.43%, 0, 0, 3, 2007.47
1570914170, 0, 120, 903, 865, 237, 5.43%, 0, 0, 3, 2203.97
1570914175, 0, 121, 903, 864, 259, 5.43%, 0, 0, 3, 2062.18
1570914190, 0, 121, 904, 865, 259, 5.43%, 0, 0, 3, 1973.86
1570914200, 0, 121, 905, 866, 259, 5.43%, 0, 0, 3, 2036.69
1570914251, 0, 121, 906, 867, 259, 5.43%, 0, 0, 3, 1985.36
1570914303, 0, 121, 912, 873, 259, 5.45%, 0, 0, 3, 1992.32
1570914338, 0, 121, 913, 874, 259, 5.45%, 0, 0, 3, 2075.41
1570914563, 0, 122, 913, 873, 259, 5.45%, 0, 0, 3, 2239.34
1570914588, 0, 122, 914, 874, 259, 5.45%, 0, 0, 3, 2030.06
1570914951, 0, 123, 914, 873, 258, 5.45%, 0, 0, 3, 2164.32
1570914972, 0, 123, 918, 877, 258, 5.46%, 0, 0, 3, 1996.89
1570915003, 0, 123, 921, 880, 258, 5.46%, 1, 0, 3, 1954.65
1570915085, 0, 123, 932, 891, 258, 5.55%, 1, 0, 3, 1980.07
1570915238, 0, 123, 933, 892, 258, 5.55%, 1, 0, 3, 2051.17
1570915258, 0, 123, 934, 893, 258, 5.55%, 1, 0, 3, 2080.74
1570915340, 0, 124, 934, 892, 268, 5.55%, 1, 0, 3, 2293.41
1570915360, 0, 124, 935, 893, 268, 5.55%, 1, 0, 3, 2007.40
1570915365, 0, 124, 936, 894, 268, 5.55%, 1, 0, 3, 2041.60
1570915474, 0, 124, 939, 897, 268, 5.65%, 1, 0, 3, 2012.75
1570915729, 0, 129, 941, 898, 269, 5.65%, 1, 0, 3, 2354.63
1570915749, 0, 129, 942, 899, 269, 5.65%, 1, 0, 3, 1999.17
1570915754, 0, 129, 943, 900, 269, 5.65%, 1, 0, 3, 2033.71
1570915811, 0, 129, 944, 901, 269, 5.65%, 1, 0, 3, 2011.74
1570915862, 0, 129, 946, 903, 269, 5.65%, 1, 0, 3, 2000.92
1570916122, 0, 131, 947, 903, 270, 5.65%, 1, 0, 3, 2133.82
1570916138, 0, 131, 948, 904, 270, 5.65%, 1, 0, 3, 2007.53
1570916143, 0, 131, 949, 905, 270, 5.65%, 1, 0, 3, 2014.69
1570916148, 0, 131, 950, 906, 270, 5.65%, 1, 0, 3, 2075.39
1570916174, 0, 131, 952, 908, 270, 5.66%, 1, 0, 3, 2066.44
1570916256, 0, 131, 956, 912, 270, 5.66%, 1, 0, 3, 2018.61
1570916404, 0, 131, 957, 913, 270, 5.66%, 1, 0, 3, 2093.83
1570916491, 0, 131, 958, 914, 270, 5.66%, 1, 0, 3, 2018.39
1570916512, 0, 141, 958, 913, 271, 5.66%, 1, 0, 3, 2114.77
1570916537, 0, 141, 959, 914, 271, 5.66%, 1, 0, 3, 2080.28
1570916650, 0, 141, 960, 915, 271, 5.66%, 1, 0, 3, 2120.78
1570916895, 0, 142, 960, 914, 271, 5.66%, 1, 0, 3, 2212.06
1570917059, 0, 142, 961, 915, 271, 5.66%, 1, 0, 3, 2121.62
1570917285, 0, 145, 962, 915, 271, 5.66%, 1, 0, 3, 2421.69
1570917305, 0, 145, 963, 916, 271, 5.67%, 1, 0, 3, 2567.68
1570917418, 0, 145, 964, 917, 271, 5.67%, 1, 0, 3, 2568.91
1570917429, 0, 147, 964, 916, 271, 5.67%, 1, 0, 3, 2639.63
1570917573, 0, 147, 965, 917, 271, 5.67%, 1, 0, 3, 2121.57
1570917823, 0, 157, 965, 916, 270, 5.67%, 1, 0, 3, 2447.83
1570917839, 0, 157, 966, 917, 270, 5.67%, 1, 0, 3, 2470.44
1570917844, 0, 157, 976, 927, 270, 5.79%, 1, 0, 3, 2497.86
1570917890, 0, 157, 977, 928, 270, 5.79%, 1, 0, 3, 2491.55
1570917910, 0, 157, 978, 929, 270, 5.79%, 1, 0, 3, 2522.22
1570917972, 0, 162, 978, 928, 282, 5.79%, 1, 0, 3, 2296.50
1570917998, 0, 162, 983, 933, 282, 5.79%, 1, 0, 3, 2073.43
1570918023, 0, 162, 984, 934, 282, 5.80%, 1, 0, 3, 2031.53
1570918100, 0, 162, 985, 935, 282, 5.80%, 1, 0, 3, 2025.36
1570918115, 0, 162, 986, 936, 282, 5.80%, 1, 0, 3, 2123.49
1570918360, 0, 170, 986, 935, 283, 5.80%, 1, 0, 3, 2507.52
1570918381, 0, 170, 987, 936, 283, 5.80%, 1, 0, 3, 2718.93
1570918427, 0, 170, 990, 939, 283, 5.80%, 1, 0, 3, 2700.63
1570918504, 0, 177, 990, 938, 282, 5.80%, 1, 0, 3, 2426.02
1570918530, 0, 177, 992, 940, 282, 5.80%, 1, 0, 3, 2056.21
1570918893, 0, 182, 992, 939, 282, 5.80%, 1, 0, 3, 2219.17
1570918919, 0, 182, 994, 941, 282, 5.80%, 1, 0, 3, 2078.36
1570919036, 0, 182, 995, 942, 282, 5.80%, 1, 0, 3, 2140.99
1570919195, 0, 182, 996, 943, 282, 5.80%, 1, 0, 3, 2131.59
1570919287, 0, 196, 996, 942, 283, 5.80%, 1, 0, 3, 2097.57
1570919313, 0, 196, 999, 945, 283, 5.80%, 1, 0, 3, 2066.54
1570919339, 0, 196, 1000, 946, 283, 5.80%, 1, 0, 3, 2071.88
1570919431, 0, 196, 1002, 948, 283, 5.80%, 1, 0, 3, 2124.80
1570919676, 0, 208, 1002, 947, 281, 5.80%, 1, 0, 3, 2240.77
1570919702, 0, 208, 1004, 949, 281, 5.80%, 1, 0, 3, 2059.49
1570920070, 0, 213, 1004, 948, 282, 5.80%, 1, 0, 3, 2132.61
1570920458, 0, 214, 1004, 947, 282, 5.80%, 1, 0, 3, 2248.66
1570920514, 0, 214, 1005, 948, 282, 5.80%, 1, 0, 3, 2082.17
1570920852, 0, 217, 1005, 947, 281, 5.80%, 1, 0, 3, 2173.15
1570920996, 0, 217, 1006, 948, 281, 5.80%, 1, 0, 3, 2129.35
1570921196, 0, 217, 1007, 949, 281, 5.80%, 1, 0, 3, 2084.60
1570921246, 0, 221, 1007, 948, 280, 5.80%, 1, 0, 3, 2115.53
1570921267, 0, 221, 1008, 949, 280, 5.80%, 1, 0, 3, 2034.00
1570921272, 0, 221, 1013, 954, 280, 5.85%, 1, 0, 3, 2076.91
1570921339, 0, 221, 1014, 955, 280, 5.93%, 1, 0, 3, 2062.15
1570921620, 0, 221, 1015, 956, 280, 5.93%, 1, 0, 3, 2142.63
1570921635, 0, 223, 1016, 956, 280, 5.93%, 1, 0, 3, 2331.73
1570921661, 0, 223, 1017, 957, 280, 5.93%, 1, 0, 3, 2056.75
1570921666, 0, 223, 1019, 959, 280, 5.93%, 1, 0, 3, 2062.46
1570921722, 0, 223, 1020, 960, 280, 5.93%, 1, 0, 3, 2094.35
1570921789, 0, 223, 1021, 961, 280, 5.93%, 1, 0, 3, 2141.85
1570922029, 0, 242, 1022, 961, 280, 5.93%, 1, 0, 3, 2245.07
1570922050, 0, 242, 1023, 962, 280, 5.93%, 1, 0, 3, 1999.96
1570922423, 0, 246, 1024, 962, 279, 5.93%, 1, 0, 3, 2175.07
1570922449, 0, 246, 1025, 963, 279, 5.93%, 1, 0, 3, 2087.70
1570922505, 0, 246, 1026, 964, 279, 5.94%, 1, 0, 3, 2068.14
1570922567, 0, 246, 1027, 965, 279, 5.94%, 1, 0, 3, 2138.74
1570922572, 0, 246, 1028, 966, 279, 5.94%, 1, 0, 3, 2137.81
1570922766, 0, 246, 1030, 968, 279, 5.94%, 1, 0, 3, 2082.65
1570922818, 0, 253, 1030, 967, 281, 5.94%, 1, 0, 3, 2154.96
1570922843, 0, 253, 1031, 968, 281, 5.94%, 1, 0, 3, 2031.78
1570922849, 0, 253, 1033, 970, 281, 5.94%, 1, 0, 3, 1987.10
1570922910, 0, 253, 1034, 971, 281, 5.94%, 1, 0, 3, 2031.99
1570922962, 0, 253, 1035, 972, 281, 5.94%, 1, 0, 3, 2045.42
1570923223, 0, 260, 1035, 971, 280, 5.94%, 1, 0, 3, 2303.85
1570923244, 0, 260, 1036, 972, 280, 5.94%, 1, 0, 3, 2305.90
1570923305, 0, 260, 1037, 973, 280, 5.94%, 1, 0, 3, 2327.35
1570923336, 0, 260, 1039, 975, 280, 5.94%, 1, 0, 3, 2327.31
1570923433, 0, 268, 1039, 974, 281, 5.94%, 1, 0, 3, 2455.24
1570923453, 0, 268, 1042, 977, 281, 5.94%, 1, 0, 3, 2121.04
1570923464, 0, 268, 1047, 982, 281, 5.94%, 1, 0, 3, 2155.32
1570923490, 0, 268, 1048, 983, 281, 5.94%, 1, 0, 3, 2139.51
1570923587, 0, 268, 1050, 985, 281, 5.94%, 1, 0, 3, 2198.17
1570923603, 0, 268, 1051, 986, 281, 5.94%, 1, 0, 3, 2109.53
1570923715, 0, 268, 1052, 987, 281, 5.94%, 1, 0, 3, 2162.08
1570923786, 0, 268, 1053, 988, 281, 5.94%, 1, 0, 3, 2216.96
1570923791, 0, 270, 1054, 988, 282, 5.94%, 1, 0, 3, 1955.33
1570923827, 0, 270, 1056, 990, 282, 5.94%, 1, 0, 3, 1733.57
1570923965, 0, 270, 1059, 993, 282, 5.94%, 1, 0, 3, 1860.14
1570924144, 0, 270, 1060, 994, 282, 5.94%, 1, 0, 3, 1827.82
1570924195, 0, 271, 1060, 993, 283, 5.94%, 1, 0, 3, 1956.10
1570924231, 0, 271, 1061, 994, 283, 5.94%, 1, 0, 3, 1717.63
1570924374, 0, 271, 1062, 995, 283, 5.94%, 1, 0, 3, 1909.87
1570924496, 0, 271, 1063, 996, 283, 5.94%, 1, 0, 3, 1838.29
1570924602, 0, 272, 1063, 995, 283, 5.94%, 1, 0, 3, 2195.25
1570924695, 0, 272, 1064, 996, 283, 5.94%, 1, 0, 3, 2363.00
1570924822, 0, 273, 1064, 995, 282, 5.94%, 1, 0, 3, 2336.98
1570924920, 0, 273, 1065, 996, 282, 5.95%, 1, 0, 3, 2333.58
1570924940, 0, 273, 1066, 997, 282, 5.95%, 1, 0, 3, 2346.72
1570925068, 0, 273, 1067, 998, 282, 5.95%, 1, 0, 3, 2409.25
1570925073, 0, 279, 1067, 997, 281, 5.95%, 1, 0, 3, 2165.31
1570925232, 0, 279, 1068, 998, 281, 5.95%, 1, 0, 3, 2139.16
1570925456, 0, 280, 1069, 998, 280, 5.95%, 1, 0, 3, 2296.09
1570925518, 0, 280, 1070, 999, 280, 5.95%, 1, 0, 3, 1969.20
1570925626, 0, 280, 1072, 1001, 280, 5.95%, 1, 0, 3, 2078.78
1570925636, 0, 280, 1073, 1002, 280, 5.95%, 1, 0, 3, 1971.58
1570925866, 0, 285, 1073, 1001, 281, 5.95%, 1, 0, 3, 2313.99
1570926081, 0, 286, 1073, 1000, 280, 5.95%, 1, 0, 3, 2345.49
1570926297, 0, 291, 1073, 999, 279, 5.95%, 1, 0, 3, 2408.58
1570926327, 0, 291, 1074, 1000, 279, 5.95%, 1, 0, 3, 2069.20
1570926445, 0, 291, 1075, 1001, 279, 5.95%, 1, 0, 3, 2117.81
1570926461, 0, 291, 1076, 1002, 279, 5.95%, 1, 0, 3, 2125.09
1570926466, 0, 291, 1077, 1003, 279, 5.95%, 1, 0, 3, 2106.07
1570926696, 0, 302, 1080, 1005, 278, 5.95%, 1, 0, 3, 2471.39
1570926726, 0, 302, 1081, 1006, 278, 5.95%, 1, 0, 3, 2084.80
1570926783, 0, 302, 1083, 1008, 278, 5.95%, 1, 0, 3, 2066.61
1570926844, 0, 302, 1084, 1009, 278, 5.95%, 1, 0, 3, 2112.21
1570927038, 0, 312, 1084, 1008, 278, 5.95%, 1, 0, 3, 2680.49
1570927171, 0, 314, 1084, 1007, 277, 5.95%, 1, 0, 3, 2534.10
1570927192, 0, 314, 1087, 1010, 277, 5.95%, 1, 0, 3, 2017.60
1570927197, 0, 314, 1088, 1011, 277, 5.95%, 1, 0, 3, 2074.33
1570927202, 0, 314, 1092, 1015, 277, 5.95%, 1, 0, 3, 2055.75
1570927228, 0, 314, 1095, 1018, 277, 5.95%, 1, 0, 3, 2096.84
1570927258, 0, 314, 1096, 1019, 277, 5.95%, 1, 0, 3, 2047.51
1570927263, 0, 314, 1098, 1021, 277, 5.95%, 1, 0, 3, 2121.82
1570927319, 0, 314, 1099, 1022, 277, 5.95%, 1, 0, 3, 2126.75
1570927335, 0, 314, 1100, 1023, 277, 5.95%, 1, 0, 3, 2059.88
1570927549, 0, 317, 1100, 1022, 277, 5.95%, 1, 0, 3, 2350.50
1570927641, 0, 317, 1101, 1023, 277, 5.95%, 1, 0, 3, 2553.74
1570927702, 0, 318, 1101, 1022, 277, 5.95%, 1, 0, 3, 2762.99
1570927835, 0, 319, 1109, 1029, 276, 6.00%, 1, 0, 3, 2767.09
1570927840, 0, 319, 1116, 1036, 276, 6.04%, 1, 0, 3, 2757.77
1570927845, 0, 319, 1118, 1038, 276, 6.04%, 1, 0, 3, 2751.79
1570927851, 0, 329, 1119, 1038, 286, 6.04%, 1, 0, 3, 2305.24
1570928249, 0, 334, 1119, 1037, 285, 6.04%, 1, 0, 3, 2156.90
1570928331, 0, 334, 1120, 1038, 285, 6.04%, 1, 0, 3, 2067.99
1570928377, 0, 334, 1121, 1039, 285, 6.04%, 1, 0, 3, 2009.24
1570928649, 0, 335, 1121, 1038, 284, 6.04%, 1, 0, 3, 2318.36
1570928669, 0, 335, 1122, 1039, 284, 6.04%, 1, 0, 3, 2008.13
1570929052, 0, 336, 1122, 1038, 283, 6.04%, 1, 0, 3, 2144.66
1570929073, 0, 336, 1124, 1040, 283, 6.05%, 1, 0, 3, 2003.50
1570929099, 0, 336, 1125, 1041, 283, 6.05%, 1, 0, 3, 2016.02
1570929181, 0, 336, 1128, 1044, 283, 6.05%, 1, 0, 3, 2033.43
1570929447, 0, 337, 1128, 1043, 285, 6.05%, 1, 0, 3, 2243.83
1570929472, 0, 337, 1131, 1046, 285, 6.07%, 1, 0, 3, 2014.39
1570929503, 0, 337, 1132, 1047, 285, 6.07%, 1, 0, 3, 2055.45
1570929580, 0, 337, 1133, 1048, 285, 6.07%, 1, 0, 3, 2001.99
1570929733, 0, 337, 1134, 1049, 285, 6.09%, 1, 0, 3, 2097.15
1570929748, 0, 337, 1135, 1050, 285, 6.10%, 1, 0, 3, 2007.46
1570929825, 0, 337, 1138, 1053, 285, 6.11%, 1, 0, 3, 1997.77
1570929855, 0, 338, 1138, 1052, 293, 6.11%, 1, 0, 3, 2105.23
1570929876, 0, 338, 1139, 1053, 293, 6.12%, 1, 0, 3, 2010.68
1570930254, 0, 340, 1140, 1053, 292, 6.12%, 1, 0, 3, 2351.61
1570930274, 0, 340, 1141, 1054, 292, 6.12%, 1, 0, 3, 1993.36
1570930279, 0, 340, 1143, 1056, 292, 6.13%, 1, 0, 3, 1982.12
1570930310, 0, 340, 1144, 1057, 292, 6.13%, 1, 0, 3, 2054.51
1570930346, 0, 340, 1145, 1058, 292, 6.13%, 1, 0, 3, 2004.74
1570930392, 0, 340, 1150, 1063, 292, 6.14%, 1, 0, 3, 1999.41
1570930662, 0, 341, 1150, 1062, 298, 6.14%, 1, 0, 3, 2084.63
1570930785, 0, 341, 1151, 1063, 298, 6.14%, 1, 0, 3, 1999.44
1570930795, 0, 341, 1153, 1065, 298, 6.20%, 1, 0, 3, 2007.15
1570931066, 0, 342, 1153, 1064, 298, 6.20%, 1, 0, 3, 2120.55
1570931091, 0, 342, 1159, 1070, 298, 6.21%, 1, 0, 3, 2073.86
1570931449, 0, 342, 1160, 1071, 298, 6.21%, 1, 0, 3, 2146.73
1570931469, 0, 350, 1160, 1070, 302, 6.21%, 1, 0, 3, 2136.96
1570931863, 0, 354, 1160, 1069, 301, 6.21%, 1, 0, 3, 2198.32
1570931884, 0, 354, 1161, 1070, 301, 6.23%, 1, 0, 3, 2040.74
1570932258, 0, 355, 1161, 1069, 300, 6.23%, 1, 0, 3, 2148.39
1570932386, 0, 355, 1162, 1070, 300, 6.23%, 1, 0, 3, 2006.14
1570932641, 0, 366, 1162, 1069, 300, 6.23%, 1, 0, 3, 2308.97
1570932646, 0, 376, 1163, 1069, 299, 6.23%, 1, 0, 3, 2343.99
1570932677, 0, 376, 1164, 1070, 299, 6.23%, 1, 0, 3, 2042.73
1570933045, 0, 385, 1165, 1070, 299, 6.23%, 1, 0, 3, 2281.99
1570933209, 0, 385, 1168, 1073, 299, 6.23%, 1, 0, 3, 2084.41
1570933444, 0, 394, 1168, 1072, 299, 6.23%, 1, 0, 3, 2278.63
1570933532, 0, 394, 1169, 1073, 299, 6.23%, 1, 0, 3, 2274.66
1570933665, 0, 395, 1169, 1072, 298, 6.23%, 1, 0, 3, 2461.52
1570933690, 0, 395, 1174, 1077, 298, 6.23%, 1, 0, 3, 2307.27
1570933696, 0, 395, 1175, 1078, 298, 6.23%, 1, 0, 3, 2283.57
1570933716, 0, 395, 1176, 1079, 298, 6.23%, 1, 0, 3, 2312.73
1570933747, 0, 395, 1181, 1084, 298, 6.23%, 1, 0, 3, 2332.71
1570933752, 0, 395, 1182, 1085, 298, 6.23%, 1, 0, 3, 2275.10
1570933757, 0, 395, 1184, 1087, 298, 6.23%, 1, 0, 3, 2326.72
1570933762, 0, 395, 1186, 1089, 298, 6.23%, 1, 0, 3, 2327.24
1570933773, 0, 395, 1187, 1090, 298, 6.23%, 1, 0, 3, 2316.81
1570933778, 0, 395, 1188, 1091, 298, 6.23%, 1, 0, 3, 2346.92
1570933834, 0, 395, 1189, 1092, 298, 6.24%, 1, 0, 3, 2316.54
1570933865, 0, 395, 1191, 1094, 298, 6.24%, 1, 0, 3, 2362.31
1570933880, 0, 397, 1191, 1093, 302, 6.24%, 1, 0, 3, 2419.13
1570934105, 0, 400, 1191, 1092, 301, 6.24%, 1, 0, 3, 2172.49
1570934131, 0, 400, 1192, 1093, 301, 6.24%, 1, 0, 3, 1997.97
1570934162, 0, 400, 1193, 1094, 301, 6.24%, 1, 0, 3, 2048.80
1570934193, 0, 400, 1194, 1095, 301, 6.24%, 1, 0, 3, 1990.66
1570934198, 0, 400, 1196, 1097, 301, 6.24%, 1, 0, 3, 2029.84
1570934265, 0, 400, 1197, 1098, 301, 6.24%, 1, 0, 3, 2056.50
1570934275, 0, 400, 1198, 1099, 301, 6.24%, 1, 0, 3, 2092.11
1570934521, 0, 405, 1198, 1098, 303, 6.24%, 1, 0, 3, 2426.46
1570934526, 0, 406, 1198, 1097, 302, 6.24%, 1, 0, 3, 2322.43
1570934828, 0, 406, 1199, 1098, 302, 6.24%, 1, 0, 3, 2112.69
1570934931, 0, 421, 1200, 1098, 302, 6.24%, 1, 0, 3, 2321.01
1570935002, 0, 434, 1200, 1097, 301, 6.24%, 1, 0, 3, 2263.17
1570935023, 0, 434, 1202, 1099, 301, 6.28%, 1, 0, 3, 1997.16
1570935053, 0, 434, 1203, 1100, 301, 6.28%, 1, 0, 3, 2048.09
1570935079, 0, 434, 1205, 1102, 301, 6.29%, 1, 0, 3, 2018.64
1570935115, 0, 434, 1206, 1103, 301, 6.29%, 1, 0, 3, 2022.53
1570935411, 0, 435, 1206, 1102, 304, 6.29%, 1, 0, 3, 2143.64
1570935432, 0, 435, 1211, 1107, 304, 6.31%, 1, 0, 3, 2012.39
1570935462, 0, 435, 1213, 1109, 304, 6.31%, 1, 0, 3, 2035.20
1570935488, 0, 435, 1214, 1110, 304, 6.31%, 1, 0, 3, 2005.87
1570935539, 0, 435, 1221, 1117, 304, 6.38%, 1, 0, 3, 2021.45
1570935783, 0, 435, 1229, 1125, 304, 6.43%, 1, 0, 3, 2016.80
1570935819, 0, 436, 1229, 1124, 314, 6.43%, 1, 0, 3, 2182.96
1570935839, 0, 436, 1230, 1125, 314, 6.43%, 1, 0, 3, 1998.66
1570935870, 0, 436, 1231, 1126, 314, 6.43%, 1, 0, 3, 2010.23
1570935901, 0, 436, 1233, 1128, 314, 6.45%, 1, 0, 3, 2069.61
1570935932, 0, 436, 1234, 1129, 314, 6.45%, 1, 0, 3, 2007.64
1570935947, 0, 436, 1243, 1138, 314, 6.53%, 1, 0, 3, 2018.86
1570936229, 0, 437, 1243, 1137, 324, 6.53%, 1, 0, 3, 2173.02
1570936249, 0, 437, 1244, 1138, 324, 6.53%, 1, 0, 3, 2003.36
1570936357, 0, 437, 1249, 1143, 324, 6.54%, 1, 0, 3, 1991.17
1570936643, 0, 440, 1249, 1142, 324, 6.54%, 1, 0, 3, 2118.42
1570936663, 0, 440, 1253, 1146, 324, 6.55%, 1, 0, 3, 1986.65
1570936694, 0, 440, 1254, 1147, 324, 6.55%, 1, 0, 3, 2029.16
1570936755, 0, 440, 1255, 1148, 324, 6.55%, 1, 0, 3, 1987.74
1570936770, 0, 440, 1256, 1149, 324, 6.56%, 1, 0, 3, 1972.72
1570937051, 0, 443, 1256, 1148, 326, 6.56%, 1, 0, 3, 2252.09
1570937071, 0, 443, 1257, 1149, 326, 6.56%, 1, 0, 3, 1991.66
1570937076, 0, 443, 1259, 1151, 326, 6.57%, 1, 0, 3, 2023.63
1570937132, 0, 443, 1260, 1152, 326, 6.58%, 1, 0, 3, 1995.80
1570937183, 0, 443, 1270, 1162, 326, 6.62%, 1, 0, 3, 2019.96
1570937464, 0, 444, 1270, 1161, 333, 6.62%, 1, 0, 3, 2155.66
1570937484, 0, 444, 1271, 1162, 333, 6.62%, 1, 0, 3, 2027.58
1570937592, 0, 444, 1272, 1163, 333, 6.63%, 1, 0, 3, 2016.69
1570937868, 0, 445, 1272, 1162, 334, 6.63%, 1, 0, 3, 2274.69
1570937889, 0, 445, 1273, 1163, 334, 6.63%, 1, 0, 3, 1988.79
1570937894, 0, 445, 1274, 1164, 334, 6.63%, 1, 0, 3, 2063.99
1570938001, 0, 445, 1277, 1167, 334, 6.63%, 1, 0, 3, 2007.50
1570938242, 0, 445, 1279, 1169, 334, 6.63%, 1, 0, 3, 2015.27
1570938278, 0, 446, 1279, 1168, 336, 6.63%, 1, 0, 3, 2218.74
1570938298, 0, 446, 1282, 1171, 336, 6.64%, 1, 0, 3, 2016.29
1570938329, 0, 446, 1283, 1172, 336, 6.64%, 1, 0, 3, 2023.23
1570938360, 0, 446, 1284, 1173, 336, 6.64%, 1, 0, 3, 2082.98
1570938410, 0, 446, 1294, 1183, 336, 6.70%, 1, 0, 3, 2015.75
1570938651, 0, 446, 1295, 1184, 336, 6.70%, 1, 0, 3, 2026.37
1570938687, 0, 451, 1295, 1183, 342, 6.70%, 1, 0, 3, 2180.03
1570938763, 0, 451, 1296, 1184, 342, 6.70%, 1, 0, 3, 2014.47
1570938820, 0, 451, 1297, 1185, 342, 6.70%, 1, 0, 3, 2016.44
1570939065, 0, 451, 1298, 1186, 342, 6.71%, 1, 0, 3, 2009.68
1570939096, 0, 454, 1298, 1185, 342, 6.71%, 1, 0, 3, 2165.59
1570939116, 0, 454, 1299, 1186, 342, 6.71%, 1, 0, 3, 2006.63
1570939224, 0, 454, 1301, 1188, 342, 6.73%, 1, 0, 3, 2006.78
1570939470, 0, 454, 1302, 1189, 342, 6.73%, 1, 0, 3, 2014.85
1570939501, 0, 458, 1302, 1188, 342, 6.73%, 1, 0, 3, 2247.42
1570939521, 0, 458, 1304, 1190, 342, 6.73%, 1, 0, 3, 1978.26
1570939526, 0, 458, 1306, 1192, 342, 6.74%, 1, 0, 3, 2021.66
1570939557, 0, 458, 1307, 1193, 342, 6.75%, 1, 0, 3, 2052.76
1570939634, 0, 458, 1310, 1196, 342, 6.75%, 1, 0, 3, 2008.66
1570939787, 0, 458, 1311, 1197, 342, 6.76%, 1, 0, 3, 2103.34
1570939884, 0, 458, 1313, 1199, 342, 6.76%, 1, 0, 3, 2004.85
1570939915, 0, 460, 1313, 1198, 345, 6.76%, 1, 0, 3, 2202.32
1570939935, 0, 460, 1314, 1199, 345, 6.76%, 1, 0, 3, 2004.52
1570939940, 0, 460, 1315, 1200, 345, 6.76%, 1, 0, 3, 2063.40
1570940328, 0, 465, 1315, 1199, 345, 6.76%, 1, 0, 3, 2114.97
1570940354, 0, 465, 1316, 1200, 345, 6.76%, 1, 0, 3, 2079.86
1570940734, 0, 467, 1317, 1200, 345, 6.76%, 1, 0, 3, 2198.53
1570940759, 0, 467, 1318, 1201, 345, 6.76%, 1, 0, 3, 2051.98
1570940764, 0, 467, 1320, 1203, 345, 6.77%, 1, 0, 3, 2016.40
1570940826, 0, 467, 1320, 1203, 345, 6.77%, 2, 0, 3, 2134.15
1570940877, 0, 467, 1322, 1205, 345, 6.78%, 2, 0, 3, 2125.84
1570940882, 0, 467, 1323, 1206, 345, 6.78%, 2, 0, 3, 2143.62
1570940897, 0, 467, 1325, 1208, 345, 6.78%, 2, 0, 3, 2125.42
1570940938, 0, 467, 1326, 1209, 345, 6.78%, 2, 0, 3, 2120.52
1570941035, 0, 467, 1327, 1210, 345, 6.78%, 2, 0, 3, 2121.03
1570941122, 0, 467, 1328, 1211, 345, 6.78%, 2, 0, 3, 2141.88
1570941142, 0, 473, 1331, 1213, 350, 6.78%, 2, 0, 3, 2267.25
1570941167, 0, 473, 1332, 1214, 350, 6.78%, 2, 0, 3, 2061.88
1570941234, 0, 473, 1332, 1214, 350, 6.78%, 3, 0, 3, 2126.49
1570941296, 0, 473, 1333, 1215, 350, 6.78%, 3, 0, 3, 2123.63
1570941556, 0, 474, 1333, 1214, 350, 6.78%, 3, 0, 3, 2124.14
1570941581, 0, 474, 1334, 1215, 350, 6.78%, 3, 0, 3, 2073.04
1570941699, 0, 474, 1335, 1216, 350, 6.79%, 3, 0, 3, 2110.02
1570941709, 0, 474, 1336, 1217, 350, 6.79%, 3, 0, 3, 2099.15
1570941853, 0, 474, 1336, 1217, 350, 6.79%, 4, 0, 3, 2073.10
1570941965, 0, 475, 1336, 1216, 351, 6.79%, 4, 0, 3, 2324.10
1570941996, 0, 475, 1337, 1217, 351, 6.79%, 4, 0, 3, 2069.60
1570942109, 0, 475, 1338, 1218, 351, 6.79%, 4, 0, 3, 2083.33
1570942125, 0, 475, 1339, 1219, 351, 6.79%, 4, 0, 3, 2087.27
1570942268, 0, 475, 1339, 1219, 351, 6.79%, 5, 0, 3, 2100.44
1570942380, 0, 476, 1339, 1218, 352, 6.79%, 5, 0, 3, 2172.82
1570942410, 0, 476, 1340, 1219, 352, 6.79%, 5, 0, 3, 2034.75
1570942467, 0, 476, 1340, 1219, 352, 6.79%, 6, 0, 3, 2043.36
1570942523, 0, 476, 1341, 1220, 352, 6.79%, 6, 0, 3, 2127.37
1570942539, 0, 476, 1342, 1221, 352, 6.79%, 6, 0, 3, 2109.57
1570942794, 0, 477, 1342, 1220, 353, 6.79%, 6, 0, 3, 2120.60
1570942820, 0, 477, 1343, 1221, 353, 6.79%, 6, 0, 3, 2087.95
1570942881, 0, 477, 1343, 1221, 353, 6.79%, 7, 0, 3, 2022.28
1570942938, 0, 477, 1344, 1222, 353, 6.80%, 7, 0, 3, 2124.55
1570942954, 0, 477, 1345, 1223, 353, 6.80%, 7, 0, 3, 2102.63
1570943209, 0, 478, 1345, 1222, 354, 6.80%, 7, 0, 3, 2110.19
1570943235, 0, 478, 1346, 1223, 354, 6.80%, 7, 0, 3, 2068.47
1570943297, 0, 478, 1346, 1223, 354, 6.80%, 8, 0, 3, 2054.93
1570943353, 0, 478, 1347, 1224, 354, 6.80%, 8, 0, 3, 2103.81
1570943368, 0, 478, 1348, 1225, 354, 6.80%, 8, 0, 3, 2091.84
1570943618, 0, 496, 1348, 1224, 355, 6.80%, 8, 0, 3, 2323.64
1570943792, 0, 496, 1349, 1225, 355, 6.80%, 8, 0, 3, 2311.85
1570943849, 0, 501, 1349, 1224, 354, 6.80%, 8, 0, 3, 2281.97
1570943880, 0, 501, 1351, 1226, 354, 6.80%, 8, 0, 3, 1888.90
1570943952, 0, 501, 1351, 1226, 354, 6.80%, 9, 0, 3, 1937.70
1570943983, 0, 501, 1352, 1227, 354, 6.80%, 9, 0, 3, 1944.22
1570944008, 0, 501, 1353, 1228, 354, 6.80%, 9, 0, 3, 1987.65
1570944212, 0, 520, 1353, 1227, 356, 6.80%, 9, 0, 3, 2231.54
1570944626, 0, 528, 1353, 1226, 355, 6.80%, 9, 0, 3, 2237.40
1570944672, 0, 528, 1354, 1227, 355, 6.80%, 9, 0, 3, 2028.55
1570944718, 0, 528, 1355, 1228, 355, 6.80%, 9, 0, 3, 2116.07
1570944821, 0, 528, 1356, 1229, 355, 6.80%, 9, 0, 3, 2027.36
1570945035, 0, 530, 1356, 1228, 355, 6.80%, 9, 0, 3, 2286.22
1570945194, 0, 538, 1356, 1227, 354, 6.80%, 9, 0, 3, 2597.58
1570945256, 0, 540, 1356, 1226, 353, 6.80%, 9, 0, 3, 2307.70
1570945282, 0, 540, 1357, 1227, 353, 6.80%, 9, 0, 3, 2018.46
1570945349, 0, 540, 1358, 1228, 353, 6.80%, 9, 0, 3, 2027.71
1570945564, 0, 540, 1359, 1229, 353, 6.80%, 9, 0, 3, 2088.31
1570945651, 0, 540, 1360, 1230, 353, 6.80%, 9, 0, 3, 2097.84
1570945677, 0, 542, 1360, 1229, 353, 6.80%, 9, 0, 3, 2017.58
1570945713, 0, 542, 1361, 1230, 353, 6.80%, 9, 0, 3, 1714.88
1570945743, 0, 542, 1362, 1231, 353, 6.80%, 9, 0, 3, 1803.19
1570945841, 0, 542, 1366, 1235, 353, 6.80%, 9, 0, 3, 1896.23
1570945948, 0, 542, 1367, 1236, 353, 6.80%, 9, 0, 3, 1821.26
1570946029, 0, 542, 1368, 1237, 353, 6.80%, 9, 0, 3, 1965.46
1570946034, 0, 544, 1368, 1236, 353, 6.80%, 9, 0, 3, 2266.37
1570946060, 0, 544, 1370, 1238, 353, 6.80%, 9, 0, 3, 2307.06
1570946086, 0, 544, 1371, 1239, 353, 6.80%, 9, 0, 3, 2323.04
1570946254, 0, 548, 1372, 1239, 353, 6.80%, 9, 0, 3, 2578.64
1570946259, 0, 565, 1374, 1240, 354, 6.82%, 9, 0, 3, 2415.48
1570946485, 0, 570, 1375, 1240, 353, 6.82%, 9, 0, 3, 2645.65
1570946490, 0, 579, 1375, 1239, 352, 6.82%, 9, 0, 3, 2681.52
1570946552, 0, 580, 1376, 1239, 353, 6.82%, 9, 0, 3, 2717.46
1570946557, 0, 585, 1376, 1238, 352, 6.82%, 9, 0, 3, 2801.95
1570946613, 0, 585, 1378, 1240, 352, 6.83%, 9, 0, 3, 2869.09
1570946618, 0, 587, 1378, 1239, 351, 6.83%, 9, 0, 3, 2329.60
1570946633, 0, 587, 1379, 1240, 351, 6.83%, 9, 0, 3, 2011.43
1570946639, 0, 587, 1383, 1244, 351, 6.83%, 9, 0, 3, 2016.26
1570946695, 0, 587, 1384, 1245, 351, 6.83%, 9, 0, 3, 2024.33
1570946705, 0, 587, 1385, 1246, 351, 6.83%, 9, 0, 3, 2049.97
1570947018, 0, 590, 1386, 1246, 351, 6.83%, 9, 0, 3, 2357.55
1570947043, 0, 590, 1388, 1248, 351, 6.83%, 9, 0, 3, 2334.12
1570947228, 0, 591, 1388, 1247, 351, 6.83%, 9, 0, 3, 2514.32
1570947306, 0, 594, 1389, 1247, 350, 6.83%, 9, 0, 3, 2420.66
1570947326, 0, 594, 1390, 1248, 350, 6.83%, 9, 0, 3, 2288.56
1570947357, 0, 594, 1391, 1249, 350, 6.83%, 9, 0, 3, 2271.69
1570947419, 0, 594, 1392, 1250, 350, 6.83%, 9, 0, 3, 2313.13
1570947526, 0, 601, 1392, 1249, 350, 6.83%, 9, 0, 3, 2553.42
1570947603, 0, 605, 1392, 1248, 349, 6.83%, 9, 0, 3, 2499.58
1570947623, 0, 605, 1395, 1251, 349, 6.83%, 9, 0, 3, 2288.14
1570947628, 0, 605, 1396, 1252, 349, 6.83%, 9, 0, 3, 2308.74
1570947654, 0, 605, 1397, 1253, 349, 6.83%, 9, 0, 3, 2286.49
1570947695, 0, 605, 1398, 1254, 349, 6.83%, 9, 0, 3, 2274.62
1570947700, 0, 605, 1400, 1256, 349, 6.84%, 9, 0, 3, 2334.29
1570947720, 0, 605, 1401, 1257, 349, 6.84%, 9, 0, 3, 2332.13
1570947828, 0, 605, 1402, 1258, 349, 6.84%, 9, 0, 3, 2359.83
1570947848, 0, 607, 1402, 1257, 356, 6.84%, 9, 0, 3, 2388.48
1570947926, 0, 607, 1404, 1259, 356, 6.84%, 9, 0, 3, 2388.25
1570948048, 0, 613, 1404, 1258, 355, 6.84%, 9, 0, 3, 2518.95
1570948069, 0, 613, 1405, 1259, 355, 6.84%, 9, 0, 3, 2571.09
1570948120, 0, 613, 1408, 1262, 355, 6.84%, 9, 0, 3, 2540.61
1570948207, 0, 629, 1415, 1266, 354, 6.88%, 9, 0, 4, 2664.46
1570948212, 0, 629, 1418, 1269, 354, 6.89%, 9, 0, 4, 2709.82
1570948218, 0, 630, 1422, 1272, 359, 6.93%, 9, 0, 4, 2714.37
1570948223, 0, 633, 1430, 1278, 365, 6.99%, 9, 0, 4, 2728.51
1570948228, 0, 634, 1430, 1277, 365, 6.99%, 9, 0, 4, 2802.35
1570948233, 0, 636, 1431, 1277, 364, 6.99%, 9, 0, 4, 2825.32
1570948243, 0, 638, 1433, 1278, 364, 6.99%, 9, 0, 4, 2511.10
1570948263, 0, 638, 1457, 1302, 364, 7.01%, 9, 0, 4, 2410.26
1570948284, 0, 638, 1459, 1304, 364, 7.01%, 9, 0, 4, 2386.82
1570948289, 0, 638, 1467, 1312, 364, 7.02%, 9, 0, 4, 2401.34
1570948310, 0, 638, 1468, 1313, 364, 7.02%, 9, 0, 4, 2397.79
1570948315, 0, 638, 1469, 1314, 364, 7.02%, 9, 0, 4, 2360.36
1570948325, 0, 638, 1471, 1316, 364, 7.02%, 9, 0, 4, 2432.77
1570948330, 0, 638, 1476, 1321, 364, 7.02%, 9, 0, 4, 2425.75
1570948335, 0, 638, 1477, 1322, 364, 7.02%, 9, 0, 4, 2427.04
1570948340, 0, 638, 1483, 1328, 364, 7.03%, 9, 0, 4, 2426.35
1570948421, 0, 638, 1484, 1329, 364, 7.03%, 9, 0, 4, 2431.07
1570948432, 0, 642, 1484, 1328, 379, 7.03%, 9, 0, 4, 2483.85
1570948457, 0, 642, 1485, 1329, 379, 7.03%, 9, 0, 4, 2373.20
1570948514, 0, 642, 1486, 1330, 379, 7.03%, 9, 0, 4, 2388.76
1570948620, 0, 647, 1487, 1330, 378, 7.03%, 9, 0, 4, 2328.52
1570948646, 0, 647, 1496, 1339, 378, 7.03%, 9, 0, 4, 2190.69
1570948672, 0, 647, 1498, 1341, 378, 7.03%, 9, 0, 4, 2158.55
1570948697, 0, 647, 1501, 1344, 378, 7.03%, 9, 0, 4, 2179.63
1570948717, 0, 647, 1502, 1345, 378, 7.03%, 9, 0, 4, 2157.91
1570948728, 0, 647, 1505, 1348, 378, 7.04%, 9, 0, 4, 2235.26
1570948733, 0, 647, 1508, 1351, 378, 7.04%, 9, 0, 4, 2197.51
1570948738, 0, 647, 1511, 1354, 378, 7.05%, 9, 0, 4, 2202.36
1570948804, 0, 647, 1514, 1357, 378, 7.05%, 9, 0, 4, 2204.49
1570948809, 0, 647, 1516, 1359, 378, 7.05%, 9, 0, 4, 2213.87
1570948824, 0, 647, 1518, 1361, 378, 7.06%, 9, 0, 4, 2216.62
1570948850, 0, 647, 1519, 1362, 378, 7.06%, 9, 0, 4, 2246.40
1570948855, 0, 647, 1520, 1363, 378, 7.06%, 9, 0, 4, 2236.92
1570948870, 0, 649, 1520, 1362, 388, 7.06%, 9, 0, 4, 2438.21
1570948906, 0, 649, 1521, 1363, 388, 7.06%, 9, 0, 4, 2550.86
1570948987, 0, 649, 1522, 1364, 388, 7.07%, 9, 0, 4, 2577.95
1570949007, 0, 661, 1522, 1363, 388, 7.07%, 9, 0, 4, 2595.10
1570949161, 0, 664, 1522, 1362, 387, 7.07%, 9, 0, 4, 2346.42
1570949566, 0, 664, 1523, 1363, 387, 7.07%, 9, 0, 4, 2162.91
1570949571, 0, 672, 1523, 1362, 387, 7.07%, 9, 0, 4, 2367.63
1570949781, 0, 676, 1523, 1361, 386, 7.07%, 9, 0, 4, 2292.91
1570949806, 0, 676, 1530, 1368, 386, 7.07%, 9, 0, 4, 2019.92
1570949811, 0, 676, 1534, 1372, 386, 7.07%, 9, 0, 4, 2003.50
1570949945, 0, 676, 1535, 1373, 386, 7.07%, 9, 0, 4, 2064.33
1570949950, 0, 676, 1536, 1374, 386, 7.07%, 9, 0, 4, 2146.80
1570950202, 0, 677, 1536, 1373, 383, 7.07%, 9, 0, 4, 2360.54
1570950222, 0, 677, 1537, 1374, 383, 7.07%, 9, 0, 4, 2426.21
1570950227, 0, 677, 1538, 1375, 383, 7.07%, 9, 0, 4, 2426.00
1570950411, 0, 678, 1538, 1374, 381, 7.07%, 9, 0, 4, 2546.32
1570950554, 0, 679, 1538, 1373, 380, 7.07%, 9, 0, 4, 2652.46
1570950683, 0, 680, 1538, 1372, 379, 7.07%, 9, 0, 4, 2615.58
1570950817, 0, 680, 1539, 1373, 379, 7.07%, 9, 0, 4, 2589.54
1570950822, 0, 681, 1539, 1372, 379, 7.07%, 9, 0, 4, 2575.74
1570950956, 0, 682, 1539, 1371, 378, 7.07%, 9, 0, 4, 2579.07
1570951094, 0, 683, 1539, 1370, 377, 7.07%, 9, 0, 4, 2500.35
1570951304, 0, 689, 1539, 1369, 376, 7.07%, 9, 0, 4, 2303.38
1570951330, 0, 689, 1545, 1375, 376, 7.07%, 9, 0, 4, 2050.23
1570951396, 0, 689, 1548, 1378, 376, 7.08%, 9, 0, 4, 2116.64
1570951606, 0, 689, 1549, 1379, 376, 7.08%, 9, 0, 4, 2106.75
1570951713, 0, 695, 1550, 1379, 377, 7.08%, 9, 0, 4, 2233.38
1570951739, 0, 695, 1555, 1384, 377, 7.08%, 9, 0, 4, 2045.26
1570951744, 0, 695, 1556, 1385, 377, 7.08%, 9, 0, 4, 2064.12
1570952118, 0, 696, 1558, 1386, 378, 7.09%, 9, 0, 4, 2212.52
1570952144, 0, 696, 1563, 1391, 378, 7.09%, 9, 0, 4, 2062.45
1570952149, 0, 696, 1564, 1392, 378, 7.09%, 9, 0, 4, 2029.61
1570952174, 0, 696, 1565, 1393, 378, 7.10%, 9, 0, 4, 2079.58
1570952210, 0, 696, 1568, 1396, 378, 7.10%, 9, 0, 4, 2138.45
1570952528, 0, 702, 1568, 1395, 381, 7.10%, 9, 0, 4, 2294.50
1570952553, 0, 702, 1569, 1396, 381, 7.10%, 9, 0, 4, 2026.40
1570952558, 0, 702, 1570, 1397, 381, 7.10%, 9, 0, 4, 2076.54
1570952937, 0, 705, 1570, 1396, 380, 7.10%, 9, 0, 4, 2295.45
1570953009, 0, 705, 1571, 1397, 380, 7.10%, 9, 0, 4, 2629.15
1570953024, 0, 709, 1571, 1396, 379, 7.10%, 9, 0, 4, 2641.61
1570953034, 0, 709, 1573, 1398, 379, 7.10%, 9, 0, 4, 2514.48
1570953167, 0, 713, 1574, 1398, 379, 7.10%, 9, 0, 4, 2337.04
1570953188, 0, 713, 1577, 1401, 379, 7.10%, 9, 0, 4, 2234.60
1570953249, 0, 713, 1578, 1402, 379, 7.10%, 9, 0, 4, 2243.52
1570953393, 0, 721, 1578, 1401, 379, 7.10%, 9, 0, 4, 2361.67
1570953418, 0, 721, 1582, 1405, 379, 7.10%, 9, 0, 4, 2055.92
1570953423, 0, 721, 1583, 1406, 379, 7.10%, 9, 0, 4, 2076.54
1570953798, 0, 723, 1585, 1407, 379, 7.10%, 9, 0, 4, 2449.08
1570953813, 0, 723, 1587, 1409, 379, 7.10%, 9, 0, 4, 2735.38
1570953824, 0, 723, 1589, 1411, 379, 7.10%, 9, 0, 4, 2750.36
1570953844, 0, 723, 1590, 1412, 379, 7.10%, 9, 0, 4, 2748.84
1570953870, 0, 723, 1591, 1413, 379, 7.10%, 9, 0, 4, 2698.95
1570953952, 0, 726, 1594, 1415, 378, 7.10%, 9, 0, 4, 2648.01
1570953977, 0, 726, 1596, 1417, 378, 7.10%, 9, 0, 4, 2354.21
1570954003, 0, 726, 1597, 1418, 378, 7.10%, 9, 0, 4, 2354.97
1570954033, 0, 726, 1598, 1419, 378, 7.10%, 9, 0, 4, 2379.22
1570954156, 0, 731, 1598, 1418, 378, 7.10%, 9, 0, 4, 2447.70
1570954182, 0, 731, 1602, 1422, 378, 7.10%, 9, 0, 4, 2057.97
1570954187, 0, 731, 1603, 1423, 378, 7.10%, 9, 0, 4, 2053.01
1570954561, 0, 732, 1603, 1422, 377, 7.10%, 9, 0, 4, 2289.77
1570954587, 0, 732, 1607, 1426, 377, 7.10%, 9, 0, 4, 2065.16
1570954592, 0, 732, 1608, 1427, 377, 7.10%, 9, 0, 4, 2060.61
1570954971, 0, 733, 1608, 1426, 377, 7.10%, 9, 0, 4, 2100.52
1570954992, 0, 733, 1611, 1429, 377, 7.10%, 9, 0, 4, 2026.46
1570954997, 0, 733, 1613, 1431, 377, 7.10%, 9, 0, 4, 2067.68
1570955375, 0, 734, 1613, 1430, 377, 7.10%, 9, 0, 4, 2173.19
1570955401, 0, 734, 1618, 1435, 377, 7.10%, 9, 0, 4, 2066.13
1570955779, 0, 735, 1618, 1434, 377, 7.10%, 9, 0, 4, 2170.58
1570955805, 0, 735, 1623, 1439, 377, 7.10%, 9, 0, 4, 2063.24
1570956184, 0, 736, 1623, 1438, 377, 7.10%, 9, 0, 4, 2195.83
1570956210, 0, 736, 1628, 1443, 377, 7.10%, 9, 0, 4, 2067.53
1570956588, 0, 737, 1629, 1443, 377, 7.10%, 9, 0, 4, 2300.88
1570956594, 0, 737, 1630, 1444, 377, 7.10%, 9, 0, 4, 2681.55
1570956599, 0, 738, 1631, 1444, 378, 7.10%, 9, 0, 4, 2642.96
1570956604, 0, 739, 1632, 1444, 377, 7.10%, 9, 0, 4, 2676.88
1570956717, 0, 740, 1632, 1443, 376, 7.10%, 9, 0, 4, 2672.35
1570956722, 0, 740, 1633, 1444, 376, 7.10%, 9, 0, 4, 2661.43
1570956738, 0, 740, 1634, 1445, 376, 7.10%, 9, 0, 4, 2670.71
1570956840, 0, 743, 1634, 1444, 375, 7.10%, 9, 0, 4, 2588.59
1570956876, 0, 743, 1636, 1446, 375, 7.11%, 9, 0, 4, 2509.14
1570956881, 0, 743, 1644, 1454, 375, 7.12%, 9, 0, 4, 2516.06
1570956887, 0, 743, 1645, 1455, 375, 7.12%, 9, 0, 4, 2514.18
1570956983, 0, 744, 1645, 1454, 383, 7.12%, 9, 0, 4, 2522.50
1570957120, 0, 747, 1645, 1453, 382, 7.12%, 9, 0, 4, 2596.63
1570957218, 0, 755, 1646, 1453, 381, 7.12%, 9, 0, 4, 2259.43
1570957628, 0, 758, 1646, 1452, 381, 7.12%, 9, 0, 4, 2332.14
1570957791, 0, 763, 1646, 1451, 380, 7.12%, 9, 0, 4, 2526.42
1570957816, 0, 763, 1647, 1452, 380, 7.12%, 9, 0, 4, 2035.95
1570958205, 0, 773, 1647, 1451, 380, 7.12%, 9, 0, 4, 2271.66
1570958226, 0, 773, 1648, 1452, 380, 7.12%, 9, 0, 4, 2264.88
1570958292, 0, 773, 1649, 1453, 380, 7.12%, 9, 0, 4, 2254.61
1570958318, 0, 773, 1650, 1454, 380, 7.12%, 9, 0, 4, 2327.51
1570958430, 0, 776, 1650, 1453, 380, 7.12%, 9, 0, 4, 2101.95
1570958600, 0, 776, 1651, 1454, 380, 7.12%, 9, 0, 4, 2044.16
1570958850, 0, 783, 1651, 1453, 379, 7.12%, 9, 0, 4, 2174.45
1570959239, 0, 793, 1651, 1452, 378, 7.12%, 9, 0, 4, 2125.97
1570959321, 0, 793, 1652, 1453, 378, 7.12%, 9, 0, 4, 2060.92
1570959357, 0, 793, 1653, 1454, 378, 7.12%, 9, 0, 4, 1994.46
1570959367, 0, 793, 1656, 1457, 378, 7.13%, 9, 0, 4, 2000.82
1570959653, 0, 794, 1656, 1456, 380, 7.13%, 9, 0, 4, 2237.75
1570959770, 0, 794, 1657, 1457, 380, 7.13%, 9, 0, 4, 2015.26
1570960067, 0, 795, 1657, 1456, 380, 7.13%, 9, 0, 4, 2167.79
1570960185, 0, 795, 1658, 1457, 380, 7.13%, 9, 0, 4, 2007.76
1570960480, 0, 797, 1658, 1456, 380, 7.13%, 9, 0, 4, 2207.58
1570960899, 0, 798, 1658, 1455, 379, 7.13%, 9, 0, 4, 2108.01
1570960977, 0, 798, 1659, 1456, 379, 7.13%, 9, 0, 4, 1992.88
1570961018, 0, 798, 1660, 1457, 379, 7.13%, 9, 0, 4, 1983.95
1570961028, 0, 798, 1661, 1458, 379, 7.14%, 9, 0, 4, 1998.45
1570961314, 0, 800, 1663, 1459, 381, 7.14%, 9, 0, 4, 2339.97
1570961432, 0, 800, 1664, 1460, 381, 7.14%, 9, 0, 4, 2012.68
1570961729, 0, 802, 1664, 1459, 380, 7.14%, 9, 0, 4, 2179.66
1570961846, 0, 802, 1665, 1460, 380, 7.14%, 9, 0, 4, 2014.74
1570962143, 0, 803, 1665, 1459, 379, 7.14%, 9, 0, 4, 2087.90
1570962261, 0, 803, 1666, 1460, 379, 7.14%, 9, 0, 4, 1973.15
1570962557, 0, 812, 1666, 1459, 378, 7.14%, 9, 0, 4, 2178.91
1570962578, 0, 812, 1667, 1460, 378, 7.14%, 9, 0, 4, 1997.00
1570962695, 0, 812, 1668, 1461, 378, 7.14%, 9, 0, 4, 1995.81
1570962977, 0, 816, 1668, 1460, 379, 7.14%, 9, 0, 4, 2108.45
1570962998, 0, 816, 1669, 1461, 379, 7.14%, 9, 0, 4, 2005.48
1570963392, 0, 818, 1670, 1461, 378, 7.14%, 9, 0, 4, 2193.71
1570963412, 0, 818, 1671, 1462, 378, 7.14%, 9, 0, 4, 1983.17
1570963525, 0, 818, 1672, 1463, 378, 7.14%, 9, 0, 4, 2004.81
1570963560, 0, 818, 1673, 1464, 378, 7.15%, 9, 0, 4, 2102.12
1570963811, 0, 819, 1673, 1463, 380, 7.15%, 9, 0, 4, 2101.55
1570963832, 0, 819, 1674, 1464, 380, 7.15%, 9, 0, 4, 1988.33
1570964225, 0, 822, 1674, 1463, 379, 7.15%, 9, 0, 4, 2291.88
1570964246, 0, 822, 1675, 1464, 379, 7.15%, 9, 0, 4, 1978.56
1570964614, 0, 822, 1676, 1465, 379, 7.15%, 9, 0, 4, 1994.30
1570964644, 0, 823, 1676, 1464, 378, 7.15%, 9, 0, 4, 2201.64
1570964664, 0, 823, 1677, 1465, 378, 7.15%, 9, 0, 4, 1996.35
1570964777, 0, 823, 1678, 1466, 378, 7.15%, 9, 0, 4, 2002.81
1570964971, 0, 823, 1680, 1468, 378, 7.15%, 9, 0, 4, 2009.82
1570965058, 0, 824, 1680, 1467, 380, 7.15%, 9, 0, 4, 2212.20
1570965078, 0, 824, 1681, 1468, 380, 7.15%, 9, 0, 4, 1987.93
1570965476, 0, 827, 1681, 1467, 380, 7.15%, 9, 0, 4, 2179.77
1570965584, 0, 827, 1682, 1468, 380, 7.15%, 9, 0, 4, 2014.00
1570965886, 0, 828, 1682, 1467, 380, 7.15%, 9, 0, 4, 2342.04
1570965912, 0, 828, 1683, 1468, 380, 7.15%, 9, 0, 4, 2046.99
1570965999, 0, 828, 1684, 1469, 380, 7.15%, 9, 0, 4, 2001.29
1570966014, 0, 828, 1685, 1470, 380, 7.15%, 9, 0, 4, 2008.74
1570966264, 0, 828, 1686, 1471, 380, 7.16%, 9, 0, 4, 2005.71
1570966300, 0, 830, 1686, 1470, 381, 7.16%, 9, 0, 4, 2323.46
1570966320, 0, 830, 1688, 1472, 381, 7.16%, 9, 0, 4, 1997.16
1570966326, 0, 830, 1690, 1474, 381, 7.16%, 9, 0, 4, 2044.12
1570966382, 0, 830, 1691, 1475, 381, 7.16%, 9, 0, 4, 2009.93
1570966433, 0, 830, 1695, 1479, 381, 7.16%, 9, 0, 4, 1989.81
1570966682, 0, 830, 1697, 1481, 381, 7.16%, 9, 0, 4, 2005.15
1570966718, 0, 831, 1697, 1480, 380, 7.16%, 9, 0, 4, 2136.35
1570966826, 0, 831, 1698, 1481, 380, 7.16%, 9, 0, 4, 1995.66
1570967127, 0, 838, 1698, 1480, 379, 7.16%, 9, 0, 4, 2250.40
1570967148, 0, 838, 1699, 1481, 379, 7.16%, 9, 0, 4, 1989.49
1570967261, 0, 838, 1700, 1482, 379, 7.16%, 9, 0, 4, 1986.65
1570967546, 0, 845, 1700, 1481, 379, 7.16%, 9, 0, 4, 2188.44
1570967567, 0, 845, 1702, 1483, 379, 7.16%, 9, 0, 4, 1982.53
1570967572, 0, 845, 1703, 1484, 379, 7.16%, 9, 0, 4, 2037.38
1570967674, 0, 845, 1704, 1485, 379, 7.16%, 9, 0, 4, 1993.49
1570967965, 0, 850, 1704, 1484, 380, 7.16%, 9, 0, 4, 2159.96
1570967986, 0, 850, 1705, 1485, 380, 7.16%, 9, 0, 4, 2021.77
1570968094, 0, 850, 1706, 1486, 380, 7.16%, 9, 0, 4, 2016.53
1570968376, 0, 851, 1706, 1485, 380, 7.16%, 9, 0, 4, 2313.44
1570968396, 0, 851, 1707, 1486, 380, 7.16%, 9, 0, 4, 1989.42
1570968402, 0, 851, 1708, 1487, 380, 7.17%, 9, 0, 4, 2043.52
1570968754, 0, 851, 1710, 1489, 380, 7.17%, 9, 0, 4, 2010.55
1570968789, 0, 860, 1710, 1488, 380, 7.17%, 9, 0, 4, 2259.72
1570968907, 0, 860, 1711, 1489, 380, 7.17%, 9, 0, 4, 1988.31
1570968922, 0, 860, 1713, 1491, 380, 7.17%, 9, 0, 4, 1998.65
1570969208, 0, 864, 1713, 1490, 381, 7.17%, 9, 0, 4, 2165.93
1570969229, 0, 864, 1714, 1491, 381, 7.17%, 9, 0, 4, 1967.97
1570969587, 0, 864, 1715, 1492, 381, 7.17%, 9, 0, 4, 1976.86
1570969628, 0, 866, 1715, 1491, 381, 7.17%, 9, 0, 4, 2135.70
1570969648, 0, 866, 1716, 1492, 381, 7.17%, 9, 0, 4, 1973.12
1570970042, 0, 868, 1716, 1491, 381, 7.17%, 9, 0, 4, 2268.27
1570970063, 0, 868, 1717, 1492, 381, 7.17%, 9, 0, 4, 1999.11
1570970068, 0, 868, 1720, 1495, 381, 7.17%, 9, 0, 4, 2023.71
1570970175, 0, 868, 1723, 1498, 381, 7.20%, 9, 0, 4, 1997.59
1570970419, 0, 868, 1724, 1499, 381, 7.20%, 9, 0, 4, 1999.09
1570970450, 0, 871, 1724, 1498, 382, 7.20%, 9, 0, 4, 2260.51
1570970475, 0, 871, 1728, 1502, 382, 7.21%, 9, 0, 4, 2009.08
1570970506, 0, 871, 1730, 1504, 382, 7.21%, 9, 0, 4, 2050.80
1570970583, 0, 871, 1732, 1506, 382, 7.23%, 9, 0, 4, 1994.20
1570970869, 0, 877, 1732, 1505, 384, 7.23%, 9, 0, 4, 2202.60
1570970890, 0, 877, 1733, 1506, 384, 7.23%, 9, 0, 4, 2012.09
1570971003, 0, 877, 1734, 1507, 384, 7.28%, 9, 0, 4, 1998.20
1570971252, 0, 877, 1735, 1508, 384, 7.28%, 9, 0, 4, 2007.11
1570971288, 0, 878, 1735, 1507, 384, 7.28%, 9, 0, 4, 2109.30
1570971303, 0, 878, 1736, 1508, 384, 7.28%, 9, 0, 4, 1995.70
1570971308, 0, 878, 1737, 1509, 384, 7.28%, 9, 0, 4, 2006.27
1570971702, 0, 879, 1737, 1508, 383, 7.28%, 9, 0, 4, 2176.98
1570971722, 0, 879, 1738, 1509, 383, 7.28%, 9, 0, 4, 1972.03
1570971753, 0, 879, 1739, 1510, 383, 7.28%, 9, 0, 4, 1977.64
1570971835, 0, 879, 1740, 1511, 383, 7.28%, 9, 0, 4, 2006.23
1570972120, 0, 880, 1740, 1510, 383, 7.28%, 9, 0, 4, 2085.37
1570972135, 0, 880, 1741, 1511, 383, 7.28%, 9, 0, 4, 1993.69
1570972534, 0, 883, 1741, 1510, 382, 7.28%, 9, 0, 4, 2149.03
1570972555, 0, 883, 1742, 1511, 382, 7.28%, 9, 0, 4, 2002.43
1570972954, 0, 884, 1742, 1510, 381, 7.28%, 9, 0, 4, 2071.01
1570972969, 0, 884, 1743, 1511, 381, 7.28%, 9, 0, 4, 1986.77
1570973041, 0, 884, 1744, 1512, 381, 7.28%, 9, 0, 4, 2011.31
1570973333, 0, 884, 1745, 1513, 381, 7.28%, 9, 0, 4, 1998.84
1570973369, 0, 885, 1745, 1512, 382, 7.28%, 9, 0, 4, 2223.12
1570973390, 0, 885, 1746, 1513, 382, 7.28%, 9, 0, 4, 1992.14
1570973789, 0, 886, 1746, 1512, 381, 7.28%, 9, 0, 4, 2081.32
1570973804, 0, 886, 1747, 1513, 381, 7.28%, 9, 0, 4, 1988.14
1570973917, 0, 886, 1748, 1514, 381, 7.29%, 9, 0, 4, 1976.59
1570974204, 0, 887, 1748, 1513, 381, 7.29%, 9, 0, 4, 2216.04
1570974224, 0, 887, 1749, 1514, 381, 7.29%, 9, 0, 4, 1992.24
1570974622, 0, 888, 1749, 1513, 380, 7.29%, 9, 0, 4, 2121.41
1570974638, 0, 888, 1750, 1514, 380, 7.29%, 9, 0, 4, 1985.00
1570975040, 0, 889, 1750, 1513, 379, 7.29%, 9, 0, 4, 2074.32
1570975055, 0, 889, 1751, 1514, 379, 7.29%, 9, 0, 4, 1961.73
1570975091, 0, 889, 1752, 1515, 379, 7.29%, 9, 0, 4, 2039.80
1570975168, 0, 889, 1754, 1517, 379, 7.30%, 9, 0, 4, 1994.68
1570975459, 0, 890, 1754, 1516, 381, 7.30%, 9, 0, 4, 2094.59
1570975474, 0, 890, 1755, 1517, 381, 7.30%, 9, 0, 4, 2000.39
1570975510, 0, 890, 1757, 1519, 381, 7.34%, 9, 0, 4, 2048.74
1570975587, 0, 890, 1759, 1521, 381, 7.35%, 9, 0, 4, 2004.15
1570975837, 0, 890, 1760, 1522, 381, 7.35%, 9, 0, 4, 2001.74
1570975873, 0, 891, 1760, 1521, 382, 7.35%, 9, 0, 4, 2216.03
1570975893, 0, 891, 1761, 1522, 382, 7.35%, 9, 0, 4, 1993.12
1570976292, 0, 892, 1761, 1521, 381, 7.35%, 9, 0, 4, 2084.48
1570976308, 0, 892, 1762, 1522, 381, 7.35%, 9, 0, 4, 1962.07
1570976706, 0, 893, 1762, 1521, 380, 7.35%, 9, 0, 4, 2285.39
1570976726, 0, 893, 1763, 1522, 380, 7.35%, 9, 0, 4, 2000.14
1570976788, 0, 893, 1764, 1523, 380, 7.35%, 9, 0, 4, 1996.39
1570977124, 0, 894, 1764, 1522, 379, 7.35%, 9, 0, 4, 2300.87
1570977144, 0, 894, 1765, 1523, 379, 7.35%, 9, 0, 4, 1986.03
1570977257, 0, 894, 1766, 1524, 379, 7.35%, 9, 0, 4, 1995.03
1570977507, 0, 894, 1767, 1525, 379, 7.35%, 9, 0, 4, 1997.78
1570977543, 0, 896, 1767, 1524, 379, 7.35%, 9, 0, 4, 2208.57
1570977563, 0, 896, 1768, 1525, 379, 7.35%, 9, 0, 4, 2003.18
1570977962, 0, 897, 1768, 1524, 378, 7.35%, 9, 0, 4, 2149.97
1570977982, 0, 897, 1769, 1525, 378, 7.35%, 9, 0, 4, 2000.86
1570978380, 0, 898, 1769, 1524, 377, 7.35%, 9, 0, 4, 2085.91
1570978395, 0, 898, 1770, 1525, 377, 7.35%, 9, 0, 4, 1976.99
1570978793, 0, 899, 1770, 1524, 376, 7.35%, 9, 0, 4, 2269.12
1570978813, 0, 899, 1771, 1525, 376, 7.35%, 9, 0, 4, 2003.21
1570979212, 0, 900, 1771, 1524, 375, 7.35%, 9, 0, 4, 2183.16
1570979233, 0, 900, 1772, 1525, 375, 7.35%, 9, 0, 4, 2000.42
1570979631, 0, 908, 1772, 1524, 374, 7.35%, 9, 0, 4, 2148.22
1570979651, 0, 908, 1773, 1525, 374, 7.35%, 9, 0, 4, 1986.54
1570979661, 0, 908, 1774, 1526, 374, 7.35%, 9, 0, 4, 2025.72
1570980009, 0, 908, 1776, 1528, 374, 7.35%, 9, 0, 4, 1988.16
1570980045, 0, 909, 1776, 1527, 375, 7.35%, 9, 0, 4, 2254.59
1570980065, 0, 909, 1777, 1528, 375, 7.35%, 9, 0, 4, 1984.21
1570980075, 0, 909, 1778, 1529, 375, 7.35%, 9, 0, 4, 2050.05
1570980127, 0, 909, 1779, 1530, 375, 7.35%, 9, 0, 4, 1989.24
1570980429, 0, 909, 1781, 1532, 375, 7.35%, 9, 0, 4, 1976.18
1570980465, 0, 910, 1781, 1531, 376, 7.35%, 9, 0, 4, 2227.58
1570980486, 0, 910, 1782, 1532, 376, 7.35%, 9, 0, 4, 1977.65
1570980496, 0, 910, 1783, 1533, 376, 7.35%, 9, 0, 4, 2013.49
1570980516, 0, 910, 1784, 1534, 376, 7.35%, 9, 0, 4, 1993.06
1570980884, 0, 915, 1784, 1533, 376, 7.35%, 9, 0, 4, 2307.92
1570980904, 0, 915, 1785, 1534, 376, 7.35%, 9, 0, 4, 1983.64
1570980909, 0, 915, 1789, 1538, 376, 7.35%, 9, 0, 4, 2016.73
1570980940, 0, 915, 1792, 1541, 376, 7.35%, 9, 0, 4, 2041.68
1570980966, 0, 915, 1793, 1542, 376, 7.35%, 9, 0, 4, 1974.72
1570981017, 0, 915, 1817, 1566, 376, 7.35%, 10, 0, 4, 1977.84
1570981272, 0, 915, 1819, 1568, 376, 7.35%, 10, 0, 4, 1982.17
1570981308, 0, 917, 1819, 1567, 376, 7.35%, 10, 0, 4, 2097.53
1570981323, 0, 917, 1820, 1568, 376, 7.35%, 10, 0, 4, 1973.30
1570981328, 0, 917, 1821, 1569, 376, 7.35%, 10, 0, 4, 1976.98
1570981359, 0, 917, 1822, 1570, 376, 7.36%, 10, 0, 4, 2012.52
1570981441, 0, 917, 1826, 1574, 376, 7.38%, 10, 0, 4, 2000.54
1570981594, 0, 917, 1827, 1575, 376, 7.38%, 10, 0, 4, 2069.01
1570981727, 0, 929, 1827, 1574, 376, 7.38%, 10, 0, 4, 2128.44
1570981742, 0, 929, 1828, 1575, 376, 7.38%, 10, 0, 4, 1992.09
1570981778, 0, 929, 1829, 1576, 376, 7.38%, 11, 0, 4, 2022.10
1570981809, 0, 929, 1830, 1577, 376, 7.39%, 11, 0, 4, 2046.09
1570981860, 0, 929, 1834, 1581, 376, 7.40%, 11, 0, 4, 1976.19
1570982013, 0, 929, 1835, 1582, 376, 7.40%, 11, 0, 4, 2058.96
1570982110, 0, 929, 1836, 1583, 376, 7.40%, 11, 0, 4, 1989.10
1570982146, 0, 934, 1836, 1582, 380, 7.40%, 11, 0, 4, 2115.90
1570982258, 0, 934, 1837, 1583, 380, 7.40%, 11, 0, 4, 2011.33
1570982554, 0, 936, 1837, 1582, 380, 7.40%, 11, 0, 4, 2257.26
1570982580, 0, 936, 1838, 1583, 380, 7.40%, 11, 0, 4, 2051.70
1570982606, 0, 936, 1839, 1584, 380, 7.40%, 11, 0, 4, 2005.81
1570982688, 0, 936, 1844, 1589, 380, 7.42%, 11, 0, 4, 2017.64
1570982937, 0, 936, 1849, 1594, 380, 7.45%, 11, 0, 4, 1998.22
1570982972, 0, 939, 1853, 1597, 388, 7.45%, 11, 0, 4, 2323.67
1570982993, 0, 939, 1854, 1598, 388, 7.45%, 11, 0, 4, 2291.02
1570983019, 0, 939, 1855, 1599, 388, 7.45%, 11, 0, 4, 2359.13
1570983044, 0, 939, 1856, 1600, 388, 7.45%, 11, 0, 4, 2338.39
1570983054, 0, 939, 1857, 1601, 388, 7.45%, 11, 0, 4, 2318.32
1570983176, 0, 943, 1857, 1600, 389, 7.45%, 11, 0, 4, 2143.37
1570983197, 0, 943, 1858, 1601, 389, 7.45%, 11, 0, 4, 2000.77
1570983590, 0, 952, 1859, 1601, 389, 7.45%, 11, 0, 4, 2302.17
1570983615, 0, 952, 1860, 1602, 389, 7.45%, 11, 0, 4, 2042.71
1570983641, 0, 952, 1861, 1603, 389, 7.45%, 11, 0, 4, 1990.09
1570983646, 0, 952, 1862, 1604, 389, 7.45%, 12, 0, 4, 2044.81
1570983728, 0, 952, 1863, 1605, 389, 7.45%, 13, 0, 4, 2007.71
1570984008, 0, 953, 1863, 1604, 391, 7.45%, 13, 0, 4, 2113.61
1570984028, 0, 953, 1864, 1605, 391, 7.45%, 13, 0, 4, 2000.96
1570984421, 0, 957, 1864, 1604, 390, 7.45%, 13, 0, 4, 2176.27
1570984447, 0, 957, 1865, 1605, 390, 7.45%, 13, 0, 4, 2043.34
1570984836, 0, 962, 1866, 1605, 390, 7.45%, 13, 0, 4, 2448.65
1570984986, 0, 969, 1866, 1604, 390, 7.45%, 13, 0, 4, 2642.62
1570985011, 0, 969, 1868, 1606, 390, 7.46%, 13, 0, 4, 2502.74
1570985119, 0, 969, 1869, 1607, 390, 7.46%, 13, 0, 4, 2522.05
1570985145, 0, 971, 1869, 1606, 391, 7.46%, 13, 0, 4, 2535.38
1570985165, 0, 971, 1872, 1609, 391, 7.46%, 13, 0, 4, 2508.77
1570985298, 0, 972, 1872, 1608, 392, 7.46%, 13, 0, 4, 2590.26
1570985324, 0, 972, 1873, 1609, 392, 7.48%, 13, 0, 4, 2496.57
1570985344, 0, 972, 1874, 1610, 392, 7.48%, 13, 0, 4, 2488.34
1570985456, 0, 973, 1874, 1609, 393, 7.48%, 13, 0, 4, 2455.81
1570985477, 0, 973, 1875, 1610, 393, 7.50%, 13, 0, 4, 2482.69
1570985482, 0, 973, 1876, 1611, 393, 7.50%, 13, 0, 4, 2483.31
1570985528, 0, 973, 1877, 1612, 393, 7.50%, 13, 0, 4, 2485.28
1570985610, 0, 975, 1877, 1611, 394, 7.50%, 13, 0, 4, 2595.65
1570985626, 0, 975, 1879, 1613, 394, 7.51%, 13, 0, 4, 2441.80
1570985636, 0, 975, 1892, 1626, 394, 7.55%, 13, 0, 4, 2440.24
1570985662, 0, 975, 1896, 1630, 394, 7.57%, 13, 0, 4, 2448.88
1570985682, 0, 975, 1898, 1632, 394, 7.57%, 13, 0, 4, 2416.36
1570985703, 0, 975, 1903, 1637, 394, 7.58%, 13, 0, 4, 2497.31
1570985749, 0, 975, 1906, 1640, 394, 7.59%, 13, 0, 4, 2459.37
1570985754, 0, 975, 1907, 1641, 394, 7.59%, 13, 0, 4, 2412.42
1570985769, 0, 975, 1908, 1642, 394, 7.59%, 13, 0, 4, 2418.40
1570985774, 0, 977, 1908, 1641, 408, 7.59%, 13, 0, 4, 2534.48
1570985933, 0, 978, 1908, 1640, 407, 7.59%, 13, 0, 4, 2519.76
1570986010, 0, 978, 1909, 1641, 407, 7.59%, 13, 0, 4, 2502.12
1570986091, 0, 983, 1910, 1641, 406, 7.59%, 13, 0, 4, 2571.82
1570986112, 0, 983, 1911, 1642, 406, 7.59%, 13, 0, 4, 2532.36
1570986169, 0, 983, 1912, 1643, 406, 7.59%, 13, 0, 4, 2519.65
1570986250, 0, 987, 1913, 1643, 405, 7.59%, 13, 0, 4, 2669.07
1570986271, 0, 987, 1914, 1644, 405, 7.59%, 13, 0, 4, 2734.02
1570986399, 0, 988, 1914, 1643, 405, 7.59%, 13, 0, 4, 2724.09
1570986404, 0, 988, 1915, 1644, 405, 7.59%, 13, 0, 4, 2735.17
1570986420, 0, 988, 1916, 1645, 405, 7.59%, 13, 0, 4, 2715.80
1570986553, 0, 989, 1916, 1644, 405, 7.59%, 13, 0, 4, 2766.66
1570986568, 0, 989, 1917, 1645, 405, 7.59%, 13, 0, 4, 2752.91
1570986696, 0, 991, 1917, 1644, 404, 7.59%, 13, 0, 4, 2558.42
1570986778, 0, 991, 1918, 1645, 404, 7.59%, 13, 0, 4, 2473.31
1570986849, 0, 991, 1919, 1646, 404, 7.59%, 13, 0, 4, 2478.61
1570986864, 0, 994, 1919, 1645, 403, 7.59%, 13, 0, 4, 2370.94
1570986890, 0, 994, 1923, 1649, 403, 7.59%, 13, 0, 4, 2241.57
1570986956, 0, 994, 1924, 1650, 403, 7.59%, 13, 0, 4, 2278.10
1570986962, 0, 994, 1926, 1652, 403, 7.59%, 13, 0, 4, 2278.29
1570986967, 0, 994, 1927, 1653, 403, 7.59%, 13, 0, 4, 2267.29
1570987089, 0, 997, 1927, 1652, 403, 7.59%, 13, 0, 4, 2384.25
1570987172, 0, 997, 1930, 1655, 403, 7.59%, 13, 0, 4, 2459.02
1570987253, 0, 997, 1931, 1656, 403, 7.59%, 13, 0, 4, 2445.55
1570987268, 0, 1001, 1931, 1655, 402, 7.59%, 13, 0, 4, 2356.33
1570987289, 0, 1001, 1935, 1659, 402, 7.59%, 13, 0, 4, 2220.53
1570987294, 0, 1001, 1936, 1660, 402, 7.59%, 13, 0, 4, 2234.28
1570987320, 0, 1001, 1937, 1661, 402, 7.59%, 13, 0, 4, 2247.52
1570987500, 0, 1003, 1937, 1660, 402, 7.59%, 13, 0, 4, 2421.44
1570987582, 0, 1003, 1938, 1661, 402, 7.59%, 13, 0, 4, 2438.45
1570987664, 0, 1003, 1939, 1662, 402, 7.60%, 13, 0, 4, 2447.60
1570987679, 0, 1008, 1940, 1662, 401, 7.60%, 13, 0, 4, 2415.93
1570987699, 0, 1008, 1941, 1663, 401, 7.63%, 13, 0, 4, 2292.03
1570987705, 0, 1008, 1944, 1666, 401, 7.64%, 13, 0, 4, 2293.03
1570987725, 0, 1008, 1945, 1667, 401, 7.64%, 13, 0, 4, 2308.73
1570987730, 0, 1008, 1947, 1669, 401, 7.64%, 13, 0, 4, 2307.91
1570987751, 0, 1008, 1948, 1670, 401, 7.64%, 13, 0, 4, 2277.05
1570987761, 0, 1008, 1950, 1672, 401, 7.65%, 13, 0, 4, 2304.78
1570987777, 0, 1008, 1956, 1678, 401, 7.66%, 13, 0, 4, 2212.43
1570987833, 0, 1008, 1957, 1679, 401, 7.66%, 13, 0, 4, 2307.91
1570987874, 0, 1012, 1957, 1678, 408, 7.66%, 13, 0, 4, 2312.63
1570987894, 0, 1012, 1959, 1680, 408, 7.66%, 13, 0, 4, 2222.40
1570987956, 0, 1012, 1960, 1681, 408, 7.66%, 13, 0, 4, 2264.84
1570988059, 0, 1012, 1961, 1682, 408, 7.66%, 13, 0, 4, 2302.56
1570988079, 0, 1024, 1961, 1681, 407, 7.66%, 13, 0, 4, 2230.09
1570988427, 0, 1029, 1962, 1681, 406, 7.66%, 13, 0, 4, 2214.15
1570988780, 0, 1037, 1963, 1681, 406, 7.66%, 13, 0, 4, 2325.43
