# unix_time, cycles_done, cur_path, paths_total, pending_total, pending_favs, map_size, unique_crashes, unique_hangs, max_depth, execs_per_sec
1573479787, 0, 0, 1, 1, 1, 2.10%, 0, 0, 1, 1600.00
1573479792, 0, 0, 61, 61, 1, 2.43%, 0, 0, 2, 1929.86
1573479807, 0, 0, 88, 88, 1, 2.51%, 0, 0, 2, 1933.20
1573479812, 0, 0, 137, 137, 1, 3.03%, 0, 0, 2, 1974.09
1573479818, 0, 0, 289, 289, 1, 3.44%, 0, 0, 2, 2038.18
1573479823, 0, 0, 329, 329, 1, 3.52%, 0, 0, 2, 1996.76
1573479838, 0, 0, 331, 331, 1, 3.53%, 0, 0, 2, 1948.03
1573479843, 0, 0, 342, 342, 1, 3.83%, 0, 0, 2, 1951.48
1573479848, 0, 0, 368, 368, 1, 3.86%, 0, 0, 2, 2034.70
1573479874, 0, 0, 377, 377, 1, 3.96%, 0, 0, 2, 2010.16
1573479879, 0, 0, 390, 390, 1, 3.99%, 0, 0, 2, 2016.36
1573479884, 0, 0, 407, 407, 1, 4.03%, 0, 0, 2, 2052.72
1573479889, 0, 0, 426, 426, 1, 4.04%, 0, 0, 2, 2000.90
1573479905, 0, 0, 429, 429, 1, 4.04%, 0, 0, 2, 1965.46
1573479910, 0, 0, 430, 430, 1, 4.04%, 0, 0, 2, 1964.92
1573479920, 0, 0, 436, 436, 1, 4.06%, 0, 0, 2, 1950.98
1573479925, 0, 0, 460, 460, 1, 4.46%, 0, 0, 2, 1970.46
1573479930, 0, 0, 465, 465, 1, 4.47%, 0, 0, 2, 1965.93
1573479935, 0, 0, 468, 468, 1, 4.51%, 0, 0, 2, 2061.19
1573479941, 0, 0, 474, 474, 1, 4.60%, 0, 0, 2, 2077.34
1573479946, 0, 0, 477, 477, 1, 4.61%, 0, 0, 2, 2080.71
1573479951, 0, 0, 479, 479, 1, 4.62%, 0, 0, 2, 2065.68
1573479961, 0, 0, 520, 520, 1, 4.63%, 0, 0, 2, 2130.64
1573479966, 0, 0, 523, 523, 1, 4.63%, 0, 0, 2, 2000.06
1573479971, 0, 0, 528, 528, 1, 4.63%, 0, 0, 2, 1949.66
1573479987, 0, 0, 529, 529, 1, 4.63%, 0, 0, 2, 1962.18
1573479997, 0, 0, 530, 530, 1, 4.63%, 0, 0, 2, 1968.17
1573480002, 0, 0, 531, 531, 1, 4.63%, 0, 0, 2, 2123.01
1573480007, 0, 0, 532, 532, 1, 4.63%, 0, 0, 2, 2117.77
1573480027, 0, 0, 533, 533, 1, 4.63%, 0, 0, 2, 2149.41
1573480083, 0, 0, 539, 539, 1, 4.64%, 0, 0, 2, 2015.71
1573480089, 0, 0, 540, 540, 1, 4.64%, 0, 0, 2, 1965.78
1573480099, 0, 0, 542, 542, 1, 4.65%, 0, 0, 2, 2054.23
1573480104, 0, 0, 549, 549, 1, 4.67%, 0, 0, 2, 2005.60
1573480130, 0, 0, 551, 551, 1, 4.68%, 0, 0, 2, 2031.83
1573480140, 0, 0, 553, 553, 1, 4.68%, 0, 0, 2, 2079.05
1573480145, 0, 0, 554, 554, 1, 4.68%, 0, 0, 2, 1971.62
1573480165, 0, 0, 556, 556, 1, 4.69%, 0, 0, 2, 2061.32
1573480176, 0, 0, 580, 580, 1, 4.71%, 0, 0, 2, 2159.66
1573480181, 0, 0, 602, 602, 1, 4.73%, 0, 0, 2, 2473.52
1573480186, 0, 0, 619, 619, 1, 4.74%, 0, 0, 2, 2535.60
1573480191, 0, 2, 627, 626, 195, 4.74%, 0, 0, 2, 2656.74
1573480196, 0, 2, 637, 636, 195, 4.80%, 0, 0, 3, 2737.74
1573480201, 0, 3, 639, 637, 201, 4.80%, 0, 0, 3, 2751.37
1573480206, 0, 3, 643, 641, 201, 4.93%, 0, 0, 3, 2758.99
1573480211, 0, 4, 643, 640, 205, 4.93%, 0, 0, 3, 2744.34
1573480216, 0, 4, 645, 642, 205, 4.95%, 0, 0, 3, 2745.78
1573480221, 0, 6, 645, 641, 206, 4.95%, 0, 0, 3, 2758.36
1573480226, 0, 7, 649, 644, 209, 5.01%, 0, 0, 3, 2726.50
1573480232, 0, 9, 649, 643, 208, 5.01%, 0, 0, 3, 2682.95
1573480257, 0, 9, 652, 646, 208, 5.06%, 0, 0, 3, 2004.21
1573480262, 0, 9, 658, 652, 208, 5.06%, 0, 0, 3, 2032.01
1573480319, 0, 9, 659, 653, 208, 5.06%, 0, 0, 3, 2043.30
1573480380, 0, 9, 660, 654, 208, 5.06%, 0, 0, 3, 2071.43
1573480620, 0, 9, 668, 662, 208, 5.07%, 0, 0, 3, 2433.48
1573480625, 0, 9, 674, 668, 208, 5.08%, 0, 0, 3, 2523.72
1573480630, 0, 11, 678, 671, 208, 5.08%, 0, 0, 3, 2219.21
1573480656, 0, 11, 702, 695, 208, 5.08%, 0, 0, 3, 2043.03
1573480661, 0, 11, 705, 698, 208, 5.08%, 0, 0, 3, 2011.71
1573480723, 0, 11, 707, 700, 208, 5.08%, 0, 0, 3, 2077.28
1573480728, 0, 11, 708, 701, 208, 5.08%, 0, 0, 3, 2008.98
1573480937, 0, 11, 709, 702, 208, 5.08%, 0, 0, 3, 2119.52
1573480967, 0, 11, 711, 704, 208, 5.08%, 0, 0, 3, 2079.73
1573481003, 0, 11, 712, 705, 208, 5.08%, 0, 0, 3, 1995.32
1573481018, 0, 11, 715, 708, 208, 5.08%, 0, 0, 3, 2194.02
1573481023, 0, 11, 717, 710, 208, 5.08%, 0, 0, 3, 2431.36
1573481029, 0, 13, 719, 711, 207, 5.09%, 0, 0, 3, 2434.96
1573481054, 0, 13, 723, 715, 207, 5.09%, 0, 0, 3, 1989.37
1573481059, 0, 13, 724, 716, 207, 5.09%, 0, 0, 3, 2024.76
1573481125, 0, 13, 727, 719, 207, 5.09%, 0, 0, 3, 2046.48
1573481340, 0, 13, 728, 720, 207, 5.09%, 0, 0, 3, 2074.99
1573481422, 0, 13, 731, 723, 207, 5.09%, 0, 0, 3, 2233.55
1573481427, 0, 13, 735, 727, 207, 5.09%, 0, 0, 3, 2504.62
1573481432, 0, 15, 736, 727, 211, 5.09%, 0, 0, 3, 2302.06
1573481458, 0, 15, 737, 728, 211, 5.09%, 0, 0, 3, 2027.89
1573481529, 0, 15, 738, 729, 211, 5.09%, 0, 0, 3, 2012.22
1573481714, 0, 15, 739, 730, 211, 5.09%, 0, 0, 3, 2149.27
1573481821, 0, 15, 743, 734, 211, 5.09%, 0, 0, 3, 2357.06
1573481826, 0, 15, 748, 739, 211, 5.09%, 0, 0, 3, 2523.49
1573481831, 0, 17, 753, 743, 211, 5.13%, 0, 0, 3, 2090.86
1573481846, 0, 17, 755, 745, 211, 5.14%, 0, 0, 3, 1967.04
1573481857, 0, 17, 762, 752, 211, 5.14%, 0, 0, 3, 2043.10
1573481887, 0, 17, 763, 753, 211, 5.14%, 0, 0, 3, 2009.66
1573481923, 0, 17, 764, 754, 211, 5.15%, 0, 0, 3, 2068.37
1573482118, 0, 17, 770, 760, 211, 5.16%, 0, 0, 3, 1990.25
1573482215, 0, 17, 774, 764, 211, 5.16%, 0, 0, 3, 2251.81
1573482220, 0, 17, 777, 767, 211, 5.16%, 0, 0, 3, 2479.73
1573482225, 0, 60, 778, 767, 219, 5.16%, 0, 0, 3, 2112.31
1573482251, 0, 60, 779, 768, 219, 5.16%, 0, 0, 3, 2038.19
1573482614, 0, 60, 780, 769, 219, 5.16%, 0, 0, 3, 2234.88
1573482619, 0, 60, 782, 771, 219, 5.16%, 0, 0, 3, 2500.70
1573482624, 0, 60, 784, 773, 219, 5.16%, 0, 0, 3, 2547.48
1573482629, 0, 64, 784, 772, 219, 5.16%, 0, 0, 3, 2166.67
1573482794, 0, 64, 785, 773, 219, 5.16%, 0, 0, 3, 2053.49
1573483024, 0, 95, 785, 772, 217, 5.16%, 0, 0, 3, 2185.26
1573483418, 0, 96, 785, 771, 217, 5.16%, 0, 0, 3, 2251.43
1573483439, 0, 96, 786, 772, 217, 5.16%, 0, 0, 3, 1985.78
1573483588, 0, 96, 787, 773, 217, 5.16%, 0, 0, 3, 2121.84
1573483813, 0, 97, 787, 772, 217, 5.16%, 0, 0, 3, 2248.06
1573484208, 0, 103, 788, 772, 216, 5.16%, 0, 0, 3, 2447.50
1573484239, 0, 103, 790, 774, 216, 5.17%, 0, 0, 3, 2005.43
1573484377, 0, 103, 791, 775, 216, 5.17%, 0, 0, 3, 2068.87
1573484606, 0, 106, 791, 774, 216, 5.17%, 0, 0, 3, 2139.88
1573484627, 0, 106, 793, 776, 216, 5.17%, 0, 0, 3, 1947.66
1573484632, 0, 106, 794, 777, 216, 5.17%, 0, 0, 3, 2003.73
1573484637, 0, 106, 795, 778, 216, 5.17%, 0, 0, 3, 1983.16
1573484658, 0, 106, 797, 780, 216, 5.18%, 0, 0, 3, 1947.16
1573484668, 0, 106, 798, 781, 216, 5.18%, 0, 0, 3, 1983.33
1573484688, 0, 106, 801, 784, 216, 5.18%, 0, 0, 3, 1925.49
1573484739, 0, 106, 802, 785, 216, 5.18%, 0, 0, 3, 1940.70
1573484745, 0, 106, 812, 795, 216, 5.23%, 0, 0, 3, 1952.29
1573484775, 0, 106, 813, 796, 216, 5.24%, 0, 0, 3, 2054.34
1573484984, 0, 106, 816, 799, 216, 5.25%, 0, 0, 3, 1961.36
1573485005, 0, 106, 818, 801, 216, 5.25%, 0, 0, 3, 2421.07
1573485010, 0, 109, 820, 802, 231, 5.25%, 0, 0, 3, 2304.04
1573485404, 0, 109, 823, 805, 231, 5.25%, 0, 0, 3, 2370.00
1573485409, 0, 109, 826, 808, 231, 5.25%, 0, 0, 3, 2524.82
1573485414, 0, 114, 827, 808, 229, 5.25%, 0, 0, 3, 2614.08
1573485435, 0, 114, 829, 810, 229, 5.26%, 0, 0, 3, 1951.84
1573485440, 0, 114, 833, 814, 229, 5.26%, 0, 0, 3, 1933.36
1573485547, 0, 114, 841, 822, 229, 5.28%, 0, 0, 3, 1953.43
1573485552, 0, 114, 842, 823, 229, 5.28%, 0, 0, 3, 1956.81
1573485792, 0, 114, 843, 824, 229, 5.28%, 0, 0, 3, 1951.98
1573485818, 0, 115, 843, 823, 233, 5.28%, 0, 0, 3, 2105.07
1573485838, 0, 115, 844, 824, 233, 5.28%, 0, 0, 3, 1975.42
1573485869, 0, 115, 845, 825, 233, 5.28%, 0, 0, 3, 1925.99
1573485946, 0, 115, 846, 826, 233, 5.28%, 0, 0, 3, 1972.91
1573486212, 0, 120, 846, 825, 234, 5.28%, 0, 0, 3, 2067.63
1573486233, 0, 120, 852, 831, 234, 5.29%, 0, 0, 3, 1960.56
1573486264, 0, 120, 858, 837, 234, 5.33%, 0, 0, 3, 1972.72
1573486295, 0, 120, 860, 839, 234, 5.34%, 0, 0, 3, 2004.01
1573486345, 0, 120, 874, 853, 234, 5.40%, 0, 0, 3, 1944.69
1573486585, 0, 120, 877, 856, 234, 5.41%, 0, 0, 3, 1921.54
1573486611, 0, 120, 881, 860, 234, 5.41%, 0, 0, 3, 2481.21
1573486616, 0, 120, 883, 862, 234, 5.41%, 0, 0, 3, 2530.21
1573486621, 0, 121, 883, 861, 254, 5.41%, 0, 0, 3, 2223.26
1573486642, 0, 121, 884, 862, 254, 5.41%, 0, 0, 3, 1919.10
1573486652, 0, 121, 885, 863, 254, 5.41%, 0, 0, 3, 1974.87
1573486703, 0, 121, 886, 864, 254, 5.41%, 0, 0, 3, 1943.84
1573486754, 0, 121, 893, 871, 254, 5.42%, 0, 0, 3, 1958.06
1573486790, 0, 121, 895, 873, 254, 5.42%, 0, 0, 3, 2032.96
1573487020, 0, 122, 895, 872, 257, 5.42%, 0, 0, 3, 2250.45
1573487045, 0, 122, 896, 873, 257, 5.42%, 0, 0, 3, 1998.70
1573487418, 0, 123, 896, 872, 257, 5.42%, 0, 0, 3, 2044.68
1573487438, 0, 123, 901, 877, 257, 5.44%, 0, 0, 3, 1936.08
1573487469, 0, 123, 904, 880, 257, 5.44%, 1, 0, 3, 1956.68
1573487551, 0, 123, 916, 892, 257, 5.53%, 1, 0, 3, 1898.69
1573487710, 0, 123, 917, 893, 257, 5.53%, 1, 0, 3, 2041.49
1573487730, 0, 123, 918, 894, 257, 5.53%, 1, 0, 3, 2069.62
1573487817, 0, 123, 920, 896, 257, 5.53%, 1, 0, 3, 2415.36
1573487822, 0, 128, 922, 897, 266, 5.53%, 1, 0, 3, 2278.66
1573487842, 0, 128, 924, 899, 266, 5.53%, 1, 0, 3, 1943.16
1573487848, 0, 128, 930, 905, 266, 5.53%, 1, 0, 3, 1983.14
1573487853, 0, 128, 932, 907, 266, 5.53%, 1, 0, 3, 1981.50
1573487878, 0, 128, 933, 908, 266, 5.53%, 1, 0, 3, 1991.51
1573487960, 0, 128, 935, 910, 266, 5.54%, 1, 0, 3, 1919.89
1573487996, 0, 128, 936, 911, 266, 5.54%, 1, 0, 3, 2052.90
1573488114, 0, 128, 938, 913, 266, 5.54%, 1, 0, 3, 2029.15
1573488221, 0, 128, 940, 915, 266, 5.54%, 1, 0, 3, 2295.50
1573488226, 0, 129, 942, 916, 271, 5.54%, 1, 0, 3, 2536.34
1573488252, 0, 129, 943, 917, 271, 5.54%, 1, 0, 3, 1939.66
1573488313, 0, 129, 945, 919, 271, 5.55%, 1, 0, 3, 2004.28
1573488364, 0, 129, 948, 922, 271, 5.55%, 1, 0, 3, 1957.97
1573488604, 0, 129, 949, 923, 271, 5.55%, 1, 0, 3, 1953.03
1573488630, 0, 129, 951, 925, 271, 5.55%, 1, 0, 3, 2468.44
1573488635, 0, 141, 951, 924, 274, 5.55%, 1, 0, 3, 2219.60
1573488666, 0, 141, 952, 925, 274, 5.55%, 1, 0, 3, 1981.92
1573488778, 0, 141, 953, 926, 274, 5.56%, 1, 0, 3, 2054.88
1573489029, 0, 162, 953, 925, 274, 5.56%, 1, 0, 3, 2152.63
1573489055, 0, 162, 957, 929, 274, 5.56%, 1, 0, 3, 2021.13
1573489060, 0, 162, 958, 930, 274, 5.56%, 1, 0, 3, 1998.16
1573489086, 0, 162, 959, 931, 274, 5.56%, 1, 0, 3, 2050.62
1573489162, 0, 162, 960, 932, 274, 5.56%, 1, 0, 3, 1986.02
1573489178, 0, 162, 961, 933, 274, 5.56%, 1, 0, 3, 2083.48
1573489424, 0, 170, 963, 934, 275, 5.56%, 1, 0, 3, 2622.85
1573489444, 0, 170, 964, 935, 275, 5.56%, 1, 0, 3, 2700.52
1573489491, 0, 170, 967, 938, 275, 5.56%, 1, 0, 3, 2671.99
1573489567, 0, 177, 967, 937, 274, 5.56%, 1, 0, 3, 2162.11
1573489593, 0, 177, 968, 938, 274, 5.56%, 1, 0, 3, 2041.42
1573489957, 0, 192, 968, 937, 274, 5.56%, 1, 0, 3, 2276.62
1573489983, 0, 192, 971, 940, 274, 5.56%, 1, 0, 3, 2002.21
1573489988, 0, 192, 974, 943, 274, 5.56%, 1, 0, 3, 2012.45
1573490013, 0, 192, 978, 947, 274, 5.57%, 1, 0, 3, 2011.79
1573490019, 0, 192, 980, 949, 274, 5.57%, 1, 0, 3, 2009.93
1573490054, 0, 192, 981, 950, 274, 5.57%, 1, 0, 3, 2038.68
1573490111, 0, 192, 982, 951, 274, 5.57%, 1, 0, 3, 2087.86
1573490126, 0, 192, 983, 952, 274, 5.57%, 1, 0, 3, 2065.10
1573490131, 0, 192, 984, 953, 274, 5.57%, 1, 0, 3, 2035.42
1573490310, 0, 192, 986, 955, 274, 5.57%, 1, 0, 3, 2097.92
1573490362, 0, 192, 988, 957, 274, 5.57%, 1, 0, 3, 2391.65
1573490372, 0, 196, 989, 957, 280, 5.57%, 1, 0, 3, 2153.97
1573490397, 0, 196, 991, 959, 280, 5.57%, 1, 0, 3, 2009.83
1573490521, 0, 196, 994, 962, 280, 5.58%, 1, 0, 3, 2076.55
1573490776, 0, 196, 997, 965, 280, 5.58%, 1, 0, 3, 2489.90
1573490782, 0, 208, 998, 965, 279, 5.58%, 1, 0, 3, 2371.46
1573490807, 0, 208, 999, 966, 279, 5.58%, 1, 0, 3, 2015.18
1573491186, 0, 217, 999, 965, 279, 5.58%, 1, 0, 3, 2223.15
1573491335, 0, 217, 1000, 966, 279, 5.58%, 1, 0, 3, 2083.48
1573491590, 0, 217, 1001, 967, 279, 5.58%, 1, 0, 3, 2433.04
1573491596, 0, 221, 1001, 966, 278, 5.58%, 1, 0, 3, 2148.73
1573491621, 0, 221, 1008, 973, 278, 5.71%, 1, 0, 3, 2017.83
1573491688, 0, 221, 1010, 975, 278, 5.79%, 1, 0, 3, 2073.19
1573491980, 0, 221, 1011, 976, 278, 5.79%, 1, 0, 3, 2045.06
1573491995, 0, 221, 1012, 977, 278, 5.79%, 1, 0, 3, 2098.02
1573492000, 0, 242, 1013, 977, 281, 5.79%, 1, 0, 3, 2320.24
1573492404, 0, 242, 1014, 978, 281, 5.79%, 1, 0, 3, 2331.20
1573492409, 0, 246, 1014, 977, 281, 5.79%, 1, 0, 3, 2312.10
1573492440, 0, 246, 1015, 978, 281, 5.79%, 1, 0, 3, 2008.65
1573492496, 0, 246, 1016, 979, 281, 5.80%, 1, 0, 3, 2042.12
1573492558, 0, 246, 1017, 980, 281, 5.80%, 1, 0, 3, 2073.97
1573492563, 0, 246, 1018, 981, 281, 5.80%, 1, 0, 3, 2090.65
1573492818, 0, 256, 1018, 980, 281, 5.80%, 1, 0, 3, 2102.06
1573493211, 0, 256, 1022, 984, 281, 5.80%, 1, 0, 3, 2558.02
1573493216, 0, 267, 1023, 984, 283, 5.80%, 1, 0, 3, 2646.79
1573493604, 0, 267, 1024, 985, 283, 5.81%, 1, 0, 3, 2204.62
1573493609, 0, 279, 1024, 984, 283, 5.81%, 1, 0, 3, 2330.22
1573493768, 0, 279, 1026, 986, 283, 5.81%, 1, 0, 3, 2194.47
1573493901, 0, 279, 1027, 987, 283, 5.81%, 1, 0, 3, 2153.90
1573493988, 0, 280, 1028, 987, 283, 5.81%, 1, 0, 3, 2510.26
1573494049, 0, 280, 1029, 988, 283, 5.81%, 1, 0, 3, 2018.72
1573494157, 0, 280, 1030, 989, 283, 5.81%, 1, 0, 3, 2139.05
1573494162, 0, 280, 1031, 990, 283, 5.81%, 1, 0, 3, 2025.89
1573494391, 0, 285, 1031, 989, 284, 5.81%, 1, 0, 3, 2406.47
1573494479, 0, 285, 1032, 990, 284, 5.81%, 1, 0, 3, 2412.37
1573494601, 0, 286, 1032, 989, 284, 5.81%, 1, 0, 3, 2582.89
1573494816, 0, 286, 1033, 990, 284, 5.81%, 1, 0, 3, 2475.39
1573494821, 0, 288, 1033, 989, 283, 5.81%, 1, 0, 3, 2396.57
1573494852, 0, 288, 1038, 994, 283, 5.81%, 1, 0, 3, 1968.91
1573494882, 0, 288, 1040, 996, 283, 5.81%, 1, 0, 3, 1973.33
1573494944, 0, 288, 1041, 997, 283, 5.81%, 1, 0, 3, 1903.48
1573494954, 0, 288, 1042, 998, 283, 5.81%, 1, 0, 3, 2031.19
1573494974, 0, 288, 1044, 1000, 283, 5.81%, 1, 0, 3, 2124.27
1573495168, 0, 288, 1046, 1002, 283, 5.81%, 1, 0, 3, 2453.81
1573495178, 0, 291, 1046, 1001, 285, 5.81%, 1, 0, 3, 2218.10
1573495204, 0, 291, 1047, 1002, 285, 5.81%, 1, 0, 3, 2108.12
1573495337, 0, 291, 1048, 1003, 285, 5.81%, 1, 0, 3, 2175.33
1573495572, 0, 302, 1049, 1003, 283, 5.81%, 1, 0, 3, 2418.88
1573495603, 0, 302, 1051, 1005, 283, 5.81%, 1, 0, 3, 2085.79
1573495660, 0, 302, 1053, 1007, 283, 5.81%, 1, 0, 3, 2071.68
1573495716, 0, 302, 1054, 1008, 283, 5.81%, 1, 0, 3, 2152.09
1573495910, 0, 304, 1054, 1007, 283, 5.81%, 1, 0, 3, 2221.59
1573495941, 0, 304, 1056, 1009, 283, 5.81%, 1, 0, 3, 1957.94
1573496003, 0, 304, 1058, 1011, 283, 5.81%, 1, 0, 3, 1953.72
1573496064, 0, 304, 1060, 1013, 283, 5.81%, 1, 0, 3, 2078.88
1573496187, 0, 304, 1061, 1014, 283, 5.81%, 1, 0, 3, 2075.44
1573496268, 0, 306, 1061, 1013, 283, 5.81%, 1, 0, 3, 2458.87
1573496299, 0, 306, 1062, 1014, 283, 5.81%, 1, 0, 3, 2091.88
1573496666, 0, 312, 1062, 1013, 284, 5.81%, 1, 0, 3, 2520.37
1573496799, 0, 314, 1062, 1012, 283, 5.81%, 1, 0, 3, 2805.30
1573496819, 0, 314, 1065, 1015, 283, 5.81%, 1, 0, 3, 2061.84
1573496830, 0, 314, 1070, 1020, 283, 5.81%, 1, 0, 3, 2087.45
1573496855, 0, 314, 1073, 1023, 283, 5.81%, 1, 0, 3, 2098.74
1573496886, 0, 314, 1074, 1024, 283, 5.81%, 1, 0, 3, 2098.17
1573496891, 0, 314, 1076, 1026, 283, 5.81%, 1, 0, 3, 2165.00
1573496948, 0, 314, 1077, 1027, 283, 5.81%, 1, 0, 3, 2104.07
1573497177, 0, 314, 1078, 1028, 283, 5.81%, 1, 0, 3, 2465.56
1573497182, 0, 318, 1078, 1027, 282, 5.81%, 1, 0, 3, 2704.60
1573497315, 0, 319, 1090, 1038, 281, 5.89%, 1, 0, 3, 2811.27
1573497320, 0, 319, 1096, 1044, 281, 5.93%, 1, 0, 3, 2834.95
1573497326, 0, 320, 1096, 1043, 292, 5.93%, 1, 0, 3, 2823.47
1573497331, 0, 320, 1101, 1048, 292, 5.93%, 1, 0, 3, 2837.88
1573497336, 0, 329, 1103, 1049, 291, 5.94%, 1, 0, 3, 2795.79
1573497505, 0, 329, 1105, 1051, 291, 5.94%, 1, 0, 3, 2088.44
1573497734, 0, 332, 1105, 1050, 291, 5.94%, 1, 0, 3, 2452.17
1573497786, 0, 332, 1107, 1052, 291, 5.94%, 1, 0, 3, 2018.45
1573497862, 0, 332, 1109, 1054, 291, 5.94%, 1, 0, 3, 2015.20
1573498139, 0, 335, 1109, 1053, 291, 5.94%, 1, 0, 3, 2211.42
1573498160, 0, 335, 1111, 1055, 291, 5.94%, 1, 0, 3, 2035.89
1573498537, 0, 336, 1111, 1054, 291, 5.94%, 1, 0, 3, 2250.86
1573498558, 0, 336, 1113, 1056, 291, 5.94%, 1, 0, 3, 2027.65
1573498584, 0, 336, 1114, 1057, 291, 5.94%, 1, 0, 3, 2034.64
1573498614, 0, 336, 1115, 1058, 291, 5.94%, 1, 0, 3, 2038.78
1573498665, 0, 336, 1119, 1062, 291, 5.96%, 1, 0, 3, 2032.79
1573498936, 0, 337, 1119, 1061, 296, 5.96%, 1, 0, 3, 2398.20
1573498962, 0, 337, 1122, 1064, 296, 5.97%, 1, 0, 3, 2068.26
1573498987, 0, 337, 1123, 1065, 296, 5.97%, 1, 0, 3, 2022.00
1573499069, 0, 337, 1125, 1067, 296, 6.03%, 1, 0, 3, 2001.78
1573499218, 0, 337, 1126, 1068, 296, 6.06%, 1, 0, 3, 2131.40
1573499228, 0, 337, 1127, 1069, 296, 6.06%, 1, 0, 3, 2033.19
1573499310, 0, 337, 1130, 1072, 296, 6.08%, 1, 0, 3, 2018.67
1573499340, 0, 338, 1130, 1071, 303, 6.08%, 1, 0, 3, 2247.87
1573499361, 0, 338, 1132, 1073, 303, 6.09%, 1, 0, 3, 2047.27
1573499469, 0, 338, 1134, 1075, 303, 6.09%, 1, 0, 3, 2045.11
1573499739, 0, 340, 1134, 1074, 302, 6.09%, 1, 0, 3, 2284.07
1573499764, 0, 340, 1135, 1075, 302, 6.10%, 1, 0, 3, 2065.98
1573499831, 0, 340, 1136, 1076, 302, 6.10%, 1, 0, 3, 2143.89
1573499872, 0, 340, 1141, 1081, 302, 6.11%, 1, 0, 3, 2023.33
1573500143, 0, 343, 1142, 1081, 307, 6.11%, 1, 0, 3, 2625.19
1573500169, 0, 343, 1143, 1082, 307, 6.11%, 1, 0, 3, 2042.70
1573500174, 0, 343, 1144, 1083, 307, 6.11%, 1, 0, 3, 2063.43
1573500542, 0, 343, 1145, 1084, 307, 6.11%, 1, 0, 3, 2417.33
1573500547, 0, 343, 1147, 1086, 307, 6.11%, 1, 0, 3, 2609.69
1573500552, 0, 350, 1147, 1085, 307, 6.11%, 1, 0, 3, 2439.89
1573500945, 0, 351, 1147, 1084, 306, 6.11%, 1, 0, 3, 2356.69
1573501114, 0, 351, 1150, 1087, 306, 6.11%, 1, 0, 3, 2170.26
1573501354, 0, 366, 1150, 1086, 306, 6.11%, 1, 0, 3, 2464.42
1573501359, 0, 368, 1150, 1085, 305, 6.11%, 1, 0, 3, 2421.44
1573501380, 0, 368, 1152, 1087, 305, 6.11%, 1, 0, 3, 1996.64
1573501411, 0, 368, 1154, 1089, 305, 6.11%, 1, 0, 3, 2021.68
1573501487, 0, 368, 1167, 1102, 305, 6.11%, 1, 0, 3, 2034.29
1573501523, 0, 368, 1168, 1103, 305, 6.11%, 1, 0, 3, 2105.11
1573501640, 0, 368, 1170, 1105, 305, 6.11%, 1, 0, 3, 2116.70
1573501728, 0, 368, 1174, 1109, 305, 6.11%, 1, 0, 3, 2024.77
1573501763, 0, 370, 1174, 1108, 309, 6.11%, 1, 0, 3, 2429.41
1573501789, 0, 370, 1175, 1109, 309, 6.12%, 1, 0, 3, 2069.19
1573501814, 0, 370, 1178, 1112, 309, 6.18%, 1, 0, 3, 2042.51
1573501845, 0, 370, 1179, 1113, 309, 6.18%, 1, 0, 3, 2048.47
1573501875, 0, 370, 1180, 1114, 309, 6.18%, 1, 0, 3, 2039.18
1573501891, 0, 370, 1184, 1118, 309, 6.23%, 1, 0, 3, 2045.58
1573502054, 0, 370, 1185, 1119, 309, 6.24%, 1, 0, 3, 2030.10
1573502131, 0, 370, 1191, 1125, 309, 6.27%, 1, 0, 3, 2043.12
1573502161, 0, 370, 1192, 1126, 309, 6.27%, 1, 0, 3, 2378.62
1573502166, 0, 370, 1194, 1128, 309, 6.27%, 1, 0, 3, 2605.62
1573502172, 0, 376, 1194, 1127, 317, 6.27%, 1, 0, 3, 2607.63
1573502202, 0, 376, 1195, 1128, 317, 6.27%, 1, 0, 3, 2090.92
1573502571, 0, 385, 1195, 1127, 317, 6.27%, 1, 0, 3, 2473.16
1573502734, 0, 385, 1197, 1129, 317, 6.27%, 1, 0, 3, 2118.31
1573502964, 0, 393, 1197, 1128, 317, 6.27%, 1, 0, 3, 2387.48
1573503057, 0, 393, 1198, 1129, 317, 6.27%, 1, 0, 3, 2377.63
1573503189, 0, 395, 1199, 1129, 316, 6.27%, 1, 0, 3, 2396.42
1573503210, 0, 395, 1202, 1132, 316, 6.27%, 1, 0, 3, 2346.10
1573503215, 0, 395, 1206, 1136, 316, 6.29%, 1, 0, 3, 2345.29
1573503261, 0, 395, 1207, 1137, 316, 6.29%, 1, 0, 3, 2354.97
1573503267, 0, 395, 1211, 1141, 316, 6.29%, 1, 0, 3, 2362.33
1573503272, 0, 395, 1212, 1142, 316, 6.29%, 1, 0, 3, 2335.53
1573503277, 0, 395, 1214, 1144, 316, 6.30%, 1, 0, 3, 2368.94
1573503282, 0, 395, 1218, 1148, 316, 6.30%, 1, 0, 3, 2390.27
1573503292, 0, 395, 1219, 1149, 316, 6.30%, 1, 0, 3, 2333.96
1573503297, 0, 395, 1220, 1150, 316, 6.30%, 1, 0, 3, 2419.05
1573503353, 0, 395, 1221, 1151, 316, 6.30%, 1, 0, 3, 2382.62
1573503379, 0, 395, 1222, 1152, 316, 6.30%, 1, 0, 3, 2371.25
1573503399, 0, 397, 1222, 1151, 323, 6.30%, 1, 0, 3, 2504.74
1573503620, 0, 406, 1222, 1150, 322, 6.30%, 1, 0, 3, 2589.61
1573503922, 0, 406, 1223, 1151, 322, 6.31%, 1, 0, 3, 2117.38
1573504029, 0, 419, 1224, 1151, 322, 6.31%, 1, 0, 3, 2520.75
1573504106, 0, 427, 1224, 1150, 321, 6.31%, 1, 0, 3, 2420.55
1573504358, 0, 436, 1224, 1149, 320, 6.31%, 1, 0, 3, 2230.90
1573504378, 0, 436, 1225, 1150, 320, 6.31%, 1, 0, 3, 2031.95
1573504409, 0, 436, 1226, 1151, 320, 6.32%, 1, 0, 3, 2095.27
1573504434, 0, 436, 1228, 1153, 320, 6.32%, 1, 0, 3, 2030.67
1573504470, 0, 436, 1229, 1154, 320, 6.32%, 1, 0, 3, 2030.67
1573504486, 0, 436, 1239, 1164, 320, 6.41%, 1, 0, 3, 2043.89
1573504725, 0, 436, 1240, 1165, 320, 6.41%, 1, 0, 3, 2039.60
1573504761, 0, 440, 1240, 1164, 330, 6.41%, 1, 0, 3, 2424.87
1573504787, 0, 440, 1246, 1170, 330, 6.42%, 1, 0, 3, 2072.14
1573504812, 0, 440, 1247, 1171, 330, 6.42%, 1, 0, 3, 2034.67
1573504817, 0, 440, 1248, 1172, 330, 6.42%, 1, 0, 3, 2096.61
1573504879, 0, 440, 1249, 1173, 330, 6.42%, 1, 0, 3, 2023.51
1573504889, 0, 440, 1250, 1174, 330, 6.43%, 1, 0, 3, 2024.57
1573505170, 0, 440, 1251, 1175, 330, 6.43%, 1, 0, 3, 2378.28
1573505175, 0, 443, 1251, 1174, 330, 6.43%, 1, 0, 3, 2291.76
1573505195, 0, 443, 1254, 1177, 330, 6.45%, 1, 0, 3, 2042.49
1573505252, 0, 443, 1255, 1178, 330, 6.46%, 1, 0, 3, 2063.56
1573505303, 0, 443, 1265, 1188, 330, 6.50%, 1, 0, 3, 2044.35
1573505579, 0, 444, 1265, 1187, 335, 6.50%, 1, 0, 3, 2263.35
1573505599, 0, 444, 1266, 1188, 335, 6.50%, 1, 0, 3, 2057.89
1573505635, 0, 444, 1267, 1189, 335, 6.50%, 1, 0, 3, 2106.36
1573505706, 0, 444, 1269, 1191, 335, 6.52%, 1, 0, 3, 2055.60
1573505983, 0, 445, 1269, 1190, 338, 6.52%, 1, 0, 3, 2283.08
1573506003, 0, 445, 1271, 1192, 338, 6.52%, 1, 0, 3, 2046.18
1573506111, 0, 445, 1276, 1197, 338, 6.55%, 1, 0, 3, 2034.33
1573506351, 0, 445, 1279, 1200, 338, 6.59%, 1, 0, 3, 2044.98
1573506386, 0, 445, 1280, 1201, 338, 6.59%, 1, 0, 3, 2467.90
1573506391, 0, 446, 1280, 1200, 342, 6.59%, 1, 0, 3, 2243.60
1573506412, 0, 446, 1283, 1203, 342, 6.59%, 1, 0, 3, 2039.90
1573506443, 0, 446, 1284, 1204, 342, 6.59%, 1, 0, 3, 2085.46
1573506468, 0, 446, 1286, 1206, 342, 6.60%, 1, 0, 3, 2045.23
1573506520, 0, 446, 1296, 1216, 342, 6.65%, 1, 0, 3, 2048.92
1573506760, 0, 446, 1297, 1217, 342, 6.65%, 1, 0, 3, 2067.25
1573506796, 0, 449, 1297, 1216, 351, 6.65%, 1, 0, 3, 2236.81
1573506842, 0, 449, 1298, 1217, 351, 6.65%, 1, 0, 3, 2056.85
1573506924, 0, 449, 1299, 1218, 351, 6.66%, 1, 0, 3, 2042.66
1573507200, 0, 451, 1300, 1218, 351, 6.66%, 1, 0, 3, 2560.62
1573507282, 0, 451, 1301, 1219, 351, 6.66%, 1, 0, 3, 2063.04
1573507333, 0, 451, 1302, 1220, 351, 6.66%, 1, 0, 3, 2051.31
1573507573, 0, 451, 1303, 1221, 351, 6.67%, 1, 0, 3, 2050.24
1573507608, 0, 454, 1304, 1221, 353, 6.68%, 1, 0, 3, 2436.88
1573507629, 0, 454, 1305, 1222, 353, 6.68%, 1, 0, 3, 2048.89
1573507741, 0, 454, 1306, 1223, 353, 6.70%, 1, 0, 3, 2037.89
1573507981, 0, 454, 1307, 1224, 353, 6.71%, 1, 0, 3, 2036.31
1573508016, 0, 458, 1307, 1223, 354, 6.71%, 1, 0, 3, 2171.60
1573508032, 0, 458, 1308, 1224, 354, 6.71%, 1, 0, 3, 2030.78
1573508037, 0, 458, 1309, 1225, 354, 6.71%, 1, 0, 3, 2027.92
1573508068, 0, 458, 1310, 1226, 354, 6.71%, 1, 0, 3, 2085.45
1573508145, 0, 458, 1313, 1229, 354, 6.72%, 1, 0, 3, 2033.24
1573508298, 0, 458, 1314, 1230, 354, 6.73%, 1, 0, 3, 2090.42
1573508395, 0, 458, 1316, 1232, 354, 6.73%, 1, 0, 3, 2031.77
1573508426, 0, 464, 1316, 1231, 353, 6.73%, 1, 0, 3, 2333.17
1573508447, 0, 464, 1317, 1232, 353, 6.73%, 1, 0, 3, 2039.35
1573508452, 0, 464, 1318, 1233, 353, 6.73%, 1, 0, 3, 2069.23
1573508559, 0, 464, 1319, 1234, 353, 6.73%, 1, 0, 3, 2032.15
1573508728, 0, 464, 1320, 1235, 353, 6.73%, 1, 0, 3, 2123.65
1573508805, 0, 464, 1321, 1236, 353, 6.78%, 1, 0, 3, 2042.78
1573508836, 0, 465, 1321, 1235, 351, 6.78%, 1, 0, 3, 2230.37
1573508862, 0, 465, 1322, 1236, 351, 6.78%, 1, 0, 3, 2102.37
1573509240, 0, 467, 1322, 1235, 351, 6.78%, 1, 0, 3, 2472.44
1573509265, 0, 467, 1323, 1236, 351, 6.78%, 1, 0, 3, 2067.04
1573509270, 0, 467, 1326, 1239, 351, 6.78%, 1, 0, 3, 2093.86
1573509332, 0, 467, 1326, 1239, 351, 6.78%, 2, 0, 3, 2124.46
1573509383, 0, 467, 1328, 1241, 351, 6.79%, 2, 0, 3, 2155.78
1573509388, 0, 467, 1329, 1242, 351, 6.79%, 2, 0, 3, 2176.70
1573509404, 0, 467, 1331, 1244, 351, 6.79%, 2, 0, 3, 2161.66
1573509440, 0, 467, 1332, 1245, 351, 6.79%, 2, 0, 3, 2016.69
1573509542, 0, 467, 1333, 1246, 351, 6.79%, 2, 0, 3, 2093.28
1573509624, 0, 467, 1334, 1247, 351, 6.79%, 2, 0, 3, 2164.65
1573509644, 0, 467, 1336, 1249, 351, 6.79%, 2, 0, 3, 2249.77
1573509649, 0, 473, 1336, 1248, 356, 6.79%, 2, 0, 3, 2253.21
1573509675, 0, 473, 1337, 1249, 356, 6.79%, 2, 0, 3, 2098.79
1573509736, 0, 473, 1337, 1249, 356, 6.79%, 3, 0, 3, 2060.01
1573509798, 0, 473, 1338, 1250, 356, 6.79%, 3, 0, 3, 2162.55
1573510059, 0, 474, 1338, 1249, 355, 6.79%, 3, 0, 3, 2249.43
1573510090, 0, 474, 1339, 1250, 355, 6.79%, 3, 0, 3, 2070.01
1573510203, 0, 474, 1340, 1251, 355, 6.80%, 3, 0, 3, 2144.58
1573510213, 0, 474, 1341, 1252, 355, 6.80%, 3, 0, 3, 2129.00
1573510356, 0, 474, 1341, 1252, 355, 6.80%, 4, 0, 3, 2126.25
1573510469, 0, 475, 1341, 1251, 355, 6.80%, 4, 0, 3, 2202.91
1573510494, 0, 475, 1342, 1252, 355, 6.80%, 4, 0, 3, 2091.51
1573510612, 0, 475, 1343, 1253, 355, 6.81%, 4, 0, 3, 2149.65
1573510623, 0, 475, 1344, 1254, 355, 6.81%, 4, 0, 3, 2140.11
1573510765, 0, 475, 1344, 1254, 355, 6.81%, 5, 0, 3, 2122.45
1573510878, 0, 476, 1344, 1253, 356, 6.81%, 5, 0, 3, 2156.55
1573510904, 0, 476, 1345, 1254, 356, 6.81%, 5, 0, 3, 2106.37
1573510965, 0, 476, 1345, 1254, 356, 6.81%, 6, 0, 3, 2089.73
1573511022, 0, 476, 1346, 1255, 356, 6.81%, 6, 0, 3, 2157.58
1573511032, 0, 476, 1347, 1256, 356, 6.81%, 6, 0, 3, 2152.35
1573511288, 0, 477, 1347, 1255, 357, 6.81%, 6, 0, 3, 2160.47
1573511313, 0, 477, 1348, 1256, 357, 6.81%, 6, 0, 3, 2113.29
1573511375, 0, 477, 1348, 1256, 357, 6.81%, 7, 0, 3, 2044.56
1573511431, 0, 477, 1349, 1257, 357, 6.81%, 7, 0, 3, 2152.19
1573511447, 0, 477, 1350, 1258, 357, 6.81%, 7, 0, 3, 2145.47
1573511697, 0, 478, 1350, 1257, 358, 6.81%, 7, 0, 3, 2201.13
1573511728, 0, 478, 1351, 1258, 358, 6.81%, 7, 0, 3, 2056.99
1573511784, 0, 478, 1351, 1258, 358, 6.81%, 8, 0, 3, 2068.55
1573511841, 0, 478, 1352, 1259, 358, 6.81%, 8, 0, 3, 2154.04
1573511856, 0, 478, 1353, 1260, 358, 6.81%, 8, 0, 3, 2138.91
1573512106, 0, 501, 1354, 1260, 359, 6.81%, 8, 0, 3, 2172.02
1573512137, 0, 501, 1356, 1262, 359, 6.81%, 8, 0, 3, 1918.38
1573512203, 0, 501, 1356, 1262, 359, 6.81%, 9, 0, 3, 1866.75
1573512239, 0, 501, 1357, 1263, 359, 6.81%, 9, 0, 3, 1965.80
1573512260, 0, 501, 1358, 1264, 359, 6.82%, 9, 0, 3, 2005.12
1573512468, 0, 508, 1358, 1263, 361, 6.82%, 9, 0, 3, 2136.83
1573512545, 0, 508, 1359, 1264, 361, 6.82%, 9, 0, 3, 2074.87
1573512550, 0, 508, 1360, 1265, 361, 6.82%, 9, 0, 3, 2098.32
1573512832, 0, 508, 1361, 1266, 361, 6.82%, 9, 0, 3, 2073.99
1573512868, 0, 518, 1362, 1266, 361, 6.82%, 9, 0, 3, 2526.80
1573512888, 0, 518, 1363, 1267, 361, 6.82%, 9, 0, 3, 2680.34
1573513012, 0, 520, 1363, 1266, 363, 6.82%, 9, 0, 3, 2098.64
1573513415, 0, 525, 1363, 1265, 362, 6.82%, 9, 0, 3, 2349.38
1573513650, 0, 527, 1363, 1264, 361, 6.82%, 9, 0, 3, 2408.07
1573513886, 0, 528, 1363, 1263, 360, 6.82%, 9, 0, 3, 2394.79
1573513932, 0, 528, 1364, 1264, 360, 6.82%, 9, 0, 3, 2011.90
1573513978, 0, 528, 1365, 1265, 360, 6.82%, 9, 0, 3, 2152.76
1573514080, 0, 528, 1366, 1266, 360, 6.82%, 9, 0, 3, 2046.53
1573514294, 0, 538, 1366, 1265, 360, 6.82%, 9, 0, 3, 2450.96
1573514356, 0, 540, 1366, 1264, 359, 6.82%, 9, 0, 3, 2749.07
1573514381, 0, 540, 1367, 1265, 359, 6.82%, 9, 0, 3, 2023.09
1573514386, 0, 540, 1368, 1266, 359, 6.82%, 9, 0, 3, 2063.63
1573514448, 0, 540, 1369, 1267, 359, 6.82%, 9, 0, 3, 2039.13
1573514658, 0, 540, 1370, 1268, 359, 6.82%, 9, 0, 3, 2075.80
1573514745, 0, 540, 1371, 1269, 359, 6.82%, 9, 0, 3, 2059.97
1573514771, 0, 543, 1371, 1268, 359, 6.82%, 9, 0, 3, 2256.31
1573514924, 0, 543, 1374, 1271, 359, 6.82%, 9, 0, 3, 1970.16
1573515010, 0, 543, 1375, 1272, 359, 6.82%, 9, 0, 3, 2033.00
1573515117, 0, 544, 1375, 1271, 359, 6.82%, 9, 0, 3, 2338.05
1573515143, 0, 544, 1377, 1273, 359, 6.82%, 9, 0, 3, 2350.21
1573515169, 0, 544, 1378, 1274, 359, 6.82%, 9, 0, 3, 2350.73
1573515337, 0, 545, 1378, 1273, 359, 6.82%, 9, 0, 3, 2230.68
1573515363, 0, 545, 1380, 1275, 359, 6.82%, 9, 0, 3, 2122.19
1573515419, 0, 545, 1382, 1277, 359, 6.82%, 9, 0, 3, 2107.25
1573515674, 0, 547, 1382, 1276, 359, 6.82%, 9, 0, 3, 2465.20
1573515818, 0, 548, 1382, 1275, 358, 6.82%, 9, 0, 3, 2705.97
1573515824, 0, 555, 1385, 1277, 360, 6.84%, 9, 0, 3, 2765.33
1573515849, 0, 555, 1386, 1278, 360, 6.84%, 9, 0, 3, 2017.07
1573515854, 0, 555, 1393, 1285, 360, 6.86%, 9, 0, 3, 1999.21
1573515911, 0, 555, 1394, 1286, 360, 6.86%, 9, 0, 3, 2091.61
1573515921, 0, 555, 1396, 1288, 360, 6.86%, 9, 0, 3, 2066.17
1573515962, 0, 555, 1397, 1289, 360, 6.86%, 9, 0, 3, 1994.10
1573515967, 0, 555, 1399, 1291, 360, 6.86%, 9, 0, 3, 2076.05
1573515982, 0, 555, 1400, 1292, 360, 6.86%, 9, 0, 3, 2095.78
1573515987, 0, 555, 1401, 1293, 360, 6.87%, 9, 0, 3, 2067.90
1573515992, 0, 555, 1403, 1295, 360, 6.87%, 9, 0, 3, 2149.80
1573516161, 0, 555, 1404, 1296, 360, 6.87%, 9, 0, 3, 2144.50
1573516217, 0, 555, 1405, 1297, 360, 6.87%, 9, 0, 3, 2130.83
1573516243, 0, 565, 1405, 1296, 369, 6.87%, 9, 0, 3, 2334.84
1573516315, 0, 565, 1406, 1297, 369, 6.87%, 9, 0, 3, 2345.67
1573516464, 0, 574, 1406, 1296, 369, 6.87%, 9, 0, 3, 2599.42
1573516474, 0, 577, 1407, 1296, 368, 6.87%, 9, 0, 3, 2462.69
1573516494, 0, 577, 1409, 1298, 368, 6.87%, 9, 0, 3, 2392.85
1573516499, 0, 577, 1410, 1299, 368, 6.87%, 9, 0, 3, 2396.15
1573516576, 0, 577, 1411, 1300, 368, 6.87%, 9, 0, 3, 2414.41
1573516668, 0, 581, 1411, 1299, 370, 6.87%, 9, 0, 3, 2622.38
1573516673, 0, 586, 1411, 1298, 369, 6.87%, 9, 0, 3, 2683.55
1573516750, 0, 592, 1411, 1297, 368, 6.87%, 9, 0, 3, 2701.58
1573516822, 0, 596, 1412, 1297, 367, 6.87%, 9, 0, 3, 2581.00
1573516848, 0, 596, 1415, 1300, 367, 6.88%, 9, 0, 3, 2337.30
1573516869, 0, 596, 1416, 1301, 367, 6.88%, 9, 0, 3, 2321.80
1573516874, 0, 596, 1418, 1303, 367, 6.88%, 9, 0, 3, 2331.16
1573516910, 0, 596, 1419, 1304, 367, 6.88%, 9, 0, 3, 2340.17
1573516915, 0, 596, 1420, 1305, 367, 6.88%, 9, 0, 3, 2369.62
1573516930, 0, 596, 1423, 1308, 367, 6.88%, 9, 0, 3, 2350.79
1573516935, 0, 596, 1424, 1309, 367, 6.89%, 9, 0, 3, 2369.73
1573517017, 0, 596, 1426, 1311, 367, 6.90%, 9, 0, 3, 2384.97
1573517037, 0, 596, 1429, 1314, 367, 6.90%, 9, 0, 3, 2616.66
1573517042, 0, 601, 1429, 1313, 380, 6.90%, 9, 0, 3, 2630.21
1573517047, 0, 601, 1433, 1317, 380, 6.90%, 9, 0, 3, 2832.22
1573517053, 0, 601, 1434, 1318, 380, 6.90%, 9, 0, 3, 2872.71
1573517058, 0, 603, 1435, 1318, 384, 6.90%, 9, 0, 3, 2817.43
1573517119, 0, 606, 1435, 1317, 382, 6.90%, 9, 0, 3, 2581.23
1573517140, 0, 606, 1436, 1318, 382, 6.90%, 9, 0, 3, 2502.03
1573517206, 0, 606, 1438, 1320, 382, 6.90%, 9, 0, 3, 2563.16
1573517247, 0, 606, 1439, 1321, 382, 6.90%, 9, 0, 3, 2568.82
1573517257, 0, 609, 1439, 1320, 379, 6.90%, 9, 0, 3, 2555.77
1573517283, 0, 609, 1444, 1325, 379, 6.91%, 9, 0, 3, 2373.86
1573517304, 0, 609, 1445, 1326, 379, 6.91%, 9, 0, 3, 2356.38
1573517345, 0, 609, 1446, 1327, 379, 6.91%, 9, 0, 3, 2411.73
1573517452, 0, 611, 1447, 1327, 380, 6.91%, 9, 0, 3, 2683.25
1573517519, 0, 611, 1449, 1329, 380, 6.91%, 9, 0, 3, 2756.94
1573517570, 0, 611, 1450, 1330, 380, 6.91%, 9, 0, 3, 2732.11
1573517601, 0, 627, 1450, 1329, 378, 6.91%, 9, 0, 3, 2947.46
1573517611, 0, 633, 1450, 1326, 375, 6.91%, 9, 0, 3, 2774.80
1573517616, 0, 634, 1451, 1326, 374, 6.96%, 9, 0, 4, 2782.75
1573517621, 0, 639, 1456, 1329, 373, 6.99%, 9, 0, 4, 2692.13
1573517626, 0, 639, 1458, 1331, 373, 6.99%, 9, 0, 4, 2761.46
1573517631, 0, 642, 1461, 1331, 378, 7.04%, 9, 0, 4, 2732.69
1573517636, 0, 643, 1461, 1330, 377, 7.04%, 9, 0, 4, 2751.67
1573517641, 0, 644, 1461, 1329, 376, 7.04%, 9, 0, 4, 2691.89
1573517647, 0, 646, 1462, 1328, 375, 7.04%, 9, 0, 4, 2709.69
1573517652, 0, 647, 1463, 1328, 374, 7.05%, 9, 0, 4, 2763.58
1573517657, 0, 647, 1465, 1330, 374, 7.05%, 9, 0, 4, 2834.66
1573517662, 0, 648, 1468, 1332, 376, 7.07%, 9, 0, 4, 2745.05
1573517667, 0, 648, 1471, 1335, 376, 7.08%, 9, 0, 4, 2774.57
1573517672, 0, 650, 1472, 1335, 381, 7.08%, 9, 0, 4, 2645.97
1573517677, 0, 650, 1473, 1336, 381, 7.08%, 9, 0, 4, 2489.26
1573517693, 0, 650, 1480, 1343, 381, 7.09%, 9, 0, 4, 2455.45
1573517698, 0, 650, 1495, 1358, 381, 7.10%, 9, 0, 4, 2461.88
1573517718, 0, 650, 1503, 1366, 381, 7.11%, 9, 0, 4, 2422.67
1573517724, 0, 650, 1506, 1369, 381, 7.11%, 9, 0, 4, 2457.81
1573517744, 0, 650, 1508, 1371, 381, 7.11%, 9, 0, 4, 2430.94
1573517754, 0, 650, 1510, 1373, 381, 7.11%, 9, 0, 4, 2467.01
1573517759, 0, 650, 1511, 1374, 381, 7.11%, 9, 0, 4, 2464.46
1573517764, 0, 650, 1515, 1378, 381, 7.11%, 9, 0, 4, 2461.74
1573517769, 0, 650, 1520, 1383, 381, 7.12%, 9, 0, 4, 2450.32
1573517775, 0, 650, 1522, 1385, 381, 7.12%, 9, 0, 4, 2464.98
1573517861, 0, 659, 1522, 1384, 395, 7.12%, 9, 0, 4, 2467.39
1573517887, 0, 659, 1529, 1391, 395, 7.12%, 9, 0, 4, 2204.48
1573517892, 0, 659, 1531, 1393, 395, 7.12%, 9, 0, 4, 2176.12
1573517912, 0, 659, 1533, 1395, 395, 7.12%, 9, 0, 4, 2205.69
1573517938, 0, 659, 1534, 1396, 395, 7.12%, 9, 0, 4, 2194.65
1573517943, 0, 659, 1536, 1398, 395, 7.12%, 9, 0, 4, 2186.65
1573517959, 0, 659, 1537, 1399, 395, 7.12%, 9, 0, 4, 2155.95
1573517969, 0, 659, 1540, 1402, 395, 7.13%, 9, 0, 4, 2264.48
1573517974, 0, 659, 1543, 1405, 395, 7.14%, 9, 0, 4, 2245.05
1573517979, 0, 659, 1546, 1408, 395, 7.14%, 9, 0, 4, 2246.38
1573518045, 0, 659, 1549, 1411, 395, 7.15%, 9, 0, 4, 2231.86
1573518050, 0, 659, 1551, 1413, 395, 7.15%, 9, 0, 4, 2244.78
1573518065, 0, 659, 1552, 1414, 395, 7.15%, 9, 0, 4, 2273.40
1573518091, 0, 659, 1554, 1416, 395, 7.15%, 9, 0, 4, 2302.08
1573518111, 0, 667, 1554, 1415, 403, 7.15%, 9, 0, 4, 2368.25
1573518131, 0, 667, 1556, 1417, 403, 7.15%, 9, 0, 4, 2372.74
1573518137, 0, 667, 1558, 1419, 403, 7.16%, 9, 0, 4, 2346.84
1573518203, 0, 667, 1559, 1420, 403, 7.16%, 9, 0, 4, 2408.38
1573518320, 0, 672, 1559, 1419, 402, 7.16%, 9, 0, 4, 2587.68
1573518393, 0, 675, 1559, 1418, 401, 7.16%, 9, 0, 4, 2747.75
1573518428, 0, 675, 1560, 1419, 401, 7.16%, 9, 0, 4, 2637.52
1573518510, 0, 675, 1561, 1420, 401, 7.16%, 9, 0, 4, 2635.51
1573518531, 0, 675, 1562, 1421, 401, 7.16%, 9, 0, 4, 2676.05
1573518541, 0, 692, 1562, 1420, 401, 7.16%, 9, 0, 4, 2614.59
1573518561, 0, 692, 1563, 1421, 401, 7.16%, 9, 0, 4, 2632.50
1573518613, 0, 692, 1566, 1424, 401, 7.16%, 9, 0, 4, 2643.93
1573518695, 0, 693, 1566, 1423, 401, 7.16%, 9, 0, 4, 2487.27
1573519098, 0, 699, 1566, 1422, 400, 7.16%, 9, 0, 4, 2364.12
1573519123, 0, 699, 1567, 1423, 400, 7.16%, 9, 0, 4, 2550.03
1573519292, 0, 702, 1567, 1422, 400, 7.16%, 9, 0, 4, 2536.14
1573519497, 0, 705, 1567, 1421, 399, 7.16%, 9, 0, 4, 2208.80
1573519523, 0, 705, 1578, 1432, 399, 7.16%, 9, 0, 4, 2052.65
1573519661, 0, 705, 1580, 1434, 399, 7.16%, 9, 0, 4, 2164.64
1573519911, 0, 707, 1580, 1433, 400, 7.16%, 9, 0, 4, 2522.65
1573520044, 0, 710, 1580, 1432, 399, 7.16%, 9, 0, 4, 2595.95
1573520183, 0, 711, 1580, 1431, 398, 7.16%, 9, 0, 4, 2600.55
1573520315, 0, 712, 1580, 1430, 397, 7.16%, 9, 0, 4, 2480.23
1573520336, 0, 712, 1582, 1432, 397, 7.16%, 9, 0, 4, 2475.53
1573520525, 0, 716, 1582, 1431, 396, 7.16%, 9, 0, 4, 2646.48
1573520607, 0, 718, 1582, 1430, 395, 7.16%, 9, 0, 4, 2500.79
1573520632, 0, 718, 1586, 1434, 395, 7.16%, 9, 0, 4, 2095.00
1573520638, 0, 718, 1587, 1435, 395, 7.16%, 9, 0, 4, 2075.49
1573520699, 0, 718, 1590, 1438, 395, 7.16%, 9, 0, 4, 2160.07
1573520908, 0, 718, 1591, 1439, 395, 7.17%, 9, 0, 4, 2123.95
1573521016, 0, 725, 1592, 1439, 396, 7.17%, 9, 0, 4, 2331.29
1573521041, 0, 725, 1596, 1443, 396, 7.17%, 9, 0, 4, 2099.59
1573521046, 0, 725, 1597, 1444, 396, 7.17%, 9, 0, 4, 2088.23
1573521424, 0, 727, 1600, 1446, 396, 7.18%, 9, 0, 4, 2402.72
1573521450, 0, 727, 1604, 1450, 396, 7.18%, 9, 0, 4, 2085.73
1573521455, 0, 727, 1606, 1452, 396, 7.18%, 9, 0, 4, 2070.07
1573521480, 0, 727, 1607, 1453, 396, 7.18%, 9, 0, 4, 2134.95
1573521516, 0, 727, 1609, 1455, 396, 7.19%, 9, 0, 4, 2156.93
1573521838, 0, 732, 1613, 1458, 398, 7.19%, 9, 0, 4, 2498.11
1573521858, 0, 732, 1614, 1459, 398, 7.19%, 9, 0, 4, 2545.85
1573521879, 0, 732, 1615, 1460, 398, 7.19%, 9, 0, 4, 2547.43
1573521900, 0, 732, 1616, 1461, 398, 7.19%, 9, 0, 4, 2526.96
1573521910, 0, 732, 1618, 1463, 398, 7.19%, 9, 0, 4, 2543.41
1573522007, 0, 742, 1619, 1463, 399, 7.19%, 9, 0, 4, 2703.40
1573522048, 0, 742, 1620, 1464, 399, 7.19%, 9, 0, 4, 2523.30
1573522154, 0, 742, 1622, 1466, 399, 7.19%, 9, 0, 4, 2724.26
1573522159, 0, 762, 1622, 1465, 399, 7.19%, 9, 0, 4, 2776.24
1573522185, 0, 762, 1626, 1469, 399, 7.19%, 9, 0, 4, 2078.03
1573522190, 0, 762, 1627, 1470, 399, 7.19%, 9, 0, 4, 2098.53
1573522563, 0, 764, 1627, 1469, 398, 7.19%, 9, 0, 4, 2173.46
1573522589, 0, 764, 1632, 1474, 398, 7.19%, 9, 0, 4, 2102.76
1573522962, 0, 765, 1632, 1473, 398, 7.19%, 9, 0, 4, 2383.40
1573522988, 0, 765, 1636, 1477, 398, 7.19%, 9, 0, 4, 2056.36
1573522993, 0, 765, 1637, 1478, 398, 7.19%, 9, 0, 4, 2079.28
1573523366, 0, 766, 1637, 1477, 398, 7.19%, 9, 0, 4, 2224.23
1573523391, 0, 766, 1642, 1482, 398, 7.19%, 9, 0, 4, 2079.98
1573523765, 0, 767, 1642, 1481, 398, 7.19%, 9, 0, 4, 2423.31
1573523790, 0, 767, 1646, 1485, 398, 7.19%, 9, 0, 4, 2077.47
1573523795, 0, 767, 1647, 1486, 398, 7.19%, 9, 0, 4, 2097.33
1573524168, 0, 768, 1647, 1485, 398, 7.19%, 9, 0, 4, 2213.88
1573524194, 0, 768, 1652, 1490, 398, 7.19%, 9, 0, 4, 2097.96
1573524567, 0, 769, 1652, 1489, 398, 7.19%, 9, 0, 4, 2325.00
1573524592, 0, 769, 1656, 1493, 398, 7.19%, 9, 0, 4, 2069.84
1573524597, 0, 769, 1657, 1494, 398, 7.19%, 9, 0, 4, 2101.68
1573524970, 0, 771, 1660, 1496, 398, 7.19%, 9, 0, 4, 2333.00
1573524986, 0, 771, 1661, 1497, 398, 7.19%, 9, 0, 4, 2325.60
1573524991, 0, 771, 1662, 1498, 398, 7.19%, 9, 0, 4, 2350.80
1573524996, 0, 771, 1664, 1500, 398, 7.19%, 9, 0, 4, 2351.25
1573525052, 0, 771, 1665, 1501, 398, 7.19%, 9, 0, 4, 2372.91
1573525057, 0, 771, 1666, 1502, 398, 7.19%, 9, 0, 4, 2395.60
1573525180, 0, 776, 1666, 1501, 396, 7.19%, 9, 0, 4, 2360.22
1573525205, 0, 776, 1668, 1503, 396, 7.19%, 9, 0, 4, 2201.20
1573525226, 0, 776, 1669, 1504, 396, 7.19%, 9, 0, 4, 2110.97
1573525262, 0, 776, 1670, 1505, 396, 7.19%, 9, 0, 4, 2135.25
1573525298, 0, 776, 1671, 1506, 396, 7.22%, 9, 0, 4, 2136.36
1573525318, 0, 776, 1672, 1507, 396, 7.22%, 9, 0, 4, 2218.68
1573525323, 0, 776, 1674, 1509, 396, 7.22%, 9, 0, 4, 2250.93
1573525496, 0, 776, 1675, 1510, 396, 7.22%, 9, 0, 4, 2136.83
1573525522, 0, 785, 1676, 1510, 397, 7.22%, 9, 0, 4, 2239.58
1573525542, 0, 785, 1677, 1511, 397, 7.22%, 9, 0, 4, 2045.12
1573525930, 0, 786, 1677, 1510, 397, 7.22%, 9, 0, 4, 2229.06
1573525951, 0, 786, 1678, 1511, 397, 7.22%, 9, 0, 4, 2152.70
1573526284, 0, 796, 1678, 1510, 397, 7.22%, 9, 0, 4, 2123.75
1573526305, 0, 796, 1680, 1512, 397, 7.23%, 9, 0, 4, 2037.36
1573526418, 0, 796, 1684, 1516, 397, 7.25%, 9, 0, 4, 2027.66
1573526694, 0, 799, 1684, 1515, 401, 7.25%, 9, 0, 4, 2245.93
1573526714, 0, 799, 1685, 1516, 401, 7.25%, 9, 0, 4, 2015.47
1573526719, 0, 799, 1686, 1517, 401, 7.26%, 9, 0, 4, 2061.85
1573526745, 0, 799, 1688, 1519, 401, 7.26%, 9, 0, 4, 2026.36
1573526776, 0, 799, 1689, 1520, 401, 7.26%, 9, 0, 4, 2081.21
1573526827, 0, 799, 1691, 1522, 401, 7.27%, 9, 0, 4, 2031.56
1573527077, 0, 799, 1692, 1523, 401, 7.28%, 9, 0, 4, 2030.63
1573527108, 0, 800, 1692, 1522, 405, 7.28%, 9, 0, 4, 2181.34
1573527128, 0, 800, 1693, 1523, 405, 7.28%, 9, 0, 4, 2033.59
1573527517, 0, 804, 1693, 1522, 405, 7.28%, 9, 0, 4, 2242.74
1573527537, 0, 804, 1694, 1523, 405, 7.28%, 9, 0, 4, 2048.81
1573527925, 0, 807, 1694, 1522, 405, 7.28%, 9, 0, 4, 2185.74
1573527945, 0, 807, 1695, 1523, 405, 7.28%, 9, 0, 4, 2012.57
1573528058, 0, 807, 1696, 1524, 405, 7.28%, 9, 0, 4, 2028.79
1573528089, 0, 807, 1697, 1525, 405, 7.28%, 9, 0, 4, 2210.45
1573528248, 0, 807, 1698, 1526, 405, 7.28%, 9, 0, 4, 2026.06
1573528334, 0, 811, 1698, 1525, 408, 7.28%, 9, 0, 4, 2339.85
1573528355, 0, 811, 1699, 1526, 408, 7.28%, 9, 0, 4, 2027.74
1573528749, 0, 812, 1699, 1525, 408, 7.28%, 9, 0, 4, 2268.05
1573528769, 0, 812, 1701, 1527, 408, 7.28%, 9, 0, 4, 2036.66
1573529158, 0, 813, 1701, 1526, 409, 7.28%, 9, 0, 4, 2154.87
1573529179, 0, 813, 1702, 1527, 409, 7.28%, 9, 0, 4, 2035.29
1573529291, 0, 813, 1703, 1528, 409, 7.28%, 9, 0, 4, 2035.05
1573529480, 0, 813, 1705, 1530, 409, 7.28%, 9, 0, 4, 2050.18
1573529566, 0, 817, 1705, 1529, 410, 7.28%, 9, 0, 4, 2356.93
1573529587, 0, 817, 1706, 1530, 410, 7.28%, 9, 0, 4, 2356.10
1573529776, 0, 830, 1706, 1529, 410, 7.28%, 9, 0, 4, 2393.69
1573529797, 0, 830, 1707, 1530, 410, 7.28%, 9, 0, 4, 2004.84
1573529802, 0, 830, 1708, 1531, 410, 7.28%, 9, 0, 4, 2055.96
1573529807, 0, 830, 1709, 1532, 410, 7.28%, 9, 0, 4, 2055.81
1573529904, 0, 830, 1716, 1539, 410, 7.28%, 9, 0, 4, 2019.86
1573530150, 0, 830, 1717, 1540, 410, 7.28%, 9, 0, 4, 2002.36
1573530191, 0, 844, 1717, 1539, 409, 7.28%, 9, 0, 4, 2240.87
1573530211, 0, 844, 1718, 1540, 409, 7.28%, 9, 0, 4, 2045.92
1573530319, 0, 844, 1719, 1541, 409, 7.28%, 9, 0, 4, 2033.11
1573530599, 0, 845, 1719, 1540, 409, 7.28%, 9, 0, 4, 2189.14
1573530620, 0, 845, 1722, 1543, 409, 7.29%, 9, 0, 4, 2013.66
1573530967, 0, 845, 1724, 1545, 409, 7.29%, 9, 0, 4, 2029.65
1573531008, 0, 848, 1724, 1544, 411, 7.29%, 9, 0, 4, 2192.23
1573531029, 0, 848, 1725, 1545, 411, 7.29%, 9, 0, 4, 2015.40
1573531136, 0, 848, 1726, 1546, 411, 7.32%, 9, 0, 4, 2033.44
1573531417, 0, 849, 1726, 1545, 411, 7.32%, 9, 0, 4, 2318.42
1573531438, 0, 849, 1727, 1546, 411, 7.32%, 9, 0, 4, 2024.77
1573531443, 0, 849, 1728, 1547, 411, 7.32%, 9, 0, 4, 2080.34
1573531832, 0, 850, 1728, 1546, 411, 7.32%, 9, 0, 4, 2144.76
1573531847, 0, 850, 1729, 1547, 411, 7.32%, 9, 0, 4, 2027.02
1573531883, 0, 850, 1730, 1548, 411, 7.33%, 9, 0, 4, 2024.95
1573531960, 0, 850, 1731, 1549, 411, 7.33%, 9, 0, 4, 2021.80
1573532242, 0, 852, 1731, 1548, 411, 7.33%, 9, 0, 4, 2212.81
1573532263, 0, 852, 1732, 1549, 411, 7.33%, 9, 0, 4, 2006.81
1573532656, 0, 854, 1732, 1548, 411, 7.33%, 9, 0, 4, 2116.84
1573532672, 0, 854, 1733, 1549, 411, 7.33%, 9, 0, 4, 2023.61
1573532707, 0, 854, 1734, 1550, 411, 7.33%, 9, 0, 4, 2087.56
1573533065, 0, 855, 1734, 1549, 410, 7.33%, 9, 0, 4, 2310.51
1573533086, 0, 855, 1735, 1550, 410, 7.33%, 9, 0, 4, 2022.71
1573533480, 0, 857, 1735, 1549, 410, 7.33%, 9, 0, 4, 2149.37
1573533500, 0, 857, 1736, 1550, 410, 7.33%, 9, 0, 4, 2023.27
1573533888, 0, 858, 1736, 1549, 410, 7.33%, 9, 0, 4, 2304.56
1573533909, 0, 858, 1737, 1550, 410, 7.33%, 9, 0, 4, 2014.58
1573534022, 0, 858, 1738, 1551, 410, 7.34%, 9, 0, 4, 2012.49
1573534303, 0, 859, 1738, 1550, 411, 7.34%, 9, 0, 4, 2254.77
1573534323, 0, 859, 1739, 1551, 411, 7.34%, 9, 0, 4, 2013.22
1573534717, 0, 860, 1739, 1550, 411, 7.34%, 9, 0, 4, 2069.50
1573534732, 0, 860, 1740, 1551, 411, 7.34%, 9, 0, 4, 2005.01
1573535131, 0, 861, 1740, 1550, 411, 7.34%, 9, 0, 4, 2125.51
1573535151, 0, 861, 1741, 1551, 411, 7.34%, 9, 0, 4, 2009.51
1573535182, 0, 861, 1742, 1552, 411, 7.34%, 9, 0, 4, 2055.35
1573535259, 0, 861, 1744, 1554, 411, 7.35%, 9, 0, 4, 2014.83
1573535540, 0, 864, 1744, 1553, 413, 7.35%, 9, 0, 4, 2395.97
1573535560, 0, 864, 1745, 1554, 413, 7.35%, 9, 0, 4, 2022.36
1573535953, 0, 866, 1745, 1553, 413, 7.35%, 9, 0, 4, 2243.75
1573535974, 0, 866, 1746, 1554, 413, 7.35%, 9, 0, 4, 2002.27
1573535979, 0, 866, 1747, 1555, 413, 7.35%, 9, 0, 4, 2076.20
1573536036, 0, 866, 1748, 1556, 413, 7.35%, 9, 0, 4, 2084.32
1573536082, 0, 866, 1749, 1557, 413, 7.35%, 9, 0, 4, 2043.85
1573536332, 0, 866, 1751, 1559, 413, 7.35%, 9, 0, 4, 2028.77
1573536367, 0, 868, 1751, 1558, 414, 7.35%, 9, 0, 4, 2155.87
1573536388, 0, 868, 1752, 1559, 414, 7.35%, 9, 0, 4, 2002.83
1573536776, 0, 869, 1752, 1558, 414, 7.35%, 9, 0, 4, 2268.09
1573536797, 0, 869, 1753, 1559, 414, 7.35%, 9, 0, 4, 2017.55
1573536863, 0, 869, 1754, 1560, 414, 7.35%, 9, 0, 4, 2059.02
1573537191, 0, 870, 1754, 1559, 414, 7.35%, 9, 0, 4, 2117.54
1573537206, 0, 870, 1755, 1560, 414, 7.35%, 9, 0, 4, 2036.72
1573537601, 0, 871, 1755, 1559, 414, 7.35%, 9, 0, 4, 2153.84
1573537622, 0, 871, 1756, 1560, 414, 7.35%, 9, 0, 4, 2013.99
1573538010, 0, 872, 1756, 1559, 414, 7.35%, 9, 0, 4, 2214.74
1573538031, 0, 872, 1757, 1560, 414, 7.35%, 9, 0, 4, 2014.09
1573538424, 0, 873, 1757, 1559, 414, 7.35%, 9, 0, 4, 2138.51
1573538439, 0, 873, 1758, 1560, 414, 7.35%, 9, 0, 4, 2031.99
1573538552, 0, 873, 1760, 1562, 414, 7.35%, 9, 0, 4, 2023.18
1573538833, 0, 875, 1760, 1561, 413, 7.35%, 9, 0, 4, 2211.74
1573538854, 0, 875, 1761, 1562, 413, 7.35%, 9, 0, 4, 2025.08
1573539244, 0, 876, 1761, 1561, 412, 7.35%, 9, 0, 4, 2302.44
1573539264, 0, 876, 1762, 1562, 412, 7.35%, 9, 0, 4, 2023.23
1573539377, 0, 876, 1763, 1563, 412, 7.36%, 9, 0, 4, 2031.72
1573539659, 0, 886, 1763, 1562, 412, 7.36%, 9, 0, 4, 2191.27
1573539679, 0, 886, 1764, 1563, 412, 7.36%, 9, 0, 4, 2019.73
1573539689, 0, 886, 1765, 1564, 412, 7.36%, 9, 0, 4, 2049.91
1573539787, 0, 886, 1766, 1565, 412, 7.36%, 9, 0, 4, 1998.49
1573540037, 0, 886, 1767, 1566, 412, 7.36%, 9, 0, 4, 2026.00
1573540073, 0, 887, 1767, 1565, 414, 7.36%, 9, 0, 4, 2112.55
1573540088, 0, 887, 1768, 1566, 414, 7.36%, 9, 0, 4, 2019.16
1573540098, 0, 887, 1769, 1567, 414, 7.36%, 9, 0, 4, 2098.05
1573540466, 0, 888, 1769, 1566, 414, 7.36%, 9, 0, 4, 2482.71
1573540487, 0, 888, 1770, 1567, 414, 7.36%, 9, 0, 4, 2181.53
1573540497, 0, 888, 1771, 1568, 414, 7.36%, 9, 0, 4, 2203.05
1573540815, 0, 888, 1772, 1569, 414, 7.36%, 9, 0, 4, 2190.20
1573540845, 0, 889, 1772, 1568, 415, 7.36%, 9, 0, 4, 2489.66
1573540866, 0, 889, 1773, 1569, 415, 7.36%, 9, 0, 4, 2178.60
1573540876, 0, 889, 1774, 1570, 415, 7.36%, 9, 0, 4, 2212.49
1573541193, 0, 889, 1777, 1573, 415, 7.37%, 9, 0, 4, 2174.76
1573541229, 0, 890, 1777, 1572, 417, 7.37%, 9, 0, 4, 2301.58
1573541244, 0, 890, 1778, 1573, 417, 7.37%, 9, 0, 4, 2163.29
1573541254, 0, 890, 1779, 1574, 417, 7.37%, 9, 0, 4, 2228.16
1573541270, 0, 890, 1780, 1575, 417, 7.37%, 9, 0, 4, 2191.59
1573541607, 0, 895, 1780, 1574, 417, 7.37%, 9, 0, 4, 2375.63
1573541628, 0, 895, 1781, 1575, 417, 7.37%, 9, 0, 4, 2234.17
1573541982, 0, 900, 1781, 1574, 417, 7.37%, 9, 0, 4, 2385.92
1573541997, 0, 900, 1782, 1575, 417, 7.37%, 9, 0, 4, 2197.97
1573542002, 0, 900, 1784, 1577, 417, 7.37%, 9, 0, 4, 2173.76
1573542027, 0, 900, 1785, 1578, 417, 7.37%, 9, 0, 4, 2191.46
1573542105, 0, 900, 1789, 1582, 417, 7.39%, 9, 0, 4, 2161.42
1573542243, 0, 900, 1790, 1583, 417, 7.39%, 9, 0, 4, 2256.71
1573542361, 0, 904, 1790, 1582, 419, 7.39%, 9, 0, 4, 2508.55
1573542381, 0, 904, 1791, 1583, 419, 7.39%, 9, 0, 4, 2183.97
1573542708, 0, 904, 1792, 1584, 419, 7.39%, 9, 0, 4, 2193.74
1573542744, 0, 906, 1792, 1583, 419, 7.39%, 9, 0, 4, 2322.42
1573542759, 0, 906, 1793, 1584, 419, 7.39%, 9, 0, 4, 2211.80
1573542765, 0, 906, 1794, 1585, 419, 7.39%, 9, 0, 4, 2266.81
1573543004, 0, 906, 1795, 1586, 419, 7.39%, 9, 0, 4, 2165.91
1573543091, 0, 906, 1796, 1587, 419, 7.39%, 9, 0, 4, 2192.53
1573543121, 0, 907, 1796, 1586, 420, 7.39%, 9, 0, 4, 2359.73
1573543137, 0, 907, 1797, 1587, 420, 7.39%, 9, 0, 4, 2187.73
1573543142, 0, 907, 1798, 1588, 420, 7.39%, 9, 0, 4, 2180.16
1573543167, 0, 907, 1799, 1589, 420, 7.39%, 9, 0, 4, 2195.26
1573543239, 0, 907, 1800, 1590, 420, 7.39%, 9, 0, 4, 2177.12
1573543382, 0, 907, 1801, 1591, 420, 7.39%, 9, 0, 4, 2274.27
1573543438, 0, 907, 1802, 1592, 420, 7.39%, 9, 0, 4, 2288.10
1573543500, 0, 908, 1802, 1591, 419, 7.39%, 9, 0, 4, 2527.30
1573543520, 0, 908, 1804, 1593, 419, 7.39%, 9, 0, 4, 2181.22
1573543761, 0, 908, 1805, 1594, 419, 7.39%, 9, 0, 4, 2320.91
1573543884, 0, 909, 1805, 1593, 419, 7.39%, 9, 0, 4, 2300.74
1573543899, 0, 909, 1806, 1594, 419, 7.39%, 9, 0, 4, 2201.02
1573543904, 0, 909, 1807, 1595, 419, 7.39%, 9, 0, 4, 2258.47
1573544144, 0, 909, 1808, 1596, 419, 7.39%, 9, 0, 4, 2238.73
1573544262, 0, 912, 1808, 1595, 419, 7.39%, 9, 0, 4, 2339.08
1573544277, 0, 912, 1809, 1596, 419, 7.39%, 9, 0, 4, 2164.32
1573544282, 0, 912, 1810, 1597, 419, 7.39%, 9, 0, 4, 2202.16
1573544379, 0, 912, 1811, 1598, 419, 7.40%, 9, 0, 4, 2200.03
1573544522, 0, 912, 1812, 1599, 419, 7.40%, 9, 0, 4, 2241.21
1573544640, 0, 913, 1812, 1598, 420, 7.40%, 9, 0, 4, 2393.94
1573544655, 0, 913, 1813, 1599, 420, 7.40%, 9, 0, 4, 2159.50
1573544661, 0, 913, 1814, 1600, 420, 7.40%, 9, 0, 4, 2184.96
1573544686, 0, 913, 1815, 1601, 420, 7.40%, 10, 0, 4, 2190.40
1573544712, 0, 913, 1816, 1602, 420, 7.41%, 10, 0, 4, 2188.99
1573544758, 0, 913, 1820, 1606, 420, 7.42%, 10, 0, 4, 2193.50
1573544900, 0, 913, 1821, 1607, 420, 7.42%, 10, 0, 4, 2279.24
1573545018, 0, 931, 1821, 1606, 422, 7.42%, 10, 0, 4, 2537.77
1573545069, 0, 931, 1822, 1607, 422, 7.42%, 10, 0, 4, 2240.45
1573545095, 0, 931, 1823, 1608, 422, 7.42%, 10, 0, 4, 2237.33
1573545125, 0, 931, 1824, 1609, 422, 7.42%, 10, 0, 4, 2161.76
1573545360, 0, 931, 1825, 1610, 422, 7.42%, 10, 0, 4, 2196.43
1573545391, 0, 932, 1825, 1609, 422, 7.42%, 10, 0, 4, 2304.07
1573545437, 0, 932, 1826, 1610, 422, 7.42%, 10, 0, 4, 2227.35
1573545498, 0, 932, 1827, 1611, 422, 7.42%, 10, 0, 4, 2191.07
1573545769, 0, 934, 1827, 1610, 421, 7.42%, 10, 0, 4, 2376.18
1573545785, 0, 934, 1828, 1611, 421, 7.42%, 10, 0, 4, 2199.08
1573545790, 0, 934, 1829, 1612, 421, 7.42%, 10, 0, 4, 2218.14
1573545795, 0, 934, 1830, 1613, 421, 7.42%, 10, 0, 4, 2254.67
1573546148, 0, 939, 1830, 1612, 421, 7.42%, 10, 0, 4, 2542.57
1573546164, 0, 939, 1831, 1613, 421, 7.42%, 10, 0, 4, 2581.20
1573546169, 0, 939, 1835, 1617, 421, 7.42%, 10, 0, 4, 2599.20
1573546194, 0, 939, 1836, 1618, 421, 7.42%, 10, 0, 4, 2609.34
1573546215, 0, 939, 1837, 1619, 421, 7.42%, 10, 0, 4, 2602.57
1573546353, 0, 943, 1837, 1618, 423, 7.42%, 10, 0, 4, 2427.75
1573546373, 0, 943, 1838, 1619, 423, 7.42%, 10, 0, 4, 2231.65
1573546730, 0, 944, 1838, 1618, 423, 7.42%, 10, 0, 4, 2465.44
1573546751, 0, 944, 1839, 1619, 423, 7.42%, 10, 0, 4, 2180.45
1573546853, 0, 944, 1840, 1620, 423, 7.42%, 10, 0, 4, 2207.46
1573547083, 0, 944, 1841, 1621, 423, 7.43%, 10, 0, 4, 2179.05
1573547113, 0, 953, 1841, 1620, 423, 7.43%, 10, 0, 4, 2676.23
1573547180, 0, 953, 1842, 1621, 423, 7.43%, 10, 0, 4, 2785.34
1573547257, 0, 958, 1843, 1621, 423, 7.43%, 10, 0, 4, 2808.59
1573547273, 0, 958, 1844, 1622, 423, 7.43%, 10, 0, 4, 2816.39
1573547324, 0, 958, 1845, 1623, 423, 7.43%, 10, 0, 4, 2829.18
1573547401, 0, 965, 1849, 1626, 424, 7.43%, 10, 0, 4, 3022.19
1573547417, 0, 965, 1850, 1627, 424, 7.43%, 10, 0, 4, 3042.38
1573547422, 0, 965, 1853, 1630, 424, 7.43%, 10, 0, 4, 3063.88
1573547463, 0, 965, 1854, 1631, 424, 7.43%, 10, 0, 4, 3016.00
1573547534, 0, 967, 1854, 1630, 427, 7.43%, 10, 0, 4, 2845.36
1573547606, 0, 967, 1855, 1631, 427, 7.43%, 10, 0, 4, 2770.77
1573547682, 0, 973, 1855, 1630, 427, 7.43%, 10, 0, 4, 2705.05
1573548003, 0, 975, 1856, 1630, 426, 7.43%, 10, 0, 4, 2678.20
1573548070, 0, 975, 1857, 1631, 426, 7.43%, 10, 0, 4, 2757.19
1573548157, 0, 980, 1857, 1630, 425, 7.43%, 10, 0, 4, 2502.93
1573548177, 0, 980, 1860, 1633, 425, 7.43%, 10, 0, 4, 2358.96
1573548183, 0, 980, 1863, 1636, 425, 7.43%, 10, 0, 4, 2337.01
1573548203, 0, 980, 1864, 1637, 425, 7.43%, 10, 0, 4, 2374.60
1573548234, 0, 980, 1865, 1638, 425, 7.43%, 10, 0, 4, 2284.18
1573548239, 0, 980, 1866, 1639, 425, 7.43%, 10, 0, 4, 2284.49
1573548270, 0, 980, 1867, 1640, 425, 7.43%, 10, 0, 4, 2310.20
1573548377, 0, 985, 1868, 1640, 425, 7.43%, 10, 0, 4, 2442.18
1573548382, 0, 985, 1869, 1641, 425, 7.43%, 10, 0, 4, 2138.74
1573548725, 0, 992, 1869, 1640, 425, 7.43%, 10, 0, 4, 2240.20
1573548756, 0, 992, 1870, 1641, 425, 7.43%, 10, 0, 4, 2068.21
1573548873, 0, 992, 1871, 1642, 425, 7.43%, 10, 0, 4, 2179.27
1573549021, 0, 992, 1871, 1642, 425, 7.43%, 11, 0, 4, 2108.22
1573549134, 0, 993, 1871, 1641, 424, 7.43%, 11, 0, 4, 2253.95
1573549155, 0, 993, 1872, 1642, 424, 7.43%, 11, 0, 4, 2278.39
1573549160, 0, 993, 1873, 1643, 424, 7.43%, 11, 0, 4, 2273.19
1573549354, 0, 994, 1873, 1642, 424, 7.43%, 11, 0, 4, 2405.49
1573549380, 0, 994, 1875, 1644, 424, 7.43%, 11, 0, 4, 2370.04
1573549462, 0, 994, 1876, 1645, 424, 7.43%, 11, 0, 4, 2455.84
1573549564, 0, 997, 1876, 1644, 424, 7.43%, 11, 0, 4, 2150.18
1573549585, 0, 997, 1877, 1645, 424, 7.43%, 11, 0, 4, 2056.12
1573549590, 0, 997, 1878, 1646, 424, 7.43%, 11, 0, 4, 2098.94
1573549646, 0, 997, 1879, 1647, 424, 7.43%, 11, 0, 4, 2098.95
1573549688, 0, 997, 1885, 1653, 424, 7.43%, 11, 0, 4, 2001.36
1573549723, 0, 997, 1886, 1654, 424, 7.43%, 11, 0, 4, 2150.40
1573549932, 0, 997, 1887, 1655, 424, 7.43%, 11, 0, 4, 2047.67
1573549968, 0, 998, 1887, 1654, 424, 7.43%, 11, 0, 4, 2412.84
1573550050, 0, 998, 1888, 1655, 424, 7.43%, 11, 0, 4, 2513.97
1573550142, 0, 1002, 1890, 1656, 424, 7.44%, 11, 0, 4, 2370.72
1573550162, 0, 1002, 1909, 1675, 424, 7.56%, 11, 0, 4, 2353.56
1573550188, 0, 1002, 1915, 1681, 424, 7.58%, 11, 0, 4, 2380.75
1573550214, 0, 1002, 1917, 1683, 424, 7.59%, 11, 0, 4, 2352.63
1573550219, 0, 1002, 1919, 1685, 424, 7.59%, 11, 0, 4, 2397.24
1573550234, 0, 1002, 1928, 1694, 424, 7.60%, 11, 0, 4, 2307.73
1573550290, 0, 1002, 1930, 1696, 424, 7.60%, 11, 0, 4, 2389.01
1573550300, 0, 1002, 1932, 1698, 424, 7.61%, 11, 0, 4, 2376.28
1573550316, 0, 1002, 1933, 1699, 424, 7.61%, 11, 0, 4, 2397.02
1573550331, 0, 1004, 1934, 1699, 444, 7.61%, 11, 0, 4, 2478.26
1573550510, 0, 1013, 1934, 1698, 444, 7.61%, 11, 0, 4, 2317.57
1573550520, 0, 1013, 1935, 1699, 444, 7.61%, 11, 0, 4, 2168.33
1573550791, 0, 1013, 1936, 1700, 444, 7.61%, 11, 0, 4, 2251.62
1573550909, 0, 1014, 1936, 1699, 443, 7.61%, 11, 0, 4, 2361.00
1573551118, 0, 1021, 1936, 1698, 442, 7.61%, 11, 0, 4, 2481.23
1573551252, 0, 1022, 1936, 1697, 441, 7.61%, 11, 0, 4, 2273.14
1573551268, 0, 1022, 1937, 1698, 441, 7.61%, 11, 0, 4, 2054.36
1573551273, 0, 1022, 1941, 1702, 441, 7.61%, 11, 0, 4, 2084.54
1573551278, 0, 1022, 1942, 1703, 441, 7.61%, 11, 0, 4, 2109.05
1573551656, 0, 1023, 1942, 1702, 441, 7.61%, 11, 0, 4, 2344.52
1573551876, 0, 1025, 1942, 1701, 440, 7.61%, 11, 0, 4, 2272.10
1573552214, 0, 1029, 1942, 1700, 439, 7.61%, 11, 0, 4, 2154.92
1573552229, 0, 1029, 1943, 1701, 439, 7.61%, 11, 0, 4, 2013.41
1573552239, 0, 1029, 1944, 1702, 439, 7.61%, 11, 0, 4, 2087.14
1573552622, 0, 1030, 1944, 1701, 439, 7.61%, 11, 0, 4, 2293.19
1573552843, 0, 1031, 1944, 1700, 438, 7.61%, 11, 0, 4, 2426.91
1573553058, 0, 1039, 1944, 1699, 437, 7.61%, 11, 0, 4, 2187.29
1573553426, 0, 1042, 1944, 1698, 436, 7.61%, 11, 0, 4, 2300.81
1573553646, 0, 1044, 1944, 1697, 435, 7.61%, 11, 0, 4, 2484.21
1573553666, 0, 1044, 1945, 1698, 435, 7.61%, 11, 0, 4, 2503.70
1573553809, 0, 1047, 1945, 1697, 435, 7.61%, 11, 0, 4, 2476.09
1573553830, 0, 1047, 1946, 1698, 435, 7.61%, 11, 0, 4, 2062.02
1573553835, 0, 1047, 1947, 1699, 435, 7.62%, 11, 0, 4, 2113.95
1573554209, 0, 1049, 1947, 1698, 435, 7.62%, 11, 0, 4, 2256.37
1573554235, 0, 1049, 1949, 1700, 435, 7.62%, 11, 0, 4, 2204.07
1573554353, 0, 1049, 1950, 1701, 435, 7.62%, 11, 0, 4, 2271.86
1573554562, 0, 1053, 1950, 1700, 436, 7.62%, 11, 0, 4, 2360.15
1573554593, 0, 1053, 1951, 1701, 436, 7.62%, 11, 0, 4, 2161.35
1573554706, 0, 1053, 1952, 1702, 436, 7.62%, 11, 0, 4, 2225.03
1573554916, 0, 1056, 1952, 1701, 436, 7.62%, 11, 0, 4, 2388.12
1573555065, 0, 1056, 1954, 1703, 436, 7.62%, 11, 0, 4, 2227.25
1573555280, 0, 1070, 1954, 1702, 435, 7.62%, 11, 0, 4, 2166.25
1573555295, 0, 1070, 1955, 1703, 435, 7.62%, 11, 0, 4, 2069.96
1573555362, 0, 1070, 1956, 1704, 435, 7.62%, 11, 0, 4, 2074.83
1573555657, 0, 1072, 1956, 1703, 435, 7.62%, 11, 0, 4, 2335.50
1573556041, 0, 1078, 1956, 1702, 434, 7.62%, 11, 0, 4, 2550.64
1573556046, 0, 1079, 1959, 1704, 433, 7.62%, 11, 0, 4, 2797.43
1573556051, 0, 1080, 1959, 1703, 433, 7.62%, 11, 0, 4, 2821.56
1573556056, 0, 1085, 1960, 1703, 432, 7.62%, 11, 0, 4, 2778.70
1573556061, 0, 1086, 1962, 1704, 434, 7.62%, 11, 0, 4, 2708.97
1573556067, 0, 1088, 1966, 1707, 433, 7.64%, 11, 0, 4, 2743.35
1573556072, 0, 1089, 1966, 1706, 434, 7.64%, 11, 0, 4, 2664.30
1573556082, 0, 1090, 1966, 1705, 433, 7.64%, 11, 0, 4, 2825.13
1573556087, 0, 1091, 1966, 1704, 432, 7.64%, 11, 0, 4, 2805.26
1573556092, 0, 1092, 1966, 1703, 431, 7.64%, 11, 0, 4, 2771.26
1573556097, 0, 1093, 1966, 1702, 430, 7.64%, 11, 0, 4, 2731.92
1573556107, 0, 1097, 1966, 1700, 428, 7.64%, 11, 0, 4, 2797.64
1573556112, 0, 1098, 1966, 1699, 427, 7.64%, 11, 0, 4, 2776.23
1573556122, 0, 1099, 1966, 1698, 426, 7.64%, 11, 0, 4, 2858.38
1573556127, 0, 1100, 1966, 1697, 425, 7.64%, 11, 0, 4, 2900.50
1573556132, 0, 1102, 1966, 1696, 424, 7.64%, 11, 0, 4, 2862.43
1573556137, 0, 1103, 1966, 1695, 423, 7.64%, 11, 0, 4, 2522.72
1573556541, 0, 1104, 1966, 1694, 422, 7.64%, 11, 0, 4, 2369.02
1573556950, 0, 1105, 1966, 1693, 421, 7.64%, 11, 0, 4, 2140.72
1573557057, 0, 1105, 1967, 1694, 421, 7.64%, 11, 0, 4, 2032.29
1573557072, 0, 1105, 1968, 1695, 421, 7.64%, 11, 0, 4, 2041.61
1573557348, 0, 1108, 1968, 1694, 421, 7.64%, 11, 0, 4, 2263.56
1573557757, 0, 1111, 1968, 1693, 420, 7.64%, 11, 0, 4, 2237.19
1573557777, 0, 1111, 1969, 1694, 420, 7.64%, 11, 0, 4, 2053.66
1573557808, 0, 1111, 1970, 1695, 420, 7.64%, 11, 0, 4, 2064.16
1573557834, 0, 1111, 1971, 1696, 420, 7.64%, 11, 0, 4, 2050.95
1573557885, 0, 1111, 1976, 1701, 420, 7.64%, 11, 0, 4, 2048.73
1573558124, 0, 1111, 1978, 1703, 420, 7.64%, 11, 0, 4, 2064.84
1573558160, 0, 1117, 1978, 1702, 419, 7.64%, 11, 0, 4, 2343.33
1573558563, 0, 1119, 1978, 1701, 418, 7.64%, 11, 0, 4, 2359.11
1573558589, 0, 1119, 1979, 1702, 418, 7.64%, 11, 0, 4, 2098.87
1573558967, 0, 1122, 1979, 1701, 417, 7.64%, 11, 0, 4, 2343.40
1573558993, 0, 1122, 1980, 1702, 417, 7.64%, 11, 0, 4, 2073.52
1573559095, 0, 1122, 1983, 1705, 417, 7.65%, 11, 0, 4, 2049.90
1573559249, 0, 1122, 1984, 1706, 417, 7.66%, 11, 0, 4, 2100.94
1573559341, 0, 1122, 1985, 1707, 417, 7.66%, 11, 0, 4, 2047.51
1573559376, 0, 1124, 1985, 1706, 420, 7.66%, 11, 0, 4, 2260.72
1573559402, 0, 1124, 1986, 1707, 420, 7.66%, 11, 0, 4, 2104.83
1573559504, 0, 1124, 1988, 1709, 420, 7.67%, 11, 0, 4, 2036.53
1573559785, 0, 1127, 1988, 1708, 422, 7.67%, 11, 0, 4, 2146.40
1573559805, 0, 1127, 1993, 1713, 422, 7.74%, 11, 0, 4, 2017.55
1573559913, 0, 1127, 1996, 1716, 422, 7.75%, 11, 0, 4, 2038.96
1573560158, 0, 1127, 1998, 1718, 422, 7.76%, 11, 0, 4, 2044.84
1573560193, 0, 1128, 1998, 1717, 429, 7.76%, 11, 0, 4, 2139.38
1573560214, 0, 1128, 1999, 1718, 429, 7.76%, 11, 0, 4, 2066.23
1573560240, 0, 1128, 2000, 1719, 429, 7.76%, 11, 0, 4, 2050.74
1573560597, 0, 1129, 2000, 1718, 429, 7.76%, 11, 0, 4, 2194.55
1573560617, 0, 1129, 2001, 1719, 429, 7.76%, 11, 0, 4, 2039.22
1573561007, 0, 1133, 2001, 1718, 428, 7.76%, 11, 0, 4, 2161.60
1573561022, 0, 1133, 2003, 1720, 428, 7.76%, 11, 0, 4, 2052.81
1573561027, 0, 1133, 2004, 1721, 428, 7.76%, 11, 0, 4, 2066.26
1573561134, 0, 1133, 2005, 1722, 428, 7.76%, 11, 0, 4, 2056.34
1573561380, 0, 1133, 2006, 1723, 428, 7.76%, 11, 0, 4, 2047.73
1573561411, 0, 1134, 2006, 1722, 428, 7.76%, 11, 0, 4, 2339.60
1573561503, 0, 1134, 2007, 1723, 428, 7.76%, 11, 0, 4, 2120.56
1573561539, 0, 1134, 2008, 1724, 428, 7.76%, 11, 0, 4, 2033.04
1573561544, 0, 1134, 2009, 1725, 428, 7.76%, 11, 0, 4, 2040.81
1573561820, 0, 1137, 2009, 1724, 427, 7.76%, 11, 0, 4, 2291.78
1573561911, 0, 1137, 2010, 1725, 427, 7.76%, 11, 0, 4, 2110.19
1573561952, 0, 1137, 2012, 1727, 427, 7.77%, 11, 0, 4, 2042.72
1573562228, 0, 1138, 2012, 1726, 429, 7.77%, 11, 0, 4, 2229.74
1573562316, 0, 1138, 2013, 1727, 429, 7.77%, 11, 0, 4, 2050.52
1573562362, 0, 1138, 2014, 1728, 429, 7.77%, 11, 0, 4, 2043.95
1573562638, 0, 1139, 2014, 1727, 429, 7.77%, 11, 0, 4, 2146.93
1573562724, 0, 1139, 2015, 1728, 429, 7.77%, 11, 0, 4, 2078.82
1573562761, 0, 1139, 2016, 1729, 429, 7.77%, 11, 0, 4, 2042.04
1573563047, 0, 1142, 2016, 1728, 429, 7.77%, 11, 0, 4, 2418.23
1573563221, 0, 1148, 2016, 1727, 428, 7.77%, 11, 0, 4, 2586.54
1573563349, 0, 1148, 2017, 1728, 428, 7.77%, 11, 0, 4, 2037.85
1573563379, 0, 1148, 2018, 1729, 428, 7.77%, 11, 0, 4, 2193.94
1573563604, 0, 1148, 2019, 1730, 428, 7.77%, 11, 0, 4, 2269.68
1573563609, 0, 1150, 2019, 1729, 428, 7.77%, 11, 0, 4, 2121.91
1573563624, 0, 1150, 2020, 1730, 428, 7.77%, 11, 0, 4, 2057.42
1573563691, 0, 1150, 2021, 1731, 428, 7.77%, 11, 0, 4, 2080.67
1573563768, 0, 1150, 2022, 1732, 428, 7.77%, 11, 0, 4, 2175.82
1573564013, 0, 1152, 2022, 1731, 427, 7.77%, 11, 0, 4, 2167.07
1573564033, 0, 1152, 2023, 1732, 427, 7.77%, 11, 0, 4, 2037.24
1573564100, 0, 1152, 2024, 1733, 427, 7.77%, 11, 0, 4, 2045.67
1573564136, 0, 1152, 2025, 1734, 427, 7.77%, 11, 0, 4, 2031.03
1573564177, 0, 1152, 2026, 1735, 427, 7.77%, 11, 0, 4, 2164.42
1573564382, 0, 1152, 2027, 1736, 427, 7.77%, 11, 0, 4, 2032.67
1573564422, 0, 1156, 2027, 1735, 427, 7.77%, 11, 0, 4, 2133.80
1573564443, 0, 1156, 2028, 1736, 427, 7.77%, 11, 0, 4, 2034.56
1573564509, 0, 1156, 2029, 1737, 427, 7.77%, 11, 0, 4, 2059.69
1573564586, 0, 1156, 2030, 1738, 427, 7.77%, 11, 0, 4, 2203.43
1573564826, 0, 1164, 2030, 1737, 427, 7.77%, 11, 0, 4, 2293.55
1573564847, 0, 1164, 2031, 1738, 427, 7.77%, 11, 0, 4, 2026.19
1573564852, 0, 1164, 2032, 1739, 427, 7.77%, 11, 0, 4, 2058.74
1573564878, 0, 1164, 2034, 1741, 427, 7.77%, 11, 0, 4, 2036.99
1573564914, 0, 1164, 2035, 1742, 427, 7.77%, 11, 0, 4, 2082.04
1573564955, 0, 1164, 2036, 1743, 427, 7.77%, 11, 0, 4, 2028.64
1573564995, 0, 1164, 2037, 1744, 427, 7.77%, 11, 0, 4, 2143.82
1573565201, 0, 1164, 2039, 1746, 427, 7.77%, 11, 0, 4, 1997.44
1573565241, 0, 1165, 2039, 1745, 427, 7.77%, 11, 0, 4, 2125.27
1573565257, 0, 1165, 2040, 1746, 427, 7.77%, 11, 0, 4, 2023.31
1573565318, 0, 1165, 2042, 1748, 427, 7.77%, 11, 0, 4, 1946.93
1573565328, 0, 1165, 2043, 1749, 427, 7.77%, 11, 0, 4, 1945.51
1573565369, 0, 1165, 2045, 1751, 427, 7.77%, 11, 0, 4, 1951.22
1573565410, 0, 1165, 2046, 1752, 427, 7.77%, 11, 0, 4, 2152.81
1573565656, 0, 1172, 2046, 1751, 427, 7.77%, 11, 0, 4, 2202.54
1573565671, 0, 1172, 2047, 1752, 427, 7.77%, 11, 0, 4, 2102.16
1573565738, 0, 1172, 2048, 1753, 427, 7.77%, 11, 0, 4, 2118.55
1573565773, 0, 1172, 2053, 1758, 427, 7.77%, 11, 0, 4, 2095.76
1573565809, 0, 1172, 2054, 1759, 427, 7.77%, 11, 0, 4, 2230.21
1573566044, 0, 1174, 2054, 1758, 428, 7.77%, 11, 0, 4, 2565.49
1573566146, 0, 1174, 2055, 1759, 428, 7.77%, 11, 0, 4, 2358.74
1573566162, 0, 1174, 2057, 1761, 428, 7.79%, 11, 0, 4, 2349.40
