# unix_time, cycles_done, cur_path, paths_total, pending_total, pending_favs, map_size, unique_crashes, unique_hangs, max_depth, execs_per_sec
1570902585, 0, 0, 1, 1, 1, 2.10%, 0, 0, 1, 1600.00
1570902590, 0, 0, 61, 61, 1, 2.43%, 0, 0, 2, 2048.56
1570902606, 0, 0, 105, 105, 1, 2.55%, 0, 0, 2, 2007.49
1570902611, 0, 0, 185, 185, 1, 3.22%, 0, 0, 2, 2018.71
1570902616, 0, 0, 329, 329, 1, 3.52%, 0, 0, 2, 2059.96
1570902637, 0, 0, 332, 332, 1, 3.55%, 0, 0, 2, 2004.26
1570902642, 0, 0, 344, 344, 1, 3.84%, 0, 0, 2, 1999.40
1570902647, 0, 0, 368, 368, 1, 3.86%, 0, 0, 2, 2009.69
1570902667, 0, 0, 375, 375, 1, 3.96%, 0, 0, 2, 1981.10
1570902672, 0, 0, 379, 379, 1, 3.99%, 0, 0, 2, 2044.27
1570902677, 0, 0, 391, 391, 1, 3.99%, 0, 0, 2, 1996.23
1570902683, 0, 0, 423, 423, 1, 4.04%, 0, 0, 2, 2076.66
1570902688, 0, 0, 426, 426, 1, 4.04%, 0, 0, 2, 1996.25
1570902698, 0, 0, 428, 428, 1, 4.04%, 0, 0, 2, 1976.46
1570902703, 0, 0, 430, 430, 1, 4.04%, 0, 0, 2, 1973.80
1570902719, 0, 0, 449, 449, 1, 4.16%, 0, 0, 2, 1975.22
1570902724, 0, 0, 465, 465, 1, 4.47%, 0, 0, 2, 1980.97
1570902734, 0, 0, 472, 472, 1, 4.60%, 0, 0, 2, 2078.12
1570902739, 0, 0, 476, 476, 1, 4.61%, 0, 0, 2, 2089.51
1570902744, 0, 0, 479, 479, 1, 4.62%, 0, 0, 2, 2069.92
1570902754, 0, 0, 501, 501, 1, 4.62%, 0, 0, 2, 2036.07
1570902759, 0, 0, 520, 520, 1, 4.63%, 0, 0, 2, 2032.85
1570902765, 0, 0, 523, 523, 1, 4.63%, 0, 0, 2, 1964.10
1570902770, 0, 0, 528, 528, 1, 4.63%, 0, 0, 2, 1946.05
1570902785, 0, 0, 529, 529, 1, 4.63%, 0, 0, 2, 1951.57
1570902795, 0, 0, 530, 530, 1, 4.63%, 0, 0, 2, 1988.40
1570902800, 0, 0, 531, 531, 1, 4.63%, 0, 0, 2, 2119.06
1570902806, 0, 0, 532, 532, 1, 4.63%, 0, 0, 2, 2125.68
1570902826, 0, 0, 533, 533, 1, 4.63%, 0, 0, 2, 2098.90
1570902877, 0, 0, 534, 534, 1, 4.63%, 0, 0, 2, 2030.53
1570902882, 0, 0, 540, 540, 1, 4.64%, 0, 0, 2, 1967.77
1570902897, 0, 0, 546, 546, 1, 4.66%, 0, 0, 2, 2027.09
1570902903, 0, 0, 549, 549, 1, 4.67%, 0, 0, 2, 1987.42
1570902928, 0, 0, 551, 551, 1, 4.68%, 0, 0, 2, 2027.08
1570902938, 0, 0, 553, 553, 1, 4.68%, 0, 0, 2, 2098.42
1570902943, 0, 0, 554, 554, 1, 4.68%, 0, 0, 2, 1988.66
1570902964, 0, 0, 556, 556, 1, 4.69%, 0, 0, 2, 2055.78
1570902974, 0, 0, 579, 579, 1, 4.70%, 0, 0, 2, 2111.24
1570902979, 0, 0, 604, 604, 1, 4.71%, 0, 0, 2, 2420.95
1570902984, 0, 0, 619, 619, 1, 4.72%, 0, 0, 2, 2485.82
1570902989, 0, 13, 627, 618, 186, 4.72%, 0, 0, 2, 2658.98
1570902994, 0, 31, 628, 616, 183, 4.72%, 0, 0, 3, 2494.17
1570903020, 0, 31, 630, 618, 183, 4.72%, 0, 0, 3, 2346.83
1570903138, 0, 115, 630, 612, 179, 4.72%, 0, 0, 3, 2703.91
1570903143, 0, 120, 630, 610, 177, 4.72%, 0, 0, 3, 2245.61
1570903163, 0, 120, 644, 624, 177, 4.75%, 0, 0, 3, 1938.37
1570903173, 0, 120, 645, 625, 177, 4.75%, 0, 0, 3, 1941.32
1570903194, 0, 120, 656, 636, 177, 4.82%, 0, 0, 3, 1920.86
1570903225, 0, 120, 659, 639, 177, 4.83%, 0, 0, 3, 1928.66
1570903276, 0, 120, 679, 659, 177, 4.91%, 0, 0, 3, 1940.45
1570903517, 0, 120, 683, 663, 177, 4.92%, 0, 0, 3, 1926.17
1570903537, 0, 141, 683, 658, 209, 4.92%, 0, 0, 3, 2536.91
1570903568, 0, 141, 684, 659, 209, 4.92%, 0, 0, 3, 2011.12
1570903686, 0, 141, 685, 660, 209, 4.92%, 0, 0, 3, 2048.55
1570903931, 0, 162, 685, 657, 208, 4.92%, 0, 0, 3, 2338.63
1570903957, 0, 162, 689, 661, 208, 4.94%, 0, 0, 3, 1992.92
1570903962, 0, 162, 691, 663, 208, 4.94%, 0, 0, 3, 1998.66
1570903987, 0, 162, 692, 664, 208, 4.94%, 0, 0, 3, 2002.06
1570904069, 0, 162, 693, 665, 208, 4.94%, 0, 0, 3, 1950.76
1570904084, 0, 162, 694, 666, 208, 4.94%, 0, 0, 3, 2079.58
1570904319, 0, 164, 694, 665, 210, 4.94%, 0, 0, 3, 2224.00
1570904324, 0, 164, 695, 666, 210, 4.94%, 0, 0, 3, 2013.88
1570904345, 0, 164, 696, 667, 210, 4.94%, 0, 0, 3, 1950.77
1570904350, 0, 164, 697, 668, 210, 4.94%, 0, 0, 3, 2013.13
1570904422, 0, 164, 698, 669, 210, 4.94%, 0, 0, 3, 1966.93
1570904712, 0, 164, 705, 676, 210, 4.94%, 0, 0, 3, 2352.14
1570904717, 0, 164, 712, 683, 210, 4.98%, 0, 0, 3, 2465.22
1570904723, 0, 169, 716, 686, 210, 4.98%, 0, 0, 3, 2521.48
1570904728, 0, 208, 716, 680, 204, 4.98%, 0, 0, 3, 2598.48
1570904753, 0, 208, 718, 682, 204, 4.98%, 0, 0, 3, 1942.02
1570905121, 0, 208, 723, 687, 204, 4.98%, 0, 0, 3, 2340.44
1570905126, 0, 208, 731, 695, 204, 4.98%, 0, 0, 3, 2472.46
1570905131, 0, 212, 740, 703, 203, 4.98%, 0, 0, 3, 2509.90
1570905136, 0, 223, 741, 701, 200, 5.02%, 0, 0, 3, 2274.07
1570905162, 0, 223, 746, 706, 200, 5.02%, 0, 0, 3, 1940.20
1570905223, 0, 223, 747, 707, 200, 5.02%, 0, 0, 3, 2005.56
1570905295, 0, 223, 748, 708, 200, 5.02%, 0, 0, 3, 2037.25
1570905530, 0, 235, 749, 707, 200, 5.02%, 0, 0, 3, 2220.04
1570905555, 0, 235, 750, 708, 200, 5.02%, 0, 0, 3, 2001.81
1570905560, 0, 235, 751, 709, 200, 5.02%, 0, 0, 3, 1993.94
1570905617, 0, 235, 752, 710, 200, 5.02%, 0, 0, 3, 2032.61
1570905883, 0, 235, 754, 712, 200, 5.02%, 0, 0, 3, 2077.89
1570905924, 0, 242, 754, 710, 199, 5.02%, 0, 0, 3, 2288.27
1570905929, 0, 246, 755, 710, 198, 5.02%, 0, 0, 3, 2100.38
1570905959, 0, 246, 756, 711, 198, 5.02%, 0, 0, 3, 1979.72
1570906016, 0, 246, 757, 712, 198, 5.02%, 0, 0, 3, 1968.82
1570906078, 0, 246, 758, 713, 198, 5.02%, 0, 0, 3, 2034.63
1570906083, 0, 246, 759, 714, 198, 5.02%, 0, 0, 3, 2070.93
1570906322, 0, 253, 759, 713, 201, 5.02%, 0, 0, 3, 2229.05
1570906353, 0, 253, 762, 716, 201, 5.04%, 0, 0, 3, 1961.62
1570906419, 0, 253, 763, 717, 201, 5.04%, 0, 0, 3, 1940.87
1570906424, 0, 253, 764, 718, 201, 5.04%, 0, 0, 3, 1958.48
1570906475, 0, 253, 765, 719, 201, 5.04%, 0, 0, 3, 1951.93
1570906500, 0, 253, 766, 720, 201, 5.04%, 0, 0, 3, 2047.89
1570906730, 0, 258, 766, 719, 203, 5.04%, 0, 0, 3, 2200.64
1570906735, 0, 267, 766, 718, 202, 5.04%, 0, 0, 3, 2053.25
1570906760, 0, 267, 767, 719, 202, 5.04%, 0, 0, 3, 2004.99
1570906903, 0, 267, 768, 720, 202, 5.04%, 0, 0, 3, 2075.96
1570906970, 0, 267, 769, 721, 202, 5.04%, 0, 0, 3, 2069.37
1570907128, 0, 267, 770, 722, 202, 5.04%, 0, 0, 3, 2091.41
1570907133, 0, 279, 770, 720, 201, 5.04%, 0, 0, 3, 2129.86
1570907184, 0, 279, 771, 721, 201, 5.04%, 0, 0, 3, 1967.99
1570907189, 0, 279, 772, 722, 201, 5.04%, 0, 0, 3, 2037.95
1570907297, 0, 279, 774, 724, 201, 5.04%, 0, 0, 3, 2055.12
1570907302, 0, 279, 775, 725, 201, 5.04%, 0, 0, 3, 2039.96
1570907517, 0, 280, 776, 725, 199, 5.04%, 0, 0, 3, 2235.57
1570907522, 0, 317, 776, 717, 191, 5.04%, 0, 0, 3, 2733.83
1570907527, 0, 321, 778, 715, 187, 5.05%, 0, 0, 3, 2232.47
1570907553, 0, 321, 784, 721, 187, 5.05%, 0, 0, 3, 1999.95
1570907558, 0, 321, 785, 722, 187, 5.05%, 0, 0, 3, 1969.61
1570907614, 0, 321, 786, 723, 187, 5.05%, 0, 0, 3, 1971.30
1570907624, 0, 321, 787, 724, 187, 5.06%, 0, 0, 3, 1988.03
1570907915, 0, 334, 787, 723, 189, 5.06%, 0, 0, 3, 2239.34
1570907941, 0, 334, 788, 724, 189, 5.06%, 0, 0, 3, 1945.09
1570907972, 0, 334, 789, 725, 189, 5.06%, 0, 0, 3, 1967.05
1570908002, 0, 334, 790, 726, 189, 5.06%, 0, 0, 3, 1984.48
1570908054, 0, 334, 791, 727, 189, 5.06%, 0, 0, 3, 1939.93
1570908314, 0, 335, 791, 726, 189, 5.06%, 0, 0, 3, 2123.46
1570908319, 0, 339, 791, 723, 186, 5.06%, 0, 0, 3, 2197.39
1570908340, 0, 339, 794, 726, 186, 5.06%, 0, 0, 3, 1902.02
1570908345, 0, 339, 801, 733, 186, 5.06%, 0, 0, 3, 1950.27
1570908350, 0, 339, 803, 735, 186, 5.06%, 0, 0, 3, 1947.08
1570908376, 0, 339, 805, 737, 186, 5.06%, 0, 0, 3, 1960.34
1570908407, 0, 339, 806, 738, 186, 5.07%, 0, 0, 3, 1975.92
1570908458, 0, 339, 819, 751, 186, 5.11%, 0, 0, 3, 1899.04
1570908494, 0, 339, 822, 754, 186, 5.11%, 0, 0, 3, 2053.94
1570908616, 0, 339, 823, 755, 186, 5.11%, 0, 0, 3, 1992.35
1570908703, 0, 339, 824, 756, 186, 5.11%, 0, 0, 3, 1906.87
1570908723, 0, 340, 824, 755, 194, 5.11%, 0, 0, 3, 2163.20
1570908744, 0, 340, 825, 756, 194, 5.11%, 0, 0, 3, 1904.45
1570908749, 0, 340, 826, 757, 194, 5.13%, 0, 0, 3, 1913.99
1570908779, 0, 340, 827, 758, 194, 5.13%, 0, 0, 3, 1920.23
1570908820, 0, 340, 828, 759, 194, 5.13%, 0, 0, 3, 1983.77
1570908862, 0, 340, 834, 765, 194, 5.14%, 0, 0, 3, 1920.74
1570909128, 0, 342, 834, 764, 199, 5.14%, 0, 0, 3, 2087.28
1570909154, 0, 342, 841, 771, 199, 5.16%, 0, 0, 3, 1983.84
1570909517, 0, 342, 842, 772, 199, 5.16%, 0, 0, 3, 2073.66
1570909528, 0, 343, 843, 772, 204, 5.16%, 0, 0, 3, 2285.78
1570909533, 0, 368, 843, 767, 200, 5.16%, 0, 0, 3, 2261.62
1570909553, 0, 368, 848, 772, 200, 5.16%, 0, 0, 3, 1919.56
1570909584, 0, 368, 852, 776, 200, 5.16%, 0, 0, 3, 1924.18
1570909615, 0, 368, 853, 777, 200, 5.16%, 0, 0, 3, 1908.55
1570909625, 0, 368, 854, 778, 200, 5.16%, 0, 0, 3, 1921.15
1570909666, 0, 368, 871, 795, 200, 5.16%, 0, 0, 3, 1911.06
1570909707, 0, 368, 872, 796, 200, 5.16%, 0, 0, 3, 2086.46
1570909829, 0, 368, 874, 798, 200, 5.16%, 0, 0, 3, 2014.59
1570909937, 0, 370, 874, 797, 206, 5.16%, 0, 0, 3, 2174.26
1570909962, 0, 370, 875, 798, 206, 5.16%, 0, 0, 3, 1951.07
1570909993, 0, 370, 878, 801, 206, 5.22%, 0, 0, 3, 1961.52
1570910024, 0, 370, 879, 802, 206, 5.22%, 0, 0, 3, 1995.89
1570910055, 0, 370, 880, 803, 206, 5.22%, 0, 0, 3, 1932.99
1570910071, 0, 370, 885, 808, 206, 5.28%, 0, 0, 3, 1938.30
1570910245, 0, 370, 886, 809, 206, 5.29%, 0, 0, 3, 1945.68
1570910316, 0, 370, 889, 812, 206, 5.31%, 0, 0, 3, 1862.56
1570910341, 0, 398, 889, 808, 211, 5.31%, 0, 0, 3, 2325.05
1570910393, 0, 398, 890, 809, 211, 5.31%, 0, 0, 3, 1931.73
1570910418, 0, 398, 891, 810, 211, 5.32%, 0, 0, 3, 1926.89
1570910536, 0, 398, 892, 811, 211, 5.32%, 0, 0, 3, 1934.04
1570910746, 0, 406, 895, 811, 209, 5.32%, 0, 0, 3, 2131.68
1570911058, 0, 406, 896, 812, 209, 5.32%, 0, 0, 3, 2005.44
1570911145, 0, 428, 897, 809, 207, 5.32%, 0, 0, 3, 2500.12
1570911150, 0, 436, 897, 808, 206, 5.32%, 0, 0, 3, 2145.19
1570911170, 0, 436, 898, 809, 206, 5.32%, 0, 0, 3, 1937.48
1570911201, 0, 436, 899, 810, 206, 5.33%, 0, 0, 3, 1948.22
1570911232, 0, 436, 901, 812, 206, 5.34%, 0, 0, 3, 1972.57
1570911268, 0, 436, 902, 813, 206, 5.34%, 0, 0, 3, 1939.21
1570911283, 0, 436, 913, 824, 206, 5.42%, 0, 0, 3, 1924.95
1570911529, 0, 436, 914, 825, 206, 5.42%, 0, 0, 3, 1924.21
1570911549, 0, 436, 919, 830, 206, 5.43%, 0, 0, 3, 2237.72
1570911554, 0, 436, 922, 833, 206, 5.43%, 0, 0, 3, 2424.52
1570911559, 0, 436, 924, 835, 206, 5.43%, 0, 0, 3, 2457.66
1570911564, 0, 440, 924, 834, 221, 5.43%, 0, 0, 3, 2111.21
1570911585, 0, 440, 931, 841, 221, 5.44%, 0, 0, 3, 1905.17
1570911616, 0, 440, 933, 843, 221, 5.45%, 0, 0, 3, 1914.81
1570911621, 0, 440, 934, 844, 221, 5.45%, 0, 0, 3, 1974.01
1570911646, 0, 440, 936, 846, 221, 5.46%, 0, 0, 3, 1920.00
1570911682, 0, 440, 937, 847, 221, 5.46%, 0, 0, 3, 1914.36
1570911698, 0, 440, 939, 849, 221, 5.47%, 0, 0, 3, 1922.56
1570911968, 0, 443, 939, 847, 224, 5.47%, 0, 0, 3, 2194.00
1570911989, 0, 443, 940, 848, 224, 5.47%, 0, 0, 3, 1911.81
1570911994, 0, 443, 942, 850, 224, 5.49%, 0, 0, 3, 1919.37
1570912051, 0, 443, 943, 851, 224, 5.50%, 0, 0, 3, 1928.62
1570912102, 0, 443, 953, 861, 224, 5.54%, 0, 0, 3, 1927.78
1570912143, 0, 443, 954, 862, 224, 5.54%, 0, 0, 3, 2038.22
1570912369, 0, 444, 954, 861, 230, 5.54%, 0, 0, 3, 2132.08
1570912374, 0, 451, 954, 857, 226, 5.54%, 0, 0, 3, 2299.69
1570912400, 0, 451, 955, 858, 226, 5.54%, 0, 0, 3, 1974.40
1570912430, 0, 451, 956, 859, 226, 5.56%, 0, 0, 3, 1987.80
1570912456, 0, 451, 957, 860, 226, 5.56%, 0, 0, 3, 1892.24
1570912512, 0, 451, 962, 865, 226, 5.57%, 0, 0, 3, 1928.29
1570912753, 0, 451, 963, 866, 226, 5.58%, 0, 0, 3, 1924.20
1570912778, 0, 454, 963, 865, 231, 5.58%, 0, 0, 3, 2032.64
1570912799, 0, 454, 964, 866, 231, 5.58%, 0, 0, 3, 1925.97
1570912911, 0, 454, 965, 867, 231, 5.60%, 0, 0, 3, 1943.07
1570913157, 0, 454, 967, 869, 231, 5.60%, 0, 0, 3, 1938.07
1570913177, 0, 458, 967, 867, 232, 5.60%, 0, 0, 3, 2216.36
1570913198, 0, 458, 968, 868, 232, 5.60%, 0, 0, 3, 1902.97
1570913203, 0, 458, 969, 869, 232, 5.61%, 0, 0, 3, 1944.24
1570913234, 0, 458, 970, 870, 232, 5.61%, 0, 0, 3, 1941.38
1570913316, 0, 458, 971, 871, 232, 5.61%, 0, 0, 3, 1910.13
1570913321, 0, 458, 973, 873, 232, 5.62%, 0, 0, 3, 1905.23
1570913479, 0, 458, 974, 874, 232, 5.62%, 0, 0, 3, 1964.26
1570913566, 0, 458, 975, 875, 232, 5.63%, 0, 0, 3, 1905.90
1570913586, 0, 460, 975, 874, 234, 5.63%, 0, 0, 3, 2064.30
1570913612, 0, 460, 977, 876, 234, 5.63%, 0, 0, 3, 1946.80
1570913990, 0, 464, 977, 875, 235, 5.63%, 0, 0, 3, 2112.85
1570914016, 0, 464, 978, 876, 235, 5.63%, 0, 0, 3, 1958.85
1570914307, 0, 464, 979, 877, 235, 5.63%, 0, 0, 3, 1994.48
1570914374, 0, 464, 980, 878, 235, 5.67%, 0, 0, 3, 1915.56
1570914394, 0, 466, 980, 876, 235, 5.67%, 0, 0, 3, 2257.00
1570914420, 0, 466, 984, 880, 235, 5.67%, 0, 0, 3, 1945.08
1570914425, 0, 466, 987, 883, 235, 5.68%, 0, 0, 3, 1980.14
1570914491, 0, 466, 988, 884, 235, 5.68%, 1, 0, 3, 2034.75
1570914543, 0, 466, 991, 887, 235, 5.69%, 1, 0, 3, 2039.61
1570914548, 0, 466, 992, 888, 235, 5.70%, 1, 0, 3, 2022.61
1570914568, 0, 466, 994, 890, 235, 5.70%, 1, 0, 3, 2057.69
1570914609, 0, 466, 995, 891, 235, 5.70%, 1, 0, 3, 2019.79
1570914711, 0, 466, 996, 892, 235, 5.70%, 1, 0, 3, 2043.73
1570914798, 0, 466, 999, 895, 235, 5.70%, 1, 0, 3, 2058.90
1570914803, 0, 467, 999, 894, 239, 5.70%, 1, 0, 3, 2089.18
1570914834, 0, 467, 1000, 895, 239, 5.70%, 1, 0, 3, 1955.53
1570914895, 0, 467, 1000, 895, 239, 5.70%, 2, 0, 3, 1957.20
1570914957, 0, 467, 1001, 896, 239, 5.70%, 2, 0, 3, 2043.92
1570915187, 0, 467, 1002, 897, 239, 5.70%, 2, 0, 3, 1929.63
1570915197, 0, 467, 1003, 898, 239, 5.70%, 2, 0, 3, 2047.74
1570915213, 0, 469, 1004, 898, 238, 5.71%, 2, 0, 3, 2196.30
1570915238, 0, 469, 1005, 899, 238, 5.71%, 2, 0, 3, 1932.16
1570915243, 0, 469, 1011, 905, 238, 5.71%, 2, 0, 3, 1974.70
1570915269, 0, 469, 1014, 908, 238, 5.71%, 2, 0, 3, 1949.68
1570915274, 0, 469, 1015, 909, 238, 5.71%, 2, 0, 3, 1970.04
1570915387, 0, 469, 1016, 910, 238, 5.71%, 2, 0, 3, 2058.84
1570915628, 0, 473, 1016, 908, 241, 5.71%, 2, 0, 3, 2196.43
1570915653, 0, 473, 1017, 909, 241, 5.71%, 2, 0, 3, 1951.03
1570915725, 0, 473, 1019, 911, 241, 5.71%, 3, 0, 3, 2035.04
1570915781, 0, 473, 1020, 912, 241, 5.71%, 3, 0, 3, 2039.74
1570915787, 0, 473, 1021, 913, 241, 5.71%, 3, 0, 3, 2042.21
1570915802, 0, 473, 1022, 914, 241, 5.71%, 3, 0, 3, 2075.52
1570916043, 0, 474, 1022, 913, 241, 5.71%, 3, 0, 3, 2228.18
1570916048, 0, 474, 1023, 914, 241, 5.71%, 3, 0, 3, 2012.79
1570916073, 0, 474, 1024, 915, 241, 5.71%, 3, 0, 3, 2000.62
1570916196, 0, 474, 1025, 916, 241, 5.72%, 3, 0, 3, 1978.06
1570916207, 0, 474, 1026, 917, 241, 5.72%, 3, 0, 3, 1986.84
1570916360, 0, 474, 1026, 917, 241, 5.72%, 4, 0, 3, 2019.75
1570916462, 0, 475, 1026, 916, 240, 5.72%, 4, 0, 3, 2122.84
1570916493, 0, 475, 1027, 917, 240, 5.72%, 4, 0, 3, 1964.59
1570916616, 0, 475, 1028, 918, 240, 5.73%, 4, 0, 3, 2036.74
1570916626, 0, 475, 1029, 919, 240, 5.73%, 4, 0, 3, 2024.10
1570916775, 0, 475, 1029, 919, 240, 5.73%, 5, 0, 3, 1990.63
1570916883, 0, 476, 1030, 919, 241, 5.73%, 5, 0, 3, 2050.06
1570916908, 0, 476, 1031, 920, 241, 5.73%, 5, 0, 3, 1942.00
1570916914, 0, 476, 1032, 921, 241, 5.73%, 5, 0, 3, 1946.19
1570916975, 0, 476, 1032, 921, 241, 5.73%, 6, 0, 3, 1949.93
1570917032, 0, 476, 1033, 922, 241, 5.73%, 6, 0, 3, 2038.30
1570917047, 0, 476, 1034, 923, 241, 5.73%, 6, 0, 3, 2020.08
1570917303, 0, 477, 1034, 922, 241, 5.73%, 6, 0, 3, 2053.66
1570917333, 0, 477, 1035, 923, 241, 5.73%, 6, 0, 3, 1968.10
1570917395, 0, 477, 1035, 923, 241, 5.73%, 7, 0, 3, 1970.78
1570917452, 0, 477, 1036, 924, 241, 5.73%, 7, 0, 3, 2030.31
1570917467, 0, 477, 1037, 925, 241, 5.73%, 7, 0, 3, 2015.88
1570917723, 0, 478, 1037, 924, 242, 5.73%, 7, 0, 3, 2090.14
1570917754, 0, 478, 1039, 926, 242, 5.73%, 7, 0, 3, 1962.61
1570917815, 0, 478, 1039, 926, 242, 5.73%, 8, 0, 3, 1934.02
1570917871, 0, 478, 1040, 927, 242, 5.73%, 8, 0, 3, 2024.05
1570917892, 0, 478, 1041, 928, 242, 5.73%, 8, 0, 3, 2017.05
1570918143, 0, 520, 1041, 925, 242, 5.73%, 8, 0, 3, 2370.85
1570918562, 0, 528, 1041, 922, 239, 5.73%, 8, 0, 3, 2409.74
1570918567, 0, 541, 1041, 920, 237, 5.73%, 8, 0, 3, 2173.52
1570918592, 0, 541, 1055, 934, 237, 5.73%, 8, 0, 3, 1991.81
1570918597, 0, 541, 1057, 936, 237, 5.73%, 8, 0, 3, 1968.58
1570918659, 0, 541, 1058, 937, 237, 5.73%, 8, 0, 3, 1975.71
1570918664, 0, 541, 1059, 938, 237, 5.73%, 8, 0, 3, 1987.88
1570918731, 0, 541, 1059, 938, 237, 5.73%, 9, 0, 3, 2019.75
1570918788, 0, 541, 1060, 939, 237, 5.73%, 9, 0, 3, 2107.14
1570918880, 0, 541, 1061, 940, 237, 5.73%, 9, 0, 3, 2035.78
1570918910, 0, 541, 1063, 942, 237, 5.73%, 9, 0, 3, 1991.97
1570918961, 0, 541, 1064, 943, 237, 5.73%, 9, 0, 3, 1977.55
1570918982, 0, 541, 1065, 944, 237, 5.73%, 9, 0, 3, 2084.37
1570918987, 0, 579, 1066, 937, 235, 5.73%, 9, 0, 3, 2478.14
1570919018, 0, 579, 1068, 939, 235, 5.73%, 9, 0, 3, 1745.53
1570919023, 0, 579, 1071, 942, 235, 5.73%, 9, 0, 3, 1742.55
1570919053, 0, 579, 1073, 944, 235, 5.73%, 9, 0, 3, 1751.00
1570919059, 0, 579, 1074, 945, 235, 5.73%, 9, 0, 3, 1701.95
1570919089, 0, 579, 1075, 946, 235, 5.73%, 9, 0, 3, 1776.66
1570919156, 0, 579, 1076, 947, 235, 5.73%, 9, 0, 3, 1852.08
1570919161, 0, 579, 1077, 948, 235, 5.73%, 9, 0, 3, 1773.54
1570919349, 0, 579, 1078, 949, 235, 5.73%, 9, 0, 3, 1754.27
1570919375, 0, 579, 1079, 950, 235, 5.73%, 9, 0, 3, 1898.47
1570919380, 0, 591, 1079, 947, 234, 5.73%, 9, 0, 3, 2326.87
1570919452, 0, 592, 1079, 946, 233, 5.73%, 9, 0, 3, 2259.59
1570919477, 0, 592, 1080, 947, 233, 5.74%, 9, 0, 3, 1923.85
1570919508, 0, 592, 1081, 948, 233, 5.74%, 9, 0, 3, 1964.63
1570919595, 0, 592, 1082, 949, 233, 5.75%, 9, 0, 3, 1896.51
1570919856, 0, 592, 1084, 951, 233, 5.75%, 9, 0, 3, 1914.80
1570919886, 0, 601, 1084, 948, 232, 5.75%, 9, 0, 3, 2356.55
1570919907, 0, 601, 1085, 949, 232, 5.75%, 9, 0, 3, 1935.66
1570919917, 0, 601, 1087, 951, 232, 5.75%, 9, 0, 3, 2000.29
1570919948, 0, 601, 1088, 952, 232, 5.75%, 9, 0, 3, 1993.72
1570920316, 0, 605, 1089, 951, 232, 5.75%, 9, 0, 3, 2263.81
1570920321, 0, 605, 1090, 952, 232, 5.76%, 9, 0, 3, 2203.27
1570920341, 0, 605, 1092, 954, 232, 5.76%, 9, 0, 3, 2191.79
1570920346, 0, 605, 1093, 955, 232, 5.76%, 9, 0, 3, 2185.80
1570920403, 0, 605, 1097, 959, 232, 5.77%, 9, 0, 3, 2237.09
1570920418, 0, 605, 1099, 961, 232, 5.77%, 9, 0, 3, 2200.33
1570920423, 0, 605, 1101, 963, 232, 5.78%, 9, 0, 3, 2244.07
1570920444, 0, 605, 1105, 967, 232, 5.78%, 9, 0, 3, 2246.96
1570920566, 0, 605, 1106, 968, 232, 5.79%, 9, 0, 3, 2223.56
1570920587, 0, 609, 1106, 967, 241, 5.79%, 9, 0, 3, 2325.50
1570920592, 0, 609, 1107, 968, 241, 5.79%, 9, 0, 3, 2347.30
1570920613, 0, 609, 1120, 981, 241, 5.79%, 9, 0, 3, 2316.51
1570920639, 0, 609, 1123, 984, 241, 5.79%, 9, 0, 3, 2338.18
1570920669, 0, 609, 1124, 985, 241, 5.79%, 9, 0, 3, 2345.52
1570920674, 0, 609, 1125, 986, 241, 5.79%, 9, 0, 3, 2349.00
1570920680, 0, 609, 1126, 987, 241, 5.79%, 9, 0, 3, 2320.49
1570920761, 0, 609, 1129, 990, 241, 5.79%, 9, 0, 3, 2358.85
1570920777, 0, 627, 1129, 988, 247, 5.79%, 9, 0, 3, 2488.39
1570920782, 0, 634, 1129, 987, 246, 5.79%, 9, 0, 3, 2124.67
1570920802, 0, 634, 1130, 988, 246, 5.79%, 9, 0, 4, 1907.87
1570920915, 0, 634, 1131, 989, 246, 5.79%, 9, 0, 4, 1913.49
1570921211, 0, 635, 1131, 988, 247, 5.79%, 9, 0, 4, 2207.67
1570921216, 0, 640, 1131, 986, 245, 5.79%, 9, 0, 4, 2090.45
1570921237, 0, 640, 1133, 988, 245, 5.79%, 9, 0, 4, 1911.80
1570921350, 0, 640, 1136, 991, 245, 5.80%, 9, 0, 4, 1909.87
1570921650, 0, 649, 1136, 989, 247, 5.80%, 9, 0, 4, 2153.12
1570921671, 0, 649, 1137, 990, 247, 5.80%, 9, 0, 4, 1896.42
1570922085, 0, 652, 1138, 990, 247, 5.80%, 9, 0, 4, 2175.96
1570922106, 0, 652, 1139, 991, 247, 5.80%, 9, 0, 4, 1908.55
1570922141, 0, 652, 1140, 992, 247, 5.81%, 9, 0, 4, 1976.81
1570922172, 0, 652, 1141, 993, 247, 5.81%, 9, 0, 4, 1983.50
1570922519, 0, 653, 1142, 993, 249, 5.81%, 9, 0, 4, 2272.27
1570922524, 0, 668, 1142, 984, 240, 5.81%, 9, 0, 4, 2762.73
1570922544, 0, 668, 1143, 985, 240, 5.81%, 9, 0, 4, 1909.26
1570922611, 0, 668, 1144, 986, 240, 5.82%, 9, 0, 4, 1895.97
1570922662, 0, 668, 1148, 990, 240, 5.85%, 9, 0, 4, 1892.17
1570922927, 0, 668, 1149, 991, 240, 5.85%, 9, 0, 4, 1910.19
1570922963, 0, 674, 1149, 986, 240, 5.85%, 9, 0, 4, 2544.40
1570922968, 0, 677, 1149, 983, 237, 5.85%, 9, 0, 4, 2273.15
1570922988, 0, 677, 1151, 985, 237, 5.85%, 9, 0, 4, 1908.68
1570923106, 0, 677, 1154, 988, 237, 5.85%, 9, 0, 4, 1914.06
1570923403, 0, 684, 1154, 983, 232, 5.85%, 9, 0, 4, 2556.95
1570923408, 0, 692, 1154, 981, 230, 5.85%, 9, 0, 4, 2179.03
1570923433, 0, 692, 1161, 988, 230, 5.86%, 9, 0, 4, 1935.00
1570923464, 0, 692, 1164, 991, 230, 5.94%, 9, 0, 4, 1944.05
1570923494, 0, 692, 1165, 992, 230, 5.94%, 9, 0, 4, 1947.72
1570923530, 0, 692, 1166, 993, 230, 5.94%, 9, 0, 4, 1871.04
1570923546, 0, 692, 1183, 1010, 230, 6.06%, 9, 0, 4, 1882.20
1570923720, 0, 692, 1185, 1012, 230, 6.06%, 9, 0, 4, 1886.94
1570923807, 0, 692, 1199, 1026, 230, 6.11%, 9, 0, 4, 1879.66
1570923843, 0, 694, 1199, 1025, 241, 6.11%, 9, 0, 4, 2226.25
1570923848, 0, 697, 1199, 1024, 240, 6.11%, 9, 0, 4, 2053.76
1570923874, 0, 697, 1200, 1025, 240, 6.11%, 9, 0, 4, 1993.59
1570924273, 0, 700, 1200, 1024, 238, 6.11%, 9, 0, 4, 2251.81
1570924278, 0, 703, 1204, 1027, 237, 6.11%, 9, 0, 4, 2257.72
1570924299, 0, 703, 1209, 1032, 237, 6.11%, 9, 0, 4, 2231.07
1570924304, 0, 703, 1210, 1033, 237, 6.11%, 9, 0, 4, 2225.66
1570924330, 0, 703, 1211, 1034, 237, 6.11%, 9, 0, 4, 2214.97
1570924355, 0, 703, 1212, 1035, 237, 6.11%, 9, 0, 4, 2187.92
1570924360, 0, 703, 1215, 1038, 237, 6.11%, 9, 0, 4, 2238.30
1570924386, 0, 703, 1217, 1040, 237, 6.11%, 9, 0, 4, 2251.58
1570924437, 0, 703, 1218, 1041, 237, 6.11%, 9, 0, 4, 2251.74
1570924488, 0, 714, 1243, 1063, 261, 6.24%, 9, 0, 4, 2570.72
1570924508, 0, 714, 1244, 1064, 261, 6.24%, 9, 0, 4, 2005.89
1570924518, 0, 714, 1249, 1069, 261, 6.24%, 9, 0, 4, 2053.55
1570924647, 0, 714, 1250, 1070, 261, 6.24%, 9, 0, 4, 2052.81
1570924652, 0, 714, 1251, 1071, 261, 6.24%, 9, 0, 4, 2058.72
1570924784, 0, 714, 1252, 1072, 261, 6.24%, 9, 0, 4, 2069.63
1570924876, 0, 714, 1254, 1074, 261, 6.24%, 9, 0, 4, 2169.34
1570924881, 0, 729, 1254, 1071, 260, 6.24%, 9, 0, 4, 2117.71
1570924902, 0, 729, 1255, 1072, 260, 6.24%, 9, 0, 4, 1890.80
1570925014, 0, 729, 1256, 1073, 260, 6.24%, 9, 0, 4, 1894.06
1570925315, 0, 732, 1256, 1071, 257, 6.24%, 9, 0, 4, 2255.35
1570925320, 0, 738, 1256, 1068, 254, 6.24%, 9, 0, 4, 2250.62
1570925341, 0, 738, 1258, 1070, 254, 6.24%, 9, 0, 4, 2125.98
1570925346, 0, 738, 1259, 1071, 254, 6.24%, 9, 0, 4, 2142.53
1570925417, 0, 738, 1260, 1072, 254, 6.24%, 9, 0, 4, 2174.57
1570925555, 0, 739, 1260, 1071, 254, 6.24%, 9, 0, 4, 2282.82
1570925575, 0, 739, 1261, 1072, 254, 6.24%, 9, 0, 4, 2261.11
1570925601, 0, 739, 1262, 1073, 254, 6.24%, 9, 0, 4, 2268.89
1570925642, 0, 739, 1265, 1076, 254, 6.24%, 9, 0, 4, 2299.83
1570925749, 0, 753, 1265, 1073, 254, 6.24%, 9, 0, 4, 2567.81
1570925754, 0, 753, 1266, 1074, 254, 6.24%, 9, 0, 4, 2079.61
1570925780, 0, 753, 1268, 1076, 254, 6.24%, 9, 0, 4, 1987.77
1570925842, 0, 753, 1270, 1078, 254, 6.24%, 9, 0, 4, 1960.61
1570925908, 0, 753, 1271, 1079, 254, 6.24%, 9, 0, 4, 2002.93
1570926122, 0, 762, 1271, 1075, 251, 6.24%, 9, 0, 4, 2406.49
1570926215, 0, 762, 1272, 1076, 251, 6.24%, 9, 0, 4, 2208.29
1570926235, 0, 762, 1272, 1076, 251, 6.24%, 10, 0, 4, 2227.79
1570926302, 0, 762, 1273, 1077, 251, 6.24%, 10, 0, 4, 2233.31
1570926353, 0, 764, 1273, 1076, 251, 6.24%, 10, 0, 4, 2309.12
1570926379, 0, 764, 1274, 1077, 251, 6.24%, 10, 0, 4, 1897.84
1570926384, 0, 764, 1275, 1078, 251, 6.24%, 10, 0, 4, 1945.57
1570926604, 0, 764, 1277, 1080, 251, 6.24%, 10, 0, 4, 2024.10
1570926799, 0, 769, 1277, 1079, 252, 6.24%, 10, 0, 4, 2192.31
1570926824, 0, 769, 1278, 1080, 252, 6.24%, 10, 0, 4, 2174.12
1570926881, 0, 769, 1279, 1081, 252, 6.24%, 10, 0, 4, 2172.56
1570927034, 0, 770, 1279, 1080, 252, 6.24%, 10, 0, 4, 2266.06
1570927039, 0, 770, 1280, 1081, 252, 6.24%, 10, 0, 4, 2025.49
1570927060, 0, 770, 1284, 1085, 252, 6.25%, 10, 0, 4, 1896.13
1570927065, 0, 770, 1285, 1086, 252, 6.25%, 10, 0, 4, 1945.94
1570927090, 0, 770, 1286, 1087, 252, 6.25%, 10, 0, 4, 1912.47
1570927172, 0, 770, 1288, 1089, 252, 6.32%, 10, 0, 4, 1916.84
1570927330, 0, 770, 1289, 1090, 252, 6.34%, 10, 0, 4, 1972.05
1570927340, 0, 770, 1290, 1091, 252, 6.35%, 10, 0, 4, 1912.40
1570927427, 0, 770, 1293, 1094, 252, 6.36%, 10, 0, 4, 1917.48
1570927463, 0, 776, 1294, 1093, 257, 6.39%, 10, 0, 4, 2219.43
1570927488, 0, 776, 1298, 1097, 257, 6.39%, 10, 0, 4, 1951.97
1570927494, 0, 776, 1299, 1098, 257, 6.39%, 10, 0, 4, 1965.64
1570927560, 0, 776, 1300, 1099, 257, 6.39%, 10, 0, 4, 2024.71
1570927771, 0, 776, 1301, 1100, 257, 6.39%, 10, 0, 4, 1935.87
1570927889, 0, 786, 1301, 1098, 259, 6.39%, 10, 0, 4, 2301.32
1570927894, 0, 787, 1301, 1097, 258, 6.39%, 10, 0, 4, 2055.34
1570927914, 0, 787, 1302, 1098, 258, 6.39%, 10, 0, 4, 1884.50
1570927976, 0, 787, 1303, 1099, 258, 6.39%, 10, 0, 4, 1902.86
1570928032, 0, 787, 1305, 1101, 258, 6.39%, 10, 0, 4, 1890.65
1570928333, 0, 802, 1305, 1099, 258, 6.39%, 10, 0, 4, 2128.71
1570928390, 0, 802, 1306, 1100, 258, 6.39%, 10, 0, 4, 1946.00
1570928420, 0, 802, 1307, 1101, 258, 6.39%, 10, 0, 4, 1954.99
1570928456, 0, 802, 1308, 1102, 258, 6.39%, 10, 0, 4, 1890.49
1570928727, 0, 802, 1309, 1103, 258, 6.39%, 10, 0, 4, 1908.82
1570928762, 0, 805, 1309, 1101, 258, 6.39%, 10, 0, 4, 2174.59
1570928783, 0, 805, 1310, 1102, 258, 6.39%, 10, 0, 4, 1883.33
1570928788, 0, 805, 1311, 1103, 258, 6.39%, 10, 0, 4, 1914.10
1570928793, 0, 805, 1312, 1104, 258, 6.39%, 10, 0, 4, 1919.91
1570929192, 0, 805, 1313, 1105, 258, 6.39%, 10, 0, 4, 2064.60
1570929197, 0, 806, 1313, 1104, 258, 6.39%, 10, 0, 4, 2010.56
1570929217, 0, 806, 1315, 1106, 258, 6.39%, 10, 0, 4, 1885.98
1570929227, 0, 806, 1316, 1107, 258, 6.39%, 10, 0, 4, 1921.86
1570929253, 0, 806, 1317, 1108, 258, 6.40%, 10, 0, 4, 1930.34
1570929335, 0, 806, 1318, 1109, 258, 6.40%, 10, 0, 4, 1882.71
1570929601, 0, 806, 1319, 1110, 258, 6.40%, 10, 0, 4, 1901.74
1570929636, 0, 814, 1319, 1104, 256, 6.40%, 10, 0, 4, 2624.10
1570929657, 0, 814, 1320, 1105, 256, 6.40%, 10, 0, 4, 1892.33
1570929662, 0, 814, 1321, 1106, 256, 6.40%, 10, 0, 4, 1894.37
1570929672, 0, 814, 1322, 1107, 256, 6.40%, 10, 0, 4, 1919.74
1570929780, 0, 814, 1323, 1108, 256, 6.40%, 10, 0, 4, 1896.10
1570930081, 0, 825, 1323, 1102, 251, 6.40%, 10, 0, 4, 2638.03
1570930178, 0, 825, 1324, 1103, 251, 6.40%, 10, 0, 4, 1910.78
1570930219, 0, 825, 1325, 1104, 251, 6.40%, 10, 0, 4, 1902.08
1570930224, 0, 825, 1326, 1105, 251, 6.40%, 10, 0, 4, 1905.45
1570930520, 0, 832, 1326, 1100, 247, 6.40%, 10, 0, 4, 2538.58
1570930617, 0, 832, 1327, 1101, 247, 6.40%, 10, 0, 4, 1943.30
1570930658, 0, 832, 1328, 1102, 247, 6.40%, 10, 0, 4, 1885.74
1570930959, 0, 838, 1328, 1099, 245, 6.40%, 10, 0, 4, 2420.13
1570930964, 0, 842, 1328, 1097, 243, 6.40%, 10, 0, 4, 2134.09
1570930979, 0, 842, 1329, 1098, 243, 6.40%, 10, 0, 4, 1915.99
1570930984, 0, 842, 1331, 1100, 243, 6.40%, 10, 0, 4, 1917.95
1570930989, 0, 842, 1335, 1104, 243, 6.40%, 10, 0, 4, 1965.72
1570930994, 0, 842, 1337, 1106, 243, 6.40%, 10, 0, 4, 1944.57
1570931020, 0, 842, 1339, 1108, 243, 6.40%, 10, 0, 4, 1973.47
1570931051, 0, 842, 1341, 1110, 243, 6.40%, 10, 0, 4, 1993.17
1570931061, 0, 842, 1343, 1112, 243, 6.40%, 10, 0, 4, 1977.31
1570931122, 0, 842, 1344, 1113, 243, 6.40%, 10, 0, 4, 2018.37
1570931399, 0, 845, 1344, 1112, 242, 6.40%, 10, 0, 4, 2037.56
1570931419, 0, 845, 1345, 1113, 242, 6.40%, 10, 0, 4, 1912.07
1570931481, 0, 845, 1346, 1114, 242, 6.40%, 10, 0, 4, 1904.84
1570931486, 0, 845, 1347, 1115, 242, 6.40%, 10, 0, 4, 1974.41
1570931533, 0, 845, 1348, 1116, 242, 6.40%, 10, 0, 4, 1920.70
1570931574, 0, 845, 1349, 1117, 242, 6.40%, 10, 0, 4, 2028.97
1570931833, 0, 850, 1349, 1115, 241, 6.40%, 10, 0, 4, 2273.94
1570931854, 0, 850, 1350, 1116, 241, 6.40%, 10, 0, 4, 1892.78
1570931920, 0, 850, 1351, 1117, 241, 6.40%, 10, 0, 4, 1913.33
1570931925, 0, 850, 1352, 1118, 241, 6.40%, 10, 0, 4, 1945.88
1570931971, 0, 850, 1353, 1119, 241, 6.40%, 10, 0, 4, 1876.63
1570932012, 0, 850, 1354, 1120, 241, 6.40%, 10, 0, 4, 2012.52
1570932277, 0, 857, 1354, 1118, 241, 6.40%, 10, 0, 4, 2048.50
1570932298, 0, 857, 1355, 1119, 241, 6.40%, 10, 0, 4, 1899.23
1570932339, 0, 857, 1356, 1120, 241, 6.40%, 10, 0, 4, 1919.70
1570932370, 0, 857, 1357, 1121, 241, 6.40%, 10, 0, 4, 1915.25
1570932452, 0, 857, 1358, 1122, 241, 6.40%, 10, 0, 4, 2017.76
1570932716, 0, 874, 1358, 1119, 240, 6.40%, 10, 0, 4, 2177.07
1570932835, 0, 874, 1359, 1120, 240, 6.40%, 10, 0, 4, 1897.76
1570932850, 0, 874, 1361, 1122, 240, 6.43%, 10, 0, 4, 1907.27
1570933110, 0, 874, 1362, 1123, 240, 6.43%, 10, 0, 4, 1909.50
1570933151, 0, 884, 1362, 1119, 238, 6.43%, 10, 0, 4, 2469.17
1570933238, 0, 884, 1364, 1121, 238, 6.43%, 10, 0, 4, 1896.85
1570933274, 0, 884, 1365, 1122, 238, 6.43%, 10, 0, 4, 1900.16
1570933589, 0, 892, 1365, 1118, 236, 6.43%, 10, 0, 4, 2483.16
1570933615, 0, 892, 1366, 1119, 236, 6.43%, 10, 0, 4, 1728.55
1570933625, 0, 892, 1368, 1121, 236, 6.43%, 10, 0, 4, 1778.70
1570933753, 0, 892, 1369, 1122, 236, 6.43%, 10, 0, 4, 1841.64
1570933759, 0, 892, 1370, 1123, 236, 6.43%, 10, 0, 4, 1832.70
1570933967, 0, 893, 1371, 1123, 237, 6.43%, 10, 0, 4, 2129.35
1570933972, 0, 898, 1371, 1120, 234, 6.43%, 10, 0, 4, 2139.33
1570934024, 0, 898, 1373, 1122, 234, 6.44%, 10, 0, 4, 1920.27
1570934090, 0, 898, 1374, 1123, 234, 6.44%, 10, 0, 4, 1900.51
1570934106, 0, 898, 1378, 1127, 234, 6.47%, 10, 0, 4, 1916.57
1570934366, 0, 898, 1380, 1129, 234, 6.48%, 10, 0, 4, 1900.91
1570934407, 0, 906, 1380, 1126, 237, 6.48%, 10, 0, 4, 2305.61
1570934432, 0, 906, 1382, 1128, 237, 6.51%, 10, 0, 4, 1909.84
1570934463, 0, 906, 1386, 1132, 237, 6.52%, 10, 0, 4, 1929.34
1570934494, 0, 906, 1389, 1135, 237, 6.52%, 10, 0, 4, 1942.29
1570934530, 0, 906, 1390, 1136, 237, 6.52%, 10, 0, 4, 1895.39
1570934545, 0, 906, 1396, 1142, 237, 6.54%, 10, 0, 4, 1911.19
1570934805, 0, 906, 1398, 1144, 237, 6.54%, 10, 0, 4, 1892.76
1570934846, 0, 915, 1398, 1139, 245, 6.54%, 10, 0, 4, 2530.49
1570934851, 0, 915, 1401, 1142, 245, 6.54%, 10, 0, 4, 2352.95
1570934871, 0, 915, 1412, 1153, 245, 6.65%, 10, 0, 4, 2280.11
1570934923, 0, 915, 1413, 1154, 245, 6.66%, 10, 0, 4, 2260.82
1570934928, 0, 915, 1414, 1155, 245, 6.66%, 10, 0, 4, 2272.47
1570934933, 0, 915, 1417, 1158, 245, 6.66%, 10, 0, 4, 2281.36
1570935015, 0, 915, 1418, 1159, 245, 6.66%, 10, 0, 4, 2314.54
1570935036, 0, 916, 1418, 1158, 253, 6.66%, 10, 0, 4, 2070.03
1570935092, 0, 916, 1419, 1159, 253, 6.66%, 10, 0, 4, 1982.77
1570935451, 0, 916, 1420, 1160, 253, 6.66%, 10, 0, 4, 2064.47
1570935461, 0, 926, 1420, 1158, 252, 6.66%, 10, 0, 4, 2262.67
1570935487, 0, 926, 1421, 1159, 252, 6.66%, 10, 0, 4, 1914.39
1570935901, 0, 927, 1421, 1158, 252, 6.66%, 10, 0, 4, 2090.53
1570935926, 0, 927, 1423, 1160, 252, 6.66%, 10, 0, 4, 1930.41
1570936039, 0, 927, 1428, 1165, 252, 6.68%, 10, 0, 4, 1889.64
1570936340, 0, 928, 1428, 1164, 256, 6.68%, 10, 0, 4, 2098.16
1570936365, 0, 928, 1429, 1165, 256, 6.68%, 10, 0, 4, 1888.51
1570936779, 0, 929, 1430, 1165, 256, 6.68%, 10, 0, 4, 2184.83
1570936805, 0, 929, 1432, 1167, 256, 6.73%, 10, 0, 4, 1899.61
1570936866, 0, 929, 1433, 1168, 256, 6.73%, 10, 0, 4, 1899.94
1570936917, 0, 929, 1437, 1172, 256, 6.73%, 10, 0, 4, 1901.67
1570937219, 0, 938, 1437, 1169, 258, 6.73%, 10, 0, 4, 2430.63
1570937224, 0, 940, 1437, 1168, 257, 6.73%, 10, 0, 4, 2078.98
1570937244, 0, 940, 1438, 1169, 257, 6.73%, 10, 0, 4, 1857.84
1570937275, 0, 940, 1439, 1170, 257, 6.73%, 10, 0, 4, 1891.63
1570937305, 0, 940, 1440, 1171, 257, 6.74%, 10, 0, 4, 1894.68
1570937361, 0, 940, 1441, 1172, 257, 6.74%, 10, 0, 4, 1895.38
1570937658, 0, 941, 1441, 1171, 259, 6.74%, 10, 0, 4, 2168.56
1570937663, 0, 945, 1441, 1170, 258, 6.74%, 10, 0, 4, 2026.87
1570937683, 0, 945, 1450, 1179, 258, 6.76%, 10, 0, 4, 1886.76
1570937714, 0, 945, 1455, 1184, 258, 6.78%, 10, 0, 4, 1888.59
1570937745, 0, 945, 1457, 1186, 258, 6.78%, 10, 0, 4, 1892.68
1570937801, 0, 945, 1470, 1199, 258, 6.80%, 10, 0, 4, 1901.09
1570937975, 0, 945, 1471, 1200, 258, 6.81%, 10, 0, 4, 1903.79
1570938062, 0, 945, 1478, 1207, 258, 6.83%, 10, 0, 4, 1895.96
1570938102, 0, 949, 1478, 1204, 277, 6.83%, 10, 0, 4, 2337.22
1570938123, 0, 949, 1479, 1205, 277, 6.83%, 10, 0, 4, 1893.03
1570938128, 0, 949, 1482, 1208, 277, 6.83%, 10, 0, 4, 1908.70
1570938189, 0, 949, 1483, 1209, 277, 6.84%, 10, 0, 4, 1920.47
1570938241, 0, 949, 1490, 1216, 277, 6.86%, 10, 0, 4, 1896.59
1570938506, 0, 949, 1492, 1218, 277, 6.86%, 10, 0, 4, 1864.25
1570938542, 0, 949, 1493, 1219, 277, 6.86%, 10, 0, 4, 2125.77
1570938547, 0, 958, 1493, 1215, 282, 6.86%, 10, 0, 4, 2212.09
1570938573, 0, 958, 1494, 1216, 282, 6.87%, 10, 0, 4, 1960.41
1570938603, 0, 958, 1496, 1218, 282, 6.87%, 10, 0, 4, 1975.41
1570938629, 0, 958, 1498, 1220, 282, 6.87%, 10, 0, 4, 1919.61
1570938685, 0, 958, 1501, 1223, 282, 6.89%, 10, 0, 4, 1915.12
1570938982, 0, 960, 1501, 1222, 287, 6.89%, 10, 0, 4, 2035.93
1570939003, 0, 960, 1504, 1225, 287, 6.94%, 10, 0, 4, 1897.43
1570939034, 0, 960, 1506, 1227, 287, 6.96%, 10, 0, 4, 1899.21
1570939064, 0, 960, 1509, 1230, 287, 6.97%, 10, 0, 4, 1890.35
1570939120, 0, 960, 1515, 1236, 287, 7.04%, 10, 0, 4, 1895.76
1570939421, 0, 961, 1515, 1235, 294, 7.04%, 10, 0, 4, 2005.23
1570939473, 0, 961, 1516, 1236, 294, 7.04%, 10, 0, 4, 1906.01
1570939503, 0, 961, 1517, 1237, 294, 7.04%, 10, 0, 4, 1907.54
1570939856, 0, 963, 1517, 1236, 294, 7.04%, 10, 0, 4, 2179.78
1570939881, 0, 963, 1518, 1237, 294, 7.04%, 10, 0, 4, 1927.16
1570939984, 0, 963, 1519, 1238, 294, 7.04%, 10, 0, 4, 1914.84
1570939994, 0, 963, 1521, 1240, 294, 7.04%, 10, 0, 4, 1919.94
1570940030, 0, 963, 1522, 1241, 294, 7.04%, 10, 0, 4, 2024.72
1570940153, 0, 963, 1523, 1242, 294, 7.04%, 10, 0, 4, 1973.08
1570940255, 0, 963, 1525, 1244, 294, 7.04%, 10, 0, 4, 1924.78
1570940285, 0, 968, 1525, 1243, 297, 7.04%, 10, 0, 4, 2237.03
1570940306, 0, 968, 1526, 1244, 297, 7.04%, 10, 0, 4, 1875.64
1570940311, 0, 968, 1527, 1245, 297, 7.04%, 10, 0, 4, 1898.66
1570940726, 0, 969, 1527, 1244, 297, 7.04%, 10, 0, 4, 2142.04
1570940731, 0, 971, 1527, 1243, 296, 7.04%, 10, 0, 4, 2027.03
1570940752, 0, 971, 1528, 1244, 296, 7.04%, 10, 0, 4, 1864.61
1570940783, 0, 971, 1529, 1245, 296, 7.05%, 10, 0, 4, 1890.74
1570940870, 0, 971, 1530, 1246, 296, 7.05%, 10, 0, 4, 1890.19
1570941173, 0, 974, 1530, 1243, 296, 7.05%, 10, 0, 4, 2153.14
1570941193, 0, 974, 1533, 1246, 296, 7.05%, 10, 0, 4, 1875.28
1570941198, 0, 974, 1535, 1248, 296, 7.05%, 10, 0, 4, 1915.98
1570941203, 0, 974, 1536, 1249, 296, 7.05%, 10, 0, 4, 1924.56
1570941229, 0, 974, 1539, 1252, 296, 7.05%, 10, 0, 4, 1925.35
1570941260, 0, 974, 1540, 1253, 296, 7.05%, 10, 0, 4, 1928.67
1570941311, 0, 974, 1546, 1259, 296, 7.05%, 10, 0, 4, 1884.14
1570941475, 0, 974, 1547, 1260, 296, 7.05%, 10, 0, 4, 1923.10
1570941572, 0, 974, 1548, 1261, 296, 7.05%, 10, 0, 4, 1885.04
1570941608, 0, 979, 1548, 1259, 300, 7.05%, 10, 0, 4, 2248.03
1570941633, 0, 979, 1550, 1261, 300, 7.06%, 10, 0, 4, 1901.65
1570941664, 0, 979, 1552, 1263, 300, 7.06%, 10, 0, 4, 1896.12
1570941740, 0, 979, 1553, 1264, 300, 7.06%, 10, 0, 4, 1887.51
1570941751, 0, 979, 1555, 1266, 300, 7.07%, 10, 0, 4, 1864.80
1570942047, 0, 980, 1555, 1265, 303, 7.07%, 10, 0, 4, 2116.20
1570942052, 0, 985, 1556, 1265, 302, 7.07%, 10, 0, 4, 1916.53
1570942083, 0, 985, 1557, 1266, 302, 7.07%, 10, 0, 4, 1797.89
1570942113, 0, 985, 1558, 1267, 302, 7.07%, 10, 0, 4, 1770.12
1570942118, 0, 985, 1559, 1268, 302, 7.07%, 10, 0, 4, 1748.65
1570942216, 0, 985, 1563, 1272, 302, 7.07%, 10, 0, 4, 1853.86
1570942430, 0, 989, 1563, 1271, 303, 7.07%, 10, 0, 4, 2044.00
1570942461, 0, 989, 1564, 1272, 303, 7.07%, 10, 0, 4, 1952.47
1570942579, 0, 989, 1565, 1273, 303, 7.07%, 10, 0, 4, 2008.16
1570942864, 0, 1001, 1565, 1269, 300, 7.07%, 10, 0, 4, 2495.38
1570942885, 0, 1001, 1566, 1270, 300, 7.07%, 10, 0, 4, 1874.64
1570942890, 0, 1001, 1570, 1274, 300, 7.08%, 10, 0, 4, 1883.66
1570942921, 0, 1001, 1574, 1278, 300, 7.08%, 10, 0, 4, 1882.47
1570942951, 0, 1001, 1575, 1279, 300, 7.08%, 10, 0, 4, 1875.32
1570943008, 0, 1001, 1587, 1291, 300, 7.10%, 11, 0, 4, 1885.10
1570943304, 0, 1002, 1587, 1290, 310, 7.10%, 11, 0, 4, 2113.00
1570943334, 0, 1002, 1590, 1293, 310, 7.10%, 11, 0, 4, 1963.39
1570943401, 0, 1002, 1590, 1293, 310, 7.10%, 12, 0, 4, 1936.24
1570943452, 0, 1002, 1591, 1294, 310, 7.10%, 12, 0, 4, 1923.57
1570943738, 0, 1011, 1591, 1292, 310, 7.10%, 12, 0, 4, 2271.42
1570943768, 0, 1011, 1592, 1293, 310, 7.10%, 12, 0, 4, 1933.22
1570944176, 0, 1014, 1592, 1292, 310, 7.10%, 12, 0, 4, 2054.11
1570944202, 0, 1014, 1593, 1293, 310, 7.10%, 12, 0, 4, 1947.37
1570944610, 0, 1017, 1593, 1292, 310, 7.10%, 12, 0, 4, 2156.02
1570944615, 0, 1029, 1594, 1287, 304, 7.10%, 12, 0, 4, 2473.90
1570944932, 0, 1029, 1594, 1287, 304, 7.10%, 13, 0, 4, 1973.28
1570945054, 0, 1042, 1594, 1280, 298, 7.10%, 13, 0, 4, 2577.72
1570945059, 0, 1062, 1594, 1273, 291, 7.10%, 13, 0, 4, 2822.66
1570945064, 0, 1080, 1594, 1269, 287, 7.10%, 13, 0, 4, 2342.65
1570945085, 0, 1080, 1595, 1270, 287, 7.10%, 13, 0, 4, 1865.02
1570945469, 0, 1080, 1596, 1271, 287, 7.10%, 13, 0, 4, 1891.74
1570945504, 0, 1081, 1596, 1270, 287, 7.10%, 13, 0, 4, 2125.51
1570945525, 0, 1081, 1597, 1271, 287, 7.10%, 13, 0, 4, 1893.22
1570945530, 0, 1081, 1598, 1272, 287, 7.11%, 13, 0, 4, 1914.93
1570945591, 0, 1081, 1599, 1273, 287, 7.11%, 13, 0, 4, 1929.78
1570945601, 0, 1081, 1600, 1274, 287, 7.11%, 13, 0, 4, 1948.22
1570945647, 0, 1081, 1604, 1278, 287, 7.12%, 13, 0, 4, 1900.85
1570945806, 0, 1081, 1605, 1279, 287, 7.12%, 13, 0, 4, 1986.34
1570945908, 0, 1081, 1606, 1280, 287, 7.12%, 13, 0, 4, 1905.11
1570945913, 0, 1081, 1607, 1281, 287, 7.12%, 13, 0, 4, 1901.02
1570945944, 0, 1083, 1607, 1280, 295, 7.12%, 13, 0, 4, 2087.57
1570946384, 0, 1088, 1608, 1280, 294, 7.12%, 13, 0, 4, 2130.11
1570946414, 0, 1088, 1609, 1281, 294, 7.12%, 13, 0, 4, 1965.41
1570946819, 0, 1090, 1609, 1279, 294, 7.12%, 13, 0, 4, 2322.85
1570946844, 0, 1090, 1611, 1281, 294, 7.12%, 13, 0, 4, 2171.77
1570946870, 0, 1090, 1612, 1282, 294, 7.12%, 13, 0, 4, 2164.20
1570946926, 0, 1090, 1613, 1283, 294, 7.12%, 13, 0, 4, 2184.35
1570947095, 0, 1094, 1617, 1284, 294, 7.14%, 13, 0, 4, 2396.61
1570947105, 0, 1094, 1620, 1287, 294, 7.14%, 13, 0, 4, 2160.19
1570947120, 0, 1094, 1625, 1292, 294, 7.14%, 13, 0, 4, 2158.52
1570947125, 0, 1094, 1627, 1294, 294, 7.15%, 13, 0, 4, 2137.62
1570947151, 0, 1094, 1628, 1295, 294, 7.15%, 13, 0, 4, 2159.89
1570947182, 0, 1094, 1630, 1297, 294, 7.15%, 13, 0, 4, 2172.24
1570947366, 0, 1095, 1630, 1296, 300, 7.15%, 13, 0, 4, 2274.21
1570947371, 0, 1101, 1631, 1291, 294, 7.16%, 13, 0, 4, 2583.40
1570947397, 0, 1101, 1632, 1292, 294, 7.16%, 13, 0, 4, 2131.16
1570947402, 0, 1101, 1633, 1293, 294, 7.16%, 13, 0, 4, 2124.78
1570947474, 0, 1101, 1634, 1294, 294, 7.16%, 13, 0, 4, 2186.78
1570947617, 0, 1103, 1634, 1293, 295, 7.16%, 13, 0, 4, 2213.20
1570947637, 0, 1103, 1635, 1294, 295, 7.16%, 13, 0, 4, 2163.03
1570947888, 0, 1118, 1635, 1289, 290, 7.16%, 13, 0, 4, 2619.13
1570947893, 0, 1127, 1635, 1286, 287, 7.16%, 13, 0, 4, 2486.73
1570947919, 0, 1127, 1636, 1287, 287, 7.16%, 13, 0, 4, 2257.19
1570947940, 0, 1127, 1638, 1289, 287, 7.16%, 13, 0, 4, 2284.42
1570947945, 0, 1127, 1639, 1290, 287, 7.16%, 13, 0, 4, 2287.81
1570947986, 0, 1127, 1640, 1291, 287, 7.16%, 13, 0, 4, 2300.05
1570948087, 0, 1128, 1640, 1290, 290, 7.16%, 13, 0, 4, 2405.40
1570948092, 0, 1133, 1640, 1286, 286, 7.16%, 13, 0, 4, 2285.26
1570948113, 0, 1133, 1641, 1287, 286, 7.16%, 13, 0, 5, 1886.69
1570948184, 0, 1133, 1642, 1288, 286, 7.16%, 13, 0, 5, 1922.09
1570948496, 0, 1133, 1643, 1289, 286, 7.16%, 13, 0, 5, 1898.17
1570948532, 0, 1134, 1643, 1288, 284, 7.16%, 13, 0, 5, 2219.90
1570948537, 0, 1139, 1645, 1286, 282, 7.16%, 13, 0, 5, 2256.05
1570948557, 0, 1139, 1646, 1287, 282, 7.16%, 13, 0, 5, 1881.10
1570948675, 0, 1139, 1647, 1288, 282, 7.16%, 13, 0, 5, 1899.73
1570948976, 0, 1144, 1647, 1286, 281, 7.16%, 13, 0, 5, 2291.34
1570949114, 0, 1144, 1649, 1288, 281, 7.17%, 13, 0, 5, 1901.05
1570949421, 0, 1148, 1649, 1285, 280, 7.17%, 13, 0, 5, 2112.13
1570949441, 0, 1148, 1650, 1286, 280, 7.17%, 13, 0, 5, 1882.23
1570949477, 0, 1148, 1651, 1287, 280, 7.17%, 13, 0, 5, 1936.58
1570949564, 0, 1148, 1652, 1288, 280, 7.17%, 14, 0, 5, 1867.10
1570949830, 0, 1148, 1653, 1289, 280, 7.17%, 14, 0, 5, 1865.78
1570949866, 0, 1151, 1653, 1288, 280, 7.17%, 14, 0, 5, 2101.81
1570949886, 0, 1151, 1654, 1289, 280, 7.17%, 14, 0, 5, 1862.98
1570949922, 0, 1151, 1655, 1290, 280, 7.17%, 14, 0, 5, 1922.38
1570950004, 0, 1151, 1656, 1291, 280, 7.17%, 14, 0, 5, 1824.80
1570950306, 0, 1152, 1656, 1290, 280, 7.17%, 14, 0, 5, 2149.01
1570950332, 0, 1152, 1657, 1291, 280, 7.17%, 14, 0, 5, 1882.02
1570950752, 0, 1159, 1657, 1290, 279, 7.17%, 14, 0, 5, 2196.43
1570950809, 0, 1159, 1658, 1291, 279, 7.18%, 14, 0, 5, 1905.91
1570950839, 0, 1159, 1659, 1292, 279, 7.18%, 14, 0, 5, 1904.64
1570950881, 0, 1159, 1660, 1293, 279, 7.18%, 14, 0, 5, 1886.82
1570951157, 0, 1159, 1667, 1300, 279, 7.24%, 14, 0, 5, 1899.17
1570951192, 0, 1161, 1667, 1299, 285, 7.24%, 14, 0, 5, 2081.41
1570951218, 0, 1161, 1669, 1301, 285, 7.25%, 14, 0, 5, 1877.47
1570951280, 0, 1161, 1670, 1302, 285, 7.26%, 14, 0, 5, 1896.12
1570951321, 0, 1161, 1671, 1303, 285, 7.26%, 14, 0, 5, 1875.82
1570951336, 0, 1161, 1679, 1311, 285, 7.29%, 14, 0, 5, 1868.65
1570951638, 0, 1162, 1679, 1310, 293, 7.29%, 14, 0, 5, 1996.52
1570951658, 0, 1162, 1680, 1311, 293, 7.29%, 14, 0, 5, 1867.72
1570951761, 0, 1162, 1681, 1312, 293, 7.29%, 14, 0, 5, 1853.59
1570951776, 0, 1162, 1682, 1313, 293, 7.29%, 14, 0, 5, 1858.05
1570952083, 0, 1168, 1682, 1311, 292, 7.29%, 14, 0, 5, 2053.75
1570952205, 0, 1168, 1683, 1312, 292, 7.29%, 14, 0, 5, 1886.12
1570952221, 0, 1168, 1686, 1315, 292, 7.30%, 14, 0, 5, 1888.63
1570952518, 0, 1170, 1686, 1313, 292, 7.30%, 14, 0, 5, 2306.73
1570952523, 0, 1186, 1686, 1307, 286, 7.30%, 14, 0, 5, 2533.98
1570952548, 0, 1186, 1687, 1308, 286, 7.30%, 14, 0, 5, 1847.78
1570952579, 0, 1186, 1689, 1310, 286, 7.30%, 14, 0, 5, 1866.61
1570952651, 0, 1186, 1690, 1311, 286, 7.30%, 14, 0, 5, 1865.09
1570952666, 0, 1186, 1695, 1316, 286, 7.30%, 15, 0, 5, 1876.12
1570952932, 0, 1186, 1698, 1319, 286, 7.30%, 15, 0, 5, 1875.14
1570952967, 0, 1191, 1698, 1317, 286, 7.30%, 15, 0, 5, 2249.56
1570953054, 0, 1191, 1699, 1318, 286, 7.33%, 15, 0, 5, 1933.61
1570953095, 0, 1191, 1700, 1319, 286, 7.33%, 15, 0, 5, 1878.74
1570953106, 0, 1191, 1707, 1326, 286, 7.34%, 15, 0, 5, 1885.44
1570953402, 0, 1197, 1708, 1325, 291, 7.35%, 15, 0, 5, 2221.75
1570953427, 0, 1197, 1711, 1328, 291, 7.35%, 15, 0, 5, 1896.53
1570953530, 0, 1197, 1712, 1329, 291, 7.35%, 15, 0, 5, 1880.70
1570953540, 0, 1197, 1713, 1330, 291, 7.36%, 15, 0, 5, 1888.81
1570953801, 0, 1197, 1714, 1331, 291, 7.36%, 15, 0, 5, 1882.24
1570953837, 0, 1208, 1714, 1327, 291, 7.36%, 15, 0, 5, 2484.38
1570953862, 0, 1208, 1719, 1332, 291, 7.40%, 15, 0, 5, 2188.11
1570953924, 0, 1208, 1720, 1333, 291, 7.43%, 15, 0, 5, 2223.95
1570954042, 0, 1208, 1722, 1335, 291, 7.44%, 15, 0, 5, 2220.75
1570954052, 0, 1239, 1727, 1323, 282, 7.48%, 15, 0, 5, 2446.31
1570954057, 0, 1241, 1750, 1344, 290, 7.68%, 15, 0, 5, 2546.14
1570954062, 0, 1249, 1753, 1345, 293, 7.69%, 15, 0, 5, 2348.50
1570954093, 0, 1249, 1755, 1347, 293, 7.69%, 15, 0, 5, 2039.40
1570954324, 0, 1249, 1756, 1348, 293, 7.69%, 15, 0, 5, 2039.40
1570954334, 0, 1249, 1758, 1350, 293, 7.69%, 15, 0, 5, 2072.86
1570954416, 0, 1251, 1758, 1349, 293, 7.69%, 15, 0, 5, 2284.40
1570954436, 0, 1251, 1759, 1350, 293, 7.69%, 15, 0, 5, 1994.09
1570954446, 0, 1251, 1760, 1351, 293, 7.69%, 15, 0, 5, 2044.43
1570954795, 0, 1255, 1760, 1350, 293, 7.69%, 15, 0, 5, 2254.35
1570955241, 0, 1259, 1760, 1349, 292, 7.69%, 15, 0, 5, 2219.24
1570955481, 0, 1262, 1760, 1347, 290, 7.69%, 15, 0, 5, 2302.13
1570955680, 0, 1270, 1760, 1343, 286, 7.69%, 15, 0, 5, 2400.40
1570955711, 0, 1270, 1763, 1346, 286, 7.69%, 15, 0, 5, 1995.20
1570956065, 0, 1272, 1764, 1346, 285, 7.69%, 15, 0, 5, 2291.41
1570956091, 0, 1272, 1765, 1347, 285, 7.69%, 15, 0, 5, 2197.10
1570956152, 0, 1272, 1766, 1348, 285, 7.69%, 15, 0, 5, 2223.52
1570956183, 0, 1272, 1766, 1348, 285, 7.69%, 16, 0, 5, 2200.08
1570956249, 0, 1272, 1767, 1349, 285, 7.69%, 16, 0, 5, 2194.00
1570956300, 0, 1273, 1767, 1348, 285, 7.69%, 16, 0, 5, 2296.02
1570956336, 0, 1273, 1768, 1349, 285, 7.69%, 16, 0, 5, 1882.15
1570956750, 0, 1279, 1768, 1346, 283, 7.69%, 16, 0, 5, 2437.88
1570956755, 0, 1282, 1768, 1345, 282, 7.69%, 16, 0, 5, 2071.48
1570956776, 0, 1282, 1769, 1346, 282, 7.69%, 16, 0, 5, 1904.61
1570956837, 0, 1282, 1770, 1347, 282, 7.70%, 16, 0, 5, 1907.75
1570957179, 0, 1286, 1770, 1345, 282, 7.70%, 16, 0, 5, 2265.34
1570957205, 0, 1286, 1775, 1350, 282, 7.71%, 16, 0, 5, 1883.00
1570957215, 0, 1286, 1776, 1351, 282, 7.71%, 16, 0, 5, 1912.59
1570957236, 0, 1286, 1777, 1352, 282, 7.71%, 16, 0, 5, 1884.22
1570957266, 0, 1286, 1778, 1353, 282, 7.71%, 16, 0, 5, 1899.84
1570957322, 0, 1286, 1784, 1359, 282, 7.73%, 16, 0, 5, 1906.57
1570957358, 0, 1286, 1785, 1360, 282, 7.73%, 16, 0, 5, 2028.52
1570957577, 0, 1286, 1786, 1361, 282, 7.73%, 16, 0, 5, 1890.71
1570957618, 0, 1288, 1786, 1360, 288, 7.73%, 16, 0, 5, 2003.76
1570957638, 0, 1288, 1789, 1363, 288, 7.74%, 16, 0, 5, 1895.64
1570957669, 0, 1288, 1791, 1365, 288, 7.75%, 16, 0, 5, 1904.67
1570957700, 0, 1288, 1792, 1366, 288, 7.77%, 16, 0, 5, 1903.97
1570957756, 0, 1288, 1797, 1371, 288, 7.80%, 16, 0, 5, 1869.92
1570957909, 0, 1288, 1798, 1372, 288, 7.80%, 16, 0, 5, 1997.28
1570958012, 0, 1288, 1801, 1375, 288, 7.81%, 16, 0, 5, 1907.78
1570958047, 0, 1292, 1801, 1372, 298, 7.81%, 16, 0, 5, 2289.16
1570958073, 0, 1292, 1802, 1373, 298, 7.81%, 16, 0, 5, 1917.12
1570958481, 0, 1300, 1802, 1372, 298, 7.81%, 16, 0, 5, 1980.98
1570958507, 0, 1300, 1809, 1379, 298, 7.81%, 16, 0, 5, 1944.43
1570958916, 0, 1302, 1809, 1378, 298, 7.81%, 16, 0, 5, 2044.27
1570958936, 0, 1302, 1810, 1379, 298, 7.81%, 16, 0, 5, 1882.17
1570959060, 0, 1302, 1811, 1380, 298, 7.81%, 16, 0, 5, 1880.01
1570959361, 0, 1304, 1811, 1379, 299, 7.81%, 16, 0, 5, 2005.27
1570959382, 0, 1304, 1812, 1380, 299, 7.81%, 16, 0, 5, 1875.53
1570959449, 0, 1304, 1814, 1382, 299, 7.81%, 16, 0, 5, 1911.01
1570959500, 0, 1304, 1816, 1384, 299, 7.81%, 16, 0, 5, 1860.06
1570959772, 0, 1304, 1817, 1385, 299, 7.82%, 16, 0, 5, 1879.50
1570959807, 0, 1306, 1817, 1384, 299, 7.82%, 16, 0, 5, 1994.53
1570959833, 0, 1306, 1818, 1385, 299, 7.82%, 16, 0, 5, 1932.76
1570959864, 0, 1306, 1819, 1386, 299, 7.82%, 16, 0, 5, 1931.32
1570959930, 0, 1306, 1820, 1387, 299, 7.82%, 16, 0, 5, 1870.36
1570960207, 0, 1306, 1822, 1389, 299, 7.86%, 16, 0, 5, 1854.55
1570960243, 0, 1311, 1822, 1388, 301, 7.86%, 16, 0, 5, 1973.31
1570960263, 0, 1311, 1834, 1400, 301, 7.86%, 16, 0, 5, 1869.43
1570960294, 0, 1311, 1839, 1405, 301, 7.86%, 16, 0, 5, 1862.42
1570960325, 0, 1311, 1841, 1407, 301, 7.86%, 16, 0, 5, 1872.80
1570960381, 0, 1311, 1855, 1421, 301, 7.86%, 16, 0, 5, 1877.69
1570960540, 0, 1311, 1856, 1422, 301, 7.86%, 16, 0, 5, 1944.35
1570960637, 0, 1311, 1857, 1423, 301, 7.86%, 16, 0, 5, 1875.49
1570960642, 0, 1311, 1858, 1424, 301, 7.86%, 16, 0, 5, 1874.25
1570960673, 0, 1315, 1858, 1423, 307, 7.86%, 16, 0, 5, 2165.70
1570960698, 0, 1315, 1859, 1424, 307, 7.86%, 16, 0, 5, 1866.34
1570960734, 0, 1315, 1861, 1426, 307, 7.86%, 16, 0, 5, 1929.05
1570960816, 0, 1315, 1871, 1436, 307, 7.86%, 16, 0, 5, 1877.86
1570961076, 0, 1315, 1875, 1440, 307, 7.86%, 16, 0, 5, 1872.38
1570961112, 0, 1317, 1875, 1439, 310, 7.86%, 16, 0, 5, 1999.30
1570961138, 0, 1317, 1876, 1440, 310, 7.86%, 16, 0, 5, 1916.86
1570961174, 0, 1317, 1877, 1441, 310, 7.86%, 16, 0, 5, 1906.55
1570961558, 0, 1321, 1877, 1440, 311, 7.86%, 16, 0, 5, 2073.79
1570961584, 0, 1321, 1883, 1446, 311, 7.86%, 16, 0, 5, 1900.25
1570961614, 0, 1321, 1886, 1449, 311, 7.86%, 16, 0, 5, 1903.88
1570961697, 0, 1321, 1895, 1458, 311, 7.86%, 16, 0, 5, 1868.01
1570961958, 0, 1321, 1897, 1460, 311, 7.86%, 16, 0, 5, 1834.31
1570961993, 0, 1323, 1897, 1459, 325, 7.86%, 16, 0, 5, 2064.86
1570962014, 0, 1323, 1898, 1460, 325, 7.86%, 16, 0, 5, 1864.98
1570962019, 0, 1323, 1899, 1461, 325, 7.86%, 16, 0, 5, 1902.16
1570962050, 0, 1323, 1900, 1462, 325, 7.86%, 16, 0, 5, 1905.84
1570962081, 0, 1323, 1901, 1463, 325, 7.86%, 16, 0, 5, 1904.98
1570962122, 0, 1323, 1902, 1464, 325, 7.86%, 16, 0, 5, 1868.58
1570962132, 0, 1323, 1905, 1467, 325, 7.86%, 16, 0, 5, 1862.13
1570962427, 0, 1325, 1905, 1466, 326, 7.86%, 16, 0, 5, 2232.60
1570962453, 0, 1325, 1906, 1467, 326, 7.86%, 16, 0, 5, 1858.05
1570962570, 0, 1325, 1909, 1470, 326, 7.86%, 16, 0, 5, 1881.79
1570962873, 0, 1327, 1909, 1469, 325, 7.86%, 16, 0, 5, 2061.51
1570962990, 0, 1327, 1910, 1470, 325, 7.86%, 16, 0, 5, 1846.95
1570963011, 0, 1327, 1911, 1471, 325, 7.86%, 16, 0, 5, 1858.42
1570963317, 0, 1335, 1911, 1470, 325, 7.86%, 16, 0, 5, 2213.11
1570963322, 0, 1352, 1911, 1468, 323, 7.86%, 16, 0, 5, 2059.75
1570963343, 0, 1352, 1913, 1470, 323, 7.86%, 16, 0, 5, 1876.74
1570963404, 0, 1352, 1915, 1472, 323, 7.86%, 16, 0, 5, 1883.73
1570963415, 0, 1352, 1916, 1473, 323, 7.86%, 16, 0, 5, 1896.63
1570963456, 0, 1352, 1925, 1482, 323, 7.86%, 16, 0, 5, 1882.93
1570963497, 0, 1352, 1926, 1483, 323, 7.86%, 16, 0, 5, 1981.28
1570963768, 0, 1357, 1926, 1482, 326, 7.86%, 16, 0, 5, 1879.20
1570963788, 0, 1357, 1938, 1494, 326, 7.86%, 16, 0, 5, 1743.30
1570963798, 0, 1357, 1944, 1500, 326, 7.86%, 16, 0, 5, 1809.71
1570963824, 0, 1357, 1949, 1505, 326, 7.86%, 16, 0, 5, 1755.69
1570963834, 0, 1357, 1952, 1508, 326, 7.86%, 16, 0, 5, 1741.44
1570963855, 0, 1357, 1955, 1511, 326, 7.86%, 16, 0, 5, 1740.06
1570963865, 0, 1357, 1957, 1513, 326, 7.86%, 16, 0, 5, 1765.26
1570963911, 0, 1357, 1974, 1530, 326, 7.86%, 16, 0, 5, 1745.93
1570963946, 0, 1357, 1980, 1536, 326, 7.86%, 16, 0, 5, 1909.43
1570964074, 0, 1357, 1985, 1541, 326, 7.86%, 16, 0, 5, 1844.23
1570964110, 0, 1357, 1986, 1542, 326, 7.86%, 16, 0, 5, 1764.48
1570964166, 0, 1357, 1994, 1550, 326, 7.86%, 16, 0, 5, 1726.21
1570964201, 0, 1358, 1994, 1549, 327, 7.86%, 16, 0, 5, 1989.55
1570964288, 0, 1358, 1996, 1551, 327, 7.86%, 16, 0, 5, 1931.81
1570964324, 0, 1358, 1997, 1552, 327, 7.86%, 16, 0, 5, 1881.58
1570964340, 0, 1358, 2007, 1562, 327, 7.86%, 16, 0, 5, 1890.56
1570964514, 0, 1358, 2008, 1563, 327, 7.86%, 16, 0, 5, 1882.82
1570964601, 0, 1358, 2010, 1565, 327, 7.86%, 16, 0, 5, 1849.84
1570964641, 0, 1364, 2010, 1563, 328, 7.86%, 16, 0, 5, 2270.77
1570964729, 0, 1364, 2012, 1565, 328, 7.86%, 16, 0, 5, 1878.25
1570964764, 0, 1364, 2013, 1566, 328, 7.86%, 16, 0, 5, 1876.64
1570965042, 0, 1364, 2014, 1567, 328, 7.86%, 16, 0, 5, 1868.68
1570965083, 0, 1369, 2014, 1566, 329, 7.86%, 16, 0, 5, 2166.19
1570965109, 0, 1369, 2016, 1568, 329, 7.86%, 16, 0, 5, 1707.58
1570965471, 0, 1374, 2016, 1567, 327, 7.86%, 16, 0, 5, 1959.51
1570965492, 0, 1374, 2017, 1568, 327, 7.87%, 16, 0, 5, 1867.69
1570965522, 0, 1374, 2018, 1569, 327, 7.87%, 16, 0, 5, 1882.70
1570965594, 0, 1374, 2019, 1570, 327, 7.87%, 16, 0, 5, 1868.33
1570965916, 0, 1376, 2019, 1568, 326, 7.87%, 16, 0, 5, 2076.70
1570966039, 0, 1376, 2020, 1569, 326, 7.87%, 16, 0, 5, 1875.02
1570966054, 0, 1376, 2021, 1570, 326, 7.88%, 16, 0, 5, 1879.56
1570966356, 0, 1383, 2021, 1567, 324, 7.88%, 16, 0, 5, 2331.42
1570966479, 0, 1383, 2022, 1568, 324, 7.88%, 16, 0, 5, 1846.89
1570966803, 0, 1389, 2022, 1564, 321, 7.88%, 16, 0, 5, 2286.46
1570966829, 0, 1389, 2024, 1566, 321, 7.88%, 16, 0, 5, 1909.42
1570966859, 0, 1389, 2027, 1569, 321, 7.88%, 16, 0, 5, 1890.10
1570966890, 0, 1389, 2030, 1572, 321, 7.88%, 16, 0, 5, 1899.63
1570966926, 0, 1389, 2031, 1573, 321, 7.88%, 16, 0, 5, 1870.06
1570966942, 0, 1389, 2046, 1588, 321, 7.88%, 16, 0, 5, 1877.38
1570967213, 0, 1389, 2050, 1592, 321, 7.88%, 16, 0, 5, 1872.12
1570967254, 0, 1394, 2050, 1591, 328, 7.88%, 16, 0, 5, 1997.91
1570967694, 0, 1398, 2050, 1590, 327, 7.88%, 16, 0, 5, 2251.15
1570967699, 0, 1402, 2051, 1590, 326, 7.88%, 16, 0, 5, 2259.66
1570967720, 0, 1402, 2054, 1593, 326, 7.88%, 16, 0, 5, 2232.12
1570967889, 0, 1404, 2056, 1594, 329, 7.88%, 16, 0, 5, 2323.00
1570967915, 0, 1404, 2057, 1595, 329, 7.89%, 16, 0, 5, 2237.94
1570967940, 0, 1404, 2058, 1596, 329, 7.89%, 16, 0, 5, 2246.64
1570968079, 0, 1405, 2059, 1596, 331, 7.89%, 16, 0, 5, 2309.37
1570968104, 0, 1405, 2060, 1597, 331, 7.89%, 16, 0, 5, 2236.02
1570968233, 0, 1405, 2061, 1598, 331, 7.89%, 16, 0, 5, 2266.14
1570968248, 0, 1405, 2062, 1599, 331, 7.92%, 16, 0, 5, 2249.66
1570968268, 0, 1406, 2063, 1599, 331, 7.92%, 16, 0, 5, 2278.14
1570968289, 0, 1406, 2064, 1600, 331, 7.92%, 16, 0, 5, 2235.35
1570968294, 0, 1406, 2066, 1602, 331, 7.92%, 16, 0, 5, 2235.66
1570968458, 0, 1408, 2067, 1601, 330, 7.92%, 16, 0, 5, 2335.58
1570968484, 0, 1408, 2068, 1602, 330, 7.93%, 16, 0, 5, 2242.05
1570968504, 0, 1408, 2069, 1603, 330, 7.93%, 16, 0, 5, 2245.54
1570968535, 0, 1408, 2070, 1604, 330, 7.94%, 16, 0, 5, 2213.12
1570968647, 0, 1412, 2071, 1603, 331, 7.94%, 16, 0, 5, 2429.45
1570968673, 0, 1412, 2081, 1613, 331, 7.98%, 16, 0, 5, 2225.33
1570968699, 0, 1412, 2083, 1615, 331, 7.98%, 16, 0, 5, 2224.99
1570968724, 0, 1412, 2086, 1618, 331, 8.00%, 16, 0, 5, 2226.57
1570968750, 0, 1412, 2092, 1624, 331, 8.02%, 16, 0, 5, 2299.64
1570968796, 0, 1412, 2093, 1625, 331, 8.02%, 16, 0, 5, 2296.04
1570968837, 0, 1415, 2095, 1625, 340, 8.02%, 16, 0, 5, 2486.27
1570968842, 0, 1415, 2098, 1628, 340, 8.02%, 16, 0, 5, 2280.46
1570968857, 0, 1415, 2099, 1629, 340, 8.02%, 16, 0, 5, 2220.33
1570968862, 0, 1415, 2101, 1631, 340, 8.02%, 16, 0, 5, 2238.06
1570968868, 0, 1415, 2105, 1635, 340, 8.02%, 16, 0, 5, 2238.33
1570968893, 0, 1415, 2106, 1636, 340, 8.02%, 16, 0, 5, 2240.28
1570968924, 0, 1415, 2107, 1637, 340, 8.02%, 16, 0, 5, 2265.94
1570969030, 0, 1417, 2110, 1638, 341, 8.02%, 16, 0, 5, 2323.92
1570969056, 0, 1417, 2112, 1640, 341, 8.02%, 16, 0, 5, 2227.36
1570969113, 0, 1417, 2115, 1643, 341, 8.02%, 16, 0, 5, 2244.70
1570969118, 0, 1417, 2117, 1645, 341, 8.03%, 16, 0, 5, 2254.65
1570969200, 0, 1417, 2119, 1647, 341, 8.03%, 16, 0, 5, 2231.46
1570969205, 0, 1417, 2120, 1648, 341, 8.03%, 16, 0, 5, 2247.23
1570969220, 0, 1422, 2120, 1647, 345, 8.03%, 16, 0, 5, 2090.38
1570969246, 0, 1422, 2121, 1648, 345, 8.03%, 16, 0, 5, 1878.98
1570969665, 0, 1424, 2121, 1647, 345, 8.03%, 16, 0, 5, 2189.80
1570969690, 0, 1424, 2122, 1648, 345, 8.03%, 16, 0, 5, 1868.67
1570969752, 0, 1424, 2123, 1649, 345, 8.04%, 16, 0, 5, 1862.52
1570970110, 0, 1426, 2123, 1647, 344, 8.04%, 16, 0, 5, 2308.76
1570970115, 0, 1431, 2123, 1645, 342, 8.04%, 16, 0, 5, 2086.13
1570970136, 0, 1431, 2126, 1648, 342, 8.04%, 16, 0, 5, 1847.90
1570970254, 0, 1431, 2128, 1650, 342, 8.04%, 16, 0, 5, 1852.93
1570970462, 0, 1431, 2129, 1651, 342, 8.04%, 16, 0, 5, 1865.62
1570970523, 0, 1431, 2133, 1655, 342, 8.04%, 16, 0, 5, 1830.89
1570970564, 0, 1440, 2133, 1650, 343, 8.04%, 16, 0, 5, 2302.15
1570970585, 0, 1440, 2134, 1651, 343, 8.04%, 16, 0, 5, 1867.20
1570971010, 0, 1442, 2134, 1650, 342, 8.04%, 16, 0, 5, 2097.73
1570971031, 0, 1442, 2135, 1651, 342, 8.04%, 16, 0, 5, 1866.18
1570971036, 0, 1442, 2137, 1653, 342, 8.05%, 16, 0, 5, 1875.64
1570971456, 0, 1444, 2137, 1652, 341, 8.05%, 16, 0, 5, 2174.30
1570971476, 0, 1444, 2138, 1653, 341, 8.05%, 16, 0, 5, 1865.60
1570971481, 0, 1444, 2140, 1655, 341, 8.07%, 16, 0, 5, 1849.55
1570971512, 0, 1444, 2141, 1656, 341, 8.07%, 16, 0, 5, 1872.04
1570971773, 0, 1444, 2142, 1657, 341, 8.10%, 16, 0, 5, 1880.16
1570971866, 0, 1444, 2144, 1659, 341, 8.11%, 16, 0, 5, 1873.59
1570971907, 0, 1451, 2144, 1656, 341, 8.11%, 16, 0, 5, 2095.13
1570971927, 0, 1451, 2145, 1657, 341, 8.11%, 16, 0, 5, 1869.72
1570972351, 0, 1454, 2145, 1656, 341, 8.11%, 16, 0, 5, 2229.05
1570972371, 0, 1454, 2146, 1657, 341, 8.11%, 16, 0, 5, 1855.60
1570972377, 0, 1454, 2148, 1659, 341, 8.11%, 16, 0, 5, 1859.77
1570972801, 0, 1463, 2148, 1655, 338, 8.11%, 16, 0, 5, 2502.03
1570972806, 0, 1466, 2148, 1652, 335, 8.11%, 16, 0, 5, 2194.37
1570972827, 0, 1466, 2149, 1653, 335, 8.11%, 16, 0, 5, 1857.29
1570972832, 0, 1466, 2150, 1654, 335, 8.11%, 16, 0, 5, 1899.71
1570972945, 0, 1466, 2152, 1656, 335, 8.11%, 16, 0, 5, 1865.87
1570972950, 0, 1466, 2153, 1657, 335, 8.11%, 16, 0, 5, 1870.03
1570973251, 0, 1467, 2153, 1656, 336, 8.11%, 16, 0, 5, 2164.66
1570973256, 0, 1476, 2153, 1650, 330, 8.11%, 16, 0, 5, 2399.51
1570973277, 0, 1476, 2154, 1651, 330, 8.11%, 16, 0, 5, 1848.32
1570973282, 0, 1476, 2155, 1652, 330, 8.12%, 16, 0, 5, 1878.40
1570973399, 0, 1476, 2158, 1655, 330, 8.12%, 16, 0, 5, 1872.89
1570973563, 0, 1476, 2159, 1656, 330, 8.12%, 16, 0, 5, 1932.80
1570973665, 0, 1476, 2160, 1657, 330, 8.13%, 16, 0, 5, 1857.92
1570973706, 0, 1480, 2160, 1656, 332, 8.13%, 16, 0, 5, 2013.81
1570973727, 0, 1480, 2161, 1657, 332, 8.13%, 16, 0, 5, 1858.35
1570974152, 0, 1481, 2161, 1656, 332, 8.13%, 16, 0, 5, 1993.86
1570974172, 0, 1481, 2162, 1657, 332, 8.13%, 16, 0, 5, 1844.84
1570974596, 0, 1487, 2162, 1654, 330, 8.13%, 16, 0, 5, 2368.71
1570974617, 0, 1487, 2163, 1655, 330, 8.13%, 16, 0, 5, 1858.55
1570974622, 0, 1487, 2165, 1657, 330, 8.13%, 16, 0, 5, 1860.55
1570974740, 0, 1487, 2171, 1663, 330, 8.15%, 16, 0, 5, 1857.54
1570975006, 0, 1487, 2175, 1667, 330, 8.15%, 16, 0, 5, 1861.56
1570975047, 0, 1492, 2175, 1664, 335, 8.15%, 16, 0, 5, 2213.70
1570975067, 0, 1492, 2176, 1665, 335, 8.15%, 16, 0, 5, 1822.84
1570975072, 0, 1492, 2177, 1666, 335, 8.15%, 16, 0, 5, 1818.41
1570975077, 0, 1492, 2178, 1667, 335, 8.15%, 16, 0, 5, 1892.40
1570975103, 0, 1492, 2179, 1668, 335, 8.15%, 16, 0, 5, 1827.78
1570975113, 0, 1492, 2180, 1669, 335, 8.15%, 16, 0, 5, 1852.86
1570975134, 0, 1492, 2181, 1670, 335, 8.15%, 16, 0, 5, 1822.93
1570975190, 0, 1492, 2185, 1674, 335, 8.15%, 16, 0, 5, 1822.86
1570975492, 0, 1493, 2185, 1673, 336, 8.15%, 16, 0, 5, 2147.71
1570975579, 0, 1493, 2187, 1675, 336, 8.16%, 16, 0, 5, 1868.19
1570975902, 0, 1493, 2188, 1676, 336, 8.16%, 16, 0, 5, 1876.44
1570975937, 0, 1501, 2188, 1670, 332, 8.16%, 16, 0, 5, 2637.71
1570975942, 0, 1502, 2188, 1669, 331, 8.16%, 16, 0, 5, 2077.30
1570976024, 0, 1502, 2189, 1670, 331, 8.16%, 16, 0, 5, 1830.62
1570976085, 0, 1502, 2192, 1673, 331, 8.18%, 16, 0, 5, 1843.69
1570976249, 0, 1502, 2193, 1674, 331, 8.18%, 16, 0, 5, 1916.49
1570976356, 0, 1502, 2194, 1675, 331, 8.18%, 16, 0, 5, 1839.86
1570976392, 0, 1505, 2194, 1674, 334, 8.18%, 16, 0, 5, 2159.53
1570976418, 0, 1505, 2195, 1675, 334, 8.18%, 16, 0, 5, 1841.33
1570976479, 0, 1505, 2196, 1676, 334, 8.18%, 16, 0, 5, 1843.76
1570976484, 0, 1505, 2197, 1677, 334, 8.18%, 16, 0, 5, 1905.63
1570976847, 0, 1513, 2197, 1671, 329, 8.18%, 16, 0, 5, 2586.75
1570976853, 0, 1518, 2197, 1668, 326, 8.18%, 16, 0, 5, 2288.79
1570976980, 0, 1518, 2198, 1669, 326, 8.18%, 16, 0, 5, 1890.74
1570976991, 0, 1518, 2200, 1671, 326, 8.18%, 16, 0, 5, 1898.21
1570977027, 0, 1518, 2201, 1672, 326, 8.18%, 16, 0, 5, 2015.04
1570977252, 0, 1518, 2202, 1673, 326, 8.18%, 16, 0, 5, 1892.36
1570977288, 0, 1524, 2202, 1672, 327, 8.18%, 16, 0, 5, 1994.49
1570977308, 0, 1524, 2204, 1674, 327, 8.19%, 16, 0, 5, 1879.21
1570977426, 0, 1524, 2206, 1676, 327, 8.19%, 16, 0, 5, 1880.90
1570977688, 0, 1524, 2208, 1678, 327, 8.21%, 16, 0, 5, 1881.07
1570977723, 0, 1527, 2208, 1676, 329, 8.21%, 16, 0, 5, 2323.69
1570977729, 0, 1528, 2208, 1675, 328, 8.21%, 16, 0, 5, 2028.66
1570977749, 0, 1528, 2210, 1677, 328, 8.21%, 16, 0, 5, 1840.22
1570978173, 0, 1529, 2210, 1676, 328, 8.21%, 16, 0, 5, 2225.83
1570978198, 0, 1529, 2211, 1677, 328, 8.21%, 16, 0, 5, 1833.59
1570978622, 0, 1536, 2211, 1676, 328, 8.21%, 16, 0, 5, 2135.17
1570978642, 0, 1536, 2212, 1677, 328, 8.21%, 16, 0, 5, 1860.42
1570978648, 0, 1536, 2213, 1678, 328, 8.21%, 16, 0, 5, 1871.30
1570978653, 0, 1536, 2214, 1679, 328, 8.21%, 16, 0, 5, 1925.79
1570978765, 0, 1536, 2215, 1680, 328, 8.21%, 16, 0, 5, 1868.45
1570979066, 0, 1537, 2215, 1679, 328, 8.21%, 16, 0, 5, 2003.02
1570979096, 0, 1537, 2216, 1680, 328, 8.21%, 16, 0, 5, 1887.69
1570979509, 0, 1548, 2216, 1677, 326, 8.21%, 16, 0, 5, 2304.87
1570979643, 0, 1548, 2217, 1678, 326, 8.21%, 16, 0, 5, 1856.73
1570979653, 0, 1548, 2218, 1679, 326, 8.21%, 16, 0, 5, 1873.77
1570979659, 0, 1548, 2219, 1680, 326, 8.22%, 16, 0, 5, 1873.48
1570979955, 0, 1551, 2219, 1679, 328, 8.22%, 16, 0, 5, 2230.97
1570979960, 0, 1566, 2219, 1674, 323, 8.22%, 16, 0, 5, 2322.13
1570979981, 0, 1566, 2221, 1676, 323, 8.22%, 16, 0, 5, 1850.96
1570980104, 0, 1566, 2227, 1682, 323, 8.24%, 17, 0, 5, 1881.20
1570980405, 0, 1578, 2227, 1680, 326, 8.24%, 17, 0, 5, 2080.67
1570980425, 0, 1578, 2228, 1681, 326, 8.24%, 17, 0, 5, 1835.90
1570980552, 0, 1578, 2231, 1684, 326, 8.24%, 17, 0, 5, 1861.35
1570980817, 0, 1578, 2232, 1685, 326, 8.24%, 17, 0, 5, 1841.90
1570980853, 0, 1583, 2232, 1682, 324, 8.24%, 17, 0, 5, 2434.32
1570980858, 0, 1595, 2232, 1676, 318, 8.24%, 17, 0, 5, 2487.92
1570980878, 0, 1595, 2233, 1677, 318, 8.24%, 17, 0, 5, 1840.03
1570980883, 0, 1595, 2234, 1678, 318, 8.24%, 17, 0, 5, 1845.25
1570980945, 0, 1595, 2235, 1679, 318, 8.24%, 17, 0, 5, 1849.43
1570981007, 0, 1595, 2237, 1681, 318, 8.24%, 18, 0, 5, 1842.61
1570981308, 0, 1598, 2237, 1680, 319, 8.24%, 18, 0, 5, 2151.21
1570981313, 0, 1600, 2237, 1678, 317, 8.24%, 18, 0, 5, 2080.24
1570981333, 0, 1600, 2238, 1679, 317, 8.24%, 18, 0, 5, 1818.36
1570981722, 0, 1600, 2239, 1680, 317, 8.24%, 18, 0, 5, 1872.55
1570981758, 0, 1601, 2239, 1679, 317, 8.24%, 18, 0, 5, 2145.60
1570981778, 0, 1601, 2240, 1680, 317, 8.24%, 18, 0, 5, 1849.41
1570982176, 0, 1601, 2241, 1681, 317, 8.24%, 18, 0, 5, 1850.01
1570982207, 0, 1602, 2241, 1680, 317, 8.24%, 18, 0, 5, 2219.94
1570982212, 0, 1611, 2242, 1676, 312, 8.24%, 18, 0, 5, 2501.53
1570982258, 0, 1611, 2243, 1677, 312, 8.24%, 18, 0, 5, 2317.11
1570982294, 0, 1611, 2245, 1679, 312, 8.24%, 18, 0, 5, 2335.98
1570982365, 0, 1611, 2246, 1680, 312, 8.24%, 18, 0, 5, 2348.49
1570982386, 0, 1617, 2249, 1681, 310, 8.25%, 18, 0, 5, 2355.36
1570982412, 0, 1617, 2254, 1686, 310, 8.25%, 18, 0, 5, 2120.59
1570982417, 0, 1617, 2255, 1687, 310, 8.25%, 18, 0, 5, 2118.07
1570982443, 0, 1617, 2256, 1688, 310, 8.25%, 18, 0, 5, 2112.81
1570982478, 0, 1617, 2257, 1689, 310, 8.26%, 18, 0, 5, 2111.79
1570982591, 0, 1617, 2258, 1690, 310, 8.26%, 18, 0, 5, 2156.76
1570982668, 0, 1618, 2258, 1689, 312, 8.26%, 18, 0, 5, 2228.59
1570982693, 0, 1618, 2263, 1694, 312, 8.26%, 18, 0, 5, 2128.51
1570982949, 0, 1619, 2264, 1694, 312, 8.26%, 18, 0, 5, 2223.26
1570982975, 0, 1619, 2269, 1699, 312, 8.26%, 18, 0, 5, 2126.73
1570983231, 0, 1632, 2270, 1698, 312, 8.26%, 18, 0, 5, 2469.21
1570983236, 0, 1633, 2271, 1698, 311, 8.26%, 18, 0, 5, 2230.25
1570983257, 0, 1633, 2275, 1702, 311, 8.27%, 18, 0, 5, 2136.27
1570983262, 0, 1633, 2278, 1705, 311, 8.27%, 18, 0, 5, 2137.11
1570983288, 0, 1633, 2279, 1706, 311, 8.27%, 18, 0, 5, 2154.17
1570983344, 0, 1633, 2281, 1708, 311, 8.27%, 18, 0, 5, 2149.18
1570983349, 0, 1633, 2282, 1709, 311, 8.27%, 18, 0, 5, 2152.41
1570983354, 0, 1633, 2286, 1713, 311, 8.28%, 18, 0, 5, 2186.33
1570983477, 0, 1638, 2286, 1710, 313, 8.28%, 18, 0, 5, 2427.53
1570983502, 0, 1638, 2287, 1711, 313, 8.28%, 18, 0, 5, 2233.00
1570983507, 0, 1638, 2288, 1712, 313, 8.28%, 18, 0, 5, 2224.78
1570983528, 0, 1638, 2289, 1713, 313, 8.28%, 18, 0, 5, 2244.73
1570983569, 0, 1638, 2290, 1714, 313, 8.28%, 18, 0, 5, 2260.33
1570983574, 0, 1638, 2292, 1716, 313, 8.29%, 18, 0, 5, 2250.37
1570983584, 0, 1638, 2293, 1717, 313, 8.29%, 18, 0, 5, 2262.57
1570983589, 0, 1638, 2294, 1718, 313, 8.29%, 18, 0, 5, 2272.22
1570983686, 0, 1644, 2295, 1717, 315, 8.29%, 18, 0, 6, 2283.72
1570983727, 0, 1644, 2296, 1718, 315, 8.30%, 18, 0, 6, 2252.51
1570983732, 0, 1644, 2297, 1719, 315, 8.30%, 18, 0, 6, 2244.95
1570983737, 0, 1644, 2298, 1720, 315, 8.30%, 18, 0, 6, 2236.16
1570983747, 0, 1644, 2299, 1721, 315, 8.30%, 18, 0, 6, 2269.46
1570983844, 0, 1647, 2300, 1721, 320, 8.30%, 18, 0, 6, 2053.08
1570983865, 0, 1647, 2301, 1722, 320, 8.30%, 18, 0, 6, 1850.01
1570983982, 0, 1647, 2304, 1725, 320, 8.32%, 18, 0, 6, 1845.67
1570984294, 0, 1648, 2304, 1724, 322, 8.32%, 18, 0, 6, 2129.95
1570984315, 0, 1648, 2305, 1725, 322, 8.32%, 18, 0, 6, 1862.84
1570984320, 0, 1648, 2306, 1726, 322, 8.33%, 18, 0, 6, 1878.32
1570984744, 0, 1652, 2306, 1725, 323, 8.33%, 18, 0, 6, 1946.39
1570984769, 0, 1652, 2311, 1730, 323, 8.33%, 18, 0, 6, 1824.17
1570984800, 0, 1652, 2314, 1733, 323, 8.33%, 18, 0, 6, 1840.56
1570984831, 0, 1652, 2317, 1736, 323, 8.33%, 18, 0, 6, 1818.84
1570984888, 0, 1652, 2337, 1756, 323, 8.33%, 18, 0, 6, 1822.62
1570985158, 0, 1652, 2338, 1757, 323, 8.33%, 18, 0, 6, 1828.02
1570985194, 0, 1654, 2338, 1755, 323, 8.33%, 18, 0, 6, 2160.89
1570985214, 0, 1654, 2339, 1756, 323, 8.33%, 18, 0, 6, 1840.89
1570985225, 0, 1654, 2340, 1757, 323, 8.33%, 18, 0, 6, 1900.22
1570985250, 0, 1654, 2341, 1758, 323, 8.33%, 18, 0, 6, 1857.62
1570985608, 0, 1654, 2342, 1759, 323, 8.33%, 18, 0, 6, 1838.99
1570985643, 0, 1657, 2342, 1757, 321, 8.33%, 18, 0, 6, 2247.97
1570985674, 0, 1657, 2343, 1758, 321, 8.33%, 18, 0, 6, 1889.85
1570985777, 0, 1657, 2344, 1759, 321, 8.33%, 18, 0, 6, 1835.65
1570985792, 0, 1657, 2347, 1762, 321, 8.33%, 18, 0, 6, 1847.95
1570985966, 0, 1657, 2348, 1763, 321, 8.34%, 18, 0, 6, 1850.30
1570986099, 0, 1667, 2348, 1756, 319, 8.34%, 18, 0, 6, 2565.39
1570986227, 0, 1667, 2349, 1757, 319, 8.34%, 18, 0, 6, 1842.86
1570986549, 0, 1669, 2349, 1755, 318, 8.34%, 18, 0, 6, 2278.33
1570986554, 0, 1670, 2349, 1754, 317, 8.34%, 18, 0, 6, 1976.90
1570986574, 0, 1670, 2353, 1758, 317, 8.34%, 18, 0, 6, 1826.81
1570986610, 0, 1670, 2354, 1759, 317, 8.34%, 18, 0, 6, 1881.05
1570986641, 0, 1670, 2357, 1762, 317, 8.34%, 18, 0, 6, 1872.55
1570986681, 0, 1670, 2358, 1763, 317, 8.34%, 18, 0, 6, 1834.39
1570986692, 0, 1670, 2373, 1778, 317, 8.34%, 18, 0, 6, 1846.13
1570986958, 0, 1670, 2377, 1782, 317, 8.34%, 18, 0, 6, 1844.60
1570986998, 0, 1684, 2377, 1780, 326, 8.34%, 18, 0, 6, 2033.33
1570987122, 0, 1684, 2378, 1781, 326, 8.34%, 18, 0, 6, 1853.49
1570987444, 0, 1688, 2378, 1779, 325, 8.34%, 18, 0, 6, 2067.73
1570987470, 0, 1688, 2380, 1781, 325, 8.34%, 18, 0, 6, 1884.64
1570987889, 0, 1690, 2380, 1780, 324, 8.34%, 18, 0, 6, 2221.10
1570987945, 0, 1690, 2381, 1781, 324, 8.34%, 18, 0, 6, 1836.60
1570987981, 0, 1690, 2382, 1782, 324, 8.35%, 18, 0, 6, 1881.89
1570988032, 0, 1690, 2384, 1784, 324, 8.35%, 18, 0, 6, 1850.35
1570988339, 0, 1691, 2384, 1783, 326, 8.35%, 18, 0, 6, 2154.90
1570988344, 0, 1692, 2384, 1782, 325, 8.35%, 18, 0, 6, 1993.32
1570988487, 0, 1692, 2386, 1784, 325, 8.36%, 18, 0, 6, 1828.14
1570988794, 0, 1699, 2386, 1781, 323, 8.36%, 18, 0, 6, 2411.93
1570988819, 0, 1699, 2387, 1782, 323, 8.36%, 18, 0, 6, 1859.49
1570988881, 0, 1699, 2388, 1783, 323, 8.36%, 18, 0, 6, 1845.50
1570988922, 0, 1699, 2389, 1784, 323, 8.36%, 18, 0, 6, 1924.85
1570988937, 0, 1699, 2395, 1790, 323, 8.36%, 18, 0, 6, 1964.76
