# unix_time, cycles_done, cur_path, paths_total, pending_total, pending_favs, map_size, unique_crashes, unique_hangs, max_depth, execs_per_sec
1570902561, 0, 0, 1, 1, 1, 2.10%, 0, 0, 1, 2000.00
1570902566, 0, 0, 61, 61, 1, 2.43%, 0, 0, 2, 2272.57
1570902576, 0, 0, 66, 66, 1, 2.47%, 0, 0, 2, 2267.28
1570902581, 0, 0, 125, 125, 1, 3.00%, 0, 0, 2, 2231.43
1570902586, 0, 0, 244, 244, 1, 3.33%, 0, 0, 2, 2291.09
1570902592, 0, 0, 329, 329, 1, 3.52%, 0, 0, 2, 2200.86
1570902607, 0, 0, 332, 332, 1, 3.55%, 0, 0, 2, 2076.65
1570902612, 0, 0, 344, 344, 1, 3.84%, 0, 0, 2, 2093.25
1570902617, 0, 0, 368, 368, 1, 3.86%, 0, 0, 2, 2125.96
1570902638, 0, 0, 375, 375, 1, 3.96%, 0, 0, 2, 2073.87
1570902643, 0, 0, 380, 380, 1, 3.99%, 0, 0, 2, 2111.42
1570902648, 0, 0, 395, 395, 1, 3.99%, 0, 0, 2, 2088.03
1570902653, 0, 0, 425, 425, 1, 4.04%, 0, 0, 2, 2134.57
1570902658, 0, 0, 426, 426, 1, 4.04%, 0, 0, 2, 2078.97
1570902668, 0, 0, 428, 428, 1, 4.04%, 0, 0, 2, 2055.68
1570902673, 0, 0, 430, 430, 1, 4.04%, 0, 0, 2, 2055.37
1570902683, 0, 0, 432, 432, 1, 4.05%, 0, 0, 2, 2040.67
1570902689, 0, 0, 458, 458, 1, 4.43%, 0, 0, 2, 2054.33
1570902694, 0, 0, 465, 465, 1, 4.47%, 0, 0, 2, 2062.10
1570902699, 0, 0, 468, 468, 1, 4.51%, 0, 0, 2, 2138.61
1570902704, 0, 0, 474, 474, 1, 4.60%, 0, 0, 2, 2180.42
1570902709, 0, 0, 477, 477, 1, 4.61%, 0, 0, 2, 2183.10
1570902714, 0, 0, 479, 479, 1, 4.62%, 0, 0, 2, 2164.20
1570902724, 0, 0, 520, 520, 1, 4.63%, 0, 0, 2, 2222.17
1570902729, 0, 0, 523, 523, 1, 4.63%, 0, 0, 2, 2079.76
1570902734, 0, 0, 528, 528, 1, 4.63%, 0, 0, 2, 2027.34
1570902750, 0, 0, 529, 529, 1, 4.63%, 0, 0, 2, 2031.65
1570902760, 0, 0, 531, 531, 1, 4.63%, 0, 0, 2, 2049.49
1570902770, 0, 0, 532, 532, 1, 4.63%, 0, 0, 2, 2228.54
1570902791, 0, 0, 533, 533, 1, 4.63%, 0, 0, 2, 2151.26
1570902842, 0, 0, 539, 539, 1, 4.64%, 0, 0, 2, 2076.01
1570902847, 0, 0, 540, 540, 1, 4.64%, 0, 0, 2, 2043.28
1570902857, 0, 0, 547, 547, 1, 4.66%, 0, 0, 2, 2133.79
1570902862, 0, 0, 549, 549, 1, 4.67%, 0, 0, 2, 2064.12
1570902888, 0, 0, 551, 551, 1, 4.68%, 0, 0, 2, 2153.26
1570902898, 0, 0, 554, 554, 1, 4.68%, 0, 0, 2, 2143.66
1570902918, 0, 0, 556, 556, 1, 4.69%, 0, 0, 2, 2071.60
1570902934, 0, 0, 602, 602, 1, 4.72%, 0, 0, 2, 2537.70
1570902939, 0, 0, 622, 622, 1, 4.76%, 0, 0, 2, 2678.63
1570902944, 0, 2, 634, 633, 202, 4.76%, 0, 0, 2, 2800.33
1570902949, 0, 2, 644, 643, 202, 4.80%, 0, 0, 3, 2912.21
1570902954, 0, 2, 645, 644, 202, 4.81%, 0, 0, 3, 2922.92
1570902959, 0, 4, 646, 643, 208, 4.81%, 0, 0, 3, 2969.09
1570902964, 0, 7, 646, 641, 206, 4.81%, 0, 0, 3, 2988.48
1570902969, 0, 8, 646, 640, 205, 4.81%, 0, 0, 3, 2436.01
1570903020, 0, 8, 647, 641, 205, 4.81%, 0, 0, 3, 2089.74
1570903343, 0, 9, 648, 641, 204, 4.81%, 0, 0, 3, 2220.06
1570903369, 0, 9, 655, 648, 204, 4.86%, 0, 0, 3, 2092.35
1570903374, 0, 9, 657, 650, 204, 4.86%, 0, 0, 3, 2053.30
1570903425, 0, 9, 658, 651, 204, 4.86%, 0, 0, 3, 2113.22
1570903486, 0, 9, 659, 652, 204, 4.86%, 0, 0, 3, 2137.35
1570903717, 0, 11, 662, 654, 206, 4.86%, 0, 0, 3, 2183.19
1570903742, 0, 11, 685, 677, 206, 4.87%, 0, 0, 3, 2059.32
1570903809, 0, 11, 688, 680, 206, 4.87%, 0, 0, 3, 2100.95
1570904013, 0, 11, 689, 681, 206, 4.87%, 0, 0, 3, 2193.73
1570904044, 0, 11, 691, 683, 206, 4.87%, 0, 0, 3, 2191.23
1570904080, 0, 11, 692, 684, 206, 4.87%, 0, 0, 3, 2159.72
1570904090, 0, 11, 693, 685, 206, 4.87%, 0, 0, 3, 2187.23
1570904095, 0, 12, 694, 685, 209, 4.87%, 0, 0, 3, 2199.27
1570904121, 0, 12, 697, 688, 209, 4.87%, 0, 0, 3, 2103.20
1570904187, 0, 12, 699, 690, 209, 4.87%, 0, 0, 3, 2101.77
1570904469, 0, 13, 700, 690, 210, 4.87%, 0, 0, 3, 2346.62
1570904474, 0, 13, 701, 691, 210, 4.88%, 0, 0, 3, 2113.66
1570904494, 0, 13, 705, 695, 210, 4.88%, 0, 0, 3, 2074.76
1570904500, 0, 13, 706, 696, 210, 4.88%, 0, 0, 3, 2085.05
1570904566, 0, 13, 707, 697, 210, 4.88%, 0, 0, 3, 2077.34
1570904775, 0, 13, 708, 698, 210, 4.88%, 0, 0, 3, 2064.89
1570904851, 0, 17, 713, 702, 212, 4.92%, 0, 0, 3, 2271.72
1570904872, 0, 17, 715, 704, 212, 4.92%, 0, 0, 3, 2022.86
1570904877, 0, 17, 720, 709, 212, 4.92%, 0, 0, 3, 2083.21
1570904882, 0, 17, 722, 711, 212, 4.93%, 0, 0, 3, 2069.59
1570904908, 0, 17, 723, 712, 212, 4.93%, 0, 0, 3, 2089.27
1570904944, 0, 17, 724, 713, 212, 4.93%, 0, 0, 3, 2139.02
1570905128, 0, 17, 730, 719, 212, 4.95%, 0, 0, 3, 2127.89
1570905225, 0, 22, 733, 721, 224, 4.95%, 0, 0, 3, 2475.28
1570905230, 0, 23, 734, 721, 225, 4.95%, 0, 0, 3, 2865.81
1570905240, 0, 23, 742, 729, 225, 4.95%, 0, 0, 3, 2641.11
1570905251, 0, 23, 743, 730, 225, 4.96%, 0, 0, 3, 2635.10
1570905266, 0, 23, 745, 732, 225, 4.97%, 0, 0, 3, 2644.69
1570905357, 0, 23, 751, 738, 225, 4.97%, 0, 0, 3, 2739.03
1570905363, 0, 23, 753, 740, 225, 4.97%, 0, 0, 3, 2813.58
1570905368, 0, 30, 753, 739, 224, 4.97%, 0, 0, 3, 2747.95
1570905455, 0, 31, 753, 738, 223, 4.97%, 0, 0, 3, 2602.56
1570905476, 0, 31, 754, 739, 223, 4.97%, 0, 0, 3, 2559.65
1570905588, 0, 32, 754, 738, 222, 4.97%, 0, 0, 3, 2659.08
1570905716, 0, 34, 754, 737, 222, 4.97%, 0, 0, 3, 2378.80
1570905737, 0, 34, 762, 745, 222, 4.97%, 0, 0, 3, 2034.77
1570905742, 0, 34, 768, 751, 222, 4.97%, 0, 0, 3, 2093.25
1570905747, 0, 34, 774, 757, 222, 4.97%, 0, 0, 3, 2060.99
1570905772, 0, 34, 780, 763, 222, 4.97%, 0, 0, 3, 2095.53
1570905798, 0, 34, 782, 765, 222, 4.97%, 0, 0, 3, 2108.22
1570905808, 0, 34, 784, 767, 222, 4.97%, 0, 0, 3, 2099.98
1570905844, 0, 34, 786, 769, 222, 4.97%, 0, 0, 3, 2042.03
1570905855, 0, 34, 787, 770, 222, 4.97%, 0, 0, 3, 2163.54
1570905865, 0, 34, 788, 771, 222, 4.97%, 0, 0, 3, 2139.63
1570905875, 0, 34, 790, 773, 222, 4.98%, 0, 0, 3, 2222.38
1570906064, 0, 34, 795, 778, 222, 4.98%, 0, 0, 3, 2029.55
1570906069, 0, 34, 799, 782, 222, 4.98%, 0, 0, 3, 2115.24
1570906084, 0, 35, 800, 782, 226, 4.98%, 0, 0, 3, 2341.50
1570906110, 0, 35, 804, 786, 226, 4.98%, 0, 0, 3, 2078.48
1570906115, 0, 35, 805, 787, 226, 4.99%, 0, 0, 3, 2083.84
1570906447, 0, 35, 806, 788, 226, 4.99%, 0, 0, 3, 2047.74
1570906467, 0, 35, 807, 789, 226, 4.99%, 0, 0, 3, 2183.68
1570906472, 0, 47, 807, 788, 226, 4.99%, 0, 0, 3, 2139.29
1570906856, 0, 49, 807, 787, 225, 4.99%, 0, 0, 3, 2380.85
1570907137, 0, 49, 808, 788, 225, 4.99%, 0, 0, 3, 2150.54
1570907244, 0, 52, 808, 787, 225, 4.99%, 0, 0, 3, 2227.00
1570907627, 0, 54, 808, 786, 224, 4.99%, 0, 0, 3, 2366.89
1570907653, 0, 54, 809, 787, 224, 4.99%, 0, 0, 3, 2073.24
1570908016, 0, 55, 809, 786, 224, 4.99%, 0, 0, 3, 2212.63
1570908399, 0, 56, 809, 785, 223, 4.99%, 0, 0, 3, 2337.60
1570908404, 0, 56, 810, 786, 223, 4.99%, 0, 0, 3, 2094.72
1570908424, 0, 56, 811, 787, 223, 4.99%, 0, 0, 3, 2062.75
1570908787, 0, 61, 811, 786, 222, 4.99%, 0, 0, 3, 2108.75
1570908950, 0, 61, 813, 788, 222, 4.99%, 0, 0, 3, 2116.02
1570909179, 0, 64, 813, 787, 222, 4.99%, 0, 0, 3, 2137.88
1570909338, 0, 64, 814, 788, 222, 4.99%, 0, 0, 3, 2156.16
1570909563, 0, 65, 816, 789, 221, 4.99%, 0, 0, 3, 2332.21
1570909952, 0, 68, 817, 789, 220, 4.99%, 0, 0, 3, 2190.22
1570909973, 0, 68, 818, 790, 220, 4.99%, 0, 0, 3, 2034.35
1570909978, 0, 68, 819, 791, 220, 4.99%, 0, 0, 3, 2092.91
1570910116, 0, 68, 820, 792, 220, 4.99%, 0, 0, 3, 2152.75
1570910336, 0, 74, 820, 791, 219, 4.99%, 0, 0, 3, 2320.17
1570910724, 0, 83, 821, 791, 218, 4.99%, 0, 0, 3, 2242.94
1570910745, 0, 83, 822, 792, 218, 4.99%, 0, 0, 3, 2024.26
1570911078, 0, 83, 823, 793, 218, 4.99%, 0, 0, 3, 2025.60
1570911103, 0, 84, 824, 793, 218, 4.99%, 0, 0, 3, 2340.38
1570911491, 0, 96, 824, 792, 217, 4.99%, 0, 0, 3, 2279.83
1570911512, 0, 96, 825, 793, 217, 4.99%, 0, 0, 3, 2034.00
1570911654, 0, 96, 826, 794, 217, 4.99%, 0, 0, 3, 2182.73
1570911879, 0, 97, 826, 793, 216, 4.99%, 0, 0, 3, 2224.79
1570912267, 0, 103, 827, 793, 215, 4.99%, 0, 0, 3, 2249.39
1570912293, 0, 103, 828, 794, 215, 4.99%, 0, 0, 3, 2090.49
1570912656, 0, 106, 828, 793, 214, 4.99%, 0, 0, 3, 2122.98
1570912677, 0, 106, 830, 795, 214, 4.99%, 0, 0, 3, 2017.17
1570912682, 0, 106, 831, 796, 214, 4.99%, 0, 0, 3, 2074.72
1570912708, 0, 106, 833, 798, 214, 5.00%, 0, 0, 3, 2073.69
1570912713, 0, 106, 834, 799, 214, 5.00%, 0, 0, 3, 2054.45
1570912733, 0, 106, 837, 802, 214, 5.00%, 0, 0, 3, 2013.31
1570912785, 0, 106, 838, 803, 214, 5.00%, 0, 0, 3, 2006.95
1570912790, 0, 106, 847, 812, 214, 5.05%, 0, 0, 3, 2015.03
1570912820, 0, 106, 848, 813, 214, 5.06%, 0, 0, 3, 2179.19
1570913019, 0, 106, 850, 815, 214, 5.06%, 0, 0, 3, 2003.93
1570913024, 0, 106, 854, 819, 214, 5.09%, 0, 0, 3, 1997.72
1570913044, 0, 106, 857, 822, 214, 5.09%, 0, 0, 3, 2370.97
1570913049, 0, 109, 857, 821, 232, 5.09%, 0, 0, 3, 2257.52
1570913438, 0, 113, 858, 821, 231, 5.09%, 0, 0, 3, 2165.36
1570913454, 0, 113, 859, 822, 231, 5.10%, 0, 0, 3, 2017.26
1570913459, 0, 113, 862, 825, 231, 5.10%, 0, 0, 3, 2008.34
1570913490, 0, 113, 863, 826, 231, 5.10%, 0, 0, 3, 2029.59
1570913566, 0, 113, 869, 832, 231, 5.11%, 0, 0, 3, 2003.17
1570913720, 0, 113, 870, 833, 231, 5.11%, 0, 0, 3, 2119.23
1570913801, 0, 113, 872, 835, 231, 5.12%, 0, 0, 3, 2000.37
1570913806, 0, 113, 873, 836, 231, 5.12%, 0, 0, 3, 1991.44
1570913832, 0, 115, 874, 836, 233, 5.12%, 0, 0, 3, 2178.60
1570913852, 0, 115, 875, 837, 233, 5.12%, 0, 0, 3, 2032.53
1570913883, 0, 115, 876, 838, 233, 5.12%, 0, 0, 3, 2102.48
1570913955, 0, 115, 877, 839, 233, 5.12%, 0, 0, 3, 2020.12
1570914220, 0, 116, 877, 838, 233, 5.12%, 0, 0, 3, 2092.44
1570914236, 0, 116, 878, 839, 233, 5.12%, 0, 0, 3, 1990.90
1570914241, 0, 116, 885, 846, 233, 5.12%, 0, 0, 3, 2006.28
1570914267, 0, 116, 886, 847, 233, 5.12%, 0, 0, 3, 2005.95
1570914333, 0, 116, 887, 848, 233, 5.12%, 0, 0, 3, 1984.90
1570914348, 0, 116, 893, 854, 233, 5.13%, 0, 0, 3, 1977.39
1570914384, 0, 116, 895, 856, 233, 5.13%, 0, 0, 3, 2144.30
1570914501, 0, 116, 897, 858, 233, 5.13%, 0, 0, 3, 2117.52
1570914587, 0, 116, 898, 859, 233, 5.13%, 0, 0, 3, 2012.20
1570914613, 0, 117, 899, 859, 236, 5.13%, 0, 0, 3, 2187.11
1570914628, 0, 117, 900, 860, 236, 5.13%, 0, 0, 3, 2038.09
1570914690, 0, 117, 901, 861, 236, 5.13%, 0, 0, 3, 2036.34
1570914776, 0, 117, 902, 862, 236, 5.13%, 0, 0, 3, 2157.25
1570915001, 0, 118, 902, 861, 235, 5.13%, 0, 0, 3, 2166.91
1570915390, 0, 120, 902, 860, 234, 5.13%, 0, 0, 3, 2350.21
1570915411, 0, 120, 903, 861, 234, 5.13%, 0, 0, 3, 2014.39
1570915416, 0, 120, 906, 864, 234, 5.15%, 0, 0, 3, 2064.16
1570915442, 0, 120, 912, 870, 234, 5.18%, 0, 0, 3, 2019.17
1570915472, 0, 120, 914, 872, 234, 5.19%, 0, 0, 3, 2052.78
1570915524, 0, 120, 926, 884, 234, 5.25%, 0, 0, 3, 2006.59
1570915759, 0, 120, 929, 887, 234, 5.26%, 0, 0, 3, 2020.39
1570915785, 0, 121, 929, 886, 252, 5.26%, 0, 0, 3, 2161.95
1570915805, 0, 121, 932, 889, 252, 5.26%, 0, 0, 3, 2001.50
1570915815, 0, 121, 933, 890, 252, 5.26%, 0, 0, 3, 2032.93
1570915867, 0, 121, 934, 891, 252, 5.26%, 0, 0, 3, 2080.11
1570915913, 0, 121, 938, 895, 252, 5.26%, 0, 0, 3, 2007.73
1570915948, 0, 121, 939, 896, 252, 5.26%, 0, 0, 3, 2137.98
1570916152, 0, 121, 940, 897, 252, 5.26%, 0, 0, 3, 2005.19
1570916178, 0, 122, 940, 896, 253, 5.26%, 0, 0, 3, 2163.19
1570916199, 0, 122, 941, 897, 253, 5.26%, 0, 0, 3, 2017.90
1570916567, 0, 123, 941, 896, 252, 5.26%, 0, 0, 3, 2125.41
1570916582, 0, 123, 942, 897, 252, 5.26%, 0, 0, 3, 2008.97
1570916587, 0, 123, 945, 900, 252, 5.28%, 0, 0, 3, 2010.93
1570916618, 0, 123, 948, 903, 252, 5.28%, 1, 0, 3, 2035.70
1570916695, 0, 123, 958, 913, 252, 5.36%, 1, 0, 3, 2009.07
1570916849, 0, 123, 959, 914, 252, 5.36%, 1, 0, 3, 2106.00
1570916869, 0, 123, 960, 915, 252, 5.36%, 1, 0, 3, 2111.79
1570916935, 0, 123, 962, 917, 252, 5.36%, 1, 0, 3, 1997.29
1570916956, 0, 123, 964, 919, 252, 5.36%, 1, 0, 3, 2266.88
1570916961, 0, 123, 969, 924, 252, 5.36%, 1, 0, 3, 2597.25
1570916966, 0, 123, 973, 928, 252, 5.36%, 1, 0, 3, 2668.13
1570916971, 0, 124, 973, 927, 262, 5.36%, 1, 0, 3, 2330.62
1570916991, 0, 124, 976, 930, 262, 5.36%, 1, 0, 3, 2026.20
1570917099, 0, 124, 979, 933, 262, 5.47%, 1, 0, 3, 2029.24
1570917359, 0, 131, 979, 932, 261, 5.47%, 1, 0, 3, 2163.95
1570917374, 0, 131, 980, 933, 261, 5.47%, 1, 0, 3, 2021.43
1570917379, 0, 131, 982, 935, 261, 5.47%, 1, 0, 3, 2026.10
1570917384, 0, 131, 983, 936, 261, 5.47%, 1, 0, 3, 2098.52
1570917410, 0, 131, 985, 938, 261, 5.47%, 1, 0, 3, 2078.00
1570917493, 0, 131, 989, 942, 261, 5.47%, 1, 0, 3, 2033.11
1570917640, 0, 131, 990, 943, 261, 5.47%, 1, 0, 3, 2075.20
1570917722, 0, 131, 992, 945, 261, 5.47%, 1, 0, 3, 2038.99
1570917743, 0, 141, 992, 944, 263, 5.47%, 1, 0, 3, 2250.49
1570917773, 0, 141, 993, 945, 263, 5.47%, 1, 0, 3, 2092.18
1570917886, 0, 141, 994, 946, 263, 5.47%, 1, 0, 3, 2144.82
1570918132, 0, 145, 994, 945, 263, 5.47%, 1, 0, 3, 2484.79
1570918152, 0, 145, 995, 946, 263, 5.48%, 1, 0, 3, 2684.12
1570918260, 0, 145, 996, 947, 263, 5.48%, 1, 0, 3, 2679.35
1570918271, 0, 147, 996, 946, 263, 5.48%, 1, 0, 3, 2606.29
1570918415, 0, 147, 997, 947, 263, 5.48%, 1, 0, 3, 2141.62
1570918659, 0, 170, 997, 946, 262, 5.48%, 1, 0, 3, 2576.58
1570918679, 0, 170, 998, 947, 262, 5.48%, 1, 0, 3, 2818.58
1570918726, 0, 170, 1001, 950, 262, 5.48%, 1, 0, 3, 2773.62
1570918798, 0, 177, 1001, 949, 261, 5.48%, 1, 0, 3, 2406.18
1570918823, 0, 177, 1003, 951, 261, 5.48%, 1, 0, 3, 2096.58
1570919180, 0, 182, 1003, 950, 261, 5.48%, 1, 0, 3, 2375.07
1570919206, 0, 182, 1005, 952, 261, 5.48%, 1, 0, 3, 2083.39
1570919323, 0, 182, 1006, 953, 261, 5.48%, 1, 0, 3, 2163.21
1570919476, 0, 182, 1007, 954, 261, 5.48%, 1, 0, 3, 2098.15
1570919568, 0, 196, 1007, 953, 260, 5.48%, 1, 0, 3, 2284.92
1570919594, 0, 196, 1009, 955, 260, 5.48%, 1, 0, 3, 2079.39
1570919599, 0, 196, 1010, 956, 260, 5.48%, 1, 0, 3, 2066.55
1570919625, 0, 196, 1011, 957, 260, 5.48%, 1, 0, 3, 2117.62
1570919712, 0, 196, 1013, 959, 260, 5.49%, 1, 0, 3, 2151.10
1570919957, 0, 199, 1015, 960, 260, 5.49%, 1, 0, 3, 2483.41
1570919978, 0, 199, 1016, 961, 260, 5.49%, 1, 0, 3, 2566.70
1570919998, 0, 199, 1018, 963, 260, 5.49%, 1, 0, 3, 2564.27
1570920029, 0, 199, 1022, 967, 260, 5.49%, 1, 0, 3, 2562.61
1570920034, 0, 199, 1024, 969, 260, 5.49%, 1, 0, 3, 2553.40
1570920116, 0, 210, 1024, 968, 260, 5.49%, 1, 0, 3, 2592.78
1570920136, 0, 210, 1025, 969, 260, 5.49%, 1, 0, 3, 2535.79
1570920157, 0, 210, 1026, 970, 260, 5.49%, 1, 0, 3, 2560.74
1570920193, 0, 210, 1029, 973, 260, 5.49%, 1, 0, 3, 2575.96
1570920280, 0, 211, 1029, 972, 262, 5.49%, 1, 0, 3, 2512.26
1570920300, 0, 211, 1030, 973, 262, 5.49%, 1, 0, 3, 2472.92
1570920377, 0, 211, 1031, 974, 262, 5.49%, 1, 0, 3, 2535.21
1570920417, 0, 211, 1032, 975, 262, 5.49%, 1, 0, 3, 2514.62
1570920448, 0, 217, 1032, 974, 263, 5.49%, 1, 0, 3, 2533.93
1570920591, 0, 217, 1033, 975, 263, 5.49%, 1, 0, 3, 2169.79
1570920785, 0, 217, 1034, 976, 263, 5.49%, 1, 0, 3, 2160.96
1570920841, 0, 221, 1034, 975, 262, 5.49%, 1, 0, 3, 2367.46
1570920866, 0, 221, 1036, 977, 262, 5.60%, 1, 0, 3, 2080.62
1570920871, 0, 221, 1040, 981, 262, 5.61%, 1, 0, 3, 2085.27
1570920933, 0, 221, 1041, 982, 262, 5.70%, 1, 0, 3, 2128.21
1570921234, 0, 221, 1042, 983, 262, 5.70%, 1, 0, 3, 2178.58
1570921239, 0, 223, 1044, 984, 263, 5.70%, 1, 0, 3, 2256.01
1570921265, 0, 223, 1047, 987, 263, 5.70%, 1, 0, 3, 2091.59
1570921321, 0, 223, 1048, 988, 263, 5.70%, 1, 0, 3, 2111.62
1570921388, 0, 223, 1049, 989, 263, 5.70%, 1, 0, 3, 2177.77
1570921633, 0, 242, 1049, 988, 263, 5.70%, 1, 0, 3, 2335.04
1570921654, 0, 242, 1050, 989, 263, 5.70%, 1, 0, 3, 2021.85
1570922028, 0, 246, 1050, 988, 262, 5.70%, 1, 0, 3, 2254.93
1570922059, 0, 246, 1052, 990, 262, 5.70%, 1, 0, 3, 2051.20
1570922110, 0, 246, 1053, 991, 262, 5.70%, 1, 0, 3, 2107.80
1570922171, 0, 246, 1054, 992, 262, 5.70%, 1, 0, 3, 2165.35
1570922176, 0, 246, 1055, 993, 262, 5.70%, 1, 0, 3, 2183.18
1570922366, 0, 246, 1057, 995, 262, 5.70%, 1, 0, 3, 2227.00
1570922422, 0, 246, 1059, 997, 262, 5.70%, 1, 0, 3, 2379.79
1570922427, 0, 260, 1059, 996, 263, 5.70%, 1, 0, 3, 2386.59
1570922534, 0, 260, 1061, 998, 263, 5.71%, 1, 0, 3, 2406.85
1570922631, 0, 268, 1061, 997, 264, 5.71%, 1, 0, 3, 2518.26
1570922646, 0, 268, 1062, 998, 264, 5.71%, 1, 0, 3, 2153.67
1570922651, 0, 268, 1064, 1000, 264, 5.71%, 1, 0, 3, 2144.27
1570922662, 0, 268, 1069, 1005, 264, 5.71%, 1, 0, 3, 2179.39
1570922687, 0, 268, 1071, 1007, 264, 5.71%, 1, 0, 3, 2198.80
1570922779, 0, 268, 1072, 1008, 264, 5.71%, 1, 0, 3, 2275.23
1570922795, 0, 268, 1073, 1009, 264, 5.71%, 1, 0, 3, 2154.76
1570922907, 0, 268, 1074, 1010, 264, 5.71%, 1, 0, 3, 2191.03
1570922984, 0, 272, 1075, 1010, 263, 5.71%, 1, 0, 3, 2441.38
1570923071, 0, 272, 1076, 1011, 263, 5.71%, 1, 0, 3, 2411.43
1570923193, 0, 273, 1076, 1010, 262, 5.71%, 1, 0, 3, 2560.32
1570923291, 0, 273, 1078, 1012, 262, 5.71%, 1, 0, 3, 2388.57
1570923311, 0, 273, 1079, 1013, 262, 5.71%, 1, 0, 3, 2413.06
1570923439, 0, 279, 1079, 1012, 261, 5.71%, 1, 0, 3, 2519.31
1570923603, 0, 279, 1081, 1014, 261, 5.71%, 1, 0, 3, 2167.45
1570923735, 0, 279, 1082, 1015, 261, 5.71%, 1, 0, 3, 2112.75
1570923827, 0, 280, 1082, 1014, 260, 5.71%, 1, 0, 3, 2208.46
1570923884, 0, 280, 1083, 1015, 260, 5.71%, 1, 0, 3, 2063.56
1570923991, 0, 280, 1084, 1016, 260, 5.71%, 1, 0, 3, 2086.34
1570923996, 0, 280, 1085, 1017, 260, 5.71%, 1, 0, 3, 2098.04
1570924001, 0, 280, 1086, 1018, 260, 5.71%, 1, 0, 3, 1994.06
1570924232, 0, 281, 1086, 1017, 261, 5.71%, 1, 0, 3, 2281.09
1570924513, 0, 281, 1087, 1018, 261, 5.71%, 1, 0, 3, 2077.30
1570924626, 0, 285, 1088, 1018, 260, 5.71%, 1, 0, 3, 2427.59
1570924842, 0, 286, 1088, 1017, 259, 5.71%, 1, 0, 3, 2383.94
1570925051, 0, 288, 1088, 1016, 258, 5.71%, 1, 0, 3, 2510.91
1570925081, 0, 288, 1089, 1017, 258, 5.71%, 1, 0, 3, 1992.80
1570925112, 0, 288, 1090, 1018, 258, 5.71%, 1, 0, 3, 2019.67
1570925174, 0, 288, 1091, 1019, 258, 5.72%, 1, 0, 3, 1901.18
1570925204, 0, 288, 1092, 1020, 258, 5.72%, 1, 0, 3, 2100.14
1570925403, 0, 291, 1092, 1019, 258, 5.72%, 1, 0, 3, 2300.84
1570925429, 0, 291, 1093, 1020, 258, 5.72%, 1, 0, 3, 2072.15
1570925434, 0, 291, 1094, 1021, 258, 5.72%, 1, 0, 3, 2080.39
1570925567, 0, 291, 1095, 1022, 258, 5.72%, 1, 0, 3, 2180.13
1570925808, 0, 302, 1095, 1021, 257, 5.72%, 1, 0, 3, 2234.53
1570925833, 0, 302, 1096, 1022, 257, 5.72%, 1, 0, 3, 2112.38
1570925890, 0, 302, 1098, 1024, 257, 5.72%, 1, 0, 3, 2142.65
1570925952, 0, 302, 1099, 1025, 257, 5.72%, 1, 0, 3, 2224.55
1570926147, 0, 312, 1099, 1024, 256, 5.72%, 1, 0, 3, 2485.31
1570926280, 0, 315, 1099, 1023, 255, 5.72%, 1, 0, 3, 2848.24
1570926310, 0, 315, 1103, 1027, 255, 5.72%, 1, 0, 3, 2073.20
1570926669, 0, 317, 1104, 1027, 255, 5.72%, 1, 0, 3, 2508.94
1570926817, 0, 318, 1104, 1026, 254, 5.72%, 1, 0, 3, 2799.81
1570926949, 0, 319, 1112, 1033, 253, 5.76%, 1, 0, 3, 2890.98
1570926954, 0, 319, 1119, 1040, 253, 5.83%, 1, 0, 3, 2864.66
1570926959, 0, 319, 1125, 1046, 253, 5.84%, 1, 0, 3, 2867.28
1570926964, 0, 329, 1125, 1045, 266, 5.84%, 1, 0, 3, 2309.58
1570927368, 0, 334, 1125, 1044, 265, 5.84%, 1, 0, 3, 2244.40
1570927394, 0, 334, 1126, 1045, 265, 5.84%, 1, 0, 3, 2090.43
1570927450, 0, 334, 1127, 1046, 265, 5.84%, 1, 0, 3, 2110.16
1570927497, 0, 334, 1128, 1047, 265, 5.84%, 1, 0, 3, 2027.47
1570927773, 0, 335, 1128, 1046, 264, 5.84%, 1, 0, 3, 2329.21
1570927793, 0, 335, 1130, 1048, 264, 5.84%, 1, 0, 3, 2033.58
1570928176, 0, 336, 1130, 1047, 263, 5.84%, 1, 0, 3, 2404.11
1570928197, 0, 336, 1131, 1048, 263, 5.84%, 1, 0, 3, 2027.49
1570928202, 0, 336, 1132, 1049, 263, 5.84%, 1, 0, 3, 2066.11
1570928228, 0, 336, 1133, 1050, 263, 5.84%, 1, 0, 3, 1993.84
1570928258, 0, 336, 1134, 1051, 263, 5.84%, 1, 0, 3, 2055.54
1570928305, 0, 336, 1139, 1056, 263, 5.86%, 1, 0, 3, 2024.53
1570928550, 0, 336, 1140, 1057, 263, 5.86%, 1, 0, 3, 2020.59
1570928586, 0, 337, 1140, 1056, 269, 5.86%, 1, 0, 3, 2132.94
1570928606, 0, 337, 1143, 1059, 269, 5.87%, 1, 0, 3, 2008.45
1570928637, 0, 337, 1144, 1060, 269, 5.87%, 1, 0, 3, 2072.45
1570928714, 0, 337, 1146, 1062, 269, 5.88%, 1, 0, 3, 2000.32
1570928867, 0, 337, 1147, 1063, 269, 5.90%, 1, 0, 3, 2081.52
1570928878, 0, 337, 1148, 1064, 269, 5.91%, 1, 0, 3, 2001.91
1570928960, 0, 337, 1150, 1066, 269, 5.92%, 1, 0, 3, 2017.38
1570928965, 0, 337, 1151, 1067, 269, 5.92%, 1, 0, 3, 2021.79
1570928995, 0, 338, 1151, 1066, 276, 5.92%, 1, 0, 3, 2140.85
1570929016, 0, 338, 1153, 1068, 276, 5.93%, 1, 0, 3, 2028.70
1570929124, 0, 338, 1154, 1069, 276, 5.93%, 1, 0, 3, 2012.52
1570929399, 0, 340, 1154, 1068, 276, 5.93%, 1, 0, 3, 2312.68
1570929420, 0, 340, 1155, 1069, 276, 5.93%, 1, 0, 3, 2009.26
1570929425, 0, 340, 1157, 1071, 276, 5.94%, 1, 0, 3, 2052.39
1570929451, 0, 340, 1159, 1073, 276, 5.94%, 1, 0, 3, 2024.50
1570929492, 0, 340, 1160, 1074, 276, 5.94%, 1, 0, 3, 2086.40
1570929533, 0, 340, 1165, 1079, 276, 5.95%, 1, 0, 3, 2019.10
1570929808, 0, 344, 1165, 1078, 281, 5.95%, 1, 0, 3, 2361.08
1570930171, 0, 350, 1165, 1077, 280, 5.95%, 1, 0, 3, 2249.89
1570930570, 0, 351, 1165, 1076, 279, 5.95%, 1, 0, 3, 2164.14
1570930983, 0, 354, 1165, 1075, 278, 5.95%, 1, 0, 3, 2223.84
1570931003, 0, 354, 1166, 1076, 278, 5.96%, 1, 0, 3, 1998.22
1570931377, 0, 366, 1166, 1075, 277, 5.96%, 1, 0, 3, 2383.22
1570931382, 0, 367, 1166, 1074, 276, 5.96%, 1, 0, 3, 2734.35
1570931443, 0, 370, 1166, 1073, 275, 5.96%, 1, 0, 3, 2374.84
1570931464, 0, 370, 1167, 1074, 275, 5.97%, 1, 0, 3, 2031.76
1570931495, 0, 370, 1169, 1076, 275, 6.02%, 1, 0, 3, 2063.77
1570931520, 0, 370, 1170, 1077, 275, 6.02%, 1, 0, 3, 2036.62
1570931556, 0, 370, 1171, 1078, 275, 6.02%, 1, 0, 3, 2036.50
1570931572, 0, 370, 1175, 1082, 275, 6.08%, 1, 0, 3, 2036.44
1570931730, 0, 370, 1176, 1083, 275, 6.08%, 1, 0, 3, 2029.49
1570931812, 0, 370, 1183, 1090, 275, 6.10%, 1, 0, 3, 2038.00
1570931848, 0, 376, 1183, 1089, 287, 6.10%, 1, 0, 3, 2328.14
1570931878, 0, 376, 1184, 1090, 287, 6.10%, 1, 0, 3, 2070.81
1570932251, 0, 385, 1184, 1089, 287, 6.10%, 1, 0, 3, 2305.65
1570932415, 0, 385, 1186, 1091, 287, 6.10%, 1, 0, 3, 2091.54
1570932644, 0, 393, 1186, 1090, 287, 6.10%, 1, 0, 3, 2265.40
1570932737, 0, 393, 1187, 1091, 287, 6.10%, 1, 0, 3, 2400.98
1570932865, 0, 395, 1187, 1090, 286, 6.10%, 1, 0, 3, 2503.58
1570932870, 0, 395, 1188, 1091, 286, 6.10%, 1, 0, 3, 2354.08
1570932891, 0, 395, 1194, 1097, 286, 6.12%, 1, 0, 3, 2357.17
1570932917, 0, 395, 1195, 1098, 286, 6.12%, 1, 0, 3, 2333.26
1570932942, 0, 395, 1196, 1099, 286, 6.12%, 1, 0, 3, 2329.91
1570932948, 0, 395, 1201, 1104, 286, 6.12%, 1, 0, 3, 2375.19
1570932953, 0, 395, 1202, 1105, 286, 6.13%, 1, 0, 3, 2340.23
1570932958, 0, 395, 1204, 1107, 286, 6.13%, 1, 0, 3, 2399.55
1570932968, 0, 395, 1205, 1108, 286, 6.13%, 1, 0, 3, 2383.12
1570933035, 0, 395, 1206, 1109, 286, 6.14%, 1, 0, 3, 2355.13
1570933076, 0, 397, 1206, 1108, 292, 6.14%, 1, 0, 3, 2540.90
1570933295, 0, 400, 1206, 1107, 291, 6.14%, 1, 0, 3, 2470.04
1570933321, 0, 400, 1208, 1109, 291, 6.14%, 1, 0, 3, 2019.57
1570933326, 0, 400, 1215, 1116, 291, 6.16%, 1, 0, 3, 2030.78
1570933352, 0, 400, 1216, 1117, 291, 6.16%, 1, 0, 3, 2051.78
1570933382, 0, 400, 1217, 1118, 291, 6.16%, 1, 0, 3, 2078.65
1570933393, 0, 400, 1219, 1120, 291, 6.16%, 1, 0, 3, 2040.28
1570933454, 0, 400, 1220, 1121, 291, 6.16%, 1, 0, 3, 2087.59
1570933459, 0, 400, 1221, 1122, 291, 6.16%, 1, 0, 3, 2063.59
1570933464, 0, 400, 1222, 1123, 291, 6.16%, 1, 0, 3, 2161.40
1570933709, 0, 405, 1222, 1122, 299, 6.16%, 1, 0, 3, 2271.27
1570933714, 0, 406, 1222, 1121, 298, 6.16%, 1, 0, 3, 2551.30
1570934015, 0, 406, 1223, 1122, 298, 6.16%, 1, 0, 3, 2136.60
1570934122, 0, 426, 1223, 1121, 298, 6.16%, 1, 0, 3, 2366.14
1570934373, 0, 428, 1223, 1120, 297, 6.16%, 1, 0, 3, 2409.37
1570934629, 0, 436, 1223, 1119, 296, 6.16%, 1, 0, 3, 2454.43
1570934654, 0, 436, 1224, 1120, 296, 6.16%, 1, 0, 3, 2047.24
1570934680, 0, 436, 1225, 1121, 296, 6.17%, 1, 0, 3, 2035.82
1570934710, 0, 436, 1227, 1123, 296, 6.17%, 1, 0, 3, 2043.08
1570934746, 0, 436, 1228, 1124, 296, 6.17%, 1, 0, 3, 2038.78
1570934761, 0, 436, 1238, 1134, 296, 6.25%, 1, 0, 3, 2044.16
1570935001, 0, 436, 1239, 1135, 296, 6.25%, 1, 0, 3, 2038.20
1570935037, 0, 440, 1239, 1134, 306, 6.25%, 1, 0, 3, 2345.50
1570935062, 0, 440, 1245, 1140, 306, 6.27%, 1, 0, 3, 2033.94
1570935088, 0, 440, 1246, 1141, 306, 6.27%, 1, 0, 3, 2008.29
1570935093, 0, 440, 1247, 1142, 306, 6.27%, 1, 0, 3, 2075.20
1570935154, 0, 440, 1248, 1143, 306, 6.27%, 1, 0, 3, 2005.72
1570935170, 0, 440, 1249, 1144, 306, 6.28%, 1, 0, 3, 2013.73
1570935450, 0, 443, 1249, 1143, 309, 6.28%, 1, 0, 3, 2306.80
1570935471, 0, 443, 1250, 1144, 309, 6.28%, 1, 0, 3, 2034.92
1570935476, 0, 443, 1252, 1146, 309, 6.30%, 1, 0, 3, 2089.75
1570935532, 0, 443, 1253, 1147, 309, 6.30%, 1, 0, 3, 2108.05
1570935578, 0, 443, 1263, 1157, 309, 6.35%, 1, 0, 3, 2041.66
1570935823, 0, 443, 1264, 1158, 309, 6.35%, 1, 0, 3, 2009.80
1570935859, 0, 444, 1264, 1157, 315, 6.35%, 1, 0, 3, 2195.83
1570935880, 0, 444, 1265, 1158, 315, 6.35%, 1, 0, 3, 2024.78
1570935987, 0, 444, 1266, 1159, 315, 6.35%, 1, 0, 3, 2030.82
1570936267, 0, 445, 1266, 1158, 315, 6.35%, 1, 0, 3, 2177.30
1570936288, 0, 445, 1267, 1159, 315, 6.35%, 1, 0, 3, 2021.66
1570936396, 0, 445, 1272, 1164, 315, 6.39%, 1, 0, 3, 2020.54
1570936642, 0, 445, 1277, 1169, 315, 6.45%, 1, 0, 3, 2033.33
1570936672, 0, 446, 1277, 1168, 321, 6.45%, 1, 0, 3, 2307.19
1570936692, 0, 446, 1278, 1169, 321, 6.45%, 1, 0, 3, 2034.20
1570936698, 0, 446, 1280, 1171, 321, 6.46%, 1, 0, 3, 2066.65
1570936723, 0, 446, 1281, 1172, 321, 6.46%, 1, 0, 3, 2015.83
1570936754, 0, 446, 1282, 1173, 321, 6.47%, 1, 0, 3, 2037.95
1570936806, 0, 446, 1291, 1182, 321, 6.52%, 1, 0, 3, 2035.81
1570937046, 0, 446, 1292, 1183, 321, 6.52%, 1, 0, 3, 2021.02
1570937082, 0, 448, 1292, 1182, 328, 6.52%, 1, 0, 3, 2329.01
1570937102, 0, 448, 1293, 1183, 328, 6.52%, 1, 0, 3, 2003.27
1570937107, 0, 448, 1295, 1185, 328, 6.52%, 1, 0, 3, 2051.68
1570937460, 0, 448, 1297, 1187, 328, 6.52%, 1, 0, 3, 2016.92
1570937495, 0, 451, 1297, 1186, 328, 6.52%, 1, 0, 3, 2276.11
1570937572, 0, 451, 1298, 1187, 328, 6.52%, 1, 0, 3, 1995.46
1570937629, 0, 451, 1299, 1188, 328, 6.53%, 1, 0, 3, 2034.51
1570937869, 0, 451, 1301, 1190, 328, 6.53%, 1, 0, 3, 2033.67
1570937905, 0, 454, 1301, 1189, 329, 6.53%, 1, 0, 3, 2198.01
1570937925, 0, 454, 1302, 1190, 329, 6.53%, 1, 0, 3, 2030.84
1570938033, 0, 454, 1304, 1192, 329, 6.55%, 1, 0, 3, 2036.45
1570938278, 0, 454, 1305, 1193, 329, 6.55%, 1, 0, 3, 2043.36
1570938314, 0, 458, 1305, 1192, 329, 6.55%, 1, 0, 3, 2113.92
1570938329, 0, 458, 1306, 1193, 329, 6.55%, 1, 0, 3, 1993.79
1570938334, 0, 458, 1310, 1197, 329, 6.56%, 1, 0, 3, 2009.82
1570938365, 0, 458, 1311, 1198, 329, 6.57%, 1, 0, 3, 2056.66
1570938447, 0, 458, 1313, 1200, 329, 6.57%, 1, 0, 3, 2006.82
1570938594, 0, 458, 1314, 1201, 329, 6.58%, 1, 0, 3, 2109.20
1570938691, 0, 458, 1315, 1202, 329, 6.58%, 1, 0, 3, 1995.70
1570938727, 0, 460, 1315, 1201, 333, 6.58%, 1, 0, 3, 2138.78
1570938747, 0, 460, 1317, 1203, 333, 6.58%, 1, 0, 3, 2010.60
1570939106, 0, 460, 1318, 1204, 333, 6.58%, 1, 0, 3, 2015.78
1570939136, 0, 465, 1319, 1204, 333, 6.58%, 1, 0, 3, 2411.99
1570939166, 0, 465, 1320, 1205, 333, 6.58%, 1, 0, 3, 2086.52
1570939545, 0, 467, 1320, 1204, 333, 6.58%, 1, 0, 3, 2346.98
1570939570, 0, 467, 1321, 1205, 333, 6.58%, 1, 0, 3, 2070.76
1570939575, 0, 467, 1323, 1207, 333, 6.59%, 1, 0, 3, 2069.74
1570939637, 0, 467, 1323, 1207, 333, 6.59%, 2, 0, 3, 2123.19
1570939688, 0, 467, 1325, 1209, 333, 6.60%, 2, 0, 3, 2149.27
1570939693, 0, 467, 1326, 1210, 333, 6.60%, 2, 0, 3, 2177.56
1570939708, 0, 467, 1328, 1212, 333, 6.60%, 2, 0, 3, 2169.45
1570939749, 0, 467, 1329, 1213, 333, 6.60%, 2, 0, 3, 2167.73
1570939846, 0, 467, 1330, 1214, 333, 6.60%, 2, 0, 3, 2115.99
1570939948, 0, 467, 1332, 1216, 333, 6.60%, 2, 0, 3, 2186.01
1570939953, 0, 473, 1332, 1215, 337, 6.60%, 2, 0, 3, 2170.80
1570939979, 0, 473, 1333, 1216, 337, 6.60%, 2, 0, 3, 2095.67
1570940040, 0, 473, 1333, 1216, 337, 6.60%, 3, 0, 3, 2045.30
1570940102, 0, 473, 1334, 1217, 337, 6.60%, 3, 0, 3, 2155.59
1570940358, 0, 473, 1335, 1218, 337, 6.60%, 3, 0, 3, 2219.22
1570940363, 0, 474, 1335, 1217, 336, 6.60%, 3, 0, 3, 2143.07
1570940389, 0, 474, 1336, 1218, 336, 6.60%, 3, 0, 3, 2092.00
1570940502, 0, 474, 1337, 1219, 336, 6.61%, 3, 0, 3, 2129.02
1570940517, 0, 474, 1338, 1220, 336, 6.61%, 3, 0, 3, 2119.28
1570940660, 0, 474, 1338, 1220, 336, 6.61%, 4, 0, 3, 2178.35
1570940767, 0, 475, 1338, 1219, 337, 6.61%, 4, 0, 3, 2357.12
1570940798, 0, 475, 1339, 1220, 337, 6.61%, 4, 0, 3, 2077.01
1570940910, 0, 475, 1340, 1221, 337, 6.61%, 4, 0, 3, 2175.25
1570940926, 0, 475, 1341, 1222, 337, 6.61%, 4, 0, 3, 2137.66
1570941064, 0, 475, 1341, 1222, 337, 6.61%, 5, 0, 3, 2113.42
1570941176, 0, 476, 1341, 1221, 338, 6.61%, 5, 0, 3, 2266.98
1570941207, 0, 476, 1342, 1222, 338, 6.61%, 5, 0, 3, 2072.48
1570941268, 0, 476, 1342, 1222, 338, 6.61%, 6, 0, 3, 2142.67
1570941320, 0, 476, 1343, 1223, 338, 6.61%, 6, 0, 3, 2135.17
1570941325, 0, 476, 1344, 1224, 338, 6.61%, 6, 0, 3, 2169.22
1570941335, 0, 476, 1345, 1225, 338, 6.61%, 6, 0, 3, 2121.81
1570941586, 0, 477, 1345, 1224, 339, 6.61%, 6, 0, 3, 2214.22
1570941617, 0, 477, 1346, 1225, 339, 6.61%, 6, 0, 3, 2042.12
1570941673, 0, 477, 1346, 1225, 339, 6.61%, 7, 0, 3, 2063.91
1570941730, 0, 477, 1347, 1226, 339, 6.61%, 7, 0, 3, 2166.45
1570941745, 0, 477, 1348, 1227, 339, 6.61%, 7, 0, 3, 2132.56
1570941996, 0, 478, 1348, 1226, 340, 6.61%, 7, 0, 3, 2226.68
1570942026, 0, 478, 1349, 1227, 340, 6.61%, 7, 0, 3, 2061.82
1570942083, 0, 478, 1349, 1227, 340, 6.61%, 8, 0, 3, 2069.86
1570942139, 0, 478, 1350, 1228, 340, 6.62%, 8, 0, 3, 2145.63
1570942155, 0, 478, 1351, 1229, 340, 6.62%, 8, 0, 3, 2132.40
1570942405, 0, 501, 1351, 1228, 341, 6.62%, 8, 0, 3, 2039.70
1570942436, 0, 501, 1353, 1230, 341, 6.62%, 8, 0, 3, 1884.74
1570942466, 0, 501, 1354, 1231, 341, 6.62%, 8, 0, 3, 1914.25
1570942502, 0, 501, 1354, 1231, 341, 6.62%, 9, 0, 3, 1914.98
1570942537, 0, 501, 1355, 1232, 341, 6.62%, 9, 0, 3, 1972.46
1570942558, 0, 501, 1356, 1233, 341, 6.63%, 9, 0, 3, 2038.36
1570942761, 0, 508, 1356, 1232, 343, 6.63%, 9, 0, 3, 2288.38
1570942786, 0, 508, 1357, 1233, 343, 6.63%, 9, 0, 3, 2069.78
1570943129, 0, 508, 1358, 1234, 343, 6.63%, 9, 0, 3, 2037.86
1570943164, 0, 515, 1358, 1233, 342, 6.63%, 9, 0, 3, 2403.28
1570943574, 0, 520, 1358, 1232, 342, 6.63%, 9, 0, 3, 2147.36
1570943978, 0, 528, 1358, 1231, 341, 6.63%, 9, 0, 3, 2360.73
1570944029, 0, 528, 1359, 1232, 341, 6.63%, 9, 0, 3, 2027.24
1570944070, 0, 528, 1360, 1233, 341, 6.63%, 9, 0, 3, 2126.39
1570944172, 0, 528, 1361, 1234, 341, 6.63%, 9, 0, 3, 2026.20
1570944386, 0, 540, 1361, 1233, 341, 6.63%, 9, 0, 3, 2335.24
1570944417, 0, 540, 1362, 1234, 341, 6.63%, 9, 0, 3, 2065.97
1570944478, 0, 540, 1363, 1235, 341, 6.63%, 9, 0, 3, 2029.53
1570944692, 0, 540, 1364, 1236, 341, 6.63%, 9, 0, 3, 2144.54
1570944804, 0, 544, 1364, 1235, 341, 6.63%, 9, 0, 3, 2341.26
1570944830, 0, 544, 1366, 1237, 341, 6.63%, 9, 0, 3, 2358.89
1570944855, 0, 544, 1367, 1238, 341, 6.63%, 9, 0, 3, 2355.25
1570945019, 0, 548, 1367, 1237, 340, 6.63%, 9, 0, 3, 2512.92
1570945024, 0, 565, 1369, 1238, 341, 6.64%, 9, 0, 3, 2543.63
1570945243, 0, 578, 1369, 1237, 340, 6.64%, 9, 0, 3, 2555.35
1570945279, 0, 578, 1370, 1238, 340, 6.64%, 9, 0, 3, 2803.36
1570945305, 0, 582, 1370, 1237, 340, 6.64%, 9, 0, 3, 2803.78
1570945310, 0, 585, 1370, 1236, 339, 6.64%, 9, 0, 3, 2874.43
1570945315, 0, 592, 1371, 1236, 339, 6.69%, 9, 0, 3, 2885.31
1570945320, 0, 593, 1371, 1235, 338, 6.69%, 9, 0, 3, 2966.99
1570945371, 0, 593, 1372, 1236, 338, 6.70%, 9, 0, 3, 2950.88
1570945377, 0, 596, 1372, 1235, 337, 6.70%, 9, 0, 3, 2803.00
1570945418, 0, 599, 1372, 1234, 336, 6.70%, 9, 0, 3, 2786.79
1570945489, 0, 600, 1372, 1233, 335, 6.70%, 9, 0, 3, 2800.41
1570945561, 0, 601, 1373, 1233, 334, 6.70%, 9, 0, 3, 2653.40
1570945582, 0, 601, 1377, 1237, 334, 6.70%, 9, 0, 3, 2531.07
1570945602, 0, 601, 1378, 1238, 334, 6.70%, 9, 0, 3, 2524.15
1570945638, 0, 601, 1379, 1239, 334, 6.70%, 9, 0, 3, 2576.53
1570945644, 0, 601, 1382, 1242, 334, 6.71%, 9, 0, 3, 2550.02
1570945654, 0, 601, 1383, 1243, 334, 6.72%, 9, 0, 3, 2580.21
1570945720, 0, 601, 1384, 1244, 334, 6.72%, 9, 0, 3, 2510.66
1570945730, 0, 611, 1384, 1243, 340, 6.72%, 9, 0, 3, 2601.39
1570945755, 0, 611, 1385, 1244, 340, 6.72%, 9, 0, 3, 2450.62
1570945812, 0, 611, 1386, 1245, 340, 6.72%, 9, 0, 3, 2427.78
1570945919, 0, 613, 1386, 1244, 340, 6.72%, 9, 0, 3, 2666.48
1570945940, 0, 613, 1387, 1245, 340, 6.72%, 9, 0, 3, 2834.99
1570945981, 0, 613, 1388, 1246, 340, 6.72%, 9, 0, 3, 2808.48
1570945986, 0, 615, 1388, 1245, 339, 6.72%, 9, 0, 3, 2640.32
1570946135, 0, 618, 1389, 1245, 338, 6.72%, 9, 0, 3, 2538.33
1570946309, 0, 622, 1389, 1244, 338, 6.72%, 9, 0, 3, 2699.56
1570946381, 0, 627, 1391, 1245, 337, 6.72%, 9, 0, 3, 2491.89
1570946401, 0, 627, 1392, 1246, 337, 6.72%, 9, 0, 3, 2343.29
1570946406, 0, 627, 1393, 1247, 337, 6.72%, 9, 0, 3, 2331.07
1570946427, 0, 627, 1394, 1248, 337, 6.72%, 9, 0, 3, 2355.49
1570946458, 0, 627, 1395, 1249, 337, 6.72%, 9, 0, 3, 2394.39
1570946489, 0, 627, 1396, 1250, 337, 6.72%, 9, 0, 3, 2404.67
1570946596, 0, 628, 1396, 1249, 337, 6.72%, 9, 0, 3, 2292.09
1570946612, 0, 628, 1397, 1250, 337, 6.72%, 9, 0, 3, 2047.77
1570946652, 0, 628, 1398, 1251, 337, 6.72%, 9, 0, 3, 2102.90
1570947005, 0, 644, 1403, 1250, 332, 6.72%, 9, 0, 4, 2751.31
1570947010, 0, 649, 1404, 1249, 332, 6.72%, 9, 0, 4, 2925.26
1570947015, 0, 649, 1406, 1251, 332, 6.72%, 9, 0, 4, 2573.69
1570947031, 0, 649, 1407, 1252, 332, 6.72%, 9, 0, 4, 2445.73
1570947036, 0, 649, 1431, 1276, 332, 6.74%, 9, 0, 4, 2467.85
1570947057, 0, 649, 1439, 1284, 332, 6.76%, 9, 0, 4, 2464.23
1570947062, 0, 649, 1441, 1286, 332, 6.76%, 9, 0, 4, 2480.22
1570947082, 0, 649, 1443, 1288, 332, 6.76%, 9, 0, 4, 2489.73
1570947092, 0, 649, 1444, 1289, 332, 6.76%, 9, 0, 4, 2480.12
1570947097, 0, 649, 1447, 1292, 332, 6.76%, 9, 0, 4, 2504.12
1570947102, 0, 649, 1451, 1296, 332, 6.76%, 9, 0, 4, 2478.82
1570947108, 0, 649, 1455, 1300, 332, 6.76%, 9, 0, 4, 2499.37
1570947113, 0, 649, 1457, 1302, 332, 6.76%, 9, 0, 4, 2523.41
1570947189, 0, 649, 1458, 1303, 332, 6.76%, 9, 0, 4, 2492.83
1570947199, 0, 653, 1458, 1302, 347, 6.76%, 9, 0, 4, 2596.89
1570947225, 0, 653, 1459, 1303, 347, 6.76%, 9, 0, 4, 2455.23
1570947282, 0, 653, 1460, 1304, 347, 6.76%, 9, 0, 4, 2499.97
1570947384, 0, 659, 1460, 1303, 346, 6.76%, 9, 0, 4, 2622.03
1570947415, 0, 659, 1461, 1304, 346, 6.76%, 9, 0, 4, 2637.58
1570947496, 0, 659, 1462, 1305, 346, 6.77%, 9, 0, 4, 2670.23
1570947516, 0, 675, 1462, 1304, 346, 6.77%, 9, 0, 4, 2269.02
1570947919, 0, 683, 1462, 1303, 345, 6.77%, 9, 0, 4, 2397.18
1570948073, 0, 683, 1463, 1304, 345, 6.77%, 9, 0, 4, 2570.49
1570948124, 0, 685, 1463, 1303, 345, 6.77%, 9, 0, 4, 2203.13
1570948150, 0, 685, 1474, 1314, 345, 6.77%, 9, 0, 4, 2054.43
1570948288, 0, 685, 1476, 1316, 345, 6.77%, 9, 0, 4, 2126.08
1570948537, 0, 687, 1476, 1315, 343, 6.77%, 9, 0, 4, 2532.84
1570948671, 0, 688, 1476, 1314, 342, 6.77%, 9, 0, 4, 2741.04
1570948794, 0, 689, 1476, 1313, 341, 6.77%, 9, 0, 4, 2749.34
1570948814, 0, 689, 1477, 1314, 341, 6.77%, 9, 0, 4, 2640.50
1570948927, 0, 690, 1477, 1313, 340, 6.77%, 9, 0, 4, 2692.75
1570949060, 0, 691, 1477, 1312, 339, 6.77%, 9, 0, 4, 2679.70
1570949194, 0, 692, 1477, 1311, 338, 6.77%, 9, 0, 4, 2584.89
1570949214, 0, 692, 1478, 1312, 338, 6.77%, 9, 0, 4, 2502.15
1570949219, 0, 692, 1479, 1313, 338, 6.77%, 9, 0, 4, 2494.14
1570949399, 0, 700, 1479, 1312, 336, 6.77%, 9, 0, 4, 2357.55
1570949425, 0, 700, 1485, 1318, 336, 6.77%, 9, 0, 4, 2092.74
1570949491, 0, 700, 1488, 1321, 336, 6.77%, 9, 0, 4, 2131.37
1570949700, 0, 700, 1489, 1322, 336, 6.78%, 9, 0, 4, 2096.61
1570949807, 0, 702, 1489, 1321, 337, 6.78%, 9, 0, 4, 2638.20
1570949874, 0, 702, 1492, 1324, 337, 6.78%, 9, 0, 4, 2750.08
1570949951, 0, 707, 1494, 1325, 337, 6.78%, 9, 0, 4, 2468.22
1570949976, 0, 707, 1499, 1330, 337, 6.78%, 9, 0, 4, 2102.74
1570949982, 0, 707, 1500, 1331, 337, 6.79%, 9, 0, 4, 2063.98
1570950007, 0, 707, 1501, 1332, 337, 6.79%, 9, 0, 4, 2092.54
1570950043, 0, 707, 1504, 1335, 337, 6.80%, 9, 0, 4, 2133.81
1570950360, 0, 712, 1504, 1334, 338, 6.80%, 9, 0, 4, 2198.51
1570950385, 0, 712, 1509, 1339, 338, 6.80%, 9, 0, 4, 2119.83
1570950759, 0, 714, 1509, 1338, 338, 6.80%, 9, 0, 4, 2245.43
1570950784, 0, 714, 1514, 1343, 338, 6.80%, 9, 0, 4, 2086.41
1570951157, 0, 724, 1514, 1342, 337, 6.80%, 9, 0, 4, 2261.54
1570951183, 0, 724, 1518, 1346, 337, 6.80%, 9, 0, 4, 2056.12
1570951188, 0, 724, 1519, 1347, 337, 6.80%, 9, 0, 4, 2078.83
1570951561, 0, 725, 1519, 1346, 337, 6.80%, 9, 0, 4, 2238.29
1570951587, 0, 725, 1524, 1351, 337, 6.80%, 9, 0, 4, 2098.95
1570951961, 0, 726, 1524, 1350, 337, 6.80%, 9, 0, 4, 2387.39
1570951986, 0, 726, 1528, 1354, 337, 6.80%, 9, 0, 4, 2069.02
1570951991, 0, 726, 1529, 1355, 337, 6.80%, 9, 0, 4, 2073.34
1570952364, 0, 727, 1529, 1354, 337, 6.80%, 9, 0, 4, 2224.16
1570952389, 0, 727, 1534, 1359, 337, 6.80%, 9, 0, 4, 2099.87
1570952763, 0, 728, 1534, 1358, 337, 6.80%, 9, 0, 4, 2356.13
1570952788, 0, 728, 1538, 1362, 337, 6.80%, 9, 0, 4, 2079.72
1570952793, 0, 728, 1539, 1363, 337, 6.80%, 9, 0, 4, 2076.91
1570953167, 0, 729, 1539, 1362, 337, 6.80%, 9, 0, 4, 2183.01
1570953192, 0, 729, 1544, 1367, 337, 6.80%, 9, 0, 4, 2119.05
1570953565, 0, 731, 1544, 1366, 337, 6.80%, 9, 0, 4, 2473.80
1570953570, 0, 733, 1545, 1366, 337, 6.80%, 9, 0, 4, 2857.51
1570953575, 0, 735, 1545, 1365, 336, 6.80%, 9, 0, 4, 2946.05
1570953586, 0, 735, 1546, 1366, 336, 6.80%, 9, 0, 4, 2753.30
1570953591, 0, 735, 1547, 1367, 336, 6.80%, 9, 0, 4, 2751.90
1570953683, 0, 738, 1547, 1366, 335, 6.80%, 9, 0, 4, 2772.91
1570953796, 0, 742, 1547, 1365, 334, 6.80%, 9, 0, 4, 2650.47
1570953827, 0, 742, 1548, 1366, 334, 6.80%, 9, 0, 4, 2607.57
1570953832, 0, 742, 1553, 1371, 334, 6.81%, 9, 0, 4, 2613.31
1570953837, 0, 742, 1558, 1376, 334, 6.82%, 9, 0, 4, 2593.76
1570953929, 0, 743, 1558, 1375, 342, 6.82%, 9, 0, 4, 2696.82
1570954066, 0, 744, 1558, 1374, 341, 6.82%, 9, 0, 4, 2685.48
1570954174, 0, 746, 1558, 1373, 340, 6.82%, 9, 0, 4, 2646.38
1570954180, 0, 746, 1559, 1374, 340, 6.82%, 9, 0, 4, 2534.49
1570954185, 0, 746, 1560, 1375, 340, 6.82%, 9, 0, 4, 2515.90
1570954195, 0, 746, 1561, 1376, 340, 6.82%, 9, 0, 4, 2484.69
1570954316, 0, 749, 1561, 1375, 340, 6.82%, 9, 0, 4, 2589.95
1570954424, 0, 751, 1561, 1374, 339, 6.82%, 9, 0, 4, 2805.72
1570954444, 0, 770, 1561, 1373, 338, 6.82%, 9, 0, 4, 2765.37
1570954464, 0, 770, 1563, 1375, 338, 6.82%, 9, 0, 4, 1770.01
1570954480, 0, 770, 1564, 1376, 338, 6.82%, 9, 0, 4, 1797.39
1570954608, 0, 770, 1565, 1377, 338, 6.82%, 9, 0, 4, 1891.71
1570954812, 0, 775, 1565, 1376, 338, 6.82%, 9, 0, 4, 2170.79
1570954832, 0, 775, 1566, 1377, 338, 6.82%, 9, 0, 4, 2030.25
1570954868, 0, 775, 1567, 1378, 338, 6.82%, 9, 0, 4, 2088.46
1570954899, 0, 775, 1568, 1379, 338, 6.82%, 9, 0, 4, 2091.63
1570955205, 0, 785, 1568, 1378, 338, 6.82%, 9, 0, 4, 2248.41
1570955334, 0, 785, 1569, 1379, 338, 6.82%, 9, 0, 4, 2036.51
1570955600, 0, 788, 1569, 1378, 338, 6.82%, 9, 0, 4, 2335.59
1570955625, 0, 788, 1570, 1379, 338, 6.82%, 9, 0, 4, 2315.68
1570955813, 0, 789, 1570, 1378, 337, 6.82%, 9, 0, 4, 2171.39
1570955839, 0, 789, 1571, 1379, 337, 6.82%, 9, 0, 4, 2081.96
1570955901, 0, 789, 1571, 1379, 337, 6.82%, 10, 0, 4, 2067.36
1570955952, 0, 789, 1572, 1380, 337, 6.82%, 10, 0, 4, 2139.74
1570955972, 0, 789, 1573, 1381, 337, 6.83%, 10, 0, 4, 2187.53
1570956208, 0, 792, 1573, 1380, 339, 6.83%, 10, 0, 4, 2146.06
1570956592, 0, 804, 1575, 1381, 338, 6.83%, 10, 0, 4, 2396.46
1570957001, 0, 805, 1575, 1380, 338, 6.83%, 10, 0, 4, 2286.65
1570957021, 0, 805, 1576, 1381, 338, 6.83%, 10, 0, 4, 1981.00
1570957026, 0, 805, 1579, 1384, 338, 6.83%, 10, 0, 4, 2054.93
1570957052, 0, 805, 1582, 1387, 338, 6.83%, 10, 0, 4, 1996.34
1570957083, 0, 805, 1583, 1388, 338, 6.83%, 10, 0, 4, 2038.72
1570957134, 0, 805, 1594, 1399, 338, 6.83%, 10, 0, 4, 2013.51
1570957384, 0, 805, 1598, 1403, 338, 6.83%, 10, 0, 4, 2009.52
1570957414, 0, 808, 1598, 1402, 337, 6.83%, 10, 0, 4, 2458.84
1570957486, 0, 808, 1601, 1405, 337, 6.83%, 10, 0, 4, 2563.02
1570957573, 0, 812, 1601, 1404, 337, 6.83%, 10, 0, 4, 2255.19
1570957604, 0, 812, 1603, 1406, 337, 6.83%, 10, 0, 4, 2017.77
1570957985, 0, 814, 1603, 1405, 336, 6.83%, 10, 0, 4, 2374.73
1570958006, 0, 814, 1604, 1406, 336, 6.83%, 10, 0, 4, 2448.61
1570958011, 0, 814, 1605, 1407, 336, 6.83%, 10, 0, 4, 2462.18
1570958170, 0, 832, 1605, 1406, 336, 6.83%, 10, 0, 4, 2231.06
1570958190, 0, 832, 1607, 1408, 336, 6.83%, 10, 0, 4, 1982.92
1570958303, 0, 832, 1609, 1410, 336, 6.84%, 10, 0, 4, 2017.90
1570958583, 0, 835, 1609, 1409, 338, 6.84%, 10, 0, 4, 2098.52
1570958603, 0, 835, 1611, 1411, 338, 6.84%, 10, 0, 4, 2018.38
1570958634, 0, 835, 1613, 1413, 338, 6.85%, 10, 0, 4, 2084.53
1570958660, 0, 835, 1614, 1414, 338, 6.85%, 10, 0, 4, 1984.19
1570958716, 0, 835, 1616, 1416, 338, 6.86%, 10, 0, 4, 2015.68
1570958961, 0, 835, 1617, 1417, 338, 6.86%, 10, 0, 4, 2018.08
1570958992, 0, 836, 1617, 1416, 342, 6.86%, 10, 0, 4, 2264.88
1570959012, 0, 836, 1618, 1417, 342, 6.86%, 10, 0, 4, 2017.94
1570959401, 0, 839, 1619, 1417, 342, 6.86%, 10, 0, 4, 2395.18
1570959426, 0, 839, 1620, 1418, 342, 6.86%, 10, 0, 4, 2046.79
1570959810, 0, 842, 1620, 1417, 342, 6.86%, 10, 0, 4, 2299.37
1570959831, 0, 842, 1621, 1418, 342, 6.86%, 10, 0, 4, 2015.69
1570959944, 0, 842, 1622, 1419, 342, 6.86%, 10, 0, 4, 2008.14
1570959980, 0, 842, 1623, 1420, 342, 6.86%, 10, 0, 4, 2092.39
1570960138, 0, 842, 1624, 1421, 342, 6.87%, 10, 0, 4, 2015.67
1570960195, 0, 842, 1627, 1424, 342, 6.87%, 10, 0, 4, 2024.61
1570960225, 0, 843, 1627, 1423, 345, 6.87%, 10, 0, 4, 2147.55
1570960639, 0, 845, 1627, 1422, 344, 6.87%, 10, 0, 4, 2104.87
1570961017, 0, 845, 1628, 1423, 344, 6.87%, 10, 0, 4, 2015.70
1570961047, 0, 846, 1628, 1422, 342, 6.87%, 10, 0, 4, 2372.67
1570961073, 0, 846, 1629, 1423, 342, 6.87%, 10, 0, 4, 2042.69
1570961431, 0, 846, 1631, 1425, 342, 6.87%, 10, 0, 4, 2018.28
1570961461, 0, 847, 1631, 1424, 342, 6.87%, 10, 0, 4, 2245.09
1570961482, 0, 847, 1632, 1425, 342, 6.87%, 10, 0, 4, 2024.89
1570961870, 0, 850, 1632, 1424, 342, 6.87%, 10, 0, 4, 2123.12
1570961890, 0, 850, 1633, 1425, 342, 6.87%, 10, 0, 4, 2016.48
1570962280, 0, 851, 1633, 1424, 342, 6.87%, 10, 0, 4, 2125.81
1570962300, 0, 851, 1634, 1425, 342, 6.87%, 10, 0, 4, 2044.90
1570962306, 0, 851, 1635, 1426, 342, 6.87%, 10, 0, 4, 2077.39
1570962331, 0, 851, 1636, 1427, 342, 6.87%, 10, 0, 4, 2091.96
1570962336, 0, 851, 1637, 1428, 342, 6.87%, 10, 0, 4, 2043.11
1570962444, 0, 851, 1640, 1431, 342, 6.87%, 10, 0, 4, 2144.49
1570962688, 0, 853, 1640, 1430, 343, 6.87%, 10, 0, 4, 2247.10
1570963102, 0, 854, 1640, 1429, 342, 6.87%, 10, 0, 4, 2332.49
1570963128, 0, 854, 1641, 1430, 342, 6.87%, 10, 0, 4, 2320.08
1570963149, 0, 854, 1642, 1431, 342, 6.87%, 10, 0, 4, 2345.97
1570963195, 0, 854, 1643, 1432, 342, 6.87%, 10, 0, 4, 2389.45
1570963210, 0, 854, 1644, 1433, 342, 6.87%, 10, 0, 4, 2369.47
1570963318, 0, 857, 1644, 1432, 342, 6.87%, 10, 0, 4, 2525.45
1570963394, 0, 857, 1645, 1433, 342, 6.87%, 10, 0, 4, 2580.79
1570963477, 0, 858, 1645, 1432, 341, 6.87%, 10, 0, 4, 2326.18
1570963892, 0, 866, 1645, 1431, 340, 6.87%, 10, 0, 4, 2126.11
1570964020, 0, 866, 1646, 1432, 340, 6.88%, 10, 0, 4, 2015.01
1570964266, 0, 866, 1647, 1433, 340, 6.88%, 10, 0, 4, 1995.67
1570964301, 0, 870, 1647, 1432, 341, 6.88%, 10, 0, 4, 2393.29
1570964322, 0, 870, 1648, 1433, 341, 6.88%, 10, 0, 4, 1989.54
1570964327, 0, 870, 1650, 1435, 341, 6.88%, 10, 0, 4, 2027.62
1570964332, 0, 870, 1651, 1436, 341, 6.88%, 10, 0, 4, 2052.59
1570964353, 0, 870, 1652, 1437, 341, 6.88%, 10, 0, 4, 1968.31
1570964429, 0, 870, 1655, 1440, 341, 6.88%, 10, 0, 4, 2002.44
1570964435, 0, 870, 1660, 1445, 341, 6.88%, 10, 0, 4, 2008.91
1570964470, 0, 870, 1662, 1447, 341, 6.88%, 10, 0, 4, 2175.55
1570964679, 0, 870, 1663, 1448, 341, 6.88%, 10, 0, 4, 2000.38
1570964720, 0, 875, 1663, 1447, 341, 6.88%, 10, 0, 4, 2185.18
1570964740, 0, 875, 1664, 1448, 341, 6.88%, 10, 0, 4, 2032.57
1570964848, 0, 875, 1665, 1449, 341, 6.88%, 10, 0, 4, 2035.39
1570965128, 0, 876, 1665, 1448, 341, 6.88%, 10, 0, 4, 2145.46
1570965148, 0, 876, 1667, 1450, 341, 6.89%, 10, 0, 4, 2030.74
1570965497, 0, 876, 1668, 1451, 341, 6.89%, 10, 0, 4, 2014.31
1570965532, 0, 889, 1668, 1450, 341, 6.89%, 10, 0, 4, 2376.98
1570965553, 0, 889, 1669, 1451, 341, 6.89%, 10, 0, 4, 1997.38
1570965946, 0, 897, 1669, 1450, 341, 6.89%, 10, 0, 4, 2360.46
1570965967, 0, 897, 1670, 1451, 341, 6.89%, 10, 0, 4, 2015.87
1570965972, 0, 897, 1674, 1455, 341, 6.89%, 10, 0, 4, 2029.98
1570965997, 0, 897, 1676, 1457, 341, 6.90%, 10, 0, 4, 2004.72
1570966079, 0, 897, 1678, 1459, 341, 6.92%, 10, 0, 4, 2020.95
1570966360, 0, 903, 1678, 1458, 343, 6.92%, 10, 0, 4, 2337.43
1570966381, 0, 903, 1679, 1459, 343, 6.92%, 10, 0, 4, 2015.95
1570966488, 0, 903, 1680, 1460, 343, 6.96%, 10, 0, 4, 2026.85
1570966739, 0, 903, 1681, 1461, 343, 6.96%, 10, 0, 4, 2027.18
1570966774, 0, 905, 1681, 1460, 343, 6.96%, 10, 0, 4, 2128.77
1570966790, 0, 905, 1682, 1461, 343, 6.96%, 10, 0, 4, 2021.66
1570966821, 0, 905, 1683, 1462, 343, 6.96%, 10, 0, 4, 2004.62
1570967184, 0, 906, 1683, 1461, 341, 6.96%, 10, 0, 4, 2250.42
1570967204, 0, 906, 1685, 1463, 341, 6.96%, 10, 0, 4, 2000.91
1570967599, 0, 908, 1685, 1462, 341, 6.96%, 10, 0, 4, 2135.24
1570967614, 0, 908, 1686, 1463, 341, 6.96%, 10, 0, 4, 2013.52
1570967650, 0, 908, 1687, 1464, 341, 6.97%, 10, 0, 4, 2059.52
1570968008, 0, 909, 1687, 1463, 342, 6.97%, 10, 0, 4, 2290.12
1570968028, 0, 909, 1688, 1464, 342, 6.97%, 10, 0, 4, 2000.16
1570968422, 0, 911, 1688, 1463, 341, 6.97%, 10, 0, 4, 2274.37
1570968443, 0, 911, 1689, 1464, 341, 6.97%, 10, 0, 4, 2003.55
1570968837, 0, 912, 1689, 1463, 341, 6.97%, 10, 0, 4, 2140.37
1570968857, 0, 912, 1690, 1464, 341, 6.97%, 10, 0, 4, 2014.35
1570968965, 0, 912, 1691, 1465, 341, 6.98%, 10, 0, 4, 2000.86
1570969250, 0, 913, 1691, 1464, 342, 6.98%, 10, 0, 4, 2162.29
1570969270, 0, 913, 1692, 1465, 342, 6.98%, 10, 0, 4, 2014.88
1570969660, 0, 918, 1692, 1464, 341, 6.98%, 10, 0, 4, 2388.34
1570969680, 0, 918, 1693, 1465, 341, 6.98%, 10, 0, 4, 2008.45
1570970073, 0, 919, 1693, 1464, 341, 6.98%, 10, 0, 4, 2365.84
1570970093, 0, 919, 1694, 1465, 341, 6.98%, 10, 0, 4, 2008.40
1570970155, 0, 919, 1695, 1466, 341, 6.98%, 10, 0, 4, 2004.18
1570970451, 0, 919, 1696, 1467, 341, 6.98%, 10, 0, 4, 2019.07
1570970487, 0, 921, 1696, 1466, 341, 6.98%, 10, 0, 4, 2251.21
1570970508, 0, 921, 1697, 1467, 341, 6.98%, 10, 0, 4, 2015.12
1570970901, 0, 922, 1697, 1466, 341, 6.98%, 10, 0, 4, 2114.95
1570970917, 0, 922, 1698, 1467, 341, 6.98%, 10, 0, 4, 2000.55
1570971315, 0, 923, 1698, 1466, 340, 6.98%, 10, 0, 4, 2135.10
1570971331, 0, 923, 1699, 1467, 340, 6.98%, 10, 0, 4, 2010.97
1570971724, 0, 924, 1699, 1466, 339, 6.98%, 10, 0, 4, 2319.21
1570971745, 0, 924, 1700, 1467, 339, 6.98%, 10, 0, 4, 2010.45
1570972138, 0, 925, 1700, 1466, 338, 6.98%, 10, 0, 4, 2220.36
1570972159, 0, 925, 1701, 1467, 338, 6.98%, 10, 0, 4, 2015.07
1570972551, 0, 927, 1701, 1466, 338, 6.98%, 10, 0, 4, 2296.61
1570972572, 0, 927, 1702, 1467, 338, 6.98%, 10, 0, 4, 1999.30
1570972964, 0, 928, 1702, 1466, 338, 6.98%, 10, 0, 4, 2274.42
1570972985, 0, 928, 1703, 1467, 338, 6.98%, 10, 0, 4, 2020.79
1570973378, 0, 934, 1703, 1466, 337, 6.98%, 10, 0, 4, 2168.82
1570973399, 0, 934, 1704, 1467, 337, 6.98%, 10, 0, 4, 2012.26
1570973409, 0, 934, 1705, 1468, 337, 6.98%, 10, 0, 4, 2031.10
1570973758, 0, 934, 1706, 1469, 337, 6.98%, 10, 0, 4, 2002.64
1570973793, 0, 935, 1706, 1468, 338, 6.98%, 10, 0, 4, 2105.39
1570973808, 0, 935, 1707, 1469, 338, 6.98%, 10, 0, 4, 1997.37
1570973819, 0, 935, 1708, 1470, 338, 6.98%, 10, 0, 4, 2071.85
1570973870, 0, 935, 1709, 1471, 338, 6.98%, 10, 0, 4, 1996.16
1570974171, 0, 935, 1710, 1472, 338, 6.98%, 10, 0, 4, 2008.07
1570974206, 0, 936, 1710, 1471, 338, 6.98%, 10, 0, 4, 2185.78
1570974226, 0, 936, 1711, 1472, 338, 6.98%, 10, 0, 4, 1990.50
1570974236, 0, 936, 1712, 1473, 338, 6.98%, 10, 0, 4, 1979.76
1570974252, 0, 936, 1713, 1474, 338, 6.98%, 10, 0, 4, 1995.17
1570974618, 0, 944, 1713, 1473, 338, 6.98%, 10, 0, 4, 2329.48
1570974639, 0, 944, 1715, 1475, 338, 6.98%, 10, 0, 4, 2008.28
1570974644, 0, 944, 1716, 1476, 338, 6.98%, 10, 0, 4, 2057.19
1570974670, 0, 944, 1717, 1477, 338, 6.99%, 10, 0, 4, 2003.74
1570974752, 0, 944, 1721, 1481, 338, 7.01%, 10, 0, 4, 2000.57
1570974904, 0, 944, 1722, 1482, 338, 7.01%, 10, 0, 4, 2062.05
1570975032, 0, 949, 1722, 1481, 341, 7.01%, 10, 0, 4, 2369.92
1570975053, 0, 949, 1723, 1482, 341, 7.01%, 10, 0, 4, 2003.73
1570975058, 0, 949, 1724, 1483, 341, 7.01%, 10, 0, 4, 2050.44
1570975318, 0, 949, 1725, 1484, 341, 7.01%, 10, 0, 4, 2063.77
1570975410, 0, 949, 1726, 1485, 341, 7.01%, 10, 0, 4, 2025.60
1570975446, 0, 950, 1726, 1484, 342, 7.01%, 10, 0, 4, 2164.58
1570975466, 0, 950, 1728, 1486, 342, 7.01%, 10, 0, 4, 2010.30
1570975497, 0, 950, 1729, 1487, 342, 7.01%, 10, 0, 4, 2042.33
1570975574, 0, 950, 1730, 1488, 342, 7.01%, 10, 0, 4, 2000.42
1570975731, 0, 950, 1731, 1489, 342, 7.01%, 10, 0, 4, 2027.72
1570975788, 0, 950, 1732, 1490, 342, 7.01%, 10, 0, 4, 2211.88
1570975859, 0, 951, 1732, 1489, 344, 7.01%, 10, 0, 4, 2199.59
1570975880, 0, 951, 1734, 1491, 344, 7.01%, 10, 0, 4, 2013.49
1570976146, 0, 951, 1735, 1492, 344, 7.01%, 10, 0, 4, 2054.73
1570976238, 0, 951, 1736, 1493, 344, 7.01%, 10, 0, 4, 2001.80
1570976273, 0, 952, 1736, 1492, 344, 7.01%, 10, 0, 4, 2231.81
1570976294, 0, 952, 1738, 1494, 344, 7.01%, 10, 0, 4, 2006.49
1570976560, 0, 952, 1739, 1495, 344, 7.01%, 10, 0, 4, 2022.18
1570976688, 0, 955, 1739, 1494, 344, 7.01%, 10, 0, 4, 2134.50
1570976704, 0, 955, 1740, 1495, 344, 7.01%, 10, 0, 4, 2011.54
1570976709, 0, 955, 1742, 1497, 344, 7.02%, 10, 0, 4, 2011.56
1570976969, 0, 955, 1743, 1498, 344, 7.02%, 10, 0, 4, 2137.00
1570977101, 0, 956, 1743, 1497, 345, 7.02%, 10, 0, 4, 2142.76
1570977117, 0, 956, 1744, 1498, 345, 7.02%, 10, 0, 4, 1993.83
1570977122, 0, 956, 1745, 1499, 345, 7.02%, 10, 0, 4, 1992.94
1570977153, 0, 956, 1746, 1500, 345, 7.02%, 11, 0, 4, 2046.51
1570977179, 0, 956, 1747, 1501, 345, 7.03%, 11, 0, 4, 2010.18
1570977230, 0, 956, 1751, 1505, 345, 7.04%, 11, 0, 4, 2013.37
1570977388, 0, 956, 1752, 1506, 345, 7.04%, 11, 0, 4, 2034.91
1570977480, 0, 956, 1753, 1507, 345, 7.04%, 11, 0, 4, 1990.49
1570977516, 0, 961, 1753, 1506, 347, 7.04%, 11, 0, 4, 2137.03
1570977531, 0, 961, 1754, 1507, 347, 7.04%, 11, 0, 4, 2016.34
1570977537, 0, 961, 1755, 1508, 347, 7.04%, 11, 0, 4, 2020.20
1570977797, 0, 961, 1756, 1509, 347, 7.04%, 11, 0, 4, 2124.13
1570977925, 0, 973, 1756, 1508, 347, 7.04%, 11, 0, 4, 2324.58
1570978042, 0, 973, 1757, 1509, 347, 7.04%, 11, 0, 4, 2022.35
1570978333, 0, 976, 1757, 1508, 347, 7.04%, 11, 0, 4, 2244.48
1570978354, 0, 976, 1759, 1510, 347, 7.04%, 11, 0, 4, 2034.86
1570978385, 0, 976, 1760, 1511, 347, 7.04%, 11, 0, 4, 2018.98
1570978462, 0, 976, 1765, 1516, 347, 7.06%, 11, 0, 4, 2045.35
1570978707, 0, 976, 1770, 1521, 347, 7.09%, 11, 0, 4, 2034.76
1570978712, 0, 976, 1771, 1522, 347, 7.09%, 11, 0, 4, 2038.05
1570978742, 0, 978, 1771, 1521, 351, 7.09%, 11, 0, 4, 2334.86
1570978773, 0, 978, 1772, 1522, 351, 7.09%, 11, 0, 4, 2053.05
1570978794, 0, 978, 1773, 1523, 351, 7.09%, 11, 0, 4, 2004.90
1570978875, 0, 978, 1778, 1528, 351, 7.11%, 11, 0, 4, 2005.21
1570979124, 0, 978, 1779, 1529, 351, 7.11%, 11, 0, 4, 2001.94
1570979155, 0, 983, 1779, 1528, 354, 7.11%, 11, 0, 4, 2278.59
1570979175, 0, 983, 1780, 1529, 354, 7.11%, 11, 0, 4, 1996.32
1570979186, 0, 983, 1781, 1530, 354, 7.11%, 11, 0, 4, 2067.21
1570979237, 0, 983, 1782, 1531, 354, 7.11%, 11, 0, 4, 2000.55
1570979293, 0, 983, 1786, 1535, 354, 7.12%, 12, 0, 4, 2014.92
1570979441, 0, 983, 1787, 1536, 354, 7.12%, 12, 0, 4, 2104.66
1570979574, 0, 985, 1787, 1535, 355, 7.12%, 12, 0, 4, 2123.66
1570979620, 0, 985, 1788, 1536, 355, 7.12%, 12, 0, 4, 2011.96
1570979625, 0, 985, 1789, 1537, 355, 7.12%, 12, 0, 4, 2059.89
1570979707, 0, 985, 1790, 1538, 355, 7.13%, 13, 0, 4, 2022.40
1570979983, 0, 986, 1790, 1537, 357, 7.13%, 13, 0, 4, 2131.70
1570980387, 0, 990, 1790, 1536, 356, 7.13%, 13, 0, 4, 2351.19
1570980797, 0, 994, 1791, 1536, 355, 7.13%, 13, 0, 4, 2461.81
1570980946, 0, 996, 1791, 1535, 354, 7.13%, 13, 0, 4, 2212.80
1570980971, 0, 996, 1793, 1537, 354, 7.13%, 13, 0, 4, 2084.46
1570980997, 0, 996, 1795, 1539, 354, 7.13%, 13, 0, 4, 2090.06
1570981090, 0, 996, 1796, 1540, 354, 7.13%, 13, 0, 4, 2180.71
1570981351, 0, 998, 1799, 1542, 354, 7.13%, 13, 0, 4, 2574.22
1570981372, 0, 998, 1802, 1545, 354, 7.13%, 13, 0, 4, 2833.01
1570981393, 0, 998, 1803, 1546, 354, 7.13%, 13, 0, 4, 2808.30
1570981418, 0, 998, 1804, 1547, 354, 7.13%, 13, 0, 4, 2777.69
1570981500, 0, 1000, 1804, 1546, 354, 7.13%, 13, 0, 4, 2840.18
1570981515, 0, 1000, 1805, 1547, 354, 7.13%, 13, 0, 4, 2842.35
1570981637, 0, 1001, 1805, 1546, 353, 7.13%, 13, 0, 4, 2765.09
1570981714, 0, 1001, 1806, 1547, 353, 7.13%, 13, 0, 4, 2535.79
1570981800, 0, 1007, 1806, 1546, 352, 7.13%, 13, 0, 4, 2615.38
1570981968, 0, 1008, 1806, 1545, 351, 7.13%, 13, 0, 4, 2648.91
1570982143, 0, 1011, 1806, 1544, 350, 7.13%, 13, 0, 4, 2296.11
1570982168, 0, 1011, 1807, 1545, 350, 7.13%, 13, 0, 4, 2092.33
1570982291, 0, 1011, 1808, 1546, 350, 7.13%, 13, 0, 4, 2157.91
1570982439, 0, 1011, 1808, 1546, 350, 7.13%, 14, 0, 4, 2118.04
1570982552, 0, 1012, 1808, 1545, 350, 7.13%, 14, 0, 4, 2323.92
1570982572, 0, 1012, 1815, 1552, 350, 7.13%, 14, 0, 4, 2303.49
1570982577, 0, 1012, 1818, 1555, 350, 7.14%, 14, 0, 4, 2297.67
1570982598, 0, 1012, 1820, 1557, 350, 7.14%, 14, 0, 4, 2317.10
1570982624, 0, 1012, 1822, 1559, 350, 7.14%, 14, 0, 4, 2312.07
1570982639, 0, 1012, 1823, 1560, 350, 7.14%, 14, 0, 4, 2314.03
1570982644, 0, 1012, 1824, 1561, 350, 7.14%, 14, 0, 4, 2347.76
1570982649, 0, 1012, 1826, 1563, 350, 7.15%, 14, 0, 4, 2344.49
1570982654, 0, 1012, 1828, 1565, 350, 7.15%, 14, 0, 4, 2336.37
1570982660, 0, 1012, 1830, 1567, 350, 7.15%, 14, 0, 4, 2347.65
1570982736, 0, 1012, 1833, 1570, 350, 7.15%, 14, 0, 4, 2341.95
1570982756, 0, 1012, 1835, 1572, 350, 7.16%, 14, 0, 4, 2403.67
1570982772, 0, 1015, 1835, 1571, 364, 7.16%, 14, 0, 4, 2534.38
1570982777, 0, 1015, 1837, 1573, 364, 7.16%, 14, 0, 4, 2556.84
1570982792, 0, 1015, 1838, 1574, 364, 7.16%, 14, 0, 4, 2569.52
1570982940, 0, 1023, 1838, 1573, 363, 7.16%, 14, 0, 4, 2580.80
1570983103, 0, 1025, 1838, 1572, 362, 7.16%, 14, 0, 4, 2619.56
1570983277, 0, 1027, 1838, 1571, 361, 7.16%, 14, 0, 4, 2583.07
1570983451, 0, 1030, 1838, 1570, 360, 7.16%, 14, 0, 4, 2644.37
1570983456, 0, 1030, 1839, 1571, 360, 7.16%, 14, 0, 4, 2510.15
1570983625, 0, 1035, 1840, 1571, 360, 7.16%, 14, 0, 4, 2623.03
1570983630, 0, 1035, 1841, 1572, 360, 7.16%, 14, 0, 4, 2371.20
1570983651, 0, 1035, 1860, 1591, 360, 7.28%, 14, 0, 4, 2329.00
1570983676, 0, 1035, 1866, 1597, 360, 7.30%, 14, 0, 4, 2361.66
1570983702, 0, 1035, 1868, 1599, 360, 7.31%, 14, 0, 4, 2333.73
1570983707, 0, 1035, 1870, 1601, 360, 7.31%, 14, 0, 4, 2323.55
1570983722, 0, 1035, 1879, 1610, 360, 7.33%, 14, 0, 4, 2224.64
1570983778, 0, 1035, 1881, 1612, 360, 7.33%, 14, 0, 4, 2375.13
1570983789, 0, 1035, 1883, 1614, 360, 7.34%, 14, 0, 4, 2341.06
1570983804, 0, 1035, 1884, 1615, 360, 7.34%, 14, 0, 4, 2387.57
1570983814, 0, 1043, 1884, 1614, 381, 7.34%, 14, 0, 4, 2501.72
1570983839, 0, 1043, 1887, 1617, 381, 7.34%, 14, 0, 4, 2029.76
1570983911, 0, 1043, 1888, 1618, 381, 7.34%, 14, 0, 4, 2055.69
1570983947, 0, 1043, 1890, 1620, 381, 7.34%, 14, 0, 4, 1989.18
1570984192, 0, 1043, 1892, 1622, 381, 7.39%, 14, 0, 4, 1991.42
1570984227, 0, 1051, 1892, 1621, 382, 7.39%, 14, 0, 4, 2347.87
1570984571, 0, 1052, 1893, 1621, 381, 7.39%, 14, 0, 4, 2440.95
1570984668, 0, 1052, 1894, 1622, 381, 7.39%, 14, 0, 4, 2573.37
1570984750, 0, 1056, 1895, 1622, 381, 7.39%, 14, 0, 4, 2476.37
1570985097, 0, 1059, 1896, 1622, 381, 7.39%, 14, 0, 4, 2360.73
1570985312, 0, 1068, 1896, 1621, 380, 7.39%, 14, 0, 4, 2268.43
1570985327, 0, 1068, 1897, 1622, 380, 7.39%, 14, 0, 4, 2127.90
1570985337, 0, 1068, 1901, 1626, 380, 7.39%, 14, 0, 4, 2132.65
1570985455, 0, 1068, 1903, 1628, 380, 7.39%, 14, 0, 4, 2223.88
1570985666, 0, 1072, 1903, 1627, 380, 7.39%, 14, 0, 4, 2375.86
1570985834, 0, 1072, 1904, 1628, 380, 7.39%, 14, 0, 4, 2139.83
1570986028, 0, 1073, 1904, 1627, 380, 7.39%, 14, 0, 4, 2424.96
1570986043, 0, 1073, 1905, 1628, 380, 7.39%, 14, 0, 4, 2160.23
1570986059, 0, 1073, 1906, 1629, 380, 7.39%, 14, 0, 4, 2182.57
1570986172, 0, 1073, 1907, 1630, 380, 7.39%, 14, 0, 4, 2256.77
1570986381, 0, 1083, 1907, 1629, 380, 7.39%, 14, 0, 4, 2386.80
1570986601, 0, 1085, 1907, 1628, 379, 7.39%, 14, 0, 4, 2394.36
1570986821, 0, 1090, 1907, 1627, 378, 7.39%, 14, 0, 4, 2202.94
1570986929, 0, 1090, 1908, 1628, 378, 7.39%, 14, 0, 4, 1916.78
1570987173, 0, 1094, 1908, 1627, 377, 7.39%, 14, 0, 4, 2236.77
1570987194, 0, 1094, 1909, 1628, 377, 7.39%, 14, 0, 4, 2051.21
1570987577, 0, 1105, 1909, 1626, 376, 7.39%, 14, 0, 4, 2744.45
1570987582, 0, 1105, 1914, 1631, 376, 7.39%, 14, 0, 4, 2861.92
1570987587, 0, 1109, 1914, 1630, 375, 7.39%, 14, 0, 4, 2893.32
1570987592, 0, 1110, 1915, 1630, 374, 7.39%, 14, 0, 4, 2870.63
1570987597, 0, 1111, 1917, 1631, 374, 7.40%, 14, 0, 4, 2813.41
1570987602, 0, 1112, 1918, 1631, 376, 7.41%, 14, 0, 4, 2932.43
1570987607, 0, 1115, 1919, 1631, 377, 7.41%, 14, 0, 4, 2922.27
1570987613, 0, 1117, 1919, 1630, 376, 7.41%, 14, 0, 4, 2877.70
1570987618, 0, 1118, 1921, 1631, 376, 7.42%, 14, 0, 4, 2865.78
1570987623, 0, 1120, 1922, 1631, 375, 7.42%, 14, 0, 4, 2858.74
1570987633, 0, 1122, 1924, 1632, 374, 7.43%, 14, 0, 4, 2946.62
1570987638, 0, 1124, 1930, 1636, 379, 7.57%, 14, 0, 4, 2923.65
1570987643, 0, 1127, 1932, 1637, 379, 7.58%, 14, 0, 4, 2946.81
1570987694, 0, 1127, 1933, 1638, 379, 7.58%, 14, 0, 4, 2016.70
1570987777, 0, 1127, 1934, 1639, 379, 7.58%, 14, 0, 4, 2012.61
1570988057, 0, 1133, 1934, 1638, 378, 7.58%, 14, 0, 4, 2233.51
1570988077, 0, 1133, 1935, 1639, 378, 7.58%, 14, 0, 4, 2014.56
1570988466, 0, 1134, 1935, 1638, 377, 7.58%, 14, 0, 4, 2123.10
1570988487, 0, 1134, 1936, 1639, 377, 7.58%, 14, 0, 4, 2008.58
1570988543, 0, 1134, 1937, 1640, 377, 7.58%, 14, 0, 4, 2017.50
1570988840, 0, 1134, 1938, 1641, 377, 7.58%, 14, 0, 4, 2033.00
1570988876, 0, 1135, 1938, 1640, 378, 7.58%, 14, 0, 4, 2130.28
1570988896, 0, 1135, 1939, 1641, 378, 7.58%, 14, 0, 4, 2031.44
