# unix_time, cycles_done, cur_path, paths_total, pending_total, pending_favs, map_size, unique_crashes, unique_hangs, max_depth, execs_per_sec
1570902596, 0, 0, 1, 1, 1, 2.10%, 0, 0, 1, 1600.00
1570902602, 0, 0, 61, 61, 1, 2.43%, 0, 0, 2, 1946.84
1570902617, 0, 0, 92, 92, 1, 2.51%, 0, 0, 2, 1968.93
1570902622, 0, 0, 138, 138, 1, 3.03%, 0, 0, 2, 1970.54
1570902627, 0, 0, 297, 297, 1, 3.44%, 0, 0, 2, 2031.16
1570902632, 0, 0, 329, 329, 1, 3.52%, 0, 0, 2, 1993.96
1570902648, 0, 0, 332, 332, 1, 3.55%, 0, 0, 2, 1958.13
1570902653, 0, 0, 342, 342, 1, 3.83%, 0, 0, 2, 1955.05
1570902658, 0, 0, 368, 368, 1, 3.86%, 0, 0, 2, 2016.00
1570902684, 0, 0, 377, 377, 1, 3.96%, 0, 0, 2, 1986.21
1570902689, 0, 0, 390, 390, 1, 3.99%, 0, 0, 2, 1984.44
1570902694, 0, 0, 405, 405, 1, 4.01%, 0, 0, 2, 2004.09
1570902699, 0, 0, 426, 426, 1, 4.04%, 0, 0, 2, 1987.05
1570902714, 0, 0, 428, 428, 1, 4.04%, 0, 0, 2, 1917.67
1570902719, 0, 0, 430, 430, 1, 4.04%, 0, 0, 2, 1922.30
1570902730, 0, 0, 432, 432, 1, 4.05%, 0, 0, 2, 1935.72
1570902735, 0, 0, 457, 457, 1, 4.43%, 0, 0, 2, 1922.01
1570902740, 0, 0, 465, 465, 1, 4.47%, 0, 0, 2, 1921.68
1570902745, 0, 0, 467, 467, 1, 4.51%, 0, 0, 2, 1954.20
1570902750, 0, 0, 474, 474, 1, 4.60%, 0, 0, 2, 2029.40
1570902755, 0, 0, 477, 477, 1, 4.61%, 0, 0, 2, 2061.55
1570902760, 0, 0, 479, 479, 1, 4.62%, 0, 0, 2, 2017.89
1570902771, 0, 0, 510, 510, 1, 4.62%, 0, 0, 2, 2020.16
1570902776, 0, 0, 520, 520, 1, 4.63%, 0, 0, 2, 1987.27
1570902781, 0, 0, 525, 525, 1, 4.63%, 0, 0, 2, 1929.21
1570902786, 0, 0, 528, 528, 1, 4.63%, 0, 0, 2, 1924.02
1570902802, 0, 0, 529, 529, 1, 4.63%, 0, 0, 2, 1922.98
1570902807, 0, 0, 530, 530, 1, 4.63%, 0, 0, 2, 1925.80
1570902812, 0, 0, 531, 531, 1, 4.63%, 0, 0, 2, 1971.86
1570902822, 0, 0, 532, 532, 1, 4.63%, 0, 0, 2, 2091.38
1570902842, 0, 0, 533, 533, 1, 4.63%, 0, 0, 2, 2067.91
1570902899, 0, 0, 539, 539, 1, 4.64%, 0, 0, 2, 1956.53
1570902904, 0, 0, 540, 540, 1, 4.64%, 0, 0, 2, 1934.92
1570902914, 0, 0, 542, 542, 1, 4.65%, 0, 0, 2, 2002.43
1570902919, 0, 0, 549, 549, 1, 4.67%, 0, 0, 2, 1979.63
1570902945, 0, 0, 551, 551, 1, 4.68%, 0, 0, 2, 1957.23
1570902960, 0, 0, 554, 554, 1, 4.68%, 0, 0, 2, 1961.51
1570902981, 0, 0, 556, 556, 1, 4.69%, 0, 0, 2, 1971.39
1570902996, 0, 0, 596, 596, 1, 4.71%, 0, 0, 2, 2322.81
1570903001, 0, 0, 612, 612, 1, 4.72%, 0, 0, 2, 2441.58
1570903006, 0, 7, 621, 616, 192, 4.73%, 0, 0, 2, 2482.07
1570903011, 0, 31, 623, 611, 185, 4.73%, 0, 0, 3, 2640.21
1570903037, 0, 31, 625, 613, 185, 4.73%, 0, 0, 3, 2326.69
1570903160, 0, 120, 625, 605, 178, 4.73%, 0, 0, 3, 2714.44
1570903185, 0, 120, 639, 619, 178, 4.75%, 0, 0, 3, 1904.70
1570903196, 0, 120, 640, 620, 178, 4.75%, 0, 0, 3, 1937.91
1570903211, 0, 120, 641, 621, 178, 4.76%, 0, 0, 3, 1912.47
1570903216, 0, 120, 652, 632, 178, 4.82%, 0, 0, 3, 1918.05
1570903247, 0, 120, 655, 635, 178, 4.84%, 0, 0, 3, 1916.98
1570903298, 0, 120, 674, 654, 178, 4.92%, 0, 0, 3, 1892.60
1570903304, 0, 120, 675, 655, 178, 4.92%, 0, 0, 3, 1899.80
1570903543, 0, 120, 679, 659, 178, 4.93%, 0, 0, 3, 1903.64
1570903564, 0, 141, 680, 656, 210, 4.93%, 0, 0, 3, 2440.94
1570903595, 0, 141, 681, 657, 210, 4.93%, 0, 0, 3, 1987.48
1570903713, 0, 141, 682, 658, 210, 4.93%, 0, 0, 3, 2002.97
1570903963, 0, 162, 683, 656, 209, 4.93%, 0, 0, 3, 2229.75
1570903989, 0, 162, 687, 660, 209, 4.95%, 0, 0, 3, 1960.60
1570903994, 0, 162, 689, 662, 209, 4.95%, 0, 0, 3, 1953.36
1570904020, 0, 162, 690, 663, 209, 4.95%, 0, 0, 3, 1977.88
1570904102, 0, 162, 691, 664, 209, 4.95%, 0, 0, 3, 1936.23
1570904117, 0, 162, 692, 665, 209, 4.95%, 0, 0, 3, 2038.00
1570904357, 0, 177, 692, 662, 209, 4.95%, 0, 0, 3, 2431.75
1570904362, 0, 208, 692, 657, 204, 4.95%, 0, 0, 3, 2380.91
1570904388, 0, 208, 694, 659, 204, 4.95%, 0, 0, 3, 1965.71
1570904419, 0, 208, 695, 660, 204, 4.95%, 0, 0, 3, 1944.60
1570904761, 0, 223, 697, 659, 201, 4.99%, 0, 0, 3, 2277.75
1570904787, 0, 223, 699, 661, 201, 4.99%, 0, 0, 3, 1957.16
1570904792, 0, 223, 702, 664, 201, 4.99%, 0, 0, 3, 1974.43
1570904853, 0, 223, 703, 665, 201, 4.99%, 0, 0, 3, 1938.47
1570904920, 0, 223, 704, 666, 201, 4.99%, 0, 0, 3, 2040.50
1570905160, 0, 223, 712, 674, 201, 4.99%, 0, 0, 3, 2241.72
1570905165, 0, 223, 719, 681, 201, 4.99%, 0, 0, 3, 2404.74
1570905170, 0, 223, 727, 689, 201, 4.99%, 0, 0, 3, 2433.27
1570905176, 0, 235, 728, 689, 203, 4.99%, 0, 0, 3, 2166.85
1570905201, 0, 235, 729, 690, 203, 4.99%, 0, 0, 3, 1978.56
1570905206, 0, 235, 730, 691, 203, 4.99%, 0, 0, 3, 1954.30
1570905534, 0, 235, 732, 693, 203, 4.99%, 0, 0, 3, 2008.28
1570905575, 0, 246, 733, 691, 204, 4.99%, 0, 0, 3, 2411.55
1570905580, 0, 246, 734, 692, 204, 4.99%, 0, 0, 3, 2029.48
1570905662, 0, 246, 735, 693, 204, 4.99%, 0, 0, 3, 1953.02
1570905730, 0, 246, 736, 694, 204, 4.99%, 0, 0, 3, 2020.78
1570905735, 0, 246, 737, 695, 204, 4.99%, 0, 0, 3, 2028.85
1570905877, 0, 246, 738, 696, 204, 4.99%, 0, 0, 3, 1952.31
1570905980, 0, 253, 738, 695, 205, 4.99%, 0, 0, 3, 2016.25
1570906006, 0, 253, 740, 697, 205, 5.00%, 0, 0, 3, 1921.52
1570906011, 0, 253, 742, 699, 205, 5.00%, 0, 0, 3, 1902.32
1570906078, 0, 253, 744, 701, 205, 5.01%, 0, 0, 3, 1967.44
1570906129, 0, 253, 745, 702, 205, 5.01%, 0, 0, 3, 1900.01
1570906155, 0, 253, 746, 703, 205, 5.01%, 0, 0, 3, 1969.88
1570906390, 0, 279, 746, 700, 206, 5.01%, 0, 0, 3, 2357.06
1570906395, 0, 279, 747, 701, 206, 5.01%, 0, 0, 3, 2028.56
1570906421, 0, 279, 749, 703, 206, 5.01%, 0, 0, 3, 1990.70
1570906446, 0, 279, 750, 704, 206, 5.01%, 0, 0, 3, 1952.61
1570906451, 0, 279, 751, 705, 206, 5.01%, 0, 0, 3, 1988.61
1570906563, 0, 279, 754, 708, 206, 5.01%, 0, 0, 3, 2073.30
1570906701, 0, 279, 755, 709, 206, 5.01%, 0, 0, 3, 2010.64
1570906783, 0, 280, 756, 709, 204, 5.01%, 0, 0, 3, 2130.36
1570906788, 0, 318, 756, 701, 196, 5.01%, 0, 0, 3, 2714.88
1570906793, 0, 321, 758, 700, 193, 5.01%, 0, 0, 3, 2183.35
1570906818, 0, 321, 765, 707, 193, 5.02%, 0, 0, 3, 1968.31
1570906880, 0, 321, 766, 708, 193, 5.02%, 0, 0, 3, 1977.42
1570906890, 0, 321, 767, 709, 193, 5.02%, 0, 0, 3, 1964.63
1570907187, 0, 334, 768, 709, 195, 5.02%, 0, 0, 3, 2207.89
1570907213, 0, 334, 770, 711, 195, 5.02%, 0, 0, 3, 1923.57
1570907243, 0, 334, 771, 712, 195, 5.02%, 0, 0, 3, 1930.88
1570907274, 0, 334, 772, 713, 195, 5.02%, 0, 0, 3, 1944.81
1570907325, 0, 334, 773, 714, 195, 5.02%, 0, 0, 3, 1897.94
1570907595, 0, 339, 773, 710, 191, 5.02%, 0, 0, 3, 2470.05
1570907616, 0, 339, 774, 711, 191, 5.02%, 0, 0, 3, 1871.78
1570907621, 0, 339, 784, 721, 191, 5.02%, 0, 0, 3, 1876.68
1570907631, 0, 339, 786, 723, 191, 5.02%, 0, 0, 3, 1900.30
1570907651, 0, 339, 788, 725, 191, 5.03%, 0, 0, 3, 1878.90
1570907682, 0, 339, 789, 726, 191, 5.03%, 0, 0, 3, 1880.32
1570907739, 0, 339, 802, 739, 191, 5.08%, 0, 0, 3, 1890.25
1570907774, 0, 339, 806, 743, 191, 5.08%, 0, 0, 3, 1991.75
1570907903, 0, 339, 807, 744, 191, 5.08%, 0, 0, 3, 1937.94
1570907990, 0, 339, 808, 745, 191, 5.08%, 0, 0, 3, 1875.95
1570908010, 0, 340, 809, 745, 200, 5.08%, 0, 0, 3, 2058.51
1570908030, 0, 340, 810, 746, 200, 5.08%, 0, 0, 3, 1879.01
1570908035, 0, 340, 811, 747, 200, 5.09%, 0, 0, 3, 1925.54
1570908066, 0, 340, 812, 748, 200, 5.09%, 0, 0, 3, 1940.12
1570908107, 0, 340, 813, 749, 200, 5.09%, 0, 0, 3, 1989.94
1570908148, 0, 340, 819, 755, 200, 5.11%, 0, 0, 3, 1904.25
1570908419, 0, 342, 820, 755, 206, 5.11%, 0, 0, 3, 2084.78
1570908445, 0, 342, 827, 762, 206, 5.12%, 0, 0, 3, 1958.15
1570908814, 0, 342, 828, 763, 206, 5.12%, 0, 0, 3, 2061.72
1570908829, 0, 375, 828, 758, 207, 5.12%, 0, 0, 3, 2201.96
1570908850, 0, 375, 829, 759, 207, 5.12%, 0, 0, 3, 1884.74
1570908855, 0, 375, 830, 760, 207, 5.13%, 0, 0, 3, 1938.38
1570908885, 0, 375, 831, 761, 207, 5.13%, 0, 0, 3, 1950.17
1570908911, 0, 375, 832, 762, 207, 5.13%, 0, 0, 3, 1897.95
1570908972, 0, 375, 841, 771, 207, 5.21%, 0, 0, 3, 1905.28
1570909217, 0, 375, 848, 778, 207, 5.23%, 0, 0, 3, 1903.15
1570909237, 0, 385, 850, 778, 214, 5.23%, 0, 0, 3, 2402.31
1570909242, 0, 398, 850, 774, 210, 5.23%, 0, 0, 3, 2279.88
1570909294, 0, 398, 851, 775, 210, 5.23%, 0, 0, 3, 1920.13
1570909319, 0, 398, 852, 776, 210, 5.24%, 0, 0, 3, 1922.65
1570909417, 0, 398, 853, 777, 210, 5.24%, 0, 0, 3, 2052.22
1570909438, 0, 398, 854, 778, 210, 5.24%, 0, 0, 3, 1903.71
1570909647, 0, 406, 854, 774, 207, 5.24%, 0, 0, 3, 2441.75
1570909652, 0, 406, 856, 776, 207, 5.24%, 0, 0, 3, 2027.47
1570909969, 0, 406, 857, 777, 207, 5.24%, 0, 0, 3, 2014.14
1570910056, 0, 425, 857, 773, 205, 5.24%, 0, 0, 3, 2339.68
1570910082, 0, 425, 858, 774, 205, 5.24%, 0, 0, 3, 1933.77
1570910092, 0, 425, 859, 775, 205, 5.24%, 0, 0, 3, 1925.02
1570910461, 0, 425, 864, 780, 205, 5.24%, 0, 0, 3, 2219.12
1570910471, 0, 425, 868, 784, 205, 5.24%, 0, 0, 3, 2445.91
1570910476, 0, 432, 869, 783, 207, 5.24%, 0, 0, 3, 2248.54
1570910496, 0, 432, 870, 784, 207, 5.24%, 0, 0, 3, 1892.43
1570910502, 0, 432, 871, 785, 207, 5.24%, 0, 0, 3, 1942.77
1570910532, 0, 432, 872, 786, 207, 5.25%, 0, 0, 3, 1927.93
1570910614, 0, 432, 875, 789, 207, 5.25%, 0, 0, 3, 1883.29
1570910864, 0, 432, 876, 790, 207, 5.25%, 0, 0, 3, 1872.01
1570910884, 0, 432, 878, 792, 207, 5.25%, 0, 0, 3, 2093.86
1570910889, 0, 432, 885, 799, 207, 5.25%, 0, 0, 3, 2363.03
1570910894, 0, 432, 888, 802, 207, 5.25%, 0, 0, 3, 2412.85
1570910900, 0, 436, 888, 801, 212, 5.25%, 0, 0, 3, 2265.51
1570910925, 0, 436, 890, 803, 212, 5.25%, 0, 0, 3, 1919.52
1570910956, 0, 436, 892, 805, 212, 5.26%, 0, 0, 3, 1936.62
1570910986, 0, 436, 894, 807, 212, 5.27%, 0, 0, 3, 1958.79
1570911022, 0, 436, 895, 808, 212, 5.27%, 0, 0, 3, 1910.22
1570911037, 0, 436, 908, 821, 212, 5.40%, 0, 0, 3, 1914.61
1570911309, 0, 437, 908, 820, 227, 5.40%, 0, 0, 3, 2026.96
1570911329, 0, 437, 910, 822, 227, 5.40%, 0, 0, 3, 1886.02
1570911334, 0, 437, 911, 823, 227, 5.40%, 0, 0, 3, 1930.23
1570911360, 0, 437, 912, 824, 227, 5.41%, 0, 0, 3, 1886.67
1570911365, 0, 437, 913, 825, 227, 5.41%, 0, 0, 3, 1923.07
1570911390, 0, 437, 914, 826, 227, 5.41%, 0, 0, 3, 1890.36
1570911447, 0, 437, 920, 832, 227, 5.44%, 0, 0, 3, 1893.81
1570911717, 0, 442, 920, 830, 231, 5.44%, 0, 0, 3, 2317.39
1570911722, 0, 443, 920, 829, 230, 5.44%, 0, 0, 3, 2048.78
1570911742, 0, 443, 923, 832, 230, 5.46%, 0, 0, 3, 1894.04
1570911804, 0, 443, 924, 833, 230, 5.47%, 0, 0, 3, 1896.79
1570911855, 0, 443, 934, 843, 230, 5.51%, 0, 0, 3, 1901.07
1570911896, 0, 443, 935, 844, 230, 5.51%, 0, 0, 3, 2025.72
1570912125, 0, 444, 935, 843, 238, 5.51%, 0, 0, 3, 2151.53
1570912130, 0, 448, 935, 840, 235, 5.51%, 0, 0, 3, 2122.75
1570912150, 0, 448, 936, 841, 235, 5.51%, 0, 0, 3, 1881.51
1570912155, 0, 448, 938, 843, 235, 5.51%, 0, 0, 3, 1923.82
1570912268, 0, 448, 939, 844, 235, 5.51%, 0, 0, 3, 1893.61
1570912539, 0, 450, 939, 842, 233, 5.51%, 0, 0, 3, 2331.75
1570912564, 0, 450, 945, 848, 233, 5.52%, 0, 0, 3, 1870.38
1570912595, 0, 450, 948, 851, 233, 5.61%, 0, 0, 3, 1856.95
1570912626, 0, 450, 949, 852, 233, 5.61%, 0, 0, 3, 1859.93
1570912667, 0, 450, 950, 853, 233, 5.61%, 0, 0, 3, 1859.26
1570912682, 0, 450, 965, 868, 233, 5.74%, 0, 0, 3, 1866.26
1570912856, 0, 450, 967, 870, 233, 5.74%, 0, 0, 3, 1867.42
1570912933, 0, 450, 976, 879, 233, 5.77%, 0, 0, 3, 1872.88
1570912959, 0, 451, 977, 879, 243, 5.77%, 0, 0, 3, 2042.82
1570913041, 0, 451, 978, 880, 243, 5.77%, 0, 0, 3, 1909.97
1570913097, 0, 451, 981, 883, 243, 5.77%, 0, 0, 3, 1899.73
1570913367, 0, 452, 982, 883, 245, 5.77%, 0, 0, 3, 2127.96
1570913393, 0, 452, 985, 886, 245, 5.81%, 0, 0, 3, 1923.17
1570913424, 0, 452, 988, 889, 245, 5.83%, 0, 0, 3, 1929.85
1570913454, 0, 452, 990, 891, 245, 5.85%, 0, 0, 3, 1868.15
1570913495, 0, 452, 991, 892, 245, 5.85%, 0, 0, 3, 1880.92
1570913510, 0, 452, 1002, 903, 245, 5.92%, 0, 0, 3, 1895.29
1570913755, 0, 452, 1003, 904, 245, 5.94%, 0, 0, 3, 1885.47
1570913776, 0, 454, 1003, 903, 258, 5.94%, 0, 0, 3, 2208.20
1570913801, 0, 454, 1004, 904, 258, 5.94%, 0, 0, 3, 1890.89
1570913919, 0, 454, 1006, 906, 258, 5.97%, 0, 0, 3, 1888.25
1570914164, 0, 454, 1008, 908, 258, 5.97%, 0, 0, 3, 1894.44
1570914185, 0, 458, 1008, 907, 259, 5.97%, 0, 0, 3, 2076.29
1570914205, 0, 458, 1009, 908, 259, 5.97%, 0, 0, 3, 1863.55
1570914210, 0, 458, 1011, 910, 259, 5.98%, 0, 0, 3, 1884.72
1570914241, 0, 458, 1012, 911, 259, 5.98%, 0, 0, 3, 1904.25
1570914272, 0, 458, 1013, 912, 259, 5.98%, 0, 0, 3, 1911.32
1570914328, 0, 458, 1016, 915, 259, 5.99%, 0, 0, 3, 1892.27
1570914486, 0, 458, 1017, 916, 259, 6.00%, 0, 0, 3, 1968.55
1570914578, 0, 458, 1018, 917, 259, 6.00%, 0, 0, 3, 1867.70
1570914599, 0, 460, 1018, 916, 264, 6.00%, 0, 0, 3, 2056.61
1570914619, 0, 460, 1019, 917, 264, 6.00%, 0, 0, 3, 1872.13
1570914624, 0, 460, 1021, 919, 264, 6.00%, 0, 0, 3, 1913.56
1570915012, 0, 462, 1021, 918, 264, 6.00%, 0, 0, 3, 2005.48
1570915037, 0, 462, 1022, 919, 264, 6.00%, 0, 0, 3, 1931.59
1570915099, 0, 462, 1023, 920, 264, 6.00%, 0, 0, 3, 1939.88
1570915145, 0, 462, 1024, 921, 264, 6.00%, 0, 0, 3, 1882.16
1570915156, 0, 462, 1025, 922, 264, 6.00%, 0, 0, 3, 1881.74
1570915186, 0, 462, 1026, 923, 264, 6.00%, 0, 0, 3, 1999.44
1570915421, 0, 466, 1026, 921, 264, 6.00%, 0, 0, 3, 2330.96
1570915452, 0, 466, 1033, 928, 264, 6.01%, 0, 0, 3, 1957.15
1570915483, 0, 466, 1034, 929, 264, 6.01%, 0, 0, 3, 1978.73
1570915519, 0, 466, 1035, 930, 264, 6.01%, 1, 0, 3, 1924.94
1570915575, 0, 466, 1039, 934, 264, 6.03%, 1, 0, 3, 2007.11
1570915595, 0, 466, 1042, 937, 264, 6.03%, 1, 0, 3, 1982.19
1570915636, 0, 466, 1043, 938, 264, 6.03%, 1, 0, 3, 1900.00
1570915743, 0, 466, 1044, 939, 264, 6.03%, 1, 0, 3, 2013.68
1570915835, 0, 469, 1048, 941, 267, 6.04%, 1, 0, 3, 2280.95
1570915861, 0, 469, 1049, 942, 267, 6.04%, 1, 0, 3, 1913.06
1570915866, 0, 469, 1054, 947, 267, 6.04%, 1, 0, 3, 1968.26
1570915891, 0, 469, 1055, 948, 267, 6.04%, 1, 0, 3, 1916.22
1570915897, 0, 469, 1058, 951, 267, 6.04%, 1, 0, 3, 1966.84
1570916010, 0, 469, 1059, 952, 267, 6.04%, 1, 0, 3, 1985.28
1570916255, 0, 473, 1059, 950, 268, 6.04%, 1, 0, 3, 2260.77
1570916285, 0, 473, 1060, 951, 268, 6.04%, 1, 0, 3, 1960.15
1570916352, 0, 473, 1060, 951, 268, 6.04%, 2, 0, 3, 1922.36
1570916357, 0, 473, 1061, 952, 268, 6.04%, 2, 0, 3, 1933.62
1570916418, 0, 473, 1062, 953, 268, 6.04%, 2, 0, 3, 1999.24
1570916434, 0, 473, 1063, 954, 268, 6.04%, 2, 0, 3, 1990.10
1570916679, 0, 474, 1064, 954, 268, 6.04%, 2, 0, 3, 1996.11
1570916709, 0, 474, 1065, 955, 268, 6.04%, 2, 0, 3, 1905.69
1570916832, 0, 474, 1066, 956, 268, 6.05%, 2, 0, 3, 2001.48
1570916842, 0, 474, 1067, 957, 268, 6.05%, 2, 0, 3, 1979.29
1570916995, 0, 474, 1067, 957, 268, 6.05%, 3, 0, 3, 1966.39
1570917098, 0, 475, 1067, 956, 268, 6.05%, 3, 0, 3, 2233.03
1570917128, 0, 475, 1068, 957, 268, 6.05%, 3, 0, 3, 1952.15
1570917251, 0, 475, 1069, 958, 268, 6.05%, 3, 0, 3, 1995.41
1570917266, 0, 475, 1070, 959, 268, 6.05%, 3, 0, 3, 1974.11
1570917419, 0, 475, 1070, 959, 268, 6.05%, 4, 0, 3, 1985.06
1570917521, 0, 476, 1070, 958, 269, 6.05%, 4, 0, 3, 2130.09
1570917552, 0, 476, 1072, 960, 269, 6.05%, 4, 0, 3, 1948.42
1570917618, 0, 476, 1072, 960, 269, 6.05%, 5, 0, 3, 1933.84
1570917674, 0, 476, 1074, 962, 269, 6.06%, 5, 0, 3, 2016.23
1570917684, 0, 476, 1075, 963, 269, 6.06%, 5, 0, 3, 1990.45
1570917689, 0, 476, 1076, 964, 269, 6.06%, 5, 0, 3, 1992.15
1570917949, 0, 477, 1076, 963, 272, 6.06%, 5, 0, 3, 2026.46
1570917980, 0, 477, 1077, 964, 272, 6.06%, 5, 0, 3, 1915.89
1570918041, 0, 477, 1077, 964, 272, 6.06%, 6, 0, 3, 1915.58
1570918103, 0, 477, 1078, 965, 272, 6.06%, 6, 0, 3, 2000.38
1570918118, 0, 477, 1079, 966, 272, 6.06%, 6, 0, 3, 1955.74
1570918373, 0, 478, 1079, 965, 273, 6.06%, 6, 0, 3, 2156.32
1570918404, 0, 478, 1081, 967, 273, 6.06%, 6, 0, 3, 1955.91
1570918470, 0, 478, 1081, 967, 273, 6.06%, 7, 0, 3, 1906.87
1570918526, 0, 478, 1082, 968, 273, 6.06%, 7, 0, 3, 2011.48
1570918547, 0, 478, 1083, 969, 273, 6.06%, 7, 0, 3, 2001.07
1570918801, 0, 520, 1083, 964, 271, 6.06%, 7, 0, 3, 2309.47
1570919226, 0, 541, 1084, 960, 266, 6.06%, 7, 0, 3, 2573.19
1570919257, 0, 541, 1099, 975, 266, 6.06%, 7, 0, 3, 1979.92
1570919323, 0, 541, 1100, 976, 266, 6.06%, 7, 0, 3, 1924.28
1570919328, 0, 541, 1101, 977, 266, 6.06%, 7, 0, 3, 1941.27
1570919395, 0, 541, 1101, 977, 266, 6.06%, 8, 0, 3, 1995.46
1570919456, 0, 541, 1102, 978, 266, 6.06%, 8, 0, 3, 2047.99
1570919552, 0, 541, 1103, 979, 266, 6.06%, 8, 0, 3, 1936.64
1570919578, 0, 541, 1104, 980, 266, 6.06%, 8, 0, 3, 1947.03
1570919629, 0, 541, 1105, 981, 266, 6.06%, 8, 0, 3, 1926.68
1570919649, 0, 541, 1106, 982, 266, 6.06%, 8, 0, 3, 2049.55
1570919655, 0, 587, 1108, 978, 264, 6.06%, 8, 0, 3, 2505.59
1570919660, 0, 587, 1109, 979, 264, 6.06%, 8, 0, 3, 2331.80
1570919680, 0, 587, 1112, 982, 264, 6.06%, 8, 0, 3, 2312.67
1570919706, 0, 587, 1113, 983, 264, 6.06%, 8, 0, 3, 2293.00
1570919737, 0, 587, 1116, 986, 264, 6.06%, 8, 0, 3, 2298.24
1570919757, 0, 587, 1117, 987, 264, 6.06%, 8, 0, 3, 2319.12
1570919798, 0, 587, 1118, 988, 264, 6.07%, 8, 0, 3, 2303.49
1570919828, 0, 598, 1118, 984, 265, 6.07%, 8, 0, 3, 2416.82
1570919833, 0, 598, 1121, 987, 265, 6.07%, 8, 0, 3, 2211.39
1570919854, 0, 598, 1130, 996, 265, 6.07%, 8, 0, 3, 2153.05
1570919859, 0, 598, 1131, 997, 265, 6.07%, 8, 0, 3, 2164.73
1570919884, 0, 598, 1133, 999, 265, 6.07%, 8, 0, 3, 2158.50
1570919910, 0, 598, 1134, 1000, 265, 6.07%, 8, 0, 3, 2145.76
1570919920, 0, 598, 1138, 1004, 265, 6.07%, 8, 0, 3, 2148.06
1570919930, 0, 598, 1141, 1007, 265, 6.07%, 8, 0, 3, 2189.24
1570920038, 0, 598, 1143, 1009, 265, 6.07%, 8, 0, 3, 2214.14
1570920058, 0, 600, 1143, 1008, 266, 6.07%, 8, 0, 3, 2229.82
1570920079, 0, 600, 1144, 1009, 266, 6.07%, 8, 0, 3, 2193.49
1570920274, 0, 601, 1144, 1008, 266, 6.07%, 8, 0, 3, 2220.21
1570920294, 0, 601, 1145, 1009, 266, 6.07%, 8, 0, 3, 2140.29
1570920300, 0, 601, 1146, 1010, 266, 6.07%, 8, 0, 3, 2160.64
1570920494, 0, 605, 1147, 1008, 265, 6.07%, 8, 0, 3, 2332.14
1570920515, 0, 605, 1149, 1010, 265, 6.07%, 8, 0, 3, 1897.83
1570920525, 0, 605, 1151, 1012, 265, 6.07%, 8, 0, 3, 1961.89
1570920556, 0, 605, 1155, 1016, 265, 6.07%, 8, 0, 3, 1960.74
1570920658, 0, 605, 1156, 1017, 265, 6.07%, 8, 0, 3, 1979.42
1570920668, 0, 605, 1157, 1018, 265, 6.07%, 8, 0, 3, 1984.58
1570920912, 0, 605, 1158, 1019, 265, 6.07%, 8, 0, 3, 2033.74
1570920922, 0, 606, 1160, 1020, 267, 6.07%, 8, 0, 3, 2254.58
1570920948, 0, 606, 1161, 1021, 267, 6.07%, 8, 0, 3, 2327.83
1570921005, 0, 606, 1164, 1024, 267, 6.07%, 8, 0, 3, 2333.84
1570921107, 0, 609, 1164, 1023, 266, 6.07%, 8, 0, 3, 2393.51
1570921128, 0, 609, 1165, 1024, 266, 6.07%, 8, 0, 3, 2258.11
1570921133, 0, 609, 1175, 1034, 266, 6.20%, 8, 0, 3, 2277.08
1570921158, 0, 609, 1176, 1035, 266, 6.20%, 8, 0, 3, 2285.74
1570921184, 0, 609, 1177, 1036, 266, 6.20%, 8, 0, 3, 2248.57
1570921189, 0, 609, 1178, 1037, 266, 6.20%, 8, 0, 3, 2276.21
1570921210, 0, 609, 1179, 1038, 266, 6.20%, 8, 0, 3, 2289.12
1570921261, 0, 609, 1180, 1039, 266, 6.20%, 8, 0, 3, 2303.08
1570921297, 0, 612, 1180, 1037, 277, 6.20%, 8, 0, 3, 2309.56
1570921317, 0, 612, 1182, 1039, 277, 6.20%, 8, 0, 3, 2281.75
1570921322, 0, 612, 1184, 1041, 277, 6.21%, 8, 0, 3, 2285.27
1570921343, 0, 612, 1185, 1042, 277, 6.21%, 8, 0, 3, 2287.47
1570921374, 0, 612, 1186, 1043, 277, 6.21%, 8, 0, 3, 2247.94
1570921379, 0, 612, 1187, 1044, 277, 6.21%, 8, 0, 3, 2300.15
1570921394, 0, 612, 1189, 1046, 277, 6.21%, 8, 0, 3, 2317.74
1570921445, 0, 612, 1192, 1049, 277, 6.21%, 8, 0, 3, 2326.56
1570921451, 0, 612, 1193, 1050, 277, 6.21%, 8, 0, 3, 2339.64
1570921466, 0, 614, 1193, 1049, 280, 6.21%, 8, 0, 3, 2090.74
1570921486, 0, 614, 1197, 1053, 280, 6.21%, 8, 0, 3, 1909.33
1570921497, 0, 614, 1198, 1054, 280, 6.21%, 8, 0, 3, 1931.63
1570921599, 0, 614, 1200, 1056, 280, 6.21%, 8, 0, 3, 1891.66
1570921640, 0, 614, 1202, 1058, 280, 6.21%, 8, 0, 3, 1998.50
1570921824, 0, 614, 1203, 1059, 280, 6.21%, 8, 0, 3, 2042.10
1570921895, 0, 615, 1208, 1063, 278, 6.21%, 8, 0, 3, 2418.51
1570921967, 0, 615, 1210, 1065, 278, 6.21%, 8, 0, 3, 2520.56
1570921973, 0, 615, 1215, 1070, 278, 6.21%, 8, 0, 3, 2518.98
1570922054, 0, 617, 1218, 1072, 277, 6.21%, 8, 0, 3, 2395.04
1570922080, 0, 617, 1219, 1073, 277, 6.21%, 8, 0, 3, 2329.74
1570922105, 0, 617, 1220, 1074, 277, 6.21%, 8, 0, 3, 2337.92
1570922131, 0, 617, 1223, 1077, 277, 6.21%, 8, 0, 3, 2307.69
1570922177, 0, 617, 1224, 1078, 277, 6.21%, 8, 0, 3, 2418.17
1570922182, 0, 629, 1224, 1075, 275, 6.21%, 8, 0, 3, 2169.15
1570922203, 0, 629, 1225, 1076, 275, 6.21%, 8, 0, 4, 1891.40
1570922320, 0, 629, 1226, 1077, 275, 6.22%, 8, 0, 4, 1832.26
1570922581, 0, 629, 1227, 1078, 275, 6.22%, 8, 0, 4, 1886.94
1570922616, 0, 630, 1227, 1077, 276, 6.22%, 8, 0, 4, 2179.23
1570922621, 0, 631, 1227, 1076, 275, 6.22%, 8, 0, 4, 1998.85
1570922642, 0, 631, 1229, 1078, 275, 6.22%, 8, 0, 4, 1867.83
1570922760, 0, 631, 1230, 1079, 275, 6.22%, 8, 0, 4, 1887.88
1570923020, 0, 631, 1231, 1080, 275, 6.22%, 8, 0, 4, 1890.85
1570923061, 0, 633, 1231, 1079, 275, 6.22%, 8, 0, 4, 1993.89
1570923082, 0, 633, 1232, 1080, 275, 6.22%, 8, 0, 4, 1881.58
1570923200, 0, 633, 1234, 1082, 275, 6.24%, 8, 0, 4, 1891.03
1570923466, 0, 633, 1235, 1083, 275, 6.24%, 8, 0, 4, 1898.12
1570923497, 0, 640, 1235, 1080, 275, 6.24%, 8, 0, 4, 2347.71
1570923518, 0, 640, 1236, 1081, 275, 6.24%, 8, 0, 4, 1874.19
1570923523, 0, 640, 1243, 1088, 275, 6.24%, 8, 0, 4, 1877.40
1570923553, 0, 640, 1253, 1098, 275, 6.24%, 8, 0, 4, 1874.42
1570923584, 0, 640, 1258, 1103, 275, 6.24%, 8, 0, 4, 1889.67
1570923641, 0, 640, 1280, 1125, 275, 6.24%, 8, 0, 4, 1872.23
1570923902, 0, 640, 1284, 1129, 275, 6.24%, 8, 0, 4, 1884.95
1570923938, 0, 650, 1284, 1128, 278, 6.24%, 8, 0, 4, 2038.30
1570924025, 0, 650, 1285, 1129, 278, 6.25%, 8, 0, 4, 1923.47
1570924343, 0, 650, 1288, 1132, 278, 6.26%, 8, 0, 4, 1876.69
1570924379, 0, 660, 1289, 1132, 280, 6.26%, 8, 0, 4, 2136.95
1570924466, 0, 660, 1290, 1133, 280, 6.27%, 8, 0, 4, 1873.23
1570924518, 0, 660, 1295, 1138, 280, 6.29%, 8, 0, 4, 1879.58
1570924789, 0, 660, 1296, 1139, 280, 6.29%, 8, 0, 4, 1874.54
1570924819, 0, 670, 1296, 1138, 282, 6.29%, 8, 0, 4, 2177.40
1570924824, 0, 679, 1296, 1133, 277, 6.29%, 8, 0, 4, 2474.13
1570924850, 0, 679, 1297, 1134, 277, 6.29%, 8, 0, 4, 2254.05
1570924911, 0, 679, 1300, 1137, 277, 6.29%, 8, 0, 4, 2253.96
1570925018, 0, 682, 1300, 1135, 278, 6.29%, 8, 0, 4, 2412.40
1570925044, 0, 682, 1301, 1136, 278, 6.31%, 8, 0, 4, 2232.90
1570925172, 0, 682, 1302, 1137, 278, 6.31%, 8, 0, 4, 2275.46
1570925212, 0, 691, 1304, 1137, 280, 6.31%, 8, 0, 4, 2458.36
1570925243, 0, 691, 1306, 1139, 280, 6.31%, 8, 0, 4, 1964.84
1570925366, 0, 691, 1307, 1140, 280, 6.31%, 8, 0, 4, 2000.66
1570925651, 0, 707, 1308, 1139, 280, 6.31%, 8, 0, 4, 2185.81
1570925667, 0, 707, 1309, 1140, 280, 6.31%, 8, 0, 4, 1939.91
1570925672, 0, 707, 1311, 1142, 280, 6.31%, 8, 0, 4, 1977.87
1570925682, 0, 707, 1315, 1146, 280, 6.31%, 8, 0, 4, 1987.39
1570925707, 0, 707, 1316, 1147, 280, 6.31%, 8, 0, 4, 2024.15
1570925748, 0, 707, 1318, 1149, 280, 6.32%, 8, 0, 4, 2028.09
1570925809, 0, 707, 1320, 1151, 280, 6.32%, 8, 0, 4, 2065.46
1570925948, 0, 707, 1321, 1152, 280, 6.32%, 8, 0, 4, 2095.90
1570926045, 0, 711, 1324, 1154, 284, 6.32%, 8, 0, 4, 2262.39
1570926070, 0, 711, 1331, 1161, 284, 6.33%, 8, 0, 4, 2164.61
1570926075, 0, 711, 1332, 1162, 284, 6.33%, 8, 0, 4, 2161.04
1570926096, 0, 711, 1333, 1163, 284, 6.34%, 8, 0, 4, 2184.77
1570926101, 0, 711, 1334, 1164, 284, 6.34%, 8, 0, 4, 2159.80
1570926142, 0, 711, 1336, 1166, 284, 6.34%, 8, 0, 4, 2207.38
1570926147, 0, 711, 1337, 1167, 284, 6.34%, 8, 0, 4, 2208.80
1570926152, 0, 711, 1339, 1169, 284, 6.34%, 8, 0, 4, 2208.24
1570926265, 0, 713, 1339, 1168, 290, 6.34%, 8, 0, 4, 2045.00
1570926280, 0, 713, 1340, 1169, 290, 6.34%, 8, 0, 4, 1858.26
1570926285, 0, 713, 1341, 1170, 290, 6.34%, 8, 0, 4, 1878.22
1570926290, 0, 713, 1342, 1171, 290, 6.34%, 8, 0, 4, 1875.84
1570926321, 0, 713, 1343, 1172, 290, 6.34%, 8, 0, 4, 1947.82
1570926357, 0, 713, 1344, 1173, 290, 6.34%, 8, 0, 4, 1911.72
1570926689, 0, 713, 1345, 1174, 290, 6.34%, 8, 0, 4, 2033.90
1570926699, 0, 714, 1355, 1183, 289, 6.37%, 8, 0, 4, 2090.99
1570926704, 0, 720, 1363, 1190, 300, 6.47%, 8, 0, 4, 2304.05
1570926930, 0, 721, 1363, 1189, 300, 6.47%, 8, 0, 4, 2312.08
1570926935, 0, 721, 1364, 1190, 300, 6.47%, 8, 0, 4, 2271.95
1570926956, 0, 721, 1365, 1191, 300, 6.47%, 8, 0, 4, 2240.38
1570927018, 0, 721, 1366, 1192, 300, 6.47%, 8, 0, 4, 2255.19
1570927125, 0, 726, 1366, 1191, 298, 6.47%, 8, 0, 4, 2350.26
1570927130, 0, 726, 1367, 1192, 298, 6.47%, 8, 0, 4, 2160.11
1570927151, 0, 726, 1368, 1193, 298, 6.47%, 8, 0, 4, 2122.72
1570927156, 0, 726, 1369, 1194, 298, 6.47%, 8, 0, 4, 2139.49
1570927217, 0, 726, 1370, 1195, 298, 6.47%, 8, 0, 4, 2132.89
1570927227, 0, 726, 1372, 1197, 298, 6.48%, 8, 0, 4, 2171.24
1570927232, 0, 726, 1373, 1198, 298, 6.48%, 8, 0, 4, 2164.10
1570927248, 0, 726, 1375, 1200, 298, 6.48%, 8, 0, 4, 2144.55
1570927253, 0, 726, 1376, 1201, 298, 6.48%, 8, 0, 4, 2116.22
1570927320, 0, 726, 1377, 1202, 298, 6.48%, 8, 0, 4, 2185.84
1570927340, 0, 726, 1378, 1203, 298, 6.48%, 8, 0, 4, 2178.96
1570927350, 0, 726, 1379, 1204, 298, 6.48%, 8, 0, 4, 2197.37
1570927376, 0, 731, 1380, 1203, 303, 6.48%, 8, 0, 4, 2077.83
1570927407, 0, 731, 1382, 1205, 303, 6.48%, 8, 0, 4, 1926.10
1570927468, 0, 731, 1384, 1207, 303, 6.48%, 8, 0, 4, 1915.26
1570927529, 0, 731, 1385, 1208, 303, 6.48%, 8, 0, 4, 1962.57
1570927748, 0, 742, 1385, 1204, 302, 6.48%, 8, 0, 4, 2414.75
1570927867, 0, 742, 1385, 1204, 302, 6.48%, 9, 0, 4, 2244.41
1570927929, 0, 742, 1386, 1205, 302, 6.48%, 9, 0, 4, 2222.55
1570927984, 0, 744, 1386, 1204, 302, 6.48%, 9, 0, 4, 2104.37
1570928010, 0, 744, 1387, 1205, 302, 6.49%, 9, 0, 4, 1887.63
1570928240, 0, 744, 1389, 1207, 302, 6.49%, 9, 0, 4, 1931.76
1570928434, 0, 749, 1390, 1207, 303, 6.49%, 9, 0, 4, 2124.30
1570928460, 0, 749, 1393, 1210, 303, 6.49%, 9, 0, 4, 1903.98
1570928465, 0, 749, 1394, 1211, 303, 6.49%, 9, 0, 4, 1917.22
1570928491, 0, 749, 1395, 1212, 303, 6.49%, 9, 0, 4, 1931.34
1570928573, 0, 749, 1397, 1214, 303, 6.55%, 9, 0, 4, 1900.33
1570928731, 0, 749, 1398, 1215, 303, 6.58%, 9, 0, 4, 1980.70
1570928742, 0, 749, 1399, 1216, 303, 6.58%, 9, 0, 4, 1886.64
1570928829, 0, 749, 1402, 1219, 303, 6.60%, 9, 0, 4, 1890.60
1570928864, 0, 750, 1402, 1218, 308, 6.60%, 9, 0, 4, 2175.47
1570928869, 0, 756, 1403, 1217, 306, 6.62%, 9, 0, 4, 2070.02
1570928895, 0, 756, 1408, 1222, 306, 6.62%, 9, 0, 4, 1940.42
1570928966, 0, 756, 1409, 1223, 306, 6.62%, 9, 0, 4, 1948.76
1570929181, 0, 756, 1410, 1224, 306, 6.62%, 9, 0, 4, 1969.98
1570929299, 0, 757, 1410, 1223, 308, 6.62%, 9, 0, 4, 2188.35
1570929319, 0, 757, 1412, 1225, 308, 6.62%, 9, 0, 4, 1885.21
1570929324, 0, 757, 1413, 1226, 308, 6.62%, 9, 0, 4, 1886.43
1570929329, 0, 757, 1421, 1234, 308, 6.62%, 9, 0, 4, 1968.37
1570929360, 0, 757, 1422, 1235, 308, 6.62%, 9, 0, 4, 1966.38
1570929401, 0, 757, 1423, 1236, 308, 6.62%, 9, 0, 4, 1937.59
1570929458, 0, 757, 1424, 1237, 308, 6.62%, 9, 0, 4, 1987.51
1570929473, 0, 757, 1425, 1238, 308, 6.62%, 9, 0, 4, 1971.88
1570929718, 0, 769, 1425, 1234, 305, 6.62%, 9, 0, 4, 2247.22
1570929739, 0, 769, 1426, 1235, 305, 6.62%, 9, 0, 4, 1874.12
1570929805, 0, 769, 1428, 1237, 305, 6.63%, 9, 0, 4, 1847.38
1570929861, 0, 769, 1431, 1240, 305, 6.63%, 9, 0, 4, 1870.91
1570930163, 0, 780, 1431, 1239, 307, 6.63%, 9, 0, 4, 2154.68
1570930219, 0, 780, 1432, 1240, 307, 6.63%, 9, 0, 4, 1865.47
1570930260, 0, 780, 1433, 1241, 307, 6.63%, 9, 0, 4, 1885.73
1570930290, 0, 780, 1434, 1242, 307, 6.63%, 9, 0, 4, 1861.84
1570930306, 0, 780, 1435, 1243, 307, 6.64%, 9, 0, 4, 1862.17
1570930612, 0, 788, 1435, 1241, 307, 6.64%, 9, 0, 4, 2161.83
1570930633, 0, 788, 1436, 1242, 307, 6.64%, 9, 0, 4, 1853.74
1570930638, 0, 788, 1437, 1243, 307, 6.64%, 9, 0, 4, 1884.23
1570930643, 0, 788, 1438, 1244, 307, 6.64%, 9, 0, 4, 1905.86
1570930669, 0, 788, 1440, 1246, 307, 6.65%, 9, 0, 4, 1871.90
1570930756, 0, 788, 1441, 1247, 307, 6.65%, 9, 0, 4, 1876.00
1570931047, 0, 788, 1442, 1248, 307, 6.65%, 9, 0, 4, 2010.47
1570931052, 0, 789, 1442, 1247, 310, 6.65%, 9, 0, 4, 2011.21
1570931072, 0, 789, 1443, 1248, 310, 6.65%, 9, 0, 4, 1857.74
1570931077, 0, 789, 1444, 1249, 310, 6.65%, 9, 0, 4, 1910.58
1570931082, 0, 789, 1445, 1250, 310, 6.65%, 9, 0, 4, 1898.66
1570931108, 0, 789, 1446, 1251, 310, 6.66%, 9, 0, 4, 1890.29
1570931196, 0, 789, 1447, 1252, 310, 6.66%, 9, 0, 4, 1867.70
1570931497, 0, 790, 1447, 1251, 312, 6.66%, 9, 0, 4, 2180.71
1570931502, 0, 796, 1447, 1246, 307, 6.66%, 9, 0, 4, 2278.51
1570931522, 0, 796, 1448, 1247, 307, 6.66%, 9, 0, 4, 1847.54
1570931528, 0, 796, 1449, 1248, 307, 6.66%, 9, 0, 4, 1882.65
1570931533, 0, 796, 1450, 1249, 307, 6.66%, 9, 0, 4, 1915.07
1570931646, 0, 796, 1452, 1251, 307, 6.66%, 9, 0, 4, 1857.36
1570931947, 0, 797, 1452, 1250, 307, 6.66%, 9, 0, 4, 2109.54
1570931952, 0, 802, 1452, 1246, 303, 6.66%, 9, 0, 4, 2220.77
1570931977, 0, 802, 1472, 1266, 303, 6.67%, 9, 0, 4, 1876.98
1570932008, 0, 802, 1480, 1274, 303, 6.67%, 9, 0, 4, 1859.68
1570932039, 0, 802, 1485, 1279, 303, 6.67%, 9, 0, 4, 1856.85
1570932095, 0, 802, 1534, 1328, 303, 6.67%, 9, 0, 4, 1851.40
1570932258, 0, 802, 1535, 1329, 303, 6.67%, 9, 0, 4, 1904.20
1570932355, 0, 802, 1542, 1336, 303, 6.67%, 9, 0, 4, 1837.14
1570932391, 0, 810, 1542, 1335, 313, 6.67%, 9, 0, 4, 2033.79
1570932488, 0, 810, 1543, 1336, 313, 6.67%, 9, 0, 4, 1887.19
1570932529, 0, 810, 1544, 1337, 313, 6.67%, 9, 0, 4, 1872.49
1570932534, 0, 810, 1545, 1338, 313, 6.67%, 9, 0, 4, 1864.80
1570932836, 0, 817, 1545, 1334, 309, 6.67%, 9, 0, 4, 2450.93
1570932933, 0, 817, 1546, 1335, 309, 6.67%, 9, 0, 4, 1892.76
1570932974, 0, 817, 1547, 1336, 309, 6.67%, 9, 0, 4, 1849.49
1570933281, 0, 822, 1547, 1335, 309, 6.67%, 9, 0, 4, 2173.12
1570933286, 0, 834, 1547, 1332, 306, 6.67%, 9, 0, 4, 2137.54
1570933306, 0, 834, 1548, 1333, 306, 6.67%, 9, 0, 4, 1875.24
1570933311, 0, 834, 1549, 1334, 306, 6.68%, 9, 0, 4, 1917.51
1570933342, 0, 834, 1551, 1336, 306, 6.68%, 9, 0, 4, 1936.68
1570933430, 0, 834, 1558, 1343, 306, 6.72%, 9, 0, 4, 1887.54
1570933696, 0, 834, 1560, 1345, 306, 6.72%, 9, 0, 4, 1897.77
1570933726, 0, 840, 1560, 1344, 310, 6.72%, 9, 0, 4, 2121.87
1570933747, 0, 840, 1561, 1345, 310, 6.72%, 9, 0, 4, 1871.24
1570933870, 0, 840, 1562, 1346, 310, 6.73%, 9, 0, 4, 1885.48
1570934167, 0, 843, 1562, 1345, 310, 6.73%, 9, 0, 4, 2197.62
1570934172, 0, 864, 1562, 1340, 307, 6.73%, 9, 0, 4, 2452.60
1570934285, 0, 864, 1563, 1341, 307, 6.73%, 9, 0, 4, 2302.70
1570934392, 0, 871, 1563, 1340, 306, 6.73%, 9, 0, 4, 2228.54
1570934413, 0, 871, 1564, 1341, 306, 6.73%, 9, 0, 4, 1859.22
1570934530, 0, 871, 1565, 1342, 306, 6.73%, 9, 0, 4, 1869.34
1570934837, 0, 883, 1565, 1341, 306, 6.73%, 9, 0, 4, 2175.40
1570934842, 0, 891, 1565, 1337, 302, 6.73%, 9, 0, 4, 2226.94
1570934898, 0, 891, 1566, 1338, 302, 6.73%, 9, 0, 4, 1921.28
1570934928, 0, 891, 1567, 1339, 302, 6.73%, 9, 0, 4, 1932.13
1570934964, 0, 891, 1568, 1340, 302, 6.73%, 9, 0, 4, 1880.70
1570934980, 0, 891, 1572, 1344, 302, 6.76%, 9, 0, 4, 1888.83
1570935246, 0, 891, 1574, 1346, 302, 6.77%, 9, 0, 4, 1887.70
1570935282, 0, 894, 1574, 1344, 304, 6.77%, 9, 0, 4, 2266.88
1570935307, 0, 894, 1578, 1348, 304, 6.77%, 9, 0, 4, 1853.05
1570935338, 0, 894, 1580, 1350, 304, 6.77%, 9, 0, 4, 1882.76
1570935369, 0, 894, 1584, 1354, 304, 6.77%, 9, 0, 4, 1882.19
1570935405, 0, 894, 1585, 1355, 304, 6.77%, 9, 0, 4, 1864.18
1570935420, 0, 894, 1602, 1372, 304, 6.77%, 9, 0, 4, 1883.93
1570935599, 0, 894, 1603, 1373, 304, 6.77%, 9, 0, 4, 1883.39
1570935687, 0, 894, 1604, 1374, 304, 6.77%, 9, 0, 4, 1883.07
1570935692, 0, 894, 1605, 1375, 304, 6.77%, 9, 0, 4, 1891.17
1570935728, 0, 896, 1605, 1374, 313, 6.77%, 9, 0, 4, 2154.55
1570935784, 0, 896, 1606, 1375, 313, 6.78%, 9, 0, 4, 1884.32
1570935815, 0, 896, 1608, 1377, 313, 6.78%, 9, 0, 4, 1881.58
1570935866, 0, 896, 1615, 1384, 313, 6.81%, 9, 0, 4, 1873.54
1570936132, 0, 896, 1616, 1385, 313, 6.81%, 9, 0, 4, 1887.91
1570936173, 0, 911, 1616, 1383, 322, 6.81%, 9, 0, 4, 2037.58
1570936194, 0, 911, 1618, 1385, 322, 6.82%, 9, 0, 4, 1867.93
1570936225, 0, 911, 1620, 1387, 322, 6.86%, 9, 0, 4, 1877.34
1570936256, 0, 911, 1621, 1388, 322, 6.86%, 9, 0, 4, 1837.29
1570936312, 0, 911, 1624, 1391, 322, 6.87%, 9, 0, 4, 1859.84
1570936578, 0, 911, 1625, 1392, 322, 6.87%, 9, 0, 4, 1848.99
1570936618, 0, 914, 1625, 1391, 327, 6.87%, 9, 0, 4, 1983.40
1570936639, 0, 914, 1626, 1392, 327, 6.87%, 9, 0, 4, 1856.90
1570936706, 0, 914, 1627, 1393, 327, 6.87%, 9, 0, 4, 1927.70
1570936758, 0, 914, 1628, 1394, 327, 6.87%, 9, 0, 4, 1835.20
1570937064, 0, 921, 1628, 1389, 324, 6.87%, 9, 0, 4, 2447.48
1570937085, 0, 921, 1629, 1390, 324, 6.87%, 9, 0, 4, 1866.14
1570937090, 0, 921, 1630, 1391, 324, 6.87%, 9, 0, 4, 1858.93
1570937121, 0, 921, 1631, 1392, 324, 6.88%, 9, 0, 4, 1872.54
1570937152, 0, 921, 1632, 1393, 324, 6.88%, 9, 0, 4, 1879.88
1570937208, 0, 921, 1633, 1394, 324, 6.88%, 9, 0, 4, 1886.08
1570937509, 0, 928, 1633, 1392, 325, 6.88%, 9, 0, 4, 2262.97
1570937529, 0, 928, 1634, 1393, 325, 6.88%, 9, 0, 4, 1870.91
1570937534, 0, 928, 1636, 1395, 325, 6.89%, 9, 0, 4, 1867.00
1570937565, 0, 928, 1639, 1398, 325, 6.92%, 9, 0, 4, 1875.89
1570937596, 0, 928, 1641, 1400, 325, 6.93%, 9, 0, 4, 1881.28
1570937652, 0, 928, 1651, 1410, 325, 6.96%, 9, 0, 4, 1865.69
1570937827, 0, 928, 1652, 1411, 325, 6.96%, 9, 0, 4, 1878.56
1570937914, 0, 928, 1660, 1419, 325, 7.01%, 9, 0, 4, 1879.22
1570937955, 0, 930, 1660, 1417, 340, 7.01%, 9, 0, 4, 2149.64
1570937975, 0, 930, 1661, 1418, 340, 7.01%, 9, 0, 4, 1873.39
1570937980, 0, 930, 1665, 1422, 340, 7.02%, 9, 0, 4, 1902.95
1570938042, 0, 930, 1666, 1423, 340, 7.03%, 9, 0, 4, 1911.15
1570938094, 0, 930, 1675, 1432, 340, 7.05%, 9, 0, 4, 1842.65
1570938359, 0, 930, 1676, 1433, 340, 7.05%, 9, 0, 4, 1879.44
1570938400, 0, 945, 1676, 1429, 344, 7.05%, 9, 0, 4, 2415.49
1570938425, 0, 945, 1679, 1432, 344, 7.06%, 9, 0, 4, 1845.33
1570938487, 0, 945, 1681, 1434, 344, 7.07%, 9, 0, 4, 1837.17
1570938533, 0, 945, 1682, 1435, 344, 7.07%, 9, 0, 4, 1842.79
1570938543, 0, 945, 1689, 1442, 344, 7.11%, 9, 0, 4, 1861.82
1570938814, 0, 945, 1690, 1443, 344, 7.11%, 9, 0, 4, 1853.09
1570938850, 0, 950, 1690, 1442, 355, 7.11%, 9, 0, 4, 2096.30
1570938855, 0, 951, 1690, 1441, 354, 7.11%, 9, 0, 4, 1975.21
1570938978, 0, 951, 1691, 1442, 354, 7.11%, 9, 0, 4, 1858.27
1570938994, 0, 951, 1696, 1447, 354, 7.13%, 9, 0, 4, 1861.49
1570939260, 0, 951, 1697, 1448, 354, 7.13%, 9, 0, 4, 1859.77
1570939296, 0, 954, 1697, 1447, 358, 7.13%, 9, 0, 4, 2163.41
1570939301, 0, 960, 1697, 1444, 355, 7.13%, 9, 0, 4, 2131.46
1570939429, 0, 960, 1698, 1445, 355, 7.13%, 9, 0, 4, 1871.44
1570939440, 0, 960, 1699, 1446, 355, 7.14%, 9, 0, 4, 1865.69
1570939711, 0, 960, 1701, 1448, 355, 7.14%, 9, 0, 4, 1874.94
1570939746, 0, 973, 1701, 1444, 351, 7.14%, 9, 0, 4, 2442.11
1570939751, 0, 975, 1701, 1443, 350, 7.14%, 9, 0, 4, 2038.14
1570939772, 0, 975, 1707, 1449, 350, 7.14%, 9, 0, 4, 1872.38
1570939875, 0, 975, 1708, 1450, 350, 7.14%, 9, 0, 4, 1859.04
1570940156, 0, 975, 1714, 1456, 350, 7.14%, 9, 0, 4, 1870.42
1570940191, 0, 978, 1715, 1455, 357, 7.14%, 9, 0, 4, 2179.32
1570940217, 0, 978, 1716, 1456, 357, 7.15%, 9, 0, 4, 1919.94
1570940247, 0, 978, 1717, 1457, 357, 7.15%, 9, 0, 4, 1904.14
1570940273, 0, 978, 1718, 1458, 357, 7.15%, 9, 0, 4, 1863.32
1570940278, 0, 978, 1719, 1459, 357, 7.16%, 9, 0, 4, 1907.45
1570940334, 0, 978, 1721, 1461, 357, 7.17%, 9, 0, 4, 1886.25
1570940631, 0, 980, 1721, 1460, 361, 7.17%, 9, 0, 4, 2111.65
1570940657, 0, 980, 1724, 1463, 361, 7.20%, 9, 0, 4, 1877.20
1570940687, 0, 980, 1725, 1464, 361, 7.20%, 9, 0, 4, 1865.96
1570940718, 0, 980, 1726, 1465, 361, 7.20%, 9, 0, 4, 1863.51
1570940774, 0, 980, 1728, 1467, 361, 7.21%, 9, 0, 4, 1869.27
1570941077, 0, 984, 1728, 1466, 360, 7.21%, 9, 0, 4, 2064.99
1570941103, 0, 984, 1730, 1468, 360, 7.21%, 9, 0, 4, 1847.71
1570941164, 0, 984, 1731, 1469, 360, 7.22%, 9, 0, 4, 1835.49
1570941205, 0, 984, 1732, 1470, 360, 7.22%, 9, 0, 4, 1832.23
1570941221, 0, 984, 1737, 1475, 360, 7.23%, 9, 0, 4, 1824.94
1570941523, 0, 986, 1738, 1475, 367, 7.24%, 9, 0, 4, 2227.20
1570941528, 0, 993, 1738, 1471, 363, 7.24%, 9, 0, 4, 2204.35
1570941656, 0, 993, 1739, 1472, 363, 7.24%, 9, 0, 4, 1853.54
1570941672, 0, 993, 1743, 1476, 363, 7.31%, 9, 0, 4, 1867.75
1570941973, 0, 1004, 1743, 1469, 359, 7.31%, 9, 0, 4, 2635.26
1570941999, 0, 1004, 1745, 1471, 359, 7.31%, 9, 0, 4, 1842.96
1570942065, 0, 1004, 1746, 1472, 359, 7.31%, 9, 0, 4, 1916.65
1570942116, 0, 1004, 1748, 1474, 359, 7.36%, 9, 0, 4, 1862.41
1570942388, 0, 1004, 1751, 1477, 359, 7.38%, 9, 0, 4, 1868.98
1570942423, 0, 1007, 1751, 1475, 362, 7.38%, 9, 0, 4, 2047.72
1570942444, 0, 1007, 1752, 1476, 362, 7.38%, 9, 0, 4, 1866.97
1570942449, 0, 1007, 1753, 1477, 362, 7.38%, 9, 0, 4, 1896.55
1570942511, 0, 1007, 1754, 1478, 362, 7.38%, 9, 0, 4, 1923.46
1570942562, 0, 1007, 1756, 1480, 362, 7.38%, 9, 0, 4, 1878.60
1570942829, 0, 1007, 1757, 1481, 362, 7.38%, 9, 0, 4, 1879.12
1570942864, 0, 1010, 1757, 1480, 365, 7.38%, 9, 0, 4, 2016.67
1570942885, 0, 1010, 1758, 1481, 365, 7.38%, 9, 0, 4, 1859.14
1570943309, 0, 1011, 1758, 1480, 365, 7.38%, 9, 0, 4, 2165.46
1570943314, 0, 1012, 1758, 1479, 364, 7.38%, 9, 0, 4, 1986.82
1570943340, 0, 1012, 1759, 1480, 364, 7.38%, 9, 0, 4, 1895.98
1570943437, 0, 1012, 1760, 1481, 364, 7.38%, 9, 0, 4, 1851.41
1570943452, 0, 1012, 1762, 1483, 364, 7.39%, 9, 0, 4, 1835.79
1570943723, 0, 1012, 1763, 1484, 364, 7.39%, 9, 0, 4, 1858.56
1570943728, 0, 1012, 1764, 1485, 364, 7.39%, 9, 0, 4, 1855.20
1570943763, 0, 1013, 1764, 1484, 366, 7.39%, 9, 0, 4, 2017.06
1570943784, 0, 1013, 1765, 1485, 366, 7.39%, 9, 0, 4, 1847.83
1570943820, 0, 1013, 1766, 1486, 366, 7.40%, 9, 0, 4, 1873.98
1570943907, 0, 1013, 1767, 1487, 366, 7.40%, 9, 0, 4, 1871.19
1570944213, 0, 1015, 1767, 1485, 367, 7.40%, 9, 0, 4, 2068.54
1570944233, 0, 1015, 1768, 1486, 367, 7.40%, 9, 0, 4, 1860.44
1570944658, 0, 1016, 1768, 1485, 367, 7.40%, 9, 0, 4, 2204.94
1570944663, 0, 1017, 1768, 1484, 366, 7.40%, 9, 0, 4, 1968.03
1570944684, 0, 1017, 1773, 1489, 366, 7.40%, 9, 0, 4, 1844.42
1570944694, 0, 1017, 1774, 1490, 366, 7.40%, 9, 0, 4, 1860.86
1570944719, 0, 1017, 1775, 1491, 366, 7.40%, 9, 0, 4, 1902.28
1570944801, 0, 1017, 1776, 1492, 366, 7.40%, 9, 0, 4, 1854.93
1570944964, 0, 1017, 1777, 1493, 366, 7.40%, 9, 0, 4, 1905.18
1570945067, 0, 1017, 1778, 1494, 366, 7.40%, 9, 0, 4, 1856.80
1570945103, 0, 1022, 1778, 1492, 367, 7.40%, 9, 0, 4, 2203.61
1570945128, 0, 1022, 1779, 1493, 367, 7.40%, 9, 0, 4, 1860.80
1570945548, 0, 1024, 1779, 1492, 367, 7.40%, 9, 0, 4, 2066.74
1570945553, 0, 1031, 1780, 1492, 366, 7.40%, 9, 0, 4, 1893.78
1570945583, 0, 1031, 1781, 1493, 366, 7.40%, 9, 0, 4, 1776.97
1570945619, 0, 1031, 1782, 1494, 366, 7.40%, 9, 0, 4, 1758.29
1570945721, 0, 1031, 1788, 1500, 366, 7.40%, 9, 0, 4, 1887.64
1570945930, 0, 1031, 1789, 1501, 366, 7.40%, 9, 0, 4, 1897.38
1570945935, 0, 1036, 1789, 1500, 369, 7.40%, 9, 0, 4, 1995.84
1570945966, 0, 1036, 1790, 1501, 369, 7.40%, 9, 0, 4, 1918.15
1570946089, 0, 1036, 1791, 1502, 369, 7.40%, 9, 0, 4, 1988.57
1570946376, 0, 1057, 1791, 1497, 365, 7.40%, 9, 0, 4, 2489.24
1570946406, 0, 1057, 1792, 1498, 365, 7.40%, 9, 0, 4, 1924.07
1570946821, 0, 1062, 1792, 1496, 364, 7.40%, 9, 0, 4, 2142.92
1570946846, 0, 1062, 1793, 1497, 364, 7.40%, 9, 0, 4, 1909.06
1570946918, 0, 1062, 1793, 1497, 364, 7.40%, 10, 0, 4, 1923.96
1570947261, 0, 1074, 1793, 1490, 358, 7.40%, 10, 0, 4, 2621.47
1570947266, 0, 1097, 1793, 1482, 350, 7.40%, 10, 0, 4, 2791.65
1570947271, 0, 1111, 1793, 1474, 342, 7.40%, 10, 0, 4, 2819.57
1570947276, 0, 1141, 1794, 1469, 338, 7.41%, 10, 0, 4, 2750.94
1570947302, 0, 1141, 1795, 1470, 338, 7.41%, 10, 0, 4, 2132.60
1570947307, 0, 1141, 1796, 1471, 338, 7.41%, 10, 0, 4, 2128.31
1570947328, 0, 1141, 1797, 1472, 338, 7.41%, 10, 0, 4, 2127.95
1570947333, 0, 1141, 1799, 1474, 338, 7.41%, 10, 0, 4, 2143.18
1570947379, 0, 1141, 1800, 1475, 338, 7.41%, 10, 0, 4, 2136.11
1570947512, 0, 1145, 1805, 1476, 336, 7.42%, 10, 0, 4, 2436.56
1570947527, 0, 1145, 1808, 1479, 336, 7.42%, 10, 0, 4, 2140.02
1570947537, 0, 1145, 1812, 1483, 336, 7.42%, 10, 0, 4, 2150.92
1570947543, 0, 1145, 1814, 1485, 336, 7.43%, 10, 0, 4, 2145.96
1570947568, 0, 1145, 1815, 1486, 336, 7.43%, 10, 0, 4, 2158.98
1570947599, 0, 1145, 1816, 1487, 336, 7.43%, 10, 0, 4, 2164.69
1570947736, 0, 1151, 1816, 1486, 341, 7.43%, 10, 0, 4, 2279.61
1570947741, 0, 1155, 1816, 1485, 340, 7.43%, 10, 0, 4, 1991.92
1570947767, 0, 1155, 1817, 1486, 340, 7.43%, 10, 0, 4, 1885.63
1570947921, 0, 1155, 1818, 1487, 340, 7.43%, 10, 0, 4, 1938.86
1570948192, 0, 1165, 1819, 1486, 340, 7.43%, 10, 0, 4, 2306.96
1570948217, 0, 1165, 1822, 1489, 340, 7.44%, 10, 0, 4, 2251.75
1570948386, 0, 1167, 1824, 1490, 342, 7.44%, 10, 0, 4, 2327.92
1570948437, 0, 1167, 1825, 1491, 342, 7.45%, 10, 0, 4, 2235.13
1570948575, 0, 1168, 1825, 1490, 343, 7.45%, 10, 0, 4, 2334.58
1570948580, 0, 1168, 1826, 1491, 343, 7.45%, 10, 0, 4, 2268.18
1570948601, 0, 1168, 1827, 1492, 343, 7.45%, 10, 0, 4, 2242.32
1570948734, 0, 1168, 1828, 1493, 343, 7.45%, 10, 0, 4, 2241.85
1570948770, 0, 1169, 1829, 1493, 344, 7.45%, 10, 0, 4, 2302.53
1570948795, 0, 1169, 1832, 1496, 344, 7.45%, 10, 0, 4, 2238.15
1570948959, 0, 1171, 1832, 1494, 343, 7.45%, 10, 0, 4, 2410.05
1570948964, 0, 1171, 1833, 1495, 343, 7.45%, 10, 0, 4, 2299.54
1570948985, 0, 1171, 1834, 1496, 343, 7.46%, 10, 0, 4, 2244.02
1570949010, 0, 1171, 1835, 1497, 343, 7.46%, 10, 0, 4, 2229.65
1570949153, 0, 1173, 1836, 1496, 343, 7.46%, 10, 0, 4, 2402.00
1570949169, 0, 1173, 1839, 1499, 343, 7.49%, 10, 0, 4, 2201.60
1570949179, 0, 1173, 1850, 1510, 343, 7.53%, 10, 0, 4, 2209.43
1570949204, 0, 1173, 1854, 1514, 343, 7.55%, 10, 0, 4, 2196.16
1570949235, 0, 1173, 1855, 1515, 343, 7.55%, 10, 0, 4, 2182.21
1570949241, 0, 1173, 1858, 1518, 343, 7.59%, 10, 0, 4, 2199.15
1570949261, 0, 1173, 1862, 1522, 343, 7.60%, 10, 0, 4, 2297.30
1570949318, 0, 1173, 1864, 1524, 343, 7.61%, 10, 0, 4, 2222.46
1570949348, 0, 1173, 1865, 1525, 343, 7.61%, 10, 0, 4, 2180.78
1570949353, 0, 1175, 1865, 1524, 355, 7.61%, 10, 0, 4, 2267.67
1570949543, 0, 1178, 1866, 1524, 354, 7.61%, 10, 0, 4, 2354.55
1570949738, 0, 1190, 1866, 1518, 348, 7.61%, 10, 0, 4, 2668.13
1570949743, 0, 1199, 1866, 1516, 346, 7.61%, 10, 0, 4, 2125.88
1570949763, 0, 1199, 1871, 1521, 346, 7.61%, 10, 0, 4, 1829.41
1570949881, 0, 1199, 1874, 1524, 346, 7.61%, 10, 0, 4, 1845.03
1570950048, 0, 1199, 1875, 1525, 346, 7.61%, 10, 0, 4, 1924.78
1570950150, 0, 1199, 1878, 1528, 346, 7.61%, 10, 0, 4, 1852.51
1570950191, 0, 1232, 1878, 1521, 339, 7.61%, 10, 0, 4, 2643.74
1570950212, 0, 1232, 1879, 1522, 339, 7.61%, 10, 0, 5, 1872.03
1570950641, 0, 1240, 1879, 1519, 338, 7.61%, 10, 0, 5, 2280.68
1570950662, 0, 1240, 1880, 1520, 338, 7.61%, 10, 0, 5, 1849.55
1570950667, 0, 1240, 1881, 1521, 338, 7.61%, 10, 0, 5, 1857.24
1570950785, 0, 1240, 1885, 1525, 338, 7.63%, 10, 0, 5, 1862.36
1570951091, 0, 1247, 1885, 1523, 340, 7.63%, 10, 0, 5, 2056.88
1570951111, 0, 1247, 1886, 1524, 340, 7.63%, 10, 0, 5, 1870.59
1570951147, 0, 1247, 1887, 1525, 340, 7.63%, 10, 0, 5, 1896.78
1570951178, 0, 1247, 1888, 1526, 340, 7.63%, 10, 0, 5, 1908.80
1570951229, 0, 1247, 1889, 1527, 340, 7.63%, 10, 0, 5, 1853.92
1570951535, 0, 1252, 1889, 1525, 341, 7.63%, 10, 0, 5, 2328.54
1570951540, 0, 1260, 1889, 1520, 337, 7.63%, 10, 0, 5, 2329.30
1570951561, 0, 1260, 1890, 1521, 337, 7.63%, 10, 0, 5, 1853.67
1570951986, 0, 1262, 1890, 1520, 337, 7.63%, 10, 0, 5, 2226.99
1570952006, 0, 1262, 1891, 1521, 337, 7.63%, 10, 0, 5, 1842.77
1570952042, 0, 1262, 1892, 1522, 337, 7.63%, 10, 0, 5, 1872.74
1570952431, 0, 1266, 1892, 1521, 337, 7.63%, 10, 0, 5, 2092.62
1570952436, 0, 1270, 1892, 1520, 336, 7.63%, 10, 0, 5, 2008.33
1570952456, 0, 1270, 1894, 1522, 336, 7.63%, 10, 0, 5, 1846.16
1570952523, 0, 1270, 1895, 1523, 336, 7.63%, 10, 0, 5, 1896.80
1570952574, 0, 1270, 1901, 1529, 336, 7.63%, 10, 0, 5, 1852.49
1570952886, 0, 1286, 1901, 1524, 335, 7.63%, 10, 0, 5, 2413.56
1570952906, 0, 1286, 1902, 1525, 335, 7.63%, 10, 0, 5, 1848.44
1570952911, 0, 1286, 1903, 1526, 335, 7.63%, 10, 0, 5, 1852.56
1570952988, 0, 1286, 1904, 1527, 335, 7.63%, 10, 0, 5, 1931.07
1570953030, 0, 1286, 1905, 1528, 335, 7.63%, 10, 0, 5, 1864.15
1570953192, 0, 1286, 1906, 1529, 335, 7.63%, 10, 0, 5, 1936.93
1570953203, 0, 1286, 1907, 1530, 335, 7.64%, 10, 0, 5, 1858.11
1570953238, 0, 1286, 1908, 1531, 335, 7.64%, 10, 0, 5, 1866.30
1570953294, 0, 1286, 1909, 1532, 335, 7.64%, 10, 0, 5, 1849.38
1570953335, 0, 1290, 1909, 1530, 337, 7.64%, 10, 0, 5, 2161.79
1570953356, 0, 1290, 1910, 1531, 337, 7.64%, 10, 0, 5, 1851.83
1570953780, 0, 1291, 1910, 1530, 337, 7.64%, 10, 0, 5, 2175.14
1570953785, 0, 1294, 1910, 1529, 336, 7.64%, 10, 0, 5, 1982.60
1570953806, 0, 1294, 1911, 1530, 336, 7.64%, 10, 0, 5, 1850.60
1570953924, 0, 1294, 1914, 1533, 336, 7.66%, 10, 0, 5, 1857.73
1570954234, 0, 1298, 1914, 1530, 335, 7.66%, 10, 0, 5, 2345.97
1570954433, 0, 1302, 1915, 1528, 332, 7.66%, 10, 0, 5, 2370.40
1570954454, 0, 1302, 1916, 1529, 332, 7.66%, 10, 0, 5, 2323.54
1570954479, 0, 1302, 1917, 1530, 332, 7.66%, 10, 0, 5, 2322.67
1570954572, 0, 1302, 1918, 1531, 332, 7.66%, 10, 0, 5, 2349.64
1570954608, 0, 1316, 1921, 1530, 330, 7.66%, 10, 0, 5, 2440.95
1570954634, 0, 1316, 1925, 1534, 330, 7.66%, 10, 0, 5, 1996.99
1570954639, 0, 1316, 1928, 1537, 330, 7.66%, 10, 0, 5, 2011.07
1570954670, 0, 1316, 1929, 1538, 330, 7.66%, 10, 0, 5, 1994.78
1570954705, 0, 1316, 1930, 1539, 330, 7.66%, 10, 0, 5, 2012.39
1570954910, 0, 1316, 1935, 1544, 330, 7.67%, 10, 0, 5, 1980.29
1570954915, 0, 1316, 1937, 1546, 330, 7.67%, 10, 0, 5, 1966.42
1570955002, 0, 1320, 1937, 1545, 337, 7.67%, 10, 0, 5, 2131.84
1570955017, 0, 1320, 1938, 1546, 337, 7.67%, 10, 0, 5, 1964.14
1570955033, 0, 1320, 1939, 1547, 337, 7.67%, 10, 0, 5, 1995.67
1570955059, 0, 1320, 1940, 1548, 337, 7.67%, 10, 0, 5, 2025.78
1570955161, 0, 1320, 1942, 1550, 337, 7.67%, 10, 0, 5, 2099.39
1570955391, 0, 1328, 1943, 1548, 335, 7.67%, 10, 0, 5, 2221.95
1570955396, 0, 1328, 1944, 1549, 335, 7.68%, 10, 0, 5, 2058.96
1570955417, 0, 1328, 1948, 1553, 335, 7.68%, 10, 0, 5, 2040.47
1570955448, 0, 1328, 1949, 1554, 335, 7.68%, 10, 0, 5, 2052.55
1570955484, 0, 1328, 1951, 1556, 335, 7.72%, 10, 0, 5, 2050.69
1570955499, 0, 1328, 1954, 1559, 335, 7.72%, 10, 0, 5, 400.79
1570955535, 0, 1328, 1955, 1560, 335, 7.72%, 10, 0, 5, 2117.05
1570955576, 0, 1328, 1956, 1561, 335, 7.73%, 10, 0, 5, 2105.25
1570955601, 0, 1328, 1957, 1562, 335, 7.73%, 10, 0, 5, 2114.26
1570955622, 0, 1329, 1957, 1561, 339, 7.73%, 10, 0, 5, 2228.46
1570955627, 0, 1329, 1958, 1562, 339, 7.73%, 10, 0, 5, 2188.37
1570955648, 0, 1329, 1961, 1565, 339, 7.73%, 10, 0, 5, 2159.92
1570955842, 0, 1330, 1962, 1565, 341, 7.75%, 10, 0, 5, 2400.63
1570955847, 0, 1330, 1963, 1566, 341, 7.75%, 10, 0, 5, 2195.03
1570955868, 0, 1330, 1965, 1568, 341, 7.75%, 10, 0, 5, 2150.21
1570956062, 0, 1334, 1965, 1565, 339, 7.75%, 10, 0, 5, 2450.35
1570956067, 0, 1358, 1977, 1563, 329, 7.81%, 10, 0, 5, 2581.26
1570956072, 0, 1365, 1992, 1573, 334, 7.91%, 10, 0, 5, 2518.98
1570956082, 0, 1365, 1995, 1576, 334, 7.91%, 10, 0, 5, 2232.04
1570956098, 0, 1365, 1996, 1577, 334, 7.91%, 10, 0, 5, 2199.93
1570956103, 0, 1365, 1998, 1579, 334, 7.91%, 10, 0, 5, 2204.53
1570956129, 0, 1365, 1999, 1580, 334, 7.91%, 10, 0, 5, 2214.82
1570956160, 0, 1365, 2000, 1581, 334, 7.91%, 10, 0, 5, 2222.45
1570956272, 0, 1368, 2000, 1578, 331, 7.91%, 10, 0, 5, 2465.53
1570956277, 0, 1372, 2001, 1575, 327, 7.91%, 10, 0, 5, 2505.95
1570956365, 0, 1372, 2003, 1577, 327, 7.91%, 10, 0, 5, 2278.89
1570956467, 0, 1374, 2003, 1576, 328, 7.91%, 10, 0, 5, 2227.45
1570956492, 0, 1374, 2004, 1577, 328, 7.91%, 10, 0, 5, 2122.21
1570956717, 0, 1384, 2004, 1572, 322, 7.91%, 10, 0, 5, 2503.42
1570956747, 0, 1384, 2006, 1574, 322, 7.91%, 10, 0, 5, 1982.80
1570957111, 0, 1385, 2007, 1574, 323, 7.91%, 10, 0, 5, 2234.71
1570957136, 0, 1385, 2008, 1575, 323, 7.91%, 10, 0, 5, 2168.08
1570957198, 0, 1385, 2009, 1576, 323, 7.91%, 10, 0, 5, 2191.46
1570957228, 0, 1385, 2009, 1576, 323, 7.91%, 11, 0, 5, 2173.76
1570957299, 0, 1385, 2010, 1577, 323, 7.91%, 11, 0, 5, 2187.18
1570957351, 0, 1386, 2010, 1576, 323, 7.91%, 11, 0, 5, 2291.39
1570957381, 0, 1386, 2011, 1577, 323, 7.91%, 11, 0, 5, 1874.77
1570957807, 0, 1387, 2011, 1576, 323, 7.91%, 11, 0, 5, 2116.78
1570957812, 0, 1395, 2011, 1573, 320, 7.91%, 11, 0, 5, 2138.29
1570957832, 0, 1395, 2012, 1574, 320, 7.91%, 11, 0, 5, 1849.69
1570957838, 0, 1395, 2016, 1578, 320, 7.91%, 11, 0, 5, 1885.74
1570957843, 0, 1395, 2018, 1580, 320, 7.91%, 11, 0, 5, 1901.98
1570957869, 0, 1395, 2019, 1581, 320, 7.92%, 11, 0, 5, 1920.62
1570957894, 0, 1395, 2020, 1582, 320, 7.92%, 11, 0, 5, 1833.66
1570957951, 0, 1395, 2025, 1587, 320, 7.93%, 11, 0, 5, 1856.50
1570957987, 0, 1395, 2026, 1588, 320, 7.93%, 11, 0, 5, 1947.81
1570958211, 0, 1395, 2027, 1589, 320, 7.93%, 11, 0, 5, 1867.38
1570958252, 0, 1396, 2027, 1588, 325, 7.93%, 11, 0, 5, 1996.89
1570958272, 0, 1396, 2029, 1590, 325, 7.93%, 11, 0, 5, 1870.98
1570958278, 0, 1396, 2030, 1591, 325, 7.93%, 11, 0, 5, 1919.20
1570958339, 0, 1396, 2031, 1592, 325, 7.94%, 11, 0, 5, 1926.45
1570958390, 0, 1396, 2033, 1594, 325, 7.94%, 11, 0, 5, 1845.24
1570958657, 0, 1396, 2035, 1596, 325, 7.94%, 11, 0, 5, 1852.32
1570958692, 0, 1397, 2035, 1595, 327, 7.94%, 11, 0, 5, 2023.76
1570958718, 0, 1397, 2039, 1599, 327, 7.95%, 11, 0, 5, 1914.77
1570958748, 0, 1397, 2041, 1601, 327, 7.96%, 11, 0, 5, 1925.22
1570958779, 0, 1397, 2043, 1603, 327, 7.98%, 11, 0, 5, 1908.79
1570958830, 0, 1397, 2048, 1608, 327, 8.02%, 11, 0, 5, 1870.17
1570958989, 0, 1397, 2049, 1609, 327, 8.02%, 11, 0, 5, 1958.22
1570959004, 0, 1397, 2050, 1610, 327, 8.02%, 11, 0, 5, 1877.93
1570959092, 0, 1397, 2053, 1613, 327, 8.03%, 11, 0, 5, 1862.70
1570959128, 0, 1397, 2055, 1615, 327, 8.03%, 11, 0, 5, 2188.90
1570959133, 0, 1400, 2055, 1614, 339, 8.03%, 11, 0, 5, 2066.20
1570959154, 0, 1400, 2056, 1615, 339, 8.03%, 11, 0, 5, 1867.74
1570959271, 0, 1400, 2057, 1616, 339, 8.03%, 11, 0, 5, 1883.24
1570959567, 0, 1401, 2057, 1615, 339, 8.03%, 11, 0, 5, 2205.32
1570959593, 0, 1401, 2058, 1616, 339, 8.03%, 11, 0, 5, 1866.92
1570960007, 0, 1409, 2058, 1614, 338, 8.03%, 11, 0, 5, 2301.91
1570960038, 0, 1409, 2064, 1620, 338, 8.03%, 11, 0, 5, 1917.72
1570960452, 0, 1426, 2064, 1616, 336, 8.03%, 11, 0, 5, 2259.75
1570960477, 0, 1426, 2065, 1617, 336, 8.03%, 11, 0, 5, 1856.02
1570960906, 0, 1433, 2066, 1617, 335, 8.03%, 11, 0, 5, 2035.81
1570960932, 0, 1433, 2069, 1620, 335, 8.03%, 11, 0, 5, 1873.82
1570960968, 0, 1433, 2070, 1621, 335, 8.03%, 11, 0, 5, 1890.35
1570961050, 0, 1433, 2077, 1628, 335, 8.03%, 11, 0, 5, 1833.52
1570961358, 0, 1434, 2077, 1627, 337, 8.03%, 11, 0, 5, 2068.24
1570961378, 0, 1434, 2078, 1628, 337, 8.03%, 11, 0, 5, 1835.08
1570961383, 0, 1434, 2079, 1629, 337, 8.03%, 11, 0, 5, 1827.96
1570961414, 0, 1434, 2082, 1632, 337, 8.04%, 11, 0, 5, 1824.13
1570961814, 0, 1439, 2082, 1631, 340, 8.04%, 11, 0, 5, 2146.49
1570961834, 0, 1439, 2083, 1632, 340, 8.04%, 11, 0, 5, 1839.58
1570961839, 0, 1439, 2084, 1633, 340, 8.04%, 11, 0, 5, 1848.76
1570961844, 0, 1439, 2085, 1634, 340, 8.04%, 11, 0, 5, 1888.00
1570962223, 0, 1439, 2086, 1635, 340, 8.04%, 11, 0, 5, 1839.65
1570962259, 0, 1441, 2086, 1633, 339, 8.04%, 11, 0, 5, 2281.04
1570962366, 0, 1441, 2087, 1634, 339, 8.04%, 11, 0, 5, 1702.76
1570962448, 0, 1441, 2088, 1635, 339, 8.04%, 11, 0, 5, 1820.19
1570962458, 0, 1441, 2090, 1637, 339, 8.05%, 11, 0, 5, 1641.40
1570962692, 0, 1444, 2091, 1637, 342, 8.05%, 11, 0, 5, 2170.49
1570962718, 0, 1444, 2092, 1638, 342, 8.05%, 11, 0, 5, 1839.56
1570962749, 0, 1444, 2093, 1639, 342, 8.05%, 11, 0, 5, 1825.98
1570962836, 0, 1444, 2101, 1647, 342, 8.05%, 11, 0, 5, 1837.10
1570963102, 0, 1444, 2104, 1650, 342, 8.05%, 11, 0, 5, 1839.62
1570963138, 0, 1451, 2105, 1650, 342, 8.05%, 11, 0, 5, 2029.64
1570963164, 0, 1451, 2106, 1651, 342, 8.05%, 11, 0, 5, 1876.78
1570963194, 0, 1451, 2107, 1652, 342, 8.05%, 11, 0, 5, 1856.87
1570963554, 0, 1451, 2108, 1653, 342, 8.05%, 11, 0, 5, 1831.58
1570963589, 0, 1453, 2108, 1652, 340, 8.05%, 11, 0, 5, 2194.84
1570963594, 0, 1454, 2108, 1651, 339, 8.05%, 11, 0, 5, 1952.29
1570963620, 0, 1454, 2109, 1652, 339, 8.05%, 11, 0, 5, 1874.97
1570963651, 0, 1454, 2110, 1653, 339, 8.05%, 11, 0, 5, 1859.82
1570963692, 0, 1454, 2111, 1654, 339, 8.05%, 11, 0, 5, 1859.15
1570963737, 0, 1454, 2112, 1655, 339, 8.05%, 11, 0, 5, 1836.58
1570964004, 0, 1454, 2114, 1657, 339, 8.05%, 11, 0, 5, 1835.75
1570964039, 0, 1485, 2114, 1656, 340, 8.05%, 11, 0, 5, 1946.67
1570964443, 0, 1485, 2115, 1657, 340, 8.05%, 11, 0, 5, 1836.11
1570964478, 0, 1498, 2115, 1656, 339, 8.05%, 11, 0, 5, 2079.34
1570964504, 0, 1498, 2116, 1657, 339, 8.05%, 11, 0, 5, 1849.33
1570964534, 0, 1498, 2117, 1658, 339, 8.05%, 11, 0, 5, 1853.43
1570964565, 0, 1498, 2119, 1660, 339, 8.05%, 11, 0, 5, 1844.28
1570964627, 0, 1498, 2121, 1662, 339, 8.05%, 11, 0, 5, 1814.03
1570964933, 0, 1514, 2121, 1659, 338, 8.05%, 11, 0, 5, 2143.60
1570964953, 0, 1514, 2122, 1660, 338, 8.05%, 11, 0, 5, 1826.45
1570964958, 0, 1514, 2125, 1663, 338, 8.06%, 11, 0, 5, 1837.50
1570965076, 0, 1514, 2126, 1664, 338, 8.06%, 11, 0, 5, 1823.70
1570965240, 0, 1514, 2127, 1665, 338, 8.06%, 11, 0, 5, 1923.85
1570965373, 0, 1527, 2127, 1664, 338, 8.06%, 11, 0, 5, 2142.20
1570965379, 0, 1533, 2127, 1663, 338, 8.06%, 11, 0, 5, 1978.80
1570965399, 0, 1533, 2128, 1664, 338, 8.06%, 11, 0, 5, 1825.98
1570965824, 0, 1541, 2128, 1663, 338, 8.06%, 11, 0, 5, 1936.12
1570965845, 0, 1541, 2130, 1665, 338, 8.06%, 11, 0, 5, 1813.77
1570965850, 0, 1541, 2133, 1668, 338, 8.06%, 11, 0, 5, 1863.79
1570965881, 0, 1541, 2136, 1671, 338, 8.06%, 11, 0, 5, 1870.43
1570965968, 0, 1541, 2147, 1682, 338, 8.07%, 12, 0, 5, 1788.51
1570966270, 0, 1543, 2147, 1681, 345, 8.07%, 12, 0, 5, 2093.57
1570966367, 0, 1543, 2148, 1682, 345, 8.07%, 12, 0, 5, 1858.56
1570966393, 0, 1543, 2149, 1683, 345, 8.07%, 12, 0, 5, 1841.66
1570966408, 0, 1543, 2150, 1684, 345, 8.07%, 12, 0, 5, 1838.07
1570966725, 0, 1544, 2150, 1683, 345, 8.07%, 12, 0, 5, 2012.03
1570966751, 0, 1544, 2151, 1684, 345, 8.07%, 12, 0, 5, 1887.18
1570966823, 0, 1544, 2152, 1685, 345, 8.07%, 12, 0, 5, 1878.61
1570966869, 0, 1544, 2154, 1687, 345, 8.08%, 12, 0, 5, 1856.13
1570967175, 0, 1545, 2154, 1686, 347, 8.08%, 12, 0, 5, 2104.82
1570967231, 0, 1545, 2155, 1687, 347, 8.08%, 12, 0, 5, 1828.81
1570967302, 0, 1545, 2156, 1688, 347, 8.08%, 12, 0, 5, 1842.77
1570967620, 0, 1550, 2156, 1687, 348, 8.08%, 12, 0, 5, 1941.07
1570967640, 0, 1550, 2157, 1688, 348, 8.08%, 12, 0, 5, 1811.01
1570968076, 0, 1568, 2157, 1680, 342, 8.08%, 12, 0, 5, 2627.94
1570968081, 0, 1569, 2157, 1679, 341, 8.08%, 12, 0, 5, 2122.98
1570968204, 0, 1569, 2158, 1680, 341, 8.08%, 12, 0, 5, 1856.19
1570968220, 0, 1569, 2160, 1682, 341, 8.09%, 12, 0, 5, 1866.65
1570968399, 0, 1569, 2161, 1683, 341, 8.11%, 12, 0, 5, 1855.17
1570968490, 0, 1569, 2162, 1684, 341, 8.11%, 12, 0, 5, 1865.06
1570968531, 0, 1570, 2162, 1683, 344, 8.11%, 12, 0, 5, 1984.44
1570968654, 0, 1570, 2163, 1684, 344, 8.11%, 12, 0, 5, 1834.85
1570968669, 0, 1570, 2164, 1685, 344, 8.12%, 12, 0, 5, 1856.63
1570968975, 0, 1571, 2164, 1684, 344, 8.12%, 12, 0, 5, 2099.04
1570968980, 0, 1575, 2164, 1682, 342, 8.12%, 12, 0, 5, 2060.91
1570969068, 0, 1575, 2165, 1683, 342, 8.12%, 12, 0, 5, 1893.36
1570969103, 0, 1575, 2166, 1684, 342, 8.12%, 12, 0, 5, 1855.11
1570969119, 0, 1575, 2167, 1685, 342, 8.13%, 12, 0, 5, 1858.27
1570969430, 0, 1581, 2167, 1683, 342, 8.13%, 12, 0, 5, 2307.21
1570969435, 0, 1598, 2167, 1677, 336, 8.13%, 12, 0, 5, 2454.86
1570969491, 0, 1598, 2168, 1678, 336, 8.13%, 12, 0, 5, 1840.78
1570969563, 0, 1598, 2169, 1679, 336, 8.13%, 12, 0, 5, 1838.13
1570969578, 0, 1598, 2172, 1682, 336, 8.13%, 12, 0, 5, 1844.39
1570969848, 0, 1598, 2175, 1685, 336, 8.16%, 12, 0, 5, 1856.79
1570969889, 0, 1601, 2175, 1682, 337, 8.16%, 12, 0, 5, 2354.62
1570969910, 0, 1601, 2176, 1683, 337, 8.16%, 12, 0, 5, 1816.19
1570969915, 0, 1601, 2178, 1685, 337, 8.16%, 12, 0, 5, 1822.48
1570970345, 0, 1606, 2178, 1683, 337, 8.16%, 12, 0, 5, 2272.15
1570970371, 0, 1606, 2179, 1684, 337, 8.16%, 12, 0, 5, 1849.11
1570970401, 0, 1606, 2180, 1685, 337, 8.16%, 12, 0, 5, 1844.57
1570970473, 0, 1606, 2181, 1686, 337, 8.16%, 12, 0, 5, 1849.39
1570970801, 0, 1608, 2181, 1684, 335, 8.16%, 12, 0, 5, 2038.83
1570970857, 0, 1608, 2182, 1685, 335, 8.16%, 12, 0, 5, 1891.70
1570970888, 0, 1608, 2183, 1686, 335, 8.16%, 12, 0, 5, 1892.50
1570970923, 0, 1608, 2184, 1687, 335, 8.16%, 12, 0, 5, 1836.45
1570971251, 0, 1617, 2184, 1683, 331, 8.16%, 12, 0, 5, 2384.04
1570971276, 0, 1617, 2185, 1684, 331, 8.16%, 12, 0, 5, 1837.31
1570971706, 0, 1622, 2185, 1681, 329, 8.16%, 12, 0, 5, 2418.44
1570971732, 0, 1622, 2186, 1682, 329, 8.16%, 12, 0, 5, 1821.09
1570971799, 0, 1622, 2187, 1683, 329, 8.17%, 12, 0, 5, 1884.86
1570972162, 0, 1627, 2187, 1679, 327, 8.17%, 12, 0, 5, 2483.07
1570972187, 0, 1627, 2188, 1680, 327, 8.17%, 12, 0, 5, 1836.41
1570972617, 0, 1629, 2188, 1679, 327, 8.17%, 12, 0, 5, 2133.31
1570972637, 0, 1629, 2189, 1680, 327, 8.17%, 12, 0, 5, 1839.02
1570973071, 0, 1634, 2189, 1676, 324, 8.17%, 12, 0, 5, 2271.68
1570973091, 0, 1634, 2190, 1677, 324, 8.17%, 12, 0, 5, 1840.45
1570973096, 0, 1634, 2191, 1678, 324, 8.17%, 12, 0, 5, 1833.78
1570973127, 0, 1634, 2193, 1680, 324, 8.17%, 12, 0, 5, 1862.46
1570973214, 0, 1634, 2199, 1686, 324, 8.19%, 12, 0, 5, 1848.91
1570973485, 0, 1634, 2201, 1688, 324, 8.19%, 12, 0, 5, 1832.89
1570973521, 0, 1636, 2201, 1687, 327, 8.19%, 12, 0, 5, 2196.84
1570973541, 0, 1636, 2202, 1688, 327, 8.19%, 12, 0, 5, 1830.13
1570973546, 0, 1636, 2203, 1689, 327, 8.19%, 12, 0, 5, 1837.47
1570973974, 0, 1638, 2203, 1688, 328, 8.19%, 12, 0, 5, 2096.53
1570973995, 0, 1638, 2204, 1689, 328, 8.19%, 12, 0, 5, 1846.26
1570974000, 0, 1638, 2206, 1691, 328, 8.20%, 12, 0, 5, 1859.81
1570974118, 0, 1638, 2210, 1695, 328, 8.20%, 12, 0, 5, 1847.85
1570974429, 0, 1649, 2210, 1688, 325, 8.20%, 12, 0, 5, 2623.96
1570974450, 0, 1649, 2211, 1689, 325, 8.20%, 12, 0, 5, 1849.09
1570974884, 0, 1658, 2211, 1683, 320, 8.20%, 12, 0, 5, 2591.62
1570974889, 0, 1661, 2211, 1681, 318, 8.20%, 12, 0, 5, 2146.78
1570974909, 0, 1661, 2213, 1683, 318, 8.21%, 12, 0, 5, 1818.42
1570974914, 0, 1661, 2217, 1687, 318, 8.22%, 12, 0, 5, 1897.14
1570974945, 0, 1661, 2219, 1689, 318, 8.22%, 12, 0, 5, 1885.97
1570974976, 0, 1661, 2220, 1690, 318, 8.22%, 12, 0, 5, 1879.11
1570975027, 0, 1661, 2223, 1693, 318, 8.23%, 12, 0, 5, 1847.16
1570975298, 0, 1661, 2224, 1694, 318, 8.23%, 12, 0, 5, 1854.01
1570975339, 0, 1662, 2224, 1693, 326, 8.23%, 12, 0, 5, 2040.08
1570975359, 0, 1662, 2225, 1694, 326, 8.23%, 12, 0, 5, 1852.58
1570975517, 0, 1662, 2226, 1695, 326, 8.23%, 12, 0, 5, 1965.41
1570975787, 0, 1663, 2226, 1694, 326, 8.23%, 12, 0, 5, 2115.20
1570975808, 0, 1663, 2227, 1695, 326, 8.23%, 12, 0, 5, 1836.14
1570976238, 0, 1664, 2227, 1694, 326, 8.23%, 12, 0, 5, 2148.28
1570976258, 0, 1664, 2228, 1695, 326, 8.23%, 12, 0, 5, 1839.19
1570976692, 0, 1676, 2228, 1687, 319, 8.23%, 12, 0, 5, 2674.47
1570976825, 0, 1676, 2229, 1688, 319, 8.23%, 12, 0, 5, 1830.47
1570976840, 0, 1676, 2232, 1691, 319, 8.23%, 12, 0, 5, 1839.91
1570977145, 0, 1677, 2232, 1690, 321, 8.23%, 12, 0, 5, 2050.22
1570977202, 0, 1677, 2233, 1691, 321, 8.23%, 12, 0, 5, 1816.69
1570977278, 0, 1677, 2234, 1692, 321, 8.23%, 12, 0, 5, 1817.16
1570977602, 0, 1680, 2234, 1689, 320, 8.23%, 12, 0, 5, 2353.20
1570977628, 0, 1680, 2235, 1690, 320, 8.23%, 12, 0, 5, 1819.39
1570977663, 0, 1680, 2236, 1691, 320, 8.23%, 12, 0, 5, 1880.07
1570977735, 0, 1680, 2237, 1692, 320, 8.23%, 12, 0, 5, 1809.82
1570977751, 0, 1680, 2240, 1695, 320, 8.23%, 13, 0, 5, 1821.54
1570978063, 0, 1689, 2240, 1690, 315, 8.23%, 13, 0, 5, 2451.67
1570978155, 0, 1689, 2241, 1691, 315, 8.23%, 13, 0, 5, 1871.86
1570978195, 0, 1689, 2242, 1692, 315, 8.23%, 13, 0, 5, 1821.63
1570978513, 0, 1692, 2242, 1691, 315, 8.23%, 13, 0, 5, 2076.38
1570978538, 0, 1692, 2243, 1692, 315, 8.23%, 13, 0, 5, 1856.53
1570978599, 0, 1692, 2244, 1693, 315, 8.23%, 13, 0, 5, 1855.28
1570978640, 0, 1692, 2245, 1694, 315, 8.23%, 13, 0, 5, 1855.96
1570978656, 0, 1692, 2246, 1695, 315, 8.23%, 13, 0, 5, 1865.70
1570978962, 0, 1694, 2246, 1693, 316, 8.23%, 13, 0, 5, 2308.55
1570979095, 0, 1694, 2247, 1694, 316, 8.23%, 13, 0, 5, 1831.80
1570979417, 0, 1698, 2247, 1691, 314, 8.23%, 13, 0, 5, 2215.96
1570979545, 0, 1698, 2248, 1692, 314, 8.23%, 13, 0, 5, 1845.48
1570979560, 0, 1698, 2250, 1694, 314, 8.24%, 13, 0, 5, 1832.95
1570979831, 0, 1698, 2251, 1695, 314, 8.24%, 13, 0, 5, 1855.96
1570979872, 0, 1700, 2251, 1694, 315, 8.24%, 13, 0, 5, 1947.63
1570979892, 0, 1700, 2252, 1695, 315, 8.24%, 13, 0, 5, 1836.47
1570979928, 0, 1700, 2253, 1696, 315, 8.24%, 13, 0, 5, 1893.37
1570980000, 0, 1700, 2254, 1697, 315, 8.24%, 13, 0, 5, 1853.02
1570980317, 0, 1702, 2254, 1696, 317, 8.24%, 13, 0, 5, 2013.89
1570980342, 0, 1702, 2256, 1698, 317, 8.24%, 13, 0, 5, 1815.70
1570980450, 0, 1702, 2257, 1699, 317, 8.24%, 13, 0, 5, 1804.73
1570980730, 0, 1702, 2258, 1700, 317, 8.24%, 13, 0, 5, 1806.13
1570980766, 0, 1704, 2258, 1699, 317, 8.24%, 13, 0, 5, 2178.75
1570980792, 0, 1704, 2259, 1700, 317, 8.24%, 13, 0, 5, 1836.73
1570980827, 0, 1704, 2260, 1701, 317, 8.25%, 13, 0, 5, 1883.34
1570980899, 0, 1704, 2261, 1702, 317, 8.25%, 13, 0, 5, 1834.21
1570980909, 0, 1704, 2262, 1703, 317, 8.25%, 13, 0, 5, 1846.77
1570981216, 0, 1705, 2262, 1702, 320, 8.25%, 13, 0, 5, 2037.97
1570981343, 0, 1705, 2263, 1703, 320, 8.25%, 13, 0, 5, 1843.65
1570981665, 0, 1707, 2263, 1702, 320, 8.25%, 13, 0, 5, 1960.21
1570981691, 0, 1707, 2272, 1711, 320, 8.25%, 13, 0, 5, 1877.05
1570981752, 0, 1707, 2275, 1714, 320, 8.25%, 13, 0, 5, 1854.28
1570981793, 0, 1707, 2276, 1715, 320, 8.25%, 13, 0, 5, 1832.59
1570981809, 0, 1707, 2289, 1728, 320, 8.25%, 13, 0, 5, 1827.99
1570981845, 0, 1707, 2290, 1729, 320, 8.25%, 13, 0, 5, 1911.66
1570982080, 0, 1707, 2301, 1740, 320, 8.25%, 13, 0, 5, 1842.73
1570982121, 0, 1712, 2301, 1739, 328, 8.25%, 13, 0, 5, 1972.48
1570982182, 0, 1712, 2302, 1740, 328, 8.25%, 13, 0, 5, 1897.62
1570982566, 0, 1713, 2302, 1739, 327, 8.25%, 13, 0, 5, 1962.35
1570983011, 0, 1714, 2302, 1738, 326, 8.25%, 13, 0, 5, 2161.64
1570983032, 0, 1714, 2303, 1739, 326, 8.25%, 13, 0, 5, 1890.56
1570983037, 0, 1714, 2304, 1740, 326, 8.25%, 13, 0, 5, 1904.91
1570983042, 0, 1714, 2307, 1743, 326, 8.25%, 13, 0, 5, 1949.28
1570983073, 0, 1714, 2308, 1744, 326, 8.25%, 13, 0, 5, 1948.06
1570983180, 0, 1714, 2310, 1746, 326, 8.25%, 13, 0, 5, 1997.08
1570983318, 0, 1714, 2311, 1747, 326, 8.25%, 13, 0, 5, 1972.83
1570983390, 0, 1714, 2312, 1748, 326, 8.25%, 13, 0, 5, 1892.96
1570983400, 0, 1714, 2313, 1749, 326, 8.25%, 13, 0, 5, 2013.31
1570983426, 0, 1722, 2313, 1742, 321, 8.25%, 13, 0, 5, 2511.52
1570983513, 0, 1722, 2314, 1743, 321, 8.25%, 13, 0, 5, 1808.85
1570983574, 0, 1722, 2315, 1744, 321, 8.25%, 13, 0, 5, 1817.86
1570983743, 0, 1722, 2316, 1745, 321, 8.25%, 13, 0, 5, 1860.53
1570983850, 0, 1722, 2317, 1746, 321, 8.25%, 13, 0, 5, 1817.11
1570983891, 0, 1726, 2317, 1745, 322, 8.25%, 13, 0, 5, 1942.28
1570983978, 0, 1726, 2318, 1746, 322, 8.25%, 13, 0, 5, 1809.22
1570984350, 0, 1728, 2318, 1745, 322, 8.25%, 13, 0, 5, 2110.48
1570984376, 0, 1728, 2319, 1746, 322, 8.25%, 13, 0, 5, 1806.27
1570984407, 0, 1728, 2321, 1748, 322, 8.25%, 13, 0, 5, 1793.07
1570984484, 0, 1728, 2322, 1749, 322, 8.25%, 13, 0, 5, 1797.84
1570984499, 0, 1728, 2323, 1750, 322, 8.25%, 13, 0, 5, 1806.81
1570984769, 0, 1728, 2324, 1751, 322, 8.25%, 13, 0, 5, 1766.37
1570984805, 0, 1729, 2324, 1750, 322, 8.25%, 13, 0, 5, 2152.50
1570984866, 0, 1729, 2325, 1751, 322, 8.25%, 13, 0, 5, 1867.34
1570984896, 0, 1729, 2326, 1752, 322, 8.25%, 13, 0, 5, 1814.89
1570984937, 0, 1729, 2327, 1753, 322, 8.25%, 13, 0, 5, 1800.29
1570984952, 0, 1729, 2328, 1754, 322, 8.25%, 13, 0, 5, 1809.94
1570985258, 0, 1732, 2328, 1753, 322, 8.25%, 13, 0, 5, 2172.31
1570985391, 0, 1732, 2329, 1754, 322, 8.25%, 13, 0, 5, 1806.70
1570985713, 0, 1733, 2329, 1753, 322, 8.25%, 13, 0, 5, 2157.05
1570985718, 0, 1735, 2329, 1752, 321, 8.25%, 13, 0, 5, 1936.83
1570985774, 0, 1735, 2330, 1753, 321, 8.25%, 13, 0, 5, 1845.32
1570986167, 0, 1736, 2330, 1752, 321, 8.25%, 13, 0, 5, 2196.20
1570986172, 0, 1737, 2330, 1751, 320, 8.25%, 13, 0, 5, 1983.78
1570986300, 0, 1737, 2331, 1752, 320, 8.25%, 13, 0, 5, 1841.90
1570986617, 0, 1738, 2331, 1751, 320, 8.25%, 13, 0, 5, 1985.24
1570986642, 0, 1738, 2332, 1752, 320, 8.25%, 13, 0, 5, 1891.28
1570986744, 0, 1738, 2333, 1753, 320, 8.25%, 13, 0, 5, 1846.38
1570986760, 0, 1738, 2342, 1762, 320, 8.25%, 13, 0, 5, 1840.80
1570987025, 0, 1738, 2343, 1763, 320, 8.25%, 13, 0, 5, 1829.11
1570987061, 0, 1741, 2343, 1762, 327, 8.25%, 13, 0, 5, 2151.50
1570987087, 0, 1741, 2345, 1764, 327, 8.26%, 13, 0, 5, 1801.79
1570987210, 0, 1741, 2346, 1765, 327, 8.26%, 13, 0, 5, 1810.62
1570987516, 0, 1744, 2346, 1764, 329, 8.26%, 13, 0, 5, 2055.70
1570987966, 0, 1746, 2346, 1763, 328, 8.26%, 13, 0, 5, 2138.70
1570987992, 0, 1746, 2348, 1765, 328, 8.27%, 13, 0, 5, 1828.37
1570988023, 0, 1746, 2349, 1766, 328, 8.28%, 13, 0, 5, 1830.00
1570988100, 0, 1746, 2350, 1767, 328, 8.28%, 13, 0, 5, 1833.20
1570988115, 0, 1746, 2351, 1768, 328, 8.28%, 13, 0, 5, 1837.17
1570988422, 0, 1746, 2352, 1769, 328, 8.28%, 13, 0, 5, 2123.68
1570988427, 0, 1749, 2352, 1767, 329, 8.28%, 13, 0, 5, 1997.52
1570988448, 0, 1749, 2353, 1768, 329, 8.28%, 13, 0, 5, 1815.57
1570988453, 0, 1749, 2354, 1769, 329, 8.28%, 13, 0, 5, 1877.58
1570988484, 0, 1749, 2355, 1770, 329, 8.29%, 13, 0, 5, 1858.99
1570988571, 0, 1749, 2356, 1771, 329, 8.29%, 13, 0, 5, 1841.11
1570988848, 0, 1749, 2357, 1772, 329, 8.29%, 13, 0, 5, 1822.44
1570988883, 0, 1752, 2357, 1771, 331, 8.29%, 13, 0, 5, 1989.38
1570988903, 0, 1752, 2358, 1772, 331, 8.29%, 13, 0, 5, 1891.35
1570988908, 0, 1752, 2359, 1773, 331, 8.29%, 13, 0, 5, 1933.19
