# unix_time, cycles_done, cur_path, paths_total, pending_total, pending_favs, map_size, unique_crashes, unique_hangs, max_depth, execs_per_sec
1570902552, 0, 0, 1, 1, 1, 2.10%, 0, 0, 1, 2000.00
1570902557, 0, 0, 61, 61, 1, 2.43%, 0, 0, 2, 2329.12
1570902567, 0, 0, 66, 66, 1, 2.47%, 0, 0, 2, 2300.51
1570902572, 0, 0, 126, 126, 1, 3.00%, 0, 0, 2, 2317.28
1570902577, 0, 0, 247, 247, 1, 3.33%, 0, 0, 2, 2325.84
1570902583, 0, 0, 329, 329, 1, 3.52%, 0, 0, 2, 2290.95
1570902598, 0, 0, 333, 333, 1, 3.56%, 0, 0, 2, 2136.79
1570902603, 0, 0, 344, 344, 1, 3.84%, 0, 0, 2, 2145.14
1570902608, 0, 0, 368, 368, 1, 3.86%, 0, 0, 2, 2123.11
1570902629, 0, 0, 376, 376, 1, 3.96%, 0, 0, 2, 2081.02
1570902634, 0, 0, 390, 390, 1, 3.99%, 0, 0, 2, 2153.09
1570902639, 0, 0, 399, 399, 1, 4.00%, 0, 0, 2, 2117.43
1570902644, 0, 0, 426, 426, 1, 4.04%, 0, 0, 2, 2101.52
1570902659, 0, 0, 429, 429, 1, 4.04%, 0, 0, 2, 2051.41
1570902665, 0, 0, 430, 430, 1, 4.04%, 0, 0, 2, 2048.14
1570902675, 0, 0, 443, 443, 1, 4.11%, 0, 0, 2, 2036.23
1570902680, 0, 0, 461, 461, 1, 4.47%, 0, 0, 2, 2050.82
1570902685, 0, 0, 465, 465, 1, 4.47%, 0, 0, 2, 2055.46
1570902690, 0, 0, 472, 472, 1, 4.60%, 0, 0, 2, 2156.57
1570902695, 0, 0, 476, 476, 1, 4.61%, 0, 0, 2, 2170.49
1570902700, 0, 0, 479, 479, 1, 4.62%, 0, 0, 2, 2157.84
1570902711, 0, 0, 501, 501, 1, 4.62%, 0, 0, 2, 2154.19
1570902716, 0, 0, 520, 520, 1, 4.63%, 0, 0, 2, 2121.85
1570902721, 0, 0, 524, 524, 1, 4.63%, 0, 0, 2, 2068.46
1570902726, 0, 0, 528, 528, 1, 4.63%, 0, 0, 2, 2048.82
1570902741, 0, 0, 529, 529, 1, 4.63%, 0, 0, 2, 2035.09
1570902746, 0, 0, 530, 530, 1, 4.63%, 0, 0, 2, 2042.75
1570902751, 0, 0, 531, 531, 1, 4.63%, 0, 0, 2, 2151.62
1570902762, 0, 0, 532, 532, 1, 4.63%, 0, 0, 2, 2208.84
1570902782, 0, 0, 533, 533, 1, 4.63%, 0, 0, 2, 2110.20
1570902828, 0, 0, 537, 537, 1, 4.63%, 0, 0, 2, 2118.57
1570902833, 0, 0, 540, 540, 1, 4.64%, 0, 0, 2, 2084.42
1570902848, 0, 0, 549, 549, 1, 4.67%, 0, 0, 2, 2171.76
1570902879, 0, 0, 551, 551, 1, 4.68%, 0, 0, 2, 2177.43
1570902889, 0, 0, 554, 554, 1, 4.68%, 0, 0, 2, 2114.37
1570902909, 0, 0, 556, 556, 1, 4.69%, 0, 0, 2, 2146.08
1570902919, 0, 0, 570, 570, 1, 4.69%, 0, 0, 2, 2208.51
1570902925, 0, 0, 604, 604, 1, 4.72%, 0, 0, 2, 2575.06
1570902930, 0, 0, 615, 615, 1, 4.72%, 0, 0, 2, 2646.85
1570902935, 0, 1, 624, 623, 210, 4.74%, 0, 0, 3, 2800.20
1570902940, 0, 1, 630, 629, 210, 4.79%, 0, 0, 3, 2847.67
1570902945, 0, 1, 631, 630, 210, 4.80%, 0, 0, 3, 2872.74
1570902950, 0, 3, 631, 628, 218, 4.80%, 0, 0, 3, 2905.12
1570902955, 0, 6, 631, 626, 216, 4.80%, 0, 0, 3, 2884.82
1570902960, 0, 8, 631, 624, 214, 4.80%, 0, 0, 3, 2613.11
1570903012, 0, 8, 632, 625, 214, 4.80%, 0, 0, 3, 2063.36
1570903334, 0, 8, 640, 633, 214, 4.80%, 0, 0, 3, 2464.77
1570903339, 0, 8, 647, 640, 214, 4.81%, 0, 0, 3, 2616.84
1570903344, 0, 9, 651, 643, 214, 4.81%, 0, 0, 3, 2566.39
1570903370, 0, 9, 658, 650, 214, 4.86%, 0, 0, 3, 2095.70
1570903375, 0, 9, 660, 652, 214, 4.86%, 0, 0, 3, 2075.11
1570903426, 0, 9, 661, 653, 214, 4.86%, 0, 0, 3, 2111.50
1570903487, 0, 9, 662, 654, 214, 4.86%, 0, 0, 3, 2149.55
1570903717, 0, 11, 664, 655, 217, 4.86%, 0, 0, 3, 2303.01
1570903742, 0, 11, 681, 672, 217, 4.86%, 0, 0, 3, 2075.15
1570903747, 0, 11, 688, 679, 217, 4.86%, 0, 0, 3, 2085.40
1570903809, 0, 11, 691, 682, 217, 4.86%, 0, 0, 3, 2161.89
1570904018, 0, 11, 692, 683, 217, 4.86%, 0, 0, 3, 2109.12
1570904044, 0, 11, 694, 685, 217, 4.86%, 0, 0, 3, 2103.73
1570904085, 0, 11, 695, 686, 217, 4.86%, 0, 0, 3, 2216.92
1570904095, 0, 12, 696, 686, 219, 4.86%, 0, 0, 3, 2368.35
1570904100, 0, 12, 697, 687, 219, 4.86%, 0, 0, 3, 2128.98
1570904120, 0, 12, 698, 688, 219, 4.86%, 0, 0, 3, 2072.68
1570904125, 0, 12, 699, 689, 219, 4.86%, 0, 0, 3, 2093.02
1570904192, 0, 12, 701, 691, 219, 4.87%, 0, 0, 3, 2080.72
1570904472, 0, 13, 702, 691, 220, 4.87%, 0, 0, 3, 2261.87
1570904498, 0, 13, 707, 696, 220, 4.87%, 0, 0, 3, 2074.01
1570904564, 0, 13, 708, 697, 220, 4.87%, 0, 0, 3, 2127.35
1570904774, 0, 13, 709, 698, 220, 4.87%, 0, 0, 3, 2089.71
1570904850, 0, 17, 710, 698, 222, 4.87%, 0, 0, 3, 2383.00
1570904855, 0, 17, 714, 702, 222, 4.91%, 0, 0, 3, 2131.95
1570904871, 0, 17, 716, 704, 222, 4.92%, 0, 0, 3, 2043.92
1570904876, 0, 17, 720, 708, 222, 4.92%, 0, 0, 3, 2081.38
1570904881, 0, 17, 723, 711, 222, 4.92%, 0, 0, 3, 2093.07
1570904911, 0, 17, 724, 712, 222, 4.92%, 0, 0, 3, 2046.45
1570904947, 0, 17, 725, 713, 222, 4.93%, 0, 0, 3, 2064.71
1570905131, 0, 17, 731, 719, 222, 4.94%, 0, 0, 3, 2070.81
1570905228, 0, 20, 732, 719, 231, 4.94%, 0, 0, 3, 2780.73
1570905280, 0, 20, 733, 720, 231, 4.94%, 0, 0, 3, 2897.58
1570905285, 0, 22, 735, 721, 231, 4.95%, 0, 0, 3, 2929.33
1570905290, 0, 23, 739, 724, 233, 4.96%, 0, 0, 3, 2796.14
1570905300, 0, 23, 740, 725, 233, 4.96%, 0, 0, 3, 2570.37
1570905305, 0, 23, 741, 726, 233, 4.97%, 0, 0, 3, 2562.55
1570905326, 0, 23, 743, 728, 233, 4.98%, 0, 0, 3, 2581.51
1570905418, 0, 23, 746, 731, 233, 4.98%, 0, 0, 3, 2622.37
1570905423, 0, 23, 749, 734, 233, 4.98%, 0, 0, 3, 2735.48
1570905428, 0, 30, 750, 734, 230, 4.98%, 0, 0, 3, 2726.51
1570905500, 0, 30, 751, 735, 230, 4.98%, 0, 0, 3, 2685.17
1570905515, 0, 31, 751, 734, 229, 4.98%, 0, 0, 3, 2699.10
1570905540, 0, 31, 752, 735, 229, 4.98%, 0, 0, 3, 2501.31
1570905653, 0, 34, 752, 734, 228, 4.98%, 0, 0, 3, 2452.72
1570905668, 0, 34, 753, 735, 228, 4.98%, 0, 0, 3, 2047.92
1570905673, 0, 34, 760, 742, 228, 4.98%, 0, 0, 3, 2024.19
1570905679, 0, 34, 763, 745, 228, 4.98%, 0, 0, 3, 2077.06
1570905684, 0, 34, 773, 755, 228, 4.98%, 0, 0, 3, 2051.93
1570905709, 0, 34, 779, 761, 228, 4.98%, 0, 0, 3, 2114.23
1570905735, 0, 34, 780, 762, 228, 4.98%, 0, 0, 3, 2098.57
1570905740, 0, 34, 781, 763, 228, 4.98%, 0, 0, 3, 2050.28
1570905745, 0, 34, 783, 765, 228, 4.98%, 0, 0, 3, 2155.42
1570905781, 0, 34, 784, 766, 228, 4.98%, 0, 0, 3, 2044.96
1570905791, 0, 34, 785, 767, 228, 4.98%, 0, 0, 3, 2145.95
1570905801, 0, 34, 786, 768, 228, 4.98%, 0, 0, 3, 2148.69
1570905812, 0, 34, 788, 770, 228, 4.99%, 0, 0, 3, 2188.85
1570906000, 0, 34, 792, 774, 228, 4.99%, 0, 0, 3, 2049.56
1570906005, 0, 34, 796, 778, 228, 4.99%, 0, 0, 3, 2077.16
1570906021, 0, 35, 796, 777, 230, 4.99%, 0, 0, 3, 2298.97
1570906026, 0, 35, 797, 778, 230, 4.99%, 0, 0, 3, 2124.67
1570906046, 0, 35, 801, 782, 230, 4.99%, 0, 0, 3, 2070.09
1570906051, 0, 35, 802, 783, 230, 5.00%, 0, 0, 3, 2093.72
1570906388, 0, 35, 803, 784, 230, 5.00%, 0, 0, 3, 2047.38
1570906408, 0, 52, 804, 784, 230, 5.00%, 0, 0, 3, 2218.06
1570906791, 0, 54, 804, 783, 229, 5.00%, 0, 0, 3, 2365.55
1570906817, 0, 54, 805, 784, 229, 5.00%, 0, 0, 3, 2095.45
1570907179, 0, 56, 806, 784, 229, 5.00%, 0, 0, 3, 2138.52
1570907205, 0, 56, 807, 785, 229, 5.00%, 0, 0, 3, 2094.05
1570907563, 0, 57, 807, 784, 228, 5.00%, 0, 0, 3, 2174.12
1570907588, 0, 57, 809, 786, 228, 5.00%, 0, 0, 3, 2112.77
1570907593, 0, 57, 810, 787, 228, 5.00%, 0, 0, 3, 2069.07
1570907946, 0, 59, 810, 786, 228, 5.00%, 0, 0, 3, 2300.04
1570907951, 0, 59, 811, 787, 228, 5.00%, 0, 0, 3, 2090.26
1570908330, 0, 61, 811, 786, 227, 5.00%, 0, 0, 3, 2314.30
1570908499, 0, 61, 812, 787, 227, 5.00%, 0, 0, 3, 2137.42
1570908724, 0, 64, 812, 786, 226, 5.00%, 0, 0, 3, 2181.22
1570909107, 0, 65, 813, 786, 225, 5.00%, 0, 0, 3, 2369.57
1570909495, 0, 68, 813, 785, 224, 5.00%, 0, 0, 3, 2217.63
1570909516, 0, 68, 814, 786, 224, 5.00%, 0, 0, 3, 2033.67
1570909526, 0, 68, 815, 787, 224, 5.00%, 0, 0, 3, 2037.97
1570909659, 0, 68, 816, 788, 224, 5.00%, 0, 0, 3, 2211.81
1570909884, 0, 74, 817, 788, 223, 5.00%, 0, 0, 3, 2164.94
1570909899, 0, 74, 818, 789, 223, 5.00%, 0, 0, 3, 2031.34
1570910267, 0, 76, 818, 788, 222, 5.00%, 0, 0, 3, 2262.35
1570910650, 0, 76, 819, 789, 222, 5.00%, 0, 0, 3, 2194.32
1570910655, 0, 84, 819, 788, 221, 5.00%, 0, 0, 3, 2144.39
1570911038, 0, 91, 819, 787, 220, 5.00%, 0, 0, 3, 2318.37
1570911068, 0, 91, 820, 788, 220, 5.00%, 0, 0, 3, 2063.14
1570911202, 0, 91, 821, 789, 220, 5.00%, 0, 0, 3, 2177.70
1570911426, 0, 96, 822, 789, 219, 5.00%, 0, 0, 3, 2158.11
1570911446, 0, 96, 823, 790, 219, 5.00%, 0, 0, 3, 2059.78
1570911584, 0, 96, 824, 791, 219, 5.00%, 0, 0, 3, 2139.87
1570911809, 0, 96, 828, 795, 219, 5.00%, 0, 0, 3, 2389.37
1570911814, 0, 96, 830, 797, 219, 5.00%, 0, 0, 3, 2556.16
1570911819, 0, 97, 836, 802, 219, 5.00%, 0, 0, 3, 2617.30
1570912207, 0, 103, 836, 801, 218, 5.00%, 0, 0, 3, 2149.32
1570912233, 0, 103, 837, 802, 218, 5.00%, 0, 0, 3, 2104.98
1570912591, 0, 106, 837, 801, 217, 5.00%, 0, 0, 3, 2171.35
1570912612, 0, 106, 840, 804, 217, 5.00%, 0, 0, 3, 2020.10
1570912643, 0, 106, 842, 806, 217, 5.01%, 0, 0, 3, 2054.38
1570912648, 0, 106, 843, 807, 217, 5.01%, 0, 0, 3, 2077.71
1570912668, 0, 106, 844, 808, 217, 5.01%, 0, 0, 3, 2021.97
1570912673, 0, 106, 846, 810, 217, 5.01%, 0, 0, 3, 2088.65
1570912719, 0, 106, 847, 811, 217, 5.01%, 0, 0, 3, 2027.97
1570912725, 0, 106, 856, 820, 217, 5.06%, 0, 0, 3, 2034.01
1570912755, 0, 106, 857, 821, 217, 5.06%, 0, 0, 3, 2160.77
1570912955, 0, 106, 859, 823, 217, 5.06%, 0, 0, 3, 2018.78
1570912961, 0, 106, 864, 828, 217, 5.10%, 0, 0, 3, 2048.68
1570912981, 0, 109, 864, 827, 235, 5.10%, 0, 0, 3, 2162.33
1570913364, 0, 112, 865, 827, 234, 5.10%, 0, 0, 3, 2379.70
1570913390, 0, 112, 867, 829, 234, 5.10%, 0, 0, 3, 2068.73
1570913492, 0, 112, 870, 832, 234, 5.11%, 0, 0, 3, 2033.18
1570913497, 0, 112, 871, 833, 234, 5.11%, 0, 0, 3, 2035.73
1570913727, 0, 112, 873, 835, 234, 5.11%, 0, 0, 3, 2030.93
1570913752, 0, 113, 873, 834, 237, 5.11%, 0, 0, 3, 2245.10
1570913772, 0, 113, 875, 836, 237, 5.12%, 0, 0, 3, 2022.60
1570913778, 0, 113, 876, 837, 237, 5.12%, 0, 0, 3, 2077.44
1570913803, 0, 113, 877, 838, 237, 5.12%, 0, 0, 3, 2022.25
1570913880, 0, 113, 882, 843, 237, 5.13%, 0, 0, 3, 2034.83
1570913885, 0, 113, 883, 844, 237, 5.13%, 0, 0, 3, 2028.61
1570914034, 0, 113, 884, 845, 237, 5.13%, 0, 0, 3, 2107.27
1570914116, 0, 113, 885, 846, 237, 5.13%, 0, 0, 3, 2009.01
1570914121, 0, 113, 886, 847, 237, 5.13%, 0, 0, 3, 2019.62
1570914142, 0, 113, 888, 849, 237, 5.13%, 0, 0, 3, 2325.03
1570914147, 0, 115, 888, 848, 238, 5.13%, 0, 0, 3, 2162.16
1570914167, 0, 115, 889, 849, 238, 5.13%, 0, 0, 3, 2059.93
1570914192, 0, 115, 890, 850, 238, 5.14%, 0, 0, 3, 2045.76
1570914269, 0, 115, 891, 851, 238, 5.14%, 0, 0, 3, 2026.56
1570914530, 0, 117, 891, 850, 239, 5.14%, 0, 0, 3, 2210.78
1570914550, 0, 117, 892, 851, 239, 5.14%, 0, 0, 3, 2035.46
1570914612, 0, 117, 893, 852, 239, 5.14%, 0, 0, 3, 2109.10
1570914693, 0, 117, 894, 853, 239, 5.14%, 0, 0, 3, 2176.84
1570914917, 0, 118, 894, 852, 238, 5.14%, 0, 0, 3, 2121.64
1570914938, 0, 118, 896, 854, 238, 5.14%, 0, 0, 3, 2014.55
1570915046, 0, 118, 898, 856, 238, 5.14%, 0, 0, 3, 2029.87
1570915282, 0, 118, 901, 859, 238, 5.15%, 0, 0, 3, 2027.44
1570915307, 0, 120, 901, 858, 239, 5.15%, 0, 0, 3, 2128.11
1570915322, 0, 120, 902, 859, 239, 5.15%, 0, 0, 3, 2030.48
1570915328, 0, 120, 905, 862, 239, 5.16%, 0, 0, 3, 2033.32
1570915358, 0, 120, 911, 868, 239, 5.20%, 0, 0, 3, 2059.62
1570915384, 0, 120, 913, 870, 239, 5.21%, 0, 0, 3, 2009.77
1570915435, 0, 120, 926, 883, 239, 5.27%, 0, 0, 3, 2029.33
1570915671, 0, 120, 929, 886, 239, 5.27%, 0, 0, 3, 2026.34
1570915697, 0, 121, 929, 885, 259, 5.27%, 0, 0, 3, 2115.50
1570915712, 0, 121, 931, 887, 259, 5.27%, 0, 0, 3, 2017.80
1570915717, 0, 121, 932, 888, 259, 5.27%, 0, 0, 3, 2026.81
1570915722, 0, 121, 933, 889, 259, 5.27%, 0, 0, 3, 2072.72
1570915774, 0, 121, 934, 890, 259, 5.27%, 0, 0, 3, 2013.24
1570915825, 0, 121, 938, 894, 259, 5.28%, 0, 0, 3, 2020.38
1570915862, 0, 121, 940, 896, 259, 5.28%, 0, 0, 3, 2123.96
1570916062, 0, 121, 942, 898, 259, 5.28%, 0, 0, 3, 2022.10
1570916082, 0, 122, 942, 897, 261, 5.28%, 0, 0, 3, 2336.08
1570916108, 0, 122, 943, 898, 261, 5.28%, 0, 0, 3, 2089.33
1570916470, 0, 123, 945, 899, 260, 5.28%, 0, 0, 3, 2400.39
1570916490, 0, 123, 946, 900, 260, 5.28%, 0, 0, 3, 2020.62
1570916495, 0, 123, 950, 904, 260, 5.30%, 0, 0, 3, 2052.63
1570916521, 0, 123, 953, 907, 260, 5.30%, 1, 0, 3, 2024.00
1570916603, 0, 123, 963, 917, 260, 5.38%, 1, 0, 3, 2006.18
1570916757, 0, 123, 964, 918, 260, 5.38%, 1, 0, 3, 2066.49
1570916777, 0, 123, 965, 919, 260, 5.38%, 1, 0, 3, 2078.33
1570916839, 0, 123, 967, 921, 260, 5.38%, 1, 0, 3, 2011.14
1570916864, 0, 124, 967, 920, 269, 5.38%, 1, 0, 3, 2139.97
1570916884, 0, 124, 969, 922, 269, 5.38%, 1, 0, 3, 2020.02
1570916992, 0, 124, 972, 925, 269, 5.48%, 1, 0, 3, 2049.15
1570917247, 0, 128, 972, 924, 270, 5.48%, 1, 0, 3, 2295.99
1570917268, 0, 128, 973, 925, 270, 5.48%, 1, 0, 3, 1994.80
1570917273, 0, 128, 979, 931, 270, 5.49%, 1, 0, 3, 2044.69
1570917278, 0, 128, 981, 933, 270, 5.49%, 1, 0, 3, 2042.74
1570917299, 0, 128, 982, 934, 270, 5.49%, 1, 0, 3, 2025.89
1570917380, 0, 128, 983, 935, 270, 5.49%, 1, 0, 3, 2024.62
1570917416, 0, 128, 985, 937, 270, 5.49%, 1, 0, 3, 2101.80
1570917529, 0, 128, 987, 939, 270, 5.49%, 1, 0, 3, 2088.62
1570917616, 0, 128, 989, 941, 270, 5.49%, 1, 0, 3, 2009.14
1570917637, 0, 130, 989, 940, 273, 5.49%, 1, 0, 3, 2318.90
1570917770, 0, 130, 990, 941, 273, 5.50%, 1, 0, 3, 2018.65
1570918006, 0, 130, 991, 942, 273, 5.50%, 1, 0, 3, 2016.06
1570918026, 0, 131, 991, 941, 273, 5.50%, 1, 0, 3, 2358.17
1570918046, 0, 131, 992, 942, 273, 5.50%, 1, 0, 3, 2035.14
1570918052, 0, 131, 993, 943, 273, 5.50%, 1, 0, 3, 2070.23
1570918057, 0, 131, 994, 944, 273, 5.50%, 1, 0, 3, 2076.47
1570918082, 0, 131, 996, 946, 273, 5.50%, 1, 0, 3, 2094.72
1570918159, 0, 131, 1000, 950, 273, 5.50%, 1, 0, 3, 2011.35
1570918312, 0, 131, 1001, 951, 273, 5.50%, 1, 0, 3, 2074.34
1570918394, 0, 131, 1003, 953, 273, 5.50%, 1, 0, 3, 2041.68
1570918414, 0, 143, 1003, 952, 273, 5.50%, 1, 0, 3, 2298.77
1570918506, 0, 143, 1004, 953, 273, 5.50%, 1, 0, 3, 2606.33
1570918552, 0, 143, 1005, 954, 273, 5.50%, 1, 0, 3, 2597.29
1570918563, 0, 145, 1005, 953, 273, 5.50%, 1, 0, 3, 2643.29
1570918578, 0, 145, 1006, 954, 273, 5.50%, 1, 0, 3, 2634.14
1570918702, 0, 147, 1006, 953, 273, 5.50%, 1, 0, 3, 2542.02
1570918845, 0, 147, 1007, 954, 273, 5.50%, 1, 0, 3, 2146.43
1570919090, 0, 156, 1008, 954, 272, 5.50%, 1, 0, 3, 2126.20
1570919473, 0, 162, 1008, 953, 271, 5.50%, 1, 0, 3, 2259.37
1570919498, 0, 162, 1011, 956, 271, 5.50%, 1, 0, 3, 2071.21
1570919503, 0, 162, 1013, 958, 271, 5.50%, 1, 0, 3, 2063.40
1570919524, 0, 162, 1014, 959, 271, 5.50%, 1, 0, 3, 2054.39
1570919600, 0, 162, 1015, 960, 271, 5.50%, 1, 0, 3, 2048.75
1570919615, 0, 162, 1016, 961, 271, 5.50%, 1, 0, 3, 2151.40
1570919855, 0, 170, 1017, 961, 272, 5.50%, 1, 0, 3, 2452.25
1570919881, 0, 170, 1018, 962, 272, 5.50%, 1, 0, 3, 2759.95
1570919927, 0, 170, 1021, 965, 272, 5.50%, 1, 0, 3, 2728.00
1570919998, 0, 177, 1021, 964, 272, 5.50%, 1, 0, 3, 2300.09
1570920024, 0, 177, 1023, 966, 272, 5.51%, 1, 0, 3, 2095.55
1570920381, 0, 182, 1024, 966, 272, 5.51%, 1, 0, 3, 2200.90
1570920407, 0, 182, 1026, 968, 272, 5.51%, 1, 0, 3, 2088.08
1570920524, 0, 182, 1027, 969, 272, 5.51%, 1, 0, 3, 2150.71
1570920678, 0, 182, 1028, 970, 272, 5.51%, 1, 0, 3, 2156.99
1570920765, 0, 196, 1028, 969, 271, 5.51%, 1, 0, 3, 2279.15
1570920790, 0, 196, 1030, 971, 271, 5.51%, 1, 0, 3, 2070.31
1570920795, 0, 196, 1031, 972, 271, 5.51%, 1, 0, 3, 2067.15
1570920821, 0, 196, 1032, 973, 271, 5.51%, 1, 0, 3, 2113.82
1570920908, 0, 196, 1034, 975, 271, 5.51%, 1, 0, 3, 2149.69
1570921152, 0, 199, 1034, 974, 272, 5.51%, 1, 0, 3, 2458.82
1570921194, 0, 199, 1036, 976, 272, 5.51%, 1, 0, 3, 2521.05
1570921224, 0, 199, 1041, 981, 272, 5.51%, 1, 0, 3, 2540.44
1570921230, 0, 199, 1043, 983, 272, 5.51%, 1, 0, 3, 2516.09
1570921311, 0, 210, 1043, 982, 271, 5.51%, 1, 0, 3, 2580.23
1570921332, 0, 210, 1044, 983, 271, 5.51%, 1, 0, 3, 2506.50
1570921358, 0, 210, 1046, 985, 271, 5.51%, 1, 0, 3, 2526.75
1570921394, 0, 210, 1048, 987, 271, 5.51%, 1, 0, 3, 2522.37
1570921476, 0, 217, 1048, 986, 271, 5.51%, 1, 0, 3, 2441.48
1570921618, 0, 217, 1049, 987, 271, 5.51%, 1, 0, 3, 2144.17
1570921812, 0, 217, 1050, 988, 271, 5.51%, 1, 0, 3, 2171.95
1570921863, 0, 221, 1050, 987, 270, 5.51%, 1, 0, 3, 2217.26
1570921889, 0, 221, 1056, 993, 270, 5.64%, 1, 0, 3, 2083.52
1570921956, 0, 221, 1057, 994, 270, 5.73%, 1, 0, 3, 2102.89
1570922247, 0, 221, 1058, 995, 270, 5.73%, 1, 0, 3, 2171.36
1570922252, 0, 223, 1059, 995, 272, 5.73%, 1, 0, 3, 2204.97
1570922277, 0, 223, 1062, 998, 272, 5.73%, 1, 0, 3, 2114.18
1570922334, 0, 223, 1063, 999, 272, 5.73%, 1, 0, 3, 2118.26
1570922400, 0, 223, 1064, 1000, 272, 5.73%, 1, 0, 3, 2169.00
1570922640, 0, 230, 1065, 1000, 272, 5.73%, 1, 0, 3, 2380.39
1570922661, 0, 230, 1067, 1002, 272, 5.73%, 1, 0, 3, 2398.33
1570922666, 0, 230, 1069, 1004, 272, 5.73%, 1, 0, 3, 2361.48
1570922686, 0, 230, 1070, 1005, 272, 5.73%, 1, 0, 3, 2399.67
1570922712, 0, 230, 1071, 1006, 272, 5.73%, 1, 0, 3, 2359.25
1570922717, 0, 230, 1074, 1009, 272, 5.73%, 1, 0, 3, 2397.61
1570922728, 0, 230, 1075, 1010, 272, 5.73%, 1, 0, 3, 2403.95
1570922824, 0, 240, 1075, 1009, 273, 5.73%, 1, 0, 3, 2544.03
1570922850, 0, 240, 1076, 1010, 273, 5.73%, 1, 0, 3, 2402.79
1570922870, 0, 240, 1077, 1011, 273, 5.73%, 1, 0, 3, 2403.44
1570922932, 0, 240, 1078, 1012, 273, 5.73%, 1, 0, 3, 2422.44
1570922982, 0, 240, 1079, 1013, 273, 5.73%, 1, 0, 3, 2431.72
1570923023, 0, 242, 1079, 1012, 273, 5.73%, 1, 0, 3, 2262.37
1570923038, 0, 242, 1080, 1013, 273, 5.73%, 1, 0, 3, 2043.06
1570923411, 0, 246, 1080, 1012, 272, 5.73%, 1, 0, 3, 2132.50
1570923436, 0, 246, 1082, 1014, 272, 5.73%, 1, 0, 3, 2099.92
1570923493, 0, 246, 1083, 1015, 272, 5.73%, 1, 0, 3, 2096.60
1570923554, 0, 246, 1084, 1016, 272, 5.73%, 1, 0, 3, 2191.77
1570923744, 0, 246, 1086, 1018, 272, 5.73%, 1, 0, 3, 2202.07
1570923800, 0, 256, 1086, 1017, 273, 5.73%, 1, 0, 3, 2155.16
1570924188, 0, 261, 1086, 1016, 273, 5.73%, 1, 0, 3, 2356.07
1570924209, 0, 261, 1087, 1017, 273, 5.73%, 1, 0, 3, 2335.32
1570924214, 0, 261, 1089, 1019, 273, 5.73%, 1, 0, 3, 2342.32
1570924296, 0, 261, 1090, 1020, 273, 5.73%, 1, 0, 3, 2358.73
1570924301, 0, 261, 1093, 1023, 273, 5.75%, 1, 0, 3, 2354.01
1570924398, 0, 268, 1093, 1022, 276, 5.75%, 1, 0, 3, 2507.58
1570924418, 0, 268, 1095, 1024, 276, 5.75%, 1, 0, 3, 2142.27
1570924428, 0, 268, 1100, 1029, 276, 5.75%, 1, 0, 3, 2185.67
1570924454, 0, 268, 1102, 1031, 276, 5.75%, 1, 0, 3, 2198.70
1570924547, 0, 268, 1104, 1033, 276, 5.75%, 1, 0, 3, 2229.91
1570924567, 0, 268, 1105, 1034, 276, 5.75%, 1, 0, 3, 2138.09
1570924674, 0, 268, 1106, 1035, 276, 5.75%, 1, 0, 3, 2207.04
1570924746, 0, 268, 1107, 1036, 276, 5.75%, 1, 0, 3, 2216.89
1570924751, 0, 272, 1107, 1035, 275, 5.75%, 1, 0, 3, 2362.00
1570924839, 0, 272, 1108, 1036, 275, 5.75%, 1, 0, 3, 2381.00
1570924962, 0, 273, 1108, 1035, 274, 5.75%, 1, 0, 3, 2454.95
1570925060, 0, 273, 1110, 1037, 274, 5.75%, 1, 0, 3, 2352.85
1570925080, 0, 273, 1111, 1038, 274, 5.75%, 1, 0, 3, 2379.33
1570925207, 0, 273, 1113, 1040, 274, 5.75%, 1, 0, 3, 2460.39
1570925212, 0, 279, 1113, 1039, 273, 5.75%, 1, 0, 3, 2218.27
1570925372, 0, 279, 1115, 1041, 273, 5.75%, 1, 0, 3, 2183.77
1570925591, 0, 280, 1115, 1040, 272, 5.75%, 1, 0, 3, 2312.27
1570925652, 0, 280, 1116, 1041, 272, 5.75%, 1, 0, 3, 2008.23
1570925760, 0, 280, 1118, 1043, 272, 5.76%, 1, 0, 3, 2138.48
1570925765, 0, 280, 1119, 1044, 272, 5.76%, 1, 0, 3, 2022.88
1570925994, 0, 281, 1119, 1043, 273, 5.76%, 1, 0, 3, 2204.91
1570926269, 0, 281, 1120, 1044, 273, 5.76%, 1, 0, 3, 2154.53
1570926387, 0, 283, 1120, 1043, 272, 5.76%, 1, 0, 3, 2327.71
1570926408, 0, 283, 1122, 1045, 272, 5.76%, 1, 0, 3, 2348.30
1570926433, 0, 283, 1123, 1046, 272, 5.76%, 1, 0, 3, 2365.85
1570926459, 0, 283, 1124, 1047, 272, 5.76%, 1, 0, 3, 2357.48
1570926464, 0, 283, 1125, 1048, 272, 5.76%, 1, 0, 3, 2397.30
1570926474, 0, 283, 1127, 1050, 272, 5.76%, 1, 0, 3, 2372.64
1570926479, 0, 283, 1128, 1051, 272, 5.76%, 1, 0, 3, 2405.30
1570926495, 0, 283, 1129, 1052, 272, 5.76%, 1, 0, 3, 2422.61
1570926551, 0, 283, 1130, 1053, 272, 5.76%, 1, 0, 3, 2373.55
1570926556, 0, 283, 1131, 1054, 272, 5.76%, 1, 0, 3, 2405.86
1570926597, 0, 285, 1131, 1053, 272, 5.76%, 1, 0, 3, 2489.34
1570926811, 0, 286, 1131, 1052, 271, 5.76%, 1, 0, 3, 2427.19
1570927027, 0, 288, 1131, 1051, 270, 5.76%, 1, 0, 3, 2221.33
1570927057, 0, 288, 1132, 1052, 270, 5.76%, 1, 0, 3, 1959.99
1570927150, 0, 288, 1133, 1053, 270, 5.76%, 1, 0, 3, 1902.50
1570927180, 0, 288, 1134, 1054, 270, 5.76%, 1, 0, 3, 1995.88
1570927375, 0, 291, 1134, 1053, 270, 5.76%, 1, 0, 3, 2214.09
1570927400, 0, 291, 1135, 1054, 270, 5.76%, 1, 0, 3, 2067.72
1570927405, 0, 291, 1136, 1055, 270, 5.76%, 1, 0, 3, 2084.29
1570927773, 0, 304, 1136, 1054, 269, 5.76%, 1, 0, 3, 2304.53
1570927804, 0, 304, 1137, 1055, 269, 5.76%, 1, 0, 3, 2004.70
1570927865, 0, 304, 1139, 1057, 269, 5.76%, 1, 0, 3, 1974.38
1570927932, 0, 304, 1141, 1059, 269, 5.76%, 1, 0, 3, 2050.00
1570928137, 0, 312, 1141, 1058, 268, 5.76%, 1, 0, 3, 2377.76
1570928275, 0, 317, 1141, 1057, 267, 5.76%, 1, 0, 3, 2689.46
1570928423, 0, 318, 1141, 1056, 266, 5.76%, 1, 0, 3, 2645.28
1570928561, 0, 319, 1151, 1065, 265, 5.84%, 1, 0, 3, 2804.92
1570928566, 0, 319, 1154, 1068, 265, 5.88%, 1, 0, 3, 2799.76
1570928571, 0, 329, 1159, 1072, 277, 6.01%, 1, 0, 3, 2799.02
1570928975, 0, 331, 1159, 1071, 276, 6.01%, 1, 0, 3, 2343.24
1570929001, 0, 331, 1160, 1072, 276, 6.02%, 1, 0, 3, 2065.17
1570929026, 0, 331, 1161, 1073, 276, 6.02%, 1, 0, 3, 2042.67
1570929108, 0, 331, 1162, 1074, 276, 6.02%, 1, 0, 3, 2011.83
1570929373, 0, 334, 1162, 1073, 276, 6.02%, 1, 0, 3, 2291.53
1570929398, 0, 334, 1163, 1074, 276, 6.02%, 1, 0, 3, 2039.96
1570929455, 0, 334, 1164, 1075, 276, 6.02%, 1, 0, 3, 2032.45
1570929501, 0, 334, 1165, 1076, 276, 6.02%, 1, 0, 3, 2031.86
1570929746, 0, 334, 1166, 1077, 276, 6.02%, 1, 0, 3, 2029.61
1570929781, 0, 335, 1166, 1076, 275, 6.02%, 1, 0, 3, 2166.89
1570929802, 0, 335, 1167, 1077, 275, 6.02%, 1, 0, 3, 2030.94
1570930186, 0, 336, 1167, 1076, 274, 6.02%, 1, 0, 3, 2160.38
1570930206, 0, 336, 1169, 1078, 274, 6.02%, 1, 0, 3, 2042.33
1570930314, 0, 336, 1172, 1081, 274, 6.03%, 1, 0, 3, 2045.47
1570930589, 0, 337, 1172, 1080, 276, 6.03%, 1, 0, 3, 2129.27
1570930610, 0, 337, 1175, 1083, 276, 6.04%, 1, 0, 3, 2042.54
1570930641, 0, 337, 1176, 1084, 276, 6.04%, 1, 0, 3, 2086.08
1570930866, 0, 337, 1177, 1085, 276, 6.07%, 1, 0, 3, 2117.29
1570930881, 0, 337, 1178, 1086, 276, 6.07%, 1, 0, 3, 2033.38
1570930959, 0, 337, 1180, 1088, 276, 6.08%, 1, 0, 3, 2019.45
1570930964, 0, 337, 1181, 1089, 276, 6.08%, 1, 0, 3, 2025.67
1570930994, 0, 338, 1182, 1089, 282, 6.08%, 1, 0, 3, 2206.54
1570931015, 0, 338, 1183, 1090, 282, 6.10%, 1, 0, 3, 2031.92
1570931399, 0, 340, 1183, 1089, 281, 6.10%, 1, 0, 3, 2225.00
1570931419, 0, 340, 1185, 1091, 281, 6.11%, 1, 0, 3, 2021.22
1570931450, 0, 340, 1186, 1092, 281, 6.11%, 1, 0, 3, 2048.45
1570931486, 0, 340, 1187, 1093, 281, 6.11%, 1, 0, 3, 2046.63
1570931532, 0, 340, 1192, 1098, 281, 6.12%, 1, 0, 3, 2033.44
1570931804, 0, 350, 1192, 1097, 286, 6.12%, 1, 0, 3, 2361.84
1570932202, 0, 351, 1192, 1096, 285, 6.12%, 1, 0, 3, 2224.45
1570932616, 0, 355, 1192, 1095, 284, 6.12%, 1, 0, 3, 2143.59
1570932744, 0, 355, 1193, 1096, 284, 6.15%, 1, 0, 3, 2069.17
1570933000, 0, 366, 1193, 1095, 284, 6.15%, 1, 0, 3, 2382.54
1570933005, 0, 367, 1193, 1094, 283, 6.15%, 1, 0, 3, 2676.44
1570933067, 0, 370, 1193, 1093, 282, 6.15%, 1, 0, 3, 2455.21
1570933087, 0, 370, 1194, 1094, 282, 6.15%, 1, 0, 3, 2021.20
1570933118, 0, 370, 1196, 1096, 282, 6.19%, 1, 0, 3, 2055.81
1570933148, 0, 370, 1197, 1097, 282, 6.19%, 1, 0, 3, 2080.33
1570933179, 0, 370, 1198, 1098, 282, 6.19%, 1, 0, 3, 2027.59
1570933195, 0, 370, 1201, 1101, 282, 6.24%, 1, 0, 3, 2043.76
1570933359, 0, 370, 1202, 1102, 282, 6.24%, 1, 0, 3, 2039.00
1570933435, 0, 370, 1208, 1108, 282, 6.25%, 1, 0, 3, 2035.58
1570933471, 0, 374, 1208, 1107, 292, 6.25%, 1, 0, 3, 2245.90
1570933605, 0, 374, 1209, 1108, 292, 6.25%, 1, 0, 3, 2035.40
1570933876, 0, 385, 1209, 1107, 291, 6.25%, 1, 0, 3, 2314.60
1570934040, 0, 385, 1211, 1109, 291, 6.25%, 1, 0, 3, 2064.83
1570934270, 0, 395, 1211, 1108, 290, 6.25%, 1, 0, 3, 2308.04
1570934295, 0, 395, 1214, 1111, 290, 6.27%, 1, 0, 3, 2300.33
1570934346, 0, 395, 1215, 1112, 290, 6.27%, 1, 0, 3, 2273.40
1570934351, 0, 395, 1216, 1113, 290, 6.28%, 1, 0, 3, 2313.43
1570934357, 0, 395, 1217, 1114, 290, 6.29%, 1, 0, 3, 2243.27
1570934372, 0, 395, 1218, 1115, 290, 6.29%, 1, 0, 3, 2355.23
1570934484, 0, 397, 1218, 1114, 296, 6.29%, 1, 0, 3, 2388.06
1570934572, 0, 397, 1219, 1115, 296, 6.29%, 1, 0, 3, 2361.79
1570934705, 0, 405, 1219, 1114, 295, 6.29%, 1, 0, 3, 2685.97
1570934710, 0, 406, 1219, 1113, 294, 6.29%, 1, 0, 3, 2245.78
1570935006, 0, 406, 1220, 1114, 294, 6.29%, 1, 0, 3, 2169.72
1570935113, 0, 436, 1220, 1113, 294, 6.29%, 1, 0, 3, 2286.79
1570935138, 0, 436, 1221, 1114, 294, 6.29%, 1, 0, 3, 2078.69
1570935164, 0, 436, 1222, 1115, 294, 6.30%, 1, 0, 3, 2042.60
1570935195, 0, 436, 1224, 1117, 294, 6.30%, 1, 0, 3, 2095.79
1570935225, 0, 436, 1225, 1118, 294, 6.30%, 1, 0, 3, 2037.46
1570935241, 0, 436, 1235, 1128, 294, 6.39%, 1, 0, 3, 2050.89
1570935486, 0, 436, 1236, 1129, 294, 6.39%, 1, 0, 3, 2047.31
1570935521, 0, 439, 1236, 1128, 303, 6.39%, 1, 0, 3, 2234.71
1570935542, 0, 439, 1242, 1134, 303, 6.40%, 1, 0, 3, 1994.11
1570935573, 0, 439, 1244, 1136, 303, 6.41%, 1, 0, 3, 2043.42
1570935635, 0, 439, 1245, 1137, 303, 6.41%, 1, 0, 3, 2006.99
1570935650, 0, 439, 1246, 1138, 303, 6.41%, 1, 0, 3, 2017.67
1570935932, 0, 440, 1246, 1137, 305, 6.41%, 1, 0, 3, 2293.41
1570935957, 0, 440, 1247, 1138, 305, 6.41%, 1, 0, 3, 2069.96
1570936345, 0, 443, 1247, 1137, 305, 6.41%, 1, 0, 3, 2187.77
1570936366, 0, 443, 1250, 1140, 305, 6.43%, 1, 0, 3, 2011.10
1570936422, 0, 443, 1251, 1141, 305, 6.44%, 1, 0, 3, 2012.51
1570936474, 0, 443, 1261, 1151, 305, 6.48%, 1, 0, 3, 2030.15
1570936756, 0, 444, 1261, 1150, 311, 6.48%, 1, 0, 3, 2202.92
1570936777, 0, 444, 1262, 1151, 311, 6.48%, 1, 0, 3, 2042.24
1570936884, 0, 444, 1263, 1152, 311, 6.48%, 1, 0, 3, 2028.84
1570937165, 0, 445, 1263, 1151, 311, 6.48%, 1, 0, 3, 2111.41
1570937185, 0, 445, 1265, 1153, 311, 6.48%, 1, 0, 3, 2007.41
1570937294, 0, 445, 1270, 1158, 311, 6.52%, 1, 0, 3, 2017.71
1570937539, 0, 445, 1274, 1162, 311, 6.58%, 1, 0, 3, 2019.03
1570937575, 0, 446, 1274, 1161, 313, 6.58%, 1, 0, 3, 2152.49
1570937595, 0, 446, 1277, 1164, 313, 6.59%, 1, 0, 3, 2042.31
1570937626, 0, 446, 1278, 1165, 313, 6.59%, 1, 0, 3, 2098.40
1570937651, 0, 446, 1280, 1167, 313, 6.60%, 1, 0, 3, 2053.30
1570937703, 0, 446, 1290, 1177, 313, 6.65%, 1, 0, 3, 2052.54
1570937948, 0, 446, 1291, 1178, 313, 6.65%, 1, 0, 3, 2051.05
1570937979, 0, 448, 1291, 1177, 324, 6.65%, 1, 0, 3, 2324.30
1570938000, 0, 448, 1292, 1178, 324, 6.65%, 1, 0, 3, 2002.41
1570938005, 0, 448, 1294, 1180, 324, 6.65%, 1, 0, 3, 2064.87
1570938359, 0, 448, 1296, 1182, 324, 6.65%, 1, 0, 3, 2029.80
1570938394, 0, 450, 1296, 1181, 324, 6.65%, 1, 0, 3, 2114.76
1570938415, 0, 450, 1302, 1187, 324, 6.66%, 1, 0, 3, 1998.30
1570938446, 0, 450, 1304, 1189, 324, 6.68%, 1, 0, 3, 2036.24
1570938512, 0, 450, 1305, 1190, 324, 6.68%, 1, 0, 3, 1990.33
1570938527, 0, 450, 1318, 1203, 324, 6.76%, 1, 0, 3, 2002.18
1570938690, 0, 450, 1320, 1205, 324, 6.76%, 1, 0, 3, 1989.23
1570938772, 0, 450, 1330, 1215, 324, 6.80%, 1, 0, 3, 1995.89
1570938808, 0, 451, 1330, 1214, 329, 6.80%, 1, 0, 3, 2228.96
1570938884, 0, 451, 1331, 1215, 329, 6.80%, 1, 0, 3, 2037.16
1570938941, 0, 451, 1332, 1216, 329, 6.81%, 1, 0, 3, 2037.62
1570939217, 0, 454, 1332, 1215, 330, 6.81%, 1, 0, 3, 2256.53
1570939238, 0, 454, 1333, 1216, 330, 6.81%, 1, 0, 3, 2045.79
1570939350, 0, 454, 1335, 1218, 330, 6.83%, 1, 0, 3, 2046.75
1570939590, 0, 454, 1336, 1219, 330, 6.83%, 1, 0, 3, 2026.87
1570939626, 0, 458, 1336, 1218, 331, 6.83%, 1, 0, 3, 2156.85
1570939647, 0, 458, 1339, 1221, 331, 6.84%, 1, 0, 3, 2010.76
1570939677, 0, 458, 1340, 1222, 331, 6.84%, 1, 0, 3, 2059.66
1570939759, 0, 458, 1342, 1224, 331, 6.85%, 1, 0, 3, 2020.29
1570939907, 0, 458, 1343, 1225, 331, 6.85%, 1, 0, 3, 2099.41
1570940004, 0, 458, 1344, 1226, 331, 6.86%, 1, 0, 3, 2020.81
1570940040, 0, 460, 1344, 1225, 333, 6.86%, 1, 0, 3, 2135.38
1570940060, 0, 460, 1346, 1227, 333, 6.86%, 1, 0, 3, 2005.08
1570940419, 0, 460, 1347, 1228, 333, 6.86%, 1, 0, 3, 2012.87
1570940450, 0, 467, 1347, 1227, 332, 6.86%, 1, 0, 3, 2191.40
1570940475, 0, 467, 1350, 1230, 332, 6.86%, 1, 0, 3, 2106.16
1570940537, 0, 467, 1350, 1230, 332, 6.86%, 2, 0, 3, 2034.15
1570940588, 0, 467, 1352, 1232, 332, 6.87%, 2, 0, 3, 2120.29
1570940598, 0, 467, 1353, 1233, 332, 6.87%, 2, 0, 3, 2140.53
1570940609, 0, 467, 1355, 1235, 332, 6.87%, 2, 0, 3, 2143.35
1570940650, 0, 467, 1356, 1236, 332, 6.87%, 2, 0, 3, 2156.80
1570940747, 0, 467, 1357, 1237, 332, 6.87%, 2, 0, 3, 2149.77
1570940849, 0, 467, 1359, 1239, 332, 6.87%, 2, 0, 3, 2169.13
1570940854, 0, 473, 1359, 1238, 335, 6.87%, 2, 0, 3, 2223.92
1570940880, 0, 473, 1360, 1239, 335, 6.87%, 2, 0, 3, 2091.01
1570940941, 0, 473, 1360, 1239, 335, 6.87%, 3, 0, 3, 2068.72
1570941003, 0, 473, 1361, 1240, 335, 6.87%, 3, 0, 3, 2152.68
1570941019, 0, 473, 1362, 1241, 335, 6.87%, 3, 0, 3, 2161.30
1570941264, 0, 474, 1362, 1240, 334, 6.87%, 3, 0, 3, 2173.86
1570941289, 0, 474, 1363, 1241, 334, 6.87%, 3, 0, 3, 2104.29
1570941407, 0, 474, 1364, 1242, 334, 6.88%, 3, 0, 3, 2151.12
1570941418, 0, 474, 1365, 1243, 334, 6.88%, 3, 0, 3, 2135.49
1570941561, 0, 474, 1365, 1243, 334, 6.88%, 4, 0, 3, 2146.99
1570941668, 0, 475, 1365, 1242, 336, 6.88%, 4, 0, 3, 2321.99
1570941699, 0, 475, 1366, 1243, 336, 6.88%, 4, 0, 3, 2078.24
1570941811, 0, 475, 1367, 1244, 336, 6.88%, 4, 0, 3, 2140.56
1570941827, 0, 475, 1368, 1245, 336, 6.88%, 4, 0, 3, 2133.08
1570941965, 0, 475, 1368, 1245, 336, 6.88%, 5, 0, 3, 2114.26
1570942078, 0, 476, 1368, 1244, 337, 6.88%, 5, 0, 3, 2184.20
1570942103, 0, 476, 1369, 1245, 337, 6.88%, 5, 0, 3, 2089.31
1570942164, 0, 476, 1369, 1245, 337, 6.88%, 6, 0, 3, 2046.84
1570942221, 0, 476, 1370, 1246, 337, 6.89%, 6, 0, 3, 2140.68
1570942226, 0, 476, 1371, 1247, 337, 6.89%, 6, 0, 3, 2150.58
1570942231, 0, 476, 1372, 1248, 337, 6.89%, 6, 0, 3, 2136.62
1570942487, 0, 477, 1372, 1247, 339, 6.89%, 6, 0, 3, 2145.87
1570942512, 0, 477, 1373, 1248, 339, 6.89%, 6, 0, 3, 2103.06
1570942574, 0, 477, 1373, 1248, 339, 6.89%, 7, 0, 3, 2076.43
1570942630, 0, 477, 1374, 1249, 339, 6.89%, 7, 0, 3, 2155.30
1570942645, 0, 477, 1375, 1250, 339, 6.89%, 7, 0, 3, 2126.48
1570942896, 0, 478, 1375, 1249, 339, 6.89%, 7, 0, 3, 2124.29
1570942921, 0, 478, 1376, 1250, 339, 6.89%, 7, 0, 3, 2102.04
1570942982, 0, 478, 1376, 1250, 339, 6.89%, 8, 0, 3, 2073.10
1570943039, 0, 478, 1377, 1251, 339, 6.89%, 8, 0, 3, 2157.17
1570943054, 0, 478, 1378, 1252, 339, 6.89%, 8, 0, 3, 2140.82
1570943299, 0, 501, 1378, 1251, 340, 6.89%, 8, 0, 3, 2302.38
1570943335, 0, 501, 1380, 1253, 340, 6.89%, 8, 0, 3, 1874.01
1570943366, 0, 501, 1381, 1254, 340, 6.90%, 8, 0, 3, 1883.88
1570943401, 0, 501, 1381, 1254, 340, 6.90%, 9, 0, 3, 1994.07
1570943432, 0, 501, 1382, 1255, 340, 6.90%, 9, 0, 3, 1990.07
1570943458, 0, 501, 1383, 1256, 340, 6.90%, 9, 0, 3, 1988.74
1570943661, 0, 520, 1383, 1255, 343, 6.90%, 9, 0, 3, 2134.19
1570944066, 0, 524, 1383, 1254, 342, 6.90%, 9, 0, 3, 2350.80
1570944301, 0, 525, 1383, 1253, 341, 6.90%, 9, 0, 3, 2435.14
1570944537, 0, 526, 1383, 1252, 340, 6.90%, 9, 0, 3, 2396.40
1570944773, 0, 528, 1383, 1251, 339, 6.90%, 9, 0, 3, 2213.33
1570944819, 0, 528, 1384, 1252, 339, 6.90%, 9, 0, 3, 2055.43
1570944860, 0, 528, 1385, 1253, 339, 6.90%, 9, 0, 3, 2068.51
1570944962, 0, 528, 1386, 1254, 339, 6.90%, 9, 0, 3, 2038.13
1570945177, 0, 530, 1386, 1253, 339, 6.90%, 9, 0, 3, 2264.29
1570945197, 0, 530, 1387, 1254, 339, 6.90%, 9, 0, 3, 2511.61
1570945202, 0, 530, 1393, 1260, 339, 6.92%, 9, 0, 3, 2529.97
1570945269, 0, 530, 1394, 1261, 339, 6.92%, 9, 0, 3, 2566.36
1570945330, 0, 540, 1394, 1260, 345, 6.92%, 9, 0, 3, 2608.54
1570945360, 0, 540, 1395, 1261, 345, 6.92%, 9, 0, 3, 2056.89
1570945422, 0, 540, 1396, 1262, 345, 6.92%, 9, 0, 3, 2016.18
1570945637, 0, 540, 1397, 1263, 345, 6.92%, 9, 0, 3, 2145.13
1570945744, 0, 544, 1397, 1262, 345, 6.92%, 9, 0, 3, 2280.18
1570945770, 0, 544, 1399, 1264, 345, 6.92%, 9, 0, 3, 2326.53
1570945796, 0, 544, 1400, 1265, 345, 6.92%, 9, 0, 3, 2337.05
1570945965, 0, 548, 1400, 1264, 345, 6.92%, 9, 0, 3, 2464.35
1570945970, 0, 565, 1401, 1264, 345, 6.93%, 9, 0, 3, 2540.75
1570946195, 0, 570, 1401, 1263, 344, 6.93%, 9, 0, 3, 2650.89
1570946262, 0, 570, 1402, 1264, 344, 6.93%, 9, 0, 3, 2737.83
1570946267, 0, 589, 1403, 1264, 343, 6.94%, 9, 0, 3, 2284.05
1570946293, 0, 589, 1406, 1267, 343, 6.94%, 9, 0, 3, 2118.01
1570946313, 0, 589, 1407, 1268, 343, 6.94%, 9, 0, 3, 2043.23
1570946323, 0, 589, 1408, 1269, 343, 6.94%, 9, 0, 3, 2076.79
1570946390, 0, 589, 1409, 1270, 343, 6.94%, 9, 0, 3, 2047.34
1570946395, 0, 589, 1410, 1271, 343, 6.95%, 9, 0, 3, 2170.42
1570946415, 0, 589, 1412, 1273, 343, 6.95%, 9, 0, 3, 2207.46
1570946420, 0, 589, 1413, 1274, 343, 6.95%, 9, 0, 3, 2115.38
1570946538, 0, 589, 1414, 1275, 343, 6.95%, 9, 0, 3, 2174.79
1570946604, 0, 589, 1415, 1276, 343, 6.95%, 9, 0, 3, 2168.01
1570946625, 0, 590, 1415, 1275, 349, 6.95%, 9, 0, 3, 2288.48
1570946701, 0, 591, 1415, 1274, 348, 6.95%, 9, 0, 3, 2802.93
1570946840, 0, 592, 1415, 1273, 347, 6.95%, 9, 0, 3, 2825.44
1570946845, 0, 593, 1415, 1272, 346, 6.95%, 9, 0, 3, 2458.69
1570946865, 0, 593, 1417, 1274, 346, 6.95%, 9, 0, 3, 2029.12
1570946896, 0, 593, 1418, 1275, 346, 6.95%, 9, 0, 3, 2038.28
1570946922, 0, 593, 1419, 1276, 346, 6.95%, 9, 0, 3, 2018.59
1570946973, 0, 593, 1426, 1283, 346, 6.95%, 9, 0, 3, 2007.83
1570947008, 0, 593, 1427, 1284, 346, 6.95%, 9, 0, 3, 2173.46
1570947126, 0, 593, 1428, 1285, 346, 6.95%, 9, 0, 3, 2102.99
1570947219, 0, 593, 1432, 1289, 346, 6.95%, 9, 0, 3, 1999.48
1570947254, 0, 598, 1432, 1288, 345, 6.95%, 9, 0, 3, 2459.78
1570947259, 0, 608, 1432, 1287, 344, 6.95%, 9, 0, 3, 2719.89
1570947264, 0, 616, 1433, 1287, 343, 6.95%, 9, 0, 3, 2397.02
1570947290, 0, 616, 1434, 1288, 343, 6.95%, 9, 0, 3, 2051.15
1570947295, 0, 616, 1437, 1291, 343, 6.95%, 9, 0, 3, 2031.35
1570947427, 0, 616, 1438, 1292, 343, 6.95%, 9, 0, 3, 2121.93
1570947672, 0, 623, 1440, 1291, 341, 6.97%, 9, 0, 4, 2722.96
1570947677, 0, 625, 1441, 1290, 341, 6.97%, 9, 0, 4, 2805.64
1570947683, 0, 627, 1441, 1288, 339, 6.97%, 9, 0, 4, 2841.78
1570947688, 0, 630, 1443, 1288, 339, 6.98%, 9, 0, 4, 2914.62
1570947693, 0, 635, 1448, 1292, 342, 7.00%, 9, 0, 4, 2632.53
1570947713, 0, 635, 1449, 1293, 342, 7.00%, 9, 0, 4, 2364.88
1570947896, 0, 646, 1449, 1292, 341, 7.00%, 9, 0, 4, 2498.02
1570948024, 0, 646, 1450, 1293, 341, 7.00%, 9, 0, 4, 1994.89
1570948310, 0, 652, 1452, 1294, 341, 7.00%, 9, 0, 4, 2392.53
1570948331, 0, 652, 1466, 1308, 341, 7.01%, 9, 0, 4, 2425.94
1570948336, 0, 652, 1477, 1319, 341, 7.02%, 9, 0, 4, 2427.77
1570948357, 0, 652, 1487, 1329, 341, 7.03%, 9, 0, 4, 2413.24
1570948362, 0, 652, 1488, 1330, 341, 7.03%, 9, 0, 4, 2391.80
1570948382, 0, 652, 1490, 1332, 341, 7.03%, 9, 0, 4, 2401.28
1570948393, 0, 652, 1492, 1334, 341, 7.03%, 9, 0, 4, 2444.66
1570948398, 0, 652, 1494, 1336, 341, 7.03%, 9, 0, 4, 2439.34
1570948403, 0, 652, 1498, 1340, 341, 7.03%, 9, 0, 4, 2439.78
1570948408, 0, 652, 1502, 1344, 341, 7.03%, 9, 0, 4, 2451.59
1570948413, 0, 652, 1504, 1346, 341, 7.03%, 9, 0, 4, 2433.51
1570948489, 0, 652, 1505, 1347, 341, 7.03%, 9, 0, 4, 2453.66
1570948499, 0, 656, 1505, 1346, 354, 7.03%, 9, 0, 4, 2560.18
1570948525, 0, 656, 1506, 1347, 354, 7.03%, 9, 0, 4, 2429.54
1570948582, 0, 656, 1507, 1348, 354, 7.03%, 9, 0, 4, 2457.40
1570948683, 0, 662, 1507, 1347, 353, 7.03%, 9, 0, 4, 2563.32
1570948719, 0, 662, 1508, 1348, 353, 7.03%, 9, 0, 4, 2562.31
1570948801, 0, 662, 1509, 1349, 353, 7.03%, 9, 0, 4, 2614.34
1570948821, 0, 677, 1509, 1348, 353, 7.03%, 9, 0, 4, 2403.59
1570949224, 0, 688, 1509, 1347, 352, 7.03%, 9, 0, 4, 2366.83
1570949250, 0, 688, 1512, 1350, 352, 7.03%, 9, 0, 4, 2031.91
1570949255, 0, 688, 1522, 1360, 352, 7.03%, 9, 0, 4, 2037.02
1570949281, 0, 688, 1523, 1361, 352, 7.03%, 9, 0, 4, 2066.67
1570949312, 0, 688, 1524, 1362, 352, 7.03%, 9, 0, 4, 2073.27
1570949322, 0, 688, 1525, 1363, 352, 7.03%, 9, 0, 4, 2041.40
1570949384, 0, 688, 1526, 1364, 352, 7.03%, 9, 0, 4, 2120.48
1570949389, 0, 688, 1527, 1365, 352, 7.03%, 9, 0, 4, 2104.24
1570949394, 0, 688, 1528, 1366, 352, 7.04%, 9, 0, 4, 2133.85
1570949638, 0, 690, 1528, 1365, 352, 7.04%, 9, 0, 4, 2425.68
1570949776, 0, 691, 1528, 1364, 351, 7.04%, 9, 0, 4, 2692.70
1570949905, 0, 692, 1528, 1363, 350, 7.04%, 9, 0, 4, 2615.01
1570949921, 0, 692, 1529, 1364, 350, 7.04%, 9, 0, 4, 2579.07
1570949926, 0, 692, 1530, 1365, 350, 7.04%, 9, 0, 4, 2590.25
1570950038, 0, 693, 1530, 1364, 349, 7.04%, 9, 0, 4, 2634.75
1570950172, 0, 694, 1530, 1363, 348, 7.04%, 9, 0, 4, 2640.23
1570950311, 0, 695, 1530, 1362, 347, 7.04%, 9, 0, 4, 2541.88
1570950332, 0, 695, 1532, 1364, 347, 7.04%, 9, 0, 4, 2485.92
1570950517, 0, 696, 1534, 1365, 345, 7.04%, 9, 0, 4, 2450.69
1570950542, 0, 696, 1539, 1370, 345, 7.04%, 9, 0, 4, 2077.63
1570950547, 0, 696, 1540, 1371, 345, 7.04%, 9, 0, 4, 2068.90
1570950573, 0, 696, 1541, 1372, 345, 7.04%, 9, 0, 4, 2119.11
1570950925, 0, 701, 1541, 1371, 348, 7.04%, 9, 0, 4, 2211.81
1570950951, 0, 701, 1546, 1376, 348, 7.04%, 9, 0, 4, 2102.87
1570951227, 0, 701, 1547, 1377, 348, 7.04%, 9, 0, 4, 2093.66
1570951334, 0, 707, 1548, 1377, 349, 7.04%, 9, 0, 4, 2123.48
1570951354, 0, 707, 1551, 1380, 349, 7.04%, 9, 0, 4, 2043.59
1570951359, 0, 707, 1553, 1382, 349, 7.04%, 9, 0, 4, 2088.21
1570951732, 0, 708, 1555, 1383, 350, 7.05%, 9, 0, 4, 2174.30
1570951758, 0, 708, 1561, 1389, 350, 7.06%, 9, 0, 4, 2113.22
1570951788, 0, 708, 1562, 1390, 350, 7.06%, 9, 0, 4, 2088.68
1570951824, 0, 708, 1565, 1393, 350, 7.06%, 9, 0, 4, 2102.13
1570952136, 0, 711, 1565, 1392, 351, 7.06%, 9, 0, 4, 2278.00
1570952161, 0, 711, 1569, 1396, 351, 7.06%, 9, 0, 4, 2061.66
1570952166, 0, 711, 1570, 1397, 351, 7.06%, 9, 0, 4, 2080.01
1570952540, 0, 713, 1570, 1396, 350, 7.06%, 9, 0, 4, 2257.34
1570952565, 0, 713, 1575, 1401, 350, 7.06%, 9, 0, 4, 2093.06
1570952939, 0, 717, 1575, 1400, 348, 7.06%, 9, 0, 4, 2386.03
1570952954, 0, 717, 1577, 1402, 348, 7.06%, 9, 0, 4, 2754.42
1570952964, 0, 717, 1579, 1404, 348, 7.06%, 9, 0, 4, 2766.72
1570952985, 0, 717, 1580, 1405, 348, 7.06%, 9, 0, 4, 2759.26
1570953010, 0, 717, 1581, 1406, 348, 7.06%, 9, 0, 4, 2705.50
1570953093, 0, 725, 1581, 1405, 347, 7.06%, 9, 0, 4, 2494.08
1570953118, 0, 725, 1586, 1410, 347, 7.06%, 9, 0, 4, 2092.31
1570953491, 0, 726, 1586, 1409, 347, 7.06%, 9, 0, 4, 2331.05
1570953517, 0, 726, 1590, 1413, 347, 7.06%, 9, 0, 4, 2062.09
1570953522, 0, 726, 1591, 1414, 347, 7.06%, 9, 0, 4, 2052.82
1570953896, 0, 727, 1591, 1413, 347, 7.06%, 9, 0, 4, 2148.99
1570953921, 0, 727, 1596, 1418, 347, 7.06%, 9, 0, 4, 2104.02
1570954299, 0, 728, 1596, 1417, 347, 7.06%, 9, 0, 4, 2151.34
1570954320, 0, 728, 1599, 1420, 347, 7.06%, 9, 0, 4, 2032.08
1570954325, 0, 728, 1601, 1422, 347, 7.06%, 9, 0, 4, 2085.08
1570954699, 0, 729, 1601, 1421, 347, 7.06%, 9, 0, 4, 2189.47
1570954724, 0, 729, 1606, 1426, 347, 7.06%, 9, 0, 4, 2078.20
1570955103, 0, 730, 1606, 1425, 347, 7.06%, 9, 0, 4, 2080.08
1570955123, 0, 730, 1610, 1429, 347, 7.06%, 9, 0, 4, 2064.28
1570955128, 0, 730, 1611, 1430, 347, 7.06%, 9, 0, 4, 2099.93
1570955502, 0, 732, 1611, 1429, 347, 7.06%, 9, 0, 4, 2600.79
1570955559, 0, 734, 1611, 1428, 346, 7.06%, 9, 0, 4, 2897.02
1570955564, 0, 735, 1612, 1428, 346, 7.06%, 9, 0, 4, 2778.19
1570955569, 0, 737, 1613, 1428, 346, 7.07%, 9, 0, 4, 2840.51
1570955574, 0, 738, 1613, 1427, 345, 7.07%, 9, 0, 4, 2862.08
1570955584, 0, 741, 1614, 1427, 345, 7.07%, 9, 0, 4, 2597.80
1570955721, 0, 744, 1614, 1426, 344, 7.07%, 9, 0, 4, 2600.22
1570955834, 0, 744, 1615, 1427, 344, 7.07%, 9, 0, 4, 2577.81
1570955849, 0, 745, 1615, 1426, 343, 7.07%, 9, 0, 4, 2617.97
1570955976, 0, 747, 1615, 1425, 342, 7.07%, 9, 0, 4, 2629.51
1570955987, 0, 747, 1617, 1427, 342, 7.07%, 9, 0, 4, 2429.26
1570956012, 0, 747, 1618, 1428, 342, 7.07%, 9, 0, 4, 2482.88
1570956119, 0, 748, 1618, 1427, 341, 7.07%, 9, 0, 4, 2547.79
1570956129, 0, 748, 1620, 1429, 341, 7.07%, 9, 0, 4, 2448.00
1570956144, 0, 748, 1621, 1430, 341, 7.07%, 9, 0, 4, 2435.08
1570956160, 0, 748, 1622, 1431, 341, 7.07%, 9, 0, 4, 2480.72
1570956165, 0, 748, 1626, 1435, 341, 7.07%, 9, 0, 4, 2449.18
1570956180, 0, 748, 1627, 1436, 341, 7.08%, 9, 0, 4, 2493.49
1570956267, 0, 750, 1627, 1435, 346, 7.08%, 9, 0, 4, 2640.50
1570956359, 0, 780, 1627, 1434, 345, 7.08%, 9, 0, 4, 2373.31
1570956379, 0, 780, 1628, 1435, 345, 7.08%, 9, 0, 4, 2038.01
1570956385, 0, 780, 1629, 1436, 345, 7.08%, 9, 0, 4, 2081.11
1570956518, 0, 780, 1630, 1437, 345, 7.08%, 9, 0, 4, 2189.42
1570956752, 0, 786, 1630, 1436, 344, 7.08%, 9, 0, 4, 2302.38
1570956778, 0, 786, 1631, 1437, 344, 7.08%, 9, 0, 4, 2276.02
1570956966, 0, 787, 1631, 1436, 343, 7.08%, 9, 0, 4, 2259.89
1570956997, 0, 787, 1632, 1437, 343, 7.08%, 9, 0, 4, 2053.24
1570957058, 0, 787, 1632, 1437, 343, 7.08%, 10, 0, 4, 2115.86
1570957104, 0, 787, 1633, 1438, 343, 7.08%, 10, 0, 4, 2120.20
1570957130, 0, 787, 1634, 1439, 343, 7.08%, 10, 0, 4, 2089.29
1570957360, 0, 801, 1635, 1439, 345, 7.08%, 10, 0, 4, 2360.51
1570957769, 0, 804, 1635, 1438, 344, 7.08%, 10, 0, 4, 2392.79
1570957846, 0, 804, 1638, 1441, 344, 7.08%, 10, 0, 4, 2479.76
1570957933, 0, 809, 1638, 1440, 344, 7.08%, 10, 0, 4, 2218.25
1570957958, 0, 809, 1639, 1441, 344, 7.08%, 10, 0, 4, 2111.16
1570958337, 0, 826, 1639, 1440, 344, 7.08%, 10, 0, 4, 2265.31
1570958363, 0, 826, 1640, 1441, 344, 7.08%, 10, 0, 4, 2347.61
1570958429, 0, 826, 1641, 1442, 344, 7.08%, 10, 0, 4, 2401.53
1570958556, 0, 827, 1641, 1441, 344, 7.08%, 10, 0, 4, 2459.94
1570958577, 0, 827, 1643, 1443, 344, 7.08%, 10, 0, 4, 2379.08
1570958751, 0, 841, 1643, 1442, 343, 7.08%, 10, 0, 4, 2215.72
1570958771, 0, 841, 1645, 1444, 343, 7.09%, 10, 0, 4, 2000.81
1570958884, 0, 841, 1647, 1446, 343, 7.10%, 10, 0, 4, 2018.74
1570959159, 0, 844, 1647, 1445, 345, 7.10%, 10, 0, 4, 2241.73
1570959185, 0, 844, 1649, 1447, 345, 7.10%, 10, 0, 4, 2029.43
1570959215, 0, 844, 1651, 1449, 345, 7.10%, 10, 0, 4, 2078.97
1570959241, 0, 844, 1652, 1450, 345, 7.11%, 10, 0, 4, 2023.00
1570959297, 0, 844, 1653, 1451, 345, 7.11%, 10, 0, 4, 2021.06
1570959543, 0, 844, 1654, 1452, 345, 7.12%, 10, 0, 4, 2026.05
1570959573, 0, 845, 1654, 1451, 348, 7.12%, 10, 0, 4, 2335.19
1570959598, 0, 845, 1655, 1452, 348, 7.12%, 10, 0, 4, 2064.06
1570959982, 0, 848, 1655, 1451, 347, 7.12%, 10, 0, 4, 2350.48
1570960008, 0, 848, 1656, 1452, 347, 7.12%, 10, 0, 4, 2079.97
1570960392, 0, 851, 1656, 1451, 347, 7.12%, 10, 0, 4, 2178.11
1570960413, 0, 851, 1657, 1452, 347, 7.12%, 10, 0, 4, 2017.79
1570960525, 0, 851, 1658, 1453, 347, 7.12%, 10, 0, 4, 2013.86
1570960556, 0, 851, 1659, 1454, 347, 7.12%, 10, 0, 4, 2155.04
1570960719, 0, 851, 1660, 1455, 347, 7.12%, 10, 0, 4, 2024.06
1570960776, 0, 851, 1662, 1457, 347, 7.12%, 10, 0, 4, 2022.73
1570960806, 0, 852, 1662, 1456, 350, 7.12%, 10, 0, 4, 2115.28
1570961185, 0, 852, 1663, 1457, 350, 7.12%, 10, 0, 4, 2016.96
1570961215, 0, 855, 1663, 1456, 349, 7.12%, 10, 0, 4, 2236.11
1570961236, 0, 855, 1664, 1457, 349, 7.12%, 10, 0, 4, 2024.72
1570961594, 0, 855, 1665, 1458, 349, 7.12%, 10, 0, 4, 2027.49
1570961625, 0, 856, 1665, 1457, 348, 7.12%, 10, 0, 4, 2347.68
1570961646, 0, 856, 1666, 1458, 348, 7.12%, 10, 0, 4, 2042.17
1570962034, 0, 859, 1666, 1457, 348, 7.12%, 10, 0, 4, 2182.75
1570962055, 0, 859, 1667, 1458, 348, 7.12%, 10, 0, 4, 2028.63
1570962444, 0, 860, 1667, 1457, 348, 7.12%, 10, 0, 4, 2160.33
1570962464, 0, 860, 1668, 1458, 348, 7.12%, 10, 0, 4, 2034.87
1570962469, 0, 860, 1669, 1459, 348, 7.12%, 10, 0, 4, 2096.43
1570962495, 0, 860, 1670, 1460, 348, 7.12%, 10, 0, 4, 2074.19
1570962500, 0, 860, 1671, 1461, 348, 7.12%, 10, 0, 4, 2072.11
1570962608, 0, 860, 1674, 1464, 348, 7.12%, 10, 0, 4, 2181.96
1570962854, 0, 863, 1674, 1463, 349, 7.12%, 10, 0, 4, 2191.22
1570963264, 0, 867, 1674, 1462, 348, 7.12%, 10, 0, 4, 2319.75
1570963372, 0, 867, 1675, 1463, 348, 7.12%, 10, 0, 4, 2009.54
1570963674, 0, 868, 1675, 1462, 347, 7.12%, 10, 0, 4, 2252.23
1570963694, 0, 868, 1676, 1463, 347, 7.12%, 10, 0, 4, 2014.71
1570963781, 0, 868, 1677, 1464, 347, 7.12%, 10, 0, 4, 2017.38
1570963802, 0, 868, 1678, 1465, 347, 7.12%, 10, 0, 4, 2033.17
1570964047, 0, 868, 1679, 1466, 347, 7.13%, 10, 0, 4, 2030.50
1570964083, 0, 871, 1679, 1465, 349, 7.13%, 10, 0, 4, 2219.90
1570964190, 0, 871, 1680, 1466, 349, 7.13%, 10, 0, 4, 2034.17
1570964493, 0, 880, 1680, 1465, 349, 7.13%, 10, 0, 4, 2190.84
1570964513, 0, 880, 1681, 1466, 349, 7.13%, 10, 0, 4, 2011.62
1570964621, 0, 880, 1682, 1467, 349, 7.13%, 10, 0, 4, 2022.43
1570964867, 0, 880, 1683, 1468, 349, 7.13%, 10, 0, 4, 2028.99
1570964903, 0, 880, 1684, 1469, 349, 7.13%, 10, 0, 4, 2282.16
1570964908, 0, 881, 1684, 1468, 351, 7.13%, 10, 0, 4, 2115.08
1570964923, 0, 881, 1685, 1469, 351, 7.13%, 10, 0, 4, 2006.57
1570965282, 0, 881, 1686, 1470, 351, 7.14%, 10, 0, 4, 2008.48
1570965318, 0, 884, 1686, 1469, 351, 7.14%, 10, 0, 4, 2268.40
1570965338, 0, 884, 1687, 1470, 351, 7.14%, 10, 0, 4, 2012.76
1570965343, 0, 884, 1688, 1471, 351, 7.14%, 10, 0, 4, 2043.99
1570965431, 0, 884, 1689, 1472, 351, 7.14%, 10, 0, 4, 2002.81
1570965446, 0, 884, 1690, 1473, 351, 7.14%, 10, 0, 4, 2009.67
1570965733, 0, 889, 1690, 1472, 350, 7.14%, 10, 0, 4, 2310.60
1570965753, 0, 889, 1691, 1473, 350, 7.14%, 10, 0, 4, 2032.32
1570965861, 0, 889, 1692, 1474, 350, 7.14%, 10, 0, 4, 2045.59
1570966141, 0, 890, 1692, 1473, 350, 7.14%, 10, 0, 4, 2294.28
1570966162, 0, 890, 1694, 1475, 350, 7.14%, 10, 0, 4, 2011.78
1570966515, 0, 890, 1695, 1476, 350, 7.14%, 10, 0, 4, 2033.12
1570966551, 0, 899, 1695, 1475, 350, 7.14%, 10, 0, 4, 2259.62
1570966571, 0, 899, 1700, 1480, 350, 7.15%, 10, 0, 4, 2018.21
1570966602, 0, 899, 1702, 1482, 350, 7.15%, 10, 0, 4, 2022.27
1570966679, 0, 899, 1704, 1484, 350, 7.17%, 10, 0, 4, 2025.15
1570966966, 0, 900, 1704, 1483, 352, 7.17%, 10, 0, 4, 2180.52
1570966987, 0, 900, 1705, 1484, 352, 7.17%, 10, 0, 4, 2001.27
1570967018, 0, 900, 1706, 1485, 352, 7.17%, 10, 0, 4, 2040.94
1570967044, 0, 900, 1707, 1486, 352, 7.17%, 10, 0, 4, 2010.65
1570967094, 0, 900, 1710, 1489, 352, 7.17%, 10, 0, 4, 2025.71
1570967340, 0, 900, 1713, 1492, 352, 7.17%, 10, 0, 4, 1993.99
1570967381, 0, 902, 1713, 1491, 351, 7.17%, 10, 0, 4, 2110.59
1570967396, 0, 902, 1714, 1492, 351, 7.17%, 10, 0, 4, 2013.02
1570967509, 0, 902, 1715, 1493, 351, 7.20%, 10, 0, 4, 2031.45
1570967755, 0, 902, 1716, 1494, 351, 7.20%, 10, 0, 4, 2032.28
1570967791, 0, 903, 1716, 1493, 351, 7.20%, 10, 0, 4, 2151.73
1570967811, 0, 903, 1718, 1495, 351, 7.20%, 10, 0, 4, 2024.94
1570968201, 0, 904, 1718, 1494, 351, 7.20%, 10, 0, 4, 2261.43
1570968252, 0, 904, 1719, 1495, 351, 7.21%, 10, 0, 4, 2023.22
1570968615, 0, 905, 1719, 1494, 350, 7.21%, 10, 0, 4, 2159.82
1570968636, 0, 905, 1720, 1495, 350, 7.21%, 10, 0, 4, 2024.58
1570969025, 0, 908, 1720, 1494, 349, 7.21%, 10, 0, 4, 2254.52
1570969045, 0, 908, 1721, 1495, 349, 7.21%, 10, 0, 4, 2009.21
1570969439, 0, 909, 1721, 1494, 349, 7.21%, 10, 0, 4, 2169.25
1570969460, 0, 909, 1722, 1495, 349, 7.21%, 10, 0, 4, 2023.06
1570969818, 0, 909, 1724, 1497, 349, 7.21%, 10, 0, 4, 2004.86
1570969854, 0, 910, 1724, 1496, 349, 7.21%, 10, 0, 4, 2193.60
1570969874, 0, 910, 1725, 1497, 349, 7.21%, 10, 0, 4, 2013.38
1570970263, 0, 911, 1725, 1496, 348, 7.21%, 10, 0, 4, 2320.57
1570970284, 0, 911, 1726, 1497, 348, 7.21%, 10, 0, 4, 1970.18
1570970396, 0, 911, 1727, 1498, 348, 7.22%, 10, 0, 4, 2019.37
1570970677, 0, 912, 1727, 1497, 348, 7.22%, 10, 0, 4, 2303.13
1570970698, 0, 912, 1728, 1498, 348, 7.22%, 10, 0, 4, 2008.04
1570971092, 0, 913, 1728, 1497, 348, 7.22%, 10, 0, 4, 2152.93
1570971108, 0, 913, 1729, 1498, 348, 7.22%, 10, 0, 4, 1995.44
1570971471, 0, 913, 1730, 1499, 348, 7.22%, 10, 0, 4, 2023.49
1570971507, 0, 914, 1730, 1498, 347, 7.22%, 10, 0, 4, 2039.11
1570971522, 0, 914, 1731, 1499, 347, 7.22%, 10, 0, 4, 1996.80
1570971635, 0, 914, 1733, 1501, 347, 7.23%, 10, 0, 4, 2027.09
1570971916, 0, 916, 1733, 1500, 348, 7.23%, 10, 0, 4, 2203.20
1570971937, 0, 916, 1734, 1501, 348, 7.23%, 10, 0, 4, 2017.71
1570972045, 0, 916, 1735, 1502, 348, 7.23%, 10, 0, 4, 2014.73
1570972331, 0, 917, 1735, 1501, 348, 7.23%, 10, 0, 4, 2141.38
1570972347, 0, 917, 1736, 1502, 348, 7.23%, 10, 0, 4, 2009.78
1570972746, 0, 918, 1736, 1501, 347, 7.23%, 10, 0, 4, 2097.07
1570972762, 0, 918, 1737, 1502, 347, 7.23%, 10, 0, 4, 2008.54
1570972823, 0, 918, 1738, 1503, 347, 7.23%, 10, 0, 4, 2014.50
1570973155, 0, 919, 1738, 1502, 347, 7.23%, 10, 0, 4, 2266.28
1570973175, 0, 919, 1739, 1503, 347, 7.23%, 10, 0, 4, 1981.26
1570973288, 0, 919, 1740, 1504, 347, 7.24%, 10, 0, 4, 2000.84
1570973538, 0, 919, 1741, 1505, 347, 7.24%, 10, 0, 4, 2011.38
1570973573, 0, 920, 1741, 1504, 346, 7.24%, 10, 0, 4, 2119.41
1570973589, 0, 920, 1742, 1505, 346, 7.24%, 10, 0, 4, 2012.54
1570973983, 0, 921, 1742, 1504, 345, 7.24%, 10, 0, 4, 2338.78
1570974004, 0, 921, 1743, 1505, 345, 7.24%, 10, 0, 4, 2017.53
1570974398, 0, 922, 1743, 1504, 345, 7.24%, 10, 0, 4, 2197.68
1570974419, 0, 922, 1744, 1505, 345, 7.24%, 10, 0, 4, 2004.02
1570974812, 0, 923, 1744, 1504, 344, 7.24%, 10, 0, 4, 2138.54
1570974828, 0, 923, 1745, 1505, 344, 7.24%, 10, 0, 4, 2014.76
1570975222, 0, 924, 1745, 1504, 343, 7.24%, 10, 0, 4, 2330.18
1570975242, 0, 924, 1746, 1505, 343, 7.24%, 10, 0, 4, 2008.50
1570975607, 0, 924, 1747, 1506, 343, 7.24%, 10, 0, 4, 2016.96
1570975637, 0, 925, 1747, 1505, 343, 7.24%, 10, 0, 4, 2200.97
1570975766, 0, 925, 1748, 1506, 343, 7.24%, 10, 0, 4, 2021.30
1570976017, 0, 925, 1749, 1507, 343, 7.24%, 10, 0, 4, 2026.65
1570976052, 0, 926, 1749, 1506, 342, 7.24%, 10, 0, 4, 2131.22
1570976467, 0, 927, 1749, 1505, 341, 7.24%, 10, 0, 4, 2109.33
1570976482, 0, 927, 1750, 1506, 341, 7.24%, 10, 0, 4, 1991.77
1570976594, 0, 927, 1751, 1507, 341, 7.24%, 10, 0, 4, 2025.10
1570976877, 0, 934, 1751, 1506, 340, 7.24%, 10, 0, 4, 2337.14
1570976897, 0, 934, 1752, 1507, 340, 7.24%, 10, 0, 4, 2007.48
1570976907, 0, 934, 1753, 1508, 340, 7.24%, 10, 0, 4, 2058.60
1570977255, 0, 934, 1754, 1509, 340, 7.24%, 10, 0, 4, 2018.40
1570977290, 0, 935, 1754, 1508, 340, 7.24%, 10, 0, 4, 2345.00
1570977311, 0, 935, 1755, 1509, 340, 7.24%, 10, 0, 4, 1997.86
1570977321, 0, 935, 1756, 1510, 340, 7.24%, 10, 0, 4, 2036.99
1570977372, 0, 935, 1757, 1511, 340, 7.24%, 10, 0, 4, 2012.40
1570977669, 0, 935, 1758, 1512, 340, 7.24%, 10, 0, 4, 2015.38
1570977705, 0, 936, 1758, 1511, 339, 7.24%, 10, 0, 4, 2270.53
1570977726, 0, 936, 1759, 1512, 339, 7.24%, 10, 0, 4, 1993.18
1570977736, 0, 936, 1760, 1513, 339, 7.24%, 10, 0, 4, 2041.25
1570977756, 0, 936, 1761, 1514, 339, 7.24%, 10, 0, 4, 2003.13
1570977839, 0, 936, 1762, 1515, 339, 7.24%, 10, 0, 4, 2018.66
1570978120, 0, 949, 1762, 1514, 338, 7.24%, 10, 0, 4, 2225.36
1570978140, 0, 949, 1764, 1516, 338, 7.24%, 10, 0, 4, 2011.93
1570978145, 0, 949, 1765, 1517, 338, 7.24%, 10, 0, 4, 2067.16
1570978171, 0, 949, 1766, 1518, 338, 7.25%, 10, 0, 4, 2020.23
1570978254, 0, 949, 1770, 1522, 338, 7.27%, 10, 0, 4, 2005.18
1570978407, 0, 949, 1771, 1523, 338, 7.27%, 10, 0, 4, 2034.88
1570978535, 0, 954, 1771, 1522, 338, 7.27%, 10, 0, 4, 2147.55
1570978555, 0, 954, 1773, 1524, 338, 7.27%, 10, 0, 4, 2024.75
1570978817, 0, 954, 1774, 1525, 338, 7.27%, 10, 0, 4, 2105.84
1570978909, 0, 954, 1775, 1526, 338, 7.27%, 10, 0, 4, 2017.88
1570978945, 0, 955, 1775, 1525, 339, 7.27%, 10, 0, 4, 2279.76
1570978966, 0, 955, 1776, 1526, 339, 7.27%, 10, 0, 4, 1998.04
1570978971, 0, 955, 1777, 1527, 339, 7.27%, 10, 0, 4, 2049.03
1570978997, 0, 955, 1778, 1528, 339, 7.27%, 10, 0, 4, 1997.54
1570979079, 0, 955, 1779, 1529, 339, 7.27%, 10, 0, 4, 1999.94
1570979232, 0, 955, 1780, 1530, 339, 7.27%, 10, 0, 4, 2082.76
1570979293, 0, 955, 1781, 1531, 339, 7.27%, 10, 0, 4, 2089.80
1570979360, 0, 956, 1781, 1530, 338, 7.27%, 10, 0, 4, 2336.67
1570979380, 0, 956, 1782, 1531, 338, 7.27%, 10, 0, 4, 2003.91
1570979385, 0, 956, 1783, 1532, 338, 7.27%, 10, 0, 4, 2041.29
1570979646, 0, 956, 1784, 1533, 338, 7.27%, 10, 0, 4, 2053.37
1570979775, 0, 957, 1784, 1532, 338, 7.27%, 10, 0, 4, 2346.07
1570979795, 0, 957, 1785, 1533, 338, 7.27%, 10, 0, 4, 2015.20
1570979800, 0, 957, 1786, 1534, 338, 7.27%, 10, 0, 4, 2072.59
1570980061, 0, 957, 1787, 1535, 338, 7.27%, 10, 0, 4, 2056.52
1570980189, 0, 960, 1787, 1534, 338, 7.27%, 10, 0, 4, 2188.13
1570980209, 0, 960, 1789, 1536, 338, 7.27%, 10, 0, 4, 1998.87
1570980475, 0, 960, 1790, 1537, 338, 7.27%, 10, 0, 4, 2033.15
1570980604, 0, 961, 1790, 1536, 338, 7.27%, 10, 0, 4, 2097.12
1570980619, 0, 961, 1791, 1537, 338, 7.27%, 10, 0, 4, 2005.66
1570980624, 0, 961, 1792, 1538, 338, 7.27%, 10, 0, 4, 2003.54
1570980655, 0, 961, 1793, 1539, 338, 7.27%, 11, 0, 4, 2066.52
1570980681, 0, 961, 1794, 1540, 338, 7.28%, 11, 0, 4, 2022.01
1570980733, 0, 961, 1797, 1543, 338, 7.29%, 11, 0, 4, 2028.68
1570980886, 0, 961, 1798, 1544, 338, 7.29%, 11, 0, 4, 2068.43
1570981014, 0, 966, 1798, 1543, 341, 7.29%, 11, 0, 4, 2262.43
1570981035, 0, 966, 1799, 1544, 341, 7.29%, 11, 0, 4, 2017.91
1570981040, 0, 966, 1800, 1545, 341, 7.29%, 11, 0, 4, 2073.13
1570981301, 0, 966, 1801, 1546, 341, 7.29%, 11, 0, 4, 2061.72
1570981429, 0, 967, 1801, 1545, 341, 7.29%, 11, 0, 4, 2292.28
1570981547, 0, 967, 1802, 1546, 341, 7.29%, 11, 0, 4, 2046.06
1570981838, 0, 980, 1802, 1545, 341, 7.29%, 11, 0, 4, 2216.99
1570981889, 0, 980, 1803, 1546, 341, 7.29%, 11, 0, 4, 2044.57
1570981920, 0, 980, 1804, 1547, 341, 7.29%, 11, 0, 4, 2077.24
1570981956, 0, 980, 1805, 1548, 341, 7.29%, 11, 0, 4, 2013.97
1570982207, 0, 980, 1806, 1549, 341, 7.29%, 11, 0, 4, 2034.28
1570982243, 0, 982, 1806, 1548, 341, 7.29%, 11, 0, 4, 2108.62
1570982258, 0, 982, 1807, 1549, 341, 7.29%, 11, 0, 4, 2000.42
1570982263, 0, 982, 1808, 1550, 341, 7.29%, 11, 0, 4, 2012.39
1570982268, 0, 982, 1809, 1551, 341, 7.29%, 11, 0, 4, 2070.84
1570982657, 0, 989, 1809, 1550, 341, 7.29%, 11, 0, 4, 2131.76
1570982677, 0, 989, 1811, 1552, 341, 7.29%, 11, 0, 4, 2017.14
1570983067, 0, 996, 1811, 1551, 340, 7.29%, 11, 0, 4, 2303.07
1570983093, 0, 996, 1812, 1552, 340, 7.29%, 11, 0, 4, 2053.27
1570983118, 0, 996, 1814, 1554, 340, 7.29%, 12, 0, 4, 2024.55
1570983201, 0, 996, 1814, 1554, 340, 7.29%, 13, 0, 4, 2026.58
1570983476, 0, 997, 1814, 1553, 340, 7.29%, 13, 0, 4, 2327.05
1570983890, 0, 998, 1814, 1552, 339, 7.29%, 13, 0, 4, 2126.08
1570983906, 0, 998, 1815, 1553, 339, 7.29%, 13, 0, 4, 1993.85
1570983916, 0, 998, 1816, 1554, 339, 7.29%, 13, 0, 4, 2067.58
1570984024, 0, 998, 1817, 1555, 339, 7.29%, 13, 0, 4, 2015.27
1570984055, 0, 998, 1818, 1556, 339, 7.29%, 13, 0, 4, 2147.18
1570984172, 0, 998, 1819, 1557, 339, 7.29%, 13, 0, 4, 2092.68
1570984300, 0, 1001, 1819, 1556, 337, 7.29%, 13, 0, 4, 2339.39
1570984709, 0, 1003, 1820, 1556, 336, 7.29%, 13, 0, 4, 2382.52
1570984858, 0, 1005, 1820, 1555, 336, 7.29%, 13, 0, 4, 2627.06
1570984863, 0, 1005, 1821, 1556, 336, 7.29%, 13, 0, 4, 2639.46
1570985007, 0, 1008, 1821, 1555, 336, 7.29%, 13, 0, 4, 2635.75
1570985084, 0, 1008, 1822, 1556, 336, 7.29%, 13, 0, 4, 2522.03
1570985166, 0, 1013, 1823, 1556, 336, 7.29%, 13, 0, 4, 2588.47
1570985171, 0, 1013, 1824, 1557, 336, 7.29%, 13, 0, 4, 2586.57
1570985186, 0, 1013, 1825, 1558, 336, 7.29%, 13, 0, 4, 2540.89
1570985242, 0, 1013, 1826, 1559, 336, 7.29%, 13, 0, 4, 2573.67
1570985325, 0, 1016, 1826, 1558, 336, 7.29%, 13, 0, 4, 2680.89
1570985473, 0, 1017, 1826, 1557, 335, 7.29%, 13, 0, 4, 2758.35
1570985616, 0, 1018, 1827, 1557, 334, 7.29%, 13, 0, 4, 2788.93
1570985637, 0, 1018, 1828, 1558, 334, 7.29%, 13, 0, 4, 2748.07
1570985765, 0, 1019, 1828, 1557, 334, 7.29%, 13, 0, 4, 2776.25
1570985771, 0, 1019, 1829, 1558, 334, 7.29%, 13, 0, 4, 2769.68
1570985786, 0, 1019, 1830, 1559, 334, 7.29%, 13, 0, 4, 2770.20
1570985914, 0, 1021, 1830, 1558, 334, 7.29%, 13, 0, 4, 2762.29
1570985995, 0, 1021, 1831, 1559, 334, 7.29%, 13, 0, 4, 2522.23
1570986077, 0, 1026, 1831, 1558, 334, 7.29%, 13, 0, 4, 2576.52
1570986102, 0, 1026, 1832, 1559, 334, 7.29%, 13, 0, 4, 2265.34
1570986108, 0, 1026, 1833, 1560, 334, 7.29%, 13, 0, 4, 2253.50
1570986128, 0, 1026, 1834, 1561, 334, 7.29%, 13, 0, 4, 2253.72
1570986169, 0, 1026, 1835, 1562, 334, 7.29%, 13, 0, 4, 2236.10
1570986174, 0, 1026, 1836, 1563, 334, 7.29%, 13, 0, 4, 2283.22
1570986180, 0, 1026, 1838, 1565, 334, 7.29%, 13, 0, 4, 2262.10
1570986308, 0, 1028, 1838, 1564, 334, 7.29%, 13, 0, 4, 2431.95
1570986477, 0, 1029, 1838, 1563, 333, 7.29%, 13, 0, 4, 2540.64
1570986651, 0, 1033, 1838, 1562, 332, 7.29%, 13, 0, 4, 2578.81
1570986676, 0, 1033, 1848, 1572, 332, 7.30%, 13, 0, 4, 2279.16
1570986702, 0, 1033, 1850, 1574, 332, 7.30%, 13, 0, 4, 2285.26
1570986728, 0, 1033, 1852, 1576, 332, 7.30%, 13, 0, 4, 2295.76
1570986743, 0, 1033, 1853, 1577, 332, 7.30%, 13, 0, 4, 2308.46
1570986753, 0, 1033, 1855, 1579, 332, 7.31%, 13, 0, 4, 2297.78
1570986759, 0, 1033, 1857, 1581, 332, 7.31%, 13, 0, 4, 2296.17
1570986764, 0, 1033, 1859, 1583, 332, 7.31%, 13, 0, 4, 2282.87
1570986840, 0, 1033, 1861, 1585, 332, 7.31%, 13, 0, 4, 2323.34
1570986860, 0, 1033, 1863, 1587, 332, 7.32%, 13, 0, 4, 2343.65
1570986881, 0, 1040, 1863, 1586, 342, 7.32%, 13, 0, 4, 2478.54
1570986901, 0, 1040, 1864, 1587, 342, 7.32%, 13, 0, 4, 2537.05
1570987044, 0, 1042, 1864, 1586, 342, 7.32%, 13, 0, 4, 2605.85
1570987065, 0, 1042, 1865, 1587, 342, 7.32%, 13, 0, 4, 2493.03
1570987214, 0, 1045, 1865, 1586, 341, 7.32%, 13, 0, 4, 2523.08
1570987388, 0, 1046, 1865, 1585, 340, 7.32%, 13, 0, 4, 2606.59
1570987567, 0, 1047, 1865, 1584, 339, 7.32%, 13, 0, 4, 2545.32
1570987593, 0, 1047, 1866, 1585, 339, 7.32%, 13, 0, 4, 2504.95
1570987644, 0, 1047, 1868, 1587, 339, 7.32%, 13, 0, 4, 2528.30
1570987649, 0, 1047, 1869, 1588, 339, 7.32%, 13, 0, 4, 2529.45
1570987660, 0, 1047, 1870, 1589, 339, 7.32%, 13, 0, 4, 2540.63
1570987736, 0, 1051, 1872, 1590, 339, 7.32%, 13, 0, 4, 2601.17
1570987741, 0, 1051, 1873, 1591, 339, 7.33%, 13, 0, 4, 2363.11
1570987761, 0, 1051, 1893, 1611, 339, 7.45%, 13, 0, 4, 2322.70
1570987787, 0, 1051, 1899, 1617, 339, 7.46%, 13, 0, 4, 2326.88
1570987813, 0, 1051, 1901, 1619, 339, 7.47%, 13, 0, 4, 2318.97
1570987818, 0, 1051, 1903, 1621, 339, 7.47%, 13, 0, 4, 2360.43
1570987833, 0, 1051, 1912, 1630, 339, 7.49%, 13, 0, 4, 2254.11
1570987889, 0, 1051, 1913, 1631, 339, 7.49%, 13, 0, 4, 2366.40
1570987894, 0, 1051, 1915, 1633, 339, 7.49%, 13, 0, 4, 2342.33
1570987900, 0, 1051, 1917, 1635, 339, 7.50%, 13, 0, 4, 2297.86
1570987920, 0, 1051, 1918, 1636, 339, 7.50%, 13, 0, 4, 2342.33
1570987930, 0, 1061, 1918, 1635, 360, 7.50%, 13, 0, 4, 2475.73
1570988023, 0, 1061, 1919, 1636, 360, 7.50%, 13, 0, 4, 2413.45
1570988120, 0, 1075, 1919, 1635, 360, 7.50%, 13, 0, 4, 2433.04
1570988176, 0, 1075, 1920, 1636, 360, 7.50%, 13, 0, 4, 2103.92
1570988528, 0, 1078, 1920, 1635, 359, 7.50%, 13, 0, 4, 2440.34
1570988575, 0, 1078, 1924, 1639, 359, 7.50%, 13, 0, 4, 2543.57
1570988595, 0, 1078, 1925, 1640, 359, 7.50%, 13, 0, 4, 2539.06
1570988698, 0, 1081, 1925, 1639, 358, 7.50%, 13, 0, 4, 2621.51
1570988729, 0, 1081, 1926, 1640, 358, 7.50%, 13, 0, 4, 2099.83
1570988786, 0, 1081, 1927, 1641, 358, 7.50%, 13, 0, 4, 2079.79
