# unix_time, cycles_done, cur_path, paths_total, pending_total, pending_favs, map_size, unique_crashes, unique_hangs, max_depth, execs_per_sec
1571039404, 0, 0, 1, 1, 1, 2.10%, 0, 0, 1, 2000.00
1571039409, 0, 0, 61, 61, 1, 2.43%, 0, 0, 2, 2272.43
1571039419, 0, 0, 66, 66, 1, 2.47%, 0, 0, 2, 2271.34
1571039424, 0, 0, 124, 124, 1, 2.99%, 0, 0, 2, 2265.52
1571039429, 0, 0, 240, 240, 1, 3.32%, 0, 0, 2, 2276.76
1571039434, 0, 0, 329, 329, 1, 3.52%, 0, 0, 2, 2185.77
1571039449, 0, 0, 331, 331, 1, 3.53%, 0, 0, 2, 2062.43
1571039455, 0, 0, 342, 342, 1, 3.83%, 0, 0, 2, 2056.30
1571039460, 0, 0, 368, 368, 1, 3.86%, 0, 0, 2, 2099.69
1571039480, 0, 0, 372, 372, 1, 3.90%, 0, 0, 2, 2033.27
1571039485, 0, 0, 379, 379, 1, 3.99%, 0, 0, 2, 2094.90
1571039491, 0, 0, 390, 390, 1, 3.99%, 0, 0, 2, 2037.83
1571039496, 0, 0, 423, 423, 1, 4.04%, 0, 0, 2, 2128.64
1571039501, 0, 0, 426, 426, 1, 4.04%, 0, 0, 2, 2032.73
1571039511, 0, 0, 428, 428, 1, 4.04%, 0, 0, 2, 2012.20
1571039516, 0, 0, 430, 430, 1, 4.04%, 0, 0, 2, 1993.11
1571039531, 0, 0, 450, 450, 1, 4.16%, 0, 0, 2, 2007.89
1571039536, 0, 0, 465, 465, 1, 4.47%, 0, 0, 2, 2011.62
1571039546, 0, 0, 472, 472, 1, 4.60%, 0, 0, 2, 2132.37
1571039552, 0, 0, 476, 476, 1, 4.61%, 0, 0, 2, 2150.96
1571039557, 0, 0, 479, 479, 1, 4.62%, 0, 0, 2, 2115.30
1571039567, 0, 0, 502, 502, 1, 4.62%, 0, 0, 2, 2080.06
1571039572, 0, 0, 520, 520, 1, 4.63%, 0, 0, 2, 2091.37
1571039577, 0, 0, 524, 524, 1, 4.63%, 0, 0, 2, 1996.98
1571039582, 0, 0, 528, 528, 1, 4.63%, 0, 0, 2, 1982.72
1571039597, 0, 0, 529, 529, 1, 4.63%, 0, 0, 2, 1997.73
1571039602, 0, 0, 530, 530, 1, 4.63%, 0, 0, 2, 2001.30
1571039608, 0, 0, 531, 531, 1, 4.63%, 0, 0, 2, 2042.98
1571039618, 0, 0, 532, 532, 1, 4.63%, 0, 0, 2, 2166.10
1571039638, 0, 0, 533, 533, 1, 4.63%, 0, 0, 2, 2089.05
1571039689, 0, 0, 539, 539, 1, 4.64%, 0, 0, 2, 2064.71
1571039694, 0, 0, 540, 540, 1, 4.64%, 0, 0, 2, 1997.76
1571039704, 0, 0, 541, 541, 1, 4.64%, 0, 0, 2, 2039.98
1571039710, 0, 0, 549, 549, 1, 4.67%, 0, 0, 2, 2070.39
1571039740, 0, 0, 551, 551, 1, 4.68%, 0, 0, 2, 2127.50
1571039750, 0, 0, 554, 554, 1, 4.68%, 0, 0, 2, 2033.92
1571039771, 0, 0, 556, 556, 1, 4.69%, 0, 0, 2, 2051.87
1571039781, 0, 0, 567, 567, 1, 4.69%, 0, 0, 2, 2104.26
1571039786, 0, 0, 596, 596, 1, 4.71%, 0, 0, 2, 2449.88
1571039791, 0, 0, 608, 608, 1, 4.72%, 0, 0, 2, 2550.60
1571039796, 0, 11, 620, 613, 186, 4.72%, 0, 0, 2, 2639.63
1571039801, 0, 31, 621, 610, 182, 4.72%, 0, 0, 3, 2569.05
1571039822, 0, 31, 622, 611, 182, 4.72%, 0, 0, 3, 2417.25
1571039827, 0, 31, 623, 612, 182, 4.72%, 0, 0, 3, 2423.24
1571039940, 0, 57, 623, 608, 180, 4.72%, 0, 0, 3, 2715.98
1571039965, 0, 57, 625, 610, 180, 4.72%, 0, 0, 3, 1997.54
1571039976, 0, 57, 626, 611, 180, 4.72%, 0, 0, 3, 1991.80
1571040328, 0, 96, 626, 609, 181, 4.72%, 0, 0, 3, 2296.75
1571040333, 0, 106, 627, 607, 178, 4.72%, 0, 0, 3, 2201.10
1571040354, 0, 106, 629, 609, 178, 4.72%, 0, 0, 3, 1946.83
1571040359, 0, 106, 631, 611, 178, 4.73%, 0, 0, 3, 2007.03
1571040364, 0, 106, 632, 612, 178, 4.73%, 0, 0, 3, 1988.95
1571040389, 0, 106, 634, 614, 178, 4.73%, 0, 0, 3, 2007.15
1571040395, 0, 106, 635, 615, 178, 4.73%, 0, 0, 3, 1950.26
1571040415, 0, 106, 639, 619, 178, 4.74%, 0, 0, 3, 1952.19
1571040466, 0, 106, 640, 620, 178, 4.74%, 0, 0, 3, 1960.03
1571040471, 0, 106, 651, 631, 178, 4.79%, 0, 0, 3, 1953.37
1571040502, 0, 106, 652, 632, 178, 4.80%, 0, 0, 3, 2055.73
1571040707, 0, 106, 654, 634, 178, 4.80%, 0, 0, 3, 1958.48
1571040722, 0, 106, 659, 639, 178, 4.82%, 0, 0, 3, 2289.63
1571040727, 0, 106, 666, 646, 178, 4.83%, 0, 0, 3, 2478.07
1571040732, 0, 106, 673, 653, 178, 4.83%, 0, 0, 3, 2539.70
1571040737, 0, 120, 676, 653, 190, 4.83%, 0, 0, 3, 2346.86
1571040758, 0, 120, 679, 656, 190, 4.83%, 0, 0, 3, 1953.11
1571040763, 0, 120, 684, 661, 190, 4.84%, 0, 0, 3, 2006.15
1571040788, 0, 120, 692, 669, 190, 4.90%, 0, 0, 3, 1949.33
1571040819, 0, 120, 694, 671, 190, 4.90%, 0, 0, 3, 1938.93
1571040870, 0, 120, 710, 687, 190, 4.97%, 0, 0, 3, 1951.35
1571041109, 0, 120, 713, 690, 190, 4.98%, 0, 0, 3, 1959.85
1571041130, 0, 141, 713, 686, 209, 4.98%, 0, 0, 3, 2329.86
1571041160, 0, 141, 714, 687, 209, 4.98%, 0, 0, 3, 1999.74
1571041273, 0, 141, 715, 688, 209, 4.98%, 0, 0, 3, 2042.90
1571041519, 0, 196, 715, 680, 203, 4.98%, 0, 0, 3, 2762.69
1571041524, 0, 208, 715, 677, 200, 4.98%, 0, 0, 3, 2380.96
1571041549, 0, 208, 717, 679, 200, 4.98%, 0, 0, 3, 2030.31
1571041908, 0, 208, 719, 681, 200, 4.98%, 0, 0, 3, 2149.19
1571041913, 0, 208, 725, 687, 200, 4.99%, 0, 0, 3, 2476.22
1571041919, 0, 208, 734, 696, 200, 4.99%, 0, 0, 3, 2532.69
1571041924, 0, 235, 736, 693, 201, 4.99%, 0, 0, 3, 2790.24
1571041949, 0, 235, 737, 694, 201, 4.99%, 0, 0, 3, 2004.70
1571042277, 0, 235, 739, 696, 201, 4.99%, 0, 0, 3, 2104.47
1571042317, 0, 246, 740, 695, 200, 4.99%, 0, 0, 3, 2289.57
1571042348, 0, 246, 741, 696, 200, 4.99%, 0, 0, 3, 2014.84
1571042405, 0, 246, 742, 697, 200, 4.99%, 0, 0, 3, 2060.54
1571042466, 0, 246, 743, 698, 200, 4.99%, 0, 0, 3, 2065.33
1571042471, 0, 246, 744, 699, 200, 4.99%, 0, 0, 3, 2075.07
1571042712, 0, 253, 745, 699, 201, 4.99%, 0, 0, 3, 2099.51
1571042738, 0, 253, 747, 701, 201, 5.00%, 0, 0, 3, 1975.01
1571042743, 0, 253, 749, 703, 201, 5.00%, 0, 0, 3, 1944.36
1571042804, 0, 253, 750, 704, 201, 5.00%, 0, 0, 3, 1957.87
1571042809, 0, 253, 751, 705, 201, 5.00%, 0, 0, 3, 1998.75
1571042861, 0, 253, 752, 706, 201, 5.00%, 0, 0, 3, 2026.46
1571042882, 0, 253, 753, 707, 201, 5.00%, 0, 0, 3, 2047.46
1571043112, 0, 279, 753, 704, 203, 5.00%, 0, 0, 3, 2433.67
1571043117, 0, 312, 753, 696, 195, 5.00%, 0, 0, 3, 2807.77
1571043122, 0, 321, 754, 692, 191, 5.01%, 0, 0, 3, 2334.50
1571043148, 0, 321, 760, 698, 191, 5.01%, 0, 0, 3, 2005.71
1571043153, 0, 321, 761, 699, 191, 5.02%, 0, 0, 3, 1980.31
1571043209, 0, 321, 762, 700, 191, 5.02%, 0, 0, 3, 2005.42
1571043220, 0, 321, 763, 701, 191, 5.02%, 0, 0, 3, 2005.59
1571043507, 0, 334, 763, 700, 193, 5.02%, 0, 0, 3, 2292.70
1571043532, 0, 334, 765, 702, 193, 5.02%, 0, 0, 3, 1975.89
1571043563, 0, 334, 766, 703, 193, 5.02%, 0, 0, 3, 1995.65
1571043594, 0, 334, 767, 704, 193, 5.02%, 0, 0, 3, 2026.65
1571043640, 0, 334, 768, 705, 193, 5.02%, 0, 0, 3, 1964.38
1571043905, 0, 339, 768, 700, 188, 5.02%, 0, 0, 3, 2465.74
1571043925, 0, 339, 769, 701, 188, 5.02%, 0, 0, 3, 1937.01
1571043930, 0, 339, 778, 710, 188, 5.02%, 0, 0, 3, 1975.43
1571043935, 0, 339, 780, 712, 188, 5.02%, 0, 0, 3, 1998.11
1571043961, 0, 339, 782, 714, 188, 5.02%, 0, 0, 3, 1989.34
1571043991, 0, 339, 783, 715, 188, 5.03%, 0, 0, 3, 2001.42
1571044043, 0, 339, 796, 728, 188, 5.06%, 0, 0, 3, 1937.78
1571044079, 0, 339, 801, 733, 188, 5.06%, 0, 0, 3, 2118.24
1571044201, 0, 339, 802, 734, 188, 5.06%, 0, 0, 3, 2015.39
1571044283, 0, 339, 803, 735, 188, 5.06%, 0, 0, 3, 1941.02
1571044308, 0, 340, 803, 734, 195, 5.06%, 0, 0, 3, 2015.08
1571044323, 0, 340, 804, 735, 195, 5.06%, 0, 0, 3, 1929.06
1571044329, 0, 340, 805, 736, 195, 5.07%, 0, 0, 3, 1931.77
1571044359, 0, 340, 806, 737, 195, 5.07%, 0, 0, 3, 1964.60
1571044400, 0, 340, 807, 738, 195, 5.07%, 0, 0, 3, 2005.33
1571044441, 0, 340, 813, 744, 195, 5.08%, 0, 0, 3, 1951.04
1571044701, 0, 340, 814, 745, 195, 5.08%, 0, 0, 3, 2164.92
1571044706, 0, 341, 814, 744, 200, 5.08%, 0, 0, 3, 2042.22
1571044727, 0, 341, 817, 747, 200, 5.08%, 0, 0, 3, 1943.18
1571044788, 0, 341, 818, 748, 200, 5.09%, 0, 0, 3, 1991.80
1571044834, 0, 341, 819, 749, 200, 5.09%, 0, 0, 3, 1954.49
1571044839, 0, 341, 820, 750, 200, 5.09%, 0, 0, 3, 1956.16
1571044844, 0, 341, 822, 752, 200, 5.15%, 0, 0, 3, 1960.98
1571044875, 0, 341, 823, 753, 200, 5.15%, 0, 0, 3, 2065.61
1571045099, 0, 342, 823, 752, 203, 5.15%, 0, 0, 3, 2166.26
1571045130, 0, 342, 830, 759, 203, 5.16%, 0, 0, 3, 2031.38
