# unix_time, cycles_done, cur_path, paths_total, pending_total, pending_favs, map_size, unique_crashes, unique_hangs, max_depth, execs_per_sec
1571039322, 0, 0, 1, 1, 1, 2.10%, 0, 0, 1, 2000.00
1571039327, 0, 0, 61, 61, 1, 2.43%, 0, 0, 2, 2385.44
1571039337, 0, 0, 67, 67, 1, 2.47%, 0, 0, 2, 2425.44
1571039342, 0, 0, 136, 136, 1, 3.03%, 0, 0, 2, 2399.71
1571039347, 0, 0, 321, 321, 1, 3.52%, 0, 0, 2, 2462.78
1571039352, 0, 0, 329, 329, 1, 3.52%, 0, 0, 2, 2406.03
1571039363, 0, 0, 330, 330, 1, 3.52%, 0, 0, 2, 2344.61
1571039368, 0, 0, 342, 342, 1, 3.83%, 0, 0, 2, 2340.98
1571039373, 0, 0, 368, 368, 1, 3.86%, 0, 0, 2, 2417.05
1571039393, 0, 0, 377, 377, 1, 3.96%, 0, 0, 2, 2384.75
1571039398, 0, 0, 390, 390, 1, 3.99%, 0, 0, 2, 2353.01
1571039404, 0, 0, 423, 423, 1, 4.04%, 0, 0, 2, 2430.03
1571039409, 0, 0, 426, 426, 1, 4.04%, 0, 0, 2, 2292.07
1571039419, 0, 0, 428, 428, 1, 4.04%, 0, 0, 2, 2239.10
1571039424, 0, 0, 430, 430, 1, 4.04%, 0, 0, 2, 2236.60
1571039435, 0, 0, 436, 436, 1, 4.06%, 0, 0, 2, 2133.90
1571039440, 0, 0, 461, 461, 1, 4.47%, 0, 0, 2, 2100.44
1571039445, 0, 0, 465, 465, 1, 4.47%, 0, 0, 2, 2073.58
1571039450, 0, 0, 468, 468, 1, 4.51%, 0, 0, 2, 2136.78
1571039455, 0, 0, 475, 475, 1, 4.60%, 0, 0, 2, 2142.60
1571039460, 0, 0, 478, 478, 1, 4.61%, 0, 0, 2, 2118.52
1571039465, 0, 0, 479, 479, 1, 4.62%, 0, 0, 2, 2101.24
1571039470, 0, 0, 480, 480, 1, 4.62%, 0, 0, 2, 2106.45
1571039475, 0, 0, 520, 520, 1, 4.63%, 0, 0, 2, 2112.78
1571039480, 0, 0, 523, 523, 1, 4.63%, 0, 0, 2, 2027.15
1571039485, 0, 0, 528, 528, 1, 4.63%, 0, 0, 2, 2011.34
1571039501, 0, 0, 529, 529, 1, 4.63%, 0, 0, 2, 1988.99
1571039511, 0, 0, 530, 530, 1, 4.63%, 0, 0, 2, 1988.62
1571039516, 0, 0, 531, 531, 1, 4.63%, 0, 0, 2, 2150.45
1571039521, 0, 0, 532, 532, 1, 4.63%, 0, 0, 2, 2160.91
1571039541, 0, 0, 533, 533, 1, 4.63%, 0, 0, 2, 2138.39
1571039592, 0, 0, 534, 534, 1, 4.63%, 0, 0, 2, 2046.75
1571039597, 0, 0, 540, 540, 1, 4.64%, 0, 0, 2, 2010.63
1571039613, 0, 0, 549, 549, 1, 4.67%, 0, 0, 2, 2103.79
1571039644, 0, 0, 551, 551, 1, 4.68%, 0, 0, 2, 2047.97
1571039654, 0, 0, 554, 554, 1, 4.68%, 0, 0, 2, 2123.27
1571039679, 0, 0, 556, 556, 1, 4.69%, 0, 0, 2, 2088.54
1571039690, 0, 0, 586, 586, 1, 4.71%, 0, 0, 2, 2278.98
1571039695, 0, 0, 609, 609, 1, 4.72%, 0, 0, 2, 2488.01
1571039700, 0, 0, 621, 621, 1, 4.72%, 0, 0, 2, 2527.91
1571039705, 0, 23, 626, 615, 182, 4.72%, 0, 0, 2, 2776.25
1571039710, 0, 57, 626, 612, 179, 4.72%, 0, 0, 2, 2311.58
1571039736, 0, 57, 628, 614, 179, 4.72%, 0, 0, 3, 2023.57
1571039741, 0, 57, 629, 615, 179, 4.72%, 0, 0, 3, 1998.80
1571040098, 0, 57, 635, 621, 179, 4.72%, 0, 0, 3, 2358.12
1571040103, 0, 57, 643, 629, 179, 4.72%, 0, 0, 3, 2489.50
1571040109, 0, 60, 650, 635, 182, 4.76%, 0, 0, 3, 2534.98
1571040114, 0, 106, 651, 634, 181, 4.76%, 0, 0, 3, 2199.52
1571040134, 0, 106, 654, 637, 181, 4.76%, 0, 0, 3, 1922.78
1571040139, 0, 106, 655, 638, 181, 4.76%, 0, 0, 3, 1987.34
1571040144, 0, 106, 656, 639, 181, 4.76%, 0, 0, 3, 1954.95
1571040165, 0, 106, 658, 641, 181, 4.77%, 0, 0, 3, 1900.71
1571040175, 0, 106, 659, 642, 181, 4.77%, 0, 0, 3, 1946.43
1571040195, 0, 106, 663, 646, 181, 4.78%, 0, 0, 3, 1928.80
1571040247, 0, 106, 664, 647, 181, 4.78%, 0, 0, 3, 1930.25
1571040252, 0, 106, 675, 658, 181, 4.83%, 0, 0, 3, 1937.50
1571040287, 0, 106, 676, 659, 181, 4.84%, 0, 0, 3, 2038.49
1571040492, 0, 106, 678, 661, 181, 4.84%, 0, 0, 3, 1935.40
1571040507, 0, 106, 682, 665, 181, 4.84%, 0, 0, 3, 2255.11
1571040512, 0, 106, 688, 671, 181, 4.84%, 0, 0, 3, 2452.44
1571040517, 0, 106, 692, 675, 181, 4.89%, 0, 0, 3, 2505.03
1571040522, 0, 120, 692, 672, 198, 4.89%, 0, 0, 3, 2373.83
1571040543, 0, 120, 694, 674, 198, 4.89%, 0, 0, 3, 1928.77
1571040548, 0, 120, 700, 680, 198, 4.90%, 0, 0, 3, 1985.45
1571040573, 0, 120, 701, 681, 198, 4.90%, 0, 0, 3, 1945.28
1571040578, 0, 120, 708, 688, 198, 4.96%, 0, 0, 3, 2003.56
1571040604, 0, 120, 710, 690, 198, 4.96%, 0, 0, 3, 1907.92
1571040655, 0, 120, 725, 705, 198, 5.03%, 0, 0, 3, 1937.70
1571040660, 0, 120, 726, 706, 198, 5.03%, 0, 0, 3, 1938.54
1571040896, 0, 120, 729, 709, 198, 5.04%, 0, 0, 3, 1934.17
1571040916, 0, 124, 729, 706, 218, 5.04%, 0, 0, 3, 2424.02
1571040921, 0, 141, 729, 705, 217, 5.04%, 0, 0, 3, 2142.60
1571041064, 0, 141, 730, 706, 217, 5.04%, 0, 0, 3, 2009.86
1571041310, 0, 169, 730, 702, 214, 5.04%, 0, 0, 3, 2464.70
1571041315, 0, 192, 731, 698, 209, 5.05%, 0, 0, 3, 2481.04
1571041340, 0, 192, 735, 702, 209, 5.07%, 0, 0, 3, 1967.21
1571041345, 0, 192, 740, 707, 209, 5.07%, 0, 0, 3, 1988.65
1571041371, 0, 192, 744, 711, 209, 5.08%, 0, 0, 3, 1972.72
1571041376, 0, 192, 746, 713, 209, 5.08%, 0, 0, 3, 1984.29
1571041407, 0, 192, 747, 714, 209, 5.08%, 0, 0, 3, 1969.81
1571041412, 0, 192, 749, 716, 209, 5.08%, 0, 0, 3, 2048.45
1571041468, 0, 192, 751, 718, 209, 5.08%, 0, 0, 3, 2043.56
1571041488, 0, 192, 753, 720, 209, 5.08%, 0, 0, 3, 2065.47
1571041662, 0, 192, 754, 721, 209, 5.08%, 0, 0, 3, 2045.44
1571041672, 0, 192, 756, 723, 209, 5.08%, 0, 0, 3, 2054.18
1571041698, 0, 192, 757, 724, 209, 5.08%, 0, 0, 3, 1980.35
1571041713, 0, 192, 758, 725, 209, 5.08%, 0, 0, 3, 2118.88
1571041718, 0, 192, 764, 731, 209, 5.09%, 0, 0, 3, 2444.91
1571041723, 0, 192, 770, 737, 209, 5.09%, 0, 0, 3, 2485.81
1571041728, 0, 208, 774, 737, 217, 5.09%, 0, 0, 3, 2655.34
1571041759, 0, 208, 775, 738, 217, 5.09%, 0, 0, 3, 2003.72
1571042127, 0, 217, 775, 736, 216, 5.09%, 0, 0, 3, 2304.32
1571042132, 0, 223, 776, 735, 214, 5.09%, 0, 0, 3, 2175.03
1571042157, 0, 223, 780, 739, 214, 5.09%, 0, 0, 3, 2006.69
1571042219, 0, 223, 781, 740, 214, 5.09%, 0, 0, 3, 2003.48
1571042291, 0, 223, 782, 741, 214, 5.09%, 0, 0, 3, 2048.95
1571042530, 0, 240, 784, 742, 213, 5.09%, 0, 0, 3, 2334.84
1571042535, 0, 246, 785, 741, 211, 5.09%, 0, 0, 3, 2157.52
1571042622, 0, 246, 786, 742, 211, 5.10%, 0, 0, 3, 1981.84
1571042683, 0, 246, 787, 743, 211, 5.10%, 0, 0, 3, 2057.08
1571042688, 0, 246, 788, 744, 211, 5.10%, 0, 0, 3, 2051.88
1571042933, 0, 253, 788, 743, 214, 5.10%, 0, 0, 3, 2209.49
1571042959, 0, 253, 790, 745, 214, 5.11%, 0, 0, 3, 1905.44
1571042964, 0, 253, 792, 747, 214, 5.11%, 0, 0, 3, 1963.84
1571043031, 0, 253, 794, 749, 214, 5.11%, 0, 0, 3, 1945.92
1571043082, 0, 253, 795, 750, 214, 5.11%, 0, 0, 3, 1907.07
1571043108, 0, 253, 796, 751, 214, 5.11%, 0, 0, 3, 2002.93
1571043343, 0, 253, 797, 752, 214, 5.11%, 0, 0, 3, 2067.61
1571043348, 0, 253, 802, 757, 214, 5.11%, 0, 0, 3, 2402.00
1571043353, 0, 253, 803, 758, 214, 5.11%, 0, 0, 3, 2470.69
1571043358, 0, 267, 804, 757, 217, 5.11%, 0, 0, 3, 2405.41
1571043527, 0, 267, 805, 758, 217, 5.11%, 0, 0, 3, 2052.67
1571043756, 0, 267, 806, 759, 217, 5.11%, 0, 0, 3, 2085.20
1571043761, 0, 298, 806, 752, 213, 5.11%, 0, 0, 3, 2691.34
1571043766, 0, 328, 808, 750, 209, 5.11%, 0, 0, 3, 2237.61
1571043792, 0, 328, 810, 752, 209, 5.11%, 0, 0, 3, 1996.65
1571043797, 0, 328, 811, 753, 209, 5.12%, 0, 0, 3, 1951.55
1571043828, 0, 328, 812, 754, 209, 5.12%, 0, 0, 3, 1951.71
1571044119, 0, 328, 813, 755, 209, 5.12%, 0, 0, 3, 2038.94
1571044170, 0, 333, 813, 754, 209, 5.12%, 0, 0, 3, 2010.89
1571044185, 0, 333, 814, 755, 209, 5.12%, 0, 0, 3, 1914.26
1571044190, 0, 333, 819, 760, 209, 5.12%, 0, 0, 3, 1907.12
1571044221, 0, 333, 821, 762, 209, 5.12%, 0, 0, 3, 1913.29
1571044231, 0, 333, 822, 763, 209, 5.12%, 0, 0, 3, 1939.01
1571044252, 0, 333, 823, 764, 209, 5.12%, 0, 0, 3, 1909.88
1571044288, 0, 333, 824, 765, 209, 5.12%, 0, 0, 3, 1905.25
1571044303, 0, 333, 838, 779, 209, 5.15%, 0, 0, 3, 1906.82
1571044344, 0, 333, 841, 782, 209, 5.15%, 0, 0, 3, 2041.57
1571044466, 0, 333, 843, 784, 209, 5.15%, 0, 0, 3, 2004.56
1571044579, 0, 334, 843, 783, 215, 5.15%, 0, 0, 3, 2258.78
1571044605, 0, 334, 844, 784, 215, 5.15%, 0, 0, 3, 1931.88
1571044636, 0, 334, 845, 785, 215, 5.15%, 0, 0, 3, 1967.32
1571044666, 0, 334, 846, 786, 215, 5.15%, 0, 0, 3, 1997.01
1571044718, 0, 334, 847, 787, 215, 5.15%, 0, 0, 3, 1944.58
1571044988, 0, 340, 847, 783, 211, 5.15%, 0, 0, 3, 2384.40
1571045009, 0, 340, 848, 784, 211, 5.15%, 0, 0, 3, 1897.13
1571045014, 0, 340, 851, 787, 211, 5.17%, 0, 0, 3, 1922.43
1571045045, 0, 340, 853, 789, 211, 5.17%, 0, 0, 3, 1959.95
1571045085, 0, 340, 854, 790, 211, 5.17%, 0, 0, 3, 1961.61
1571045127, 0, 340, 860, 796, 211, 5.18%, 0, 0, 3, 1918.93
