# unix_time, cycles_done, cur_path, paths_total, pending_total, pending_favs, map_size, unique_crashes, unique_hangs, max_depth, execs_per_sec
1573479635, 0, 0, 1, 1, 1, 2.10%, 0, 0, 1, 1600.00
1573479640, 0, 0, 61, 61, 1, 2.43%, 0, 0, 2, 2079.56
1573479655, 0, 0, 109, 109, 1, 2.69%, 0, 0, 2, 2148.72
1573479660, 0, 0, 221, 221, 1, 3.31%, 0, 0, 2, 2209.43
1573479665, 0, 0, 329, 329, 1, 3.52%, 0, 0, 2, 2203.78
1573479681, 0, 0, 331, 331, 1, 3.53%, 0, 0, 2, 2159.23
1573479686, 0, 0, 342, 342, 1, 3.83%, 0, 0, 2, 2151.12
1573479691, 0, 0, 368, 368, 1, 3.86%, 0, 0, 2, 2187.57
1573479712, 0, 0, 376, 376, 1, 3.96%, 0, 0, 2, 2163.64
1573479717, 0, 0, 381, 381, 1, 3.99%, 0, 0, 2, 2227.97
1573479722, 0, 0, 398, 398, 1, 4.00%, 0, 0, 2, 2201.09
1573479727, 0, 0, 426, 426, 1, 4.04%, 0, 0, 2, 2205.59
1573479742, 0, 0, 429, 429, 1, 4.04%, 0, 0, 2, 2092.27
1573479748, 0, 0, 430, 430, 1, 4.04%, 0, 0, 2, 2066.03
1573479758, 0, 0, 439, 439, 1, 4.09%, 0, 0, 2, 2065.25
1573479763, 0, 0, 461, 461, 1, 4.47%, 0, 0, 2, 2061.30
1573479768, 0, 0, 465, 465, 1, 4.47%, 0, 0, 2, 2059.90
1573479773, 0, 0, 472, 472, 1, 4.60%, 0, 0, 2, 2162.75
1573479778, 0, 0, 476, 476, 1, 4.61%, 0, 0, 2, 2175.48
1573479783, 0, 0, 479, 479, 1, 4.62%, 0, 0, 2, 2157.65
1573479794, 0, 0, 501, 501, 1, 4.62%, 0, 0, 2, 2095.77
1573479799, 0, 0, 520, 520, 1, 4.63%, 0, 0, 2, 2072.28
1573479804, 0, 0, 523, 523, 1, 4.63%, 0, 0, 2, 1985.28
1573479809, 0, 0, 528, 528, 1, 4.63%, 0, 0, 2, 1970.31
1573479824, 0, 0, 529, 529, 1, 4.63%, 0, 0, 2, 1994.13
1573479830, 0, 0, 530, 530, 1, 4.63%, 0, 0, 2, 1974.88
1573479835, 0, 0, 531, 531, 1, 4.63%, 0, 0, 2, 1997.70
1573479845, 0, 0, 532, 532, 1, 4.63%, 0, 0, 2, 2147.59
1573479865, 0, 0, 533, 533, 1, 4.63%, 0, 0, 2, 2095.76
1573479916, 0, 0, 539, 539, 1, 4.64%, 0, 0, 2, 2069.95
1573479922, 0, 0, 540, 540, 1, 4.64%, 0, 0, 2, 1986.02
1573479932, 0, 0, 541, 541, 1, 4.64%, 0, 0, 2, 2052.45
1573479937, 0, 0, 549, 549, 1, 4.67%, 0, 0, 2, 2063.91
1573479968, 0, 0, 551, 551, 1, 4.68%, 0, 0, 2, 2116.47
1573479978, 0, 0, 554, 554, 1, 4.68%, 0, 0, 2, 2062.39
1573479998, 0, 0, 556, 556, 1, 4.69%, 0, 0, 2, 2021.11
1573480014, 0, 0, 604, 604, 1, 4.71%, 0, 0, 2, 2444.69
1573480019, 0, 0, 617, 617, 1, 4.71%, 0, 0, 2, 2553.61
1573480024, 0, 1, 627, 626, 205, 4.74%, 0, 0, 3, 2752.13
1573480029, 0, 1, 632, 631, 205, 4.91%, 0, 0, 3, 2775.53
1573480034, 0, 3, 633, 630, 213, 4.91%, 0, 0, 3, 2807.66
1573480039, 0, 6, 633, 628, 211, 4.91%, 0, 0, 3, 2821.12
1573480044, 0, 8, 633, 626, 209, 4.91%, 0, 0, 3, 2672.00
1573480095, 0, 8, 634, 627, 209, 4.91%, 0, 0, 3, 1976.94
1573480432, 0, 9, 634, 626, 208, 4.91%, 0, 0, 3, 2080.62
1573480458, 0, 9, 643, 635, 208, 4.97%, 0, 0, 3, 2063.40
1573480514, 0, 9, 644, 636, 208, 4.97%, 0, 0, 3, 2054.28
1573480576, 0, 9, 645, 637, 208, 4.97%, 0, 0, 3, 2110.17
1573480816, 0, 9, 655, 647, 208, 4.97%, 0, 0, 3, 2445.28
1573480821, 0, 9, 668, 660, 208, 5.01%, 0, 0, 3, 2534.01
1573480826, 0, 11, 670, 661, 205, 5.02%, 0, 0, 3, 2262.95
1573480851, 0, 11, 691, 682, 205, 5.02%, 0, 0, 3, 2049.25
1573480856, 0, 11, 695, 686, 205, 5.02%, 0, 0, 3, 2013.69
1573480918, 0, 11, 697, 688, 205, 5.02%, 0, 0, 3, 2082.87
1573480923, 0, 11, 699, 690, 205, 5.02%, 0, 0, 3, 2034.31
1573481132, 0, 11, 700, 691, 205, 5.02%, 0, 0, 3, 2094.35
1573481163, 0, 11, 702, 693, 205, 5.02%, 0, 0, 3, 2120.87
1573481199, 0, 11, 703, 694, 205, 5.02%, 0, 0, 3, 2054.02
1573481214, 0, 13, 705, 695, 209, 5.02%, 0, 0, 3, 2165.27
1573481239, 0, 13, 709, 699, 209, 5.02%, 0, 0, 3, 2030.55
1573481245, 0, 13, 710, 700, 209, 5.02%, 0, 0, 3, 2014.48
1573481311, 0, 13, 713, 703, 209, 5.03%, 0, 0, 3, 2007.65
1573481527, 0, 13, 714, 704, 209, 5.03%, 0, 0, 3, 1995.44
1573481603, 0, 17, 714, 703, 212, 5.03%, 0, 0, 3, 2274.66
1573481608, 0, 17, 719, 708, 212, 5.07%, 0, 0, 3, 2045.40
1573481624, 0, 17, 721, 710, 212, 5.08%, 0, 0, 3, 1979.63
1573481629, 0, 17, 725, 714, 212, 5.08%, 0, 0, 3, 2012.69
1573481634, 0, 17, 728, 717, 212, 5.08%, 0, 0, 3, 2043.03
1573481665, 0, 17, 729, 718, 212, 5.08%, 0, 0, 3, 2008.00
1573481700, 0, 17, 731, 720, 212, 5.08%, 0, 0, 3, 2037.03
1573481890, 0, 17, 737, 726, 212, 5.10%, 0, 0, 3, 2040.05
1573481992, 0, 17, 746, 735, 212, 5.10%, 0, 0, 3, 2453.53
1573481997, 0, 17, 754, 743, 212, 5.10%, 0, 0, 3, 2540.46
1573482002, 0, 23, 758, 746, 224, 5.10%, 0, 0, 3, 2520.99
1573482007, 0, 23, 760, 748, 224, 5.10%, 0, 0, 3, 2476.99
1573482018, 0, 23, 761, 749, 224, 5.11%, 0, 0, 3, 2496.48
1573482038, 0, 23, 763, 751, 224, 5.12%, 0, 0, 3, 2522.47
1573482130, 0, 30, 763, 750, 226, 5.12%, 0, 0, 3, 2573.69
1573482202, 0, 30, 764, 751, 226, 5.12%, 0, 0, 3, 2608.40
1573482223, 0, 30, 765, 752, 226, 5.12%, 0, 0, 3, 2592.21
1573482228, 0, 54, 765, 751, 225, 5.12%, 0, 0, 3, 2150.00
1573482253, 0, 54, 766, 752, 225, 5.12%, 0, 0, 3, 2063.71
1573482617, 0, 64, 766, 751, 225, 5.12%, 0, 0, 3, 2110.27
1573483006, 0, 65, 766, 750, 224, 5.12%, 0, 0, 3, 2233.44
1573483032, 0, 65, 767, 751, 224, 5.12%, 0, 0, 3, 2000.69
1573483400, 0, 68, 768, 751, 223, 5.12%, 0, 0, 3, 2165.23
1573483420, 0, 68, 769, 752, 223, 5.12%, 0, 0, 3, 1978.49
1573483431, 0, 68, 770, 753, 223, 5.12%, 0, 0, 3, 2005.00
1573483569, 0, 68, 771, 754, 223, 5.12%, 0, 0, 3, 2083.83
1573483794, 0, 72, 771, 753, 222, 5.12%, 0, 0, 3, 2060.34
1573484184, 0, 74, 773, 754, 221, 5.12%, 0, 0, 3, 2185.47
