# unix_time, cycles_done, cur_path, paths_total, pending_total, pending_favs, map_size, unique_crashes, unique_hangs, max_depth, execs_per_sec
1570815940, 0, 0, 1, 1, 1, 2.10%, 0, 0, 1, 2000.00
1570815945, 0, 0, 61, 61, 1, 2.43%, 0, 0, 2, 2241.28
1570815956, 0, 0, 63, 63, 1, 2.45%, 0, 0, 2, 2251.81
1570815961, 0, 0, 125, 125, 1, 3.00%, 0, 0, 2, 2229.93
1570815966, 0, 0, 243, 243, 1, 3.33%, 0, 0, 2, 2314.12
1570815971, 0, 0, 329, 329, 1, 3.52%, 0, 0, 2, 2221.73
1570815987, 0, 0, 332, 332, 1, 3.55%, 0, 0, 2, 2073.97
1570815992, 0, 0, 344, 344, 1, 3.84%, 0, 0, 2, 2106.73
1570815997, 0, 0, 368, 368, 1, 3.86%, 0, 0, 2, 2106.71
1570816017, 0, 0, 374, 374, 1, 3.95%, 0, 0, 2, 2013.38
1570816023, 0, 0, 379, 379, 1, 3.99%, 0, 0, 2, 2076.38
1570816028, 0, 0, 391, 391, 1, 3.99%, 0, 0, 2, 2032.46
1570816033, 0, 0, 423, 423, 1, 4.04%, 0, 0, 2, 2106.10
1570816038, 0, 0, 426, 426, 1, 4.04%, 0, 0, 2, 2031.85
1570816048, 0, 0, 428, 428, 1, 4.04%, 0, 0, 2, 2022.90
1570816053, 0, 0, 430, 430, 1, 4.04%, 0, 0, 2, 2007.25
1570816069, 0, 0, 451, 451, 1, 4.42%, 0, 0, 2, 2014.82
1570816074, 0, 0, 465, 465, 1, 4.47%, 0, 0, 2, 2020.79
1570816079, 0, 0, 467, 467, 1, 4.51%, 0, 0, 2, 2033.82
1570816084, 0, 0, 474, 474, 1, 4.60%, 0, 0, 2, 2126.90
1570816089, 0, 0, 477, 477, 1, 4.61%, 0, 0, 2, 2152.39
1570816094, 0, 0, 479, 479, 1, 4.62%, 0, 0, 2, 2117.09
1570816105, 0, 0, 518, 518, 1, 4.62%, 0, 0, 2, 2121.22
1570816110, 0, 0, 522, 522, 1, 4.63%, 0, 0, 2, 2067.94
1570816115, 0, 0, 527, 527, 1, 4.63%, 0, 0, 2, 2028.46
1570816120, 0, 0, 528, 528, 1, 4.63%, 0, 0, 2, 2017.92
1570816136, 0, 0, 529, 529, 1, 4.63%, 0, 0, 2, 1988.00
1570816141, 0, 0, 530, 530, 1, 4.63%, 0, 0, 2, 1984.80
1570816146, 0, 0, 531, 531, 1, 4.63%, 0, 0, 2, 2142.48
1570816156, 0, 0, 532, 532, 1, 4.63%, 0, 0, 2, 2172.23
1570816171, 0, 0, 533, 533, 1, 4.63%, 0, 0, 2, 2170.11
1570816222, 0, 0, 534, 534, 1, 4.63%, 0, 0, 2, 2090.22
1570816227, 0, 0, 539, 539, 1, 4.64%, 0, 0, 2, 2027.31
1570816232, 0, 0, 540, 540, 1, 4.64%, 0, 0, 2, 2006.69
1570816242, 0, 0, 546, 546, 1, 4.66%, 0, 0, 2, 2061.18
1570816247, 0, 0, 549, 549, 1, 4.67%, 0, 0, 2, 2030.42
1570816273, 0, 0, 551, 551, 1, 4.68%, 0, 0, 2, 2107.20
1570816283, 0, 0, 554, 554, 1, 4.68%, 0, 0, 2, 2099.60
1570816309, 0, 0, 556, 556, 1, 4.69%, 0, 0, 2, 2153.85
1570816319, 0, 0, 593, 593, 1, 4.71%, 0, 0, 2, 2417.84
1570816324, 0, 0, 609, 609, 1, 4.73%, 0, 0, 2, 2576.71
1570816329, 0, 1, 619, 618, 201, 4.73%, 0, 0, 2, 2600.61
1570816334, 0, 1, 629, 628, 201, 4.77%, 0, 0, 3, 2762.86
1570816339, 0, 1, 632, 631, 201, 4.82%, 0, 0, 3, 2801.57
1570816344, 0, 2, 633, 631, 209, 4.82%, 0, 0, 3, 2821.06
1570816349, 0, 4, 633, 629, 207, 4.82%, 0, 0, 3, 2831.34
1570816354, 0, 7, 633, 627, 205, 4.82%, 0, 0, 3, 2840.12
1570816359, 0, 8, 633, 626, 204, 4.82%, 0, 0, 3, 2351.25
1570816411, 0, 8, 634, 627, 204, 4.82%, 0, 0, 3, 2042.53
1570816738, 0, 9, 634, 626, 203, 4.82%, 0, 0, 3, 2234.89
1570816763, 0, 9, 641, 633, 203, 4.87%, 0, 0, 3, 2057.71
1570816768, 0, 9, 643, 635, 203, 4.88%, 0, 0, 3, 2042.90
1570816825, 0, 9, 644, 636, 203, 4.88%, 0, 0, 3, 2041.97
1570816881, 0, 9, 645, 637, 203, 4.88%, 0, 0, 3, 2111.67
1570817116, 0, 9, 646, 638, 203, 4.88%, 0, 0, 3, 2202.74
1570817121, 0, 9, 659, 651, 203, 4.89%, 0, 0, 3, 2521.81
1570817126, 0, 9, 669, 661, 203, 4.89%, 0, 0, 3, 2589.02
1570817131, 0, 11, 676, 667, 208, 4.89%, 0, 0, 3, 2327.47
1570817156, 0, 11, 696, 687, 208, 4.89%, 0, 0, 3, 2075.02
1570817161, 0, 11, 701, 692, 208, 4.89%, 0, 0, 3, 2043.44
1570817223, 0, 11, 704, 695, 208, 4.89%, 0, 0, 3, 2120.84
1570817437, 0, 11, 705, 696, 208, 4.89%, 0, 0, 3, 2025.32
1570817462, 0, 11, 707, 698, 208, 4.89%, 0, 0, 3, 2104.44
1570817499, 0, 11, 708, 699, 208, 4.89%, 0, 0, 3, 2042.76
1570817514, 0, 12, 709, 699, 210, 4.89%, 0, 0, 3, 2342.84
1570817519, 0, 12, 710, 700, 210, 4.90%, 0, 0, 3, 2086.24
1570817539, 0, 12, 711, 701, 210, 4.90%, 0, 0, 3, 2048.19
1570817544, 0, 12, 712, 702, 210, 4.90%, 0, 0, 3, 2065.51
1570817611, 0, 12, 714, 704, 210, 4.90%, 0, 0, 3, 2041.79
1570817896, 0, 12, 715, 705, 210, 4.90%, 0, 0, 3, 2217.71
1570817901, 0, 13, 716, 705, 210, 4.90%, 0, 0, 3, 2101.77
1570817922, 0, 13, 719, 708, 210, 4.90%, 0, 0, 3, 2018.69
1570817927, 0, 13, 721, 710, 210, 4.90%, 0, 0, 3, 2044.58
1570817994, 0, 13, 722, 711, 210, 4.90%, 0, 0, 3, 2064.20
1570818204, 0, 13, 723, 712, 210, 4.90%, 0, 0, 3, 2105.42
1570818286, 0, 13, 727, 716, 210, 4.90%, 0, 0, 3, 2360.95
1570818291, 0, 13, 730, 719, 210, 4.91%, 0, 0, 3, 2551.18
1570818296, 0, 13, 733, 722, 210, 4.91%, 0, 0, 3, 2601.26
1570818301, 0, 17, 737, 725, 215, 4.95%, 0, 0, 3, 2193.38
1570818316, 0, 17, 739, 727, 215, 4.95%, 0, 0, 3, 2006.16
1570818321, 0, 17, 742, 730, 215, 4.95%, 0, 0, 3, 2007.09
1570818326, 0, 17, 746, 734, 215, 4.95%, 0, 0, 3, 2052.20
1570818357, 0, 17, 747, 735, 215, 4.96%, 0, 0, 3, 2054.42
1570818393, 0, 17, 748, 736, 215, 4.96%, 0, 0, 3, 2054.22
1570818582, 0, 17, 754, 742, 215, 4.97%, 0, 0, 3, 2026.64
1570818679, 0, 23, 755, 742, 227, 4.97%, 0, 0, 3, 2401.21
1570818689, 0, 23, 756, 743, 227, 4.97%, 0, 0, 3, 2498.20
1570818715, 0, 23, 758, 745, 227, 4.98%, 0, 0, 3, 2532.04
1570818812, 0, 30, 761, 747, 228, 4.98%, 0, 0, 3, 2650.23
1570818883, 0, 30, 762, 748, 228, 4.98%, 0, 0, 3, 2628.57
1570818904, 0, 31, 762, 747, 227, 4.98%, 0, 0, 3, 2540.47
1570818930, 0, 31, 763, 748, 227, 4.98%, 0, 0, 3, 2469.36
1570819042, 0, 34, 763, 747, 226, 4.98%, 0, 0, 3, 2356.25
1570819062, 0, 34, 769, 753, 226, 4.98%, 0, 0, 3, 1988.33
1570819067, 0, 34, 772, 756, 226, 4.98%, 0, 0, 3, 2030.82
1570819073, 0, 34, 781, 765, 226, 4.98%, 0, 0, 3, 2022.58
1570819098, 0, 34, 785, 769, 226, 4.98%, 0, 0, 3, 2059.20
1570819103, 0, 34, 786, 770, 226, 4.98%, 0, 0, 3, 2032.01
1570819129, 0, 34, 788, 772, 226, 4.98%, 0, 0, 3, 2026.11
1570819134, 0, 34, 790, 774, 226, 4.98%, 0, 0, 3, 2046.49
1570819175, 0, 34, 792, 776, 226, 4.98%, 0, 0, 3, 2002.42
1570819185, 0, 34, 793, 777, 226, 4.98%, 0, 0, 3, 2121.24
1570819195, 0, 34, 794, 778, 226, 4.98%, 0, 0, 3, 2095.24
1570819205, 0, 34, 796, 780, 226, 4.99%, 0, 0, 3, 2164.25
1570819393, 0, 34, 797, 781, 226, 4.99%, 0, 0, 3, 1977.22
1570819399, 0, 34, 801, 785, 226, 4.99%, 0, 0, 3, 1998.36
1570819404, 0, 34, 805, 789, 226, 4.99%, 0, 0, 3, 2122.03
1570819419, 0, 43, 805, 788, 232, 4.99%, 0, 0, 3, 2212.70
1570819450, 0, 43, 806, 789, 232, 4.99%, 0, 0, 3, 2038.43
1570819792, 0, 43, 807, 790, 232, 4.99%, 0, 0, 3, 2020.63
1570819812, 0, 54, 808, 790, 232, 5.00%, 0, 0, 3, 2153.59
1570820201, 0, 61, 808, 789, 231, 5.00%, 0, 0, 3, 2166.88
1570820369, 0, 61, 809, 790, 231, 5.00%, 0, 0, 3, 2062.31
1570820599, 0, 64, 809, 789, 230, 5.00%, 0, 0, 3, 2224.13
1570820764, 0, 64, 810, 790, 230, 5.00%, 0, 0, 3, 2115.29
1570820992, 0, 65, 810, 789, 229, 5.00%, 0, 0, 3, 2133.94
1570821381, 0, 68, 810, 788, 228, 5.00%, 0, 0, 3, 2223.63
1570821401, 0, 68, 811, 789, 228, 5.00%, 0, 0, 3, 2004.35
1570821411, 0, 68, 812, 790, 228, 5.00%, 0, 0, 3, 2032.86
1570821774, 0, 74, 813, 790, 227, 5.00%, 0, 0, 3, 2343.86
1570821794, 0, 74, 814, 791, 227, 5.00%, 0, 0, 3, 2003.42
1570822080, 0, 74, 815, 792, 227, 5.00%, 0, 0, 3, 2107.50
1570822167, 0, 88, 815, 791, 226, 5.00%, 0, 0, 3, 2105.14
1570822556, 0, 91, 815, 790, 225, 5.00%, 0, 0, 3, 2285.33
1570822587, 0, 91, 816, 791, 225, 5.00%, 0, 0, 3, 2048.04
1570822725, 0, 91, 817, 792, 225, 5.00%, 0, 0, 3, 2141.28
1570822949, 0, 96, 819, 793, 224, 5.00%, 0, 0, 3, 2344.12
1570822970, 0, 96, 820, 794, 224, 5.00%, 0, 0, 3, 2004.03
1570823117, 0, 96, 821, 795, 224, 5.00%, 0, 0, 3, 2159.45
1570823342, 0, 97, 821, 794, 223, 5.00%, 0, 0, 3, 2197.28
1570823734, 0, 103, 821, 793, 222, 5.00%, 0, 0, 3, 2138.63
1570824122, 0, 106, 821, 792, 221, 5.00%, 0, 0, 3, 2224.22
1570824148, 0, 106, 823, 794, 221, 5.00%, 0, 0, 3, 1969.89
1570824178, 0, 106, 825, 796, 221, 5.00%, 0, 0, 3, 2021.03
1570824183, 0, 106, 826, 797, 221, 5.00%, 0, 0, 3, 2025.47
1570824204, 0, 106, 827, 798, 221, 5.00%, 0, 0, 3, 1978.28
1570824209, 0, 106, 830, 801, 221, 5.01%, 0, 0, 3, 2046.64
1570824255, 0, 106, 831, 802, 221, 5.01%, 0, 0, 3, 1963.23
1570824260, 0, 106, 840, 811, 221, 5.06%, 0, 0, 3, 1977.60
1570824296, 0, 106, 841, 812, 221, 5.06%, 0, 0, 3, 2046.17
1570824496, 0, 106, 843, 814, 221, 5.06%, 0, 0, 3, 1980.62
1570824501, 0, 106, 847, 818, 221, 5.10%, 0, 0, 3, 1985.19
1570824522, 0, 106, 852, 823, 221, 5.10%, 0, 0, 3, 2440.70
1570824527, 0, 106, 853, 824, 221, 5.10%, 0, 0, 3, 2570.91
1570824532, 0, 109, 856, 826, 239, 5.10%, 0, 0, 3, 2598.42
1570824924, 0, 112, 857, 826, 238, 5.10%, 0, 0, 3, 2323.26
1570824950, 0, 112, 858, 827, 238, 5.10%, 0, 0, 3, 2022.43
1570825057, 0, 112, 861, 830, 238, 5.11%, 0, 0, 3, 2005.36
1570825062, 0, 112, 862, 831, 238, 5.11%, 0, 0, 3, 2007.05
1570825292, 0, 112, 864, 833, 238, 5.11%, 0, 0, 3, 1998.98
1570825318, 0, 115, 864, 832, 241, 5.11%, 0, 0, 3, 2201.90
1570825338, 0, 115, 865, 833, 241, 5.11%, 0, 0, 3, 2003.22
1570825369, 0, 115, 866, 834, 241, 5.12%, 0, 0, 3, 2010.81
1570825446, 0, 115, 867, 835, 241, 5.12%, 0, 0, 3, 2004.30
1570825707, 0, 116, 867, 834, 242, 5.12%, 0, 0, 3, 2301.68
1570825728, 0, 116, 868, 835, 242, 5.12%, 0, 0, 3, 1966.08
1570825733, 0, 116, 875, 842, 242, 5.12%, 0, 0, 3, 1996.10
1570825763, 0, 116, 876, 843, 242, 5.13%, 0, 0, 3, 2042.17
1570825825, 0, 116, 877, 844, 242, 5.13%, 0, 0, 3, 1976.61
1570825840, 0, 116, 886, 853, 242, 5.13%, 0, 0, 3, 1966.89
1570825876, 0, 116, 889, 856, 242, 5.13%, 0, 0, 3, 2059.32
1570825998, 0, 116, 892, 859, 242, 5.14%, 0, 0, 3, 2056.03
1570826080, 0, 116, 894, 861, 242, 5.15%, 0, 0, 3, 1975.51
1570826106, 0, 117, 894, 860, 245, 5.15%, 0, 0, 3, 2190.68
1570826126, 0, 117, 895, 861, 245, 5.15%, 0, 0, 3, 1996.65
1570826187, 0, 117, 896, 862, 245, 5.15%, 0, 0, 3, 2042.69
1570826274, 0, 117, 897, 863, 245, 5.15%, 0, 0, 3, 2090.42
1570826499, 0, 118, 897, 862, 244, 5.15%, 0, 0, 3, 2114.29
1570826519, 0, 118, 898, 863, 244, 5.15%, 0, 0, 3, 1965.20
1570826550, 0, 118, 899, 864, 244, 5.15%, 0, 0, 3, 1970.66
1570826632, 0, 118, 900, 865, 244, 5.15%, 0, 0, 3, 1984.56
1570826893, 0, 120, 901, 865, 243, 5.15%, 0, 0, 3, 2290.37
1570826913, 0, 120, 902, 866, 243, 5.15%, 0, 0, 3, 1986.45
1570826918, 0, 120, 905, 869, 243, 5.16%, 0, 0, 3, 2010.41
1570826949, 0, 120, 911, 875, 243, 5.20%, 0, 0, 3, 2016.84
1570826975, 0, 120, 913, 877, 243, 5.21%, 0, 0, 3, 1978.50
1570827026, 0, 120, 925, 889, 243, 5.26%, 0, 0, 3, 1982.14
1570827266, 0, 120, 928, 892, 243, 5.27%, 0, 0, 3, 1990.94
1570827292, 0, 121, 928, 891, 262, 5.27%, 0, 0, 3, 2063.79
1570827312, 0, 121, 930, 893, 262, 5.27%, 0, 0, 3, 1960.65
1570827323, 0, 121, 931, 894, 262, 5.27%, 0, 0, 3, 1989.57
1570827374, 0, 121, 932, 895, 262, 5.27%, 0, 0, 3, 2029.04
1570827425, 0, 121, 938, 901, 262, 5.28%, 0, 0, 3, 1966.97
1570827461, 0, 121, 939, 902, 262, 5.28%, 0, 0, 3, 2100.07
1570827661, 0, 121, 940, 903, 262, 5.29%, 0, 0, 3, 1974.16
1570827666, 0, 121, 941, 904, 262, 5.29%, 0, 0, 3, 1972.98
1570827686, 0, 122, 941, 903, 264, 5.29%, 0, 0, 3, 2263.68
1570827711, 0, 122, 942, 904, 264, 5.29%, 0, 0, 3, 2044.06
1570828080, 0, 123, 942, 903, 263, 5.29%, 0, 0, 3, 2105.44
1570828095, 0, 123, 943, 904, 263, 5.29%, 0, 0, 3, 1974.99
1570828100, 0, 123, 946, 907, 263, 5.30%, 0, 0, 3, 1977.23
1570828131, 0, 123, 949, 910, 263, 5.30%, 1, 0, 3, 2002.13
1570828213, 0, 123, 959, 920, 263, 5.38%, 1, 0, 3, 1962.58
1570828366, 0, 123, 960, 921, 263, 5.38%, 1, 0, 3, 2094.59
1570828453, 0, 123, 962, 923, 263, 5.38%, 1, 0, 3, 1982.37
1570828473, 0, 123, 964, 925, 263, 5.38%, 1, 0, 3, 2281.91
1570828478, 0, 124, 964, 924, 273, 5.38%, 1, 0, 3, 2133.49
1570828499, 0, 124, 966, 926, 273, 5.39%, 1, 0, 3, 1990.81
1570828606, 0, 124, 969, 929, 273, 5.49%, 1, 0, 3, 2009.33
1570828866, 0, 126, 969, 928, 274, 5.49%, 1, 0, 3, 2277.45
1570828887, 0, 126, 970, 929, 274, 5.49%, 1, 0, 3, 1975.59
1570828892, 0, 126, 976, 935, 274, 5.49%, 1, 0, 3, 1983.62
1570828923, 0, 126, 980, 939, 274, 5.49%, 1, 0, 3, 2027.17
1570828948, 0, 126, 981, 940, 274, 5.49%, 1, 0, 3, 1964.74
1570829005, 0, 126, 1007, 966, 274, 5.49%, 1, 0, 3, 1979.14
1570829158, 0, 126, 1008, 967, 274, 5.49%, 1, 0, 3, 2026.64
1570829168, 0, 126, 1010, 969, 274, 5.49%, 1, 0, 3, 1977.45
1570829245, 0, 126, 1018, 977, 274, 5.49%, 1, 0, 3, 1983.53
1570829266, 0, 141, 1018, 976, 273, 5.49%, 1, 0, 3, 2171.45
1570829296, 0, 141, 1019, 977, 273, 5.49%, 1, 0, 3, 2039.47
1570829409, 0, 141, 1020, 978, 273, 5.49%, 1, 0, 3, 2096.84
1570829654, 0, 143, 1020, 977, 273, 5.49%, 1, 0, 3, 2362.17
1570829731, 0, 143, 1021, 978, 273, 5.49%, 1, 0, 3, 2545.72
1570829747, 0, 143, 1022, 979, 273, 5.49%, 1, 0, 3, 2560.00
1570829792, 0, 143, 1023, 980, 273, 5.49%, 1, 0, 3, 2553.08
1570829803, 0, 145, 1023, 979, 273, 5.49%, 1, 0, 3, 2592.59
1570829824, 0, 145, 1024, 980, 273, 5.50%, 1, 0, 3, 2597.40
1570829946, 0, 147, 1024, 979, 273, 5.50%, 1, 0, 3, 2273.99
1570830090, 0, 147, 1025, 980, 273, 5.50%, 1, 0, 3, 2104.46
1570830334, 0, 150, 1025, 979, 272, 5.50%, 1, 0, 3, 2320.04
1570830360, 0, 150, 1026, 980, 272, 5.50%, 1, 0, 3, 2027.73
1570830728, 0, 157, 1026, 979, 272, 5.50%, 1, 0, 3, 2395.01
1570830749, 0, 157, 1037, 990, 272, 5.62%, 1, 0, 3, 2473.21
1570830800, 0, 157, 1038, 991, 272, 5.62%, 1, 0, 3, 2483.61
1570830815, 0, 157, 1039, 992, 272, 5.62%, 1, 0, 3, 2514.10
1570830877, 0, 162, 1039, 991, 284, 5.62%, 1, 0, 3, 2416.98
1570830902, 0, 162, 1042, 994, 284, 5.62%, 1, 0, 3, 2049.02
1570830907, 0, 162, 1044, 996, 284, 5.62%, 1, 0, 3, 2013.40
1570830933, 0, 162, 1045, 997, 284, 5.63%, 1, 0, 3, 2042.26
1570831009, 0, 162, 1046, 998, 284, 5.63%, 1, 0, 3, 2012.03
1570831024, 0, 162, 1047, 999, 284, 5.63%, 1, 0, 3, 2110.31
1570831269, 0, 165, 1048, 999, 285, 5.63%, 1, 0, 3, 2581.15
1570831290, 0, 165, 1049, 1000, 285, 5.63%, 1, 0, 3, 2755.62
1570831336, 0, 165, 1053, 1004, 285, 5.63%, 1, 0, 3, 2692.21
1570831408, 0, 166, 1053, 1003, 285, 5.63%, 1, 0, 3, 2626.83
1570831418, 0, 166, 1054, 1004, 285, 5.63%, 1, 0, 3, 2038.23
1570831433, 0, 166, 1057, 1007, 285, 5.63%, 1, 0, 3, 2043.92
1570831800, 0, 169, 1057, 1006, 285, 5.63%, 1, 0, 3, 2296.91
1570831826, 0, 169, 1059, 1008, 285, 5.63%, 1, 0, 3, 2047.28
1570831945, 0, 169, 1060, 1009, 285, 5.63%, 1, 0, 3, 2104.29
1570832194, 0, 177, 1060, 1008, 286, 5.63%, 1, 0, 3, 2096.75
1570832220, 0, 177, 1062, 1010, 286, 5.63%, 1, 0, 3, 2054.35
1570832582, 0, 179, 1062, 1009, 286, 5.63%, 1, 0, 3, 2477.63
1570832664, 0, 182, 1063, 1009, 286, 5.63%, 1, 0, 3, 2188.58
1570832690, 0, 182, 1065, 1011, 286, 5.63%, 1, 0, 3, 2073.48
1570832807, 0, 182, 1066, 1012, 286, 5.63%, 1, 0, 3, 2119.69
1570832965, 0, 182, 1067, 1013, 286, 5.63%, 1, 0, 3, 2071.61
1570833057, 0, 192, 1067, 1012, 285, 5.63%, 1, 0, 3, 2106.71
1570833082, 0, 192, 1072, 1017, 285, 5.64%, 1, 0, 3, 2074.55
1570833108, 0, 192, 1076, 1021, 285, 5.64%, 1, 0, 3, 2060.53
1570833113, 0, 192, 1078, 1023, 285, 5.64%, 1, 0, 3, 2029.81
1570833149, 0, 192, 1079, 1024, 285, 5.64%, 1, 0, 3, 2062.25
1570833205, 0, 192, 1080, 1025, 285, 5.65%, 1, 0, 3, 2119.63
1570833221, 0, 192, 1082, 1027, 285, 5.65%, 1, 0, 3, 2141.76
1570833399, 0, 192, 1084, 1029, 285, 5.65%, 1, 0, 3, 2168.41
1570833455, 0, 196, 1084, 1028, 291, 5.65%, 1, 0, 3, 2138.81
1570833480, 0, 196, 1086, 1030, 291, 5.65%, 1, 0, 3, 2023.53
1570833598, 0, 196, 1087, 1031, 291, 5.65%, 1, 0, 3, 2108.37
1570833853, 0, 199, 1088, 1031, 291, 5.65%, 1, 0, 3, 2383.04
1570833874, 0, 199, 1089, 1032, 291, 5.65%, 1, 0, 3, 2486.08
1570833899, 0, 199, 1091, 1034, 291, 5.65%, 1, 0, 3, 2503.81
1570833930, 0, 199, 1096, 1039, 291, 5.65%, 1, 0, 3, 2516.71
1570833935, 0, 199, 1097, 1040, 291, 5.65%, 1, 0, 3, 2495.35
1570834007, 0, 199, 1098, 1041, 291, 5.65%, 1, 0, 3, 2502.86
1570834017, 0, 204, 1098, 1040, 290, 5.65%, 1, 0, 3, 2561.62
1570834037, 0, 204, 1100, 1042, 290, 5.66%, 1, 0, 3, 2462.62
1570834099, 0, 204, 1101, 1043, 290, 5.66%, 1, 0, 3, 2502.07
1570834181, 0, 210, 1101, 1042, 291, 5.66%, 1, 0, 3, 2557.53
1570834206, 0, 210, 1102, 1043, 291, 5.66%, 1, 0, 3, 2476.77
1570834227, 0, 210, 1104, 1045, 291, 5.66%, 1, 0, 3, 2482.75
1570834263, 0, 210, 1105, 1046, 291, 5.66%, 1, 0, 3, 2492.57
1570834350, 0, 217, 1105, 1045, 291, 5.66%, 1, 0, 3, 2586.20
1570834753, 0, 221, 1105, 1044, 290, 5.66%, 1, 0, 3, 2129.10
1570834778, 0, 221, 1110, 1049, 290, 5.70%, 1, 0, 3, 2056.82
1570834845, 0, 221, 1111, 1050, 290, 5.78%, 1, 0, 3, 2103.70
1570835151, 0, 223, 1112, 1050, 290, 5.78%, 1, 0, 3, 2261.08
1570835177, 0, 223, 1115, 1053, 290, 5.78%, 1, 0, 3, 2052.86
1570835239, 0, 223, 1116, 1054, 290, 5.78%, 1, 0, 3, 2033.03
1570835305, 0, 223, 1117, 1055, 290, 5.78%, 1, 0, 3, 2123.93
1570835555, 0, 242, 1117, 1054, 290, 5.78%, 1, 0, 3, 2084.37
1570835570, 0, 242, 1118, 1055, 290, 5.78%, 1, 0, 3, 1981.61
1570835953, 0, 246, 1118, 1054, 289, 5.78%, 1, 0, 3, 2132.34
1570836034, 0, 246, 1119, 1055, 289, 5.79%, 1, 0, 3, 2064.54
1570836096, 0, 246, 1120, 1056, 289, 5.79%, 1, 0, 3, 2107.43
1570836101, 0, 246, 1121, 1057, 289, 5.79%, 1, 0, 3, 2110.72
1570836352, 0, 257, 1121, 1056, 289, 5.79%, 1, 0, 3, 2318.38
1570836373, 0, 257, 1122, 1057, 289, 5.79%, 1, 0, 3, 2300.63
1570836378, 0, 257, 1123, 1058, 289, 5.79%, 1, 0, 3, 2281.67
1570836465, 0, 257, 1124, 1059, 289, 5.79%, 1, 0, 3, 2322.99
1570836567, 0, 258, 1124, 1058, 289, 5.79%, 1, 0, 3, 2354.70
1570836654, 0, 258, 1125, 1059, 289, 5.79%, 1, 0, 3, 2303.61
1570836659, 0, 258, 1127, 1061, 289, 5.79%, 1, 0, 3, 2345.88
1570836781, 0, 260, 1127, 1060, 290, 5.79%, 1, 0, 3, 2377.69
1570836995, 0, 267, 1127, 1059, 289, 5.79%, 1, 0, 3, 2308.23
1570837399, 0, 268, 1129, 1060, 289, 5.80%, 1, 0, 3, 2212.38
1570837415, 0, 268, 1130, 1061, 289, 5.80%, 1, 0, 3, 2097.85
1570837420, 0, 268, 1131, 1062, 289, 5.80%, 1, 0, 3, 2101.85
1570837425, 0, 268, 1136, 1067, 289, 5.80%, 1, 0, 3, 2153.35
1570837455, 0, 268, 1138, 1069, 289, 5.80%, 1, 0, 3, 2131.22
1570837552, 0, 268, 1140, 1071, 289, 5.80%, 1, 0, 3, 2192.18
1570837557, 0, 268, 1141, 1072, 289, 5.80%, 1, 0, 3, 2106.82
1570837680, 0, 268, 1142, 1073, 289, 5.80%, 1, 0, 3, 2179.35
1570837756, 0, 268, 1143, 1074, 289, 5.80%, 1, 0, 3, 2209.69
1570837762, 0, 272, 1144, 1074, 288, 5.80%, 1, 0, 3, 2334.54
1570837976, 0, 272, 1145, 1075, 288, 5.80%, 1, 0, 3, 2339.61
1570837981, 0, 273, 1145, 1074, 287, 5.80%, 1, 0, 3, 2324.41
1570838079, 0, 273, 1146, 1075, 287, 5.80%, 1, 0, 3, 2322.13
1570838099, 0, 273, 1147, 1076, 287, 5.80%, 1, 0, 3, 2361.74
1570838233, 0, 280, 1148, 1076, 286, 5.80%, 1, 0, 3, 2204.08
1570838294, 0, 280, 1149, 1077, 286, 5.80%, 1, 0, 3, 1978.96
1570838402, 0, 280, 1150, 1078, 286, 5.80%, 1, 0, 3, 2057.03
1570838412, 0, 280, 1151, 1079, 286, 5.80%, 1, 0, 3, 1966.97
1570838646, 0, 283, 1152, 1079, 286, 5.80%, 1, 0, 3, 2329.93
1570838667, 0, 283, 1155, 1082, 286, 5.80%, 1, 0, 3, 2296.16
1570838672, 0, 283, 1158, 1085, 286, 5.80%, 1, 0, 3, 2327.17
1570838698, 0, 283, 1159, 1086, 286, 5.80%, 1, 0, 3, 2325.26
1570838718, 0, 283, 1160, 1087, 286, 5.80%, 1, 0, 3, 2332.23
1570838729, 0, 283, 1164, 1091, 286, 5.80%, 1, 0, 3, 2331.73
1570838734, 0, 283, 1165, 1092, 286, 5.80%, 1, 0, 3, 2319.20
1570838739, 0, 283, 1167, 1094, 286, 5.80%, 1, 0, 3, 2346.84
1570838759, 0, 283, 1168, 1095, 286, 5.80%, 1, 0, 3, 2365.97
1570838810, 0, 283, 1169, 1096, 286, 5.80%, 1, 0, 3, 2378.01
1570838820, 0, 283, 1170, 1097, 286, 5.81%, 1, 0, 3, 2357.17
1570838861, 0, 285, 1170, 1096, 286, 5.81%, 1, 0, 3, 2487.23
1570839081, 0, 286, 1170, 1095, 285, 5.81%, 1, 0, 3, 2371.68
1570839300, 0, 288, 1170, 1094, 284, 5.81%, 1, 0, 3, 2375.26
1570839331, 0, 288, 1171, 1095, 284, 5.81%, 1, 0, 3, 1929.55
1570839424, 0, 288, 1172, 1096, 284, 5.81%, 1, 0, 3, 1863.41
1570839459, 0, 288, 1173, 1097, 284, 5.81%, 1, 0, 3, 1988.21
1570839658, 0, 291, 1173, 1096, 284, 5.81%, 1, 0, 3, 2265.72
1570839689, 0, 291, 1174, 1097, 284, 5.81%, 1, 0, 3, 2045.24
1570840067, 0, 302, 1174, 1096, 283, 5.81%, 1, 0, 3, 2275.35
1570840098, 0, 302, 1175, 1097, 283, 5.81%, 1, 0, 3, 2062.60
1570840154, 0, 302, 1177, 1099, 283, 5.81%, 1, 0, 3, 2009.19
1570840216, 0, 302, 1178, 1100, 283, 5.81%, 1, 0, 3, 2147.87
1570840415, 0, 312, 1178, 1099, 282, 5.81%, 1, 0, 3, 2562.80
1570840552, 0, 317, 1178, 1098, 281, 5.81%, 1, 0, 3, 2651.47
1570840701, 0, 318, 1178, 1097, 280, 5.81%, 1, 0, 3, 2660.44
1570840840, 0, 319, 1184, 1102, 279, 5.87%, 1, 0, 3, 2728.81
1570840845, 0, 319, 1195, 1113, 279, 5.92%, 1, 0, 3, 2753.20
1570840850, 0, 319, 1196, 1114, 279, 5.92%, 1, 0, 3, 2758.58
1570840855, 0, 329, 1198, 1114, 290, 5.92%, 1, 0, 3, 2795.64
1570841268, 0, 331, 1198, 1113, 289, 5.92%, 1, 0, 3, 2135.29
1570841288, 0, 331, 1199, 1114, 289, 5.94%, 1, 0, 3, 2003.86
1570841319, 0, 331, 1200, 1115, 289, 5.94%, 1, 0, 3, 2034.93
1570841396, 0, 331, 1201, 1116, 289, 5.94%, 1, 0, 3, 1990.69
1570841671, 0, 334, 1201, 1115, 289, 5.94%, 1, 0, 3, 2265.61
1570841697, 0, 334, 1202, 1116, 289, 5.94%, 1, 0, 3, 2028.29
1570841723, 0, 334, 1203, 1117, 289, 5.94%, 1, 0, 3, 1999.84
1570841753, 0, 334, 1204, 1118, 289, 5.94%, 1, 0, 3, 2001.84
1570841804, 0, 334, 1205, 1119, 289, 5.94%, 1, 0, 3, 1992.98
1570842085, 0, 335, 1205, 1118, 288, 5.94%, 1, 0, 3, 2102.47
1570842105, 0, 335, 1206, 1119, 288, 5.94%, 1, 0, 3, 2005.49
1570842494, 0, 336, 1206, 1118, 287, 5.94%, 1, 0, 3, 2144.48
1570842514, 0, 336, 1208, 1120, 287, 5.94%, 1, 0, 3, 1989.77
1570842622, 0, 336, 1211, 1123, 287, 5.95%, 1, 0, 3, 1994.45
1570842903, 0, 337, 1211, 1122, 289, 5.95%, 1, 0, 3, 2241.65
1570842928, 0, 337, 1214, 1125, 289, 5.96%, 1, 0, 3, 2013.23
1570842954, 0, 337, 1215, 1126, 289, 5.96%, 1, 0, 3, 1991.05
1570843190, 0, 337, 1216, 1127, 289, 5.99%, 1, 0, 3, 2065.82
1570843200, 0, 337, 1217, 1128, 289, 5.99%, 1, 0, 3, 1988.58
1570843282, 0, 337, 1220, 1131, 289, 6.01%, 1, 0, 3, 1985.88
1570843288, 0, 337, 1221, 1132, 289, 6.01%, 1, 0, 3, 1995.35
1570843318, 0, 340, 1221, 1131, 295, 6.01%, 1, 0, 3, 2143.29
1570843339, 0, 340, 1223, 1133, 295, 6.02%, 1, 0, 3, 1966.55
1570843370, 0, 340, 1224, 1134, 295, 6.02%, 1, 0, 3, 1984.12
1570843410, 0, 340, 1225, 1135, 295, 6.02%, 1, 0, 3, 2053.17
1570843452, 0, 340, 1230, 1140, 295, 6.03%, 1, 0, 3, 1979.33
1570843733, 0, 350, 1230, 1139, 300, 6.03%, 1, 0, 3, 2158.89
1570844136, 0, 353, 1230, 1138, 299, 6.03%, 1, 0, 3, 1970.06
1570844172, 0, 353, 1232, 1140, 299, 6.03%, 1, 0, 3, 1679.56
1570844208, 0, 353, 1233, 1141, 299, 6.03%, 1, 0, 3, 1683.22
1570844331, 0, 353, 1234, 1142, 299, 6.03%, 1, 0, 3, 1815.97
1570844606, 0, 356, 1234, 1141, 299, 6.03%, 1, 0, 3, 2053.08
1570844621, 0, 356, 1236, 1143, 299, 6.03%, 1, 0, 3, 1987.67
1570844626, 0, 356, 1237, 1144, 299, 6.03%, 1, 0, 3, 1984.16
1570844652, 0, 356, 1238, 1145, 299, 6.03%, 1, 0, 3, 2017.74
1570844657, 0, 356, 1239, 1146, 299, 6.03%, 1, 0, 3, 2074.79
1570844892, 0, 356, 1240, 1147, 299, 6.03%, 1, 0, 3, 2000.81
1570844974, 0, 356, 1242, 1149, 299, 6.03%, 1, 0, 3, 1995.53
1570845005, 0, 359, 1242, 1148, 299, 6.03%, 1, 0, 3, 2252.61
1570845389, 0, 370, 1242, 1146, 298, 6.03%, 1, 0, 3, 2554.47
1570845414, 0, 370, 1243, 1147, 298, 6.04%, 1, 0, 3, 2030.62
1570845440, 0, 370, 1245, 1149, 298, 6.09%, 1, 0, 3, 2012.00
1570845471, 0, 370, 1246, 1150, 298, 6.09%, 1, 0, 3, 1999.02
1570845507, 0, 370, 1247, 1151, 298, 6.09%, 1, 0, 3, 1983.27
1570845522, 0, 370, 1251, 1155, 298, 6.14%, 1, 0, 3, 1999.07
1570845685, 0, 370, 1252, 1156, 298, 6.15%, 1, 0, 3, 1987.32
1570845767, 0, 370, 1259, 1163, 298, 6.16%, 1, 0, 3, 1990.66
1570845808, 0, 374, 1259, 1162, 308, 6.16%, 1, 0, 3, 2113.40
1570846221, 0, 380, 1259, 1161, 307, 6.16%, 1, 0, 3, 2230.08
1570846252, 0, 380, 1260, 1162, 307, 6.16%, 1, 0, 3, 2087.45
1570846497, 0, 380, 1261, 1163, 307, 6.16%, 1, 0, 3, 2067.39
1570846512, 0, 380, 1262, 1164, 307, 6.16%, 1, 0, 3, 2090.52
1570846604, 0, 385, 1262, 1163, 307, 6.16%, 1, 0, 3, 2121.93
1570846768, 0, 385, 1263, 1164, 307, 6.16%, 1, 0, 3, 2108.06
1570847003, 0, 393, 1263, 1163, 306, 6.16%, 1, 0, 3, 2293.86
1570847095, 0, 393, 1264, 1164, 306, 6.16%, 1, 0, 3, 2305.30
1570847234, 0, 395, 1264, 1163, 305, 6.16%, 1, 0, 3, 2318.82
1570847254, 0, 395, 1265, 1164, 305, 6.16%, 1, 0, 3, 2290.58
1570847311, 0, 395, 1266, 1165, 305, 6.16%, 1, 0, 3, 2282.88
1570847321, 0, 395, 1267, 1166, 305, 6.16%, 1, 0, 3, 2305.97
1570847337, 0, 395, 1268, 1167, 305, 6.16%, 1, 0, 3, 2296.10
1570847342, 0, 395, 1269, 1168, 305, 6.16%, 1, 0, 3, 2358.29
1570847449, 0, 397, 1269, 1167, 307, 6.16%, 1, 0, 3, 2329.59
1570847675, 0, 406, 1269, 1165, 305, 6.16%, 1, 0, 3, 2670.11
1570847981, 0, 406, 1270, 1166, 305, 6.17%, 1, 0, 3, 2101.64
1570848093, 0, 415, 1270, 1165, 305, 6.17%, 1, 0, 3, 2373.60
1570848114, 0, 415, 1271, 1166, 305, 6.17%, 1, 0, 3, 2457.38
1570848237, 0, 436, 1271, 1165, 305, 6.17%, 1, 0, 3, 2561.40
1570848262, 0, 436, 1272, 1166, 305, 6.17%, 1, 0, 3, 2023.14
1570848293, 0, 436, 1273, 1167, 305, 6.18%, 1, 0, 3, 2057.85
1570848319, 0, 436, 1275, 1169, 305, 6.18%, 1, 0, 3, 1977.19
1570848355, 0, 436, 1276, 1170, 305, 6.18%, 1, 0, 3, 1991.06
1570848370, 0, 436, 1286, 1180, 305, 6.27%, 1, 0, 3, 2010.21
1570848619, 0, 436, 1287, 1181, 305, 6.27%, 1, 0, 3, 2003.15
1570848655, 0, 440, 1287, 1180, 315, 6.27%, 1, 0, 3, 2173.57
1570848675, 0, 440, 1293, 1186, 315, 6.28%, 1, 0, 3, 1958.73
1570848706, 0, 440, 1295, 1188, 315, 6.29%, 1, 0, 3, 1964.60
1570848773, 0, 440, 1296, 1189, 315, 6.29%, 1, 0, 3, 1961.76
1570848788, 0, 440, 1297, 1190, 315, 6.29%, 1, 0, 3, 1966.96
1570849075, 0, 443, 1297, 1189, 316, 6.29%, 1, 0, 3, 2146.35
1570849096, 0, 443, 1300, 1192, 316, 6.31%, 1, 0, 3, 2007.55
1570849157, 0, 443, 1301, 1193, 316, 6.32%, 1, 0, 3, 2068.75
1570849203, 0, 443, 1311, 1203, 316, 6.36%, 1, 0, 3, 2004.83
1570849488, 0, 444, 1311, 1202, 322, 6.36%, 1, 0, 3, 2288.12
1570849508, 0, 444, 1312, 1203, 322, 6.36%, 1, 0, 3, 1990.63
1570849621, 0, 444, 1313, 1204, 322, 6.36%, 1, 0, 3, 1998.94
1570849907, 0, 445, 1313, 1203, 323, 6.36%, 1, 0, 3, 2092.37
1570849927, 0, 445, 1315, 1205, 323, 6.36%, 1, 0, 3, 1994.13
1570850034, 0, 445, 1319, 1209, 323, 6.40%, 1, 0, 3, 2005.19
1570850039, 0, 445, 1320, 1210, 323, 6.40%, 1, 0, 3, 2008.26
1570850284, 0, 445, 1324, 1214, 323, 6.46%, 1, 0, 3, 2004.03
1570850320, 0, 446, 1324, 1213, 327, 6.46%, 1, 0, 3, 2212.03
1570850340, 0, 446, 1325, 1214, 327, 6.46%, 1, 0, 3, 2003.81
1570850345, 0, 446, 1327, 1216, 327, 6.47%, 1, 0, 3, 2056.07
1570850371, 0, 446, 1328, 1217, 327, 6.47%, 1, 0, 3, 2018.25
1570850402, 0, 446, 1330, 1219, 327, 6.48%, 1, 0, 3, 2057.63
1570850453, 0, 446, 1340, 1229, 327, 6.53%, 1, 0, 3, 2006.18
1570850697, 0, 446, 1341, 1230, 327, 6.53%, 1, 0, 3, 2003.09
1570850733, 0, 449, 1341, 1229, 335, 6.53%, 1, 0, 3, 2320.70
1570850784, 0, 449, 1342, 1230, 335, 6.53%, 1, 0, 3, 1995.06
1570850866, 0, 449, 1343, 1231, 335, 6.53%, 1, 0, 3, 1995.88
1570851152, 0, 450, 1343, 1230, 335, 6.53%, 1, 0, 3, 2085.93
1570851172, 0, 450, 1349, 1236, 335, 6.54%, 1, 0, 3, 1952.36
1570851203, 0, 450, 1351, 1238, 335, 6.56%, 1, 0, 3, 1986.66
1570851270, 0, 450, 1352, 1239, 335, 6.56%, 1, 0, 3, 1959.77
1570851285, 0, 450, 1365, 1252, 335, 6.64%, 1, 0, 3, 1947.99
1570851453, 0, 450, 1367, 1254, 335, 6.64%, 1, 0, 3, 1963.31
1570851541, 0, 450, 1376, 1263, 335, 6.68%, 1, 0, 3, 1961.70
1570851571, 0, 451, 1376, 1262, 342, 6.68%, 1, 0, 3, 2307.35
1570851653, 0, 451, 1377, 1263, 342, 6.68%, 1, 0, 3, 2003.66
1570851704, 0, 451, 1378, 1264, 342, 6.69%, 1, 0, 3, 1985.11
1570851991, 0, 454, 1378, 1263, 342, 6.69%, 1, 0, 3, 2091.85
1570852006, 0, 454, 1379, 1264, 342, 6.69%, 1, 0, 3, 1986.11
1570852119, 0, 454, 1380, 1265, 342, 6.69%, 1, 0, 3, 2009.82
1570852124, 0, 454, 1381, 1266, 342, 6.71%, 1, 0, 3, 1977.14
1570852369, 0, 454, 1382, 1267, 342, 6.71%, 1, 0, 3, 2006.54
1570852405, 0, 455, 1383, 1267, 342, 6.71%, 1, 0, 3, 2183.46
1570852425, 0, 455, 1384, 1268, 342, 6.71%, 1, 0, 3, 1957.20
1570852430, 0, 455, 1386, 1270, 342, 6.71%, 1, 0, 3, 2020.42
1570852456, 0, 455, 1387, 1271, 342, 6.71%, 1, 0, 3, 1976.19
1570852486, 0, 455, 1388, 1272, 342, 6.71%, 1, 0, 3, 2024.32
1570852538, 0, 455, 1394, 1278, 342, 6.71%, 1, 0, 3, 2001.50
1570852787, 0, 455, 1396, 1280, 342, 6.71%, 1, 0, 3, 1970.61
1570852823, 0, 458, 1396, 1279, 342, 6.71%, 1, 0, 3, 2139.64
1570852843, 0, 458, 1400, 1283, 342, 6.72%, 1, 0, 3, 1971.36
1570852874, 0, 458, 1401, 1284, 342, 6.73%, 1, 0, 3, 1977.98
1570852956, 0, 458, 1404, 1287, 342, 6.73%, 1, 0, 3, 1980.19
1570853109, 0, 458, 1405, 1288, 342, 6.74%, 1, 0, 3, 2073.70
1570853212, 0, 458, 1407, 1290, 342, 6.74%, 1, 0, 3, 1962.82
1570853243, 0, 467, 1407, 1289, 346, 6.74%, 1, 0, 3, 2203.50
1570853273, 0, 467, 1408, 1290, 346, 6.74%, 1, 0, 3, 2015.10
1570853335, 0, 467, 1408, 1290, 346, 6.74%, 2, 0, 3, 2045.43
1570853386, 0, 467, 1410, 1292, 346, 6.75%, 2, 0, 3, 2092.03
1570853396, 0, 467, 1411, 1293, 346, 6.75%, 2, 0, 3, 2109.20
1570853406, 0, 467, 1412, 1294, 346, 6.75%, 2, 0, 3, 2094.29
1570853411, 0, 467, 1413, 1295, 346, 6.75%, 2, 0, 3, 2117.28
1570853447, 0, 467, 1414, 1296, 346, 6.76%, 2, 0, 3, 2027.24
1570853549, 0, 467, 1415, 1297, 346, 6.76%, 2, 0, 3, 2073.51
1570853636, 0, 467, 1416, 1298, 346, 6.76%, 2, 0, 3, 2143.46
1570853656, 0, 473, 1418, 1299, 349, 6.76%, 2, 0, 3, 2227.07
1570853682, 0, 473, 1419, 1300, 349, 6.76%, 2, 0, 3, 2037.40
1570853748, 0, 473, 1419, 1300, 349, 6.76%, 3, 0, 3, 2002.39
1570853810, 0, 473, 1420, 1301, 349, 6.76%, 3, 0, 3, 2103.93
1570854075, 0, 474, 1420, 1300, 349, 6.76%, 3, 0, 3, 2099.98
1570854100, 0, 474, 1421, 1301, 349, 6.76%, 3, 0, 3, 2050.30
1570854218, 0, 474, 1422, 1302, 349, 6.76%, 3, 0, 3, 2107.14
1570854228, 0, 474, 1423, 1303, 349, 6.76%, 3, 0, 3, 2071.64
1570854376, 0, 474, 1423, 1303, 349, 6.76%, 4, 0, 3, 2083.48
1570854488, 0, 475, 1423, 1302, 349, 6.76%, 4, 0, 3, 2187.79
1570854519, 0, 475, 1424, 1303, 349, 6.76%, 4, 0, 3, 2027.63
1570854632, 0, 475, 1425, 1304, 349, 6.77%, 4, 0, 3, 2116.51
1570854647, 0, 475, 1426, 1305, 349, 6.77%, 4, 0, 3, 2109.27
1570854790, 0, 475, 1426, 1305, 349, 6.77%, 5, 0, 3, 2058.96
1570854903, 0, 476, 1426, 1304, 350, 6.77%, 5, 0, 3, 2205.36
1570854934, 0, 476, 1427, 1305, 350, 6.77%, 5, 0, 3, 2025.75
1570854995, 0, 476, 1427, 1305, 350, 6.77%, 6, 0, 3, 2110.76
1570855047, 0, 476, 1428, 1306, 350, 6.77%, 6, 0, 3, 2107.06
1570855062, 0, 476, 1429, 1307, 350, 6.77%, 6, 0, 3, 2083.97
1570855322, 0, 477, 1429, 1306, 351, 6.77%, 6, 0, 3, 2107.43
1570855347, 0, 477, 1430, 1307, 351, 6.77%, 6, 0, 3, 2044.82
1570855413, 0, 477, 1430, 1307, 351, 6.77%, 7, 0, 3, 2106.75
1570855464, 0, 477, 1431, 1308, 351, 6.77%, 7, 0, 3, 2091.24
1570855485, 0, 477, 1432, 1309, 351, 6.77%, 7, 0, 3, 2103.62
1570855740, 0, 478, 1432, 1308, 352, 6.77%, 7, 0, 3, 2100.59
1570855766, 0, 478, 1433, 1309, 352, 6.77%, 7, 0, 3, 2059.63
1570855827, 0, 478, 1433, 1309, 352, 6.77%, 8, 0, 3, 2027.68
1570855884, 0, 478, 1434, 1310, 352, 6.77%, 8, 0, 3, 2110.07
1570855899, 0, 478, 1435, 1311, 352, 6.77%, 8, 0, 3, 2092.86
1570856155, 0, 479, 1435, 1310, 353, 6.77%, 8, 0, 3, 2280.05
1570856180, 0, 479, 1437, 1312, 353, 6.77%, 8, 0, 3, 2247.89
1570856232, 0, 479, 1438, 1313, 353, 6.77%, 8, 0, 3, 2241.90
1570856380, 0, 496, 1438, 1312, 353, 6.77%, 8, 0, 3, 2394.82
1570856555, 0, 496, 1439, 1313, 353, 6.77%, 8, 0, 3, 2312.98
1570856611, 0, 501, 1439, 1312, 352, 6.77%, 8, 0, 3, 2126.57
1570856642, 0, 501, 1441, 1314, 352, 6.77%, 8, 0, 3, 1882.17
1570856678, 0, 501, 1442, 1315, 352, 6.78%, 8, 0, 3, 1824.44
1570856713, 0, 501, 1442, 1315, 352, 6.78%, 9, 0, 3, 1947.06
1570856749, 0, 501, 1443, 1316, 352, 6.78%, 9, 0, 3, 1924.25
1570856769, 0, 501, 1444, 1317, 352, 6.78%, 9, 0, 3, 1989.91
1570856977, 0, 520, 1444, 1316, 355, 6.78%, 9, 0, 3, 2186.93
1570857396, 0, 525, 1444, 1315, 354, 6.78%, 9, 0, 3, 2282.03
1570857631, 0, 528, 1444, 1314, 353, 6.78%, 9, 0, 3, 2391.26
1570857682, 0, 528, 1445, 1315, 353, 6.78%, 9, 0, 3, 1996.42
1570857728, 0, 528, 1446, 1316, 353, 6.78%, 9, 0, 3, 2078.52
1570857830, 0, 528, 1447, 1317, 353, 6.78%, 9, 0, 3, 1999.60
1570858049, 0, 530, 1447, 1316, 352, 6.78%, 9, 0, 3, 2348.30
1570858208, 0, 540, 1447, 1315, 351, 6.78%, 9, 0, 3, 2195.27
1570858233, 0, 540, 1448, 1316, 351, 6.78%, 9, 0, 3, 2010.46
1570858300, 0, 540, 1449, 1317, 351, 6.78%, 9, 0, 3, 2015.32
1570858514, 0, 540, 1450, 1318, 351, 6.78%, 9, 0, 3, 2033.48
1570858606, 0, 540, 1451, 1319, 351, 6.78%, 9, 0, 3, 2059.49
1570858631, 0, 544, 1451, 1318, 350, 6.78%, 9, 0, 3, 2270.99
1570858657, 0, 544, 1453, 1320, 350, 6.78%, 9, 0, 3, 2308.91
1570858682, 0, 544, 1454, 1321, 350, 6.78%, 9, 0, 3, 2298.44
1570858856, 0, 553, 1456, 1321, 350, 6.79%, 9, 0, 3, 2658.22
1570858923, 0, 565, 1456, 1320, 349, 6.79%, 9, 0, 3, 2455.19
1570859148, 0, 583, 1456, 1319, 348, 6.79%, 9, 0, 3, 2542.02
1570859153, 0, 590, 1457, 1319, 347, 6.79%, 9, 0, 3, 2702.92
1570859158, 0, 592, 1458, 1319, 346, 6.79%, 9, 0, 3, 2721.52
1570859250, 0, 600, 1458, 1318, 345, 6.79%, 9, 0, 3, 2397.19
1570859270, 0, 600, 1459, 1319, 345, 6.79%, 9, 0, 3, 2306.19
1570859275, 0, 600, 1460, 1320, 345, 6.79%, 9, 0, 3, 2295.02
1570859327, 0, 600, 1461, 1321, 345, 6.79%, 9, 0, 3, 2342.70
1570859332, 0, 600, 1462, 1322, 345, 6.79%, 9, 0, 3, 2316.66
1570859459, 0, 601, 1462, 1321, 344, 6.79%, 9, 0, 3, 2346.70
1570859480, 0, 601, 1463, 1322, 344, 6.79%, 9, 0, 3, 2306.97
1570859669, 0, 604, 1463, 1321, 344, 6.79%, 9, 0, 3, 2523.69
1570859747, 0, 615, 1463, 1320, 343, 6.79%, 9, 0, 3, 2619.53
1570859757, 0, 615, 1465, 1322, 343, 6.79%, 9, 0, 3, 2486.56
1570859783, 0, 615, 1466, 1323, 343, 6.79%, 9, 0, 3, 2510.62
1570859886, 0, 617, 1466, 1322, 342, 6.79%, 9, 0, 3, 2499.22
1570860039, 0, 623, 1471, 1325, 340, 6.81%, 9, 0, 4, 2658.11
1570860044, 0, 625, 1474, 1327, 340, 6.94%, 9, 0, 4, 2736.33
1570860049, 0, 625, 1483, 1336, 340, 6.97%, 9, 0, 4, 2741.67
1570860055, 0, 625, 1484, 1337, 340, 6.99%, 9, 0, 4, 2742.25
1570860060, 0, 626, 1485, 1337, 347, 7.00%, 9, 0, 4, 2776.13
1570860065, 0, 628, 1488, 1338, 347, 7.03%, 9, 0, 4, 2829.04
1570860070, 0, 629, 1489, 1338, 348, 7.04%, 9, 0, 4, 2838.00
1570860075, 0, 631, 1491, 1339, 347, 7.04%, 9, 0, 4, 2795.71
1570860080, 0, 632, 1493, 1340, 350, 7.05%, 9, 0, 4, 2729.00
1570860085, 0, 635, 1495, 1341, 349, 7.05%, 9, 0, 4, 2608.37
1570860106, 0, 635, 1509, 1355, 349, 7.06%, 9, 0, 4, 2376.82
1570860111, 0, 635, 1520, 1366, 349, 7.07%, 9, 0, 4, 2375.68
1570860131, 0, 635, 1529, 1375, 349, 7.08%, 9, 0, 4, 2397.30
1570860137, 0, 635, 1532, 1378, 349, 7.08%, 9, 0, 4, 2383.12
1570860157, 0, 635, 1534, 1380, 349, 7.08%, 9, 0, 4, 2387.05
1570860167, 0, 635, 1535, 1381, 349, 7.08%, 9, 0, 4, 2392.51
1570860172, 0, 635, 1538, 1384, 349, 7.09%, 9, 0, 4, 2413.67
1570860178, 0, 635, 1542, 1388, 349, 7.09%, 9, 0, 4, 2414.75
1570860183, 0, 635, 1546, 1392, 349, 7.09%, 9, 0, 4, 2399.11
1570860188, 0, 635, 1548, 1394, 349, 7.09%, 9, 0, 4, 2423.97
1570860265, 0, 635, 1549, 1395, 349, 7.09%, 9, 0, 4, 2419.44
1570860280, 0, 644, 1550, 1395, 365, 7.09%, 9, 0, 4, 2269.22
1570860300, 0, 644, 1555, 1400, 365, 7.09%, 9, 0, 4, 2128.01
1570860305, 0, 644, 1558, 1403, 365, 7.09%, 9, 0, 4, 2159.67
1570860310, 0, 644, 1559, 1404, 365, 7.09%, 9, 0, 4, 2144.38
1570860331, 0, 644, 1561, 1406, 365, 7.09%, 9, 0, 4, 2194.15
1570860357, 0, 644, 1564, 1409, 365, 7.09%, 9, 0, 4, 2175.53
1570860377, 0, 644, 1566, 1411, 365, 7.10%, 9, 0, 4, 2136.42
1570860382, 0, 644, 1567, 1412, 365, 7.10%, 9, 0, 4, 2211.65
1570860387, 0, 644, 1569, 1414, 365, 7.10%, 9, 0, 4, 2206.08
1570860392, 0, 644, 1572, 1417, 365, 7.11%, 9, 0, 4, 2189.44
1570860398, 0, 644, 1575, 1420, 365, 7.11%, 9, 0, 4, 2181.17
1570860464, 0, 644, 1578, 1423, 365, 7.12%, 9, 0, 4, 2186.23
1570860469, 0, 644, 1580, 1425, 365, 7.12%, 9, 0, 4, 2192.40
1570860485, 0, 644, 1581, 1426, 365, 7.12%, 9, 0, 4, 2235.11
1570860510, 0, 644, 1583, 1428, 365, 7.12%, 9, 0, 4, 2238.00
1570860531, 0, 649, 1583, 1427, 374, 7.12%, 9, 0, 4, 2658.68
1570860587, 0, 658, 1583, 1426, 373, 7.12%, 9, 0, 4, 2752.08
1570860607, 0, 658, 1584, 1427, 373, 7.12%, 9, 0, 4, 2547.45
1570860751, 0, 667, 1585, 1427, 373, 7.12%, 9, 0, 4, 2566.57
1570860772, 0, 667, 1586, 1428, 373, 7.12%, 9, 0, 4, 2375.40
1570860777, 0, 667, 1587, 1429, 373, 7.12%, 9, 0, 4, 2387.67
1570860940, 0, 669, 1587, 1428, 373, 7.12%, 9, 0, 4, 2440.59
1570860966, 0, 669, 1593, 1434, 373, 7.13%, 9, 0, 4, 2313.26
1570860992, 0, 669, 1594, 1435, 373, 7.13%, 9, 0, 4, 2326.35
1570861022, 0, 669, 1595, 1436, 373, 7.13%, 9, 0, 4, 2326.66
1570861032, 0, 669, 1597, 1438, 373, 7.13%, 9, 0, 4, 2345.47
1570861037, 0, 669, 1598, 1439, 373, 7.13%, 9, 0, 4, 2355.01
1570861043, 0, 669, 1600, 1441, 373, 7.13%, 9, 0, 4, 2322.15
1570861053, 0, 669, 1603, 1444, 373, 7.14%, 9, 0, 4, 2345.75
1570861109, 0, 669, 1604, 1445, 373, 7.14%, 9, 0, 4, 2370.46
1570861155, 0, 673, 1604, 1444, 380, 7.14%, 9, 0, 4, 2476.11
1570861227, 0, 673, 1605, 1445, 380, 7.14%, 9, 0, 4, 2491.11
1570861247, 0, 673, 1606, 1446, 380, 7.14%, 9, 0, 4, 2528.75
1570861319, 0, 674, 1606, 1445, 379, 7.14%, 9, 0, 4, 2579.62
1570861355, 0, 674, 1607, 1446, 379, 7.14%, 9, 0, 4, 2551.22
1570861436, 0, 674, 1608, 1447, 379, 7.14%, 9, 0, 4, 2593.94
1570861456, 0, 690, 1608, 1446, 379, 7.14%, 9, 0, 4, 2536.51
1570861870, 0, 696, 1608, 1445, 378, 7.14%, 9, 0, 4, 2387.74
1570861896, 0, 696, 1609, 1446, 378, 7.14%, 9, 0, 4, 2511.19
1570862066, 0, 701, 1609, 1445, 378, 7.14%, 9, 0, 4, 2182.11
1570862091, 0, 701, 1623, 1459, 378, 7.14%, 9, 0, 4, 1986.66
1570862122, 0, 701, 1624, 1460, 378, 7.14%, 9, 0, 4, 2023.30
1570862153, 0, 701, 1625, 1461, 378, 7.14%, 9, 0, 4, 2011.19
1570862158, 0, 701, 1626, 1462, 378, 7.14%, 9, 0, 4, 2007.99
1570862224, 0, 701, 1627, 1463, 378, 7.14%, 9, 0, 4, 2041.64
1570862229, 0, 701, 1628, 1464, 378, 7.14%, 9, 0, 4, 2050.61
1570862234, 0, 701, 1629, 1465, 378, 7.14%, 9, 0, 4, 2108.12
1570862484, 0, 703, 1629, 1464, 380, 7.14%, 9, 0, 4, 2267.95
1570862623, 0, 704, 1629, 1463, 379, 7.14%, 9, 0, 4, 2606.11
1570862758, 0, 705, 1629, 1462, 378, 7.14%, 9, 0, 4, 2592.37
1570862773, 0, 705, 1630, 1463, 378, 7.14%, 9, 0, 4, 2524.98
1570862891, 0, 706, 1630, 1462, 377, 7.14%, 9, 0, 4, 2595.14
1570863031, 0, 707, 1630, 1461, 376, 7.14%, 9, 0, 4, 2575.91
1570863164, 0, 708, 1630, 1460, 375, 7.14%, 9, 0, 4, 2589.58
1570863190, 0, 708, 1632, 1462, 375, 7.14%, 9, 0, 4, 2410.00
1570863379, 0, 709, 1634, 1463, 375, 7.14%, 9, 0, 4, 2177.08
1570863405, 0, 709, 1639, 1468, 375, 7.14%, 9, 0, 4, 2046.38
1570863410, 0, 709, 1640, 1469, 375, 7.15%, 9, 0, 4, 2008.57
1570863435, 0, 709, 1641, 1470, 375, 7.15%, 9, 0, 4, 2044.78
1570863794, 0, 712, 1642, 1470, 377, 7.15%, 9, 0, 4, 2226.18
1570863819, 0, 712, 1647, 1475, 377, 7.15%, 9, 0, 4, 2059.08
1570863824, 0, 712, 1648, 1476, 377, 7.15%, 9, 0, 4, 2043.23
1570864207, 0, 714, 1648, 1475, 379, 7.15%, 9, 0, 4, 2632.41
1570864222, 0, 714, 1649, 1476, 379, 7.15%, 9, 0, 4, 2731.62
1570864273, 0, 714, 1651, 1478, 379, 7.15%, 9, 0, 4, 2705.58
1570864350, 0, 715, 1651, 1477, 378, 7.15%, 9, 0, 4, 2595.32
1570864375, 0, 715, 1656, 1482, 378, 7.15%, 9, 0, 4, 2029.83
1570864380, 0, 715, 1657, 1483, 378, 7.15%, 9, 0, 4, 2033.72
1570864656, 0, 715, 1658, 1484, 378, 7.15%, 9, 0, 4, 2079.58
1570864763, 0, 717, 1658, 1483, 377, 7.15%, 9, 0, 4, 2337.71
1570864912, 0, 722, 1660, 1484, 376, 7.16%, 9, 0, 4, 2536.02
1570864937, 0, 722, 1664, 1488, 376, 7.16%, 9, 0, 4, 2039.13
1570864943, 0, 722, 1666, 1490, 376, 7.16%, 9, 0, 4, 2024.96
1570864974, 0, 722, 1667, 1491, 376, 7.17%, 9, 0, 4, 2025.44
1570865009, 0, 722, 1669, 1493, 376, 7.17%, 9, 0, 4, 2033.59
1570865332, 0, 725, 1669, 1492, 376, 7.17%, 9, 0, 4, 2578.20
1570865404, 0, 727, 1669, 1491, 375, 7.17%, 9, 0, 4, 2371.19
1570865434, 0, 727, 1671, 1493, 375, 7.17%, 9, 0, 4, 1994.98
1570865817, 0, 728, 1671, 1492, 374, 7.17%, 9, 0, 4, 2296.21
1570865843, 0, 728, 1672, 1493, 374, 7.17%, 9, 0, 4, 2266.64
1570865899, 0, 728, 1673, 1494, 374, 7.17%, 9, 0, 4, 2323.52
1570866042, 0, 736, 1673, 1493, 374, 7.17%, 9, 0, 4, 2431.83
1570866068, 0, 736, 1677, 1497, 374, 7.17%, 9, 0, 4, 1995.54
1570866073, 0, 736, 1678, 1498, 374, 7.17%, 9, 0, 4, 2028.20
1570866451, 0, 740, 1678, 1497, 374, 7.17%, 9, 0, 4, 2238.50
1570866456, 0, 740, 1679, 1498, 374, 7.17%, 9, 0, 4, 2648.75
1570866466, 0, 740, 1681, 1500, 374, 7.17%, 9, 0, 4, 2718.71
1570866476, 0, 740, 1683, 1502, 374, 7.17%, 9, 0, 4, 2748.65
1570866497, 0, 740, 1684, 1503, 374, 7.17%, 9, 0, 4, 2747.09
1570866523, 0, 740, 1685, 1504, 374, 7.17%, 9, 0, 4, 2713.32
1570866604, 0, 748, 1685, 1503, 373, 7.17%, 9, 0, 4, 2738.26
1570866630, 0, 748, 1688, 1506, 373, 7.17%, 9, 0, 4, 1962.74
1570866635, 0, 748, 1690, 1508, 373, 7.17%, 9, 0, 4, 2059.23
1570867019, 0, 749, 1690, 1507, 373, 7.17%, 9, 0, 4, 2087.23
1570867039, 0, 749, 1691, 1508, 373, 7.17%, 9, 0, 4, 2002.82
1570867044, 0, 749, 1695, 1512, 373, 7.17%, 9, 0, 4, 2058.98
1570867427, 0, 750, 1695, 1511, 373, 7.17%, 9, 0, 4, 2132.11
1570867452, 0, 750, 1700, 1516, 373, 7.17%, 9, 0, 4, 2023.37
1570867835, 0, 751, 1700, 1515, 373, 7.17%, 9, 0, 4, 2150.25
1570867861, 0, 751, 1705, 1520, 373, 7.17%, 9, 0, 4, 2046.68
1570868244, 0, 752, 1705, 1519, 373, 7.17%, 9, 0, 4, 2200.44
1570868270, 0, 752, 1710, 1524, 373, 7.17%, 9, 0, 4, 2029.00
1570868652, 0, 753, 1710, 1523, 373, 7.17%, 9, 0, 4, 2285.31
1570868678, 0, 753, 1714, 1527, 373, 7.17%, 9, 0, 4, 2044.36
1570868683, 0, 753, 1715, 1528, 373, 7.17%, 9, 0, 4, 2036.91
1570869061, 0, 756, 1715, 1527, 373, 7.17%, 9, 0, 4, 2249.26
1570869203, 0, 758, 1715, 1526, 372, 7.17%, 9, 0, 4, 2503.11
1570869234, 0, 758, 1716, 1527, 372, 7.17%, 9, 0, 4, 2429.27
1570869346, 0, 759, 1716, 1526, 371, 7.17%, 9, 0, 4, 2547.87
1570869493, 0, 760, 1717, 1526, 370, 7.17%, 9, 0, 4, 2578.25
1570869605, 0, 761, 1717, 1525, 369, 7.17%, 9, 0, 4, 2662.14
1570869703, 0, 782, 1717, 1524, 368, 7.17%, 9, 0, 4, 2308.25
1570869724, 0, 782, 1718, 1525, 368, 7.17%, 9, 0, 4, 1989.73
1570869790, 0, 782, 1719, 1526, 368, 7.17%, 9, 0, 4, 2028.42
1570870101, 0, 791, 1720, 1526, 367, 7.17%, 9, 0, 4, 2257.37
1570870234, 0, 791, 1721, 1527, 367, 7.18%, 9, 0, 4, 1976.34
1570870504, 0, 795, 1721, 1526, 367, 7.18%, 9, 0, 4, 2108.95
1570870529, 0, 795, 1722, 1527, 367, 7.18%, 9, 0, 4, 2049.95
1570870596, 0, 795, 1722, 1527, 367, 7.18%, 10, 0, 4, 2101.77
1570870668, 0, 795, 1723, 1528, 367, 7.18%, 10, 0, 4, 2099.39
1570870908, 0, 798, 1723, 1527, 368, 7.18%, 10, 0, 4, 2096.13
1570871302, 0, 807, 1723, 1526, 367, 7.18%, 10, 0, 4, 2096.20
1570871730, 0, 814, 1723, 1525, 366, 7.18%, 10, 0, 4, 2127.90
1570872118, 0, 824, 1723, 1524, 365, 7.18%, 10, 0, 4, 2225.89
1570872139, 0, 824, 1724, 1525, 365, 7.18%, 10, 0, 4, 1950.36
1570872144, 0, 824, 1725, 1526, 365, 7.18%, 10, 0, 4, 2012.21
1570872257, 0, 824, 1728, 1529, 365, 7.19%, 10, 0, 4, 1964.88
1570872538, 0, 827, 1728, 1528, 368, 7.19%, 10, 0, 4, 2286.63
1570872564, 0, 827, 1730, 1530, 368, 7.20%, 10, 0, 4, 1997.03
1570872594, 0, 827, 1732, 1532, 368, 7.20%, 10, 0, 4, 2021.93
1570872625, 0, 827, 1733, 1533, 368, 7.21%, 10, 0, 4, 2024.79
1570872676, 0, 827, 1735, 1535, 368, 7.21%, 10, 0, 4, 1989.22
1570872926, 0, 827, 1736, 1536, 368, 7.22%, 10, 0, 4, 1982.72
1570872957, 0, 828, 1736, 1535, 373, 7.22%, 10, 0, 4, 2239.61
1570872982, 0, 828, 1737, 1536, 373, 7.22%, 10, 0, 4, 1983.14
1570873376, 0, 832, 1737, 1535, 373, 7.22%, 10, 0, 4, 2209.45
1570873396, 0, 832, 1738, 1536, 373, 7.22%, 10, 0, 4, 1971.87
1570873791, 0, 835, 1738, 1535, 373, 7.22%, 10, 0, 4, 2276.20
1570873816, 0, 835, 1739, 1536, 373, 7.22%, 10, 0, 4, 1989.66
1570873930, 0, 835, 1740, 1537, 373, 7.22%, 10, 0, 4, 1976.47
1570873961, 0, 835, 1741, 1538, 373, 7.22%, 10, 0, 4, 2082.84
1570874124, 0, 835, 1742, 1539, 373, 7.22%, 10, 0, 4, 1961.23
1570874180, 0, 835, 1743, 1540, 373, 7.22%, 10, 0, 4, 1972.45
1570874216, 0, 838, 1743, 1539, 376, 7.22%, 10, 0, 4, 2068.22
1570874604, 0, 838, 1744, 1540, 376, 7.23%, 10, 0, 4, 1956.48
1570874635, 0, 839, 1744, 1539, 376, 7.23%, 10, 0, 4, 2268.46
1570874660, 0, 839, 1745, 1540, 376, 7.23%, 10, 0, 4, 2013.83
1570875023, 0, 839, 1746, 1541, 376, 7.23%, 10, 0, 4, 1979.28
1570875028, 0, 839, 1747, 1542, 376, 7.23%, 10, 0, 4, 1971.48
1570875059, 0, 840, 1749, 1543, 376, 7.23%, 10, 0, 4, 2192.16
1570875079, 0, 840, 1750, 1544, 376, 7.23%, 10, 0, 4, 1998.88
1570875473, 0, 843, 1751, 1544, 375, 7.23%, 10, 0, 4, 2211.43
1570875494, 0, 843, 1752, 1545, 375, 7.23%, 10, 0, 4, 1992.84
1570875886, 0, 844, 1752, 1544, 374, 7.23%, 10, 0, 4, 2287.39
1570875912, 0, 844, 1753, 1545, 374, 7.23%, 10, 0, 4, 2009.99
1570875917, 0, 844, 1754, 1546, 374, 7.23%, 10, 0, 4, 2047.60
1570875943, 0, 844, 1755, 1547, 374, 7.23%, 10, 0, 4, 2052.89
1570875948, 0, 844, 1756, 1548, 374, 7.23%, 10, 0, 4, 2034.87
1570876055, 0, 844, 1759, 1551, 374, 7.23%, 10, 0, 4, 2111.47
1570876306, 0, 846, 1759, 1550, 375, 7.23%, 10, 0, 4, 2291.40
1570876332, 0, 846, 1760, 1551, 375, 7.23%, 10, 0, 4, 1999.55
1570876726, 0, 855, 1760, 1550, 375, 7.23%, 10, 0, 4, 2175.38
1570876731, 0, 858, 1760, 1549, 374, 7.23%, 10, 0, 4, 2340.87
1570876844, 0, 858, 1761, 1550, 374, 7.23%, 10, 0, 4, 1982.28
1570877115, 0, 858, 1762, 1551, 374, 7.23%, 10, 0, 4, 1993.89
1570877146, 0, 859, 1762, 1550, 373, 7.23%, 10, 0, 4, 2260.07
1570877258, 0, 859, 1763, 1551, 373, 7.23%, 10, 0, 4, 1991.02
1570877278, 0, 859, 1764, 1552, 373, 7.23%, 10, 0, 4, 1999.40
1570877524, 0, 859, 1765, 1553, 373, 7.23%, 10, 0, 4, 1993.88
1570877564, 0, 862, 1765, 1552, 374, 7.23%, 10, 0, 4, 2136.53
1570877672, 0, 862, 1766, 1553, 374, 7.23%, 10, 0, 4, 1980.45
1570877983, 0, 865, 1766, 1552, 374, 7.23%, 10, 0, 4, 2106.90
1570878004, 0, 865, 1767, 1553, 374, 7.23%, 10, 0, 4, 2010.82
1570878111, 0, 865, 1768, 1554, 374, 7.24%, 10, 0, 4, 2006.37
1570878396, 0, 866, 1768, 1553, 373, 7.24%, 10, 0, 4, 2226.69
1570878417, 0, 866, 1770, 1555, 373, 7.24%, 10, 0, 4, 2002.91
1570878774, 0, 866, 1771, 1556, 373, 7.24%, 10, 0, 4, 1999.59
1570878815, 0, 882, 1772, 1556, 372, 7.24%, 10, 0, 4, 2109.12
1570878830, 0, 882, 1773, 1557, 372, 7.24%, 10, 0, 4, 1970.44
1570879235, 0, 884, 1773, 1556, 371, 7.24%, 10, 0, 4, 2183.80
1570879255, 0, 884, 1774, 1557, 371, 7.24%, 10, 0, 4, 1978.97
1570879404, 0, 884, 1775, 1558, 371, 7.24%, 10, 0, 4, 2109.68
1570879654, 0, 891, 1775, 1557, 370, 7.24%, 10, 0, 4, 2310.21
1570879675, 0, 891, 1776, 1558, 370, 7.24%, 10, 0, 4, 1965.85
1570879787, 0, 891, 1777, 1559, 370, 7.24%, 10, 0, 4, 1981.56
1570880079, 0, 892, 1777, 1558, 370, 7.24%, 10, 0, 4, 2175.73
1570880099, 0, 892, 1780, 1561, 370, 7.24%, 10, 0, 4, 1974.62
1570880499, 0, 893, 1780, 1560, 370, 7.24%, 10, 0, 4, 2235.42
1570880520, 0, 893, 1781, 1561, 370, 7.24%, 10, 0, 4, 1962.20
1570880525, 0, 893, 1785, 1565, 370, 7.25%, 10, 0, 4, 2026.90
1570880550, 0, 893, 1787, 1567, 370, 7.25%, 10, 0, 4, 1976.94
1570880632, 0, 893, 1789, 1569, 370, 7.27%, 10, 0, 4, 1967.98
1570880924, 0, 902, 1789, 1568, 372, 7.27%, 10, 0, 4, 2083.76
1570880939, 0, 902, 1790, 1569, 372, 7.27%, 10, 0, 4, 1979.98
1570881052, 0, 902, 1791, 1570, 372, 7.30%, 10, 0, 4, 1970.00
1570881303, 0, 902, 1792, 1571, 372, 7.30%, 10, 0, 4, 1965.69
1570881338, 0, 904, 1792, 1570, 372, 7.30%, 10, 0, 4, 2227.49
1570881359, 0, 904, 1793, 1571, 372, 7.30%, 10, 0, 4, 1985.71
1570881394, 0, 904, 1794, 1572, 372, 7.31%, 10, 0, 4, 2035.59
1570881762, 0, 905, 1794, 1571, 371, 7.31%, 10, 0, 4, 2093.19
1570881778, 0, 905, 1795, 1572, 371, 7.31%, 10, 0, 4, 1977.89
1570882182, 0, 907, 1795, 1571, 371, 7.31%, 10, 0, 4, 2124.93
1570882202, 0, 907, 1796, 1572, 371, 7.31%, 10, 0, 4, 1966.45
1570882233, 0, 907, 1797, 1573, 371, 7.31%, 10, 0, 4, 2002.95
1570882601, 0, 908, 1797, 1572, 371, 7.31%, 10, 0, 4, 2172.93
1570882622, 0, 908, 1798, 1573, 371, 7.31%, 10, 0, 4, 1986.39
1570883021, 0, 910, 1798, 1572, 371, 7.31%, 10, 0, 4, 2182.40
1570883042, 0, 910, 1800, 1574, 371, 7.31%, 10, 0, 4, 1977.59
1570883442, 0, 911, 1800, 1573, 371, 7.31%, 10, 0, 4, 2162.00
1570883462, 0, 911, 1801, 1574, 371, 7.31%, 10, 0, 4, 1961.99
1570883576, 0, 911, 1802, 1575, 371, 7.32%, 10, 0, 4, 1981.93
1570883867, 0, 912, 1802, 1574, 371, 7.32%, 10, 0, 4, 2087.52
1570883882, 0, 912, 1803, 1575, 371, 7.32%, 10, 0, 4, 1994.90
1570884285, 0, 913, 1803, 1574, 370, 7.32%, 10, 0, 4, 2126.14
1570884306, 0, 913, 1804, 1575, 370, 7.32%, 10, 0, 4, 1984.29
1570884705, 0, 914, 1804, 1574, 370, 7.32%, 10, 0, 4, 2227.43
1570884725, 0, 914, 1805, 1575, 370, 7.32%, 10, 0, 4, 1986.17
1570884838, 0, 914, 1807, 1577, 370, 7.33%, 10, 0, 4, 1958.28
1570885088, 0, 914, 1808, 1578, 370, 7.33%, 10, 0, 4, 1964.67
1570885124, 0, 917, 1808, 1577, 372, 7.33%, 10, 0, 4, 2307.79
1570885145, 0, 917, 1809, 1578, 372, 7.33%, 10, 0, 4, 1970.17
1570885545, 0, 918, 1809, 1577, 372, 7.33%, 10, 0, 4, 2298.61
1570885565, 0, 918, 1810, 1578, 372, 7.33%, 10, 0, 4, 1978.17
1570885627, 0, 918, 1811, 1579, 372, 7.33%, 10, 0, 4, 1989.42
1570885928, 0, 918, 1812, 1580, 372, 7.33%, 10, 0, 4, 1979.35
1570885964, 0, 919, 1812, 1579, 372, 7.33%, 10, 0, 4, 2300.65
1570885985, 0, 919, 1813, 1580, 372, 7.33%, 10, 0, 4, 1969.94
1570886098, 0, 919, 1815, 1582, 372, 7.34%, 10, 0, 4, 1966.48
1570886354, 0, 919, 1816, 1583, 372, 7.34%, 10, 0, 4, 1966.30
1570886389, 0, 920, 1816, 1582, 371, 7.34%, 10, 0, 4, 2074.99
1570886410, 0, 920, 1817, 1583, 371, 7.34%, 10, 0, 4, 1972.04
1570886517, 0, 920, 1818, 1584, 371, 7.34%, 10, 0, 4, 1983.69
1570886809, 0, 921, 1818, 1583, 371, 7.34%, 10, 0, 4, 2083.70
1570886830, 0, 921, 1819, 1584, 371, 7.34%, 10, 0, 4, 1977.44
1570887229, 0, 922, 1819, 1583, 371, 7.34%, 10, 0, 4, 2063.24
1570887244, 0, 922, 1820, 1584, 371, 7.34%, 10, 0, 4, 1942.82
1570887649, 0, 923, 1820, 1583, 370, 7.34%, 10, 0, 4, 2075.36
1570887670, 0, 923, 1821, 1584, 370, 7.34%, 10, 0, 4, 1975.52
1570888069, 0, 924, 1821, 1583, 369, 7.34%, 10, 0, 4, 2068.00
1570888090, 0, 924, 1822, 1584, 369, 7.34%, 10, 0, 4, 1989.35
1570888489, 0, 926, 1822, 1583, 368, 7.34%, 10, 0, 4, 2074.46
1570888510, 0, 926, 1823, 1584, 368, 7.34%, 10, 0, 4, 1980.92
1570888909, 0, 932, 1823, 1583, 367, 7.34%, 10, 0, 4, 2097.09
1570888929, 0, 932, 1824, 1584, 367, 7.34%, 10, 0, 4, 1964.94
1570888940, 0, 932, 1825, 1585, 367, 7.34%, 10, 0, 4, 1995.46
1570889042, 0, 932, 1826, 1586, 367, 7.34%, 10, 0, 4, 1957.45
1570889294, 0, 932, 1827, 1587, 367, 7.35%, 10, 0, 4, 1983.17
1570889329, 0, 933, 1827, 1586, 369, 7.35%, 10, 0, 4, 2116.58
1570889350, 0, 933, 1828, 1587, 369, 7.35%, 10, 0, 4, 1954.40
1570889360, 0, 933, 1829, 1588, 369, 7.35%, 10, 0, 4, 1975.05
1570889749, 0, 934, 1829, 1587, 368, 7.35%, 10, 0, 4, 2165.33
1570889770, 0, 934, 1830, 1588, 368, 7.35%, 10, 0, 4, 1968.13
1570889780, 0, 934, 1831, 1589, 368, 7.35%, 10, 0, 4, 2017.70
1570890133, 0, 934, 1832, 1590, 368, 7.35%, 10, 0, 4, 1979.34
1570890169, 0, 935, 1832, 1589, 368, 7.35%, 10, 0, 4, 2171.80
1570890190, 0, 935, 1833, 1590, 368, 7.35%, 10, 0, 4, 1961.28
1570890200, 0, 935, 1834, 1591, 368, 7.35%, 10, 0, 4, 1987.96
1570890252, 0, 935, 1835, 1592, 368, 7.35%, 10, 0, 4, 1979.73
1570890559, 0, 935, 1836, 1593, 368, 7.35%, 10, 0, 4, 1962.96
1570890594, 0, 936, 1836, 1592, 368, 7.35%, 10, 0, 4, 2080.95
1570890615, 0, 936, 1837, 1593, 368, 7.35%, 10, 0, 4, 1956.18
1570890625, 0, 936, 1838, 1594, 368, 7.35%, 10, 0, 4, 2000.07
1570890640, 0, 936, 1839, 1595, 368, 7.35%, 10, 0, 4, 1975.92
1570891014, 0, 945, 1839, 1594, 368, 7.35%, 10, 0, 4, 2198.04
1570891035, 0, 945, 1841, 1596, 368, 7.35%, 10, 0, 4, 1977.70
1570891040, 0, 945, 1842, 1597, 368, 7.35%, 10, 0, 4, 2036.69
1570891066, 0, 945, 1843, 1598, 368, 7.35%, 10, 0, 4, 1982.63
1570891147, 0, 945, 1847, 1602, 368, 7.37%, 10, 0, 4, 1978.74
1570891306, 0, 945, 1848, 1603, 368, 7.37%, 10, 0, 4, 2019.89
1570891434, 0, 947, 1848, 1602, 370, 7.37%, 10, 0, 4, 2261.84
1570891454, 0, 947, 1849, 1603, 370, 7.37%, 10, 0, 4, 1986.90
1570891459, 0, 947, 1851, 1605, 370, 7.38%, 10, 0, 4, 2010.95
1570891817, 0, 947, 1852, 1606, 370, 7.38%, 10, 0, 4, 1993.30
1570891853, 0, 950, 1852, 1605, 369, 7.38%, 10, 0, 4, 2194.99
1570891873, 0, 950, 1853, 1606, 369, 7.38%, 10, 0, 4, 1992.27
1570891879, 0, 950, 1854, 1607, 369, 7.38%, 10, 0, 4, 2044.47
1570892139, 0, 950, 1855, 1608, 369, 7.38%, 10, 0, 4, 2100.12
1570892236, 0, 950, 1856, 1609, 369, 7.38%, 10, 0, 4, 1991.68
1570892272, 0, 951, 1856, 1608, 369, 7.38%, 10, 0, 4, 2160.59
1570892293, 0, 951, 1858, 1610, 369, 7.38%, 10, 0, 4, 1965.17
1570892405, 0, 951, 1859, 1611, 369, 7.38%, 10, 0, 4, 1966.31
1570892564, 0, 951, 1860, 1612, 369, 7.38%, 10, 0, 4, 2014.10
1570892625, 0, 951, 1861, 1613, 369, 7.38%, 10, 0, 4, 2061.14
1570892696, 0, 952, 1861, 1612, 369, 7.38%, 10, 0, 4, 2099.64
1570892717, 0, 952, 1863, 1614, 369, 7.38%, 10, 0, 4, 1974.47
1570892988, 0, 952, 1864, 1615, 369, 7.38%, 10, 0, 4, 2008.30
1570893080, 0, 952, 1865, 1616, 369, 7.38%, 10, 0, 4, 1972.22
1570893116, 0, 953, 1865, 1615, 369, 7.38%, 10, 0, 4, 2248.59
1570893137, 0, 953, 1866, 1616, 369, 7.38%, 10, 0, 4, 1974.19
1570893142, 0, 953, 1867, 1617, 369, 7.38%, 10, 0, 4, 2025.86
1570893409, 0, 953, 1868, 1618, 369, 7.38%, 10, 0, 4, 2024.27
1570893536, 0, 954, 1868, 1617, 369, 7.38%, 10, 0, 4, 2297.10
1570893562, 0, 954, 1869, 1618, 369, 7.38%, 10, 0, 4, 1999.26
1570893593, 0, 954, 1869, 1618, 369, 7.38%, 11, 0, 4, 2034.64
1570893829, 0, 954, 1870, 1619, 369, 7.38%, 11, 0, 4, 2019.43
1570893957, 0, 955, 1870, 1618, 368, 7.38%, 11, 0, 4, 2321.35
1570893978, 0, 955, 1871, 1619, 368, 7.38%, 11, 0, 4, 1978.26
1570893983, 0, 955, 1873, 1621, 368, 7.39%, 11, 0, 4, 2010.43
1570894091, 0, 955, 1876, 1624, 368, 7.40%, 11, 0, 4, 1969.31
1570894250, 0, 955, 1877, 1625, 368, 7.40%, 11, 0, 4, 2031.01
1570894383, 0, 956, 1877, 1624, 372, 7.40%, 11, 0, 4, 2036.05
1570894398, 0, 956, 1878, 1625, 372, 7.40%, 11, 0, 4, 1965.69
1570894403, 0, 956, 1879, 1626, 372, 7.40%, 11, 0, 4, 1979.32
1570894669, 0, 956, 1880, 1627, 372, 7.40%, 11, 0, 4, 2077.00
1570894802, 0, 961, 1880, 1626, 371, 7.40%, 11, 0, 4, 2202.58
1570894822, 0, 961, 1881, 1627, 371, 7.40%, 11, 0, 4, 1991.01
1570894827, 0, 961, 1882, 1628, 371, 7.40%, 11, 0, 4, 2039.42
1570894935, 0, 961, 1883, 1629, 371, 7.40%, 11, 0, 4, 1996.82
1570895088, 0, 961, 1884, 1630, 371, 7.40%, 11, 0, 4, 2084.83
1570895221, 0, 964, 1884, 1629, 372, 7.40%, 11, 0, 4, 2140.22
1570895339, 0, 964, 1885, 1630, 372, 7.40%, 11, 0, 4, 1998.17
1570895354, 0, 964, 1886, 1631, 372, 7.40%, 11, 0, 4, 1997.98
1570895640, 0, 967, 1886, 1630, 373, 7.40%, 11, 0, 4, 2080.37
1570895660, 0, 967, 1888, 1632, 373, 7.40%, 11, 0, 4, 1968.45
1570895686, 0, 967, 1889, 1633, 373, 7.40%, 11, 0, 4, 1999.10
1570895767, 0, 967, 1892, 1636, 373, 7.41%, 11, 0, 4, 1986.18
1570896018, 0, 967, 1893, 1637, 373, 7.41%, 11, 0, 4, 1967.74
1570896054, 0, 968, 1893, 1636, 373, 7.41%, 11, 0, 4, 2280.11
1570896085, 0, 968, 1894, 1637, 373, 7.41%, 11, 0, 4, 2029.98
1570896105, 0, 968, 1895, 1638, 373, 7.41%, 11, 0, 4, 1960.86
1570896110, 0, 968, 1896, 1639, 373, 7.42%, 11, 0, 4, 2027.06
1570896188, 0, 968, 1901, 1644, 373, 7.44%, 11, 0, 4, 1941.90
1570896443, 0, 968, 1902, 1645, 373, 7.44%, 11, 0, 4, 1939.26
1570896479, 0, 971, 1902, 1644, 376, 7.44%, 11, 0, 4, 2170.58
1570896499, 0, 971, 1903, 1645, 376, 7.44%, 11, 0, 4, 1942.92
1570896504, 0, 971, 1904, 1646, 376, 7.44%, 11, 0, 4, 2004.57
1570896617, 0, 971, 1907, 1649, 376, 7.44%, 11, 0, 4, 1965.14
1570896770, 0, 971, 1908, 1650, 376, 7.44%, 11, 0, 4, 2050.14
1570896872, 0, 971, 1911, 1653, 376, 7.44%, 11, 0, 4, 1962.56
1570896902, 0, 981, 1911, 1652, 376, 7.44%, 11, 0, 4, 2305.74
1570896928, 0, 981, 1912, 1653, 376, 7.44%, 11, 0, 4, 1989.11
1570896959, 0, 981, 1913, 1654, 376, 7.44%, 11, 0, 4, 2017.99
1570897041, 0, 981, 1914, 1655, 376, 7.48%, 11, 0, 4, 1972.05
1570897327, 0, 982, 1914, 1654, 376, 7.48%, 11, 0, 4, 2221.59
1570897352, 0, 982, 1915, 1655, 376, 7.48%, 11, 0, 4, 1987.64
1570897383, 0, 982, 1916, 1656, 376, 7.48%, 11, 0, 4, 2010.11
1570897465, 0, 982, 1917, 1657, 376, 7.49%, 11, 0, 4, 1970.03
1570897751, 0, 1021, 1917, 1656, 376, 7.49%, 11, 0, 4, 2370.08
1570897905, 0, 1023, 1918, 1656, 375, 7.49%, 11, 0, 4, 2609.75
1570898054, 0, 1029, 1918, 1655, 375, 7.49%, 11, 0, 4, 2581.71
1570898075, 0, 1029, 1920, 1657, 375, 7.50%, 11, 0, 4, 2478.94
1570898101, 0, 1029, 1921, 1658, 375, 7.50%, 11, 0, 4, 2491.76
1570898213, 0, 1030, 1921, 1657, 377, 7.50%, 11, 0, 4, 2485.64
1570898234, 0, 1030, 1922, 1658, 377, 7.50%, 11, 0, 4, 2506.72
1570898341, 0, 1030, 1923, 1659, 377, 7.50%, 11, 0, 4, 2526.11
1570898366, 0, 1032, 1923, 1658, 377, 7.50%, 11, 0, 4, 2581.01
1570898392, 0, 1032, 1926, 1661, 377, 7.51%, 11, 0, 4, 2485.90
1570898525, 0, 1033, 1926, 1660, 379, 7.51%, 11, 0, 4, 2547.33
1570898550, 0, 1033, 1927, 1661, 379, 7.52%, 11, 0, 4, 2488.91
1570898571, 0, 1033, 1928, 1662, 379, 7.52%, 11, 0, 4, 2495.88
1570898683, 0, 1035, 1928, 1661, 379, 7.52%, 11, 0, 4, 2517.24
1570898698, 0, 1035, 1931, 1664, 379, 7.55%, 11, 0, 4, 2448.10
1570898703, 0, 1035, 1932, 1665, 379, 7.55%, 11, 0, 4, 2456.77
1570898708, 0, 1035, 1942, 1675, 379, 7.58%, 11, 0, 4, 2433.46
1570898729, 0, 1035, 1946, 1679, 379, 7.60%, 11, 0, 4, 2453.97
1570898755, 0, 1035, 1947, 1680, 379, 7.60%, 11, 0, 4, 2407.10
1570898775, 0, 1035, 1950, 1683, 379, 7.60%, 11, 0, 4, 2417.01
1570898821, 0, 1035, 1952, 1685, 379, 7.61%, 11, 0, 4, 2460.34
1570898826, 0, 1035, 1953, 1686, 379, 7.62%, 11, 0, 4, 2475.32
1570898847, 0, 1038, 1953, 1685, 390, 7.62%, 11, 0, 4, 2524.52
1570899001, 0, 1039, 1953, 1684, 389, 7.62%, 11, 0, 4, 2554.98
1570899078, 0, 1039, 1956, 1687, 389, 7.62%, 11, 0, 4, 2490.98
1570899083, 0, 1039, 1957, 1688, 389, 7.62%, 11, 0, 4, 2495.87
1570899165, 0, 1041, 1957, 1687, 389, 7.62%, 11, 0, 4, 2549.80
1570899185, 0, 1041, 1960, 1690, 389, 7.62%, 11, 0, 4, 2491.66
1570899334, 0, 1044, 1961, 1690, 390, 7.62%, 11, 0, 4, 2553.21
1570899406, 0, 1044, 1962, 1691, 390, 7.62%, 11, 0, 4, 2533.87
1570899493, 0, 1047, 1962, 1690, 390, 7.62%, 11, 0, 4, 2693.48
1570899641, 0, 1049, 1963, 1690, 389, 7.62%, 11, 0, 4, 2727.52
1570899657, 0, 1049, 1964, 1691, 389, 7.62%, 11, 0, 4, 2723.97
1570899790, 0, 1050, 1965, 1691, 389, 7.62%, 11, 0, 4, 2699.03
1570899810, 0, 1050, 1966, 1692, 389, 7.62%, 11, 0, 4, 2723.23
1570899943, 0, 1051, 1966, 1691, 388, 7.62%, 11, 0, 4, 2750.01
1570899959, 0, 1051, 1967, 1692, 388, 7.62%, 11, 0, 4, 2734.94
1570900086, 0, 1052, 1967, 1691, 387, 7.62%, 11, 0, 4, 2517.11
1570900168, 0, 1052, 1967, 1691, 387, 7.62%, 12, 0, 4, 2322.32
1570900306, 0, 1059, 1967, 1690, 386, 7.62%, 12, 0, 4, 2449.37
1570900398, 0, 1059, 1967, 1690, 386, 7.62%, 13, 0, 4, 2039.38
1570900720, 0, 1060, 1967, 1689, 385, 7.62%, 13, 0, 4, 2316.68
1570900802, 0, 1060, 1968, 1690, 385, 7.62%, 13, 0, 4, 2482.44
1570900889, 0, 1065, 1968, 1689, 384, 7.62%, 13, 0, 4, 2383.33
1570900909, 0, 1065, 1969, 1690, 384, 7.62%, 13, 0, 4, 2198.94
1570900914, 0, 1065, 1973, 1694, 384, 7.62%, 13, 0, 4, 2228.10
1570900976, 0, 1065, 1974, 1695, 384, 7.62%, 13, 0, 4, 2214.65
1570900981, 0, 1065, 1975, 1696, 384, 7.62%, 13, 0, 4, 2228.06
1570900986, 0, 1065, 1977, 1698, 384, 7.62%, 13, 0, 4, 2246.18
1570900991, 0, 1065, 1978, 1699, 384, 7.62%, 13, 0, 4, 2245.42
1570901119, 0, 1071, 1978, 1698, 384, 7.62%, 13, 0, 4, 2233.16
1570901473, 0, 1073, 1979, 1698, 383, 7.62%, 13, 0, 4, 2364.47
1570901642, 0, 1083, 1980, 1698, 383, 7.62%, 13, 0, 4, 2462.94
1570901999, 0, 1084, 1980, 1697, 382, 7.62%, 13, 0, 4, 2364.81
1570902157, 0, 1084, 1981, 1698, 382, 7.63%, 13, 0, 4, 2446.85
1570902172, 0, 1085, 1981, 1697, 381, 7.63%, 13, 0, 4, 2485.43
1570902331, 0, 1086, 1981, 1696, 380, 7.63%, 13, 0, 4, 2670.64
