# unix_time, cycles_done, cur_path, paths_total, pending_total, pending_favs, map_size, unique_crashes, unique_hangs, max_depth, execs_per_sec
1570815995, 0, 0, 1, 1, 1, 2.10%, 0, 0, 1, 1600.00
1570816000, 0, 0, 61, 61, 1, 2.43%, 0, 0, 2, 1977.22
1570816015, 0, 0, 92, 92, 1, 2.51%, 0, 0, 2, 2005.65
1570816020, 0, 0, 138, 138, 1, 3.03%, 0, 0, 2, 2007.56
1570816025, 0, 0, 299, 299, 1, 3.45%, 0, 0, 2, 2040.07
1570816030, 0, 0, 329, 329, 1, 3.52%, 0, 0, 2, 2017.11
1570816046, 0, 0, 332, 332, 1, 3.55%, 0, 0, 2, 2015.19
1570816051, 0, 0, 344, 344, 1, 3.84%, 0, 0, 2, 2010.36
1570816056, 0, 0, 368, 368, 1, 3.86%, 0, 0, 2, 2033.98
1570816077, 0, 0, 374, 374, 1, 3.95%, 0, 0, 2, 2005.40
1570816082, 0, 0, 379, 379, 1, 3.99%, 0, 0, 2, 2067.02
1570816087, 0, 0, 391, 391, 1, 3.99%, 0, 0, 2, 2017.85
1570816092, 0, 0, 423, 423, 1, 4.04%, 0, 0, 2, 2096.44
1570816097, 0, 0, 426, 426, 1, 4.04%, 0, 0, 2, 2012.34
1570816108, 0, 0, 428, 428, 1, 4.04%, 0, 0, 2, 2000.60
1570816113, 0, 0, 430, 430, 1, 4.04%, 0, 0, 2, 1995.87
1570816128, 0, 0, 450, 450, 1, 4.16%, 0, 0, 2, 2003.04
1570816133, 0, 0, 465, 465, 1, 4.47%, 0, 0, 2, 1990.78
1570816143, 0, 0, 474, 474, 1, 4.60%, 0, 0, 2, 2123.10
1570816148, 0, 0, 476, 476, 1, 4.61%, 0, 0, 2, 2144.85
1570816153, 0, 0, 479, 479, 1, 4.62%, 0, 0, 2, 2118.10
1570816164, 0, 0, 510, 510, 1, 4.62%, 0, 0, 2, 2090.28
1570816169, 0, 0, 520, 520, 1, 4.63%, 0, 0, 2, 2077.96
1570816174, 0, 0, 525, 525, 1, 4.63%, 0, 0, 2, 2014.49
1570816179, 0, 0, 528, 528, 1, 4.63%, 0, 0, 2, 1996.35
1570816194, 0, 0, 529, 529, 1, 4.63%, 0, 0, 2, 1996.03
1570816199, 0, 0, 530, 530, 1, 4.63%, 0, 0, 2, 1996.50
1570816205, 0, 0, 531, 531, 1, 4.63%, 0, 0, 2, 2087.42
1570816215, 0, 0, 532, 532, 1, 4.63%, 0, 0, 2, 2191.16
1570816235, 0, 0, 533, 533, 1, 4.63%, 0, 0, 2, 2089.85
1570816286, 0, 0, 539, 539, 1, 4.64%, 0, 0, 2, 2043.93
1570816291, 0, 0, 540, 540, 1, 4.64%, 0, 0, 2, 2016.82
1570816301, 0, 0, 541, 541, 1, 4.64%, 0, 0, 2, 2076.97
1570816306, 0, 0, 549, 549, 1, 4.67%, 0, 0, 2, 2064.08
1570816332, 0, 0, 551, 551, 1, 4.68%, 0, 0, 2, 2016.33
1570816342, 0, 0, 553, 553, 1, 4.68%, 0, 0, 2, 2109.64
1570816347, 0, 0, 554, 554, 1, 4.68%, 0, 0, 2, 1999.83
1570816367, 0, 0, 556, 556, 1, 4.69%, 0, 0, 2, 2093.99
1570816378, 0, 0, 586, 586, 1, 4.71%, 0, 0, 2, 2245.61
1570816383, 0, 0, 609, 609, 1, 4.71%, 0, 0, 2, 2527.90
1570816388, 0, 0, 627, 627, 1, 4.72%, 0, 0, 2, 2575.34
1570816393, 0, 1, 640, 639, 195, 4.75%, 0, 0, 3, 2779.51
1570816398, 0, 1, 648, 647, 195, 4.89%, 0, 0, 3, 2843.33
1570816403, 0, 1, 650, 649, 195, 4.90%, 0, 0, 3, 2829.44
1570816408, 0, 3, 650, 647, 205, 4.90%, 0, 0, 3, 2869.20
1570816413, 0, 6, 650, 645, 203, 4.90%, 0, 0, 3, 2874.70
1570816418, 0, 8, 651, 644, 202, 4.90%, 0, 0, 3, 2573.50
1570816470, 0, 8, 652, 645, 202, 4.90%, 0, 0, 3, 2003.44
1570816801, 0, 8, 658, 651, 202, 4.90%, 0, 0, 3, 2452.14
1570816806, 0, 8, 668, 661, 202, 4.90%, 0, 0, 3, 2574.01
1570816811, 0, 9, 671, 663, 203, 4.90%, 0, 0, 3, 2602.43
1570816836, 0, 9, 674, 666, 203, 4.94%, 0, 0, 3, 2013.53
1570816841, 0, 9, 679, 671, 203, 4.95%, 0, 0, 3, 2042.18
1570816898, 0, 9, 680, 672, 203, 4.95%, 0, 0, 3, 2069.91
1570816959, 0, 9, 681, 673, 203, 4.95%, 0, 0, 3, 2117.98
1570817194, 0, 11, 684, 675, 202, 4.95%, 0, 0, 3, 2176.60
1570817219, 0, 11, 703, 694, 202, 4.95%, 0, 0, 3, 2063.82
1570817224, 0, 11, 710, 701, 202, 4.95%, 0, 0, 3, 2039.61
1570817286, 0, 11, 712, 703, 202, 4.96%, 0, 0, 3, 2109.41
1570817500, 0, 11, 713, 704, 202, 4.96%, 0, 0, 3, 2058.27
1570817526, 0, 11, 715, 706, 202, 4.96%, 0, 0, 3, 2037.16
1570817567, 0, 11, 716, 707, 202, 4.96%, 0, 0, 3, 2144.83
1570817577, 0, 11, 718, 709, 202, 4.97%, 0, 0, 3, 2222.24
1570817582, 0, 13, 719, 709, 205, 4.98%, 0, 0, 3, 2135.75
1570817608, 0, 13, 724, 714, 205, 4.98%, 0, 0, 3, 2069.46
1570817674, 0, 13, 727, 717, 205, 4.98%, 0, 0, 3, 2074.28
1570817889, 0, 13, 728, 718, 205, 4.98%, 0, 0, 3, 2032.76
1570817971, 0, 17, 733, 722, 209, 5.02%, 0, 0, 3, 2096.54
1570817986, 0, 17, 735, 724, 209, 5.03%, 0, 0, 3, 1990.79
1570817996, 0, 17, 742, 731, 209, 5.03%, 0, 0, 3, 2073.23
1570818027, 0, 17, 743, 732, 209, 5.03%, 0, 0, 3, 2040.63
1570818063, 0, 17, 745, 734, 209, 5.04%, 0, 0, 3, 2077.44
1570818251, 0, 17, 751, 740, 209, 5.05%, 0, 0, 3, 2035.33
1570818353, 0, 23, 751, 739, 220, 5.05%, 0, 0, 3, 2472.31
1570818359, 0, 23, 755, 743, 220, 5.05%, 0, 0, 3, 2521.80
1570818384, 0, 23, 757, 745, 220, 5.05%, 0, 0, 3, 2562.77
1570818481, 0, 42, 760, 747, 222, 5.05%, 0, 0, 3, 2469.09
1570818506, 0, 42, 761, 748, 222, 5.05%, 0, 0, 3, 2027.15
1570818767, 0, 42, 762, 749, 222, 5.05%, 0, 0, 3, 2095.39
1570818869, 0, 54, 762, 748, 222, 5.05%, 0, 0, 3, 2245.81
1570818895, 0, 54, 763, 749, 222, 5.05%, 0, 0, 3, 2035.65
1570819258, 0, 68, 764, 749, 222, 5.05%, 0, 0, 3, 2240.60
1570819278, 0, 68, 765, 750, 222, 5.05%, 0, 0, 3, 1995.51
1570819288, 0, 68, 766, 751, 222, 5.05%, 0, 0, 3, 2016.07
1570819427, 0, 68, 767, 752, 222, 5.05%, 0, 0, 3, 2117.55
1570819646, 0, 91, 767, 751, 221, 5.05%, 0, 0, 3, 2274.36
1570819677, 0, 91, 768, 752, 221, 5.05%, 0, 0, 3, 2044.91
1570819814, 0, 91, 769, 753, 221, 5.05%, 0, 0, 3, 2119.17
1570820033, 0, 91, 770, 754, 221, 5.05%, 0, 0, 3, 2195.37
1570820038, 0, 96, 771, 754, 220, 5.05%, 0, 0, 3, 2167.05
1570820059, 0, 96, 772, 755, 220, 5.05%, 0, 0, 3, 1988.92
1570820202, 0, 96, 773, 756, 220, 5.05%, 0, 0, 3, 2090.97
1570820426, 0, 97, 773, 755, 219, 5.05%, 0, 0, 3, 2142.45
1570820814, 0, 103, 774, 755, 218, 5.05%, 0, 0, 3, 2231.36
1570820834, 0, 103, 775, 756, 218, 5.05%, 0, 0, 3, 1996.94
1570820844, 0, 103, 777, 758, 218, 5.05%, 0, 0, 3, 2038.97
1570820977, 0, 103, 778, 759, 218, 5.05%, 0, 0, 3, 2085.17
1570821201, 0, 106, 779, 759, 218, 5.05%, 0, 0, 3, 2289.42
1570821227, 0, 106, 783, 763, 218, 5.06%, 0, 0, 3, 1954.40
1570821258, 0, 106, 785, 765, 218, 5.06%, 0, 0, 3, 2005.69
1570821263, 0, 106, 786, 766, 218, 5.06%, 0, 0, 3, 1998.21
1570821284, 0, 106, 787, 767, 218, 5.06%, 0, 0, 3, 1963.87
1570821289, 0, 106, 790, 770, 218, 5.07%, 0, 0, 3, 2025.76
1570821335, 0, 106, 791, 771, 218, 5.07%, 0, 0, 3, 1969.91
1570821340, 0, 106, 801, 781, 218, 5.12%, 0, 0, 3, 1973.23
1570821376, 0, 106, 802, 782, 218, 5.13%, 0, 0, 3, 2051.40
1570821580, 0, 106, 805, 785, 218, 5.14%, 0, 0, 3, 1978.45
1570821595, 0, 106, 806, 786, 218, 5.14%, 0, 0, 3, 2138.49
1570821600, 0, 114, 806, 785, 234, 5.14%, 0, 0, 3, 2088.10
1570821615, 0, 114, 807, 786, 234, 5.14%, 0, 0, 3, 1961.62
1570821620, 0, 114, 813, 792, 234, 5.15%, 0, 0, 3, 1958.52
1570821729, 0, 114, 821, 800, 234, 5.17%, 0, 0, 3, 1960.05
1570821734, 0, 114, 823, 802, 234, 5.17%, 0, 0, 3, 1965.05
1570821969, 0, 114, 824, 803, 234, 5.17%, 0, 0, 3, 1968.94
1570821989, 0, 115, 824, 802, 236, 5.17%, 0, 0, 3, 2302.83
1570822015, 0, 115, 825, 803, 236, 5.17%, 0, 0, 3, 2030.42
1570822040, 0, 115, 826, 804, 236, 5.17%, 0, 0, 3, 1998.64
1570822122, 0, 115, 827, 805, 236, 5.17%, 0, 0, 3, 1988.85
1570822377, 0, 115, 828, 806, 236, 5.17%, 0, 0, 3, 2202.59
1570822382, 0, 120, 829, 806, 237, 5.17%, 0, 0, 3, 2140.81
1570822403, 0, 120, 835, 812, 237, 5.18%, 0, 0, 3, 1980.37
1570822434, 0, 120, 841, 818, 237, 5.22%, 0, 0, 3, 2012.74
1570822465, 0, 120, 843, 820, 237, 5.23%, 0, 0, 3, 2032.22
1570822511, 0, 120, 857, 834, 237, 5.29%, 0, 0, 3, 1974.03
1570822752, 0, 120, 860, 837, 237, 5.30%, 0, 0, 3, 1985.81
1570822772, 0, 121, 860, 836, 257, 5.30%, 0, 0, 3, 2297.46
1570822792, 0, 121, 862, 838, 257, 5.30%, 0, 0, 3, 1951.99
1570822803, 0, 121, 863, 839, 257, 5.30%, 0, 0, 3, 2027.98
1570822854, 0, 121, 864, 840, 257, 5.30%, 0, 0, 3, 1965.91
1570822905, 0, 121, 871, 847, 257, 5.31%, 0, 0, 3, 1962.57
1570822946, 0, 121, 873, 849, 257, 5.31%, 0, 0, 3, 2054.81
1570823170, 0, 122, 873, 848, 258, 5.31%, 0, 0, 3, 2097.54
1570823191, 0, 122, 874, 849, 258, 5.31%, 0, 0, 3, 1982.85
1570823558, 0, 123, 875, 849, 257, 5.31%, 0, 0, 3, 2106.65
1570823579, 0, 123, 880, 854, 257, 5.33%, 0, 0, 3, 1962.64
1570823610, 0, 123, 883, 857, 257, 5.33%, 1, 0, 3, 1984.02
1570823692, 0, 123, 895, 869, 257, 5.42%, 1, 0, 3, 1959.67
1570823850, 0, 123, 896, 870, 257, 5.42%, 1, 0, 3, 2000.88
1570823866, 0, 123, 897, 871, 257, 5.42%, 1, 0, 3, 2080.60
1570823952, 0, 124, 898, 871, 267, 5.42%, 1, 0, 3, 2133.67
1570823973, 0, 124, 901, 874, 267, 5.42%, 1, 0, 3, 1979.51
1570824086, 0, 124, 904, 877, 267, 5.52%, 1, 0, 3, 2000.02
1570824340, 0, 131, 905, 877, 269, 5.52%, 1, 0, 3, 2234.90
1570824361, 0, 131, 906, 878, 269, 5.52%, 1, 0, 3, 1976.50
1570824366, 0, 131, 911, 883, 269, 5.52%, 1, 0, 3, 2006.43
1570824371, 0, 131, 912, 884, 269, 5.52%, 1, 0, 3, 2022.44
1570824397, 0, 131, 914, 886, 269, 5.52%, 1, 0, 3, 2040.21
1570824479, 0, 131, 919, 891, 269, 5.53%, 1, 0, 3, 1982.06
1570824627, 0, 131, 920, 892, 269, 5.53%, 1, 0, 3, 2048.36
1570824714, 0, 131, 921, 893, 269, 5.53%, 1, 0, 3, 2048.66
1570824730, 0, 141, 921, 892, 272, 5.53%, 1, 0, 3, 2275.47
1570824760, 0, 141, 922, 893, 272, 5.53%, 1, 0, 3, 2042.65
1570824872, 0, 141, 923, 894, 272, 5.53%, 1, 0, 3, 2037.83
1570825118, 0, 141, 924, 895, 272, 5.53%, 1, 0, 3, 2188.64
1570825123, 0, 162, 924, 894, 272, 5.53%, 1, 0, 3, 2097.57
1570825148, 0, 162, 929, 899, 272, 5.53%, 1, 0, 3, 2072.40
1570825174, 0, 162, 930, 900, 272, 5.53%, 1, 0, 3, 2031.54
1570825251, 0, 162, 931, 901, 272, 5.53%, 1, 0, 3, 1990.21
1570825266, 0, 162, 932, 902, 272, 5.53%, 1, 0, 3, 2098.55
1570825505, 0, 169, 932, 901, 273, 5.53%, 1, 0, 3, 2292.32
1570825531, 0, 169, 934, 903, 273, 5.53%, 1, 0, 3, 2023.71
1570825648, 0, 169, 935, 904, 273, 5.53%, 1, 0, 3, 2059.69
1570825893, 0, 170, 936, 904, 274, 5.53%, 1, 0, 3, 2438.94
1570825913, 0, 170, 937, 905, 274, 5.53%, 1, 0, 3, 2722.96
1570825960, 0, 170, 940, 908, 274, 5.53%, 1, 0, 3, 2726.95
1570826036, 0, 177, 940, 907, 271, 5.53%, 1, 0, 3, 2191.40
1570826062, 0, 177, 942, 909, 271, 5.53%, 1, 0, 3, 2054.22
1570826419, 0, 179, 942, 908, 271, 5.53%, 1, 0, 3, 2415.72
1570826491, 0, 179, 944, 910, 271, 5.53%, 1, 0, 3, 2630.81
1570826501, 0, 182, 944, 909, 271, 5.53%, 1, 0, 3, 2203.72
1570826527, 0, 182, 947, 912, 271, 5.54%, 1, 0, 3, 2060.73
1570826645, 0, 182, 948, 913, 271, 5.54%, 1, 0, 3, 2112.90
1570826802, 0, 182, 949, 914, 271, 5.54%, 1, 0, 3, 2058.71
1570826889, 0, 182, 953, 918, 271, 5.54%, 1, 0, 3, 2488.57
1570826894, 0, 182, 954, 919, 271, 5.54%, 1, 0, 3, 2582.55
1570826900, 0, 183, 957, 921, 271, 5.54%, 1, 0, 3, 2431.35
1570826925, 0, 183, 958, 922, 271, 5.54%, 1, 0, 3, 2039.14
1570826986, 0, 183, 959, 923, 271, 5.54%, 1, 0, 3, 2046.51
1570827068, 0, 183, 960, 924, 271, 5.54%, 1, 0, 3, 2136.27
1570827287, 0, 196, 960, 923, 271, 5.54%, 1, 0, 3, 2213.88
1570827313, 0, 196, 962, 925, 271, 5.54%, 1, 0, 3, 2035.02
1570827318, 0, 196, 963, 926, 271, 5.54%, 1, 0, 3, 2022.74
1570827344, 0, 196, 964, 927, 271, 5.54%, 1, 0, 3, 2054.18
1570827436, 0, 196, 965, 928, 271, 5.54%, 1, 0, 3, 2092.49
1570827675, 0, 198, 965, 927, 272, 5.54%, 1, 0, 3, 2233.00
1570827706, 0, 198, 969, 931, 272, 5.54%, 1, 0, 3, 2055.02
1570827732, 0, 198, 971, 933, 272, 5.55%, 1, 0, 3, 2023.19
1570827737, 0, 198, 972, 934, 272, 5.55%, 1, 0, 3, 2026.82
1570827824, 0, 198, 973, 935, 272, 5.55%, 1, 0, 3, 2099.32
1570827829, 0, 198, 974, 936, 272, 5.55%, 1, 0, 3, 2106.29
1570827844, 0, 198, 975, 937, 272, 5.55%, 1, 0, 3, 2128.84
1570828074, 0, 212, 977, 938, 274, 5.55%, 1, 0, 3, 2419.33
1570828094, 0, 212, 981, 942, 274, 5.55%, 1, 0, 3, 2477.34
1570828115, 0, 212, 984, 945, 274, 5.55%, 1, 0, 3, 2465.31
1570828145, 0, 212, 985, 946, 274, 5.55%, 1, 0, 3, 2457.75
1570828151, 0, 212, 990, 951, 274, 5.55%, 1, 0, 3, 2479.88
1570828156, 0, 212, 992, 953, 274, 5.55%, 1, 0, 3, 2466.87
1570828212, 0, 212, 993, 954, 274, 5.55%, 1, 0, 3, 2492.01
1570828233, 0, 212, 994, 955, 274, 5.55%, 1, 0, 3, 2483.80
1570828243, 0, 217, 994, 954, 276, 5.55%, 1, 0, 3, 2537.27
1570828391, 0, 217, 995, 955, 276, 5.55%, 1, 0, 3, 2117.92
1570828646, 0, 221, 996, 955, 275, 5.55%, 1, 0, 3, 2195.85
1570828672, 0, 221, 1003, 962, 275, 5.68%, 1, 0, 3, 2048.79
1570828739, 0, 221, 1004, 963, 275, 5.76%, 1, 0, 3, 2080.03
1570829044, 0, 221, 1005, 964, 275, 5.76%, 1, 0, 3, 2120.60
1570829049, 0, 242, 1005, 963, 277, 5.76%, 1, 0, 3, 2149.03
1570829065, 0, 242, 1006, 964, 277, 5.76%, 1, 0, 3, 1992.26
1570829449, 0, 246, 1006, 963, 276, 5.76%, 1, 0, 3, 2157.69
1570829479, 0, 246, 1008, 965, 276, 5.77%, 1, 0, 3, 2026.93
1570829531, 0, 246, 1009, 966, 276, 5.77%, 1, 0, 3, 2070.57
1570829592, 0, 246, 1010, 967, 276, 5.77%, 1, 0, 3, 2136.94
1570829597, 0, 246, 1011, 968, 276, 5.77%, 1, 0, 3, 2152.75
1570829791, 0, 246, 1013, 970, 276, 5.77%, 1, 0, 3, 2134.81
1570829846, 0, 253, 1013, 969, 277, 5.77%, 1, 0, 3, 2259.52
1570829872, 0, 253, 1014, 970, 277, 5.78%, 1, 0, 3, 1990.17
1570829877, 0, 253, 1016, 972, 277, 5.78%, 1, 0, 3, 1999.68
1570829944, 0, 253, 1017, 973, 277, 5.78%, 1, 0, 3, 2049.60
1570829995, 0, 253, 1018, 974, 277, 5.78%, 1, 0, 3, 2032.92
1570830015, 0, 253, 1019, 975, 277, 5.78%, 1, 0, 3, 2048.04
1570830255, 0, 258, 1019, 974, 279, 5.78%, 1, 0, 3, 2248.15
1570830337, 0, 258, 1020, 975, 279, 5.78%, 1, 0, 3, 2346.93
1570830348, 0, 258, 1023, 978, 279, 5.79%, 1, 0, 3, 2361.20
1570830368, 0, 258, 1024, 979, 279, 5.79%, 1, 0, 3, 2365.86
1570830470, 0, 260, 1024, 978, 280, 5.79%, 1, 0, 3, 2410.70
1570830684, 0, 268, 1024, 977, 279, 5.79%, 1, 0, 3, 2312.43
1570830700, 0, 268, 1026, 979, 279, 5.79%, 1, 0, 3, 2090.96
1570830705, 0, 268, 1027, 980, 279, 5.79%, 1, 0, 3, 2099.75
1570830710, 0, 268, 1033, 986, 279, 5.79%, 1, 0, 3, 2155.27
1570830741, 0, 268, 1034, 987, 279, 5.79%, 1, 0, 3, 2137.64
1570830807, 0, 268, 1035, 988, 279, 5.79%, 1, 0, 3, 2094.34
1570830837, 0, 268, 1037, 990, 279, 5.79%, 1, 0, 3, 2198.56
1570830853, 0, 268, 1038, 991, 279, 5.79%, 1, 0, 3, 2075.21
1570830965, 0, 268, 1039, 992, 279, 5.79%, 1, 0, 3, 2172.82
1570831042, 0, 272, 1040, 992, 279, 5.79%, 1, 0, 3, 2356.18
1570831134, 0, 272, 1041, 993, 279, 5.79%, 1, 0, 3, 2352.54
1570831257, 0, 272, 1042, 994, 279, 5.79%, 1, 0, 3, 2332.70
1570831262, 0, 273, 1042, 993, 278, 5.79%, 1, 0, 3, 2309.29
1570831360, 0, 273, 1043, 994, 278, 5.79%, 1, 0, 3, 2303.13
1570831380, 0, 273, 1045, 996, 278, 5.79%, 1, 0, 3, 2345.78
1570831513, 0, 279, 1046, 996, 276, 5.79%, 1, 0, 3, 2280.33
1570831678, 0, 279, 1048, 998, 276, 5.79%, 1, 0, 3, 2171.09
1570831907, 0, 280, 1048, 997, 275, 5.79%, 1, 0, 3, 2083.21
1570831964, 0, 280, 1049, 998, 275, 5.79%, 1, 0, 3, 2003.23
1570832077, 0, 280, 1051, 1000, 275, 5.80%, 1, 0, 3, 2087.66
1570832082, 0, 280, 1052, 1001, 275, 5.80%, 1, 0, 3, 1992.05
1570832322, 0, 285, 1052, 1000, 277, 5.80%, 1, 0, 3, 2301.52
1570832538, 0, 286, 1052, 999, 276, 5.80%, 1, 0, 3, 2381.00
1570832758, 0, 288, 1052, 998, 275, 5.80%, 1, 0, 3, 2137.35
1570832789, 0, 288, 1056, 1002, 275, 5.80%, 1, 0, 3, 1905.60
1570832819, 0, 288, 1058, 1004, 275, 5.80%, 1, 0, 3, 1924.57
1570832881, 0, 288, 1059, 1005, 275, 5.80%, 1, 0, 3, 1857.02
1570832891, 0, 288, 1060, 1006, 275, 5.80%, 1, 0, 3, 1993.64
1570832912, 0, 288, 1061, 1007, 275, 5.80%, 1, 0, 3, 2006.92
1570832917, 0, 288, 1062, 1008, 275, 5.80%, 1, 0, 3, 1966.40
1570833115, 0, 291, 1062, 1007, 276, 5.80%, 1, 0, 3, 2257.76
1570833140, 0, 291, 1063, 1008, 276, 5.80%, 1, 0, 3, 2020.42
1570833146, 0, 291, 1064, 1009, 276, 5.80%, 1, 0, 3, 2040.00
1570833284, 0, 291, 1065, 1010, 276, 5.80%, 1, 0, 3, 2137.01
1570833524, 0, 298, 1065, 1009, 276, 5.80%, 1, 0, 3, 2174.99
1570833529, 0, 298, 1067, 1011, 276, 5.80%, 1, 0, 3, 2029.16
1570833881, 0, 298, 1068, 1012, 276, 5.80%, 1, 0, 3, 1990.25
1570833932, 0, 302, 1068, 1011, 275, 5.80%, 1, 0, 3, 2330.29
1570833963, 0, 302, 1069, 1012, 275, 5.80%, 1, 0, 3, 2058.29
1570834020, 0, 302, 1071, 1014, 275, 5.80%, 1, 0, 3, 2052.71
1570834081, 0, 302, 1072, 1015, 275, 5.80%, 1, 0, 3, 2111.89
1570834280, 0, 312, 1072, 1014, 274, 5.80%, 1, 0, 3, 2394.21
1570834418, 0, 317, 1072, 1013, 273, 5.80%, 1, 0, 3, 2703.25
1570834511, 0, 317, 1073, 1014, 273, 5.80%, 1, 0, 3, 2530.04
1570834556, 0, 317, 1074, 1015, 273, 5.80%, 1, 0, 3, 2538.20
1570834572, 0, 318, 1074, 1014, 273, 5.80%, 1, 0, 3, 2741.00
1570834705, 0, 319, 1076, 1015, 272, 5.85%, 1, 0, 3, 2761.56
1570834710, 0, 319, 1088, 1027, 272, 5.91%, 1, 0, 3, 2776.76
1570834715, 0, 319, 1093, 1032, 272, 5.95%, 1, 0, 3, 2779.15
1570834720, 0, 320, 1095, 1033, 287, 5.95%, 1, 0, 3, 2817.30
1570834725, 0, 326, 1095, 1032, 286, 5.95%, 1, 0, 3, 2695.94
1570834797, 0, 329, 1095, 1031, 285, 5.95%, 1, 0, 3, 2676.54
1570835207, 0, 336, 1095, 1030, 284, 5.95%, 1, 0, 3, 2256.61
1570835227, 0, 336, 1096, 1031, 284, 5.95%, 1, 0, 3, 1946.76
1570835233, 0, 336, 1097, 1032, 284, 5.95%, 1, 0, 3, 1962.12
1570835258, 0, 336, 1098, 1033, 284, 5.95%, 1, 0, 3, 1993.34
1570835289, 0, 336, 1099, 1034, 284, 5.96%, 1, 0, 3, 1975.61
1570835340, 0, 336, 1104, 1039, 284, 5.97%, 1, 0, 3, 1983.83
1570835586, 0, 336, 1105, 1040, 284, 5.97%, 1, 0, 3, 2000.22
1570835621, 0, 337, 1105, 1039, 291, 5.97%, 1, 0, 3, 2095.03
1570835642, 0, 337, 1110, 1044, 291, 5.99%, 1, 0, 3, 1961.93
1570835673, 0, 337, 1111, 1045, 291, 5.99%, 1, 0, 3, 1993.21
1570835754, 0, 337, 1113, 1047, 291, 5.99%, 1, 0, 3, 1989.30
1570835908, 0, 337, 1114, 1048, 291, 6.02%, 1, 0, 3, 2078.82
1570835918, 0, 337, 1115, 1049, 291, 6.02%, 1, 0, 3, 1977.73
1570836000, 0, 337, 1117, 1051, 291, 6.03%, 1, 0, 3, 1949.30
1570836036, 0, 338, 1117, 1050, 298, 6.03%, 1, 0, 3, 2076.57
1570836056, 0, 338, 1119, 1052, 298, 6.04%, 1, 0, 3, 1991.45
1570836169, 0, 338, 1120, 1053, 298, 6.04%, 1, 0, 3, 2000.66
1570836444, 0, 340, 1120, 1052, 297, 6.04%, 1, 0, 3, 2197.32
1570836465, 0, 340, 1121, 1053, 297, 6.04%, 1, 0, 3, 1948.58
1570836470, 0, 340, 1123, 1055, 297, 6.05%, 1, 0, 3, 1991.48
1570836496, 0, 340, 1125, 1057, 297, 6.05%, 1, 0, 3, 1949.09
1570836536, 0, 340, 1126, 1058, 297, 6.05%, 1, 0, 3, 2003.79
1570836583, 0, 340, 1131, 1063, 297, 6.07%, 1, 0, 3, 1982.61
1570836859, 0, 350, 1131, 1062, 303, 6.07%, 1, 0, 3, 2226.86
1570837262, 0, 351, 1131, 1061, 302, 6.07%, 1, 0, 3, 2299.71
1570837436, 0, 351, 1133, 1063, 302, 6.07%, 1, 0, 3, 2103.54
1570837681, 0, 356, 1133, 1062, 302, 6.07%, 1, 0, 3, 2308.83
1570837702, 0, 356, 1135, 1064, 302, 6.07%, 1, 0, 3, 1992.67
1570837707, 0, 356, 1137, 1066, 302, 6.08%, 1, 0, 3, 2030.21
1570837733, 0, 356, 1138, 1067, 302, 6.08%, 1, 0, 3, 2020.77
1570837738, 0, 356, 1139, 1068, 302, 6.08%, 1, 0, 3, 2049.44
1570837810, 0, 356, 1140, 1069, 302, 6.09%, 1, 0, 3, 2000.92
1570837962, 0, 356, 1141, 1070, 302, 6.09%, 1, 0, 3, 2100.83
1570838054, 0, 356, 1146, 1075, 302, 6.09%, 1, 0, 3, 1996.59
1570838085, 0, 358, 1146, 1074, 303, 6.09%, 1, 0, 3, 2138.42
1570838110, 0, 358, 1147, 1075, 303, 6.09%, 1, 0, 3, 2096.77
1570838207, 0, 358, 1148, 1076, 303, 6.09%, 1, 0, 3, 2061.30
1570838457, 0, 364, 1148, 1075, 304, 6.09%, 1, 0, 3, 2267.48
1570838477, 0, 364, 1151, 1078, 304, 6.09%, 1, 0, 3, 1966.63
1570838488, 0, 364, 1153, 1080, 304, 6.09%, 1, 0, 3, 2026.44
1570838518, 0, 364, 1154, 1081, 304, 6.09%, 1, 0, 3, 2021.23
1570838554, 0, 364, 1155, 1082, 304, 6.09%, 1, 0, 3, 2047.97
1570838687, 0, 364, 1156, 1083, 304, 6.09%, 1, 0, 3, 2137.74
1570838866, 0, 366, 1156, 1082, 303, 6.09%, 1, 0, 3, 2358.68
1570838871, 0, 373, 1156, 1081, 302, 6.09%, 1, 0, 3, 2296.88
1570838891, 0, 373, 1159, 1084, 302, 6.10%, 1, 0, 3, 1996.80
1570838922, 0, 373, 1160, 1085, 302, 6.10%, 1, 0, 3, 1996.98
1570838953, 0, 373, 1162, 1087, 302, 6.11%, 1, 0, 3, 2036.91
1570838999, 0, 373, 1163, 1088, 302, 6.11%, 1, 0, 3, 1986.57
1570839004, 0, 373, 1169, 1094, 302, 6.18%, 1, 0, 3, 1978.76
1570839157, 0, 373, 1170, 1095, 302, 6.18%, 1, 0, 3, 2075.49
1570839249, 0, 373, 1176, 1101, 302, 6.18%, 1, 0, 3, 1995.71
1570839285, 0, 376, 1177, 1101, 311, 6.18%, 1, 0, 3, 2103.54
1570839310, 0, 376, 1178, 1102, 311, 6.18%, 1, 0, 3, 2063.20
1570839693, 0, 385, 1178, 1101, 311, 6.18%, 1, 0, 3, 2264.36
1570839857, 0, 385, 1179, 1102, 311, 6.18%, 1, 0, 3, 1992.84
1570839862, 0, 385, 1180, 1103, 311, 6.18%, 1, 0, 3, 2021.78
1570840096, 0, 395, 1181, 1103, 310, 6.18%, 1, 0, 3, 2293.60
1570840122, 0, 395, 1190, 1112, 310, 6.20%, 1, 0, 3, 2292.17
1570840148, 0, 395, 1191, 1113, 310, 6.20%, 1, 0, 3, 2305.01
1570840173, 0, 395, 1192, 1114, 310, 6.20%, 1, 0, 3, 2295.13
1570840179, 0, 395, 1197, 1119, 310, 6.21%, 1, 0, 3, 2343.20
1570840189, 0, 395, 1199, 1121, 310, 6.21%, 1, 0, 3, 2329.88
1570840194, 0, 395, 1200, 1122, 310, 6.21%, 1, 0, 3, 2331.98
1570840204, 0, 395, 1201, 1123, 310, 6.21%, 1, 0, 3, 2296.94
1570840209, 0, 395, 1202, 1124, 310, 6.21%, 1, 0, 3, 2322.73
1570840265, 0, 395, 1203, 1125, 310, 6.21%, 1, 0, 3, 2301.77
1570840317, 0, 397, 1203, 1124, 315, 6.21%, 1, 0, 3, 2299.30
1570840404, 0, 397, 1204, 1125, 315, 6.21%, 1, 0, 3, 2328.08
1570840542, 0, 400, 1204, 1124, 315, 6.21%, 1, 0, 3, 2113.37
1570840562, 0, 400, 1205, 1125, 315, 6.21%, 1, 0, 3, 1934.68
1570840567, 0, 400, 1213, 1133, 315, 6.23%, 1, 0, 3, 1996.86
1570840598, 0, 400, 1214, 1134, 315, 6.23%, 1, 0, 3, 2023.52
1570840628, 0, 400, 1215, 1135, 315, 6.23%, 1, 0, 3, 1997.12
1570840634, 0, 400, 1216, 1136, 315, 6.23%, 1, 0, 3, 1973.18
1570840639, 0, 400, 1217, 1137, 315, 6.23%, 1, 0, 3, 1936.78
1570840700, 0, 400, 1218, 1138, 315, 6.23%, 1, 0, 3, 2035.37
1570840705, 0, 400, 1219, 1139, 315, 6.23%, 1, 0, 3, 2030.76
1570840710, 0, 400, 1220, 1140, 315, 6.23%, 1, 0, 3, 2073.49
1570840965, 0, 405, 1220, 1139, 322, 6.23%, 1, 0, 3, 2483.48
1570840970, 0, 406, 1220, 1138, 321, 6.23%, 1, 0, 3, 2213.53
1570841272, 0, 406, 1221, 1139, 321, 6.23%, 1, 0, 3, 2083.40
1570841385, 0, 419, 1221, 1138, 321, 6.23%, 1, 0, 3, 2405.27
1570841461, 0, 436, 1221, 1137, 320, 6.23%, 1, 0, 3, 2175.24
1570841482, 0, 436, 1223, 1139, 320, 6.24%, 1, 0, 3, 1987.12
1570841512, 0, 436, 1225, 1141, 320, 6.25%, 1, 0, 3, 2034.76
1570841538, 0, 436, 1227, 1143, 320, 6.26%, 1, 0, 3, 1997.34
1570841574, 0, 436, 1228, 1144, 320, 6.26%, 1, 0, 3, 1993.41
1570841589, 0, 436, 1240, 1156, 320, 6.39%, 1, 0, 3, 2001.95
1570841876, 0, 440, 1240, 1155, 331, 6.39%, 1, 0, 3, 2234.84
1570841902, 0, 440, 1245, 1160, 331, 6.40%, 1, 0, 3, 1994.67
1570841927, 0, 440, 1246, 1161, 331, 6.40%, 1, 0, 3, 1964.58
1570841932, 0, 440, 1247, 1162, 331, 6.40%, 1, 0, 3, 2033.32
1570841994, 0, 440, 1248, 1163, 331, 6.40%, 1, 0, 3, 1969.41
1570842009, 0, 440, 1249, 1164, 331, 6.41%, 1, 0, 3, 1965.10
1570842302, 0, 441, 1249, 1163, 331, 6.41%, 1, 0, 3, 2074.91
1570842322, 0, 441, 1250, 1164, 331, 6.41%, 1, 0, 3, 1961.80
1570842430, 0, 441, 1257, 1171, 331, 6.43%, 1, 0, 3, 1975.65
1570842721, 0, 444, 1257, 1170, 338, 6.43%, 1, 0, 3, 2157.58
1570842742, 0, 444, 1258, 1171, 338, 6.43%, 1, 0, 3, 1983.04
1570842849, 0, 444, 1259, 1172, 338, 6.44%, 1, 0, 3, 1992.73
1570843135, 0, 445, 1259, 1171, 339, 6.44%, 1, 0, 3, 2235.63
1570843155, 0, 445, 1260, 1172, 339, 6.44%, 1, 0, 3, 1983.54
1570843161, 0, 445, 1261, 1173, 339, 6.45%, 1, 0, 3, 1997.10
1570843191, 0, 445, 1262, 1174, 339, 6.45%, 1, 0, 3, 2043.82
1570843268, 0, 445, 1264, 1176, 339, 6.47%, 1, 0, 3, 1951.70
1570843519, 0, 445, 1268, 1180, 339, 6.50%, 1, 0, 3, 1999.00
1570843554, 0, 446, 1268, 1179, 343, 6.50%, 1, 0, 3, 2178.76
1570843574, 0, 446, 1271, 1182, 343, 6.50%, 1, 0, 3, 1992.72
1570843605, 0, 446, 1272, 1183, 343, 6.51%, 1, 0, 3, 1984.18
1570843635, 0, 446, 1273, 1184, 343, 6.51%, 1, 0, 3, 2024.39
1570843687, 0, 446, 1282, 1193, 343, 6.57%, 1, 0, 3, 1993.70
1570843937, 0, 446, 1283, 1194, 343, 6.57%, 1, 0, 3, 1991.86
1570843972, 0, 448, 1283, 1193, 352, 6.57%, 1, 0, 3, 2110.44
1570843993, 0, 448, 1286, 1196, 352, 6.57%, 1, 0, 3, 1977.58
1570844357, 0, 448, 1287, 1197, 352, 6.57%, 1, 0, 3, 1974.42
1570844362, 0, 448, 1288, 1198, 352, 6.57%, 1, 0, 3, 1975.15
1570844393, 0, 451, 1288, 1197, 353, 6.57%, 1, 0, 3, 2202.59
1570844470, 0, 451, 1289, 1198, 353, 6.57%, 1, 0, 3, 1989.05
1570844526, 0, 451, 1290, 1199, 353, 6.58%, 1, 0, 3, 2005.01
1570844776, 0, 451, 1291, 1200, 353, 6.58%, 1, 0, 3, 2005.56
1570844811, 0, 454, 1291, 1199, 354, 6.58%, 1, 0, 3, 2091.43
1570844832, 0, 454, 1292, 1200, 354, 6.58%, 1, 0, 3, 1999.43
1570844944, 0, 454, 1294, 1202, 354, 6.60%, 1, 0, 3, 1994.59
1570845189, 0, 454, 1295, 1203, 354, 6.61%, 1, 0, 3, 1988.33
1570845225, 0, 458, 1295, 1202, 354, 6.61%, 1, 0, 3, 2186.29
1570845251, 0, 458, 1296, 1203, 354, 6.61%, 1, 0, 3, 2022.58
1570845276, 0, 458, 1297, 1204, 354, 6.61%, 1, 0, 3, 1974.54
1570845364, 0, 458, 1299, 1206, 354, 6.62%, 1, 0, 3, 1970.18
1570845517, 0, 458, 1300, 1207, 354, 6.63%, 1, 0, 3, 2028.11
1570845614, 0, 458, 1301, 1208, 354, 6.63%, 1, 0, 3, 1973.17
1570845650, 0, 460, 1301, 1207, 355, 6.63%, 1, 0, 3, 2100.98
1570845670, 0, 460, 1303, 1209, 355, 6.63%, 1, 0, 3, 1947.68
1570846070, 0, 464, 1305, 1210, 355, 6.63%, 1, 0, 3, 2390.81
1570846095, 0, 464, 1306, 1211, 355, 6.63%, 1, 0, 3, 2021.34
1570846208, 0, 464, 1308, 1213, 355, 6.63%, 1, 0, 3, 1997.25
1570846382, 0, 464, 1309, 1214, 355, 6.63%, 1, 0, 3, 2023.71
1570846459, 0, 464, 1310, 1215, 355, 6.68%, 1, 0, 3, 1994.33
1570846489, 0, 465, 1310, 1214, 355, 6.68%, 1, 0, 3, 2208.74
1570846520, 0, 465, 1311, 1215, 355, 6.68%, 1, 0, 3, 2040.93
1570846908, 0, 467, 1312, 1215, 355, 6.68%, 1, 0, 3, 2248.81
1570846933, 0, 467, 1313, 1216, 355, 6.68%, 1, 0, 3, 2025.30
1570846938, 0, 467, 1314, 1217, 355, 6.68%, 1, 0, 3, 2027.70
1570847000, 0, 467, 1314, 1217, 355, 6.68%, 2, 0, 3, 2089.66
1570847051, 0, 467, 1316, 1219, 355, 6.69%, 2, 0, 3, 2088.58
1570847061, 0, 467, 1317, 1220, 355, 6.69%, 2, 0, 3, 2112.69
1570847072, 0, 467, 1319, 1222, 355, 6.69%, 2, 0, 3, 2082.68
1570847113, 0, 467, 1320, 1223, 355, 6.69%, 2, 0, 3, 2018.63
1570847215, 0, 467, 1321, 1224, 355, 6.69%, 2, 0, 3, 2054.27
1570847301, 0, 467, 1322, 1225, 355, 6.69%, 2, 0, 3, 2145.02
1570847322, 0, 473, 1324, 1226, 358, 6.69%, 2, 0, 3, 2215.35
1570847347, 0, 473, 1325, 1227, 358, 6.69%, 2, 0, 3, 2022.91
1570847414, 0, 473, 1325, 1227, 358, 6.69%, 3, 0, 3, 2031.27
1570847475, 0, 473, 1326, 1228, 358, 6.69%, 3, 0, 3, 2122.19
1570847490, 0, 473, 1327, 1229, 358, 6.69%, 3, 0, 3, 2162.04
1570847741, 0, 474, 1327, 1228, 358, 6.69%, 3, 0, 3, 2119.29
1570847766, 0, 474, 1328, 1229, 358, 6.69%, 3, 0, 3, 2041.20
1570847884, 0, 474, 1329, 1230, 358, 6.70%, 3, 0, 3, 2120.93
1570847894, 0, 474, 1330, 1231, 358, 6.70%, 3, 0, 3, 2103.79
1570848042, 0, 474, 1330, 1231, 358, 6.70%, 4, 0, 3, 2071.88
1570848155, 0, 475, 1330, 1230, 358, 6.70%, 4, 0, 3, 2172.31
1570848186, 0, 475, 1331, 1231, 358, 6.70%, 4, 0, 3, 2027.36
1570848298, 0, 475, 1332, 1232, 358, 6.70%, 4, 0, 3, 2079.50
1570848313, 0, 475, 1333, 1233, 358, 6.70%, 4, 0, 3, 2075.96
1570848456, 0, 475, 1333, 1233, 358, 6.70%, 5, 0, 3, 2063.87
1570848569, 0, 476, 1333, 1232, 359, 6.70%, 5, 0, 3, 2316.91
1570848599, 0, 476, 1334, 1233, 359, 6.70%, 5, 0, 3, 2046.71
1570848661, 0, 476, 1334, 1233, 359, 6.70%, 6, 0, 3, 2042.01
1570848717, 0, 476, 1335, 1234, 359, 6.71%, 6, 0, 3, 2113.71
1570848732, 0, 476, 1336, 1235, 359, 6.71%, 6, 0, 3, 2092.69
1570848988, 0, 477, 1336, 1234, 360, 6.71%, 6, 0, 3, 2187.15
1570849019, 0, 477, 1337, 1235, 360, 6.71%, 6, 0, 3, 2009.65
1570849080, 0, 477, 1337, 1235, 360, 6.71%, 7, 0, 3, 2041.28
1570849136, 0, 477, 1338, 1236, 360, 6.71%, 7, 0, 3, 2112.21
1570849151, 0, 477, 1339, 1237, 360, 6.71%, 7, 0, 3, 2099.51
1570849407, 0, 478, 1339, 1236, 361, 6.71%, 7, 0, 3, 2130.46
1570849432, 0, 478, 1340, 1237, 361, 6.71%, 7, 0, 3, 2060.58
1570849499, 0, 478, 1340, 1237, 361, 6.71%, 8, 0, 3, 2088.55
1570849550, 0, 478, 1341, 1238, 361, 6.71%, 8, 0, 3, 2119.93
1570849571, 0, 478, 1342, 1239, 361, 6.71%, 8, 0, 3, 2102.09
1570849821, 0, 497, 1342, 1238, 363, 6.71%, 8, 0, 3, 2265.96
1570849919, 0, 497, 1343, 1239, 363, 6.71%, 8, 0, 3, 2348.95
1570850062, 0, 501, 1343, 1238, 362, 6.71%, 8, 0, 3, 2068.56
1570850092, 0, 501, 1345, 1240, 362, 6.71%, 8, 0, 3, 1859.34
1570850164, 0, 501, 1345, 1240, 362, 6.71%, 9, 0, 3, 1934.34
1570850194, 0, 501, 1346, 1241, 362, 6.71%, 9, 0, 3, 1924.62
1570850220, 0, 501, 1347, 1242, 362, 6.72%, 9, 0, 3, 1973.63
1570850428, 0, 504, 1347, 1241, 365, 6.72%, 9, 0, 3, 2205.94
1570850449, 0, 504, 1348, 1242, 365, 6.72%, 9, 0, 3, 2015.40
1570850521, 0, 504, 1349, 1243, 365, 6.72%, 9, 0, 3, 2098.33
1570850844, 0, 515, 1349, 1242, 364, 6.72%, 9, 0, 3, 2165.28
1570850869, 0, 515, 1351, 1244, 364, 6.72%, 9, 0, 3, 2024.03
1570850900, 0, 515, 1352, 1245, 364, 6.72%, 9, 0, 3, 2063.68
1570850930, 0, 515, 1353, 1246, 364, 6.72%, 9, 0, 3, 2026.61
1570850936, 0, 515, 1354, 1247, 364, 6.72%, 9, 0, 3, 2100.29
1570850997, 0, 515, 1355, 1248, 364, 6.72%, 9, 0, 3, 2105.20
1570851258, 0, 518, 1355, 1247, 363, 6.72%, 9, 0, 3, 2461.75
1570851278, 0, 518, 1356, 1248, 363, 6.72%, 9, 0, 3, 2578.95
1570851299, 0, 518, 1357, 1249, 363, 6.72%, 9, 0, 3, 2638.79
1570851402, 0, 520, 1357, 1248, 363, 6.72%, 9, 0, 3, 2645.79
1570851821, 0, 525, 1357, 1247, 362, 6.72%, 9, 0, 3, 2290.51
1570852057, 0, 528, 1357, 1246, 361, 6.72%, 9, 0, 3, 2350.10
1570852108, 0, 528, 1358, 1247, 361, 6.72%, 9, 0, 3, 2008.38
1570852149, 0, 528, 1359, 1248, 361, 6.72%, 9, 0, 3, 2028.11
1570852251, 0, 528, 1360, 1249, 361, 6.72%, 9, 0, 3, 2002.61
1570852475, 0, 529, 1360, 1248, 360, 6.72%, 9, 0, 3, 2275.19
1570852701, 0, 533, 1360, 1247, 359, 6.72%, 9, 0, 3, 2230.93
1570853115, 0, 540, 1360, 1246, 358, 6.72%, 9, 0, 3, 2239.38
1570853145, 0, 540, 1362, 1248, 358, 6.72%, 9, 0, 3, 2032.07
1570853212, 0, 540, 1363, 1249, 358, 6.72%, 9, 0, 3, 2048.78
1570853426, 0, 540, 1364, 1250, 358, 6.72%, 9, 0, 3, 2035.67
1570853518, 0, 540, 1365, 1251, 358, 6.72%, 9, 0, 3, 2098.48
1570853543, 0, 544, 1365, 1250, 357, 6.72%, 9, 0, 3, 2304.25
1570853569, 0, 544, 1367, 1252, 357, 6.72%, 9, 0, 3, 2306.20
1570853595, 0, 544, 1368, 1253, 357, 6.72%, 9, 0, 3, 2321.52
1570853763, 0, 548, 1368, 1252, 356, 6.72%, 9, 0, 3, 2502.12
1570853769, 0, 565, 1371, 1254, 358, 6.75%, 9, 0, 3, 2479.54
1570853993, 0, 574, 1371, 1253, 357, 6.75%, 9, 0, 3, 2467.47
1570853998, 0, 577, 1371, 1252, 356, 6.75%, 9, 0, 3, 2679.54
1570854065, 0, 580, 1373, 1253, 355, 6.75%, 9, 0, 3, 2788.34
1570854070, 0, 585, 1373, 1252, 355, 6.75%, 9, 0, 3, 2766.20
1570854075, 0, 592, 1373, 1251, 354, 6.75%, 9, 0, 3, 2696.92
1570854147, 0, 595, 1373, 1250, 353, 6.75%, 9, 0, 3, 2700.58
1570854153, 0, 600, 1373, 1249, 352, 6.75%, 9, 0, 3, 2751.94
1570854230, 0, 603, 1373, 1248, 351, 6.75%, 9, 0, 3, 2640.58
1570854251, 0, 603, 1374, 1249, 351, 6.75%, 9, 0, 3, 2463.00
1570854410, 0, 615, 1375, 1249, 350, 6.75%, 9, 0, 3, 2516.64
1570854430, 0, 615, 1377, 1251, 350, 6.75%, 9, 0, 3, 2431.12
1570854435, 0, 615, 1378, 1252, 350, 6.75%, 9, 0, 3, 2433.38
1570854583, 0, 617, 1378, 1251, 349, 6.75%, 9, 0, 3, 2556.17
1570854676, 0, 626, 1378, 1250, 348, 6.75%, 9, 0, 3, 2777.07
1570854733, 0, 628, 1378, 1249, 347, 6.75%, 9, 0, 3, 2831.80
1570854753, 0, 628, 1379, 1250, 347, 6.75%, 9, 0, 3, 2486.11
1570854825, 0, 628, 1381, 1252, 347, 6.75%, 9, 0, 3, 2554.10
1570854871, 0, 628, 1382, 1253, 347, 6.75%, 9, 0, 3, 2546.10
1570854886, 0, 636, 1382, 1251, 347, 6.75%, 9, 0, 3, 2581.04
1570854891, 0, 641, 1383, 1249, 345, 6.77%, 9, 0, 4, 2789.36
1570854896, 0, 642, 1385, 1250, 344, 6.78%, 9, 0, 4, 2737.21
1570854902, 0, 643, 1391, 1255, 349, 6.83%, 9, 0, 4, 2799.75
1570854907, 0, 644, 1392, 1255, 350, 6.89%, 9, 0, 4, 2846.61
1570854912, 0, 645, 1392, 1254, 349, 6.89%, 9, 0, 4, 2821.54
1570854917, 0, 646, 1393, 1254, 348, 6.89%, 9, 0, 4, 2746.58
1570854927, 0, 647, 1396, 1256, 350, 6.90%, 9, 0, 4, 2824.68
1570854932, 0, 663, 1399, 1256, 351, 6.92%, 9, 0, 4, 2805.69
1570854937, 0, 663, 1400, 1257, 351, 6.92%, 9, 0, 4, 2433.28
1570854958, 0, 663, 1401, 1258, 351, 6.92%, 9, 0, 4, 2356.49
1570855024, 0, 663, 1403, 1260, 351, 6.93%, 9, 0, 4, 2389.54
1570855030, 0, 663, 1404, 1261, 351, 6.93%, 9, 0, 4, 2392.36
1570855040, 0, 663, 1406, 1263, 351, 6.93%, 9, 0, 4, 2372.15
1570855106, 0, 663, 1407, 1264, 351, 6.93%, 9, 0, 4, 2356.47
1570855132, 0, 670, 1407, 1263, 357, 6.93%, 9, 0, 4, 2077.02
1570855153, 0, 670, 1409, 1265, 357, 6.93%, 9, 0, 4, 1915.76
1570855163, 0, 670, 1410, 1266, 357, 6.93%, 9, 0, 4, 1933.72
1570855183, 0, 670, 1412, 1268, 357, 6.93%, 9, 0, 4, 1907.18
1570855214, 0, 670, 1414, 1270, 357, 6.93%, 9, 0, 4, 1917.78
1570855266, 0, 670, 1421, 1277, 357, 6.93%, 9, 0, 4, 1898.72
1570855302, 0, 670, 1422, 1278, 357, 6.93%, 9, 0, 4, 2070.87
1570855521, 0, 670, 1423, 1279, 357, 6.93%, 9, 0, 4, 1911.35
1570855551, 0, 672, 1424, 1279, 357, 6.93%, 9, 0, 4, 2313.05
1570855557, 0, 672, 1425, 1280, 357, 6.93%, 9, 0, 4, 2376.99
1570855572, 0, 672, 1426, 1281, 357, 6.93%, 9, 0, 4, 2399.89
1570855577, 0, 672, 1450, 1305, 357, 6.95%, 9, 0, 4, 2405.39
1570855598, 0, 672, 1455, 1310, 357, 6.97%, 9, 0, 4, 2383.47
1570855603, 0, 672, 1460, 1315, 357, 6.97%, 9, 0, 4, 2394.53
1570855623, 0, 672, 1461, 1316, 357, 6.97%, 9, 0, 4, 2386.85
1570855629, 0, 672, 1462, 1317, 357, 6.97%, 9, 0, 4, 2373.98
1570855639, 0, 672, 1464, 1319, 357, 6.97%, 9, 0, 4, 2415.63
1570855644, 0, 672, 1470, 1325, 357, 6.97%, 9, 0, 4, 2413.18
1570855649, 0, 672, 1471, 1326, 357, 6.97%, 9, 0, 4, 2417.54
1570855654, 0, 672, 1476, 1331, 357, 6.97%, 9, 0, 4, 2435.98
1570855730, 0, 672, 1477, 1332, 357, 6.97%, 9, 0, 4, 2385.65
1570855745, 0, 680, 1478, 1332, 374, 6.97%, 9, 0, 4, 2412.78
1570855750, 0, 680, 1479, 1333, 374, 6.97%, 9, 0, 4, 2165.77
1570855771, 0, 680, 1488, 1342, 374, 6.97%, 9, 0, 4, 2135.11
1570855776, 0, 680, 1489, 1343, 374, 6.97%, 9, 0, 4, 2135.47
1570855797, 0, 680, 1491, 1345, 374, 6.97%, 9, 0, 4, 2157.17
1570855827, 0, 680, 1494, 1348, 374, 6.97%, 9, 0, 4, 2165.07
1570855848, 0, 680, 1497, 1351, 374, 6.98%, 9, 0, 4, 2196.11
1570855853, 0, 680, 1499, 1353, 374, 6.98%, 9, 0, 4, 2233.51
1570855858, 0, 680, 1502, 1356, 374, 6.99%, 9, 0, 4, 2205.32
1570855863, 0, 680, 1506, 1360, 374, 6.99%, 9, 0, 4, 2203.42
1570855929, 0, 680, 1509, 1363, 374, 7.00%, 9, 0, 4, 2245.05
1570855940, 0, 680, 1511, 1365, 374, 7.00%, 9, 0, 4, 2233.54
1570855955, 0, 680, 1513, 1367, 374, 7.00%, 9, 0, 4, 2192.35
1570855980, 0, 680, 1515, 1369, 374, 7.01%, 9, 0, 4, 2271.50
1570855996, 0, 681, 1515, 1368, 386, 7.01%, 9, 0, 4, 2251.73
1570856031, 0, 681, 1516, 1369, 386, 7.01%, 9, 0, 4, 2555.69
1570856113, 0, 681, 1517, 1370, 386, 7.01%, 9, 0, 4, 2588.98
1570856133, 0, 693, 1517, 1369, 385, 7.01%, 9, 0, 4, 2600.89
1570856205, 0, 693, 1520, 1372, 385, 7.01%, 9, 0, 4, 2550.20
1570856287, 0, 699, 1520, 1371, 385, 7.01%, 9, 0, 4, 2300.98
1570856702, 0, 707, 1520, 1370, 384, 7.01%, 9, 0, 4, 2427.05
1570856906, 0, 710, 1520, 1369, 383, 7.01%, 9, 0, 4, 2513.76
1570856937, 0, 710, 1531, 1380, 383, 7.01%, 9, 0, 4, 2026.38
1570857075, 0, 710, 1532, 1381, 383, 7.01%, 9, 0, 4, 2062.88
1570857080, 0, 710, 1533, 1382, 383, 7.01%, 9, 0, 4, 2091.99
1570857330, 0, 712, 1533, 1381, 382, 7.01%, 9, 0, 4, 2233.08
1570857463, 0, 713, 1533, 1380, 381, 7.01%, 9, 0, 4, 2609.10
1570857602, 0, 714, 1533, 1379, 380, 7.01%, 9, 0, 4, 2570.56
1570857736, 0, 715, 1533, 1378, 379, 7.01%, 9, 0, 4, 2622.47
1570857874, 0, 716, 1533, 1377, 378, 7.01%, 9, 0, 4, 2526.20
1570857895, 0, 716, 1534, 1378, 378, 7.01%, 9, 0, 4, 2425.82
1570857900, 0, 716, 1535, 1379, 378, 7.01%, 9, 0, 4, 2425.96
1570858084, 0, 718, 1535, 1378, 378, 7.01%, 9, 0, 4, 2503.75
1570858109, 0, 718, 1540, 1383, 378, 7.01%, 9, 0, 4, 2030.36
1570858114, 0, 718, 1541, 1384, 378, 7.01%, 9, 0, 4, 2041.14
1570858180, 0, 718, 1544, 1387, 378, 7.02%, 9, 0, 4, 2034.03
1570858395, 0, 718, 1545, 1388, 378, 7.02%, 9, 0, 4, 2041.51
1570858503, 0, 725, 1547, 1389, 379, 7.02%, 9, 0, 4, 2221.43
1570858528, 0, 725, 1551, 1393, 379, 7.02%, 9, 0, 4, 2046.31
1570858533, 0, 725, 1552, 1394, 379, 7.02%, 9, 0, 4, 2037.73
1570858916, 0, 726, 1552, 1393, 379, 7.02%, 9, 0, 4, 2319.09
1570858921, 0, 726, 1553, 1394, 379, 7.02%, 9, 0, 4, 2076.77
1570858942, 0, 726, 1557, 1398, 379, 7.02%, 9, 0, 4, 2024.77
1570858947, 0, 726, 1558, 1399, 379, 7.02%, 9, 0, 4, 2053.87
1570859330, 0, 727, 1560, 1400, 380, 7.03%, 9, 0, 4, 2083.33
1570859350, 0, 727, 1563, 1403, 380, 7.03%, 9, 0, 4, 1999.61
1570859356, 0, 727, 1566, 1406, 380, 7.03%, 9, 0, 4, 2052.28
1570859386, 0, 727, 1567, 1407, 380, 7.04%, 9, 0, 4, 2034.63
1570859422, 0, 727, 1570, 1410, 380, 7.04%, 9, 0, 4, 2065.58
1570859744, 0, 733, 1570, 1409, 382, 7.04%, 9, 0, 4, 2268.38
1570859770, 0, 733, 1574, 1413, 382, 7.04%, 9, 0, 4, 2010.30
1570859775, 0, 733, 1575, 1414, 382, 7.04%, 9, 0, 4, 2049.17
1570860158, 0, 734, 1575, 1413, 382, 7.04%, 9, 0, 4, 2110.74
1570860184, 0, 734, 1580, 1418, 382, 7.04%, 9, 0, 4, 2049.29
1570860567, 0, 742, 1580, 1417, 381, 7.04%, 9, 0, 4, 2226.80
1570860593, 0, 742, 1584, 1421, 381, 7.04%, 9, 0, 4, 2045.40
1570860598, 0, 742, 1585, 1422, 381, 7.04%, 9, 0, 4, 2028.99
1570860976, 0, 745, 1585, 1421, 381, 7.04%, 9, 0, 4, 2304.46
1570861002, 0, 745, 1589, 1425, 381, 7.04%, 9, 0, 4, 2002.22
1570861007, 0, 745, 1590, 1426, 381, 7.04%, 9, 0, 4, 2037.41
1570861391, 0, 746, 1591, 1426, 380, 7.04%, 9, 0, 4, 2171.25
1570861417, 0, 746, 1596, 1431, 380, 7.04%, 9, 0, 4, 2045.97
1570861801, 0, 747, 1596, 1430, 380, 7.04%, 9, 0, 4, 2287.10
1570861826, 0, 747, 1600, 1434, 380, 7.04%, 9, 0, 4, 2019.20
1570861831, 0, 747, 1601, 1435, 380, 7.04%, 9, 0, 4, 2044.21
1570862214, 0, 748, 1602, 1435, 380, 7.04%, 9, 0, 4, 2151.48
1570862240, 0, 748, 1607, 1440, 380, 7.04%, 9, 0, 4, 2035.30
1570862623, 0, 749, 1607, 1439, 380, 7.04%, 9, 0, 4, 2291.99
1570862649, 0, 749, 1611, 1443, 380, 7.04%, 9, 0, 4, 2006.90
1570862654, 0, 749, 1612, 1444, 380, 7.04%, 9, 0, 4, 2046.45
1570863038, 0, 750, 1612, 1443, 380, 7.04%, 9, 0, 4, 2109.91
1570863064, 0, 750, 1617, 1448, 380, 7.04%, 9, 0, 4, 2039.69
1570863448, 0, 753, 1617, 1447, 380, 7.04%, 9, 0, 4, 2486.10
1570863453, 0, 753, 1618, 1448, 380, 7.04%, 9, 0, 4, 2620.60
1570863464, 0, 753, 1619, 1449, 380, 7.04%, 9, 0, 4, 2661.84
1570863561, 0, 754, 1619, 1448, 379, 7.04%, 9, 0, 4, 2620.93
1570863679, 0, 755, 1619, 1447, 378, 7.04%, 9, 0, 4, 2546.41
1570863817, 0, 758, 1621, 1448, 377, 7.04%, 9, 0, 4, 2578.64
1570863822, 0, 758, 1622, 1449, 377, 7.04%, 9, 0, 4, 2506.44
1570863960, 0, 762, 1622, 1448, 377, 7.04%, 9, 0, 4, 2482.81
1570864124, 0, 776, 1622, 1447, 376, 7.04%, 9, 0, 4, 2224.26
1570864537, 0, 784, 1622, 1446, 375, 7.04%, 9, 0, 4, 2321.94
1570864562, 0, 784, 1623, 1447, 375, 7.04%, 9, 0, 4, 1947.96
1570864675, 0, 784, 1624, 1448, 375, 7.05%, 9, 0, 4, 1964.48
1570864960, 0, 787, 1624, 1447, 375, 7.05%, 9, 0, 4, 2255.68
1570864985, 0, 787, 1626, 1449, 375, 7.06%, 9, 0, 4, 1961.00
1570865016, 0, 787, 1627, 1450, 375, 7.06%, 9, 0, 4, 2015.77
1570865047, 0, 787, 1628, 1451, 375, 7.06%, 9, 0, 4, 2035.49
1570865098, 0, 787, 1630, 1453, 375, 7.07%, 9, 0, 4, 1979.71
1570865354, 0, 787, 1631, 1454, 375, 7.07%, 9, 0, 4, 1978.51
1570865384, 0, 788, 1631, 1453, 379, 7.07%, 9, 0, 4, 2131.43
1570865405, 0, 788, 1632, 1454, 379, 7.07%, 9, 0, 4, 1968.95
1570865805, 0, 791, 1632, 1453, 379, 7.07%, 9, 0, 4, 2089.23
1570866218, 0, 796, 1632, 1452, 378, 7.07%, 9, 0, 4, 2215.51
1570866239, 0, 796, 1633, 1453, 378, 7.07%, 9, 0, 4, 1952.21
1570866357, 0, 796, 1634, 1454, 378, 7.07%, 9, 0, 4, 1973.69
1570866387, 0, 796, 1635, 1455, 378, 7.08%, 9, 0, 4, 2079.34
1570866555, 0, 796, 1636, 1456, 378, 7.08%, 9, 0, 4, 1961.24
1570866611, 0, 796, 1637, 1457, 378, 7.08%, 9, 0, 4, 1943.20
1570866642, 0, 800, 1637, 1456, 380, 7.08%, 9, 0, 4, 2186.06
1570866662, 0, 800, 1638, 1457, 380, 7.08%, 9, 0, 4, 1958.17
1570867036, 0, 800, 1639, 1458, 380, 7.08%, 9, 0, 4, 1966.48
1570867067, 0, 801, 1639, 1457, 380, 7.08%, 9, 0, 4, 2081.78
1570867087, 0, 801, 1640, 1458, 380, 7.08%, 9, 0, 4, 1983.51
1570867481, 0, 802, 1640, 1457, 379, 7.08%, 9, 0, 4, 2198.73
1570867502, 0, 802, 1641, 1458, 379, 7.08%, 9, 0, 4, 1983.78
1570867813, 0, 802, 1642, 1459, 379, 7.08%, 9, 0, 4, 1969.51
1570867900, 0, 804, 1642, 1458, 379, 7.08%, 9, 0, 4, 2145.13
1570867921, 0, 804, 1643, 1459, 379, 7.08%, 9, 0, 4, 1949.06
1570868325, 0, 810, 1643, 1458, 378, 7.08%, 9, 0, 4, 2104.16
1570868346, 0, 810, 1644, 1459, 378, 7.08%, 9, 0, 4, 1961.63
1570868453, 0, 810, 1645, 1460, 378, 7.08%, 9, 0, 4, 1972.97
1570868745, 0, 813, 1645, 1459, 378, 7.08%, 9, 0, 4, 2298.49
1570868765, 0, 813, 1646, 1460, 378, 7.08%, 9, 0, 4, 1939.09
1570868770, 0, 813, 1647, 1461, 378, 7.08%, 9, 0, 4, 1971.28
1570869170, 0, 817, 1647, 1460, 378, 7.08%, 9, 0, 4, 2175.42
1570869191, 0, 817, 1649, 1462, 378, 7.08%, 9, 0, 4, 1965.65
1570869298, 0, 817, 1650, 1463, 378, 7.08%, 9, 0, 4, 1992.29
1570869589, 0, 819, 1650, 1462, 377, 7.08%, 9, 0, 4, 2074.37
1570869605, 0, 819, 1651, 1463, 377, 7.08%, 9, 0, 4, 1968.13
1570869610, 0, 819, 1653, 1465, 377, 7.08%, 9, 0, 4, 1967.51
1570869718, 0, 819, 1654, 1466, 377, 7.08%, 9, 0, 4, 1967.48
1570870009, 0, 825, 1654, 1465, 378, 7.08%, 9, 0, 4, 2204.05
1570870030, 0, 825, 1655, 1466, 378, 7.08%, 9, 0, 4, 1996.72
1570870137, 0, 825, 1656, 1467, 378, 7.09%, 9, 0, 4, 1986.87
1570870428, 0, 826, 1656, 1466, 378, 7.09%, 9, 0, 4, 2151.32
1570870449, 0, 826, 1658, 1468, 378, 7.09%, 9, 0, 4, 1984.80
1570870807, 0, 826, 1660, 1470, 378, 7.09%, 9, 0, 4, 1997.94
1570870843, 0, 831, 1660, 1469, 378, 7.09%, 9, 0, 4, 2334.66
1570870863, 0, 831, 1661, 1470, 378, 7.09%, 9, 0, 4, 1976.24
1570870976, 0, 831, 1662, 1471, 378, 7.14%, 9, 0, 4, 1967.64
1570871227, 0, 831, 1663, 1472, 378, 7.14%, 9, 0, 4, 1975.64
1570871263, 0, 832, 1663, 1471, 378, 7.14%, 9, 0, 4, 2309.35
1570871283, 0, 832, 1664, 1472, 378, 7.14%, 9, 0, 4, 1969.07
1570871288, 0, 832, 1665, 1473, 378, 7.14%, 9, 0, 4, 2006.56
1570871687, 0, 833, 1665, 1472, 377, 7.14%, 9, 0, 4, 2109.06
1570871708, 0, 833, 1666, 1473, 377, 7.14%, 9, 0, 4, 1979.35
1570871738, 0, 833, 1667, 1474, 377, 7.14%, 9, 0, 4, 1986.33
1570871820, 0, 833, 1668, 1475, 377, 7.14%, 9, 0, 4, 1968.71
1570872107, 0, 835, 1668, 1474, 376, 7.14%, 9, 0, 4, 2158.53
1570872128, 0, 835, 1669, 1475, 376, 7.14%, 9, 0, 4, 1963.17
1570872527, 0, 836, 1669, 1474, 376, 7.14%, 9, 0, 4, 2300.58
1570872547, 0, 836, 1670, 1475, 376, 7.14%, 9, 0, 4, 1984.51
1570872695, 0, 836, 1671, 1476, 376, 7.14%, 9, 0, 4, 2119.99
1570872947, 0, 838, 1671, 1475, 376, 7.14%, 9, 0, 4, 2158.39
1570872967, 0, 838, 1672, 1476, 376, 7.14%, 9, 0, 4, 1968.63
1570873366, 0, 839, 1672, 1475, 375, 7.14%, 9, 0, 4, 2161.49
1570873387, 0, 839, 1673, 1476, 375, 7.14%, 9, 0, 4, 1949.34
1570873454, 0, 839, 1674, 1477, 375, 7.14%, 9, 0, 4, 2046.69
1570873755, 0, 839, 1675, 1478, 375, 7.14%, 9, 0, 4, 1961.31
1570873791, 0, 840, 1675, 1477, 374, 7.14%, 9, 0, 4, 2131.10
1570873812, 0, 840, 1676, 1478, 374, 7.14%, 9, 0, 4, 1957.03
1570874211, 0, 841, 1676, 1477, 373, 7.14%, 9, 0, 4, 2186.92
1570874232, 0, 841, 1677, 1478, 373, 7.14%, 9, 0, 4, 1953.55
1570874344, 0, 841, 1678, 1479, 373, 7.15%, 9, 0, 4, 1956.79
1570874635, 0, 842, 1678, 1478, 373, 7.15%, 9, 0, 4, 2186.05
1570874656, 0, 842, 1679, 1479, 373, 7.15%, 9, 0, 4, 1981.09
1570875056, 0, 843, 1679, 1478, 372, 7.15%, 9, 0, 4, 2151.49
1570875077, 0, 843, 1680, 1479, 372, 7.15%, 9, 0, 4, 1965.28
1570875476, 0, 844, 1680, 1478, 372, 7.15%, 9, 0, 4, 2214.28
1570875497, 0, 844, 1681, 1479, 372, 7.15%, 9, 0, 4, 1947.63
1570875527, 0, 844, 1682, 1480, 372, 7.15%, 9, 0, 4, 1965.84
1570875609, 0, 844, 1684, 1482, 372, 7.16%, 9, 0, 4, 1978.36
1570875901, 0, 846, 1684, 1481, 373, 7.16%, 9, 0, 4, 2064.28
1570875916, 0, 846, 1685, 1482, 373, 7.16%, 9, 0, 4, 1968.04
1570876320, 0, 847, 1685, 1481, 372, 7.16%, 9, 0, 4, 2159.94
1570876341, 0, 847, 1686, 1482, 372, 7.16%, 9, 0, 4, 1974.99
1570876740, 0, 849, 1686, 1481, 371, 7.16%, 9, 0, 4, 2241.30
1570876761, 0, 849, 1687, 1482, 371, 7.16%, 9, 0, 4, 1977.87
1570876823, 0, 849, 1688, 1483, 371, 7.16%, 9, 0, 4, 1972.08
1570876874, 0, 849, 1689, 1484, 371, 7.16%, 9, 0, 4, 1984.68
1570877125, 0, 849, 1691, 1486, 371, 7.16%, 9, 0, 4, 1959.50
1570877161, 0, 851, 1691, 1485, 369, 7.16%, 9, 0, 4, 2228.16
1570877181, 0, 851, 1692, 1486, 369, 7.16%, 9, 0, 4, 1927.34
1570877295, 0, 851, 1693, 1487, 369, 7.16%, 9, 0, 4, 1948.89
1570877586, 0, 852, 1693, 1486, 369, 7.16%, 9, 0, 4, 2072.05
1570877601, 0, 852, 1694, 1487, 369, 7.16%, 9, 0, 4, 1972.59
1570878005, 0, 853, 1694, 1486, 368, 7.16%, 9, 0, 4, 2134.99
1570878026, 0, 853, 1695, 1487, 368, 7.16%, 9, 0, 4, 1975.98
1570878425, 0, 854, 1695, 1486, 367, 7.16%, 9, 0, 4, 2288.62
1570878445, 0, 854, 1696, 1487, 367, 7.16%, 9, 0, 4, 1958.19
1570878848, 0, 855, 1696, 1486, 367, 7.16%, 9, 0, 4, 2113.44
1570878869, 0, 855, 1697, 1487, 367, 7.16%, 9, 0, 4, 1973.47
1570879269, 0, 856, 1697, 1486, 366, 7.16%, 9, 0, 4, 2124.83
1570879289, 0, 856, 1698, 1487, 366, 7.16%, 9, 0, 4, 1932.65
1570879403, 0, 856, 1699, 1488, 366, 7.16%, 9, 0, 4, 1967.76
1570879439, 0, 856, 1700, 1489, 366, 7.16%, 9, 0, 4, 2101.03
1570879653, 0, 856, 1701, 1490, 366, 7.16%, 9, 0, 4, 1972.58
1570879689, 0, 857, 1701, 1489, 366, 7.16%, 9, 0, 4, 2197.16
1570880113, 0, 858, 1702, 1489, 366, 7.16%, 9, 0, 4, 2226.34
1570880133, 0, 858, 1703, 1490, 366, 7.16%, 9, 0, 4, 1950.53
1570880538, 0, 859, 1703, 1489, 365, 7.16%, 9, 0, 4, 2056.59
1570880553, 0, 859, 1704, 1490, 365, 7.16%, 9, 0, 4, 1948.38
1570880958, 0, 864, 1704, 1489, 364, 7.16%, 9, 0, 4, 2170.26
1570880978, 0, 864, 1705, 1490, 364, 7.16%, 9, 0, 4, 1963.96
1570880989, 0, 864, 1706, 1491, 364, 7.16%, 9, 0, 4, 2011.46
1570881091, 0, 864, 1707, 1492, 364, 7.17%, 9, 0, 4, 1947.76
1570881342, 0, 864, 1708, 1493, 364, 7.17%, 9, 0, 4, 1961.72
1570881378, 0, 865, 1708, 1492, 365, 7.17%, 9, 0, 4, 2270.02
1570881398, 0, 865, 1709, 1493, 365, 7.17%, 9, 0, 4, 1951.93
1570881409, 0, 865, 1710, 1494, 365, 7.17%, 9, 0, 4, 2024.59
1570881767, 0, 865, 1711, 1495, 365, 7.17%, 9, 0, 4, 1968.29
1570881802, 0, 866, 1711, 1494, 366, 7.17%, 9, 0, 4, 2085.64
1570881828, 0, 866, 1712, 1495, 366, 7.17%, 9, 0, 4, 2047.85
1570882186, 0, 866, 1713, 1496, 366, 7.17%, 9, 0, 4, 1973.14
1570882222, 0, 867, 1713, 1495, 367, 7.17%, 9, 0, 4, 2185.19
1570882242, 0, 867, 1714, 1496, 367, 7.17%, 9, 0, 4, 1936.41
1570882253, 0, 867, 1715, 1497, 367, 7.17%, 9, 0, 4, 1981.66
1570882304, 0, 867, 1716, 1498, 367, 7.17%, 9, 0, 4, 1948.95
1570882609, 0, 867, 1719, 1501, 367, 7.17%, 9, 0, 4, 1961.84
1570882645, 0, 868, 1719, 1500, 368, 7.17%, 9, 0, 4, 2269.10
1570882665, 0, 868, 1720, 1501, 368, 7.17%, 9, 0, 4, 1958.27
1570882676, 0, 868, 1721, 1502, 368, 7.17%, 9, 0, 4, 2035.21
1570882696, 0, 868, 1722, 1503, 368, 7.17%, 9, 0, 4, 1939.72
1570882783, 0, 868, 1723, 1504, 368, 7.18%, 9, 0, 4, 1957.21
1570883069, 0, 876, 1723, 1503, 369, 7.18%, 9, 0, 4, 2240.86
1570883202, 0, 876, 1724, 1504, 369, 7.18%, 9, 0, 4, 1950.51
1570883457, 0, 876, 1725, 1505, 369, 7.18%, 9, 0, 4, 1963.84
1570883493, 0, 879, 1725, 1504, 368, 7.18%, 9, 0, 4, 2299.23
1570883513, 0, 879, 1727, 1506, 368, 7.18%, 9, 0, 4, 1967.04
1570883518, 0, 879, 1728, 1507, 368, 7.18%, 9, 0, 4, 1976.93
1570883549, 0, 879, 1729, 1508, 368, 7.19%, 9, 0, 4, 2021.80
1570883631, 0, 879, 1732, 1511, 368, 7.20%, 9, 0, 4, 1976.65
1570883784, 0, 879, 1733, 1512, 368, 7.20%, 9, 0, 4, 2084.41
1570883917, 0, 883, 1733, 1511, 369, 7.20%, 9, 0, 4, 2148.61
1570883938, 0, 883, 1734, 1512, 369, 7.20%, 9, 0, 4, 1960.33
1570884306, 0, 883, 1735, 1513, 369, 7.20%, 9, 0, 4, 1979.23
1570884342, 0, 885, 1735, 1512, 370, 7.20%, 9, 0, 4, 2146.61
1570884362, 0, 885, 1737, 1514, 370, 7.20%, 9, 0, 4, 1968.79
1570884628, 0, 885, 1738, 1515, 370, 7.20%, 9, 0, 4, 2093.70
1570884725, 0, 885, 1739, 1516, 370, 7.21%, 9, 0, 4, 2004.58
1570884761, 0, 886, 1739, 1515, 370, 7.21%, 9, 0, 4, 2145.83
1570884781, 0, 886, 1741, 1517, 370, 7.21%, 9, 0, 4, 1967.66
1570884812, 0, 886, 1742, 1518, 370, 7.21%, 9, 0, 4, 1916.82
1570884894, 0, 886, 1743, 1519, 370, 7.21%, 9, 0, 4, 1967.83
1570885052, 0, 886, 1744, 1520, 370, 7.21%, 9, 0, 4, 2019.54
1570885114, 0, 886, 1745, 1521, 370, 7.21%, 9, 0, 4, 2039.74
1570885185, 0, 887, 1745, 1520, 370, 7.21%, 9, 0, 4, 2096.50
1570885205, 0, 887, 1747, 1522, 370, 7.21%, 9, 0, 4, 1966.56
1570885476, 0, 887, 1748, 1523, 370, 7.21%, 9, 0, 4, 1992.61
1570885604, 0, 888, 1748, 1522, 369, 7.21%, 9, 0, 4, 2269.46
1570885625, 0, 888, 1749, 1523, 369, 7.21%, 9, 0, 4, 1966.15
1570885630, 0, 888, 1750, 1524, 369, 7.21%, 9, 0, 4, 2016.91
1570885895, 0, 888, 1751, 1525, 369, 7.21%, 9, 0, 4, 2041.50
1570886029, 0, 890, 1751, 1524, 368, 7.21%, 9, 0, 4, 2080.79
1570886044, 0, 890, 1752, 1525, 368, 7.21%, 9, 0, 4, 1965.86
1570886049, 0, 890, 1754, 1527, 368, 7.21%, 9, 0, 4, 1969.98
1570886162, 0, 890, 1758, 1531, 368, 7.23%, 9, 0, 4, 1978.09
1570886321, 0, 890, 1759, 1532, 368, 7.23%, 9, 0, 4, 2000.68
1570886449, 0, 891, 1759, 1531, 373, 7.23%, 9, 0, 4, 2280.35
1570886469, 0, 891, 1760, 1532, 373, 7.23%, 9, 0, 4, 1961.40
1570886474, 0, 891, 1761, 1533, 373, 7.23%, 9, 0, 4, 1979.43
1570886740, 0, 891, 1762, 1534, 373, 7.23%, 9, 0, 4, 2048.30
1570886873, 0, 898, 1762, 1533, 373, 7.23%, 9, 0, 4, 2145.95
1570886990, 0, 898, 1763, 1534, 373, 7.23%, 9, 0, 4, 1989.67
1570887006, 0, 898, 1764, 1535, 373, 7.23%, 9, 0, 4, 1990.32
1570887286, 0, 899, 1764, 1534, 374, 7.23%, 9, 0, 4, 2243.73
1570887312, 0, 899, 1765, 1535, 374, 7.23%, 9, 0, 4, 2003.84
1570887705, 0, 901, 1765, 1534, 373, 7.23%, 9, 0, 4, 2236.09
1570887731, 0, 901, 1767, 1536, 373, 7.23%, 9, 0, 4, 2026.00
1570887757, 0, 901, 1768, 1537, 373, 7.23%, 9, 0, 4, 1992.53
1570887838, 0, 901, 1773, 1542, 373, 7.26%, 9, 0, 4, 1993.43
1570888089, 0, 901, 1778, 1547, 373, 7.29%, 9, 0, 4, 1989.81
1570888125, 0, 902, 1778, 1546, 380, 7.29%, 9, 0, 4, 2143.48
1570888146, 0, 902, 1780, 1548, 380, 7.29%, 9, 0, 4, 1978.71
1570888176, 0, 902, 1781, 1549, 380, 7.29%, 9, 0, 4, 1988.82
1570888259, 0, 902, 1784, 1552, 380, 7.30%, 9, 0, 4, 1959.07
1570888509, 0, 902, 1785, 1553, 380, 7.30%, 9, 0, 4, 1983.54
1570888545, 0, 903, 1785, 1552, 381, 7.30%, 9, 0, 4, 2094.61
1570888575, 0, 903, 1786, 1553, 381, 7.30%, 9, 0, 4, 1992.24
1570888596, 0, 903, 1788, 1555, 381, 7.30%, 9, 0, 4, 1996.55
1570888678, 0, 903, 1793, 1560, 381, 7.32%, 9, 0, 4, 1974.86
1570888928, 0, 903, 1795, 1562, 381, 7.32%, 9, 0, 4, 1977.10
1570888964, 0, 914, 1795, 1561, 387, 7.32%, 9, 0, 4, 2250.93
1570888989, 0, 914, 1796, 1562, 387, 7.32%, 9, 0, 4, 2033.83
1570889015, 0, 914, 1797, 1563, 387, 7.32%, 9, 0, 4, 1981.09
1570889020, 0, 914, 1798, 1564, 387, 7.32%, 10, 0, 4, 2041.06
1570889102, 0, 914, 1798, 1564, 387, 7.32%, 11, 0, 4, 1991.91
1570889383, 0, 915, 1798, 1563, 388, 7.32%, 11, 0, 4, 2167.39
1570889409, 0, 915, 1799, 1564, 388, 7.32%, 11, 0, 4, 2043.71
1570889802, 0, 916, 1799, 1563, 388, 7.32%, 11, 0, 4, 2090.00
1570889817, 0, 916, 1800, 1564, 388, 7.32%, 11, 0, 4, 1962.10
1570889822, 0, 916, 1801, 1565, 388, 7.32%, 11, 0, 4, 1960.34
1570889832, 0, 916, 1802, 1566, 388, 7.32%, 11, 0, 4, 1989.45
1570889940, 0, 916, 1803, 1567, 388, 7.32%, 11, 0, 4, 1972.67
1570889971, 0, 916, 1804, 1568, 388, 7.32%, 11, 0, 4, 2080.42
1570890093, 0, 916, 1805, 1569, 388, 7.32%, 11, 0, 4, 1989.27
1570890191, 0, 916, 1806, 1570, 388, 7.32%, 11, 0, 4, 1973.99
1570890221, 0, 919, 1806, 1569, 388, 7.32%, 11, 0, 4, 2211.96
1570890242, 0, 919, 1807, 1570, 388, 7.32%, 11, 0, 4, 1991.42
1570890247, 0, 919, 1812, 1575, 388, 7.32%, 11, 0, 4, 2048.19
1570890272, 0, 919, 1817, 1580, 388, 7.32%, 11, 0, 4, 1999.62
1570890303, 0, 919, 1821, 1584, 388, 7.32%, 11, 0, 4, 2034.13
1570890354, 0, 919, 1841, 1604, 388, 7.32%, 11, 0, 4, 1997.74
1570890593, 0, 919, 1843, 1606, 388, 7.32%, 11, 0, 4, 1996.18
1570890624, 0, 920, 1843, 1605, 389, 7.32%, 11, 0, 4, 2238.83
1570890649, 0, 920, 1844, 1606, 389, 7.32%, 11, 0, 4, 1965.20
1570891043, 0, 922, 1844, 1605, 388, 7.32%, 11, 0, 4, 2267.11
1570891074, 0, 922, 1845, 1606, 388, 7.32%, 11, 0, 4, 2036.67
1570891462, 0, 926, 1845, 1605, 388, 7.32%, 11, 0, 4, 2408.48
1570891482, 0, 926, 1848, 1608, 388, 7.33%, 11, 0, 4, 2498.07
1570891630, 0, 929, 1849, 1608, 389, 7.33%, 11, 0, 4, 2540.41
1570891651, 0, 929, 1850, 1609, 389, 7.33%, 11, 0, 4, 2552.45
1570891702, 0, 929, 1851, 1610, 389, 7.33%, 11, 0, 4, 2558.28
1570891789, 0, 930, 1851, 1609, 389, 7.33%, 11, 0, 4, 2173.23
1570891809, 0, 930, 1854, 1612, 389, 7.33%, 11, 0, 4, 1939.65
1570891840, 0, 930, 1856, 1614, 389, 7.37%, 11, 0, 4, 1957.68
1570891907, 0, 930, 1857, 1615, 389, 7.37%, 11, 0, 4, 1961.58
1570891922, 0, 930, 1870, 1628, 389, 7.45%, 11, 0, 4, 1960.80
1570892090, 0, 930, 1872, 1630, 389, 7.45%, 11, 0, 4, 1953.38
1570892172, 0, 930, 1874, 1632, 389, 7.46%, 11, 0, 4, 1954.50
1570892177, 0, 930, 1877, 1635, 389, 7.46%, 11, 0, 4, 1953.03
1570892208, 0, 934, 1877, 1634, 397, 7.46%, 11, 0, 4, 2293.71
1570892300, 0, 934, 1877, 1634, 397, 7.46%, 12, 0, 4, 2011.68
1570892622, 0, 936, 1877, 1633, 396, 7.46%, 12, 0, 4, 2336.36
1570892643, 0, 936, 1879, 1635, 396, 7.46%, 12, 0, 4, 2736.97
1570892771, 0, 937, 1881, 1636, 395, 7.46%, 12, 0, 4, 2738.08
1570892791, 0, 937, 1884, 1639, 395, 7.46%, 12, 0, 4, 2736.31
1570892838, 0, 937, 1885, 1640, 395, 7.46%, 12, 0, 4, 2705.54
1570892925, 0, 939, 1885, 1639, 394, 7.46%, 12, 0, 4, 2741.86
1570892940, 0, 939, 1886, 1640, 394, 7.46%, 12, 0, 4, 2760.09
1570893068, 0, 940, 1886, 1639, 393, 7.46%, 12, 0, 4, 2583.02
1570893145, 0, 940, 1887, 1640, 393, 7.46%, 12, 0, 4, 2468.98
1570893232, 0, 943, 1887, 1639, 393, 7.46%, 12, 0, 4, 2601.10
1570893314, 0, 947, 1887, 1638, 392, 7.46%, 12, 0, 4, 2423.23
1570893334, 0, 947, 1888, 1639, 392, 7.46%, 12, 0, 4, 2226.09
1570893339, 0, 947, 1893, 1644, 392, 7.46%, 12, 0, 4, 2240.68
1570893365, 0, 947, 1894, 1645, 392, 7.46%, 12, 0, 4, 2198.25
1570893401, 0, 947, 1895, 1646, 392, 7.46%, 12, 0, 4, 2226.64
1570893407, 0, 947, 1896, 1647, 392, 7.46%, 12, 0, 4, 2274.86
1570893412, 0, 947, 1898, 1649, 392, 7.46%, 12, 0, 4, 2296.37
1570893417, 0, 947, 1899, 1650, 392, 7.46%, 12, 0, 4, 2285.82
1570893427, 0, 947, 1900, 1651, 392, 7.46%, 12, 0, 4, 2295.98
1570893540, 0, 957, 1900, 1650, 392, 7.46%, 12, 0, 4, 2396.48
1570893713, 0, 961, 1900, 1649, 391, 7.46%, 12, 0, 4, 2467.44
1570893887, 0, 964, 1900, 1648, 390, 7.46%, 12, 0, 4, 2409.60
1570893913, 0, 964, 1906, 1654, 390, 7.46%, 12, 0, 4, 2258.29
1570893938, 0, 964, 1907, 1655, 390, 7.46%, 12, 0, 4, 2277.38
1570894117, 0, 965, 1907, 1654, 390, 7.46%, 12, 0, 4, 2425.98
1570894292, 0, 969, 1908, 1654, 389, 7.46%, 12, 0, 4, 2505.63
1570894461, 0, 977, 1909, 1654, 389, 7.46%, 12, 0, 4, 2545.53
1570894482, 0, 977, 1910, 1655, 389, 7.46%, 12, 0, 4, 2462.23
1570894538, 0, 977, 1911, 1656, 389, 7.46%, 12, 0, 4, 2461.10
1570894640, 0, 980, 1911, 1655, 389, 7.46%, 12, 0, 4, 2529.29
1570894722, 0, 980, 1912, 1656, 389, 7.46%, 12, 0, 4, 2493.72
1570894820, 0, 981, 1912, 1655, 388, 7.46%, 12, 0, 4, 2472.20
1570894840, 0, 981, 1915, 1658, 388, 7.46%, 12, 0, 4, 2453.05
1570894901, 0, 981, 1916, 1659, 388, 7.46%, 12, 0, 4, 2446.04
1570894993, 0, 983, 1916, 1658, 391, 7.46%, 12, 0, 4, 2566.53
1570895019, 0, 983, 1917, 1659, 391, 7.46%, 12, 0, 4, 2484.09
1570895167, 0, 988, 1917, 1658, 390, 7.46%, 12, 0, 4, 2540.71
1570895340, 0, 990, 1917, 1657, 389, 7.46%, 12, 0, 4, 2551.09
1570895514, 0, 997, 1918, 1657, 388, 7.46%, 12, 0, 4, 2417.45
1570895519, 0, 997, 1919, 1658, 388, 7.47%, 12, 0, 4, 2262.82
1570895535, 0, 997, 1920, 1659, 388, 7.50%, 12, 0, 4, 2292.78
1570895540, 0, 997, 1938, 1677, 388, 7.59%, 12, 0, 4, 2280.01
1570895566, 0, 997, 1944, 1683, 388, 7.61%, 12, 0, 4, 2276.66
1570895591, 0, 997, 1946, 1685, 388, 7.61%, 12, 0, 4, 2259.69
1570895597, 0, 997, 1948, 1687, 388, 7.62%, 12, 0, 4, 2305.52
1570895612, 0, 997, 1957, 1696, 388, 7.63%, 12, 0, 4, 2179.87
1570895668, 0, 997, 1959, 1698, 388, 7.63%, 12, 0, 4, 2299.03
1570895678, 0, 997, 1961, 1700, 388, 7.64%, 12, 0, 4, 2293.59
1570895699, 0, 997, 1962, 1701, 388, 7.64%, 12, 0, 4, 2310.69
1570895709, 0, 999, 1963, 1701, 408, 7.64%, 12, 0, 4, 2453.52
1570895894, 0, 1007, 1963, 1700, 407, 7.64%, 12, 0, 4, 2408.28
1570896247, 0, 1012, 1964, 1700, 406, 7.64%, 12, 0, 4, 2249.58
1570896604, 0, 1018, 1964, 1699, 405, 7.64%, 12, 0, 4, 2252.35
1570896834, 0, 1019, 1964, 1698, 404, 7.64%, 12, 0, 4, 2261.25
1570896926, 0, 1019, 1965, 1699, 404, 7.64%, 12, 0, 4, 2279.63
1570897059, 0, 1021, 1966, 1699, 403, 7.64%, 12, 0, 4, 2400.69
1570897151, 0, 1021, 1968, 1701, 403, 7.64%, 12, 0, 4, 2329.10
1570897167, 0, 1021, 1969, 1702, 403, 7.64%, 12, 0, 4, 2325.86
1570897279, 0, 1023, 1970, 1702, 404, 7.64%, 12, 0, 4, 2413.68
1570897499, 0, 1034, 1970, 1701, 404, 7.64%, 12, 0, 4, 2403.89
1570897520, 0, 1034, 1971, 1702, 404, 7.64%, 12, 0, 4, 2099.50
1570897530, 0, 1034, 1972, 1703, 404, 7.64%, 12, 0, 4, 2127.60
1570897555, 0, 1034, 1973, 1704, 404, 7.64%, 12, 0, 4, 2159.20
1570897872, 0, 1035, 1973, 1703, 403, 7.64%, 12, 0, 4, 2343.36
1570897903, 0, 1035, 1975, 1705, 403, 7.64%, 12, 0, 4, 2167.49
1570898133, 0, 1035, 1977, 1707, 403, 7.64%, 12, 0, 4, 2162.89
1570898210, 0, 1037, 1977, 1706, 402, 7.64%, 12, 0, 4, 2373.96
1570898384, 0, 1037, 1978, 1707, 402, 7.64%, 12, 0, 4, 2078.87
1570898583, 0, 1038, 1978, 1706, 401, 7.64%, 12, 0, 4, 2291.36
1570898599, 0, 1038, 1979, 1707, 401, 7.64%, 12, 0, 4, 2090.65
1570898614, 0, 1038, 1980, 1708, 401, 7.64%, 12, 0, 4, 2124.27
1570898947, 0, 1039, 1980, 1707, 400, 7.64%, 12, 0, 4, 2155.65
1570898962, 0, 1039, 1981, 1708, 400, 7.64%, 12, 0, 4, 2056.73
1570898967, 0, 1039, 1982, 1709, 400, 7.64%, 12, 0, 4, 2064.35
1570899285, 0, 1047, 1982, 1708, 399, 7.64%, 12, 0, 4, 2321.75
1570899315, 0, 1047, 1983, 1709, 399, 7.64%, 12, 0, 4, 2122.80
1570899638, 0, 1049, 1983, 1708, 398, 7.64%, 12, 0, 4, 2304.03
1570899863, 0, 1051, 1983, 1707, 397, 7.64%, 12, 0, 4, 2350.84
1570900089, 0, 1057, 1983, 1706, 396, 7.64%, 12, 0, 4, 2353.14
1570900248, 0, 1057, 1984, 1707, 396, 7.64%, 12, 0, 4, 2092.90
1570900473, 0, 1058, 1984, 1706, 395, 7.64%, 12, 0, 4, 2069.69
1570900585, 0, 1058, 1985, 1707, 395, 7.64%, 12, 0, 4, 1860.85
1570900841, 0, 1060, 1985, 1706, 394, 7.64%, 12, 0, 4, 2225.11
1570901066, 0, 1061, 1985, 1705, 393, 7.64%, 12, 0, 4, 2083.40
1570901096, 0, 1061, 1987, 1707, 393, 7.64%, 12, 0, 4, 1898.30
1570901428, 0, 1070, 1988, 1707, 393, 7.64%, 12, 0, 4, 2234.06
1570901459, 0, 1070, 1989, 1708, 393, 7.64%, 12, 0, 4, 2084.78
1570901571, 0, 1070, 1990, 1709, 393, 7.64%, 12, 0, 4, 2198.31
1570901760, 0, 1072, 1991, 1709, 392, 7.64%, 12, 0, 4, 2397.17
1570901914, 0, 1074, 1991, 1708, 392, 7.64%, 12, 0, 4, 2745.04
1570901919, 0, 1077, 1993, 1708, 391, 7.64%, 12, 0, 4, 2784.41
1570901924, 0, 1080, 1993, 1707, 390, 7.64%, 12, 0, 4, 2775.51
1570901935, 0, 1081, 1996, 1709, 389, 7.65%, 12, 0, 4, 2664.58
1570901940, 0, 1082, 1998, 1710, 392, 7.67%, 12, 0, 4, 2707.71
1570901945, 0, 1083, 1998, 1709, 391, 7.67%, 12, 0, 4, 2755.36
1570901955, 0, 1086, 1999, 1708, 389, 7.67%, 12, 0, 4, 2721.05
1570901960, 0, 1087, 2000, 1708, 390, 7.67%, 12, 0, 4, 2728.11
1570901965, 0, 1088, 2000, 1707, 389, 7.67%, 12, 0, 4, 2716.68
1570901970, 0, 1089, 2000, 1706, 388, 7.67%, 12, 0, 4, 2747.14
1570901975, 0, 1090, 2001, 1706, 387, 7.67%, 12, 0, 4, 2752.17
1570901985, 0, 1091, 2002, 1706, 387, 7.68%, 12, 0, 4, 2690.65
1570901990, 0, 1094, 2005, 1707, 388, 7.69%, 12, 0, 4, 2728.22
1570901995, 0, 1097, 2005, 1706, 387, 7.69%, 12, 0, 4, 2210.68
1570902378, 0, 1098, 2005, 1705, 386, 7.69%, 12, 0, 4, 2568.91
1570902394, 0, 1098, 2006, 1706, 386, 7.69%, 12, 0, 4, 2455.73
