# unix_time, cycles_done, cur_path, paths_total, pending_total, pending_favs, map_size, unique_crashes, unique_hangs, max_depth, execs_per_sec
1570902501, 0, 0, 1, 1, 1, 2.10%, 0, 0, 1, 1600.00
1570902506, 0, 0, 61, 61, 1, 2.43%, 0, 0, 2, 2350.32
1570902516, 0, 0, 68, 68, 1, 2.47%, 0, 0, 2, 2468.23
1570902521, 0, 0, 138, 138, 1, 3.03%, 0, 0, 2, 2471.45
1570902526, 0, 0, 329, 329, 1, 3.52%, 0, 0, 2, 2548.25
1570902542, 0, 0, 332, 332, 1, 3.55%, 0, 0, 2, 2444.50
1570902547, 0, 0, 344, 344, 1, 3.84%, 0, 0, 2, 2454.71
1570902552, 0, 0, 368, 368, 1, 3.86%, 0, 0, 2, 2417.52
1570902572, 0, 0, 379, 379, 1, 3.99%, 0, 0, 2, 2366.33
1570902577, 0, 0, 391, 391, 1, 3.99%, 0, 0, 2, 2273.96
1570902583, 0, 0, 425, 425, 1, 4.04%, 0, 0, 2, 2315.51
1570902588, 0, 0, 426, 426, 1, 4.04%, 0, 0, 2, 2208.93
1570902598, 0, 0, 428, 428, 1, 4.04%, 0, 0, 2, 2110.09
1570902603, 0, 0, 430, 430, 1, 4.04%, 0, 0, 2, 2070.36
1570902613, 0, 0, 434, 434, 1, 4.05%, 0, 0, 2, 2054.93
1570902618, 0, 0, 460, 460, 1, 4.46%, 0, 0, 2, 2060.54
1570902623, 0, 0, 465, 465, 1, 4.47%, 0, 0, 2, 2062.63
1570902629, 0, 0, 468, 468, 1, 4.51%, 0, 0, 2, 2161.40
1570902634, 0, 0, 475, 475, 1, 4.60%, 0, 0, 2, 2167.69
1570902639, 0, 0, 478, 478, 1, 4.61%, 0, 0, 2, 2172.50
1570902644, 0, 0, 479, 479, 1, 4.62%, 0, 0, 2, 2128.46
1570902649, 0, 0, 480, 480, 1, 4.62%, 0, 0, 2, 2143.11
1570902654, 0, 0, 520, 520, 1, 4.63%, 0, 0, 2, 2154.75
1570902659, 0, 0, 523, 523, 1, 4.63%, 0, 0, 2, 2046.20
1570902665, 0, 0, 528, 528, 1, 4.63%, 0, 0, 2, 2031.57
1570902680, 0, 0, 529, 529, 1, 4.63%, 0, 0, 2, 2043.72
1570902685, 0, 0, 530, 530, 1, 4.63%, 0, 0, 2, 2029.41
1570902690, 0, 0, 531, 531, 1, 4.63%, 0, 0, 2, 2086.65
1570902701, 0, 0, 532, 532, 1, 4.63%, 0, 0, 2, 2202.98
1570902721, 0, 0, 533, 533, 1, 4.63%, 0, 0, 2, 2117.84
1570902772, 0, 0, 539, 539, 1, 4.64%, 0, 0, 2, 2065.74
1570902777, 0, 0, 540, 540, 1, 4.64%, 0, 0, 2, 2039.78
1570902787, 0, 0, 546, 546, 1, 4.66%, 0, 0, 2, 2114.99
1570902793, 0, 0, 549, 549, 1, 4.67%, 0, 0, 2, 2075.75
1570902818, 0, 0, 551, 551, 1, 4.68%, 0, 0, 2, 2142.31
1570902828, 0, 0, 554, 554, 1, 4.68%, 0, 0, 2, 2128.10
1570902849, 0, 0, 556, 556, 1, 4.69%, 0, 0, 2, 2061.86
1570902864, 0, 0, 593, 593, 1, 4.71%, 0, 0, 2, 2461.88
1570902869, 0, 0, 615, 615, 1, 4.73%, 0, 0, 2, 2578.25
1570902874, 0, 1, 624, 623, 205, 4.73%, 0, 0, 2, 2666.96
1570902879, 0, 1, 635, 634, 205, 4.78%, 0, 0, 3, 2805.01
1570902884, 0, 1, 638, 637, 205, 4.82%, 0, 0, 3, 2820.94
1570902889, 0, 2, 641, 639, 216, 4.83%, 0, 0, 3, 2866.26
1570902894, 0, 4, 641, 637, 214, 4.83%, 0, 0, 3, 2872.46
1570902899, 0, 7, 641, 635, 212, 4.83%, 0, 0, 3, 2872.00
1570902905, 0, 8, 641, 634, 211, 4.83%, 0, 0, 3, 2291.07
1570902956, 0, 8, 642, 635, 211, 4.83%, 0, 0, 3, 2067.26
1570903278, 0, 9, 642, 634, 210, 4.83%, 0, 0, 3, 2268.33
1570903303, 0, 9, 648, 640, 210, 4.88%, 0, 0, 3, 2050.89
1570903309, 0, 9, 650, 642, 210, 4.88%, 0, 0, 3, 2060.68
1570903360, 0, 9, 651, 643, 210, 4.88%, 0, 0, 3, 2087.56
1570903421, 0, 9, 652, 644, 210, 4.88%, 0, 0, 3, 2118.89
1570903657, 0, 11, 655, 646, 211, 4.88%, 0, 0, 3, 2140.13
1570903682, 0, 11, 682, 673, 211, 4.89%, 0, 0, 3, 2117.48
1570903749, 0, 11, 686, 677, 211, 4.89%, 0, 0, 3, 2090.41
1570903958, 0, 11, 687, 678, 211, 4.89%, 0, 0, 3, 2076.28
1570903984, 0, 11, 689, 680, 211, 4.89%, 0, 0, 3, 2093.01
1570904020, 0, 11, 690, 681, 211, 4.89%, 0, 0, 3, 2056.23
1570904035, 0, 13, 691, 681, 214, 4.89%, 0, 0, 3, 2338.23
1570904040, 0, 13, 692, 682, 214, 4.89%, 0, 0, 3, 2101.63
1570904061, 0, 13, 696, 686, 214, 4.89%, 0, 0, 3, 2055.74
1570904066, 0, 13, 697, 687, 214, 4.89%, 0, 0, 3, 2069.28
1570904133, 0, 13, 700, 690, 214, 4.90%, 0, 0, 3, 2048.07
1570904343, 0, 13, 701, 691, 214, 4.90%, 0, 0, 3, 2053.04
1570904420, 0, 13, 704, 694, 214, 4.90%, 0, 0, 3, 2352.58
1570904425, 0, 13, 715, 705, 214, 4.90%, 0, 0, 3, 2533.09
1570904430, 0, 13, 721, 711, 214, 4.90%, 0, 0, 3, 2572.12
1570904435, 0, 17, 727, 716, 219, 4.94%, 0, 0, 3, 2199.42
1570904450, 0, 17, 729, 718, 219, 4.95%, 0, 0, 3, 2015.75
1570904456, 0, 17, 732, 721, 219, 4.95%, 0, 0, 3, 2035.36
1570904461, 0, 17, 736, 725, 219, 4.95%, 0, 0, 3, 2079.16
1570904492, 0, 17, 737, 726, 219, 4.95%, 0, 0, 3, 2049.25
1570904528, 0, 17, 739, 728, 219, 4.95%, 0, 0, 3, 2070.27
1570904712, 0, 17, 745, 734, 219, 4.97%, 0, 0, 3, 2083.30
1570904809, 0, 17, 747, 736, 219, 4.97%, 0, 0, 3, 2317.33
1570904814, 0, 22, 748, 736, 230, 4.97%, 0, 0, 3, 2770.47
1570904819, 0, 23, 749, 736, 230, 4.97%, 0, 0, 3, 2617.52
1570904824, 0, 23, 755, 742, 230, 4.97%, 0, 0, 3, 2558.73
1570904850, 0, 23, 757, 744, 230, 4.97%, 0, 0, 3, 2560.73
1570904946, 0, 23, 762, 749, 230, 4.97%, 0, 0, 3, 2609.19
1570904951, 0, 23, 769, 756, 230, 4.97%, 0, 0, 3, 2668.06
1570904956, 0, 30, 770, 756, 226, 4.97%, 0, 0, 3, 2692.45
1570905049, 0, 31, 770, 755, 225, 4.97%, 0, 0, 3, 2514.80
1570905069, 0, 31, 771, 756, 225, 4.97%, 0, 0, 3, 2471.89
1570905187, 0, 43, 771, 755, 224, 4.97%, 0, 0, 3, 2216.95
1570905212, 0, 43, 772, 756, 224, 4.97%, 0, 0, 3, 2064.26
1570905218, 0, 43, 773, 757, 224, 4.97%, 0, 0, 3, 2031.18
1570905571, 0, 52, 776, 759, 224, 4.97%, 0, 0, 3, 2493.87
1570905602, 0, 52, 777, 760, 224, 4.97%, 0, 0, 3, 2051.38
1570905955, 0, 54, 777, 759, 223, 4.97%, 0, 0, 3, 2241.71
1570905981, 0, 54, 778, 760, 223, 4.97%, 0, 0, 3, 2081.69
1570906340, 0, 59, 778, 759, 222, 4.97%, 0, 0, 3, 2121.08
1570906719, 0, 59, 779, 760, 222, 4.97%, 0, 0, 3, 2232.23
1570906724, 0, 64, 780, 760, 221, 4.97%, 0, 0, 3, 2169.24
1570907103, 0, 65, 780, 759, 220, 4.97%, 0, 0, 3, 2315.30
1570907129, 0, 65, 781, 760, 220, 4.97%, 0, 0, 3, 2040.48
1570907492, 0, 68, 782, 760, 219, 4.97%, 0, 0, 3, 2148.61
1570907513, 0, 68, 783, 761, 219, 4.97%, 0, 0, 3, 2027.26
1570907518, 0, 68, 784, 762, 219, 4.97%, 0, 0, 3, 2077.12
1570907656, 0, 68, 785, 763, 219, 4.97%, 0, 0, 3, 2169.06
1570907876, 0, 74, 785, 762, 218, 4.97%, 0, 0, 3, 2195.58
1570908178, 0, 74, 786, 763, 218, 4.97%, 0, 0, 3, 2135.68
1570908260, 0, 88, 786, 762, 217, 4.97%, 0, 0, 3, 2188.62
1570908644, 0, 91, 786, 761, 216, 4.97%, 0, 0, 3, 2154.16
1570908674, 0, 91, 787, 762, 216, 4.97%, 0, 0, 3, 2040.46
1570908807, 0, 91, 788, 763, 216, 4.97%, 0, 0, 3, 2146.81
1570909028, 0, 96, 789, 763, 215, 4.97%, 0, 0, 3, 2234.97
1570909048, 0, 96, 790, 764, 215, 4.97%, 0, 0, 3, 2025.38
1570909412, 0, 97, 790, 763, 214, 4.97%, 0, 0, 3, 2177.93
1570909796, 0, 103, 790, 762, 213, 4.97%, 0, 0, 3, 2169.15
1570909816, 0, 103, 791, 763, 213, 4.97%, 0, 0, 3, 1991.07
1570909826, 0, 103, 792, 764, 213, 4.98%, 0, 0, 3, 2040.23
1570910179, 0, 106, 793, 764, 214, 4.98%, 0, 0, 3, 2262.90
1570910200, 0, 106, 795, 766, 214, 4.98%, 0, 0, 3, 1980.56
1570910205, 0, 106, 797, 768, 214, 4.98%, 0, 0, 3, 2039.89
1570910235, 0, 106, 799, 770, 214, 4.99%, 0, 0, 3, 2057.81
1570910240, 0, 106, 800, 771, 214, 4.99%, 0, 0, 3, 2025.70
1570910261, 0, 106, 804, 775, 214, 5.00%, 0, 0, 3, 1969.52
1570910312, 0, 106, 805, 776, 214, 5.00%, 0, 0, 3, 1990.11
1570910317, 0, 106, 815, 786, 214, 5.04%, 0, 0, 3, 1964.92
1570910348, 0, 106, 816, 787, 214, 5.05%, 0, 0, 3, 2155.74
1570910553, 0, 106, 818, 789, 214, 5.07%, 0, 0, 3, 2033.65
1570910568, 0, 112, 818, 788, 230, 5.07%, 0, 0, 3, 2300.77
1570910593, 0, 112, 819, 789, 230, 5.07%, 0, 0, 3, 2029.93
1570910696, 0, 112, 821, 791, 230, 5.07%, 0, 0, 3, 2008.00
1570910701, 0, 112, 823, 793, 230, 5.07%, 0, 0, 3, 2005.83
1570910930, 0, 112, 825, 795, 230, 5.08%, 0, 0, 3, 1996.26
1570910955, 0, 114, 826, 795, 233, 5.08%, 0, 0, 3, 2208.45
1570910976, 0, 114, 832, 801, 233, 5.09%, 0, 0, 3, 1990.42
1570910981, 0, 114, 833, 802, 233, 5.09%, 0, 0, 3, 2028.79
1570911084, 0, 114, 840, 809, 233, 5.10%, 0, 0, 3, 1988.67
1570911089, 0, 114, 841, 810, 233, 5.10%, 0, 0, 3, 1987.10
1570911323, 0, 114, 842, 811, 233, 5.10%, 0, 0, 3, 1982.23
1570911344, 0, 115, 842, 810, 236, 5.10%, 0, 0, 3, 2226.34
1570911364, 0, 115, 843, 811, 236, 5.10%, 0, 0, 3, 2003.10
1570911395, 0, 115, 844, 812, 236, 5.11%, 0, 0, 3, 2020.84
1570911472, 0, 115, 845, 813, 236, 5.11%, 0, 0, 3, 2023.19
1570911728, 0, 116, 845, 812, 237, 5.11%, 0, 0, 3, 2207.16
1570911748, 0, 116, 850, 817, 237, 5.11%, 0, 0, 3, 1991.37
1570911753, 0, 116, 854, 821, 237, 5.11%, 0, 0, 3, 2047.39
1570911779, 0, 116, 855, 822, 237, 5.11%, 0, 0, 3, 1978.14
1570911846, 0, 116, 856, 823, 237, 5.11%, 0, 0, 3, 1982.51
1570911856, 0, 116, 861, 828, 237, 5.11%, 0, 0, 3, 1987.63
1570911861, 0, 116, 862, 829, 237, 5.11%, 0, 0, 3, 1996.01
1570911897, 0, 116, 864, 831, 237, 5.11%, 0, 0, 3, 2136.74
1570912014, 0, 116, 866, 833, 237, 5.12%, 0, 0, 3, 2084.47
1570912096, 0, 116, 867, 834, 237, 5.12%, 0, 0, 3, 2001.68
1570912116, 0, 117, 867, 833, 240, 5.12%, 0, 0, 3, 2272.79
1570912137, 0, 117, 868, 834, 240, 5.12%, 0, 0, 3, 2022.69
1570912198, 0, 117, 869, 835, 240, 5.12%, 0, 0, 3, 2063.73
1570912280, 0, 117, 870, 836, 240, 5.12%, 0, 0, 3, 2132.86
1570912501, 0, 118, 870, 835, 239, 5.12%, 0, 0, 3, 2191.62
1570912890, 0, 120, 871, 835, 238, 5.12%, 0, 0, 3, 2212.75
1570912910, 0, 120, 872, 836, 238, 5.12%, 0, 0, 3, 1993.03
1570912915, 0, 120, 875, 839, 238, 5.13%, 0, 0, 3, 2047.07
1570912941, 0, 120, 881, 845, 238, 5.17%, 0, 0, 3, 2001.95
1570912971, 0, 120, 883, 847, 238, 5.18%, 0, 0, 3, 2029.83
1570913023, 0, 120, 896, 860, 238, 5.24%, 0, 0, 3, 1997.51
1570913256, 0, 120, 898, 862, 238, 5.24%, 0, 0, 3, 1997.29
1570913277, 0, 121, 898, 861, 257, 5.24%, 0, 0, 3, 2307.42
1570913297, 0, 121, 900, 863, 257, 5.24%, 0, 0, 3, 1984.31
1570913307, 0, 121, 901, 864, 257, 5.24%, 0, 0, 3, 2040.61
1570913359, 0, 121, 902, 865, 257, 5.24%, 0, 0, 3, 1992.95
1570913410, 0, 121, 908, 871, 257, 5.26%, 0, 0, 3, 1983.05
1570913670, 0, 122, 908, 870, 259, 5.26%, 0, 0, 3, 2109.52
1570913691, 0, 122, 909, 871, 259, 5.26%, 0, 0, 3, 2021.94
1570914053, 0, 123, 909, 870, 258, 5.26%, 0, 0, 3, 2138.76
1570914074, 0, 123, 913, 874, 258, 5.27%, 0, 0, 3, 1993.89
1570914105, 0, 123, 916, 877, 258, 5.27%, 1, 0, 3, 2006.34
1570914187, 0, 123, 927, 888, 258, 5.36%, 1, 0, 3, 1994.43
1570914341, 0, 123, 928, 889, 258, 5.36%, 1, 0, 3, 2053.61
1570914361, 0, 123, 929, 890, 258, 5.36%, 1, 0, 3, 2078.66
1570914443, 0, 124, 929, 889, 266, 5.36%, 1, 0, 3, 2236.42
1570914463, 0, 124, 930, 890, 266, 5.36%, 1, 0, 3, 1985.01
1570914469, 0, 124, 931, 891, 266, 5.36%, 1, 0, 3, 2061.28
1570914576, 0, 124, 934, 894, 266, 5.46%, 1, 0, 3, 2010.30
1570914831, 0, 131, 935, 894, 266, 5.46%, 1, 0, 3, 2144.21
1570914846, 0, 131, 936, 895, 266, 5.46%, 1, 0, 3, 1971.45
1570914852, 0, 131, 938, 897, 266, 5.46%, 1, 0, 3, 1984.58
1570914857, 0, 131, 939, 898, 266, 5.46%, 1, 0, 3, 2031.15
1570914883, 0, 131, 941, 900, 266, 5.46%, 1, 0, 3, 2032.43
1570914965, 0, 131, 945, 904, 266, 5.46%, 1, 0, 3, 2005.14
1570915118, 0, 131, 946, 905, 266, 5.46%, 1, 0, 3, 2035.95
1570915200, 0, 131, 947, 906, 266, 5.47%, 1, 0, 3, 2004.74
1570915220, 0, 135, 947, 905, 266, 5.47%, 1, 0, 3, 2110.26
1570915245, 0, 135, 948, 906, 266, 5.47%, 1, 0, 3, 2069.80
1570915522, 0, 135, 949, 907, 266, 5.47%, 1, 0, 3, 2131.44
1570915588, 0, 135, 950, 908, 266, 5.47%, 1, 0, 3, 2029.67
1570915593, 0, 135, 951, 909, 266, 5.47%, 1, 0, 3, 2019.00
1570915614, 0, 141, 951, 908, 266, 5.47%, 1, 0, 3, 2281.99
1570915758, 0, 141, 952, 909, 266, 5.47%, 1, 0, 3, 2112.30
1570916014, 0, 145, 952, 908, 266, 5.47%, 1, 0, 3, 2514.74
1570916034, 0, 145, 953, 909, 266, 5.47%, 1, 0, 3, 2553.66
1570916147, 0, 145, 954, 910, 266, 5.47%, 1, 0, 3, 2589.00
1570916157, 0, 147, 954, 909, 266, 5.47%, 1, 0, 3, 2534.06
1570916301, 0, 147, 955, 910, 266, 5.47%, 1, 0, 3, 2137.40
1570916556, 0, 151, 955, 909, 265, 5.47%, 1, 0, 3, 2121.00
1570916582, 0, 151, 957, 911, 265, 5.48%, 1, 0, 3, 2032.21
1570916648, 0, 151, 959, 913, 265, 5.48%, 1, 0, 3, 2048.34
1570916694, 0, 151, 960, 914, 265, 5.48%, 1, 0, 3, 1970.60
1570916700, 0, 151, 961, 915, 265, 5.48%, 1, 0, 3, 2071.59
1570916961, 0, 156, 965, 918, 268, 5.48%, 1, 0, 3, 2285.72
1570917360, 0, 158, 965, 917, 268, 5.48%, 1, 0, 3, 2127.20
1570917754, 0, 162, 965, 916, 267, 5.48%, 1, 0, 3, 2196.96
1570917779, 0, 162, 969, 920, 267, 5.48%, 1, 0, 3, 2007.58
1570917805, 0, 162, 970, 921, 267, 5.49%, 1, 0, 3, 2053.05
1570917882, 0, 162, 971, 922, 267, 5.49%, 1, 0, 3, 2027.02
1570917898, 0, 162, 972, 923, 267, 5.49%, 1, 0, 3, 2126.99
1570918148, 0, 168, 973, 923, 268, 5.49%, 1, 0, 3, 2286.55
1570918153, 0, 168, 975, 925, 268, 5.49%, 1, 0, 3, 2086.28
1570918174, 0, 168, 978, 928, 268, 5.49%, 1, 0, 3, 2063.90
1570918179, 0, 168, 979, 929, 268, 5.49%, 1, 0, 3, 2041.42
1570918246, 0, 168, 980, 930, 268, 5.49%, 1, 0, 3, 2048.97
1570918547, 0, 169, 980, 929, 268, 5.49%, 1, 0, 3, 2253.84
1570918572, 0, 169, 981, 930, 268, 5.49%, 1, 0, 3, 2050.33
1570918690, 0, 169, 982, 931, 268, 5.49%, 1, 0, 3, 2102.85
1570918941, 0, 170, 983, 931, 268, 5.49%, 1, 0, 3, 2351.22
1570918967, 0, 170, 984, 932, 268, 5.49%, 1, 0, 3, 2719.01
1570919013, 0, 170, 987, 935, 268, 5.49%, 1, 0, 3, 2691.20
1570919090, 0, 177, 987, 934, 267, 5.49%, 1, 0, 3, 2250.71
1570919115, 0, 177, 989, 936, 267, 5.49%, 1, 0, 3, 2084.71
1570919484, 0, 182, 989, 935, 267, 5.49%, 1, 0, 3, 2107.68
1570919505, 0, 182, 991, 937, 267, 5.49%, 1, 0, 3, 2040.76
1570919628, 0, 182, 992, 938, 267, 5.49%, 1, 0, 3, 2148.97
1570919879, 0, 183, 993, 938, 265, 5.49%, 1, 0, 3, 2218.16
1570919904, 0, 183, 994, 939, 265, 5.49%, 1, 0, 3, 2071.27
1570919966, 0, 183, 995, 940, 265, 5.49%, 1, 0, 3, 2049.10
1570920273, 0, 185, 996, 940, 264, 5.49%, 1, 0, 3, 2399.34
1570920355, 0, 192, 996, 939, 264, 5.49%, 1, 0, 3, 2578.82
1570920381, 0, 192, 999, 942, 264, 5.49%, 1, 0, 3, 2060.97
1570920386, 0, 192, 1002, 945, 264, 5.49%, 1, 0, 3, 2050.25
1570920412, 0, 192, 1006, 949, 264, 5.50%, 1, 0, 3, 2077.17
1570920417, 0, 192, 1007, 950, 264, 5.50%, 1, 0, 3, 2047.57
1570920504, 0, 192, 1008, 951, 264, 5.51%, 1, 0, 3, 2166.14
1570920520, 0, 192, 1009, 952, 264, 5.51%, 1, 0, 3, 2126.10
1570920699, 0, 192, 1011, 954, 264, 5.51%, 1, 0, 3, 2130.60
1570920756, 0, 196, 1011, 953, 271, 5.51%, 1, 0, 3, 2231.04
1570920781, 0, 196, 1013, 955, 271, 5.51%, 1, 0, 3, 2067.19
1570920899, 0, 196, 1014, 956, 271, 5.51%, 1, 0, 3, 2127.02
1570921155, 0, 199, 1014, 955, 271, 5.51%, 1, 0, 3, 2401.43
1570921202, 0, 199, 1016, 957, 271, 5.51%, 1, 0, 3, 2509.92
1570921233, 0, 199, 1020, 961, 271, 5.51%, 1, 0, 3, 2522.57
1570921238, 0, 199, 1021, 962, 271, 5.51%, 1, 0, 3, 2515.58
1570921304, 0, 199, 1022, 963, 271, 5.51%, 1, 0, 3, 2534.83
1570921320, 0, 206, 1022, 962, 269, 5.51%, 1, 0, 3, 2550.72
1570921341, 0, 206, 1024, 964, 269, 5.51%, 1, 0, 3, 2435.68
1570921366, 0, 206, 1026, 966, 269, 5.51%, 1, 0, 3, 2445.31
1570921402, 0, 206, 1028, 968, 269, 5.51%, 1, 0, 3, 2450.51
1570921418, 0, 206, 1029, 969, 269, 5.51%, 1, 0, 3, 2478.43
1570921494, 0, 210, 1029, 968, 269, 5.51%, 1, 0, 3, 2516.89
1570921663, 0, 217, 1029, 967, 268, 5.51%, 1, 0, 3, 2360.14
1570921806, 0, 217, 1030, 968, 268, 5.51%, 1, 0, 3, 2121.40
1570922067, 0, 220, 1030, 967, 267, 5.51%, 1, 0, 3, 2363.26
1570922088, 0, 220, 1041, 978, 267, 5.62%, 1, 0, 3, 2399.50
1570922134, 0, 220, 1042, 979, 267, 5.62%, 1, 0, 3, 2376.07
1570922139, 0, 220, 1043, 980, 267, 5.62%, 1, 0, 3, 2347.21
1570922149, 0, 220, 1045, 982, 267, 5.62%, 1, 0, 3, 2401.68
1570922154, 0, 220, 1046, 983, 267, 5.62%, 1, 0, 3, 2419.37
1570922165, 0, 220, 1047, 984, 267, 5.63%, 1, 0, 3, 2422.63
1570922251, 0, 221, 1047, 983, 278, 5.63%, 1, 0, 3, 2238.11
1570922277, 0, 221, 1052, 988, 278, 5.67%, 1, 0, 3, 2079.26
1570922344, 0, 221, 1053, 989, 278, 5.76%, 1, 0, 3, 2100.63
1570922640, 0, 221, 1054, 990, 278, 5.76%, 1, 0, 3, 2178.51
1570922650, 0, 221, 1055, 991, 278, 5.76%, 1, 0, 3, 2166.21
1570922655, 0, 223, 1055, 990, 280, 5.76%, 1, 0, 3, 2153.41
1570922681, 0, 223, 1057, 992, 280, 5.76%, 1, 0, 3, 2098.13
1570922737, 0, 223, 1058, 993, 280, 5.76%, 1, 0, 3, 2092.82
1570922804, 0, 223, 1059, 994, 280, 5.76%, 1, 0, 3, 2158.13
1570923054, 0, 242, 1059, 993, 279, 5.76%, 1, 0, 3, 2292.41
1570923459, 0, 246, 1059, 992, 278, 5.76%, 1, 0, 3, 2154.86
1570923540, 0, 246, 1060, 993, 278, 5.77%, 1, 0, 3, 2073.68
1570923607, 0, 246, 1061, 994, 278, 5.77%, 1, 0, 3, 2132.27
1570923859, 0, 253, 1061, 993, 278, 5.77%, 1, 0, 3, 2231.06
1570923889, 0, 253, 1062, 994, 278, 5.77%, 1, 0, 3, 2003.57
1570924028, 0, 253, 1063, 995, 278, 5.77%, 1, 0, 3, 2149.91
1570924268, 0, 258, 1063, 994, 278, 5.77%, 1, 0, 3, 2332.19
1570924350, 0, 258, 1064, 995, 278, 5.77%, 1, 0, 3, 2345.45
1570924361, 0, 258, 1065, 996, 278, 5.77%, 1, 0, 3, 2345.26
1570924366, 0, 258, 1067, 998, 278, 5.78%, 1, 0, 3, 2357.71
1570924381, 0, 258, 1068, 999, 278, 5.78%, 1, 0, 3, 2346.57
1570924488, 0, 259, 1068, 998, 280, 5.78%, 1, 0, 3, 2352.88
1570924509, 0, 259, 1069, 999, 280, 5.78%, 1, 0, 3, 2295.71
1570924514, 0, 259, 1070, 1000, 280, 5.78%, 1, 0, 3, 2299.31
1570924580, 0, 259, 1071, 1001, 280, 5.78%, 1, 0, 3, 2345.65
1570924703, 0, 268, 1071, 1000, 279, 5.78%, 1, 0, 3, 2366.35
1570924718, 0, 268, 1072, 1001, 279, 5.78%, 1, 0, 3, 2120.20
1570924723, 0, 268, 1073, 1002, 279, 5.78%, 1, 0, 3, 2119.87
1570924733, 0, 268, 1079, 1008, 279, 5.78%, 1, 0, 3, 2155.15
1570924759, 0, 268, 1080, 1009, 279, 5.78%, 1, 0, 3, 2163.90
1570924851, 0, 268, 1081, 1010, 279, 5.78%, 1, 0, 3, 2193.61
1570924856, 0, 268, 1082, 1011, 279, 5.78%, 1, 0, 3, 2182.56
1570924872, 0, 268, 1083, 1012, 279, 5.78%, 1, 0, 3, 2116.29
1570924979, 0, 268, 1084, 1013, 279, 5.78%, 1, 0, 3, 2228.74
1570925062, 0, 268, 1085, 1014, 279, 5.78%, 1, 0, 3, 2236.13
1570925067, 0, 272, 1085, 1013, 278, 5.78%, 1, 0, 3, 2348.35
1570925154, 0, 272, 1086, 1014, 278, 5.78%, 1, 0, 3, 2361.19
1570925283, 0, 273, 1087, 1014, 277, 5.78%, 1, 0, 3, 2412.28
1570925380, 0, 273, 1088, 1015, 277, 5.78%, 1, 0, 3, 2327.34
1570925401, 0, 273, 1089, 1016, 277, 5.78%, 1, 0, 3, 2311.24
1570925539, 0, 279, 1089, 1015, 276, 5.78%, 1, 0, 3, 2240.13
1570925698, 0, 279, 1090, 1016, 276, 5.78%, 1, 0, 3, 2120.79
1570925933, 0, 280, 1090, 1015, 275, 5.78%, 1, 0, 3, 2222.79
1570925994, 0, 280, 1091, 1016, 275, 5.78%, 1, 0, 3, 1982.21
1570926101, 0, 280, 1093, 1018, 275, 5.78%, 1, 0, 3, 2102.48
1570926107, 0, 280, 1094, 1019, 275, 5.78%, 1, 0, 3, 2010.08
1570926348, 0, 281, 1094, 1018, 276, 5.78%, 1, 0, 3, 2276.40
1570926634, 0, 281, 1095, 1019, 276, 5.78%, 1, 0, 3, 2056.65
1570926757, 0, 283, 1097, 1020, 275, 5.78%, 1, 0, 3, 2338.21
1570926777, 0, 283, 1099, 1022, 275, 5.78%, 1, 0, 3, 2342.22
1570926782, 0, 283, 1100, 1023, 275, 5.78%, 1, 0, 3, 2308.42
1570926803, 0, 283, 1101, 1024, 275, 5.78%, 1, 0, 3, 2353.30
1570926828, 0, 283, 1102, 1025, 275, 5.78%, 1, 0, 3, 2350.82
1570926839, 0, 283, 1106, 1029, 275, 5.78%, 1, 0, 3, 2342.30
1570926844, 0, 283, 1107, 1030, 275, 5.78%, 1, 0, 3, 2368.31
1570926849, 0, 283, 1109, 1032, 275, 5.78%, 1, 0, 3, 2359.66
1570926869, 0, 283, 1110, 1033, 275, 5.78%, 1, 0, 3, 2370.12
1570926921, 0, 283, 1111, 1034, 275, 5.79%, 1, 0, 3, 2347.43
1570926926, 0, 283, 1112, 1035, 275, 5.79%, 1, 0, 3, 2343.42
1570926972, 0, 285, 1112, 1034, 275, 5.79%, 1, 0, 3, 2457.16
1570927192, 0, 286, 1112, 1033, 274, 5.79%, 1, 0, 3, 2412.21
1570927412, 0, 288, 1112, 1032, 273, 5.79%, 1, 0, 3, 2409.44
1570927448, 0, 288, 1116, 1036, 273, 5.79%, 1, 0, 3, 1907.60
1570927479, 0, 288, 1117, 1037, 273, 5.79%, 1, 0, 3, 1913.26
1570927535, 0, 288, 1118, 1038, 273, 5.79%, 1, 0, 3, 1876.82
1570927545, 0, 288, 1119, 1039, 273, 5.79%, 1, 0, 3, 1988.06
1570927566, 0, 288, 1120, 1040, 273, 5.79%, 1, 0, 3, 2004.10
1570927571, 0, 288, 1121, 1041, 273, 5.79%, 1, 0, 3, 1987.81
1570927775, 0, 291, 1121, 1040, 273, 5.79%, 1, 0, 3, 2155.48
1570927800, 0, 291, 1122, 1041, 273, 5.79%, 1, 0, 3, 2065.32
1570927806, 0, 291, 1123, 1042, 273, 5.79%, 1, 0, 3, 2008.86
1570928184, 0, 298, 1123, 1041, 272, 5.79%, 1, 0, 3, 2186.93
1570928189, 0, 298, 1125, 1043, 272, 5.79%, 1, 0, 3, 2050.99
1570928537, 0, 298, 1126, 1044, 272, 5.79%, 1, 0, 3, 2029.62
1570928598, 0, 300, 1126, 1043, 271, 5.79%, 1, 0, 3, 2162.39
1570928747, 0, 300, 1127, 1044, 271, 5.79%, 1, 0, 3, 2160.33
1570928972, 0, 302, 1127, 1043, 270, 5.79%, 1, 0, 3, 2320.88
1570929003, 0, 302, 1128, 1044, 270, 5.79%, 1, 0, 3, 2068.98
1570929059, 0, 302, 1130, 1046, 270, 5.79%, 1, 0, 3, 2052.44
1570929120, 0, 302, 1131, 1047, 270, 5.79%, 1, 0, 3, 2191.24
1570929319, 0, 304, 1131, 1046, 269, 5.79%, 1, 0, 3, 2316.04
1570929350, 0, 304, 1132, 1047, 269, 5.79%, 1, 0, 3, 1973.42
1570929411, 0, 304, 1134, 1049, 269, 5.79%, 1, 0, 3, 1971.07
1570929477, 0, 304, 1136, 1051, 269, 5.79%, 1, 0, 3, 2083.47
1570929600, 0, 304, 1137, 1052, 269, 5.79%, 1, 0, 3, 2060.52
1570929691, 0, 310, 1137, 1051, 268, 5.79%, 1, 0, 3, 2143.10
1570929712, 0, 310, 1139, 1053, 268, 5.79%, 1, 0, 3, 2013.73
1570929717, 0, 310, 1142, 1056, 268, 5.79%, 1, 0, 3, 2076.56
1570929722, 0, 310, 1144, 1058, 268, 5.79%, 1, 0, 3, 2046.48
1570929748, 0, 310, 1146, 1060, 268, 5.79%, 1, 0, 3, 2089.74
1570929773, 0, 310, 1147, 1061, 268, 5.79%, 1, 0, 3, 2077.74
1570929784, 0, 310, 1149, 1063, 268, 5.79%, 1, 0, 3, 2136.77
1570929840, 0, 310, 1150, 1064, 268, 5.79%, 1, 0, 3, 2131.37
1570930096, 0, 312, 1150, 1063, 267, 5.79%, 1, 0, 3, 2579.04
1570930234, 0, 317, 1151, 1063, 266, 5.79%, 1, 0, 3, 2705.68
1570930383, 0, 318, 1151, 1062, 265, 5.79%, 1, 0, 3, 2608.69
1570930520, 0, 319, 1151, 1061, 264, 5.79%, 1, 0, 3, 2736.21
1570930525, 0, 319, 1162, 1072, 264, 5.89%, 1, 0, 3, 2747.06
1570930531, 0, 319, 1164, 1074, 264, 5.90%, 1, 0, 3, 2752.38
1570930536, 0, 329, 1168, 1077, 276, 6.03%, 1, 0, 3, 2718.90
1570930950, 0, 331, 1168, 1076, 275, 6.03%, 1, 0, 3, 2145.48
1570930971, 0, 331, 1169, 1077, 275, 6.05%, 1, 0, 3, 2015.30
1570931002, 0, 331, 1170, 1078, 275, 6.05%, 1, 0, 3, 2072.83
1570931079, 0, 331, 1171, 1079, 275, 6.05%, 1, 0, 3, 2004.04
1570931354, 0, 334, 1171, 1078, 275, 6.05%, 1, 0, 3, 2301.14
1570931380, 0, 334, 1172, 1079, 275, 6.05%, 1, 0, 3, 2027.25
1570931436, 0, 334, 1173, 1080, 275, 6.05%, 1, 0, 3, 2001.37
1570931488, 0, 334, 1174, 1081, 275, 6.05%, 1, 0, 3, 2006.71
1570931773, 0, 335, 1174, 1080, 274, 6.05%, 1, 0, 3, 2110.81
1570931794, 0, 335, 1175, 1081, 274, 6.05%, 1, 0, 3, 2012.89
1570932188, 0, 336, 1175, 1080, 273, 6.05%, 1, 0, 3, 2116.55
1570932208, 0, 336, 1177, 1082, 273, 6.05%, 1, 0, 3, 2018.20
1570932316, 0, 336, 1180, 1085, 273, 6.06%, 1, 0, 3, 1988.98
1570932566, 0, 336, 1181, 1086, 273, 6.06%, 1, 0, 3, 2009.44
1570932597, 0, 337, 1181, 1085, 275, 6.06%, 1, 0, 3, 2203.47
1570932623, 0, 337, 1184, 1088, 275, 6.07%, 1, 0, 3, 2048.53
1570932648, 0, 337, 1185, 1089, 275, 6.07%, 1, 0, 3, 2000.15
1570932883, 0, 337, 1186, 1090, 275, 6.09%, 1, 0, 3, 2080.48
1570932893, 0, 337, 1187, 1091, 275, 6.10%, 1, 0, 3, 2004.41
1570932980, 0, 337, 1191, 1095, 275, 6.12%, 1, 0, 3, 1981.41
1570933011, 0, 338, 1191, 1094, 283, 6.12%, 1, 0, 3, 2299.71
1570933036, 0, 338, 1192, 1095, 283, 6.13%, 1, 0, 3, 2019.75
1570933429, 0, 340, 1193, 1095, 282, 6.13%, 1, 0, 3, 2153.18
1570933449, 0, 340, 1196, 1098, 282, 6.14%, 1, 0, 3, 1989.25
1570933480, 0, 340, 1198, 1100, 282, 6.14%, 1, 0, 3, 2004.72
1570933521, 0, 340, 1199, 1101, 282, 6.14%, 1, 0, 3, 2104.46
1570933562, 0, 340, 1204, 1106, 282, 6.15%, 1, 0, 3, 1992.01
1570933843, 0, 341, 1204, 1105, 287, 6.15%, 1, 0, 3, 2323.74
1570933970, 0, 341, 1205, 1106, 287, 6.15%, 1, 0, 3, 1999.91
1570933981, 0, 341, 1207, 1108, 287, 6.21%, 1, 0, 3, 2006.41
1570934262, 0, 344, 1207, 1107, 288, 6.21%, 1, 0, 3, 2211.35
1570934630, 0, 350, 1208, 1107, 287, 6.21%, 1, 0, 3, 2261.21
1570935035, 0, 351, 1208, 1106, 286, 6.21%, 1, 0, 3, 2221.22
1570935455, 0, 356, 1209, 1106, 285, 6.21%, 1, 0, 3, 2266.56
1570935475, 0, 356, 1210, 1107, 285, 6.21%, 1, 0, 3, 2025.15
1570935481, 0, 356, 1211, 1108, 285, 6.21%, 1, 0, 3, 2059.84
1570935506, 0, 356, 1212, 1109, 285, 6.21%, 1, 0, 3, 2030.53
1570935511, 0, 356, 1213, 1110, 285, 6.21%, 1, 0, 3, 2089.12
1570935583, 0, 356, 1214, 1111, 285, 6.22%, 1, 0, 3, 2013.97
1570935737, 0, 356, 1215, 1112, 285, 6.22%, 1, 0, 3, 2081.53
1570935825, 0, 356, 1220, 1117, 285, 6.22%, 1, 0, 3, 2016.78
1570935860, 0, 367, 1220, 1115, 284, 6.22%, 1, 0, 3, 2636.17
1570935927, 0, 370, 1220, 1114, 283, 6.22%, 1, 0, 3, 2233.74
1570935947, 0, 370, 1221, 1115, 283, 6.22%, 1, 0, 3, 2015.38
1570935978, 0, 370, 1223, 1117, 283, 6.26%, 1, 0, 3, 2068.15
1570936004, 0, 370, 1224, 1118, 283, 6.26%, 1, 0, 3, 1997.46
1570936040, 0, 370, 1225, 1119, 283, 6.26%, 1, 0, 3, 1984.83
1570936055, 0, 370, 1229, 1123, 283, 6.31%, 1, 0, 3, 2014.29
1570936218, 0, 370, 1230, 1124, 283, 6.32%, 1, 0, 3, 2017.91
1570936300, 0, 370, 1237, 1131, 283, 6.33%, 1, 0, 3, 1972.60
1570936336, 0, 374, 1237, 1130, 291, 6.33%, 1, 0, 3, 2254.38
1570936473, 0, 374, 1238, 1131, 291, 6.33%, 1, 0, 3, 2016.03
1570936753, 0, 385, 1238, 1130, 290, 6.33%, 1, 0, 3, 2112.74
1570936918, 0, 385, 1240, 1132, 290, 6.33%, 1, 0, 3, 2069.65
1570937153, 0, 393, 1240, 1131, 289, 6.33%, 1, 0, 3, 2290.38
1570937240, 0, 393, 1241, 1132, 289, 6.33%, 1, 0, 3, 2295.18
1570937373, 0, 394, 1241, 1131, 288, 6.33%, 1, 0, 3, 2394.04
1570937600, 0, 395, 1241, 1130, 287, 6.33%, 1, 0, 3, 2470.82
1570937626, 0, 395, 1242, 1131, 287, 6.33%, 1, 0, 3, 2305.72
1570937708, 0, 395, 1243, 1132, 287, 6.33%, 1, 0, 3, 2309.33
1570937713, 0, 395, 1244, 1133, 287, 6.33%, 1, 0, 3, 2328.57
1570937815, 0, 397, 1245, 1133, 289, 6.33%, 1, 0, 3, 2481.26
1570938041, 0, 404, 1246, 1133, 288, 6.34%, 1, 0, 3, 2454.22
1570938066, 0, 404, 1248, 1135, 288, 6.34%, 1, 0, 3, 2249.50
1570938092, 0, 404, 1249, 1136, 288, 6.34%, 1, 0, 3, 2262.40
1570938128, 0, 404, 1250, 1137, 288, 6.34%, 1, 0, 3, 2254.42
1570938133, 0, 404, 1252, 1139, 288, 6.34%, 1, 0, 3, 2268.77
1570938138, 0, 404, 1255, 1142, 288, 6.34%, 1, 0, 3, 2301.21
1570938143, 0, 404, 1258, 1145, 288, 6.34%, 1, 0, 3, 2272.82
1570938148, 0, 404, 1260, 1147, 288, 6.34%, 1, 0, 3, 2288.45
1570938154, 0, 404, 1262, 1149, 288, 6.34%, 1, 0, 3, 2290.56
1570938215, 0, 404, 1263, 1150, 288, 6.34%, 1, 0, 3, 2281.87
1570938266, 0, 405, 1265, 1151, 287, 6.34%, 1, 0, 3, 2566.22
1570938271, 0, 406, 1265, 1150, 286, 6.34%, 1, 0, 3, 2328.76
1570938574, 0, 406, 1266, 1151, 286, 6.34%, 1, 0, 3, 2127.57
1570938681, 0, 425, 1267, 1151, 286, 6.34%, 1, 0, 3, 2380.40
1570939097, 0, 427, 1267, 1150, 285, 6.34%, 1, 0, 3, 2305.82
1570939353, 0, 436, 1267, 1149, 284, 6.34%, 1, 0, 3, 2158.98
1570939373, 0, 436, 1268, 1150, 284, 6.34%, 1, 0, 3, 1997.90
1570939404, 0, 436, 1269, 1151, 284, 6.35%, 1, 0, 3, 2046.00
1570939430, 0, 436, 1271, 1153, 284, 6.36%, 1, 0, 3, 2009.18
1570939466, 0, 436, 1272, 1154, 284, 6.36%, 1, 0, 3, 1991.35
1570939481, 0, 436, 1280, 1162, 284, 6.42%, 1, 0, 3, 2017.94
1570939726, 0, 436, 1283, 1165, 284, 6.42%, 1, 0, 3, 1992.48
1570939767, 0, 440, 1283, 1164, 293, 6.42%, 1, 0, 3, 2080.97
1570939787, 0, 440, 1287, 1168, 293, 6.43%, 1, 0, 3, 1987.70
1570939818, 0, 440, 1288, 1169, 293, 6.43%, 1, 0, 3, 2032.08
1570939880, 0, 440, 1289, 1170, 293, 6.43%, 1, 0, 3, 1997.40
1570939895, 0, 440, 1290, 1171, 293, 6.44%, 1, 0, 3, 1998.99
1570940180, 0, 442, 1290, 1170, 295, 6.44%, 1, 0, 3, 2286.78
1570940298, 0, 442, 1291, 1171, 295, 6.44%, 1, 0, 3, 1997.84
1570940598, 0, 443, 1291, 1170, 294, 6.44%, 1, 0, 3, 2121.31
1570940614, 0, 443, 1292, 1171, 294, 6.44%, 1, 0, 3, 2002.63
1570940619, 0, 443, 1294, 1173, 294, 6.46%, 1, 0, 3, 2022.94
1570940676, 0, 443, 1295, 1174, 294, 6.47%, 1, 0, 3, 2014.10
1570940727, 0, 443, 1305, 1184, 294, 6.51%, 1, 0, 3, 2016.89
1570941012, 0, 444, 1305, 1183, 300, 6.51%, 1, 0, 3, 2149.12
1570941028, 0, 444, 1306, 1184, 300, 6.51%, 1, 0, 3, 2012.14
1570941140, 0, 444, 1307, 1185, 300, 6.51%, 1, 0, 3, 2002.65
1570941421, 0, 445, 1307, 1184, 300, 6.51%, 1, 0, 3, 2320.22
1570941441, 0, 445, 1308, 1185, 300, 6.51%, 1, 0, 3, 2006.75
1570941446, 0, 445, 1309, 1186, 300, 6.51%, 1, 0, 3, 2034.08
1570941554, 0, 445, 1314, 1191, 300, 6.55%, 1, 0, 3, 2002.39
1570941804, 0, 445, 1317, 1194, 300, 6.58%, 1, 0, 3, 2008.21
1570941839, 0, 446, 1317, 1193, 304, 6.58%, 1, 0, 3, 2134.86
1570941860, 0, 446, 1320, 1196, 304, 6.59%, 1, 0, 3, 2011.78
1570941891, 0, 446, 1321, 1197, 304, 6.59%, 1, 0, 3, 2061.18
1570941916, 0, 446, 1323, 1199, 304, 6.60%, 1, 0, 3, 2018.40
1570941968, 0, 446, 1333, 1209, 304, 6.65%, 1, 0, 3, 2024.37
1570942213, 0, 446, 1334, 1210, 304, 6.65%, 1, 0, 3, 1989.99
1570942249, 0, 450, 1334, 1209, 312, 6.65%, 1, 0, 3, 2328.18
1570942275, 0, 450, 1338, 1213, 312, 6.65%, 1, 0, 3, 1982.01
1570942305, 0, 450, 1341, 1216, 312, 6.71%, 1, 0, 3, 2026.73
1570942372, 0, 450, 1342, 1217, 312, 6.71%, 1, 0, 3, 1969.46
1570942387, 0, 450, 1356, 1231, 312, 6.79%, 1, 0, 3, 1977.88
1570942551, 0, 450, 1358, 1233, 312, 6.79%, 1, 0, 3, 1969.69
1570942638, 0, 450, 1369, 1244, 312, 6.83%, 1, 0, 3, 1975.68
1570942673, 0, 451, 1369, 1243, 321, 6.83%, 1, 0, 3, 2161.55
1570942750, 0, 451, 1370, 1244, 321, 6.83%, 1, 0, 3, 2006.12
1570942807, 0, 451, 1371, 1245, 321, 6.83%, 1, 0, 3, 2014.70
1570943088, 0, 454, 1371, 1244, 321, 6.83%, 1, 0, 3, 2116.40
1570943104, 0, 454, 1372, 1245, 321, 6.83%, 1, 0, 3, 2023.57
1570943217, 0, 454, 1374, 1247, 321, 6.86%, 1, 0, 3, 2035.53
1570943462, 0, 454, 1376, 1249, 321, 6.87%, 1, 0, 3, 2026.44
1570943498, 0, 455, 1376, 1248, 321, 6.87%, 1, 0, 3, 2145.34
1570943519, 0, 455, 1378, 1250, 321, 6.87%, 1, 0, 3, 1998.01
1570943549, 0, 455, 1379, 1251, 321, 6.87%, 1, 0, 3, 2014.14
1570943580, 0, 455, 1380, 1252, 321, 6.87%, 1, 0, 3, 2063.82
1570943631, 0, 455, 1386, 1258, 321, 6.87%, 1, 0, 3, 2007.24
1570943881, 0, 455, 1388, 1260, 321, 6.87%, 1, 0, 3, 1997.15
1570943911, 0, 458, 1388, 1259, 320, 6.87%, 1, 0, 3, 2243.39
1570943932, 0, 458, 1389, 1260, 320, 6.87%, 1, 0, 3, 1985.65
1570943937, 0, 458, 1391, 1262, 320, 6.88%, 1, 0, 3, 2039.23
1570943963, 0, 458, 1392, 1263, 320, 6.88%, 1, 0, 3, 1993.77
1570944045, 0, 458, 1395, 1266, 320, 6.89%, 1, 0, 3, 1989.88
1570944198, 0, 458, 1396, 1267, 320, 6.90%, 1, 0, 3, 2073.52
1570944295, 0, 458, 1397, 1268, 320, 6.90%, 1, 0, 3, 1986.22
1570944300, 0, 458, 1400, 1271, 320, 6.90%, 1, 0, 3, 1965.22
1570944331, 0, 460, 1400, 1270, 323, 6.90%, 1, 0, 3, 2207.17
1570944356, 0, 460, 1401, 1271, 323, 6.90%, 1, 0, 3, 2044.90
1570944745, 0, 467, 1401, 1270, 323, 6.90%, 1, 0, 3, 2233.77
1570944771, 0, 467, 1402, 1271, 323, 6.90%, 1, 0, 3, 2040.85
1570944837, 0, 467, 1402, 1271, 323, 6.90%, 2, 0, 3, 2057.12
1570944889, 0, 467, 1404, 1273, 323, 6.91%, 2, 0, 3, 2097.53
1570944899, 0, 467, 1405, 1274, 323, 6.91%, 2, 0, 3, 2113.38
1570944909, 0, 467, 1407, 1276, 323, 6.91%, 2, 0, 3, 2122.38
1570944950, 0, 467, 1408, 1277, 323, 6.91%, 2, 0, 3, 2072.61
1570945047, 0, 467, 1409, 1278, 323, 6.91%, 2, 0, 3, 2095.22
1570945134, 0, 467, 1410, 1279, 323, 6.91%, 2, 0, 3, 2088.50
1570945155, 0, 467, 1412, 1281, 323, 6.91%, 2, 0, 3, 2204.53
1570945160, 0, 487, 1413, 1281, 327, 6.91%, 2, 0, 3, 1900.67
1570945186, 0, 487, 1417, 1285, 327, 6.91%, 2, 0, 3, 1677.67
1570945216, 0, 487, 1418, 1286, 327, 6.91%, 2, 0, 3, 1687.89
1570945221, 0, 487, 1419, 1287, 327, 6.91%, 2, 0, 3, 1750.15
1570945227, 0, 487, 1420, 1288, 327, 6.91%, 2, 0, 3, 1760.96
1570945262, 0, 487, 1421, 1289, 327, 6.91%, 2, 0, 3, 1686.06
1570945267, 0, 487, 1422, 1290, 327, 6.91%, 2, 0, 3, 1860.79
1570945334, 0, 487, 1423, 1291, 327, 6.91%, 2, 0, 3, 1919.04
1570945568, 0, 492, 1423, 1290, 327, 6.91%, 2, 0, 3, 1818.95
1570945603, 0, 492, 1424, 1291, 327, 6.91%, 2, 0, 3, 1674.03
1570945741, 0, 492, 1425, 1292, 327, 6.91%, 2, 0, 3, 1905.31
1570945970, 0, 493, 1425, 1291, 327, 6.91%, 2, 0, 3, 2142.55
1570945995, 0, 493, 1426, 1292, 327, 6.91%, 2, 0, 3, 2013.23
1570946374, 0, 500, 1426, 1291, 327, 6.91%, 2, 0, 3, 2291.76
1570946630, 0, 500, 1427, 1292, 327, 6.91%, 2, 0, 3, 2095.65
1570946645, 0, 500, 1428, 1293, 327, 6.91%, 2, 0, 3, 2127.63
1570946732, 0, 520, 1428, 1292, 327, 6.91%, 2, 0, 3, 2233.57
1570947141, 0, 528, 1428, 1291, 326, 6.91%, 2, 0, 3, 2350.17
1570947193, 0, 528, 1429, 1292, 326, 6.91%, 2, 0, 3, 2026.19
1570947233, 0, 528, 1430, 1293, 326, 6.91%, 2, 0, 3, 2044.48
1570947335, 0, 528, 1431, 1294, 326, 6.91%, 2, 0, 3, 2004.33
1570947556, 0, 530, 1431, 1293, 325, 6.91%, 2, 0, 3, 2414.50
1570947577, 0, 530, 1432, 1294, 325, 6.92%, 2, 0, 3, 2499.46
1570947710, 0, 537, 1432, 1293, 325, 6.92%, 2, 0, 3, 2624.64
1570947715, 0, 544, 1432, 1292, 325, 6.92%, 2, 0, 3, 2487.13
1570947940, 0, 565, 1434, 1292, 325, 6.94%, 2, 0, 3, 2553.30
1570948165, 0, 581, 1434, 1291, 324, 6.94%, 2, 0, 3, 2547.16
1570948170, 0, 592, 1434, 1290, 323, 6.94%, 2, 0, 3, 2647.72
1570948180, 0, 592, 1435, 1291, 323, 6.94%, 2, 0, 3, 2444.18
1570948190, 0, 592, 1440, 1296, 323, 6.94%, 2, 0, 3, 2449.46
1570948195, 0, 592, 1441, 1297, 323, 6.94%, 2, 0, 3, 2435.42
1570948246, 0, 592, 1444, 1300, 323, 6.94%, 2, 0, 3, 2480.35
1570948267, 0, 592, 1445, 1301, 323, 6.94%, 2, 0, 3, 2495.84
1570948323, 0, 592, 1446, 1302, 323, 6.94%, 2, 0, 3, 2473.51
1570948343, 0, 594, 1446, 1301, 324, 6.94%, 2, 0, 3, 2610.69
1570948426, 0, 595, 1446, 1300, 323, 6.94%, 2, 0, 3, 2699.75
1570948492, 0, 595, 1448, 1302, 323, 6.94%, 2, 0, 3, 2658.76
1570948497, 0, 595, 1449, 1303, 323, 6.94%, 2, 0, 3, 2657.05
1570948580, 0, 596, 1449, 1302, 322, 6.94%, 2, 0, 3, 2668.99
1570948733, 0, 598, 1449, 1301, 321, 6.94%, 2, 0, 3, 2761.80
1570948749, 0, 598, 1450, 1302, 321, 6.94%, 2, 0, 3, 2888.35
1570948790, 0, 603, 1450, 1301, 320, 6.94%, 2, 0, 3, 2793.16
1570948795, 0, 610, 1450, 1300, 319, 6.94%, 2, 0, 3, 2713.66
1570948872, 0, 621, 1450, 1299, 318, 6.94%, 2, 0, 3, 2571.79
1570948938, 0, 630, 1454, 1300, 315, 6.94%, 2, 0, 4, 2686.18
1570948943, 0, 631, 1459, 1304, 315, 6.95%, 2, 0, 4, 2768.66
1570948948, 0, 631, 1464, 1309, 315, 6.98%, 2, 0, 4, 2890.50
1570948953, 0, 632, 1469, 1313, 327, 6.99%, 2, 0, 4, 2858.19
1570948958, 0, 633, 1471, 1314, 327, 7.04%, 2, 0, 4, 2826.77
1570948963, 0, 636, 1475, 1315, 328, 7.09%, 2, 0, 4, 2797.58
1570948969, 0, 636, 1479, 1319, 328, 7.10%, 2, 0, 4, 2839.75
1570948974, 0, 636, 1482, 1322, 328, 7.14%, 2, 0, 4, 2800.58
1570948979, 0, 636, 1483, 1323, 328, 7.15%, 2, 0, 4, 2784.21
1570948984, 0, 638, 1497, 1336, 333, 7.23%, 2, 0, 4, 2818.65
1570948994, 0, 638, 1513, 1352, 333, 7.24%, 2, 0, 4, 2803.43
1570948999, 0, 638, 1518, 1357, 333, 7.24%, 2, 0, 4, 2804.95
1570949004, 0, 643, 1528, 1365, 345, 7.26%, 2, 0, 4, 2678.99
1570949024, 0, 643, 1534, 1371, 345, 7.26%, 2, 0, 4, 2376.37
1570949029, 0, 643, 1551, 1388, 345, 7.27%, 2, 0, 4, 2402.64
1570949050, 0, 643, 1560, 1397, 345, 7.29%, 2, 0, 4, 2409.19
1570949055, 0, 643, 1563, 1400, 345, 7.29%, 2, 0, 4, 2386.48
1570949075, 0, 643, 1565, 1402, 345, 7.29%, 2, 0, 4, 2389.59
1570949091, 0, 643, 1566, 1403, 345, 7.29%, 2, 0, 4, 2393.48
1570949096, 0, 643, 1571, 1408, 345, 7.29%, 2, 0, 4, 2415.66
1570949101, 0, 643, 1572, 1409, 345, 7.29%, 2, 0, 4, 2401.58
1570949106, 0, 643, 1576, 1413, 345, 7.30%, 2, 0, 4, 2462.24
1570949182, 0, 643, 1577, 1414, 345, 7.30%, 2, 0, 4, 2426.79
1570949197, 0, 652, 1577, 1413, 358, 7.30%, 2, 0, 4, 2518.90
1570949233, 0, 652, 1578, 1414, 358, 7.30%, 2, 0, 4, 2593.26
1570949314, 0, 652, 1579, 1415, 358, 7.30%, 2, 0, 4, 2593.91
1570949335, 0, 670, 1579, 1414, 358, 7.30%, 2, 0, 4, 2333.24
1570949744, 0, 682, 1579, 1413, 357, 7.30%, 2, 0, 4, 2144.22
1570949770, 0, 682, 1589, 1423, 357, 7.30%, 2, 0, 4, 2020.42
1570949775, 0, 682, 1591, 1425, 357, 7.30%, 2, 0, 4, 1992.01
1570949800, 0, 682, 1592, 1426, 357, 7.30%, 2, 0, 4, 2049.40
1570949831, 0, 682, 1593, 1427, 357, 7.30%, 2, 0, 4, 2019.59
1570949903, 0, 682, 1594, 1428, 357, 7.30%, 2, 0, 4, 2078.86
1570949908, 0, 682, 1595, 1429, 357, 7.30%, 2, 0, 4, 2085.09
1570949914, 0, 682, 1596, 1430, 357, 7.30%, 2, 0, 4, 2089.52
1570950163, 0, 686, 1596, 1429, 357, 7.30%, 2, 0, 4, 2565.71
1570950292, 0, 688, 1596, 1428, 356, 7.30%, 2, 0, 4, 2621.87
1570950425, 0, 689, 1596, 1427, 355, 7.30%, 2, 0, 4, 2609.89
1570950564, 0, 690, 1596, 1426, 354, 7.30%, 2, 0, 4, 2550.17
1570950584, 0, 690, 1597, 1427, 354, 7.30%, 2, 0, 4, 2444.50
1570950589, 0, 690, 1598, 1428, 354, 7.30%, 2, 0, 4, 2428.49
1570950636, 0, 690, 1599, 1429, 354, 7.30%, 2, 0, 4, 2432.39
1570950773, 0, 691, 1599, 1428, 352, 7.30%, 2, 0, 4, 2414.88
1570950799, 0, 691, 1603, 1432, 352, 7.30%, 2, 0, 4, 2055.84
1570950804, 0, 691, 1604, 1433, 352, 7.30%, 2, 0, 4, 2045.24
1570950866, 0, 691, 1607, 1436, 352, 7.31%, 2, 0, 4, 2138.56
1570951082, 0, 691, 1608, 1437, 352, 7.31%, 2, 0, 4, 2042.34
1570951184, 0, 698, 1608, 1436, 353, 7.31%, 2, 0, 4, 2311.34
1570951189, 0, 698, 1609, 1437, 353, 7.31%, 2, 0, 4, 2094.06
1570951210, 0, 698, 1613, 1441, 353, 7.31%, 2, 0, 4, 2045.59
1570951215, 0, 698, 1614, 1442, 353, 7.31%, 2, 0, 4, 2063.59
1570951599, 0, 699, 1615, 1442, 353, 7.31%, 2, 0, 4, 2141.65
1570951624, 0, 699, 1620, 1447, 353, 7.31%, 2, 0, 4, 2091.12
1570952003, 0, 700, 1622, 1448, 354, 7.32%, 2, 0, 4, 2120.79
1570952024, 0, 700, 1626, 1452, 354, 7.32%, 2, 0, 4, 2057.17
1570952029, 0, 700, 1628, 1454, 354, 7.32%, 2, 0, 4, 2058.85
1570952060, 0, 700, 1629, 1455, 354, 7.33%, 2, 0, 4, 2039.30
1570952096, 0, 700, 1632, 1458, 354, 7.33%, 2, 0, 4, 2065.12
1570952413, 0, 709, 1632, 1457, 356, 7.33%, 2, 0, 4, 2147.29
1570952444, 0, 709, 1634, 1459, 356, 7.33%, 2, 0, 4, 2004.01
1570952470, 0, 709, 1635, 1460, 356, 7.33%, 2, 0, 4, 2050.06
1570952833, 0, 714, 1636, 1460, 356, 7.33%, 2, 0, 4, 2442.76
1570952998, 0, 721, 1636, 1459, 356, 7.33%, 2, 0, 4, 2588.43
1570953100, 0, 728, 1636, 1458, 355, 7.33%, 2, 0, 4, 2262.76
1570953126, 0, 728, 1641, 1463, 355, 7.33%, 2, 0, 4, 2094.10
1570953504, 0, 734, 1641, 1462, 354, 7.33%, 2, 0, 4, 2146.38
1570953530, 0, 734, 1646, 1467, 354, 7.33%, 2, 0, 4, 2063.34
1570953912, 0, 739, 1646, 1466, 353, 7.33%, 2, 0, 4, 2128.53
1570953938, 0, 739, 1651, 1471, 353, 7.33%, 2, 0, 4, 2087.22
1570954316, 0, 740, 1651, 1470, 353, 7.33%, 2, 0, 4, 2294.32
1570954341, 0, 740, 1655, 1474, 353, 7.33%, 2, 0, 4, 2068.84
1570954347, 0, 740, 1656, 1475, 353, 7.33%, 2, 0, 4, 2058.00
1570954725, 0, 741, 1656, 1474, 353, 7.33%, 2, 0, 4, 2137.78
1570954751, 0, 741, 1661, 1479, 353, 7.33%, 2, 0, 4, 2091.80
1570955130, 0, 742, 1661, 1478, 353, 7.33%, 2, 0, 4, 2142.36
1570955156, 0, 742, 1666, 1483, 353, 7.33%, 2, 0, 4, 2042.20
1570955534, 0, 743, 1666, 1482, 353, 7.33%, 2, 0, 4, 2265.16
1570955560, 0, 743, 1670, 1486, 353, 7.33%, 2, 0, 4, 2053.58
1570955565, 0, 743, 1671, 1487, 353, 7.33%, 2, 0, 4, 2026.46
1570955943, 0, 744, 1671, 1486, 353, 7.33%, 2, 0, 4, 2138.96
1570955969, 0, 744, 1676, 1491, 353, 7.33%, 2, 0, 4, 2084.36
1570956347, 0, 747, 1676, 1490, 353, 7.33%, 2, 0, 4, 2398.24
1570956352, 0, 747, 1677, 1491, 353, 7.33%, 2, 0, 4, 2724.99
1570956357, 0, 752, 1677, 1490, 353, 7.33%, 2, 0, 4, 2659.43
1570956362, 0, 752, 1678, 1491, 353, 7.33%, 2, 0, 4, 2665.32
1570956372, 0, 752, 1679, 1492, 353, 7.33%, 2, 0, 4, 2678.09
1570956474, 0, 758, 1679, 1491, 353, 7.33%, 2, 0, 4, 2703.25
1570956510, 0, 758, 1680, 1492, 353, 7.33%, 2, 0, 4, 2573.34
1570956613, 0, 760, 1680, 1491, 353, 7.33%, 2, 0, 4, 2550.51
1570956654, 0, 760, 1684, 1495, 353, 7.34%, 2, 0, 4, 2416.33
1570956659, 0, 760, 1686, 1497, 353, 7.34%, 2, 0, 4, 2392.23
1570956669, 0, 760, 1688, 1499, 353, 7.34%, 2, 0, 4, 2433.90
1570956761, 0, 761, 1688, 1498, 357, 7.34%, 2, 0, 4, 2718.83
1570956786, 0, 761, 1689, 1499, 357, 7.34%, 2, 0, 4, 2775.04
1570956792, 0, 762, 1689, 1498, 356, 7.34%, 2, 0, 4, 2733.88
1570956920, 0, 765, 1689, 1497, 355, 7.34%, 2, 0, 4, 2670.41
1570956956, 0, 765, 1690, 1498, 355, 7.34%, 2, 0, 4, 2532.90
1570957033, 0, 765, 1691, 1499, 355, 7.34%, 2, 0, 4, 2553.26
1570957053, 0, 766, 1691, 1498, 355, 7.34%, 2, 0, 4, 2682.46
1570957074, 0, 769, 1691, 1497, 354, 7.34%, 2, 0, 4, 2778.61
1570957115, 0, 769, 1693, 1499, 354, 7.35%, 2, 0, 4, 2577.19
1570957126, 0, 769, 1694, 1500, 354, 7.35%, 2, 0, 4, 2580.01
1570957197, 0, 798, 1694, 1499, 356, 7.35%, 2, 0, 4, 2589.52
1570957223, 0, 798, 1696, 1501, 356, 7.35%, 2, 0, 4, 1989.15
1570957254, 0, 798, 1697, 1502, 356, 7.36%, 2, 0, 4, 2020.38
1570957336, 0, 798, 1700, 1505, 356, 7.37%, 2, 0, 4, 1981.13
1570957618, 0, 801, 1700, 1504, 360, 7.37%, 2, 0, 4, 2322.49
1570957643, 0, 801, 1702, 1506, 360, 7.38%, 2, 0, 4, 2025.69
1570957673, 0, 801, 1704, 1508, 360, 7.38%, 2, 0, 4, 2046.85
1570957699, 0, 801, 1705, 1509, 360, 7.38%, 2, 0, 4, 1992.50
1570957755, 0, 801, 1708, 1512, 360, 7.40%, 2, 0, 4, 1999.73
1570958005, 0, 801, 1709, 1513, 360, 7.40%, 2, 0, 4, 1986.33
1570958036, 0, 802, 1710, 1513, 366, 7.40%, 2, 0, 4, 2299.94
1570958061, 0, 802, 1711, 1514, 366, 7.40%, 2, 0, 4, 2026.03
1570958455, 0, 805, 1711, 1513, 365, 7.40%, 2, 0, 4, 2145.95
1570958476, 0, 805, 1712, 1514, 365, 7.40%, 2, 0, 4, 2006.44
1570958869, 0, 806, 1712, 1513, 365, 7.40%, 2, 0, 4, 2131.19
1570958890, 0, 806, 1713, 1514, 365, 7.40%, 2, 0, 4, 2011.79
1570959279, 0, 809, 1713, 1513, 365, 7.40%, 2, 0, 4, 2327.34
1570959304, 0, 809, 1714, 1514, 365, 7.40%, 2, 0, 4, 1994.27
1570959417, 0, 809, 1715, 1515, 365, 7.40%, 2, 0, 4, 1996.18
1570959448, 0, 809, 1716, 1516, 365, 7.40%, 2, 0, 4, 2112.34
1570959611, 0, 809, 1717, 1517, 365, 7.40%, 2, 0, 4, 1987.26
1570959668, 0, 809, 1718, 1518, 365, 7.40%, 2, 0, 4, 1986.67
1570959698, 0, 810, 1718, 1517, 367, 7.40%, 2, 0, 4, 2261.36
1570959719, 0, 810, 1719, 1518, 367, 7.40%, 2, 0, 4, 1976.31
1570960119, 0, 813, 1719, 1517, 366, 7.40%, 2, 0, 4, 2228.96
1570960508, 0, 813, 1721, 1519, 366, 7.41%, 2, 0, 4, 1992.04
1570960538, 0, 814, 1721, 1518, 367, 7.41%, 2, 0, 4, 2147.40
1570960559, 0, 814, 1722, 1519, 367, 7.41%, 2, 0, 4, 1971.04
1570960928, 0, 814, 1723, 1520, 367, 7.41%, 2, 0, 4, 1970.73
1570960958, 0, 815, 1723, 1519, 366, 7.41%, 2, 0, 4, 2110.39
1570960979, 0, 815, 1724, 1520, 366, 7.41%, 2, 0, 4, 2012.52
1570961368, 0, 816, 1724, 1519, 365, 7.41%, 2, 0, 4, 2235.59
1570961388, 0, 816, 1725, 1520, 365, 7.41%, 2, 0, 4, 1990.70
1570961501, 0, 816, 1726, 1521, 365, 7.41%, 2, 0, 4, 2010.74
1570961695, 0, 816, 1727, 1522, 365, 7.41%, 2, 0, 4, 2011.68
1570961782, 0, 817, 1727, 1521, 365, 7.41%, 2, 0, 4, 2213.72
1570961802, 0, 817, 1728, 1522, 365, 7.41%, 2, 0, 4, 1982.38
1570962202, 0, 819, 1728, 1521, 364, 7.41%, 2, 0, 4, 2193.08
1570962314, 0, 819, 1729, 1522, 364, 7.41%, 2, 0, 4, 2012.17
1570962616, 0, 820, 1729, 1521, 364, 7.41%, 2, 0, 4, 2127.44
1570962724, 0, 820, 1730, 1522, 364, 7.41%, 2, 0, 4, 1994.08
1570962744, 0, 820, 1731, 1523, 364, 7.41%, 2, 0, 4, 2003.00
1570962988, 0, 820, 1732, 1524, 364, 7.42%, 2, 0, 4, 1994.65
1570963029, 0, 823, 1732, 1523, 365, 7.42%, 2, 0, 4, 2153.38
1570963137, 0, 823, 1733, 1524, 365, 7.42%, 2, 0, 4, 2011.04
1570963443, 0, 830, 1733, 1523, 365, 7.42%, 2, 0, 4, 2102.25
1570963459, 0, 830, 1734, 1524, 365, 7.42%, 2, 0, 4, 1988.34
1570963571, 0, 830, 1735, 1525, 365, 7.42%, 2, 0, 4, 1993.34
1570963822, 0, 830, 1736, 1526, 365, 7.42%, 2, 0, 4, 1993.44
1570963857, 0, 833, 1736, 1525, 365, 7.42%, 2, 0, 4, 2275.57
1570963883, 0, 833, 1737, 1526, 365, 7.42%, 2, 0, 4, 2027.76
1570964277, 0, 838, 1737, 1525, 365, 7.42%, 2, 0, 4, 2188.83
1570964297, 0, 838, 1739, 1527, 365, 7.42%, 2, 0, 4, 1957.32
1570964302, 0, 838, 1740, 1528, 365, 7.42%, 2, 0, 4, 2046.07
1570964405, 0, 838, 1741, 1529, 365, 7.42%, 2, 0, 4, 1996.14
1570964695, 0, 843, 1741, 1528, 365, 7.42%, 2, 0, 4, 2173.21
1570964716, 0, 843, 1742, 1529, 365, 7.42%, 2, 0, 4, 2013.46
1570964824, 0, 843, 1743, 1530, 365, 7.42%, 2, 0, 4, 2011.23
1570965105, 0, 844, 1743, 1529, 365, 7.42%, 2, 0, 4, 2309.27
1570965130, 0, 844, 1745, 1531, 365, 7.43%, 2, 0, 4, 2004.42
1570965483, 0, 844, 1746, 1532, 365, 7.43%, 2, 0, 4, 2008.93
1570965518, 0, 856, 1746, 1531, 366, 7.43%, 2, 0, 4, 2232.98
1570965636, 0, 856, 1747, 1532, 366, 7.43%, 2, 0, 4, 1989.17
1570965902, 0, 856, 1749, 1534, 366, 7.43%, 2, 0, 4, 1994.40
1570965937, 0, 858, 1749, 1533, 366, 7.43%, 2, 0, 4, 2281.05
1570965958, 0, 858, 1750, 1534, 366, 7.43%, 2, 0, 4, 1985.33
1570966076, 0, 858, 1751, 1535, 366, 7.43%, 2, 0, 4, 1993.12
1570966322, 0, 858, 1752, 1536, 366, 7.43%, 2, 0, 4, 1990.35
1570966357, 0, 860, 1752, 1535, 366, 7.43%, 2, 0, 4, 2275.08
1570966378, 0, 860, 1753, 1536, 366, 7.43%, 2, 0, 4, 1975.41
1570966777, 0, 866, 1754, 1536, 365, 7.43%, 2, 0, 4, 2193.31
1570966798, 0, 866, 1759, 1541, 365, 7.44%, 2, 0, 4, 1991.32
1570966828, 0, 866, 1761, 1543, 365, 7.44%, 2, 0, 4, 1995.11
1570966905, 0, 866, 1763, 1545, 365, 7.46%, 2, 0, 4, 1963.82
1570967196, 0, 872, 1763, 1544, 366, 7.46%, 2, 0, 4, 2147.19
1570967216, 0, 872, 1764, 1545, 366, 7.46%, 2, 0, 4, 1984.12
1570967324, 0, 872, 1765, 1546, 366, 7.49%, 2, 0, 4, 2007.50
1570967574, 0, 872, 1766, 1547, 366, 7.49%, 2, 0, 4, 2003.22
1570967609, 0, 874, 1766, 1546, 366, 7.49%, 2, 0, 4, 2329.92
1570967630, 0, 874, 1767, 1547, 366, 7.49%, 2, 0, 4, 1998.40
1570967660, 0, 874, 1768, 1548, 366, 7.50%, 2, 0, 4, 1987.34
1570968029, 0, 875, 1768, 1547, 364, 7.50%, 2, 0, 4, 2165.80
1570968049, 0, 875, 1770, 1549, 364, 7.50%, 2, 0, 4, 1988.00
1570968447, 0, 877, 1770, 1548, 363, 7.50%, 2, 0, 4, 2108.02
1570968463, 0, 877, 1771, 1549, 363, 7.50%, 2, 0, 4, 1995.52
1570968498, 0, 877, 1772, 1550, 363, 7.50%, 2, 0, 4, 2047.29
1570968862, 0, 878, 1772, 1549, 363, 7.50%, 2, 0, 4, 2178.17
1570968882, 0, 878, 1773, 1550, 363, 7.50%, 2, 0, 4, 1998.12
1570969281, 0, 880, 1773, 1549, 362, 7.50%, 2, 0, 4, 2135.02
1570969301, 0, 880, 1774, 1550, 362, 7.50%, 2, 0, 4, 1995.19
1570969694, 0, 881, 1774, 1549, 361, 7.50%, 2, 0, 4, 2224.48
1570969715, 0, 881, 1775, 1550, 361, 7.50%, 2, 0, 4, 1972.11
1570969827, 0, 881, 1776, 1551, 361, 7.51%, 2, 0, 4, 1968.00
1570970114, 0, 882, 1776, 1550, 361, 7.51%, 2, 0, 4, 2229.14
1570970134, 0, 882, 1777, 1551, 361, 7.51%, 2, 0, 4, 1995.61
1570970537, 0, 883, 1777, 1550, 360, 7.51%, 2, 0, 4, 2117.22
1570970552, 0, 883, 1778, 1551, 360, 7.51%, 2, 0, 4, 1999.68
1570970949, 0, 884, 1778, 1550, 359, 7.51%, 2, 0, 4, 2319.10
1570970970, 0, 884, 1779, 1551, 359, 7.51%, 2, 0, 4, 1988.21
1570971006, 0, 884, 1780, 1552, 359, 7.51%, 2, 0, 4, 2049.00
1570971082, 0, 884, 1782, 1554, 359, 7.52%, 2, 0, 4, 1982.49
1570971369, 0, 885, 1784, 1555, 361, 7.52%, 2, 0, 4, 2280.80
1570971390, 0, 885, 1785, 1556, 361, 7.52%, 2, 0, 4, 1989.03
1570971421, 0, 885, 1787, 1558, 361, 7.56%, 2, 0, 4, 2006.04
1570971502, 0, 885, 1789, 1560, 361, 7.57%, 2, 0, 4, 1979.43
1570971752, 0, 885, 1790, 1561, 361, 7.57%, 2, 0, 4, 1965.15
1570971788, 0, 887, 1790, 1560, 364, 7.57%, 2, 0, 4, 2109.24
1570971808, 0, 887, 1791, 1561, 364, 7.57%, 2, 0, 4, 1998.78
1570972201, 0, 889, 1791, 1560, 364, 7.57%, 2, 0, 4, 2332.06
1570972222, 0, 889, 1792, 1561, 364, 7.57%, 2, 0, 4, 1992.29
1570972283, 0, 889, 1793, 1562, 364, 7.57%, 2, 0, 4, 1981.21
1570972334, 0, 889, 1794, 1563, 364, 7.57%, 2, 0, 4, 1985.90
1570972585, 0, 889, 1796, 1565, 364, 7.57%, 2, 0, 4, 1984.42
1570972620, 0, 890, 1796, 1564, 365, 7.57%, 2, 0, 4, 2283.51
1570972641, 0, 890, 1797, 1565, 365, 7.57%, 2, 0, 4, 1946.76
1570972707, 0, 890, 1798, 1566, 365, 7.57%, 2, 0, 4, 2042.64
1570972753, 0, 890, 1799, 1567, 365, 7.58%, 2, 0, 4, 1976.14
1570973004, 0, 890, 1800, 1568, 365, 7.58%, 2, 0, 4, 1982.63
1570973040, 0, 891, 1800, 1567, 365, 7.58%, 2, 0, 4, 2313.30
1570973060, 0, 891, 1801, 1568, 365, 7.58%, 2, 0, 4, 1997.28
1570973458, 0, 892, 1801, 1567, 364, 7.58%, 2, 0, 4, 2202.24
1570973479, 0, 892, 1802, 1568, 364, 7.58%, 2, 0, 4, 1996.92
1570973877, 0, 893, 1802, 1567, 364, 7.58%, 2, 0, 4, 2177.72
1570973897, 0, 893, 1803, 1568, 364, 7.58%, 2, 0, 4, 1996.61
1570974295, 0, 894, 1803, 1567, 363, 7.58%, 2, 0, 4, 2196.46
1570974316, 0, 894, 1804, 1568, 363, 7.58%, 2, 0, 4, 1997.59
1570974715, 0, 895, 1804, 1567, 362, 7.58%, 2, 0, 4, 2088.26
1570974730, 0, 895, 1805, 1568, 362, 7.58%, 2, 0, 4, 1989.10
1570975128, 0, 897, 1805, 1567, 361, 7.58%, 2, 0, 4, 2303.79
1570975149, 0, 897, 1806, 1568, 361, 7.58%, 2, 0, 4, 1993.48
1570975547, 0, 902, 1806, 1567, 360, 7.58%, 2, 0, 4, 2197.67
1570975568, 0, 902, 1807, 1568, 360, 7.58%, 2, 0, 4, 1997.01
1570975578, 0, 902, 1808, 1569, 360, 7.58%, 2, 0, 4, 2025.07
1570975930, 0, 902, 1809, 1570, 360, 7.58%, 2, 0, 4, 1984.23
1570975966, 0, 903, 1809, 1569, 360, 7.58%, 2, 0, 4, 2118.22
1570975986, 0, 903, 1810, 1570, 360, 7.58%, 2, 0, 4, 1988.85
1570975996, 0, 903, 1811, 1571, 360, 7.58%, 2, 0, 4, 2024.93
1570976344, 0, 903, 1812, 1572, 360, 7.58%, 2, 0, 4, 1997.28
1570976380, 0, 904, 1812, 1571, 361, 7.58%, 2, 0, 4, 2330.92
1570976400, 0, 904, 1813, 1572, 361, 7.58%, 2, 0, 4, 1977.56
1570976410, 0, 904, 1814, 1573, 361, 7.58%, 2, 0, 4, 2021.77
1570976763, 0, 904, 1815, 1574, 361, 7.58%, 2, 0, 4, 2000.08
1570976799, 0, 905, 1815, 1573, 362, 7.58%, 2, 0, 4, 2182.58
1570976820, 0, 905, 1816, 1574, 362, 7.58%, 2, 0, 4, 1955.69
1570976830, 0, 905, 1817, 1575, 362, 7.58%, 2, 0, 4, 2002.43
1570976881, 0, 905, 1818, 1576, 362, 7.58%, 2, 0, 4, 1980.29
1570977184, 0, 905, 1820, 1578, 362, 7.58%, 2, 0, 4, 1976.06
1570977220, 0, 906, 1820, 1577, 363, 7.58%, 2, 0, 4, 2173.99
1570977240, 0, 906, 1821, 1578, 363, 7.58%, 2, 0, 4, 1985.58
1570977251, 0, 906, 1822, 1579, 363, 7.58%, 2, 0, 4, 2017.66
1570977271, 0, 906, 1823, 1580, 363, 7.58%, 2, 0, 4, 1962.81
1570977640, 0, 912, 1823, 1579, 363, 7.58%, 2, 0, 4, 2112.74
1570977660, 0, 912, 1826, 1582, 363, 7.58%, 2, 0, 4, 1983.71
1570977691, 0, 912, 1827, 1583, 363, 7.59%, 2, 0, 4, 1994.00
1570977773, 0, 912, 1831, 1587, 363, 7.60%, 2, 0, 4, 2000.30
1570977926, 0, 912, 1832, 1588, 363, 7.60%, 2, 0, 4, 2068.73
1570978059, 0, 917, 1832, 1587, 362, 7.60%, 2, 0, 4, 2094.11
1570978074, 0, 917, 1833, 1588, 362, 7.60%, 2, 0, 4, 1985.73
1570978079, 0, 917, 1834, 1589, 362, 7.60%, 2, 0, 4, 1998.38
1570978345, 0, 917, 1835, 1590, 362, 7.60%, 2, 0, 4, 2035.14
1570978437, 0, 917, 1836, 1591, 362, 7.61%, 2, 0, 4, 2004.76
1570978472, 0, 918, 1836, 1590, 363, 7.61%, 2, 0, 4, 2320.23
1570978492, 0, 918, 1837, 1591, 363, 7.61%, 2, 0, 4, 1984.66
1570978497, 0, 918, 1838, 1592, 363, 7.61%, 2, 0, 4, 2020.49
1570978528, 0, 918, 1839, 1593, 363, 7.61%, 2, 0, 4, 2051.44
1570978605, 0, 918, 1840, 1594, 363, 7.61%, 2, 0, 4, 1994.08
1570978764, 0, 918, 1841, 1595, 363, 7.61%, 2, 0, 4, 2006.65
1570978820, 0, 918, 1842, 1596, 363, 7.61%, 2, 0, 4, 2203.81
1570978892, 0, 920, 1842, 1595, 363, 7.61%, 2, 0, 4, 2198.19
1570978912, 0, 920, 1844, 1597, 363, 7.61%, 2, 0, 4, 1993.20
1570979183, 0, 920, 1845, 1598, 363, 7.61%, 2, 0, 4, 2022.78
1570979311, 0, 922, 1845, 1597, 362, 7.61%, 2, 0, 4, 2186.92
1570979331, 0, 922, 1847, 1599, 362, 7.61%, 2, 0, 4, 1986.56
1570979336, 0, 922, 1848, 1600, 362, 7.61%, 2, 0, 4, 2040.17
1570979444, 0, 922, 1851, 1603, 362, 7.63%, 2, 0, 4, 1974.78
1570979597, 0, 922, 1852, 1604, 362, 7.63%, 2, 0, 4, 2104.64
1570979729, 0, 923, 1852, 1603, 365, 7.63%, 2, 0, 4, 2186.13
1570979750, 0, 923, 1854, 1605, 365, 7.63%, 2, 0, 4, 1994.91
1570980016, 0, 923, 1855, 1606, 365, 7.63%, 2, 0, 4, 2038.22
1570980148, 0, 929, 1855, 1605, 365, 7.63%, 2, 0, 4, 2127.03
1570980261, 0, 929, 1856, 1606, 365, 7.63%, 2, 0, 4, 2021.91
1570980276, 0, 929, 1857, 1607, 365, 7.63%, 2, 0, 4, 1995.63
1570980557, 0, 931, 1857, 1606, 366, 7.63%, 2, 0, 4, 2263.94
1570980608, 0, 931, 1858, 1607, 366, 7.63%, 2, 0, 4, 1997.00
1570980690, 0, 931, 1861, 1610, 366, 7.64%, 2, 0, 4, 2011.95
1570980941, 0, 931, 1865, 1614, 366, 7.64%, 2, 0, 4, 1991.62
1570980976, 0, 932, 1865, 1613, 371, 7.64%, 2, 0, 4, 2131.29
1570980997, 0, 932, 1867, 1615, 371, 7.64%, 2, 0, 4, 2001.48
1570981023, 0, 932, 1868, 1616, 371, 7.64%, 2, 0, 4, 1995.28
1570981104, 0, 932, 1871, 1619, 371, 7.66%, 2, 0, 4, 2008.35
1570981355, 0, 932, 1872, 1620, 371, 7.66%, 2, 0, 4, 1998.69
1570981390, 0, 941, 1872, 1619, 373, 7.66%, 2, 0, 4, 2238.81
1570981416, 0, 941, 1873, 1620, 373, 7.66%, 2, 0, 4, 2047.08
1570981441, 0, 941, 1874, 1621, 373, 7.66%, 2, 0, 4, 2002.07
1570981447, 0, 941, 1875, 1622, 373, 7.66%, 3, 0, 4, 2064.69
1570981529, 0, 941, 1875, 1622, 373, 7.66%, 4, 0, 4, 1994.61
1570981810, 0, 942, 1875, 1621, 374, 7.66%, 4, 0, 4, 2102.43
1570981830, 0, 942, 1876, 1622, 374, 7.66%, 4, 0, 4, 1996.01
1570982223, 0, 946, 1876, 1621, 373, 7.66%, 4, 0, 4, 2200.69
1570982249, 0, 946, 1877, 1622, 373, 7.66%, 4, 0, 4, 2051.77
1570982637, 0, 951, 1877, 1621, 372, 7.66%, 4, 0, 4, 2227.28
1570982668, 0, 951, 1878, 1622, 372, 7.66%, 4, 0, 4, 2043.62
1570983053, 0, 952, 1879, 1622, 372, 7.66%, 4, 0, 4, 2511.90
1570983202, 0, 957, 1879, 1621, 372, 7.66%, 4, 0, 4, 2506.25
1570983279, 0, 957, 1880, 1622, 372, 7.66%, 4, 0, 4, 2391.91
1570983289, 0, 957, 1880, 1622, 372, 7.66%, 5, 0, 4, 2404.19
1570983416, 0, 964, 1880, 1621, 372, 7.66%, 5, 0, 4, 2474.65
1570983421, 0, 964, 1881, 1622, 372, 7.66%, 5, 0, 4, 2139.60
1570983447, 0, 964, 1882, 1623, 372, 7.66%, 5, 0, 4, 2055.76
1570983832, 0, 969, 1883, 1623, 372, 7.66%, 5, 0, 4, 2402.26
1570983909, 0, 969, 1884, 1624, 372, 7.66%, 5, 0, 4, 2541.27
1570983990, 0, 972, 1884, 1623, 372, 7.66%, 5, 0, 4, 2524.52
1570984016, 0, 972, 1885, 1624, 372, 7.66%, 5, 0, 4, 2040.22
1570984046, 0, 972, 1886, 1625, 372, 7.66%, 5, 0, 4, 2091.99
1570984118, 0, 972, 1887, 1626, 372, 7.66%, 5, 0, 4, 2068.13
1570984124, 0, 972, 1890, 1629, 372, 7.67%, 5, 0, 4, 2100.01
1570984144, 0, 972, 1892, 1631, 372, 7.68%, 5, 0, 4, 2196.38
1570984271, 0, 972, 1893, 1632, 372, 7.68%, 5, 0, 4, 2044.65
1570984358, 0, 982, 1893, 1631, 375, 7.68%, 5, 0, 4, 2565.50
1570984507, 0, 983, 1893, 1630, 374, 7.68%, 5, 0, 4, 2703.14
1570984650, 0, 984, 1893, 1629, 373, 7.68%, 5, 0, 4, 2713.14
1570984656, 0, 984, 1895, 1631, 373, 7.68%, 5, 0, 4, 2710.30
1570984676, 0, 984, 1896, 1632, 373, 7.68%, 5, 0, 4, 2711.47
1570984696, 0, 984, 1897, 1633, 373, 7.68%, 5, 0, 4, 2714.42
1570984722, 0, 984, 1898, 1634, 373, 7.68%, 5, 0, 4, 2676.24
1570984804, 0, 985, 1899, 1634, 373, 7.68%, 5, 0, 4, 2738.38
1570984954, 0, 986, 1899, 1633, 372, 7.68%, 5, 0, 4, 2725.18
1570985103, 0, 988, 1899, 1632, 371, 7.68%, 5, 0, 4, 2526.75
1570985180, 0, 988, 1900, 1633, 371, 7.68%, 5, 0, 4, 2483.36
1570985272, 0, 991, 1900, 1632, 371, 7.68%, 5, 0, 4, 2308.89
1570985292, 0, 991, 1902, 1634, 371, 7.68%, 5, 0, 4, 2221.76
1570985298, 0, 991, 1905, 1637, 371, 7.68%, 5, 0, 4, 2217.11
1570985364, 0, 991, 1906, 1638, 371, 7.68%, 5, 0, 4, 2260.17
1570985369, 0, 991, 1908, 1640, 371, 7.68%, 5, 0, 4, 2295.58
1570985374, 0, 991, 1909, 1641, 371, 7.68%, 5, 0, 4, 2271.33
1570985497, 0, 1001, 1909, 1640, 372, 7.68%, 5, 0, 4, 2349.66
1570985849, 0, 1003, 1910, 1640, 371, 7.68%, 5, 0, 4, 2439.69
1570985982, 0, 1003, 1911, 1641, 371, 7.68%, 5, 0, 4, 2536.23
1570986018, 0, 1010, 1912, 1641, 371, 7.68%, 5, 0, 4, 2202.09
1570986366, 0, 1013, 1912, 1640, 370, 7.68%, 5, 0, 4, 2322.45
1570986392, 0, 1013, 1921, 1649, 370, 7.68%, 5, 0, 4, 2265.08
1570986418, 0, 1013, 1923, 1651, 370, 7.68%, 5, 0, 4, 2249.49
1570986444, 0, 1013, 1925, 1653, 370, 7.68%, 5, 0, 4, 2249.14
1570986459, 0, 1013, 1926, 1654, 370, 7.69%, 5, 0, 4, 2239.45
1570986469, 0, 1013, 1932, 1660, 370, 7.71%, 5, 0, 4, 2278.71
1570986475, 0, 1013, 1937, 1665, 370, 7.72%, 5, 0, 4, 2240.15
1570986480, 0, 1013, 1940, 1668, 370, 7.72%, 5, 0, 4, 2247.97
1570986557, 0, 1013, 1943, 1671, 370, 7.72%, 5, 0, 4, 2288.15
1570986577, 0, 1013, 1945, 1673, 370, 7.73%, 5, 0, 4, 2316.40
1570986597, 0, 1015, 1945, 1672, 383, 7.73%, 5, 0, 4, 2458.49
1570986618, 0, 1015, 1949, 1676, 383, 7.73%, 5, 0, 4, 2438.73
1570986766, 0, 1020, 1949, 1675, 385, 7.73%, 5, 0, 4, 2574.99
1570986936, 0, 1025, 1949, 1674, 384, 7.73%, 5, 0, 4, 2505.10
1570987115, 0, 1028, 1949, 1673, 383, 7.73%, 5, 0, 4, 2546.45
1570987120, 0, 1028, 1950, 1674, 383, 7.73%, 5, 0, 4, 2459.07
1570987294, 0, 1042, 1950, 1673, 383, 7.73%, 5, 0, 4, 2432.59
1570987315, 0, 1042, 1961, 1684, 383, 7.78%, 5, 0, 4, 2354.54
1570987341, 0, 1042, 1965, 1688, 383, 7.79%, 5, 0, 4, 2378.85
1570987366, 0, 1042, 1968, 1691, 383, 7.82%, 5, 0, 4, 2350.18
1570987392, 0, 1042, 1977, 1700, 383, 7.84%, 5, 0, 4, 2381.74
1570987438, 0, 1042, 1978, 1701, 383, 7.85%, 5, 0, 4, 2455.53
1570987484, 0, 1043, 1978, 1700, 392, 7.85%, 5, 0, 4, 2424.57
1570987628, 0, 1043, 1979, 1701, 392, 7.85%, 5, 0, 4, 2416.21
1570987669, 0, 1045, 1980, 1701, 391, 7.85%, 5, 0, 4, 2538.56
1570987761, 0, 1045, 1981, 1702, 391, 7.85%, 5, 0, 4, 2419.34
1570987858, 0, 1047, 1982, 1702, 391, 7.85%, 5, 0, 4, 2464.38
1570987878, 0, 1047, 1983, 1703, 391, 7.88%, 5, 0, 4, 2269.88
1570987884, 0, 1047, 1990, 1710, 391, 7.89%, 5, 0, 4, 2283.70
1570987909, 0, 1047, 1993, 1713, 391, 7.89%, 5, 0, 4, 2278.13
1570987940, 0, 1047, 1995, 1715, 391, 7.90%, 5, 0, 4, 2306.93
1570987955, 0, 1047, 1997, 1717, 391, 7.91%, 5, 0, 4, 2281.48
1570988037, 0, 1047, 1998, 1718, 391, 7.91%, 5, 0, 4, 2341.43
1570988052, 0, 1062, 1999, 1718, 402, 7.91%, 5, 0, 4, 2386.67
1570988283, 0, 1065, 2000, 1718, 401, 7.91%, 5, 0, 4, 2328.34
1570988370, 0, 1065, 2001, 1719, 401, 7.91%, 5, 0, 4, 2339.25
1570988375, 0, 1065, 2002, 1720, 401, 7.92%, 5, 0, 4, 2348.85
1570988385, 0, 1065, 2003, 1721, 401, 7.92%, 5, 0, 4, 2338.10
1570988503, 0, 1066, 2003, 1720, 403, 7.92%, 5, 0, 4, 2298.56
1570988523, 0, 1066, 2007, 1724, 403, 7.92%, 5, 0, 4, 2230.65
1570988549, 0, 1066, 2008, 1725, 403, 7.92%, 5, 0, 4, 2236.45
1570988580, 0, 1066, 2009, 1726, 403, 7.92%, 5, 0, 4, 2231.73
1570988600, 0, 1066, 2010, 1727, 403, 7.92%, 5, 0, 4, 2282.33
1570988605, 0, 1066, 2011, 1728, 403, 7.92%, 5, 0, 4, 2293.13
1570988621, 0, 1066, 2012, 1729, 403, 7.92%, 5, 0, 4, 2321.07
1570988692, 0, 1066, 2012, 1729, 403, 7.92%, 6, 0, 4, 2224.09
1570988728, 0, 1066, 2013, 1730, 403, 7.92%, 6, 0, 4, 2322.38
1570988743, 0, 1067, 2013, 1729, 403, 7.92%, 6, 0, 4, 2344.47
1570988749, 0, 1067, 2014, 1730, 403, 7.92%, 6, 0, 4, 2336.62
