# unix_time, cycles_done, cur_path, paths_total, pending_total, pending_favs, map_size, unique_crashes, unique_hangs, max_depth, execs_per_sec
1570729204, 0, 0, 1, 1, 1, 3.55%, 0, 0, 1, 727.27
1570729209, 0, 0, 93, 93, 1, 4.07%, 0, 0, 2, 888.72
1570729214, 0, 0, 189, 189, 1, 4.38%, 0, 0, 2, 798.26
1570729219, 0, 0, 248, 248, 1, 4.58%, 0, 0, 2, 790.60
1570729224, 0, 0, 267, 267, 1, 4.62%, 0, 0, 2, 777.04
1570729229, 0, 0, 270, 270, 1, 4.65%, 0, 0, 2, 772.41
1570729249, 0, 0, 274, 274, 1, 4.67%, 0, 0, 2, 761.05
1570729254, 0, 0, 283, 283, 1, 4.68%, 0, 0, 2, 757.87
1570729259, 0, 0, 339, 339, 1, 4.77%, 0, 0, 2, 760.07
1570729265, 0, 0, 348, 348, 1, 4.78%, 0, 0, 2, 752.23
1570729270, 0, 0, 352, 352, 1, 4.78%, 0, 0, 2, 757.12
1570729275, 0, 0, 486, 486, 1, 5.13%, 0, 0, 2, 874.44
1570729280, 0, 0, 612, 612, 1, 5.31%, 0, 0, 2, 940.39
1570729285, 0, 0, 702, 702, 1, 5.33%, 0, 0, 2, 739.71
1570729290, 0, 0, 788, 788, 1, 5.54%, 0, 0, 2, 772.42
1570729295, 0, 0, 799, 799, 1, 5.54%, 0, 0, 2, 773.55
1570729300, 0, 0, 813, 813, 1, 5.59%, 0, 0, 2, 799.16
1570729305, 0, 0, 818, 818, 1, 5.61%, 0, 0, 2, 772.82
1570729310, 0, 0, 824, 824, 1, 5.64%, 0, 0, 2, 758.04
1570729336, 0, 0, 825, 825, 1, 5.64%, 0, 0, 2, 720.49
1570729341, 0, 0, 826, 826, 1, 5.64%, 0, 0, 2, 715.82
1570729346, 0, 0, 827, 827, 1, 5.64%, 0, 0, 2, 713.16
1570729351, 0, 0, 828, 828, 1, 5.64%, 0, 0, 2, 696.56
1570729361, 0, 0, 861, 861, 1, 5.69%, 0, 0, 2, 758.53
1570729367, 0, 0, 887, 887, 1, 5.69%, 0, 0, 2, 668.56
1570729372, 0, 0, 909, 909, 1, 5.70%, 0, 0, 2, 666.90
1570729377, 0, 0, 916, 916, 1, 5.71%, 0, 0, 2, 683.20
1570729382, 0, 0, 918, 918, 1, 5.74%, 0, 0, 2, 704.74
1570729387, 0, 0, 919, 919, 1, 5.74%, 0, 0, 2, 657.51
1570729392, 0, 0, 923, 923, 1, 5.77%, 0, 0, 2, 645.24
1570729397, 0, 0, 924, 924, 1, 5.77%, 0, 0, 2, 642.17
1570729423, 0, 0, 925, 925, 1, 5.77%, 0, 0, 2, 637.00
1570729428, 0, 0, 926, 926, 1, 5.77%, 0, 0, 2, 640.85
1570729438, 0, 0, 927, 927, 1, 5.77%, 0, 0, 2, 636.77
1570729449, 0, 0, 932, 932, 1, 5.77%, 0, 0, 2, 629.75
1570729454, 0, 0, 945, 945, 1, 5.83%, 0, 0, 2, 758.39
1570729459, 0, 0, 951, 951, 1, 5.83%, 0, 0, 2, 614.65
1570729464, 0, 0, 963, 963, 1, 5.83%, 0, 0, 2, 669.53
1570729475, 0, 0, 965, 965, 1, 5.83%, 0, 0, 2, 624.53
1570729480, 0, 0, 971, 971, 1, 5.85%, 0, 0, 2, 641.05
1570729485, 0, 0, 980, 980, 1, 5.86%, 0, 0, 2, 646.26
1570729490, 0, 0, 994, 994, 1, 6.16%, 0, 0, 2, 744.90
1570729495, 0, 0, 1009, 1009, 1, 6.16%, 0, 0, 2, 715.72
1570729500, 0, 0, 1013, 1013, 1, 6.18%, 0, 0, 2, 652.88
1570729505, 0, 0, 1014, 1014, 1, 6.18%, 0, 0, 2, 633.06
1570729511, 0, 0, 1017, 1017, 1, 6.19%, 0, 0, 2, 635.32
1570729526, 0, 0, 1018, 1018, 1, 6.20%, 0, 0, 2, 637.38
1570729541, 0, 0, 1019, 1019, 1, 6.20%, 0, 0, 2, 688.33
1570729546, 0, 0, 1024, 1024, 1, 6.21%, 0, 0, 2, 647.80
1570729552, 0, 0, 1029, 1029, 1, 6.23%, 0, 0, 2, 690.26
1570729557, 0, 0, 1031, 1031, 1, 6.23%, 0, 0, 2, 647.58
1570729562, 0, 0, 1033, 1033, 1, 6.25%, 0, 0, 2, 640.30
1570729567, 0, 0, 1034, 1034, 1, 6.25%, 0, 0, 2, 633.21
1570729572, 0, 0, 1036, 1036, 1, 6.26%, 0, 0, 2, 637.44
1570729593, 0, 0, 1037, 1037, 1, 6.30%, 0, 0, 2, 631.75
1570729598, 0, 0, 1039, 1039, 1, 6.30%, 0, 0, 2, 632.58
1570729608, 0, 0, 1043, 1043, 1, 6.33%, 0, 0, 2, 639.29
1570729624, 0, 0, 1045, 1045, 1, 6.33%, 0, 0, 2, 634.53
1570729644, 0, 0, 1046, 1046, 1, 6.33%, 0, 0, 2, 636.10
1570729696, 0, 0, 1048, 1048, 1, 6.34%, 0, 0, 2, 636.80
1570729701, 0, 0, 1049, 1049, 1, 6.34%, 0, 0, 2, 636.48
1570729706, 0, 0, 1050, 1050, 1, 6.34%, 0, 0, 2, 638.69
1570729717, 0, 0, 1052, 1052, 1, 6.34%, 0, 0, 2, 637.25
1570729743, 0, 0, 1053, 1053, 1, 6.34%, 0, 0, 2, 636.79
1570729774, 0, 0, 1056, 1056, 1, 6.36%, 0, 0, 2, 671.46
1570729779, 0, 0, 1064, 1064, 1, 6.37%, 0, 0, 2, 1186.25
1570729784, 0, 0, 1071, 1071, 1, 6.37%, 0, 0, 2, 122.21
1570729789, 0, 0, 1087, 1087, 1, 6.45%, 0, 0, 2, 1040.99
1570729794, 0, 0, 1092, 1092, 1, 6.45%, 0, 0, 2, 1239.02
1570729799, 0, 0, 1097, 1097, 1, 6.46%, 0, 0, 2, 1122.95
1570729804, 0, 0, 1107, 1107, 1, 6.47%, 0, 0, 2, 203.85
1570729810, 0, 0, 1109, 1109, 1, 6.47%, 0, 0, 2, 1121.94
1570729815, 0, 0, 1116, 1116, 1, 6.47%, 0, 0, 2, 774.08
1570729820, 0, 0, 1120, 1120, 1, 6.48%, 0, 0, 2, 1124.40
1570729825, 0, 0, 1123, 1123, 1, 6.48%, 0, 0, 2, 1371.40
1570729830, 0, 0, 1124, 1124, 1, 6.48%, 0, 0, 2, 113.80
1570729840, 0, 0, 1129, 1129, 1, 6.48%, 0, 0, 2, 103.12
1570729845, 0, 0, 1131, 1131, 1, 6.48%, 0, 0, 2, 1166.74
1570729850, 0, 0, 1133, 1133, 1, 6.48%, 0, 0, 2, 1288.56
1570729855, 0, 0, 1136, 1136, 1, 6.49%, 0, 0, 2, 1187.27
1570729861, 0, 0, 1169, 1169, 1, 6.50%, 0, 0, 2, 905.55
1570729866, 0, 0, 1177, 1177, 1, 6.50%, 0, 0, 2, 913.38
1570729886, 0, 0, 1179, 1179, 1, 6.51%, 0, 0, 2, 633.95
1570729901, 0, 0, 1180, 1180, 1, 6.51%, 0, 0, 2, 698.06
1570729907, 0, 0, 1181, 1181, 1, 6.51%, 0, 0, 2, 647.95
1570729932, 0, 0, 1182, 1182, 1, 6.51%, 0, 0, 2, 636.30
1570729948, 0, 0, 1183, 1183, 1, 6.52%, 0, 0, 2, 637.35
1570729989, 0, 0, 1185, 1185, 1, 6.52%, 0, 0, 2, 630.67
1570729999, 0, 0, 1186, 1186, 1, 6.52%, 0, 0, 2, 639.72
1570730004, 0, 0, 1190, 1190, 1, 6.52%, 0, 0, 2, 632.58
1570730030, 0, 0, 1191, 1191, 1, 6.52%, 0, 0, 2, 631.31
1570730035, 0, 0, 1194, 1194, 1, 6.52%, 0, 0, 2, 636.03
1570730046, 0, 0, 1195, 1195, 1, 6.52%, 0, 0, 2, 628.28
1570730082, 0, 0, 1196, 1196, 1, 6.52%, 0, 0, 2, 635.80
1570730092, 0, 0, 1199, 1199, 1, 6.52%, 0, 0, 2, 95.40
1570730112, 0, 0, 1200, 1200, 1, 6.52%, 0, 0, 2, 1047.16
1570730138, 0, 0, 1201, 1201, 1, 6.52%, 0, 0, 2, 1457.63
1570730153, 0, 0, 1202, 1202, 1, 6.52%, 0, 0, 2, 1387.50
1570730189, 0, 0, 1203, 1203, 1, 6.52%, 0, 0, 2, 910.78
1570730230, 0, 0, 1204, 1204, 1, 6.52%, 0, 0, 2, 639.83
1570730302, 0, 0, 1205, 1205, 1, 6.52%, 0, 0, 2, 638.59
1570730333, 0, 0, 1206, 1206, 1, 6.52%, 0, 0, 2, 643.26
1570730379, 0, 0, 1207, 1207, 1, 6.53%, 0, 0, 2, 1916.75
1570730400, 0, 0, 1208, 1208, 1, 6.53%, 0, 0, 2, 751.39
1570730415, 0, 0, 1213, 1213, 1, 6.54%, 0, 0, 2, 656.30
1570730420, 0, 0, 1219, 1219, 1, 6.55%, 0, 0, 2, 700.67
1570730487, 0, 0, 1220, 1220, 1, 6.55%, 0, 0, 2, 639.58
1570730508, 0, 0, 1228, 1228, 1, 6.55%, 0, 0, 2, 138.39
1570730513, 0, 0, 1233, 1233, 1, 6.55%, 0, 0, 2, 755.84
1570730518, 0, 0, 1235, 1235, 1, 6.56%, 0, 0, 2, 656.64
1570730523, 0, 0, 1244, 1244, 1, 6.59%, 0, 0, 2, 789.46
1570730683, 0, 0, 1247, 1247, 1, 6.60%, 0, 0, 2, 630.00
1570730688, 0, 0, 1250, 1250, 1, 6.60%, 0, 0, 2, 786.01
1570730693, 0, 0, 1259, 1259, 1, 6.61%, 0, 0, 2, 530.00
1570730698, 0, 0, 1260, 1260, 1, 6.61%, 0, 0, 2, 772.14
1570730718, 0, 0, 1263, 1263, 1, 6.61%, 0, 0, 2, 800.47
1570730728, 0, 0, 1264, 1264, 1, 6.61%, 0, 0, 2, 643.88
1570730734, 0, 0, 1266, 1266, 1, 6.62%, 0, 0, 2, 732.55
1570730826, 0, 0, 1267, 1267, 1, 6.62%, 0, 0, 2, 692.52
1570730832, 0, 0, 1268, 1268, 1, 6.62%, 0, 0, 2, 821.08
1570730837, 0, 0, 1272, 1272, 1, 6.62%, 0, 0, 2, 696.76
1570730842, 0, 0, 1273, 1273, 1, 6.62%, 0, 0, 2, 621.37
1570730857, 0, 0, 1305, 1305, 1, 6.66%, 0, 0, 2, 1142.00
1570730862, 0, 0, 1329, 1329, 1, 6.66%, 0, 0, 2, 1677.63
1570730867, 0, 0, 1355, 1355, 1, 6.68%, 0, 0, 2, 1754.69
1570730872, 0, 0, 1370, 1370, 1, 6.71%, 0, 0, 2, 1794.89
1570730878, 0, 1, 1383, 1382, 353, 6.73%, 0, 0, 3, 2422.79
1570730883, 0, 1, 1390, 1389, 353, 6.79%, 0, 0, 3, 2715.84
1570730888, 0, 2, 1391, 1389, 363, 6.80%, 0, 0, 3, 2766.37
1570730893, 0, 4, 1391, 1387, 361, 6.80%, 0, 0, 3, 2823.40
1570730898, 0, 7, 1394, 1388, 359, 6.80%, 0, 0, 3, 2794.33
1570730903, 0, 9, 1396, 1389, 359, 6.80%, 0, 0, 3, 1705.44
1570730924, 0, 9, 1397, 1390, 359, 6.80%, 0, 0, 3, 645.17
1570730949, 0, 9, 1398, 1391, 359, 6.80%, 0, 0, 3, 640.17
1570730959, 0, 9, 1399, 1392, 359, 6.80%, 0, 0, 3, 643.88
1570730970, 0, 9, 1400, 1393, 359, 6.80%, 0, 0, 3, 645.86
1570730980, 0, 9, 1405, 1398, 359, 6.85%, 0, 0, 3, 727.64
1570730985, 0, 9, 1411, 1404, 359, 6.85%, 0, 0, 3, 637.33
1570730990, 0, 9, 1420, 1413, 359, 6.86%, 0, 0, 3, 624.72
1570731082, 0, 9, 1421, 1414, 359, 6.86%, 0, 0, 3, 706.08
1570731158, 0, 9, 1422, 1415, 359, 6.86%, 0, 0, 3, 672.69
1570731163, 0, 9, 1423, 1416, 359, 6.86%, 0, 0, 3, 646.71
1570731168, 0, 9, 1424, 1417, 359, 6.86%, 0, 0, 3, 588.39
1570731173, 0, 9, 1427, 1420, 359, 6.86%, 0, 0, 3, 658.87
1570731184, 0, 9, 1428, 1421, 359, 6.86%, 0, 0, 3, 645.87
1570731455, 0, 9, 1429, 1422, 359, 6.86%, 0, 0, 3, 641.77
1570731486, 0, 9, 1430, 1423, 359, 6.86%, 0, 0, 3, 518.37
1570731491, 0, 9, 1431, 1424, 359, 6.86%, 0, 0, 3, 835.08
1570731496, 0, 9, 1432, 1425, 359, 6.86%, 0, 0, 3, 995.48
1570731517, 0, 9, 1433, 1426, 359, 6.86%, 0, 0, 3, 1172.70
1570731527, 0, 9, 1434, 1427, 359, 6.86%, 0, 0, 3, 182.27
1570731558, 0, 9, 1438, 1431, 359, 6.86%, 0, 0, 3, 1049.17
1570731609, 0, 9, 1440, 1433, 359, 6.86%, 0, 0, 3, 635.67
1570732217, 0, 9, 1441, 1434, 359, 6.86%, 0, 0, 3, 782.51
1570732381, 0, 9, 1442, 1435, 359, 6.86%, 0, 0, 3, 1052.36
1570732525, 0, 9, 1443, 1436, 359, 6.86%, 0, 0, 3, 762.95
1570732535, 0, 9, 1444, 1437, 359, 6.86%, 0, 0, 3, 862.18
1570732556, 0, 9, 1445, 1438, 359, 6.86%, 0, 0, 3, 739.57
1570732561, 0, 9, 1453, 1446, 359, 6.89%, 0, 0, 3, 1523.83
1570732566, 0, 9, 1465, 1458, 359, 6.89%, 0, 0, 3, 1800.93
1570732571, 0, 9, 1479, 1472, 359, 6.90%, 0, 0, 3, 1803.41
1570732576, 0, 11, 1488, 1480, 363, 6.92%, 0, 0, 3, 1993.75
1570732597, 0, 11, 1490, 1482, 363, 6.92%, 0, 0, 3, 2145.94
1570732602, 0, 11, 1513, 1505, 363, 6.92%, 0, 0, 3, 2168.62
1570732607, 0, 11, 1516, 1508, 363, 6.92%, 0, 0, 3, 2140.39
1570732658, 0, 11, 1517, 1509, 363, 6.92%, 0, 0, 3, 2178.14
1570732663, 0, 11, 1519, 1511, 363, 6.92%, 0, 0, 3, 2236.09
1570732668, 0, 11, 1520, 1512, 363, 6.92%, 0, 0, 3, 2176.07
1570732704, 0, 11, 1521, 1513, 363, 6.92%, 0, 0, 3, 2204.01
1570732883, 0, 11, 1523, 1515, 363, 6.92%, 0, 0, 3, 2263.31
1570732919, 0, 11, 1524, 1516, 363, 6.92%, 0, 0, 3, 2261.13
1570732929, 0, 11, 1527, 1519, 363, 6.93%, 0, 0, 3, 2311.14
1570732934, 0, 11, 1534, 1526, 363, 6.95%, 0, 0, 3, 2510.21
1570732939, 0, 12, 1538, 1529, 365, 6.95%, 0, 0, 3, 1586.33
1570733016, 0, 12, 1539, 1530, 365, 6.95%, 0, 0, 3, 709.37
1570733021, 0, 12, 1540, 1531, 365, 6.95%, 0, 0, 3, 631.16
1570733237, 0, 12, 1542, 1533, 365, 6.95%, 0, 0, 3, 813.46
1570733242, 0, 12, 1543, 1534, 365, 6.95%, 0, 0, 3, 697.17
1570734610, 0, 12, 1547, 1538, 365, 6.95%, 0, 0, 3, 770.40
1570734615, 0, 12, 1548, 1539, 365, 6.95%, 0, 0, 3, 675.75
1570734646, 0, 13, 1549, 1539, 369, 6.96%, 0, 0, 3, 845.38
1570734723, 0, 13, 1553, 1543, 369, 6.96%, 0, 0, 3, 689.03
1570734728, 0, 13, 1554, 1544, 369, 6.96%, 0, 0, 3, 619.94
1570734945, 0, 13, 1556, 1546, 369, 6.96%, 0, 0, 3, 752.05
1570735974, 0, 13, 1557, 1547, 369, 6.96%, 0, 0, 3, 688.68
1570736159, 0, 13, 1558, 1548, 369, 6.96%, 0, 0, 3, 825.00
1570736370, 0, 13, 1568, 1558, 369, 6.96%, 0, 0, 3, 1451.49
1570736375, 0, 13, 1578, 1568, 369, 6.96%, 0, 0, 3, 1777.24
1570736380, 0, 13, 1582, 1572, 369, 6.96%, 0, 0, 3, 1839.70
1570736385, 0, 17, 1590, 1579, 371, 6.98%, 0, 0, 3, 1913.36
1570736390, 0, 17, 1594, 1583, 371, 7.02%, 0, 0, 3, 924.07
1570736442, 0, 17, 1596, 1585, 371, 7.03%, 0, 0, 3, 634.48
1570736468, 0, 17, 1600, 1589, 371, 7.03%, 0, 0, 3, 683.45
1570736473, 0, 17, 1601, 1590, 371, 7.03%, 0, 0, 3, 606.08
1570736478, 0, 17, 1603, 1592, 371, 7.03%, 0, 0, 3, 684.35
1570736570, 0, 17, 1604, 1593, 371, 7.03%, 0, 0, 3, 679.60
1570736688, 0, 17, 1606, 1595, 371, 7.03%, 0, 0, 3, 759.02
1570737655, 0, 17, 1612, 1601, 371, 7.05%, 0, 0, 3, 633.24
1570738097, 0, 22, 1614, 1602, 383, 7.05%, 0, 0, 3, 2284.83
1570738102, 0, 23, 1615, 1602, 384, 7.05%, 0, 0, 3, 2567.80
1570738107, 0, 23, 1620, 1607, 384, 7.05%, 0, 0, 3, 2531.12
1570738112, 0, 23, 1623, 1610, 384, 7.05%, 0, 0, 3, 2532.40
1570738133, 0, 23, 1624, 1611, 384, 7.05%, 0, 0, 3, 2549.85
1570738138, 0, 23, 1625, 1612, 384, 7.06%, 0, 0, 3, 2554.99
1570738214, 0, 23, 1626, 1613, 384, 7.06%, 0, 0, 3, 2589.34
1570738229, 0, 23, 1629, 1616, 384, 7.06%, 0, 0, 3, 2561.01
1570738234, 0, 23, 1639, 1626, 384, 7.06%, 0, 0, 3, 2642.47
1570738239, 0, 30, 1643, 1629, 383, 7.06%, 0, 0, 3, 2686.25
1570738312, 0, 30, 1644, 1630, 383, 7.06%, 0, 0, 3, 2591.67
1570738332, 0, 31, 1644, 1629, 382, 7.06%, 0, 0, 3, 2555.43
1570738358, 0, 31, 1645, 1630, 382, 7.06%, 0, 0, 3, 2451.34
1570738470, 0, 34, 1646, 1630, 381, 7.06%, 0, 0, 3, 2557.65
1570738491, 0, 34, 1647, 1631, 381, 7.06%, 0, 0, 3, 581.43
1570738541, 0, 34, 1649, 1633, 381, 7.06%, 0, 0, 3, 576.34
1570738546, 0, 34, 1650, 1634, 381, 7.06%, 0, 0, 3, 578.00
1570738556, 0, 34, 1651, 1635, 381, 7.06%, 0, 0, 3, 575.78
1570738561, 0, 34, 1656, 1640, 381, 7.06%, 0, 0, 3, 631.01
1570738572, 0, 34, 1666, 1650, 381, 7.06%, 0, 0, 3, 601.24
1570738658, 0, 34, 1667, 1651, 381, 7.06%, 0, 0, 3, 559.10
1570738663, 0, 34, 1668, 1652, 381, 7.06%, 0, 0, 3, 637.69
1570738673, 0, 34, 1671, 1655, 381, 7.06%, 0, 0, 3, 659.75
1570738759, 0, 34, 1674, 1658, 381, 7.07%, 0, 0, 3, 618.22
1570738764, 0, 34, 1675, 1659, 381, 7.07%, 0, 0, 3, 604.09
1570738774, 0, 34, 1676, 1660, 381, 7.07%, 0, 0, 3, 598.45
1570739112, 0, 34, 1677, 1661, 381, 7.07%, 0, 0, 3, 576.23
1570739117, 0, 34, 1679, 1663, 381, 7.07%, 0, 0, 3, 576.23
1570739143, 0, 34, 1681, 1665, 381, 7.07%, 0, 0, 3, 1106.12
1570739148, 0, 34, 1682, 1666, 381, 7.07%, 0, 0, 3, 1283.09
1570739153, 0, 34, 1684, 1668, 381, 7.07%, 0, 0, 3, 982.00
1570739168, 0, 34, 1685, 1669, 381, 7.07%, 0, 0, 3, 630.00
1570739173, 0, 34, 1686, 1670, 381, 7.07%, 0, 0, 3, 595.80
1570739225, 0, 34, 1691, 1675, 381, 7.07%, 0, 0, 3, 893.22
1570739230, 0, 34, 1692, 1676, 381, 7.08%, 0, 0, 3, 1113.20
1570739492, 0, 34, 1693, 1677, 381, 7.08%, 0, 0, 3, 107.18
1570739808, 0, 34, 1694, 1678, 381, 7.08%, 0, 0, 3, 1213.81
1570739959, 0, 34, 1697, 1681, 381, 7.08%, 0, 0, 3, 848.62
1570740403, 0, 34, 1699, 1683, 381, 7.08%, 0, 0, 3, 659.64
1570740439, 0, 35, 1700, 1683, 386, 7.08%, 0, 0, 3, 918.78
1570740516, 0, 35, 1704, 1687, 386, 7.08%, 0, 0, 3, 713.46
1570740526, 0, 35, 1705, 1688, 386, 7.09%, 0, 0, 3, 592.73
1570742177, 0, 53, 1706, 1688, 386, 7.09%, 0, 0, 3, 1404.95
1570742259, 0, 53, 1708, 1690, 386, 7.09%, 0, 0, 3, 687.80
1570742788, 0, 53, 1709, 1691, 386, 7.09%, 0, 0, 3, 1272.42
1570743909, 0, 53, 1710, 1692, 386, 7.09%, 0, 0, 3, 769.55
1570743914, 0, 78, 1710, 1691, 386, 7.09%, 0, 0, 3, 1070.32
1570743991, 0, 78, 1711, 1692, 386, 7.09%, 0, 0, 3, 658.63
1570744213, 0, 78, 1712, 1693, 386, 7.09%, 0, 0, 3, 809.68
1570745652, 0, 96, 1712, 1692, 384, 7.09%, 0, 0, 3, 980.94
1570745662, 0, 96, 1713, 1693, 384, 7.09%, 0, 0, 3, 672.26
1570745730, 0, 96, 1714, 1694, 384, 7.09%, 0, 0, 3, 705.14
1570747390, 0, 96, 1715, 1695, 384, 7.09%, 0, 0, 3, 975.48
1570747395, 0, 101, 1715, 1694, 384, 7.09%, 0, 0, 3, 895.77
1570747473, 0, 101, 1717, 1696, 384, 7.09%, 0, 0, 3, 702.55
1570747997, 0, 101, 1718, 1697, 384, 7.09%, 0, 0, 3, 1106.35
1570748706, 0, 101, 1719, 1698, 384, 7.09%, 0, 0, 3, 752.76
1570748891, 0, 101, 1720, 1699, 384, 7.09%, 0, 0, 3, 119.79
1570749133, 0, 101, 1721, 1700, 384, 7.09%, 0, 0, 3, 858.36
1570749138, 0, 101, 1727, 1706, 384, 7.10%, 0, 0, 3, 1665.76
1570749143, 0, 101, 1731, 1710, 384, 7.10%, 0, 0, 3, 1800.52
1570749148, 0, 101, 1741, 1720, 384, 7.11%, 0, 0, 3, 1767.22
1570749153, 0, 102, 1742, 1720, 383, 7.11%, 0, 0, 3, 1392.02
1570749164, 0, 102, 1743, 1721, 383, 7.11%, 0, 0, 3, 690.90
1570749231, 0, 102, 1744, 1722, 383, 7.11%, 0, 0, 3, 709.79
1570749236, 0, 102, 1745, 1723, 383, 7.11%, 0, 0, 3, 634.82
1570750889, 0, 102, 1749, 1727, 383, 7.11%, 0, 0, 3, 1345.96
1570750894, 0, 102, 1755, 1733, 383, 7.11%, 0, 0, 3, 1764.29
1570750899, 0, 102, 1761, 1739, 383, 7.12%, 0, 0, 3, 1828.96
1570750905, 0, 102, 1766, 1744, 383, 7.12%, 0, 0, 3, 1840.87
1570750910, 0, 103, 1766, 1743, 383, 7.12%, 0, 0, 3, 1053.98
1570750915, 0, 103, 1767, 1744, 383, 7.12%, 0, 0, 3, 723.21
1570750987, 0, 103, 1769, 1746, 383, 7.12%, 0, 0, 3, 714.79
1570751007, 0, 103, 1770, 1747, 383, 7.12%, 0, 0, 3, 679.58
1570751203, 0, 103, 1771, 1748, 383, 7.12%, 0, 0, 3, 640.09
1570752642, 0, 113, 1771, 1747, 385, 7.12%, 0, 0, 3, 1112.94
1570752725, 0, 113, 1773, 1749, 385, 7.12%, 0, 0, 3, 657.53
1570752843, 0, 113, 1774, 1750, 385, 7.12%, 0, 0, 3, 639.10
1570754375, 0, 114, 1774, 1749, 385, 7.12%, 0, 0, 3, 1275.65
1570754482, 0, 114, 1775, 1750, 385, 7.12%, 0, 0, 3, 643.49
1570754693, 0, 114, 1776, 1751, 385, 7.12%, 0, 0, 3, 639.37
1570756116, 0, 115, 1776, 1750, 385, 7.12%, 0, 0, 3, 1017.67
1570757854, 0, 116, 1776, 1749, 384, 7.12%, 0, 0, 3, 1033.40
1570757931, 0, 116, 1778, 1751, 384, 7.12%, 0, 0, 3, 660.74
1570758033, 0, 116, 1779, 1752, 384, 7.12%, 0, 0, 3, 641.02
1570758162, 0, 116, 1780, 1753, 384, 7.12%, 0, 0, 3, 648.89
1570759586, 0, 116, 1781, 1754, 384, 7.12%, 0, 0, 3, 911.60
1570759591, 0, 118, 1781, 1753, 384, 7.12%, 0, 0, 3, 934.41
1570759885, 0, 118, 1782, 1754, 384, 7.12%, 0, 0, 3, 676.99
1570761324, 0, 135, 1782, 1753, 383, 7.12%, 0, 0, 3, 1295.21
1570761912, 0, 135, 1783, 1754, 383, 7.12%, 0, 0, 3, 1127.46
1570761922, 0, 135, 1784, 1755, 383, 7.12%, 0, 0, 3, 1049.56
1570763067, 0, 145, 1784, 1754, 382, 7.12%, 0, 0, 3, 848.89
1570763072, 0, 145, 1785, 1755, 382, 7.12%, 0, 0, 3, 674.44
1570764800, 0, 148, 1786, 1755, 381, 7.12%, 0, 0, 3, 1396.01
1570764811, 0, 148, 1787, 1756, 381, 7.13%, 0, 0, 3, 694.16
1570764877, 0, 148, 1788, 1757, 381, 7.13%, 0, 0, 3, 632.78
1570765067, 0, 148, 1789, 1758, 381, 7.13%, 0, 0, 3, 626.43
1570765212, 0, 148, 1790, 1759, 381, 7.13%, 0, 0, 3, 633.11
1570766534, 0, 149, 1790, 1758, 381, 7.13%, 0, 0, 3, 1173.75
1570766617, 0, 149, 1791, 1759, 381, 7.13%, 0, 0, 3, 696.47
1570766632, 0, 149, 1792, 1760, 381, 7.13%, 0, 0, 3, 647.20
1570768271, 0, 152, 1793, 1760, 380, 7.13%, 0, 0, 3, 1321.52
1570768291, 0, 152, 1794, 1761, 380, 7.13%, 0, 0, 3, 633.84
1570768348, 0, 152, 1795, 1762, 380, 7.13%, 0, 0, 3, 629.53
1570770009, 0, 161, 1795, 1761, 379, 7.13%, 0, 0, 3, 1171.26
1570770091, 0, 161, 1797, 1763, 379, 7.13%, 0, 0, 3, 692.88
1570770096, 0, 161, 1798, 1764, 379, 7.13%, 0, 0, 3, 618.59
1570770342, 0, 161, 1799, 1765, 379, 7.13%, 0, 0, 3, 636.97
1570770559, 0, 161, 1800, 1766, 379, 7.13%, 0, 0, 3, 634.59
1570771742, 0, 162, 1800, 1765, 380, 7.13%, 0, 0, 3, 1115.62
1570771752, 0, 162, 1801, 1766, 380, 7.13%, 0, 0, 3, 696.49
1570773476, 0, 163, 1801, 1765, 379, 7.13%, 0, 0, 3, 1103.57
1570773558, 0, 163, 1802, 1766, 379, 7.13%, 0, 0, 3, 694.74
1570773563, 0, 163, 1803, 1767, 379, 7.13%, 0, 0, 3, 609.05
1570775208, 0, 164, 1803, 1766, 379, 7.13%, 0, 0, 3, 1347.49
1570775285, 0, 164, 1804, 1767, 379, 7.13%, 0, 0, 3, 624.45
1570775290, 0, 164, 1806, 1769, 379, 7.13%, 0, 0, 3, 677.28
1570776945, 0, 165, 1806, 1768, 379, 7.13%, 0, 0, 3, 1266.59
1570776955, 0, 165, 1807, 1769, 379, 7.13%, 0, 0, 3, 711.99
1570777037, 0, 165, 1808, 1770, 379, 7.13%, 0, 0, 3, 683.38
1570777212, 0, 165, 1809, 1771, 379, 7.13%, 0, 0, 3, 640.05
1570778271, 0, 165, 1810, 1772, 379, 7.13%, 0, 0, 3, 870.92
1570778687, 0, 173, 1810, 1771, 378, 7.13%, 0, 0, 3, 889.13
1570778698, 0, 173, 1811, 1772, 378, 7.13%, 0, 0, 3, 667.41
1570778703, 0, 173, 1812, 1773, 378, 7.13%, 0, 0, 3, 643.74
1570779904, 0, 173, 1813, 1774, 378, 7.13%, 0, 0, 3, 695.30
1570780418, 0, 176, 1813, 1773, 377, 7.13%, 0, 0, 3, 1192.29
1570780496, 0, 176, 1815, 1775, 377, 7.13%, 0, 0, 3, 652.89
1570780705, 0, 176, 1816, 1776, 377, 7.13%, 0, 0, 3, 638.00
1570780756, 0, 176, 1817, 1777, 377, 7.13%, 0, 0, 3, 637.88
1570781116, 0, 176, 1818, 1778, 377, 7.14%, 0, 0, 3, 635.81
1570781636, 0, 176, 1819, 1779, 377, 7.14%, 0, 0, 3, 649.60
1570781959, 0, 176, 1822, 1782, 377, 7.14%, 0, 0, 3, 718.20
1570782155, 0, 176, 1830, 1790, 377, 7.14%, 0, 0, 3, 1569.21
1570782160, 0, 176, 1833, 1793, 377, 7.14%, 0, 0, 3, 1753.43
1570782165, 0, 176, 1839, 1799, 377, 7.14%, 0, 0, 3, 1854.94
1570782170, 0, 178, 1841, 1800, 376, 7.14%, 0, 0, 3, 1641.36
1570783912, 0, 181, 1841, 1799, 375, 7.14%, 0, 0, 3, 1172.28
1570785644, 0, 183, 1841, 1798, 374, 7.14%, 0, 0, 3, 1199.78
1570785721, 0, 183, 1842, 1799, 374, 7.14%, 0, 0, 3, 651.20
1570785727, 0, 183, 1843, 1800, 374, 7.14%, 0, 0, 3, 667.97
1570786226, 0, 183, 1844, 1801, 374, 7.14%, 0, 0, 3, 67.16
1570787385, 0, 184, 1844, 1800, 373, 7.14%, 0, 0, 3, 960.85
1570787395, 0, 184, 1845, 1801, 373, 7.14%, 0, 0, 3, 665.62
1570787575, 0, 184, 1846, 1802, 373, 7.14%, 0, 0, 3, 670.06
1570788280, 0, 184, 1847, 1803, 373, 7.14%, 0, 0, 3, 108.92
1570789123, 0, 188, 1847, 1802, 372, 7.14%, 0, 0, 3, 1033.93
1570789133, 0, 188, 1849, 1804, 372, 7.14%, 0, 0, 3, 667.69
1570789206, 0, 188, 1851, 1806, 372, 7.14%, 0, 0, 3, 643.45
1570789216, 0, 188, 1852, 1807, 372, 7.14%, 0, 0, 3, 712.14
1570789828, 0, 188, 1853, 1808, 372, 7.15%, 0, 0, 3, 674.87
1570790860, 0, 188, 1855, 1810, 372, 7.15%, 0, 0, 3, 1095.65
1570790865, 0, 188, 1860, 1815, 372, 7.15%, 0, 0, 3, 1645.70
1570790870, 0, 188, 1862, 1817, 372, 7.15%, 0, 0, 3, 1745.33
1570790875, 0, 188, 1865, 1820, 372, 7.15%, 0, 0, 3, 1804.22
1570790881, 0, 189, 1867, 1821, 373, 7.15%, 0, 0, 3, 1307.01
1570792615, 0, 191, 1867, 1820, 372, 7.15%, 0, 0, 3, 1583.28
1570792702, 0, 191, 1868, 1821, 372, 7.15%, 0, 0, 3, 2260.36
1570792953, 0, 191, 1871, 1824, 372, 7.15%, 0, 0, 3, 2376.99
1570792959, 0, 191, 1875, 1828, 372, 7.15%, 0, 0, 3, 2635.11
1570792964, 0, 192, 1876, 1828, 373, 7.15%, 0, 0, 3, 1354.94
1570794705, 0, 193, 1876, 1827, 372, 7.15%, 0, 0, 3, 1282.49
1570794966, 0, 193, 1877, 1828, 372, 7.15%, 0, 0, 3, 2209.67
1570795047, 0, 193, 1878, 1829, 372, 7.16%, 0, 0, 3, 2357.83
1570795052, 0, 194, 1878, 1828, 370, 7.16%, 0, 0, 3, 2320.23
1570795391, 0, 195, 1878, 1827, 369, 7.16%, 0, 0, 3, 2446.92
1570795735, 0, 196, 1878, 1826, 368, 7.16%, 0, 0, 3, 2258.60
1570795816, 0, 196, 1879, 1827, 368, 7.16%, 0, 0, 3, 679.74
1570797476, 0, 197, 1880, 1827, 368, 7.16%, 0, 0, 3, 1951.64
1570797819, 0, 202, 1880, 1826, 368, 7.16%, 0, 0, 3, 1392.60
1570797824, 0, 202, 1881, 1827, 368, 7.17%, 0, 0, 3, 794.41
1570797880, 0, 202, 1882, 1828, 368, 7.17%, 0, 0, 3, 626.13
1570797901, 0, 202, 1887, 1833, 368, 7.17%, 0, 0, 3, 630.21
1570798081, 0, 202, 1888, 1834, 368, 7.17%, 0, 0, 3, 700.00
1570798433, 0, 202, 1889, 1835, 368, 7.17%, 0, 0, 3, 109.32
1570798488, 0, 202, 1890, 1836, 368, 7.17%, 0, 0, 3, 842.85
1570799048, 0, 202, 1891, 1837, 368, 7.17%, 0, 0, 3, 605.40
1570799140, 0, 202, 1892, 1838, 368, 7.17%, 0, 0, 3, 768.60
1570799542, 0, 202, 1893, 1839, 368, 7.17%, 0, 0, 3, 719.90
1570799577, 0, 203, 1893, 1838, 368, 7.17%, 0, 0, 3, 1009.04
1570801318, 0, 203, 1897, 1842, 368, 7.17%, 0, 0, 3, 1360.66
1570801323, 0, 203, 1903, 1848, 368, 7.17%, 0, 0, 3, 1751.22
1570801328, 0, 203, 1905, 1850, 368, 7.17%, 0, 0, 3, 1798.15
1570801333, 0, 203, 1907, 1852, 368, 7.17%, 0, 0, 3, 1836.49
1570801338, 0, 204, 1907, 1851, 367, 7.17%, 0, 0, 3, 1071.31
1570803090, 0, 206, 1908, 1851, 366, 7.17%, 0, 0, 3, 1064.80
1570804836, 0, 209, 1908, 1850, 365, 7.17%, 0, 0, 3, 1156.23
1570804918, 0, 209, 1909, 1851, 365, 7.17%, 0, 0, 3, 650.43
1570806146, 0, 209, 1910, 1852, 365, 7.17%, 0, 0, 3, 773.95
1570806578, 0, 212, 1910, 1851, 364, 7.17%, 0, 0, 3, 1169.04
1570806593, 0, 212, 1911, 1852, 364, 7.17%, 0, 0, 3, 649.04
1570806660, 0, 212, 1915, 1856, 364, 7.17%, 0, 0, 3, 650.64
1570806933, 0, 212, 1916, 1857, 364, 7.17%, 0, 0, 3, 643.98
1570808326, 0, 217, 1916, 1856, 364, 7.17%, 0, 0, 3, 1060.84
1570808347, 0, 217, 1917, 1857, 364, 7.17%, 0, 0, 3, 637.57
1570808506, 0, 217, 1918, 1858, 364, 7.17%, 0, 0, 3, 634.15
1570810064, 0, 217, 1920, 1860, 364, 7.17%, 0, 0, 3, 1282.27
1570810070, 0, 219, 1920, 1859, 363, 7.17%, 0, 0, 3, 941.97
1570810080, 0, 219, 1921, 1860, 363, 7.17%, 0, 0, 3, 664.32
1570810178, 0, 219, 1922, 1861, 363, 7.17%, 0, 0, 3, 638.48
1570810687, 0, 219, 1923, 1862, 363, 7.17%, 0, 0, 3, 1137.81
1570811807, 0, 224, 1923, 1861, 362, 7.17%, 0, 0, 3, 1798.85
1570811833, 0, 224, 1924, 1862, 362, 7.17%, 0, 0, 3, 2170.69
1570812177, 0, 229, 1924, 1861, 360, 7.17%, 0, 0, 3, 1345.89
1570812187, 0, 229, 1925, 1862, 360, 7.17%, 0, 0, 3, 688.58
1570813913, 0, 236, 1925, 1861, 359, 7.17%, 0, 0, 3, 1294.73
1570814026, 0, 236, 1926, 1862, 359, 7.17%, 0, 0, 3, 638.50
1570814103, 0, 236, 1927, 1863, 359, 7.17%, 0, 0, 3, 639.57
1570814365, 0, 236, 1928, 1864, 359, 7.17%, 0, 0, 3, 639.18
1570815229, 0, 236, 1929, 1865, 359, 7.17%, 0, 0, 3, 625.46
