# unix_time, cycles_done, cur_path, paths_total, pending_total, pending_favs, map_size, unique_crashes, unique_hangs, max_depth, execs_per_sec
1570815815, 0, 0, 1, 1, 1, 3.55%, 0, 0, 1, 727.27
1570815820, 0, 0, 90, 90, 1, 4.06%, 0, 0, 2, 869.26
1570815825, 0, 0, 186, 186, 1, 4.37%, 0, 0, 2, 777.26
1570815830, 0, 0, 247, 247, 1, 4.58%, 0, 0, 2, 781.42
1570815835, 0, 0, 267, 267, 1, 4.62%, 0, 0, 2, 752.34
1570815840, 0, 0, 270, 270, 1, 4.65%, 0, 0, 2, 747.64
1570815861, 0, 0, 271, 271, 1, 4.65%, 0, 0, 2, 739.19
1570815866, 0, 0, 280, 280, 1, 4.68%, 0, 0, 2, 734.16
1570815871, 0, 0, 330, 330, 1, 4.77%, 0, 0, 2, 737.72
1570815876, 0, 0, 348, 348, 1, 4.78%, 0, 0, 2, 736.39
1570815886, 0, 0, 403, 403, 1, 4.98%, 0, 0, 2, 714.10
1570815891, 0, 0, 576, 576, 1, 5.28%, 0, 0, 2, 745.83
1570815896, 0, 0, 667, 667, 1, 5.33%, 0, 0, 2, 670.42
1570815901, 0, 0, 731, 731, 1, 5.34%, 0, 0, 2, 627.22
1570815907, 0, 0, 795, 795, 1, 5.54%, 0, 0, 2, 754.74
1570815912, 0, 0, 807, 807, 1, 5.56%, 0, 0, 2, 771.31
1570815917, 0, 0, 818, 818, 1, 5.62%, 0, 0, 2, 748.37
1570815922, 0, 0, 824, 824, 1, 5.64%, 0, 0, 2, 738.51
1570815953, 0, 0, 825, 825, 1, 5.64%, 0, 0, 2, 709.47
1570815958, 0, 0, 827, 827, 1, 5.64%, 0, 0, 2, 707.60
1570815963, 0, 0, 828, 828, 1, 5.64%, 0, 0, 2, 706.61
1570815973, 0, 0, 839, 839, 1, 5.66%, 0, 0, 2, 700.34
1570815978, 0, 0, 879, 879, 1, 5.69%, 0, 0, 2, 653.24
1570815984, 0, 0, 896, 896, 1, 5.69%, 0, 0, 2, 516.36
1570815989, 0, 0, 915, 915, 1, 5.71%, 0, 0, 2, 685.46
1570815994, 0, 0, 917, 917, 1, 5.71%, 0, 0, 2, 663.06
1570815999, 0, 0, 918, 918, 1, 5.74%, 0, 0, 2, 676.88
1570816004, 0, 0, 920, 920, 1, 5.75%, 0, 0, 2, 642.57
1570816009, 0, 0, 923, 923, 1, 5.77%, 0, 0, 2, 636.55
1570816040, 0, 0, 924, 924, 1, 5.77%, 0, 0, 2, 639.51
1570816051, 0, 0, 925, 925, 1, 5.77%, 0, 0, 2, 628.43
1570816066, 0, 0, 932, 932, 1, 5.77%, 0, 0, 2, 706.64
1570816071, 0, 0, 943, 943, 1, 5.83%, 0, 0, 2, 645.84
1570816076, 0, 0, 949, 949, 1, 5.83%, 0, 0, 2, 597.29
1570816081, 0, 0, 959, 959, 1, 5.83%, 0, 0, 2, 653.46
1570816091, 0, 0, 966, 966, 1, 5.84%, 0, 0, 2, 641.88
1570816096, 0, 0, 970, 970, 1, 5.85%, 0, 0, 2, 627.56
1570816102, 0, 0, 978, 978, 1, 5.86%, 0, 0, 2, 644.38
1570816107, 0, 0, 1005, 1005, 1, 6.16%, 0, 0, 2, 841.64
1570816112, 0, 0, 1008, 1008, 1, 6.18%, 0, 0, 2, 678.93
1570816117, 0, 0, 1010, 1010, 1, 6.18%, 0, 0, 2, 642.96
1570816122, 0, 0, 1013, 1013, 1, 6.19%, 0, 0, 2, 637.29
1570816143, 0, 0, 1014, 1014, 1, 6.20%, 0, 0, 2, 635.61
1570816158, 0, 0, 1018, 1018, 1, 6.21%, 0, 0, 2, 663.88
1570816163, 0, 0, 1020, 1020, 1, 6.21%, 0, 0, 2, 642.46
1570816168, 0, 0, 1025, 1025, 1, 6.23%, 0, 0, 2, 664.25
1570816173, 0, 0, 1029, 1029, 1, 6.25%, 0, 0, 2, 643.57
1570816178, 0, 0, 1030, 1030, 1, 6.25%, 0, 0, 2, 637.56
1570816184, 0, 0, 1031, 1031, 1, 6.26%, 0, 0, 2, 638.39
1570816189, 0, 0, 1032, 1032, 1, 6.26%, 0, 0, 2, 637.73
1570816204, 0, 0, 1033, 1033, 1, 6.30%, 0, 0, 2, 638.50
1570816215, 0, 0, 1035, 1035, 1, 6.30%, 0, 0, 2, 639.63
1570816220, 0, 0, 1037, 1037, 1, 6.32%, 0, 0, 2, 639.68
1570816225, 0, 0, 1039, 1039, 1, 6.33%, 0, 0, 2, 638.51
1570816235, 0, 0, 1041, 1041, 1, 6.33%, 0, 0, 2, 638.53
1570816261, 0, 0, 1042, 1042, 1, 6.33%, 0, 0, 2, 639.08
1570816307, 0, 0, 1043, 1043, 1, 6.33%, 0, 0, 2, 639.07
1570816313, 0, 0, 1044, 1044, 1, 6.34%, 0, 0, 2, 634.23
1570816318, 0, 0, 1045, 1045, 1, 6.34%, 0, 0, 2, 639.16
1570816323, 0, 0, 1046, 1046, 1, 6.34%, 0, 0, 2, 637.08
1570816333, 0, 0, 1048, 1048, 1, 6.34%, 0, 0, 2, 634.05
1570816354, 0, 0, 1049, 1049, 1, 6.34%, 0, 0, 2, 632.02
1570816385, 0, 0, 1050, 1050, 1, 6.34%, 0, 0, 2, 641.49
1570816390, 0, 0, 1059, 1059, 1, 6.37%, 0, 0, 2, 1271.55
1570816395, 0, 0, 1065, 1065, 1, 6.37%, 0, 0, 2, 923.89
1570816400, 0, 0, 1078, 1078, 1, 6.45%, 0, 0, 2, 806.13
1570816405, 0, 0, 1088, 1088, 1, 6.45%, 0, 0, 2, 1446.37
1570816410, 0, 0, 1093, 1093, 1, 6.46%, 0, 0, 2, 100.35
1570816415, 0, 0, 1102, 1102, 1, 6.47%, 0, 0, 2, 1225.67
1570816420, 0, 0, 1107, 1107, 1, 6.47%, 0, 0, 2, 104.00
1570816426, 0, 0, 1112, 1112, 1, 6.47%, 0, 0, 2, 630.37
1570816431, 0, 0, 1117, 1117, 1, 6.47%, 0, 0, 2, 1432.24
1570816436, 0, 0, 1121, 1121, 1, 6.48%, 0, 0, 2, 1079.16
1570816441, 0, 0, 1123, 1123, 1, 6.48%, 0, 0, 2, 1345.69
1570816451, 0, 0, 1128, 1128, 1, 6.48%, 0, 0, 2, 1249.56
1570816456, 0, 0, 1130, 1130, 1, 6.48%, 0, 0, 2, 68.91
1570816461, 0, 0, 1132, 1132, 1, 6.48%, 0, 0, 2, 1035.54
1570816466, 0, 0, 1133, 1133, 1, 6.48%, 0, 0, 2, 106.57
1570816471, 0, 0, 1167, 1167, 1, 6.50%, 0, 0, 2, 994.72
1570816477, 0, 0, 1174, 1174, 1, 6.50%, 0, 0, 2, 909.27
1570816482, 0, 0, 1176, 1176, 1, 6.50%, 0, 0, 2, 750.29
1570816497, 0, 0, 1178, 1178, 1, 6.51%, 0, 0, 2, 629.46
1570816517, 0, 0, 1180, 1180, 1, 6.51%, 0, 0, 2, 656.58
1570816548, 0, 0, 1181, 1181, 1, 6.51%, 0, 0, 2, 633.36
1570816558, 0, 0, 1182, 1182, 1, 6.52%, 0, 0, 2, 633.76
1570816600, 0, 0, 1183, 1183, 1, 6.52%, 0, 0, 2, 636.77
1570816605, 0, 0, 1184, 1184, 1, 6.52%, 0, 0, 2, 637.71
1570816610, 0, 0, 1185, 1185, 1, 6.52%, 0, 0, 2, 638.43
1570816615, 0, 0, 1188, 1188, 1, 6.52%, 0, 0, 2, 639.77
1570816620, 0, 0, 1189, 1189, 1, 6.52%, 0, 0, 2, 637.71
1570816641, 0, 0, 1190, 1190, 1, 6.52%, 0, 0, 2, 628.43
1570816646, 0, 0, 1192, 1192, 1, 6.52%, 0, 0, 2, 624.22
1570816651, 0, 0, 1193, 1193, 1, 6.52%, 0, 0, 2, 624.62
1570816662, 0, 0, 1194, 1194, 1, 6.52%, 0, 0, 2, 621.56
1570816693, 0, 0, 1195, 1195, 1, 6.52%, 0, 0, 2, 636.24
1570816703, 0, 0, 1198, 1198, 1, 6.52%, 0, 0, 2, 45.36
1570816723, 0, 0, 1199, 1199, 1, 6.52%, 0, 0, 2, 1394.18
1570816749, 0, 0, 1200, 1200, 1, 6.52%, 0, 0, 2, 1788.62
1570816769, 0, 0, 1201, 1201, 1, 6.52%, 0, 0, 2, 1018.57
1570816800, 0, 0, 1202, 1202, 1, 6.52%, 0, 0, 2, 972.17
1570816846, 0, 0, 1203, 1203, 1, 6.52%, 0, 0, 2, 636.62
1570816913, 0, 0, 1204, 1204, 1, 6.52%, 0, 0, 2, 633.68
1570816944, 0, 0, 1205, 1205, 1, 6.52%, 0, 0, 2, 635.96
1570816990, 0, 0, 1206, 1206, 1, 6.53%, 0, 0, 2, 2298.75
1570817011, 0, 0, 1207, 1207, 1, 6.53%, 0, 0, 2, 783.31
1570817026, 0, 0, 1212, 1212, 1, 6.54%, 0, 0, 2, 658.21
1570817031, 0, 0, 1218, 1218, 1, 6.55%, 0, 0, 2, 692.87
1570817098, 0, 0, 1219, 1219, 1, 6.55%, 0, 0, 2, 633.36
1570817119, 0, 0, 1227, 1227, 1, 6.55%, 0, 0, 2, 746.54
1570817124, 0, 0, 1232, 1232, 1, 6.55%, 0, 0, 2, 660.66
1570817129, 0, 0, 1234, 1234, 1, 6.56%, 0, 0, 2, 610.50
1570817134, 0, 0, 1243, 1243, 1, 6.59%, 0, 0, 2, 796.23
1570817293, 0, 0, 1245, 1245, 1, 6.60%, 0, 0, 2, 577.11
1570817298, 0, 0, 1248, 1248, 1, 6.60%, 0, 0, 2, 784.92
1570817303, 0, 0, 1257, 1257, 1, 6.61%, 0, 0, 2, 705.00
1570817323, 0, 0, 1260, 1260, 1, 6.61%, 0, 0, 2, 813.10
1570817339, 0, 0, 1261, 1261, 1, 6.61%, 0, 0, 2, 644.97
1570817344, 0, 0, 1263, 1263, 1, 6.62%, 0, 0, 2, 730.31
1570817436, 0, 0, 1265, 1265, 1, 6.62%, 0, 0, 2, 700.98
1570817441, 0, 0, 1266, 1266, 1, 6.62%, 0, 0, 2, 1368.57
1570817447, 0, 0, 1271, 1271, 1, 6.62%, 0, 0, 2, 493.25
1570817467, 0, 0, 1304, 1304, 1, 6.66%, 0, 0, 2, 1317.62
1570817472, 0, 0, 1328, 1328, 1, 6.67%, 0, 0, 2, 1666.28
1570817477, 0, 0, 1348, 1348, 1, 6.69%, 0, 0, 2, 1756.80
1570817482, 0, 0, 1361, 1361, 1, 6.70%, 0, 0, 2, 1709.80
1570817487, 0, 31, 1364, 1352, 311, 6.70%, 0, 0, 2, 2626.19
1570817493, 0, 31, 1366, 1354, 311, 6.70%, 0, 0, 3, 2458.14
1570817513, 0, 31, 1368, 1356, 311, 6.70%, 0, 0, 3, 2430.23
1570817631, 0, 69, 1368, 1353, 312, 6.70%, 0, 0, 3, 1668.59
1570817708, 0, 69, 1369, 1354, 312, 6.70%, 0, 0, 3, 693.32
1570817939, 0, 69, 1370, 1355, 312, 6.70%, 0, 0, 3, 645.89
1570818253, 0, 69, 1371, 1356, 312, 6.70%, 0, 0, 3, 936.59
1570819156, 0, 69, 1372, 1357, 312, 6.70%, 0, 0, 3, 703.40
1570819290, 0, 69, 1375, 1360, 312, 6.70%, 0, 0, 3, 922.38
1570819295, 0, 69, 1388, 1373, 312, 6.71%, 0, 0, 3, 1548.93
1570819300, 0, 69, 1406, 1391, 312, 6.74%, 0, 0, 3, 1721.68
1570819305, 0, 69, 1420, 1405, 312, 6.76%, 0, 0, 3, 1770.99
1570819311, 0, 86, 1427, 1410, 313, 6.77%, 0, 0, 3, 1875.06
1570819388, 0, 86, 1428, 1411, 313, 6.77%, 0, 0, 3, 636.22
1570819393, 0, 86, 1430, 1413, 313, 6.77%, 0, 0, 3, 655.61
1570819408, 0, 86, 1431, 1414, 313, 6.77%, 0, 0, 3, 642.10
1570819614, 0, 86, 1432, 1415, 313, 6.84%, 0, 0, 3, 752.59
1570819901, 0, 86, 1433, 1416, 313, 6.84%, 0, 0, 3, 926.36
1570819942, 0, 86, 1434, 1417, 313, 6.84%, 0, 0, 3, 68.60
1570820225, 0, 86, 1435, 1418, 313, 6.84%, 0, 0, 3, 1046.05
1570820282, 0, 86, 1436, 1419, 313, 6.84%, 0, 0, 3, 252.79
1570820641, 0, 86, 1437, 1420, 313, 6.84%, 0, 0, 3, 749.35
1570820974, 0, 102, 1437, 1417, 312, 6.84%, 0, 0, 3, 1354.96
1570820984, 0, 102, 1438, 1418, 312, 6.84%, 0, 0, 3, 695.52
1570821052, 0, 102, 1440, 1420, 312, 6.84%, 0, 0, 3, 651.20
1570821057, 0, 102, 1443, 1423, 312, 6.84%, 0, 0, 3, 635.66
1570821067, 0, 102, 1444, 1424, 312, 6.84%, 0, 0, 3, 660.58
1570821241, 0, 102, 1445, 1425, 312, 6.84%, 0, 0, 3, 623.08
1570821575, 0, 102, 1446, 1426, 312, 6.84%, 0, 0, 3, 1400.57
1570821591, 0, 102, 1448, 1428, 312, 6.84%, 0, 0, 3, 778.88
1570821596, 0, 102, 1449, 1429, 312, 6.84%, 0, 0, 3, 136.29
1570821622, 0, 102, 1450, 1430, 312, 6.84%, 0, 0, 3, 69.31
1570822289, 0, 102, 1451, 1431, 312, 6.84%, 0, 0, 3, 746.69
1570822637, 0, 103, 1451, 1430, 311, 6.84%, 0, 0, 3, 1267.25
1570822648, 0, 103, 1452, 1431, 311, 6.84%, 0, 0, 3, 717.65
1570822720, 0, 103, 1455, 1434, 311, 6.84%, 0, 0, 3, 695.59
1570822735, 0, 103, 1456, 1435, 311, 6.85%, 0, 0, 3, 644.38
1570822812, 0, 103, 1457, 1436, 311, 6.85%, 0, 0, 3, 699.31
1570822935, 0, 103, 1458, 1437, 311, 6.85%, 0, 0, 3, 639.07
1570822956, 0, 103, 1459, 1438, 311, 6.85%, 0, 0, 3, 633.01
1570824301, 0, 103, 1460, 1439, 311, 6.85%, 0, 0, 3, 965.95
1570824306, 0, 115, 1460, 1438, 313, 6.85%, 0, 0, 3, 882.14
1570824311, 0, 115, 1461, 1439, 313, 6.85%, 0, 0, 3, 686.67
1570824383, 0, 115, 1462, 1440, 313, 6.85%, 0, 0, 3, 713.49
1570824475, 0, 115, 1463, 1441, 313, 6.85%, 0, 0, 3, 718.38
1570824907, 0, 115, 1464, 1442, 313, 6.85%, 0, 0, 3, 1230.74
1570825967, 0, 115, 1468, 1446, 313, 6.85%, 0, 0, 3, 1074.94
1570825972, 0, 115, 1487, 1465, 313, 6.85%, 0, 0, 3, 1663.35
1570825977, 0, 115, 1495, 1473, 313, 6.85%, 0, 0, 3, 1789.59
1570825982, 0, 115, 1506, 1484, 313, 6.86%, 0, 0, 3, 1800.25
1570825987, 0, 116, 1510, 1487, 316, 6.86%, 0, 0, 3, 1332.21
1570826065, 0, 116, 1511, 1488, 316, 6.86%, 0, 0, 3, 706.79
1570826302, 0, 116, 1512, 1489, 316, 6.86%, 0, 0, 3, 636.79
1570827638, 0, 116, 1513, 1490, 316, 6.86%, 0, 0, 3, 629.35
1570827653, 0, 118, 1514, 1490, 315, 6.86%, 0, 0, 3, 1142.81
1570827735, 0, 118, 1515, 1491, 315, 6.86%, 0, 0, 3, 687.79
1570827766, 0, 118, 1516, 1492, 315, 6.86%, 0, 0, 3, 631.08
1570827951, 0, 118, 1517, 1493, 315, 6.86%, 0, 0, 3, 644.12
1570829325, 0, 118, 1525, 1501, 315, 6.88%, 0, 0, 3, 1452.68
1570829330, 0, 118, 1532, 1508, 315, 6.88%, 0, 0, 3, 1755.83
1570829335, 0, 118, 1535, 1511, 315, 6.88%, 0, 0, 3, 1788.84
1570829341, 0, 123, 1540, 1515, 315, 6.89%, 0, 0, 3, 1882.09
1570829346, 0, 123, 1541, 1516, 315, 6.89%, 0, 0, 3, 899.91
1570829423, 0, 123, 1542, 1517, 315, 6.89%, 0, 0, 3, 671.82
1570829428, 0, 123, 1543, 1518, 315, 6.89%, 0, 0, 3, 584.05
1570829753, 0, 123, 1544, 1519, 315, 6.89%, 0, 0, 3, 634.57
1570830051, 0, 123, 1545, 1520, 315, 6.89%, 0, 0, 3, 686.21
1570831009, 0, 163, 1545, 1515, 312, 6.89%, 0, 0, 3, 2125.40
1570831014, 0, 176, 1545, 1511, 308, 6.89%, 0, 0, 3, 1710.56
1570831024, 0, 176, 1548, 1514, 308, 6.89%, 0, 0, 3, 703.04
1570831091, 0, 176, 1550, 1516, 308, 6.89%, 0, 0, 3, 652.42
1570831203, 0, 176, 1551, 1517, 308, 6.90%, 0, 0, 3, 634.57
1570831281, 0, 176, 1552, 1518, 308, 6.90%, 0, 0, 3, 618.41
1570831352, 0, 176, 1553, 1519, 308, 6.90%, 0, 0, 3, 634.44
1570831605, 0, 176, 1554, 1520, 308, 6.90%, 0, 0, 3, 775.88
1570831718, 0, 176, 1555, 1521, 308, 6.90%, 0, 0, 3, 892.00
1570832237, 0, 176, 1556, 1522, 308, 6.90%, 0, 0, 3, 652.87
1570832555, 0, 176, 1560, 1526, 308, 6.91%, 0, 0, 3, 727.10
1570832679, 0, 176, 1564, 1530, 308, 6.91%, 0, 0, 3, 1227.59
1570832684, 0, 176, 1572, 1538, 308, 6.91%, 0, 0, 3, 1654.71
1570832689, 0, 176, 1577, 1543, 308, 6.91%, 0, 0, 3, 1849.69
1570832694, 0, 176, 1585, 1551, 308, 6.91%, 0, 0, 3, 1803.13
1570832699, 0, 184, 1585, 1550, 311, 6.91%, 0, 0, 3, 1120.19
1570832710, 0, 184, 1586, 1551, 311, 6.91%, 0, 0, 3, 670.33
1570832787, 0, 184, 1587, 1552, 311, 6.91%, 0, 0, 3, 629.50
1570832890, 0, 184, 1588, 1553, 311, 6.91%, 0, 0, 3, 671.83
1570833044, 0, 184, 1589, 1554, 311, 6.91%, 0, 0, 3, 844.46
1570833285, 0, 184, 1591, 1556, 311, 6.91%, 0, 0, 3, 1080.35
1570833599, 0, 184, 1593, 1558, 311, 6.91%, 0, 0, 3, 1310.60
1570834364, 0, 184, 1599, 1564, 311, 6.91%, 0, 0, 3, 1274.75
1570834369, 0, 184, 1605, 1570, 311, 6.91%, 0, 0, 3, 1691.73
1570834374, 0, 184, 1607, 1572, 311, 6.91%, 0, 0, 3, 1827.46
1570834379, 0, 184, 1615, 1580, 311, 6.94%, 0, 0, 3, 1754.50
1570834385, 0, 192, 1616, 1578, 303, 6.94%, 0, 0, 3, 1464.76
1570835089, 0, 192, 1617, 1579, 303, 6.94%, 0, 0, 3, 681.12
1570836049, 0, 196, 1617, 1576, 301, 6.94%, 0, 0, 3, 1752.50
1570836054, 0, 214, 1617, 1573, 298, 6.94%, 0, 0, 3, 1401.48
1570836059, 0, 214, 1618, 1574, 298, 6.94%, 0, 0, 3, 809.29
1570836064, 0, 214, 1620, 1576, 298, 6.95%, 0, 0, 3, 694.47
1570836069, 0, 214, 1621, 1577, 298, 6.95%, 0, 0, 3, 646.75
1570836131, 0, 214, 1622, 1578, 298, 6.95%, 0, 0, 3, 691.96
1570836136, 0, 214, 1626, 1582, 298, 6.95%, 0, 0, 3, 648.25
1570836157, 0, 214, 1629, 1585, 298, 6.96%, 0, 0, 3, 649.03
1570836224, 0, 214, 1630, 1586, 298, 6.96%, 0, 0, 3, 704.86
1570836408, 0, 214, 1632, 1588, 298, 6.96%, 0, 0, 3, 646.13
1570836665, 0, 214, 1633, 1589, 298, 6.97%, 0, 0, 3, 173.91
1570836675, 0, 214, 1635, 1591, 298, 6.97%, 0, 0, 3, 151.53
1570837600, 0, 214, 1636, 1592, 298, 6.97%, 0, 0, 3, 671.21
1570837719, 0, 236, 1636, 1589, 304, 6.97%, 0, 0, 3, 1846.65
1570837800, 0, 236, 1637, 1590, 304, 6.97%, 0, 0, 3, 693.94
1570837805, 0, 236, 1638, 1591, 304, 6.97%, 0, 0, 3, 624.60
1570837831, 0, 236, 1639, 1592, 304, 6.97%, 0, 0, 3, 634.62
1570837908, 0, 236, 1640, 1593, 304, 6.97%, 0, 0, 3, 647.55
1570838179, 0, 236, 1641, 1594, 304, 6.97%, 0, 0, 3, 627.34
1570838374, 0, 236, 1642, 1595, 304, 6.97%, 0, 0, 3, 109.12
1570839042, 0, 236, 1643, 1596, 304, 6.97%, 0, 0, 3, 917.41
1570839391, 0, 237, 1643, 1595, 305, 6.97%, 0, 0, 3, 913.49
1570839406, 0, 237, 1644, 1596, 305, 6.97%, 0, 0, 3, 635.54
1570839667, 0, 237, 1645, 1597, 305, 6.97%, 0, 0, 3, 642.14
1570841060, 0, 237, 1647, 1599, 305, 6.97%, 0, 0, 3, 726.86
1570841065, 0, 246, 1647, 1598, 307, 6.97%, 0, 0, 3, 912.46
1570841081, 0, 246, 1648, 1599, 307, 6.97%, 0, 0, 3, 637.10
1570841142, 0, 246, 1649, 1600, 307, 6.97%, 0, 0, 3, 642.30
1570841445, 0, 246, 1650, 1601, 307, 6.98%, 0, 0, 3, 627.20
1570841656, 0, 246, 1652, 1603, 307, 6.98%, 0, 0, 3, 119.24
1570841713, 0, 246, 1653, 1604, 307, 6.98%, 0, 0, 3, 487.56
1570842277, 0, 246, 1654, 1605, 307, 6.99%, 0, 0, 3, 656.33
1570842734, 0, 255, 1654, 1603, 307, 6.99%, 0, 0, 3, 1578.87
1570842739, 0, 259, 1654, 1601, 306, 6.99%, 0, 0, 3, 1099.02
1570842760, 0, 259, 1655, 1602, 306, 6.99%, 0, 0, 3, 629.96
1570844412, 0, 266, 1655, 1599, 304, 6.99%, 0, 0, 3, 1113.94
1570844489, 0, 266, 1656, 1600, 304, 6.99%, 0, 0, 3, 663.91
1570844515, 0, 266, 1657, 1601, 304, 6.99%, 0, 0, 3, 652.56
1570844525, 0, 266, 1660, 1604, 304, 7.00%, 0, 0, 3, 633.67
1570844675, 0, 266, 1661, 1605, 304, 7.00%, 0, 0, 3, 708.17
1570844829, 0, 266, 1662, 1606, 304, 7.00%, 0, 0, 3, 632.57
1570845065, 0, 266, 1663, 1607, 304, 7.00%, 0, 0, 3, 204.72
1570845162, 0, 266, 1664, 1608, 304, 7.01%, 0, 0, 3, 632.49
1570846086, 0, 319, 1665, 1606, 304, 7.01%, 0, 0, 3, 1262.25
1570846096, 0, 319, 1666, 1607, 304, 7.01%, 0, 0, 3, 685.44
1570846132, 0, 319, 1668, 1609, 304, 7.01%, 0, 0, 3, 628.94
1570846142, 0, 319, 1669, 1610, 304, 7.01%, 0, 0, 3, 630.22
1570846147, 0, 319, 1672, 1613, 304, 7.01%, 0, 0, 3, 629.43
1570846152, 0, 319, 1673, 1614, 304, 7.01%, 0, 0, 3, 629.30
1570846235, 0, 319, 1674, 1615, 304, 7.01%, 0, 0, 3, 630.22
1570846240, 0, 319, 1675, 1616, 304, 7.01%, 0, 0, 3, 629.70
1570846266, 0, 319, 1676, 1617, 304, 7.01%, 0, 0, 3, 605.51
1570846271, 0, 319, 1677, 1618, 304, 7.01%, 0, 0, 3, 655.96
1570846358, 0, 319, 1678, 1619, 304, 7.01%, 0, 0, 3, 576.88
1570846363, 0, 319, 1679, 1620, 304, 7.01%, 0, 0, 3, 644.92
1570846378, 0, 319, 1680, 1621, 304, 7.01%, 0, 0, 3, 646.03
1570846691, 0, 319, 1681, 1622, 304, 7.01%, 0, 0, 3, 1191.42
1570846706, 0, 319, 1682, 1623, 304, 7.01%, 0, 0, 3, 175.19
1570847759, 0, 319, 1683, 1624, 304, 7.01%, 0, 0, 3, 749.98
1570847764, 0, 322, 1684, 1624, 302, 7.01%, 0, 0, 3, 1027.42
1570847826, 0, 322, 1685, 1625, 302, 7.01%, 0, 0, 3, 627.01
1570848012, 0, 322, 1686, 1626, 302, 7.01%, 0, 0, 3, 629.80
1570849444, 0, 336, 1687, 1624, 302, 7.01%, 0, 0, 3, 1688.79
1570849505, 0, 336, 1688, 1625, 302, 7.01%, 0, 0, 3, 628.99
1570849531, 0, 336, 1689, 1626, 302, 7.01%, 0, 0, 3, 609.38
1570850115, 0, 336, 1691, 1628, 302, 7.01%, 0, 0, 3, 889.44
1570851122, 0, 381, 1691, 1626, 300, 7.01%, 0, 0, 3, 970.30
1570852794, 0, 429, 1691, 1624, 298, 7.01%, 0, 0, 3, 1397.73
1570852799, 0, 453, 1692, 1623, 296, 7.05%, 0, 0, 3, 1202.33
1570852845, 0, 453, 1694, 1625, 296, 7.05%, 0, 0, 3, 655.88
1570852871, 0, 453, 1695, 1626, 296, 7.05%, 0, 0, 3, 634.78
1570852876, 0, 453, 1700, 1631, 296, 7.05%, 0, 0, 3, 652.22
1570852881, 0, 453, 1707, 1638, 296, 7.05%, 0, 0, 3, 597.09
1570852886, 0, 453, 1711, 1642, 296, 7.05%, 0, 0, 3, 704.53
1570852964, 0, 453, 1714, 1645, 296, 7.05%, 0, 0, 3, 674.93
1570852969, 0, 453, 1715, 1646, 296, 7.05%, 0, 0, 3, 646.84
1570852979, 0, 453, 1717, 1648, 296, 7.05%, 0, 0, 3, 675.65
1570853067, 0, 453, 1718, 1649, 296, 7.05%, 0, 0, 3, 668.83
1570853082, 0, 453, 1719, 1650, 296, 7.05%, 0, 0, 3, 646.48
1570853087, 0, 453, 1720, 1651, 296, 7.06%, 0, 0, 3, 674.04
1570853369, 0, 453, 1721, 1652, 296, 7.06%, 0, 0, 3, 994.74
1570853379, 0, 453, 1722, 1653, 296, 7.06%, 0, 0, 3, 1322.04
1570853441, 0, 453, 1729, 1660, 296, 7.06%, 0, 0, 3, 925.70
1570853446, 0, 453, 1730, 1661, 296, 7.06%, 0, 0, 3, 962.05
1570854261, 0, 453, 1731, 1662, 296, 7.06%, 0, 0, 3, 1773.05
1570854395, 0, 453, 1732, 1663, 296, 7.06%, 0, 0, 3, 669.01
1570854405, 0, 453, 1733, 1664, 296, 7.06%, 0, 0, 3, 628.75
1570854420, 0, 459, 1733, 1663, 304, 7.06%, 0, 0, 3, 895.03
1570854425, 0, 459, 1736, 1666, 304, 7.06%, 0, 0, 3, 681.51
1570854511, 0, 459, 1737, 1667, 304, 7.07%, 0, 0, 3, 673.91
1570854516, 0, 459, 1739, 1669, 304, 7.07%, 0, 0, 3, 633.00
1570854602, 0, 459, 1740, 1670, 304, 7.07%, 0, 0, 3, 636.00
1570854612, 0, 459, 1742, 1672, 304, 7.07%, 0, 0, 3, 642.47
1570854688, 0, 459, 1743, 1673, 304, 7.07%, 0, 0, 3, 631.45
1570854699, 0, 459, 1744, 1674, 304, 7.07%, 0, 0, 3, 640.62
1570854709, 0, 459, 1745, 1675, 304, 7.07%, 0, 0, 3, 620.28
1570854719, 0, 459, 1746, 1676, 304, 7.07%, 0, 0, 3, 624.90
1570854734, 0, 459, 1747, 1677, 304, 7.07%, 0, 0, 3, 628.18
1570854739, 0, 459, 1751, 1681, 304, 7.07%, 0, 0, 3, 622.92
1570855019, 0, 459, 1753, 1683, 304, 7.07%, 0, 0, 3, 1128.97
1570855034, 0, 459, 1754, 1684, 304, 7.07%, 0, 0, 3, 666.89
1570855111, 0, 459, 1756, 1686, 304, 7.07%, 0, 0, 3, 618.78
1570855645, 0, 459, 1757, 1687, 304, 7.07%, 0, 0, 3, 645.91
1570855752, 0, 459, 1758, 1688, 304, 7.07%, 0, 0, 3, 866.92
1570856092, 0, 459, 1759, 1689, 304, 7.07%, 0, 0, 3, 664.49
1570856117, 0, 470, 1759, 1686, 305, 7.07%, 0, 0, 3, 1493.99
1570856210, 0, 470, 1760, 1687, 305, 7.07%, 0, 0, 3, 594.91
1570856732, 0, 470, 1761, 1688, 305, 7.07%, 0, 0, 3, 879.42
1570857376, 0, 470, 1762, 1689, 305, 7.07%, 0, 0, 3, 677.51
1570857856, 0, 481, 1762, 1686, 303, 7.07%, 0, 0, 3, 1623.52
1570857937, 0, 481, 1764, 1688, 303, 7.07%, 0, 0, 3, 645.33
1570857942, 0, 481, 1766, 1690, 303, 7.07%, 0, 0, 3, 639.65
1570857953, 0, 481, 1767, 1691, 303, 7.07%, 0, 0, 3, 653.61
1570858160, 0, 481, 1768, 1692, 303, 7.07%, 0, 0, 3, 664.84
1570858464, 0, 481, 1769, 1693, 303, 7.07%, 0, 0, 3, 1302.16
1570859100, 0, 481, 1770, 1694, 303, 7.07%, 0, 0, 3, 618.99
1570859547, 0, 481, 1771, 1695, 303, 7.07%, 0, 0, 3, 1605.00
1570859572, 0, 481, 1772, 1696, 303, 7.07%, 0, 0, 3, 621.94
1570859582, 0, 502, 1773, 1693, 302, 7.07%, 0, 0, 3, 407.28
1570859603, 0, 502, 1775, 1695, 302, 7.07%, 0, 0, 3, 386.82
1570859608, 0, 502, 1779, 1699, 302, 7.07%, 0, 0, 3, 364.72
1570859613, 0, 502, 1780, 1700, 302, 7.07%, 0, 0, 3, 359.98
1570859618, 0, 502, 1783, 1703, 302, 7.07%, 0, 0, 3, 359.56
1570859623, 0, 502, 1785, 1705, 302, 7.07%, 0, 0, 3, 358.66
1570859684, 0, 502, 1786, 1706, 302, 7.07%, 0, 0, 3, 360.40
1570859695, 0, 502, 1787, 1707, 302, 7.07%, 0, 0, 3, 361.39
1570859720, 0, 502, 1790, 1710, 302, 7.07%, 0, 0, 3, 396.52
1570859725, 0, 502, 1793, 1713, 302, 7.07%, 0, 0, 3, 429.51
1570859730, 0, 502, 1795, 1715, 302, 7.07%, 0, 0, 3, 380.78
1570859740, 0, 502, 1801, 1721, 302, 7.07%, 0, 0, 3, 400.22
1570859745, 0, 502, 1803, 1723, 302, 7.07%, 0, 0, 3, 394.94
1570859761, 0, 502, 1805, 1725, 302, 7.07%, 0, 0, 3, 383.61
1570859766, 0, 502, 1811, 1731, 302, 7.07%, 0, 0, 3, 371.18
1570859771, 0, 502, 1812, 1732, 302, 7.07%, 0, 0, 3, 362.96
1570859776, 0, 502, 1813, 1733, 302, 7.07%, 0, 0, 3, 362.05
1570859781, 0, 502, 1814, 1734, 302, 7.07%, 0, 0, 3, 362.38
1570859883, 0, 502, 1816, 1736, 302, 7.07%, 0, 0, 3, 459.92
1570859888, 0, 502, 1817, 1737, 302, 7.07%, 0, 0, 3, 404.82
1570859893, 0, 502, 1818, 1738, 302, 7.07%, 0, 0, 3, 381.74
1570859924, 0, 502, 1819, 1739, 302, 7.07%, 0, 0, 3, 371.42
1570859929, 0, 502, 1820, 1740, 302, 7.07%, 0, 0, 3, 363.13
1570859934, 0, 502, 1821, 1741, 302, 7.07%, 0, 0, 3, 361.41
1570859939, 0, 502, 1822, 1742, 302, 7.07%, 0, 0, 3, 360.86
1570859990, 0, 502, 1824, 1744, 302, 7.07%, 0, 0, 3, 357.19
1570860006, 0, 502, 1825, 1745, 302, 7.08%, 0, 0, 3, 358.93
1570860036, 0, 502, 1826, 1746, 302, 7.08%, 0, 0, 3, 359.58
1570860046, 0, 502, 1827, 1747, 302, 7.08%, 0, 0, 3, 407.26
1570860052, 0, 502, 1828, 1748, 302, 7.08%, 0, 0, 3, 376.47
1570860057, 0, 502, 1829, 1749, 302, 7.08%, 0, 0, 3, 405.82
1570860062, 0, 502, 1830, 1750, 302, 7.08%, 0, 0, 3, 390.82
1570860093, 0, 502, 1831, 1751, 302, 7.08%, 0, 0, 3, 359.93
1570860098, 0, 502, 1832, 1752, 302, 7.08%, 0, 0, 3, 393.02
1570860205, 0, 502, 1833, 1753, 302, 7.08%, 0, 0, 3, 393.11
1570860210, 0, 502, 1834, 1754, 302, 7.08%, 0, 0, 3, 367.16
1570860220, 0, 502, 1838, 1758, 302, 7.08%, 0, 0, 3, 403.11
1570860225, 0, 502, 1840, 1760, 302, 7.08%, 0, 0, 3, 369.58
1570860230, 0, 502, 1843, 1763, 302, 7.08%, 0, 0, 3, 362.44
1570860235, 0, 502, 1845, 1765, 302, 7.08%, 0, 0, 3, 357.59
1570860241, 0, 502, 1846, 1766, 302, 7.08%, 0, 0, 3, 356.82
1570860246, 0, 502, 1848, 1768, 302, 7.08%, 0, 0, 3, 359.97
1570860256, 0, 502, 1849, 1769, 302, 7.08%, 0, 0, 3, 360.62
1570860261, 0, 502, 1850, 1770, 302, 7.08%, 0, 0, 3, 360.65
1570860292, 0, 502, 1851, 1771, 302, 7.08%, 0, 0, 3, 358.87
1570860297, 0, 502, 1853, 1773, 302, 7.08%, 0, 0, 3, 358.00
1570860317, 0, 502, 1855, 1775, 302, 7.08%, 0, 0, 3, 358.49
1570860322, 0, 502, 1857, 1777, 302, 7.08%, 0, 0, 3, 360.76
1570860343, 0, 502, 1859, 1779, 302, 7.08%, 0, 0, 3, 358.02
1570860695, 0, 502, 1860, 1780, 302, 7.08%, 0, 0, 3, 360.86
1570860929, 0, 502, 1862, 1782, 302, 7.08%, 0, 0, 3, 763.38
1570860934, 0, 502, 1863, 1783, 302, 7.08%, 0, 0, 3, 557.71
1570860940, 0, 502, 1866, 1786, 302, 7.08%, 0, 0, 3, 455.00
1570860960, 0, 502, 1867, 1787, 302, 7.08%, 0, 0, 3, 363.18
1570860970, 0, 502, 1868, 1788, 302, 7.08%, 0, 0, 3, 1237.62
1570861027, 0, 502, 1869, 1789, 302, 7.08%, 0, 0, 3, 428.53
1570861124, 0, 502, 1870, 1790, 302, 7.08%, 0, 0, 3, 382.35
1570861129, 0, 502, 1871, 1791, 302, 7.08%, 0, 0, 3, 365.17
1570861201, 0, 502, 1872, 1792, 302, 7.08%, 0, 0, 3, 359.00
1570861211, 0, 502, 1874, 1794, 302, 7.08%, 0, 0, 3, 361.31
1570861691, 0, 502, 1875, 1795, 302, 7.08%, 0, 0, 3, 360.32
1570861763, 0, 502, 1876, 1796, 302, 7.10%, 0, 0, 3, 358.35
1570862755, 0, 502, 1877, 1797, 302, 7.10%, 0, 0, 3, 464.72
1570862949, 0, 502, 1878, 1798, 302, 7.10%, 0, 0, 3, 415.17
1570862954, 0, 502, 1879, 1799, 302, 7.10%, 0, 0, 3, 403.60
1570863465, 0, 502, 1880, 1800, 302, 7.10%, 0, 0, 3, 357.62
1570863771, 0, 502, 1881, 1801, 302, 7.10%, 0, 0, 3, 824.31
1570863776, 0, 502, 1882, 1802, 302, 7.10%, 0, 0, 3, 869.50
1570863781, 0, 502, 1883, 1803, 302, 7.10%, 0, 0, 3, 611.42
1570863823, 0, 502, 1884, 1804, 302, 7.10%, 0, 0, 3, 675.54
1570863828, 0, 502, 1894, 1814, 302, 7.10%, 0, 0, 3, 1265.04
1570863833, 0, 502, 1900, 1820, 302, 7.10%, 0, 0, 3, 1362.34
1570863838, 0, 502, 1907, 1827, 302, 7.10%, 0, 0, 3, 1398.49
1570863843, 0, 537, 1908, 1822, 311, 7.10%, 0, 0, 3, 2479.14
1570863848, 0, 565, 1908, 1819, 308, 7.10%, 0, 0, 3, 1470.06
1570863858, 0, 565, 1911, 1822, 308, 7.10%, 0, 0, 3, 671.61
1570863900, 0, 565, 1913, 1824, 308, 7.10%, 0, 0, 3, 609.88
1570863931, 0, 565, 1916, 1827, 308, 7.10%, 0, 0, 3, 664.62
1570863936, 0, 565, 1920, 1831, 308, 7.10%, 0, 0, 3, 590.42
1570864028, 0, 565, 1921, 1832, 308, 7.10%, 0, 0, 3, 639.29
1570864537, 0, 565, 1922, 1833, 308, 7.10%, 0, 0, 3, 950.78
1570865399, 0, 565, 1923, 1834, 308, 7.10%, 0, 0, 3, 709.41
1570865620, 0, 568, 1923, 1832, 309, 7.10%, 0, 0, 3, 1011.39
1570865630, 0, 568, 1926, 1835, 309, 7.11%, 0, 0, 3, 656.18
1570865701, 0, 568, 1927, 1836, 309, 7.11%, 0, 0, 3, 656.28
1570865979, 0, 568, 1928, 1837, 309, 7.11%, 0, 0, 3, 632.04
1570867355, 0, 577, 1928, 1836, 312, 7.11%, 0, 0, 3, 1310.16
1570867360, 0, 613, 1928, 1834, 310, 7.11%, 0, 0, 3, 1035.08
1570868018, 0, 613, 1929, 1835, 310, 7.11%, 0, 0, 3, 73.85
1570869077, 0, 613, 1933, 1839, 310, 7.11%, 0, 0, 3, 1359.75
1570869082, 0, 613, 1936, 1842, 310, 7.11%, 0, 0, 3, 1708.06
1570869087, 0, 613, 1940, 1846, 310, 7.11%, 0, 0, 3, 1746.30
1570869092, 0, 613, 1942, 1848, 310, 7.11%, 0, 0, 3, 1811.25
1570869098, 0, 626, 1942, 1847, 308, 7.11%, 0, 0, 3, 1061.72
1570869380, 0, 626, 1943, 1848, 308, 7.11%, 0, 0, 3, 604.20
1570869457, 0, 626, 1944, 1849, 308, 7.11%, 0, 0, 3, 669.40
1570869683, 0, 626, 1945, 1850, 308, 7.11%, 0, 0, 3, 895.27
1570869688, 0, 626, 1946, 1851, 308, 7.11%, 0, 0, 3, 1182.60
1570870781, 0, 709, 1947, 1849, 306, 7.11%, 0, 0, 3, 1372.50
1570871044, 0, 709, 1948, 1850, 306, 7.12%, 0, 0, 3, 703.50
1570871372, 0, 709, 1949, 1851, 306, 7.12%, 0, 0, 3, 1011.09
1570871382, 0, 709, 1950, 1852, 306, 7.12%, 0, 0, 3, 1477.23
1570872328, 0, 709, 1951, 1853, 306, 7.12%, 0, 0, 3, 638.74
1570872488, 0, 722, 1951, 1852, 309, 7.12%, 0, 0, 3, 1129.26
1570872662, 0, 722, 1952, 1853, 309, 7.12%, 0, 0, 3, 640.42
1570872760, 0, 722, 1953, 1854, 309, 7.12%, 0, 0, 3, 673.07
1570874193, 0, 722, 1957, 1858, 309, 7.12%, 0, 0, 3, 1625.89
1570874199, 0, 723, 1957, 1857, 307, 7.12%, 0, 0, 3, 1676.43
1570874280, 0, 723, 1959, 1859, 307, 7.13%, 0, 0, 3, 707.27
1570874290, 0, 723, 1960, 1860, 307, 7.13%, 0, 0, 3, 598.27
1570874376, 0, 723, 1961, 1861, 307, 7.13%, 0, 0, 3, 665.76
1570874487, 0, 723, 1962, 1862, 307, 7.13%, 0, 0, 3, 603.88
1570874502, 0, 723, 1963, 1863, 307, 7.13%, 0, 0, 3, 805.37
1570874790, 0, 723, 1964, 1864, 307, 7.13%, 0, 0, 3, 1343.67
1570875936, 0, 723, 1965, 1865, 307, 7.13%, 0, 0, 3, 921.73
1570875942, 0, 753, 1967, 1865, 308, 7.13%, 0, 0, 3, 1090.33
1570876019, 0, 753, 1968, 1866, 308, 7.13%, 0, 0, 3, 690.26
1570876034, 0, 753, 1969, 1867, 308, 7.13%, 0, 0, 3, 648.15
1570876606, 0, 753, 1970, 1868, 308, 7.13%, 0, 0, 3, 904.77
1570877450, 0, 753, 1971, 1869, 308, 7.13%, 0, 0, 3, 872.90
1570877653, 0, 794, 1972, 1865, 300, 7.13%, 0, 0, 3, 1280.09
1570877730, 0, 794, 1973, 1866, 300, 7.13%, 0, 0, 3, 665.55
1570877740, 0, 794, 1974, 1867, 300, 7.13%, 0, 0, 3, 603.26
1570877745, 0, 794, 1975, 1868, 300, 7.14%, 0, 0, 3, 667.82
1570879180, 0, 794, 1976, 1869, 300, 7.14%, 0, 0, 3, 914.92
1570879388, 0, 795, 1976, 1868, 303, 7.14%, 0, 0, 3, 1034.27
1570879393, 0, 795, 1977, 1869, 303, 7.14%, 0, 0, 3, 712.66
1570879470, 0, 795, 1978, 1870, 303, 7.14%, 0, 0, 3, 647.29
1570879475, 0, 795, 1979, 1871, 303, 7.14%, 0, 0, 3, 602.84
1570879578, 0, 795, 1980, 1872, 303, 7.14%, 0, 0, 3, 635.28
1570879699, 0, 795, 1981, 1873, 303, 7.14%, 0, 0, 3, 636.90
1570880928, 0, 795, 1983, 1875, 303, 7.14%, 0, 0, 3, 689.93
1570881131, 0, 797, 1983, 1874, 300, 7.14%, 0, 0, 3, 1226.38
1570881218, 0, 797, 1984, 1875, 300, 7.14%, 0, 0, 3, 593.26
1570882884, 0, 799, 1984, 1874, 301, 7.14%, 0, 0, 3, 845.80
1570883584, 0, 799, 1985, 1875, 301, 7.14%, 0, 0, 3, 626.82
1570884633, 0, 805, 1985, 1873, 300, 7.14%, 0, 0, 3, 1541.19
1570884831, 0, 805, 1986, 1874, 300, 7.14%, 0, 0, 3, 654.98
1570884978, 0, 805, 1987, 1875, 300, 7.14%, 0, 0, 3, 629.57
1570886386, 0, 807, 1987, 1873, 299, 7.14%, 0, 0, 3, 1266.26
1570888138, 0, 810, 1987, 1872, 298, 7.14%, 0, 0, 3, 973.37
1570888225, 0, 810, 1988, 1873, 298, 7.14%, 0, 0, 3, 591.93
1570889895, 0, 816, 1989, 1873, 299, 7.14%, 0, 0, 3, 1390.71
1570891651, 0, 817, 1991, 1874, 298, 7.14%, 0, 0, 3, 1527.15
1570893409, 0, 818, 1993, 1875, 298, 7.14%, 0, 0, 3, 1354.04
1570893420, 0, 818, 1994, 1876, 298, 7.14%, 0, 0, 3, 687.95
1570893597, 0, 818, 1995, 1877, 298, 7.14%, 0, 0, 3, 646.40
1570894041, 0, 818, 1996, 1878, 298, 7.14%, 0, 0, 3, 1155.14
1570895166, 0, 822, 1996, 1877, 298, 7.14%, 0, 0, 3, 1201.79
1570895594, 0, 822, 1998, 1879, 298, 7.17%, 0, 0, 3, 627.80
1570896920, 0, 823, 1998, 1878, 299, 7.17%, 0, 0, 3, 975.40
1570896941, 0, 823, 1999, 1879, 299, 7.18%, 0, 0, 3, 629.56
1570897001, 0, 823, 2000, 1880, 299, 7.18%, 0, 0, 3, 660.85
1570897198, 0, 823, 2001, 1881, 299, 7.19%, 0, 0, 3, 641.37
1570897350, 0, 823, 2002, 1882, 299, 7.19%, 0, 0, 3, 627.66
1570898531, 0, 823, 2004, 1884, 299, 7.24%, 0, 0, 3, 626.33
1570898678, 0, 836, 2004, 1883, 299, 7.24%, 0, 0, 3, 872.38
1570898759, 0, 836, 2009, 1888, 299, 7.24%, 0, 0, 3, 638.30
1570899345, 0, 836, 2010, 1889, 299, 7.24%, 0, 0, 3, 1059.75
1570900394, 0, 836, 2011, 1890, 299, 7.24%, 0, 0, 3, 883.37
1570900435, 0, 836, 2012, 1891, 299, 7.24%, 0, 0, 3, 1002.02
1570900440, 0, 845, 2013, 1891, 304, 7.24%, 0, 0, 3, 1265.89
1570900450, 0, 845, 2014, 1892, 304, 7.24%, 0, 0, 3, 667.25
1570900532, 0, 845, 2015, 1893, 304, 7.24%, 0, 0, 3, 581.51
1570900537, 0, 845, 2016, 1894, 304, 7.24%, 0, 0, 3, 636.92
1570900543, 0, 845, 2017, 1895, 304, 7.24%, 0, 0, 3, 606.51
1570900620, 0, 845, 2018, 1896, 304, 7.24%, 0, 0, 3, 663.26
1570900630, 0, 845, 2019, 1897, 304, 7.24%, 0, 0, 3, 661.70
1570901056, 0, 845, 2020, 1898, 304, 7.24%, 0, 0, 3, 1027.66
1570901687, 0, 845, 2021, 1899, 304, 7.24%, 0, 0, 3, 782.71
1570901800, 0, 845, 2023, 1901, 304, 7.24%, 0, 0, 3, 699.44
1570901815, 0, 845, 2024, 1902, 304, 7.24%, 0, 0, 3, 834.34
