# unix_time, cycles_done, cur_path, paths_total, pending_total, pending_favs, map_size, unique_crashes, unique_hangs, max_depth, execs_per_sec
1570642378, 0, 0, 1, 1, 1, 3.55%, 0, 0, 1, 727.27
1570642383, 0, 0, 98, 98, 1, 4.07%, 0, 0, 2, 888.51
1570642388, 0, 0, 200, 200, 1, 4.44%, 0, 0, 2, 853.98
1570642393, 0, 0, 255, 255, 1, 4.58%, 0, 0, 2, 802.24
1570642399, 0, 0, 270, 270, 1, 4.65%, 0, 0, 2, 784.59
1570642424, 0, 0, 280, 280, 1, 4.68%, 0, 0, 2, 778.72
1570642429, 0, 0, 308, 308, 1, 4.74%, 0, 0, 2, 775.52
1570642434, 0, 0, 347, 347, 1, 4.78%, 0, 0, 2, 772.35
1570642439, 0, 0, 348, 348, 1, 4.78%, 0, 0, 2, 764.93
1570642444, 0, 0, 355, 355, 1, 4.79%, 0, 0, 2, 762.82
1570642449, 0, 0, 538, 538, 1, 5.22%, 0, 0, 2, 831.63
1570642454, 0, 0, 645, 645, 1, 5.32%, 0, 0, 2, 653.64
1570642459, 0, 0, 713, 713, 1, 5.33%, 0, 0, 2, 618.78
1570642464, 0, 0, 794, 794, 1, 5.54%, 0, 0, 2, 775.30
1570642470, 0, 0, 801, 801, 1, 5.55%, 0, 0, 2, 754.25
1570642475, 0, 0, 816, 816, 1, 5.60%, 0, 0, 2, 761.80
1570642480, 0, 0, 820, 820, 1, 5.63%, 0, 0, 2, 729.78
1570642485, 0, 0, 823, 823, 1, 5.64%, 0, 0, 2, 722.87
1570642511, 0, 0, 824, 824, 1, 5.64%, 0, 0, 2, 691.92
1570642516, 0, 0, 825, 825, 1, 5.64%, 0, 0, 2, 693.19
1570642521, 0, 0, 826, 826, 1, 5.64%, 0, 0, 2, 695.00
1570642526, 0, 0, 827, 827, 1, 5.64%, 0, 0, 2, 695.06
1570642536, 0, 0, 858, 858, 1, 5.69%, 0, 0, 2, 759.35
1570642541, 0, 0, 886, 886, 1, 5.69%, 0, 0, 2, 644.92
1570642546, 0, 0, 904, 904, 1, 5.70%, 0, 0, 2, 664.07
1570642551, 0, 0, 915, 915, 1, 5.71%, 0, 0, 2, 690.40
1570642557, 0, 0, 918, 918, 1, 5.74%, 0, 0, 2, 701.40
1570642562, 0, 0, 919, 919, 1, 5.74%, 0, 0, 2, 662.29
1570642567, 0, 0, 922, 922, 1, 5.75%, 0, 0, 2, 644.61
1570642572, 0, 0, 923, 923, 1, 5.77%, 0, 0, 2, 642.16
1570642598, 0, 0, 924, 924, 1, 5.77%, 0, 0, 2, 642.75
1570642603, 0, 0, 925, 925, 1, 5.77%, 0, 0, 2, 635.53
1570642613, 0, 0, 926, 926, 1, 5.77%, 0, 0, 2, 636.54
1570642623, 0, 0, 927, 927, 1, 5.77%, 0, 0, 2, 633.47
1570642628, 0, 0, 941, 941, 1, 5.78%, 0, 0, 2, 708.66
1570642633, 0, 0, 949, 949, 1, 5.83%, 0, 0, 2, 598.95
1570642638, 0, 0, 958, 958, 1, 5.83%, 0, 0, 2, 778.57
1570642644, 0, 0, 961, 961, 1, 5.83%, 0, 0, 2, 675.57
1570642649, 0, 0, 962, 962, 1, 5.83%, 0, 0, 2, 652.61
1570642654, 0, 0, 969, 969, 1, 5.85%, 0, 0, 2, 642.18
1570642659, 0, 0, 978, 978, 1, 5.86%, 0, 0, 2, 656.44
1570642664, 0, 0, 992, 992, 1, 6.13%, 0, 0, 2, 750.30
1570642669, 0, 0, 1008, 1008, 1, 6.16%, 0, 0, 2, 738.63
1570642674, 0, 0, 1012, 1012, 1, 6.18%, 0, 0, 2, 658.53
1570642679, 0, 0, 1013, 1013, 1, 6.18%, 0, 0, 2, 634.70
1570642684, 0, 0, 1016, 1016, 1, 6.19%, 0, 0, 2, 636.22
1570642700, 0, 0, 1017, 1017, 1, 6.20%, 0, 0, 2, 634.82
1570642715, 0, 0, 1018, 1018, 1, 6.20%, 0, 0, 2, 701.70
1570642720, 0, 0, 1023, 1023, 1, 6.21%, 0, 0, 2, 649.28
1570642725, 0, 0, 1025, 1025, 1, 6.21%, 0, 0, 2, 708.70
1570642730, 0, 0, 1028, 1028, 1, 6.23%, 0, 0, 2, 650.71
1570642736, 0, 0, 1032, 1032, 1, 6.25%, 0, 0, 2, 639.91
1570642741, 0, 0, 1033, 1033, 1, 6.25%, 0, 0, 2, 633.47
1570642746, 0, 0, 1034, 1034, 1, 6.26%, 0, 0, 2, 634.12
1570642751, 0, 0, 1035, 1035, 1, 6.26%, 0, 0, 2, 634.84
1570642767, 0, 0, 1036, 1036, 1, 6.30%, 0, 0, 2, 635.30
1570642777, 0, 0, 1038, 1038, 1, 6.30%, 0, 0, 2, 636.44
1570642782, 0, 0, 1040, 1040, 1, 6.32%, 0, 0, 2, 636.48
1570642787, 0, 0, 1042, 1042, 1, 6.33%, 0, 0, 2, 637.11
1570642798, 0, 0, 1044, 1044, 1, 6.33%, 0, 0, 2, 637.35
1570642818, 0, 0, 1045, 1045, 1, 6.33%, 0, 0, 2, 636.84
1570642869, 0, 0, 1047, 1047, 1, 6.34%, 0, 0, 2, 635.25
1570642880, 0, 0, 1048, 1048, 1, 6.34%, 0, 0, 2, 633.03
1570642885, 0, 0, 1049, 1049, 1, 6.34%, 0, 0, 2, 635.22
1570642890, 0, 0, 1051, 1051, 1, 6.34%, 0, 0, 2, 635.10
1570642916, 0, 0, 1052, 1052, 1, 6.34%, 0, 0, 2, 633.30
1570642947, 0, 0, 1055, 1055, 1, 6.36%, 0, 0, 2, 672.97
1570642952, 0, 0, 1062, 1062, 1, 6.37%, 0, 0, 2, 1108.98
1570642957, 0, 0, 1070, 1070, 1, 6.37%, 0, 0, 2, 60.53
1570642962, 0, 0, 1086, 1086, 1, 6.45%, 0, 0, 2, 1015.46
1570642968, 0, 0, 1092, 1092, 1, 6.45%, 0, 0, 2, 1241.77
1570642973, 0, 0, 1098, 1098, 1, 6.46%, 0, 0, 2, 1830.45
1570642978, 0, 0, 1107, 1107, 1, 6.47%, 0, 0, 2, 145.26
1570642983, 0, 0, 1111, 1111, 1, 6.47%, 0, 0, 2, 1257.22
1570642988, 0, 0, 1118, 1118, 1, 6.47%, 0, 0, 2, 172.61
1570642993, 0, 0, 1122, 1122, 1, 6.48%, 0, 0, 2, 711.32
1570642999, 0, 0, 1125, 1125, 1, 6.48%, 0, 0, 2, 1254.57
1570643014, 0, 0, 1130, 1130, 1, 6.48%, 0, 0, 2, 132.53
1570643019, 0, 0, 1132, 1132, 1, 6.48%, 0, 0, 2, 1223.51
1570643024, 0, 0, 1134, 1134, 1, 6.48%, 0, 0, 2, 156.80
1570643029, 0, 0, 1135, 1135, 1, 6.48%, 0, 0, 2, 1061.03
1570643034, 0, 0, 1170, 1170, 1, 6.50%, 0, 0, 2, 834.79
1570643039, 0, 0, 1177, 1177, 1, 6.50%, 0, 0, 2, 930.00
1570643044, 0, 0, 1178, 1178, 1, 6.50%, 0, 0, 2, 710.33
1570643060, 0, 0, 1180, 1180, 1, 6.51%, 0, 0, 2, 635.64
1570643075, 0, 0, 1181, 1181, 1, 6.51%, 0, 0, 2, 711.19
1570643080, 0, 0, 1182, 1182, 1, 6.51%, 0, 0, 2, 652.15
1570643106, 0, 0, 1183, 1183, 1, 6.51%, 0, 0, 2, 637.88
1570643121, 0, 0, 1184, 1184, 1, 6.52%, 0, 0, 2, 631.30
1570643162, 0, 0, 1186, 1186, 1, 6.52%, 0, 0, 2, 631.01
1570643173, 0, 0, 1187, 1187, 1, 6.52%, 0, 0, 2, 636.54
1570643178, 0, 0, 1191, 1191, 1, 6.52%, 0, 0, 2, 634.09
1570643204, 0, 0, 1192, 1192, 1, 6.52%, 0, 0, 2, 634.62
1570643209, 0, 0, 1195, 1195, 1, 6.52%, 0, 0, 2, 634.84
1570643219, 0, 0, 1196, 1196, 1, 6.52%, 0, 0, 2, 634.45
1570643255, 0, 0, 1197, 1197, 1, 6.52%, 0, 0, 2, 636.32
1570643266, 0, 0, 1200, 1200, 1, 6.52%, 0, 0, 2, 985.00
1570643286, 0, 0, 1201, 1201, 1, 6.52%, 0, 0, 2, 154.60
1570643312, 0, 0, 1202, 1202, 1, 6.52%, 0, 0, 2, 1425.99
1570643332, 0, 0, 1203, 1203, 1, 6.52%, 0, 0, 2, 96.32
1570643363, 0, 0, 1204, 1204, 1, 6.52%, 0, 0, 2, 931.25
1570643404, 0, 0, 1205, 1205, 1, 6.52%, 0, 0, 2, 638.76
1570643476, 0, 0, 1206, 1206, 1, 6.52%, 0, 0, 2, 636.65
1570643507, 0, 0, 1207, 1207, 1, 6.52%, 0, 0, 2, 627.50
1570643553, 0, 0, 1208, 1208, 1, 6.53%, 0, 0, 2, 83.33
1570643574, 0, 0, 1209, 1209, 1, 6.53%, 0, 0, 2, 712.14
1570643590, 0, 0, 1215, 1215, 1, 6.54%, 0, 0, 2, 620.37
1570643595, 0, 0, 1220, 1220, 1, 6.55%, 0, 0, 2, 669.74
1570643656, 0, 0, 1221, 1221, 1, 6.55%, 0, 0, 2, 640.11
1570643677, 0, 0, 1224, 1224, 1, 6.55%, 0, 0, 2, 680.32
1570643682, 0, 0, 1231, 1231, 1, 6.55%, 0, 0, 2, 719.92
1570643687, 0, 0, 1234, 1234, 1, 6.55%, 0, 0, 2, 638.24
1570643692, 0, 0, 1244, 1244, 1, 6.59%, 0, 0, 2, 811.94
1570643852, 0, 0, 1247, 1247, 1, 6.60%, 0, 0, 2, 787.12
1570643857, 0, 0, 1250, 1250, 1, 6.60%, 0, 0, 2, 672.76
1570643862, 0, 0, 1260, 1260, 1, 6.61%, 0, 0, 2, 970.93
1570643868, 0, 0, 1261, 1261, 1, 6.61%, 0, 0, 2, 860.43
1570643888, 0, 0, 1264, 1264, 1, 6.61%, 0, 0, 2, 882.58
1570643898, 0, 0, 1265, 1265, 1, 6.61%, 0, 0, 2, 640.63
1570643903, 0, 0, 1267, 1267, 1, 6.62%, 0, 0, 2, 674.05
1570643996, 0, 0, 1268, 1268, 1, 6.62%, 0, 0, 2, 745.92
1570644001, 0, 0, 1269, 1269, 1, 6.62%, 0, 0, 2, 865.69
1570644006, 0, 0, 1271, 1271, 1, 6.62%, 0, 0, 2, 729.84
1570644011, 0, 0, 1273, 1273, 1, 6.62%, 0, 0, 2, 615.70
1570644026, 0, 0, 1292, 1292, 1, 6.65%, 0, 0, 2, 954.60
1570644031, 0, 0, 1327, 1327, 1, 6.66%, 0, 0, 2, 1624.79
1570644037, 0, 0, 1353, 1353, 1, 6.70%, 0, 0, 2, 1737.68
1570644042, 0, 0, 1370, 1370, 1, 6.71%, 0, 0, 2, 1783.31
1570644047, 0, 2, 1385, 1384, 340, 6.71%, 0, 0, 2, 2245.45
1570644052, 0, 2, 1396, 1395, 340, 6.77%, 0, 0, 3, 2626.55
1570644057, 0, 3, 1398, 1396, 348, 6.81%, 0, 0, 3, 2722.05
1570644062, 0, 6, 1398, 1394, 346, 6.81%, 0, 0, 3, 2735.11
1570644067, 0, 7, 1401, 1396, 345, 6.81%, 0, 0, 3, 2705.83
1570644073, 0, 8, 1402, 1396, 345, 6.81%, 0, 0, 3, 1385.03
1570644242, 0, 8, 1403, 1397, 345, 6.81%, 0, 0, 3, 689.47
1570644370, 0, 8, 1404, 1398, 345, 6.81%, 0, 0, 3, 824.78
1570645042, 0, 8, 1405, 1399, 345, 6.81%, 0, 0, 3, 1560.87
1570645731, 0, 8, 1417, 1411, 345, 6.82%, 0, 0, 3, 1520.41
1570645736, 0, 8, 1428, 1422, 345, 6.82%, 0, 0, 3, 1754.34
1570645741, 0, 8, 1439, 1433, 345, 6.89%, 0, 0, 3, 1860.69
1570645746, 0, 11, 1450, 1443, 346, 6.89%, 0, 0, 3, 2041.53
1570645767, 0, 11, 1451, 1444, 346, 6.89%, 0, 0, 3, 2137.97
1570645772, 0, 11, 1475, 1468, 346, 6.90%, 0, 0, 3, 2185.84
1570645777, 0, 11, 1477, 1470, 346, 6.90%, 0, 0, 3, 2162.34
1570645828, 0, 11, 1478, 1471, 346, 6.90%, 0, 0, 3, 2187.23
1570645833, 0, 11, 1480, 1473, 346, 6.90%, 0, 0, 3, 2181.10
1570645838, 0, 11, 1481, 1474, 346, 6.90%, 0, 0, 3, 2162.46
1570645880, 0, 11, 1482, 1475, 346, 6.90%, 0, 0, 3, 2238.80
1570645900, 0, 11, 1484, 1477, 346, 6.90%, 0, 0, 3, 2221.03
1570646059, 0, 11, 1486, 1479, 346, 6.90%, 0, 0, 3, 2237.56
1570646105, 0, 13, 1489, 1481, 347, 6.91%, 0, 0, 3, 2378.16
1570646110, 0, 13, 1491, 1483, 347, 6.91%, 0, 0, 3, 1057.41
1570646187, 0, 13, 1495, 1487, 347, 6.91%, 0, 0, 3, 687.33
1570646192, 0, 13, 1496, 1488, 347, 6.91%, 0, 0, 3, 614.27
1570646407, 0, 13, 1500, 1492, 347, 6.92%, 0, 0, 3, 803.80
1570647435, 0, 13, 1501, 1493, 347, 6.92%, 0, 0, 3, 711.91
1570647619, 0, 13, 1502, 1494, 347, 6.92%, 0, 0, 3, 800.00
1570647777, 0, 13, 1503, 1495, 347, 6.92%, 0, 0, 3, 635.60
1570647793, 0, 13, 1507, 1499, 347, 6.93%, 0, 0, 3, 774.64
1570647798, 0, 13, 1508, 1500, 347, 6.93%, 0, 0, 3, 680.64
1570647813, 0, 13, 1509, 1501, 347, 6.93%, 0, 0, 3, 598.04
1570647828, 0, 17, 1514, 1505, 350, 6.97%, 0, 0, 3, 837.60
1570647880, 0, 17, 1516, 1507, 350, 6.97%, 0, 0, 3, 637.37
1570647905, 0, 17, 1520, 1511, 350, 6.97%, 0, 0, 3, 690.09
1570647911, 0, 17, 1521, 1512, 350, 6.97%, 0, 0, 3, 611.48
1570647916, 0, 17, 1523, 1514, 350, 6.97%, 0, 0, 3, 693.24
1570648008, 0, 17, 1524, 1515, 350, 6.97%, 0, 0, 3, 679.05
1570648126, 0, 17, 1527, 1518, 350, 6.98%, 0, 0, 3, 780.46
1570649093, 0, 17, 1533, 1524, 350, 6.99%, 0, 0, 3, 633.19
1570649535, 0, 17, 1542, 1533, 350, 7.00%, 0, 0, 3, 1530.19
1570649540, 0, 17, 1558, 1549, 350, 7.06%, 0, 0, 3, 1724.37
1570649545, 0, 17, 1568, 1559, 350, 7.06%, 0, 0, 3, 1762.32
1570649550, 0, 21, 1577, 1567, 364, 7.06%, 0, 0, 3, 2068.23
1570649627, 0, 21, 1579, 1569, 364, 7.06%, 0, 0, 3, 2538.75
1570649642, 0, 22, 1580, 1569, 364, 7.06%, 0, 0, 3, 2549.35
1570649647, 0, 22, 1582, 1571, 364, 7.06%, 0, 0, 3, 2824.65
1570649652, 0, 23, 1583, 1571, 365, 7.06%, 0, 0, 3, 2544.72
1570649657, 0, 23, 1584, 1572, 365, 7.06%, 0, 0, 3, 2461.14
1570649683, 0, 23, 1587, 1575, 365, 7.06%, 0, 0, 3, 2513.69
1570649785, 0, 23, 1597, 1585, 365, 7.06%, 0, 0, 3, 2617.37
1570649790, 0, 30, 1600, 1587, 367, 7.06%, 0, 0, 3, 2691.12
1570649887, 0, 31, 1601, 1587, 366, 7.06%, 0, 0, 3, 2448.35
1570649913, 0, 31, 1602, 1588, 366, 7.06%, 0, 0, 3, 2399.51
1570650031, 0, 34, 1602, 1587, 365, 7.06%, 0, 0, 3, 1128.54
1570650036, 0, 34, 1603, 1588, 365, 7.06%, 0, 0, 3, 698.29
1570650051, 0, 34, 1604, 1589, 365, 7.06%, 0, 0, 3, 575.45
1570650086, 0, 34, 1605, 1590, 365, 7.06%, 0, 0, 3, 574.21
1570650102, 0, 34, 1606, 1591, 365, 7.06%, 0, 0, 3, 573.36
1570650112, 0, 34, 1607, 1592, 365, 7.06%, 0, 0, 3, 573.91
1570650117, 0, 34, 1614, 1599, 365, 7.06%, 0, 0, 3, 639.37
1570650122, 0, 34, 1615, 1600, 365, 7.06%, 0, 0, 3, 566.93
1570650127, 0, 34, 1624, 1609, 365, 7.07%, 0, 0, 3, 572.66
1570650132, 0, 34, 1627, 1612, 365, 7.07%, 0, 0, 3, 595.87
1570650218, 0, 34, 1630, 1615, 365, 7.07%, 0, 0, 3, 666.88
1570650223, 0, 34, 1631, 1616, 365, 7.07%, 0, 0, 3, 575.74
1570650228, 0, 34, 1634, 1619, 365, 7.07%, 0, 0, 3, 626.88
1570650313, 0, 34, 1636, 1621, 365, 7.07%, 0, 0, 3, 569.01
1570650319, 0, 34, 1638, 1623, 365, 7.07%, 0, 0, 3, 674.66
1570650329, 0, 34, 1640, 1625, 365, 7.07%, 0, 0, 3, 613.53
1570650344, 0, 34, 1641, 1626, 365, 7.07%, 0, 0, 3, 575.09
1570650668, 0, 34, 1643, 1628, 365, 7.07%, 0, 0, 3, 577.49
1570650688, 0, 34, 1644, 1629, 365, 7.08%, 0, 0, 3, 576.12
1570650693, 0, 34, 1648, 1633, 365, 7.08%, 0, 0, 3, 65.29
1570650698, 0, 34, 1650, 1635, 365, 7.08%, 0, 0, 3, 880.06
1570650703, 0, 34, 1652, 1637, 365, 7.08%, 0, 0, 3, 1218.51
1570650708, 0, 34, 1654, 1639, 365, 7.08%, 0, 0, 3, 131.04
1570650719, 0, 34, 1655, 1640, 365, 7.08%, 0, 0, 3, 1284.88
1570650724, 0, 34, 1656, 1641, 365, 7.08%, 0, 0, 3, 931.90
1570650729, 0, 34, 1658, 1643, 365, 7.08%, 0, 0, 3, 137.31
1570650775, 0, 34, 1659, 1644, 365, 7.08%, 0, 0, 3, 1166.73
1570650780, 0, 34, 1666, 1651, 365, 7.08%, 0, 0, 3, 921.45
1570650836, 0, 34, 1667, 1652, 365, 7.08%, 0, 0, 3, 575.03
1570651047, 0, 34, 1668, 1653, 365, 7.08%, 0, 0, 3, 1329.44
1570651134, 0, 34, 1669, 1654, 365, 7.08%, 0, 0, 3, 340.00
1570651360, 0, 34, 1670, 1655, 365, 7.08%, 0, 0, 3, 1130.61
1570651509, 0, 34, 1673, 1658, 365, 7.08%, 0, 0, 3, 784.04
1570651952, 0, 34, 1675, 1660, 365, 7.08%, 0, 0, 3, 599.23
1570651982, 0, 34, 1677, 1662, 365, 7.08%, 0, 0, 3, 782.10
1570651988, 0, 34, 1685, 1670, 365, 7.09%, 0, 0, 3, 1461.16
1570651993, 0, 34, 1693, 1678, 365, 7.09%, 0, 0, 3, 1673.63
1570651998, 0, 34, 1700, 1685, 365, 7.09%, 0, 0, 3, 1704.89
1570652003, 0, 35, 1706, 1690, 372, 7.10%, 0, 0, 3, 1702.62
1570652008, 0, 35, 1707, 1691, 372, 7.10%, 0, 0, 3, 878.32
1570652080, 0, 35, 1708, 1692, 372, 7.10%, 0, 0, 3, 622.29
1570652085, 0, 35, 1711, 1695, 372, 7.10%, 0, 0, 3, 669.70
1570652095, 0, 35, 1712, 1696, 372, 7.10%, 0, 0, 3, 680.25
1570653738, 0, 53, 1713, 1696, 372, 7.10%, 0, 0, 3, 1225.28
1570653821, 0, 53, 1714, 1697, 372, 7.10%, 0, 0, 3, 695.55
1570653913, 0, 53, 1715, 1698, 372, 7.10%, 0, 0, 3, 686.32
1570654356, 0, 53, 1716, 1699, 372, 7.10%, 0, 0, 3, 1381.16
1570655477, 0, 53, 1717, 1700, 372, 7.10%, 0, 0, 3, 647.69
1570655482, 0, 58, 1717, 1699, 372, 7.10%, 0, 0, 3, 1249.80
1570655565, 0, 58, 1719, 1701, 372, 7.10%, 0, 0, 3, 660.82
1570656084, 0, 58, 1720, 1702, 372, 7.10%, 0, 0, 3, 114.20
1570657233, 0, 69, 1720, 1701, 372, 7.10%, 0, 0, 3, 1066.37
1570657541, 0, 69, 1721, 1702, 372, 7.10%, 0, 0, 3, 644.82
1570657856, 0, 69, 1722, 1703, 372, 7.10%, 0, 0, 3, 66.91
1570658760, 0, 69, 1723, 1704, 372, 7.11%, 0, 0, 3, 665.98
1570658976, 0, 91, 1723, 1703, 372, 7.11%, 0, 0, 3, 847.29
1570659054, 0, 91, 1724, 1704, 372, 7.11%, 0, 0, 3, 711.07
1570659568, 0, 91, 1725, 1705, 372, 7.11%, 0, 0, 3, 1058.99
1570660708, 0, 96, 1725, 1704, 372, 7.11%, 0, 0, 3, 1283.89
1570660723, 0, 96, 1726, 1705, 372, 7.11%, 0, 0, 3, 648.04
1570660790, 0, 96, 1727, 1706, 372, 7.11%, 0, 0, 3, 693.45
1570662451, 0, 101, 1727, 1705, 372, 7.11%, 0, 0, 3, 1029.20
1570662461, 0, 101, 1728, 1706, 372, 7.11%, 0, 0, 3, 678.39
1570662528, 0, 101, 1729, 1707, 372, 7.11%, 0, 0, 3, 647.02
1570662533, 0, 101, 1730, 1708, 372, 7.11%, 0, 0, 3, 636.72
1570662564, 0, 101, 1731, 1709, 372, 7.11%, 0, 0, 3, 635.58
1570664196, 0, 102, 1731, 1708, 372, 7.11%, 0, 0, 3, 1256.98
1570664279, 0, 102, 1733, 1710, 372, 7.11%, 0, 0, 3, 657.92
1570664842, 0, 102, 1734, 1711, 372, 7.11%, 0, 0, 3, 622.29
1570665691, 0, 102, 1735, 1712, 372, 7.11%, 0, 0, 3, 113.70
1570665942, 0, 103, 1736, 1712, 372, 7.11%, 0, 0, 3, 914.50
1570665947, 0, 103, 1737, 1713, 372, 7.11%, 0, 0, 3, 692.55
1570666019, 0, 103, 1738, 1714, 372, 7.11%, 0, 0, 3, 713.64
1570666040, 0, 103, 1739, 1715, 372, 7.11%, 0, 0, 3, 681.06
1570666235, 0, 103, 1740, 1716, 372, 7.11%, 0, 0, 3, 642.38
1570667678, 0, 107, 1741, 1716, 373, 7.11%, 0, 0, 3, 1268.08
1570667792, 0, 107, 1742, 1717, 373, 7.11%, 0, 0, 3, 639.42
1570667869, 0, 107, 1743, 1718, 373, 7.11%, 0, 0, 3, 640.13
1570669415, 0, 112, 1744, 1718, 372, 7.11%, 0, 0, 3, 1450.17
1570669497, 0, 112, 1746, 1720, 372, 7.11%, 0, 0, 3, 694.63
1570669503, 0, 112, 1747, 1721, 372, 7.11%, 0, 0, 3, 609.98
1570669590, 0, 112, 1748, 1722, 372, 7.11%, 0, 0, 3, 668.20
1570669683, 0, 112, 1749, 1723, 372, 7.11%, 0, 0, 3, 640.43
1570671161, 0, 113, 1749, 1722, 372, 7.11%, 0, 0, 3, 826.64
1570671239, 0, 113, 1750, 1723, 372, 7.11%, 0, 0, 3, 686.31
1570671363, 0, 113, 1751, 1724, 372, 7.11%, 0, 0, 3, 636.78
1570672896, 0, 114, 1753, 1725, 372, 7.11%, 0, 0, 3, 1386.31
1570672984, 0, 114, 1754, 1726, 372, 7.11%, 0, 0, 3, 619.66
1570673004, 0, 114, 1755, 1727, 372, 7.11%, 0, 0, 3, 640.49
1570673215, 0, 114, 1756, 1728, 372, 7.12%, 0, 0, 3, 631.74
1570674640, 0, 114, 1758, 1730, 372, 7.12%, 0, 0, 3, 1305.17
1570674645, 0, 116, 1758, 1729, 372, 7.12%, 0, 0, 3, 955.33
1570674824, 0, 116, 1759, 1730, 372, 7.12%, 0, 0, 3, 754.27
1570676386, 0, 118, 1759, 1729, 371, 7.12%, 0, 0, 3, 1055.44
1570676464, 0, 118, 1760, 1730, 371, 7.12%, 0, 0, 3, 692.22
1570676680, 0, 118, 1761, 1731, 371, 7.12%, 0, 0, 3, 646.09
1570678131, 0, 123, 1761, 1730, 371, 7.12%, 0, 0, 3, 1035.40
1570678136, 0, 123, 1762, 1731, 371, 7.12%, 0, 0, 3, 720.57
1570678543, 0, 123, 1763, 1732, 371, 7.12%, 0, 0, 3, 636.37
1570678841, 0, 123, 1764, 1733, 371, 7.12%, 0, 0, 3, 666.66
1570679874, 0, 145, 1764, 1732, 370, 7.12%, 0, 0, 3, 1136.51
1570679879, 0, 145, 1765, 1733, 370, 7.12%, 0, 0, 3, 810.28
1570679966, 0, 145, 1766, 1734, 370, 7.12%, 0, 0, 3, 679.55
1570680459, 0, 145, 1767, 1735, 370, 7.12%, 0, 0, 3, 121.02
1570681619, 0, 148, 1767, 1734, 369, 7.12%, 0, 0, 3, 1020.56
1570681629, 0, 148, 1768, 1735, 369, 7.12%, 0, 0, 3, 674.99
1570681696, 0, 148, 1769, 1736, 369, 7.12%, 0, 0, 3, 649.84
1570681881, 0, 148, 1770, 1737, 369, 7.12%, 0, 0, 3, 704.11
1570683357, 0, 148, 1779, 1746, 369, 7.12%, 0, 0, 3, 1607.20
1570683362, 0, 148, 1783, 1750, 369, 7.12%, 0, 0, 3, 1757.27
1570683367, 0, 148, 1785, 1752, 369, 7.12%, 0, 0, 3, 1825.84
1570683372, 0, 149, 1789, 1755, 370, 7.12%, 0, 0, 3, 1536.36
1570685109, 0, 152, 1790, 1755, 371, 7.13%, 0, 0, 3, 1330.31
1570685191, 0, 152, 1791, 1756, 371, 7.13%, 0, 0, 3, 711.49
1570686851, 0, 161, 1792, 1756, 370, 7.13%, 0, 0, 3, 1090.10
1570686927, 0, 161, 1793, 1757, 370, 7.13%, 0, 0, 3, 665.19
1570686933, 0, 161, 1796, 1760, 370, 7.13%, 0, 0, 3, 657.95
1570686938, 0, 161, 1797, 1761, 370, 7.13%, 0, 0, 3, 602.12
1570687185, 0, 161, 1798, 1762, 370, 7.13%, 0, 0, 3, 635.04
1570687401, 0, 161, 1799, 1763, 370, 7.13%, 0, 0, 3, 626.83
1570688587, 0, 161, 1801, 1765, 370, 7.13%, 0, 0, 3, 999.30
1570688592, 0, 161, 1804, 1768, 370, 7.13%, 0, 0, 3, 1704.98
1570688597, 0, 161, 1807, 1771, 370, 7.13%, 0, 0, 3, 1829.87
1570688602, 0, 161, 1809, 1773, 370, 7.13%, 0, 0, 3, 1800.27
1570688607, 0, 162, 1810, 1773, 371, 7.13%, 0, 0, 3, 1371.80
1570688617, 0, 162, 1811, 1774, 371, 7.13%, 0, 0, 3, 695.27
1570690348, 0, 163, 1811, 1773, 370, 7.13%, 0, 0, 3, 901.16
1570690425, 0, 163, 1812, 1774, 370, 7.13%, 0, 0, 3, 705.49
1570692085, 0, 164, 1812, 1773, 369, 7.13%, 0, 0, 3, 1065.99
1570692167, 0, 164, 1814, 1775, 369, 7.13%, 0, 0, 3, 713.05
1570693827, 0, 165, 1815, 1775, 369, 7.13%, 0, 0, 3, 1404.26
1570693837, 0, 165, 1816, 1776, 369, 7.13%, 0, 0, 3, 704.77
1570694094, 0, 165, 1817, 1777, 369, 7.13%, 0, 0, 3, 648.64
1570695155, 0, 165, 1818, 1778, 369, 7.13%, 0, 0, 3, 723.86
1570695566, 0, 173, 1820, 1779, 368, 7.13%, 0, 0, 3, 1392.54
1570695577, 0, 173, 1821, 1780, 368, 7.13%, 0, 0, 3, 692.29
1570695587, 0, 173, 1822, 1781, 368, 7.13%, 0, 0, 3, 642.07
1570696784, 0, 173, 1823, 1782, 368, 7.13%, 0, 0, 3, 646.44
1570697304, 0, 175, 1823, 1781, 367, 7.13%, 0, 0, 3, 925.53
1570697381, 0, 175, 1824, 1782, 367, 7.13%, 0, 0, 3, 691.58
1570699047, 0, 176, 1824, 1781, 366, 7.13%, 0, 0, 3, 835.94
1570699052, 0, 176, 1826, 1783, 366, 7.13%, 0, 0, 3, 677.58
1570699124, 0, 176, 1827, 1784, 366, 7.13%, 0, 0, 3, 707.99
1570699330, 0, 176, 1828, 1785, 366, 7.13%, 0, 0, 3, 633.26
1570699381, 0, 176, 1829, 1786, 366, 7.14%, 0, 0, 3, 630.70
1570699741, 0, 176, 1830, 1787, 366, 7.14%, 0, 0, 3, 634.90
1570700265, 0, 176, 1831, 1788, 366, 7.14%, 0, 0, 3, 710.70
1570700584, 0, 176, 1834, 1791, 366, 7.14%, 0, 0, 3, 639.48
1570700779, 0, 178, 1835, 1791, 368, 7.14%, 0, 0, 3, 1208.25
1570700789, 0, 178, 1836, 1792, 368, 7.14%, 0, 0, 3, 691.04
1570702512, 0, 181, 1836, 1791, 367, 7.14%, 0, 0, 3, 1181.20
1570702528, 0, 181, 1837, 1792, 367, 7.14%, 0, 0, 3, 655.86
1570703154, 0, 181, 1838, 1793, 367, 7.14%, 0, 0, 3, 1057.51
1570704247, 0, 181, 1840, 1795, 367, 7.15%, 0, 0, 3, 1234.13
1570704252, 0, 184, 1840, 1794, 366, 7.15%, 0, 0, 3, 956.29
1570704263, 0, 184, 1841, 1795, 366, 7.15%, 0, 0, 3, 665.55
1570704443, 0, 184, 1842, 1796, 366, 7.15%, 0, 0, 3, 668.39
1570705146, 0, 184, 1843, 1797, 366, 7.15%, 0, 0, 3, 973.07
1570705988, 0, 187, 1844, 1797, 365, 7.15%, 0, 0, 3, 1081.79
1570705998, 0, 187, 1845, 1798, 365, 7.15%, 0, 0, 3, 679.68
1570706081, 0, 187, 1847, 1800, 365, 7.15%, 0, 0, 3, 660.20
1570707721, 0, 189, 1848, 1800, 363, 7.15%, 0, 0, 3, 1026.73
1570709453, 0, 191, 1848, 1799, 362, 7.15%, 0, 0, 3, 1566.16
1570709541, 0, 191, 1849, 1800, 362, 7.15%, 0, 0, 3, 2227.83
1570709800, 0, 192, 1849, 1799, 361, 7.15%, 0, 0, 3, 2386.99
1570710504, 0, 192, 1850, 1800, 361, 7.16%, 0, 0, 3, 703.84
1570711542, 0, 192, 1851, 1801, 361, 7.16%, 0, 0, 3, 763.33
1570711547, 0, 194, 1852, 1801, 361, 7.16%, 0, 0, 3, 1731.96
1570711900, 0, 195, 1852, 1800, 360, 7.16%, 0, 0, 3, 2235.30
1570711920, 0, 195, 1853, 1801, 360, 7.16%, 0, 0, 3, 2143.76
1570712248, 0, 195, 1854, 1802, 360, 7.16%, 0, 0, 3, 2395.75
1570712253, 0, 196, 1854, 1801, 359, 7.16%, 0, 0, 3, 1166.79
1570712330, 0, 196, 1855, 1802, 359, 7.16%, 0, 0, 3, 723.23
1570713994, 0, 196, 1859, 1806, 359, 7.16%, 0, 0, 3, 1496.98
1570713999, 0, 196, 1862, 1809, 359, 7.17%, 0, 0, 3, 1752.22
1570714004, 0, 196, 1865, 1812, 359, 7.17%, 0, 0, 3, 1860.49
1570714009, 0, 197, 1867, 1813, 360, 7.17%, 0, 0, 3, 2078.67
1570714362, 0, 202, 1867, 1812, 359, 7.17%, 0, 0, 3, 1879.73
1570714372, 0, 202, 1868, 1813, 359, 7.17%, 0, 0, 3, 711.38
1570714444, 0, 202, 1873, 1818, 359, 7.17%, 0, 0, 3, 659.15
1570714628, 0, 202, 1874, 1819, 359, 7.17%, 0, 0, 3, 668.32
1570714973, 0, 202, 1875, 1820, 359, 7.17%, 0, 0, 3, 1366.29
1570715593, 0, 202, 1876, 1821, 359, 7.17%, 0, 0, 3, 600.61
1570715686, 0, 202, 1877, 1822, 359, 7.17%, 0, 0, 3, 710.45
1570716086, 0, 202, 1878, 1823, 359, 7.17%, 0, 0, 3, 719.04
1570716122, 0, 204, 1878, 1822, 359, 7.17%, 0, 0, 3, 962.44
1570717624, 0, 204, 1879, 1823, 359, 7.17%, 0, 0, 3, 69.57
1570717871, 0, 206, 1880, 1823, 358, 7.17%, 0, 0, 3, 968.05
1570719617, 0, 209, 1880, 1822, 357, 7.17%, 0, 0, 3, 1289.84
1570719699, 0, 209, 1881, 1823, 357, 7.17%, 0, 0, 3, 655.37
1570720933, 0, 209, 1882, 1824, 357, 7.17%, 0, 0, 3, 762.54
1570721365, 0, 209, 1884, 1826, 357, 7.17%, 0, 0, 3, 960.00
1570721370, 0, 209, 1890, 1832, 357, 7.17%, 0, 0, 3, 1666.41
1570721375, 0, 209, 1893, 1835, 357, 7.17%, 0, 0, 3, 1792.02
1570721380, 0, 209, 1897, 1839, 357, 7.17%, 0, 0, 3, 1854.61
1570721385, 0, 212, 1898, 1839, 358, 7.17%, 0, 0, 3, 1366.92
1570721396, 0, 212, 1900, 1841, 358, 7.17%, 0, 0, 3, 695.79
1570721468, 0, 212, 1903, 1844, 358, 7.17%, 0, 0, 3, 634.44
1570721740, 0, 212, 1904, 1845, 358, 7.18%, 0, 0, 3, 638.64
1570721972, 0, 212, 1905, 1846, 358, 7.18%, 0, 0, 3, 959.26
1570723126, 0, 214, 1906, 1846, 358, 7.18%, 0, 0, 3, 1276.30
1570723132, 0, 214, 1907, 1847, 358, 7.18%, 0, 0, 3, 768.16
1570723137, 0, 214, 1908, 1848, 358, 7.18%, 0, 0, 3, 686.68
1570723142, 0, 214, 1909, 1849, 358, 7.18%, 0, 0, 3, 646.46
1570723204, 0, 214, 1910, 1850, 358, 7.18%, 0, 0, 3, 668.57
1570723209, 0, 214, 1912, 1852, 358, 7.18%, 0, 0, 3, 651.22
1570723229, 0, 214, 1915, 1855, 358, 7.19%, 0, 0, 3, 665.89
1570723481, 0, 214, 1918, 1858, 358, 7.20%, 0, 0, 3, 642.99
1570723739, 0, 214, 1919, 1859, 358, 7.21%, 0, 0, 3, 1249.99
1570724685, 0, 214, 1920, 1860, 358, 7.21%, 0, 0, 3, 682.24
1570724875, 0, 217, 1920, 1859, 367, 7.21%, 0, 0, 3, 953.79
1570726624, 0, 219, 1920, 1858, 366, 7.21%, 0, 0, 3, 1004.88
1570726639, 0, 219, 1921, 1859, 366, 7.21%, 0, 0, 3, 638.81
1570727245, 0, 219, 1922, 1860, 366, 7.21%, 0, 0, 3, 1420.56
1570728364, 0, 224, 1922, 1859, 365, 7.21%, 0, 0, 3, 1004.28
1570728390, 0, 224, 1923, 1860, 365, 7.21%, 0, 0, 3, 1957.00
1570728395, 0, 224, 1924, 1861, 365, 7.21%, 0, 0, 3, 2121.55
1570728743, 0, 224, 1925, 1862, 365, 7.21%, 0, 0, 3, 2255.33
1570728748, 0, 229, 1925, 1861, 364, 7.21%, 0, 0, 3, 1311.35
1570728759, 0, 229, 1926, 1862, 364, 7.21%, 0, 0, 3, 683.91
