# unix_time, cycles_done, cur_path, paths_total, pending_total, pending_favs, map_size, unique_crashes, unique_hangs, max_depth, execs_per_sec
1573479216, 0, 0, 1, 1, 1, 3.55%, 0, 0, 1, 727.27
1573479221, 0, 0, 89, 89, 1, 4.06%, 0, 0, 2, 855.11
1573479226, 0, 0, 184, 184, 1, 4.37%, 0, 0, 2, 764.47
1573479231, 0, 0, 244, 244, 1, 4.57%, 0, 0, 2, 767.65
1573479236, 0, 0, 265, 265, 1, 4.60%, 0, 0, 2, 747.73
1573479241, 0, 0, 270, 270, 1, 4.65%, 0, 0, 2, 744.65
1573479262, 0, 0, 271, 271, 1, 4.65%, 0, 0, 2, 742.62
1573479267, 0, 0, 280, 280, 1, 4.68%, 0, 0, 2, 742.02
1573479272, 0, 0, 327, 327, 1, 4.77%, 0, 0, 2, 743.03
1573479277, 0, 0, 348, 348, 1, 4.78%, 0, 0, 2, 736.60
1573479287, 0, 0, 392, 392, 1, 4.95%, 0, 0, 2, 703.76
1573479292, 0, 0, 570, 570, 1, 5.28%, 0, 0, 2, 759.77
1573479297, 0, 0, 663, 663, 1, 5.33%, 0, 0, 2, 661.70
1573479303, 0, 0, 731, 731, 1, 5.34%, 0, 0, 2, 641.17
1573479308, 0, 0, 798, 798, 1, 5.54%, 0, 0, 2, 749.15
1573479313, 0, 0, 809, 809, 1, 5.56%, 0, 0, 2, 737.17
1573479318, 0, 0, 821, 821, 1, 5.61%, 0, 0, 2, 748.43
1573479323, 0, 0, 826, 826, 1, 5.63%, 0, 0, 2, 736.47
1573479328, 0, 0, 827, 827, 1, 5.64%, 0, 0, 2, 735.26
1573479354, 0, 0, 828, 828, 1, 5.64%, 0, 0, 2, 738.04
1573479359, 0, 0, 830, 830, 1, 5.64%, 0, 0, 2, 738.12
1573479364, 0, 0, 831, 831, 1, 5.64%, 0, 0, 2, 731.82
1573479374, 0, 0, 857, 857, 1, 5.68%, 0, 0, 2, 800.49
1573479379, 0, 0, 890, 890, 1, 5.69%, 0, 0, 2, 724.88
1573479384, 0, 0, 915, 915, 1, 5.70%, 0, 0, 2, 773.48
1573479390, 0, 0, 920, 920, 1, 5.71%, 0, 0, 2, 755.69
1573479395, 0, 0, 921, 921, 1, 5.74%, 0, 0, 2, 781.32
1573479400, 0, 0, 923, 923, 1, 5.75%, 0, 0, 2, 747.81
1573479405, 0, 0, 927, 927, 1, 5.77%, 0, 0, 2, 740.04
1573479431, 0, 0, 929, 929, 1, 5.77%, 0, 0, 2, 738.88
1573479441, 0, 0, 930, 930, 1, 5.77%, 0, 0, 2, 738.39
1573479452, 0, 0, 937, 937, 1, 5.77%, 0, 0, 2, 716.71
1573479457, 0, 0, 950, 950, 1, 5.83%, 0, 0, 2, 740.30
1573479462, 0, 0, 959, 959, 1, 5.83%, 0, 0, 2, 687.46
1573479467, 0, 0, 969, 969, 1, 5.83%, 0, 0, 2, 753.74
1573479477, 0, 0, 977, 977, 1, 5.85%, 0, 0, 2, 737.85
1573479482, 0, 0, 986, 986, 1, 5.86%, 0, 0, 2, 749.15
1573479487, 0, 0, 1003, 1003, 1, 6.16%, 0, 0, 2, 867.20
1573479492, 0, 0, 1016, 1016, 1, 6.16%, 0, 0, 2, 803.42
1573479497, 0, 0, 1019, 1019, 1, 6.18%, 0, 0, 2, 744.42
1573479502, 0, 0, 1022, 1022, 1, 6.19%, 0, 0, 2, 727.32
1573479518, 0, 0, 1023, 1023, 1, 6.20%, 0, 0, 2, 727.82
1573479533, 0, 0, 1027, 1027, 1, 6.21%, 0, 0, 2, 767.90
1573479538, 0, 0, 1031, 1031, 1, 6.21%, 0, 0, 2, 779.88
1573479543, 0, 0, 1034, 1034, 1, 6.23%, 0, 0, 2, 750.89
1573479549, 0, 0, 1038, 1038, 1, 6.25%, 0, 0, 2, 734.51
1573479554, 0, 0, 1039, 1039, 1, 6.25%, 0, 0, 2, 737.33
1573479559, 0, 0, 1041, 1041, 1, 6.26%, 0, 0, 2, 729.87
1573479574, 0, 0, 1042, 1042, 1, 6.30%, 0, 0, 2, 738.27
1573479584, 0, 0, 1044, 1044, 1, 6.30%, 0, 0, 2, 739.66
1573479589, 0, 0, 1048, 1048, 1, 6.33%, 0, 0, 2, 742.31
1573479600, 0, 0, 1050, 1050, 1, 6.33%, 0, 0, 2, 718.40
1573479620, 0, 0, 1051, 1051, 1, 6.33%, 0, 0, 2, 716.76
1573479667, 0, 0, 1053, 1053, 1, 6.34%, 0, 0, 2, 694.52
1573479672, 0, 0, 1054, 1054, 1, 6.34%, 0, 0, 2, 692.72
1573479677, 0, 0, 1055, 1055, 1, 6.34%, 0, 0, 2, 693.14
1573479687, 0, 0, 1057, 1057, 1, 6.34%, 0, 0, 2, 689.23
1573479708, 0, 0, 1058, 1058, 1, 6.34%, 0, 0, 2, 690.11
1573479739, 0, 0, 1061, 1061, 1, 6.36%, 0, 0, 2, 724.86
1573479744, 0, 0, 1070, 1070, 1, 6.37%, 0, 0, 2, 932.32
1573479749, 0, 0, 1078, 1078, 1, 6.45%, 0, 0, 2, 1490.42
1573479754, 0, 0, 1089, 1089, 1, 6.45%, 0, 0, 2, 1036.99
1573479760, 0, 0, 1097, 1097, 1, 6.46%, 0, 0, 2, 1182.65
1573479765, 0, 0, 1106, 1106, 1, 6.47%, 0, 0, 2, 107.95
1573479770, 0, 0, 1109, 1109, 1, 6.47%, 0, 0, 2, 1301.02
1573479775, 0, 0, 1110, 1110, 1, 6.47%, 0, 0, 2, 1369.36
1573479780, 0, 0, 1120, 1120, 1, 6.47%, 0, 0, 2, 1077.22
1573479785, 0, 0, 1121, 1121, 1, 6.48%, 0, 0, 2, 1345.43
1573479790, 0, 0, 1125, 1125, 1, 6.48%, 0, 0, 2, 94.10
1573479801, 0, 0, 1130, 1130, 1, 6.48%, 0, 0, 2, 179.03
1573479811, 0, 0, 1134, 1134, 1, 6.48%, 0, 0, 2, 68.54
1573479821, 0, 0, 1137, 1137, 1, 6.49%, 0, 0, 2, 1018.24
1573479827, 0, 0, 1176, 1176, 1, 6.50%, 0, 0, 2, 880.58
1573479832, 0, 0, 1178, 1178, 1, 6.50%, 0, 0, 2, 850.83
1573479847, 0, 0, 1179, 1179, 1, 6.51%, 0, 0, 2, 644.11
1573479853, 0, 0, 1180, 1180, 1, 6.51%, 0, 0, 2, 638.01
1573479868, 0, 0, 1182, 1182, 1, 6.51%, 0, 0, 2, 677.15
1573479898, 0, 0, 1183, 1183, 1, 6.51%, 0, 0, 2, 637.07
1573479909, 0, 0, 1184, 1184, 1, 6.52%, 0, 0, 2, 644.72
1573479950, 0, 0, 1185, 1185, 1, 6.52%, 0, 0, 2, 640.43
1573479955, 0, 0, 1186, 1186, 1, 6.52%, 0, 0, 2, 634.66
1573479965, 0, 0, 1189, 1189, 1, 6.52%, 0, 0, 2, 641.71
1573479970, 0, 0, 1191, 1191, 1, 6.52%, 0, 0, 2, 638.30
1573479996, 0, 0, 1194, 1194, 1, 6.52%, 0, 0, 2, 642.23
1573480001, 0, 0, 1195, 1195, 1, 6.52%, 0, 0, 2, 640.58
1573480011, 0, 0, 1196, 1196, 1, 6.52%, 0, 0, 2, 642.44
1573480042, 0, 0, 1197, 1197, 1, 6.52%, 0, 0, 2, 644.91
1573480052, 0, 0, 1200, 1200, 1, 6.52%, 0, 0, 2, 641.61
1573480073, 0, 0, 1201, 1201, 1, 6.52%, 0, 0, 2, 1417.84
1573480098, 0, 0, 1202, 1202, 1, 6.52%, 0, 0, 2, 1773.70
1573480119, 0, 0, 1204, 1204, 1, 6.52%, 0, 0, 2, 828.77
1573480150, 0, 0, 1205, 1205, 1, 6.52%, 0, 0, 2, 984.37
1573480191, 0, 0, 1206, 1206, 1, 6.52%, 0, 0, 2, 643.08
1573480262, 0, 0, 1207, 1207, 1, 6.52%, 0, 0, 2, 643.61
1573480293, 0, 0, 1208, 1208, 1, 6.52%, 0, 0, 2, 644.33
1573480340, 0, 0, 1209, 1209, 1, 6.53%, 0, 0, 2, 98.90
1573480361, 0, 0, 1210, 1210, 1, 6.53%, 0, 0, 2, 720.99
1573480376, 0, 0, 1216, 1216, 1, 6.54%, 0, 0, 2, 616.52
1573480381, 0, 0, 1221, 1221, 1, 6.55%, 0, 0, 2, 674.93
1573480443, 0, 0, 1222, 1222, 1, 6.55%, 0, 0, 2, 644.93
1573480463, 0, 0, 1227, 1227, 1, 6.55%, 0, 0, 2, 708.88
1573480468, 0, 0, 1232, 1232, 1, 6.55%, 0, 0, 2, 1040.33
1573480473, 0, 0, 1236, 1236, 1, 6.56%, 0, 0, 2, 915.42
1573480478, 0, 0, 1246, 1246, 1, 6.59%, 0, 0, 2, 912.69
1573480637, 0, 0, 1249, 1249, 1, 6.60%, 0, 0, 2, 800.39
1573480642, 0, 0, 1252, 1252, 1, 6.60%, 0, 0, 2, 800.21
1573480647, 0, 0, 1258, 1258, 1, 6.61%, 0, 0, 2, 854.94
1573480673, 0, 0, 1261, 1261, 1, 6.61%, 0, 0, 2, 1133.15
1573480683, 0, 0, 1262, 1262, 1, 6.61%, 0, 0, 2, 664.66
1573480688, 0, 0, 1264, 1264, 1, 6.62%, 0, 0, 2, 743.53
1573480780, 0, 0, 1266, 1266, 1, 6.62%, 0, 0, 2, 713.19
1573480791, 0, 0, 1270, 1270, 1, 6.62%, 0, 0, 2, 670.58
1573480806, 0, 0, 1273, 1273, 1, 6.63%, 0, 0, 2, 618.94
1573480811, 0, 0, 1310, 1310, 1, 6.70%, 0, 0, 2, 1391.89
1573480816, 0, 0, 1337, 1337, 1, 6.71%, 0, 0, 2, 1645.78
1573480821, 0, 0, 1363, 1363, 1, 6.72%, 0, 0, 2, 1754.12
1573480826, 0, 1, 1376, 1375, 337, 6.76%, 0, 0, 3, 2542.65
1573480831, 0, 1, 1379, 1378, 337, 6.77%, 0, 0, 3, 2707.01
1573480836, 0, 3, 1379, 1376, 346, 6.77%, 0, 0, 3, 2793.09
1573480842, 0, 6, 1379, 1374, 344, 6.77%, 0, 0, 3, 2793.01
1573480847, 0, 8, 1379, 1373, 343, 6.77%, 0, 0, 3, 1343.49
1573481015, 0, 8, 1380, 1374, 343, 6.77%, 0, 0, 3, 670.92
1573481143, 0, 8, 1381, 1375, 343, 6.77%, 0, 0, 3, 744.68
1573481425, 0, 8, 1382, 1376, 343, 6.77%, 0, 0, 3, 749.56
1573482490, 0, 8, 1392, 1386, 343, 6.78%, 0, 0, 3, 1574.34
1573482495, 0, 8, 1401, 1395, 343, 6.78%, 0, 0, 3, 1790.42
1573482500, 0, 8, 1413, 1407, 343, 6.79%, 0, 0, 3, 1783.79
1573482505, 0, 9, 1416, 1409, 346, 6.79%, 0, 0, 3, 1170.97
1573482525, 0, 9, 1417, 1410, 346, 6.79%, 0, 0, 3, 652.03
1573482551, 0, 9, 1418, 1411, 346, 6.79%, 0, 0, 3, 647.91
1573482561, 0, 9, 1419, 1412, 346, 6.79%, 0, 0, 3, 643.75
1573482566, 0, 9, 1420, 1413, 346, 6.79%, 0, 0, 3, 642.94
1573482581, 0, 9, 1428, 1421, 346, 6.84%, 0, 0, 3, 698.16
1573482587, 0, 9, 1432, 1425, 346, 6.84%, 0, 0, 3, 631.94
1573482592, 0, 9, 1439, 1432, 346, 6.85%, 0, 0, 3, 676.31
1573482684, 0, 9, 1440, 1433, 346, 6.85%, 0, 0, 3, 685.89
1573482760, 0, 9, 1442, 1435, 346, 6.85%, 0, 0, 3, 727.14
1573482771, 0, 9, 1445, 1438, 346, 6.85%, 0, 0, 3, 676.33
1573483057, 0, 9, 1446, 1439, 346, 6.85%, 0, 0, 3, 639.17
1573483087, 0, 9, 1447, 1440, 346, 6.85%, 0, 0, 3, 1205.97
1573483154, 0, 9, 1449, 1442, 346, 6.85%, 0, 0, 3, 684.95
1573483159, 0, 9, 1451, 1444, 346, 6.85%, 0, 0, 3, 899.32
1573483205, 0, 9, 1453, 1446, 346, 6.85%, 0, 0, 3, 656.86
1573483809, 0, 9, 1454, 1447, 346, 6.85%, 0, 0, 3, 800.09
1573484117, 0, 9, 1455, 1448, 346, 6.85%, 0, 0, 3, 654.41
1573484132, 0, 9, 1456, 1449, 346, 6.85%, 0, 0, 3, 624.71
1573484153, 0, 11, 1460, 1452, 350, 6.86%, 0, 0, 3, 1564.66
1573484173, 0, 11, 1462, 1454, 350, 6.86%, 0, 0, 3, 2136.95
1573484178, 0, 11, 1487, 1479, 350, 6.87%, 0, 0, 3, 2180.73
1573484183, 0, 11, 1489, 1481, 350, 6.87%, 0, 0, 3, 2149.52
1573484234, 0, 11, 1490, 1482, 350, 6.87%, 0, 0, 3, 2172.55
1573484240, 0, 11, 1491, 1483, 350, 6.87%, 0, 0, 3, 2214.05
1573484245, 0, 11, 1492, 1484, 350, 6.87%, 0, 0, 3, 2179.10
1573484460, 0, 11, 1494, 1486, 350, 6.87%, 0, 0, 3, 2198.47
1573484495, 0, 11, 1495, 1487, 350, 6.87%, 0, 0, 3, 2174.38
1573484510, 0, 12, 1499, 1490, 350, 6.88%, 0, 0, 3, 1476.31
1573484587, 0, 12, 1500, 1491, 350, 6.88%, 0, 0, 3, 721.05
1573484592, 0, 12, 1501, 1492, 350, 6.88%, 0, 0, 3, 638.78
1573484679, 0, 12, 1502, 1493, 350, 6.88%, 0, 0, 3, 702.17
1573484807, 0, 12, 1505, 1496, 350, 6.90%, 0, 0, 3, 791.05
1573486174, 0, 12, 1509, 1500, 350, 6.90%, 0, 0, 3, 717.07
1573486179, 0, 12, 1510, 1501, 350, 6.90%, 0, 0, 3, 647.13
1573486205, 0, 13, 1510, 1500, 352, 6.90%, 0, 0, 3, 1222.12
1573486210, 0, 13, 1511, 1501, 352, 6.90%, 0, 0, 3, 769.74
1573486281, 0, 13, 1514, 1504, 352, 6.90%, 0, 0, 3, 660.57
1573486286, 0, 13, 1515, 1505, 352, 6.90%, 0, 0, 3, 674.78
1573486291, 0, 13, 1516, 1506, 352, 6.90%, 0, 0, 3, 619.04
1573486501, 0, 13, 1518, 1508, 352, 6.90%, 0, 0, 3, 821.81
1573487524, 0, 13, 1519, 1509, 352, 6.91%, 0, 0, 3, 674.35
1573487914, 0, 17, 1519, 1508, 354, 6.91%, 0, 0, 3, 1145.87
1573487919, 0, 17, 1523, 1512, 354, 6.95%, 0, 0, 3, 801.48
1573487970, 0, 17, 1525, 1514, 354, 6.95%, 0, 0, 3, 638.67
1573487996, 0, 17, 1529, 1518, 354, 6.95%, 0, 0, 3, 678.81
1573488001, 0, 17, 1530, 1519, 354, 6.95%, 0, 0, 3, 613.80
1573488006, 0, 17, 1532, 1521, 354, 6.95%, 0, 0, 3, 688.38
1573488098, 0, 17, 1533, 1522, 354, 6.95%, 0, 0, 3, 672.62
1573488211, 0, 17, 1534, 1523, 354, 6.96%, 0, 0, 3, 766.21
1573488216, 0, 17, 1535, 1524, 354, 6.96%, 0, 0, 3, 728.60
1573489169, 0, 17, 1539, 1528, 354, 6.97%, 0, 0, 3, 636.38
1573489174, 0, 17, 1541, 1530, 354, 6.98%, 0, 0, 3, 642.58
1573489608, 0, 22, 1547, 1535, 366, 6.98%, 0, 0, 3, 2377.19
1573489614, 0, 23, 1548, 1535, 367, 6.98%, 0, 0, 3, 2554.42
1573489619, 0, 23, 1551, 1538, 367, 6.98%, 0, 0, 3, 2527.67
1573489629, 0, 23, 1552, 1539, 367, 7.00%, 0, 0, 3, 2547.25
1573489644, 0, 23, 1555, 1542, 367, 7.01%, 0, 0, 3, 2548.75
1573489726, 0, 23, 1556, 1543, 367, 7.01%, 0, 0, 3, 2559.37
1573489741, 0, 30, 1556, 1542, 371, 7.01%, 0, 0, 3, 2594.41
1573489808, 0, 30, 1557, 1543, 371, 7.01%, 0, 0, 3, 2537.11
1573489818, 0, 30, 1558, 1544, 371, 7.01%, 0, 0, 3, 2573.80
1573489834, 0, 30, 1559, 1545, 371, 7.01%, 0, 0, 3, 2562.13
1573489839, 0, 34, 1559, 1544, 370, 7.01%, 0, 0, 3, 1195.29
1573489844, 0, 34, 1560, 1545, 370, 7.01%, 0, 0, 3, 712.02
1573489890, 0, 34, 1561, 1546, 370, 7.01%, 0, 0, 3, 584.64
1573489895, 0, 34, 1562, 1547, 370, 7.01%, 0, 0, 3, 582.70
1573489901, 0, 34, 1563, 1548, 370, 7.01%, 0, 0, 3, 582.43
1573489906, 0, 34, 1564, 1549, 370, 7.01%, 0, 0, 3, 582.27
1573489911, 0, 34, 1565, 1550, 370, 7.01%, 0, 0, 3, 582.92
1573489916, 0, 34, 1566, 1551, 370, 7.01%, 0, 0, 3, 576.58
1573489921, 0, 34, 1572, 1557, 370, 7.01%, 0, 0, 3, 710.25
1573489931, 0, 34, 1573, 1558, 370, 7.01%, 0, 0, 3, 566.15
1573489936, 0, 34, 1582, 1567, 370, 7.01%, 0, 0, 3, 623.20
1573490019, 0, 34, 1583, 1568, 370, 7.01%, 0, 0, 3, 574.38
1573490024, 0, 34, 1585, 1570, 370, 7.01%, 0, 0, 3, 653.34
1573490034, 0, 34, 1587, 1572, 370, 7.01%, 0, 0, 3, 656.48
1573490121, 0, 34, 1589, 1574, 370, 7.02%, 0, 0, 3, 673.49
1573490126, 0, 34, 1590, 1575, 370, 7.02%, 0, 0, 3, 603.45
1573490137, 0, 34, 1591, 1576, 370, 7.02%, 0, 0, 3, 598.08
1573490470, 0, 34, 1593, 1578, 370, 7.02%, 0, 0, 3, 581.61
1573490476, 0, 34, 1594, 1579, 370, 7.02%, 0, 0, 3, 582.39
1573490496, 0, 34, 1597, 1582, 370, 7.02%, 0, 0, 3, 1580.00
1573490501, 0, 34, 1598, 1583, 370, 7.02%, 0, 0, 3, 1014.35
1573490506, 0, 34, 1599, 1584, 370, 7.02%, 0, 0, 3, 1249.05
1573490511, 0, 34, 1601, 1586, 370, 7.02%, 0, 0, 3, 92.08
1573490521, 0, 34, 1602, 1587, 370, 7.02%, 0, 0, 3, 1531.27
1573490532, 0, 34, 1604, 1589, 370, 7.02%, 0, 0, 3, 1337.58
1573490578, 0, 34, 1608, 1593, 370, 7.02%, 0, 0, 3, 1040.26
1573490583, 0, 34, 1611, 1596, 370, 7.03%, 0, 0, 3, 1018.26
1573490846, 0, 34, 1612, 1597, 370, 7.03%, 0, 0, 3, 698.62
1573491159, 0, 34, 1613, 1598, 370, 7.03%, 0, 0, 3, 1293.03
1573491308, 0, 34, 1616, 1601, 370, 7.03%, 0, 0, 3, 745.70
1573491749, 0, 34, 1618, 1603, 370, 7.03%, 0, 0, 3, 659.17
1573491785, 0, 34, 1627, 1612, 370, 7.04%, 0, 0, 3, 1452.83
1573491790, 0, 34, 1636, 1621, 370, 7.04%, 0, 0, 3, 1638.66
1573491795, 0, 34, 1643, 1628, 370, 7.04%, 0, 0, 3, 1707.60
1573491800, 0, 35, 1649, 1633, 374, 7.04%, 0, 0, 3, 1248.08
1573491877, 0, 35, 1653, 1637, 374, 7.05%, 0, 0, 3, 715.32
1573491887, 0, 35, 1654, 1638, 374, 7.05%, 0, 0, 3, 599.15
1573492097, 0, 35, 1655, 1639, 374, 7.05%, 0, 0, 3, 833.35
1573493494, 0, 35, 1656, 1640, 374, 7.05%, 0, 0, 3, 847.99
1573493499, 0, 44, 1656, 1639, 374, 7.05%, 0, 0, 3, 943.93
1573495152, 0, 44, 1662, 1645, 374, 7.05%, 0, 0, 3, 1455.29
1573495157, 0, 44, 1667, 1650, 374, 7.06%, 0, 0, 3, 1851.31
1573495162, 0, 44, 1676, 1659, 374, 7.06%, 0, 0, 3, 1888.40
1573495167, 0, 75, 1677, 1659, 372, 7.06%, 0, 0, 3, 1187.96
1573495172, 0, 75, 1679, 1661, 372, 7.06%, 0, 0, 3, 780.41
1573495183, 0, 75, 1680, 1662, 372, 7.06%, 0, 0, 3, 676.76
1573495239, 0, 75, 1681, 1663, 372, 7.06%, 0, 0, 3, 693.20
1573495244, 0, 75, 1682, 1664, 372, 7.06%, 0, 0, 3, 671.17
1573495336, 0, 75, 1683, 1665, 372, 7.06%, 0, 0, 3, 658.50
1573496822, 0, 101, 1683, 1664, 371, 7.06%, 0, 0, 3, 933.72
1573496832, 0, 101, 1684, 1665, 371, 7.06%, 0, 0, 3, 693.39
1573496899, 0, 101, 1687, 1668, 371, 7.06%, 0, 0, 3, 687.27
1573496929, 0, 101, 1688, 1669, 371, 7.06%, 0, 0, 3, 666.25
1573498070, 0, 101, 1689, 1670, 371, 7.06%, 0, 0, 3, 712.82
1573498478, 0, 102, 1689, 1669, 371, 7.06%, 0, 0, 3, 1187.16
1573498488, 0, 102, 1690, 1670, 371, 7.06%, 0, 0, 3, 729.91
1573498555, 0, 102, 1691, 1671, 371, 7.06%, 0, 0, 3, 749.68
1573498560, 0, 102, 1692, 1672, 371, 7.06%, 0, 0, 3, 654.38
1573500131, 0, 103, 1692, 1671, 371, 7.06%, 0, 0, 3, 1117.06
1573500141, 0, 103, 1693, 1672, 371, 7.06%, 0, 0, 3, 732.03
1573500207, 0, 103, 1694, 1673, 371, 7.06%, 0, 0, 3, 740.29
1573500228, 0, 103, 1695, 1674, 371, 7.07%, 0, 0, 3, 711.59
1573500412, 0, 103, 1696, 1675, 371, 7.07%, 0, 0, 3, 684.91
1573501789, 0, 114, 1696, 1674, 372, 7.07%, 0, 0, 3, 910.64
1573501886, 0, 114, 1697, 1675, 372, 7.07%, 0, 0, 3, 687.86
1573502085, 0, 114, 1698, 1676, 372, 7.07%, 0, 0, 3, 671.57
1573503444, 0, 115, 1698, 1675, 372, 7.07%, 0, 0, 3, 866.98
1573503450, 0, 115, 1699, 1676, 372, 7.07%, 0, 0, 3, 748.07
1573505103, 0, 115, 1710, 1687, 372, 7.08%, 0, 0, 3, 1705.11
1573505108, 0, 115, 1713, 1690, 372, 7.08%, 0, 0, 3, 1871.97
1573505113, 0, 116, 1718, 1694, 370, 7.08%, 0, 0, 3, 1584.81
1573505190, 0, 116, 1720, 1696, 370, 7.08%, 0, 0, 3, 709.66
1573505409, 0, 116, 1721, 1697, 370, 7.08%, 0, 0, 3, 677.19
1573505414, 0, 116, 1722, 1698, 370, 7.08%, 0, 0, 3, 669.79
1573506771, 0, 116, 1726, 1702, 370, 7.09%, 0, 0, 3, 1416.62
1573506776, 0, 116, 1732, 1708, 370, 7.09%, 0, 0, 3, 1838.24
1573506781, 0, 116, 1737, 1713, 370, 7.10%, 0, 0, 3, 1903.76
1573506786, 0, 118, 1744, 1719, 372, 7.10%, 0, 0, 3, 2031.80
1573507066, 0, 118, 1745, 1720, 372, 7.10%, 0, 0, 3, 684.47
1573508438, 0, 123, 1745, 1719, 371, 7.10%, 0, 0, 3, 1239.51
1573508514, 0, 123, 1746, 1720, 371, 7.10%, 0, 0, 3, 749.93
1573508830, 0, 123, 1747, 1721, 371, 7.10%, 0, 0, 3, 671.91
1573509111, 0, 123, 1748, 1722, 371, 7.10%, 0, 0, 3, 760.53
1573510096, 0, 148, 1748, 1721, 371, 7.10%, 0, 0, 3, 884.54
1573510101, 0, 148, 1749, 1722, 371, 7.10%, 0, 0, 3, 706.78
1573510168, 0, 148, 1750, 1723, 371, 7.10%, 0, 0, 3, 708.35
1573510346, 0, 148, 1751, 1724, 371, 7.10%, 0, 0, 3, 688.84
1573511755, 0, 151, 1751, 1723, 371, 7.10%, 0, 0, 3, 1024.79
1573511918, 0, 151, 1752, 1724, 371, 7.10%, 0, 0, 3, 716.15
1573512066, 0, 151, 1753, 1725, 371, 7.10%, 0, 0, 3, 669.83
1573513410, 0, 161, 1753, 1724, 371, 7.10%, 0, 0, 3, 1169.07
1573513486, 0, 161, 1755, 1726, 371, 7.10%, 0, 0, 3, 740.80
1573513491, 0, 161, 1757, 1728, 371, 7.10%, 0, 0, 3, 651.04
1573513726, 0, 161, 1758, 1729, 371, 7.10%, 0, 0, 3, 660.89
1573513930, 0, 161, 1759, 1730, 371, 7.10%, 0, 0, 3, 667.42
1573515063, 0, 162, 1759, 1729, 371, 7.10%, 0, 0, 3, 1052.91
1573515073, 0, 162, 1760, 1730, 371, 7.10%, 0, 0, 3, 716.19
1573516715, 0, 163, 1760, 1729, 370, 7.10%, 0, 0, 3, 1169.30
1573516791, 0, 163, 1762, 1731, 370, 7.10%, 0, 0, 3, 736.84
1573516796, 0, 163, 1763, 1732, 370, 7.10%, 0, 0, 3, 653.83
1573518385, 0, 164, 1764, 1732, 370, 7.10%, 0, 0, 3, 999.85
1573518456, 0, 164, 1765, 1733, 370, 7.10%, 0, 0, 3, 703.21
1573518461, 0, 164, 1766, 1734, 370, 7.10%, 0, 0, 3, 689.91
1573520041, 0, 165, 1766, 1733, 370, 7.10%, 0, 0, 3, 869.71
1573520046, 0, 165, 1767, 1734, 370, 7.10%, 0, 0, 3, 711.81
1573520123, 0, 165, 1768, 1735, 370, 7.10%, 0, 0, 3, 630.62
1573520291, 0, 165, 1769, 1736, 370, 7.10%, 0, 0, 3, 655.84
1573521298, 0, 165, 1770, 1737, 370, 7.10%, 0, 0, 3, 914.11
1573521691, 0, 173, 1770, 1736, 369, 7.10%, 0, 0, 3, 1329.45
1573521701, 0, 173, 1771, 1737, 369, 7.10%, 0, 0, 3, 728.18
1573521711, 0, 173, 1772, 1738, 369, 7.10%, 0, 0, 3, 663.40
1573522855, 0, 173, 1773, 1739, 369, 7.10%, 0, 0, 3, 698.75
1573523349, 0, 176, 1773, 1738, 368, 7.10%, 0, 0, 3, 1124.32
1573523359, 0, 176, 1775, 1740, 368, 7.10%, 0, 0, 3, 741.62
1573523533, 0, 176, 1776, 1741, 368, 7.10%, 0, 0, 3, 708.89
1573523619, 0, 176, 1777, 1742, 368, 7.10%, 0, 0, 3, 681.05
1573523670, 0, 176, 1779, 1744, 368, 7.11%, 0, 0, 3, 670.03
1573524512, 0, 176, 1780, 1745, 368, 7.11%, 0, 0, 3, 649.14
1573524818, 0, 176, 1783, 1748, 368, 7.11%, 0, 0, 3, 668.76
1573525002, 0, 178, 1783, 1747, 370, 7.11%, 0, 0, 3, 1240.09
1573525012, 0, 178, 1784, 1748, 370, 7.11%, 0, 0, 3, 719.75
1573526660, 0, 181, 1784, 1747, 369, 7.11%, 0, 0, 3, 973.81
1573527276, 0, 181, 1785, 1748, 369, 7.11%, 0, 0, 3, 1112.78
1573528322, 0, 184, 1785, 1747, 368, 7.11%, 0, 0, 3, 997.29
1573528332, 0, 184, 1786, 1748, 368, 7.11%, 0, 0, 3, 696.94
1573528409, 0, 184, 1787, 1749, 368, 7.11%, 0, 0, 3, 708.97
1573528505, 0, 184, 1788, 1750, 368, 7.11%, 0, 0, 3, 703.01
1573528648, 0, 184, 1789, 1751, 368, 7.11%, 0, 0, 3, 847.87
1573529178, 0, 184, 1790, 1752, 368, 7.11%, 0, 0, 3, 1434.62
1573529980, 0, 187, 1790, 1751, 367, 7.11%, 0, 0, 3, 1238.58
1573529990, 0, 187, 1791, 1752, 367, 7.11%, 0, 0, 3, 722.02
1573530067, 0, 187, 1792, 1753, 367, 7.11%, 0, 0, 3, 728.23
1573531633, 0, 189, 1792, 1752, 367, 7.11%, 0, 0, 3, 1213.04
1573533292, 0, 191, 1793, 1752, 366, 7.11%, 0, 0, 3, 1597.48
1573533318, 0, 191, 1794, 1753, 366, 7.11%, 0, 0, 3, 2304.79
1573533374, 0, 191, 1795, 1754, 366, 7.11%, 0, 0, 3, 2284.21
1573533436, 0, 191, 1796, 1755, 366, 7.11%, 0, 0, 3, 2372.23
1573533543, 0, 191, 1797, 1756, 366, 7.11%, 0, 0, 3, 2304.07
1573533625, 0, 192, 1797, 1755, 365, 7.11%, 0, 0, 3, 1393.67
1573534291, 0, 192, 1798, 1756, 365, 7.12%, 0, 0, 3, 738.07
1573535288, 0, 193, 1798, 1755, 364, 7.12%, 0, 0, 3, 1993.35
1573535533, 0, 193, 1799, 1756, 364, 7.12%, 0, 0, 3, 2325.23
1573535615, 0, 194, 1799, 1755, 363, 7.12%, 0, 0, 3, 2453.28
1573535948, 0, 195, 1799, 1754, 362, 7.12%, 0, 0, 3, 2351.90
1573535969, 0, 195, 1800, 1755, 362, 7.12%, 0, 0, 3, 2259.23
1573536282, 0, 196, 1800, 1754, 361, 7.12%, 0, 0, 3, 1890.84
1573536358, 0, 196, 1801, 1755, 361, 7.12%, 0, 0, 3, 723.05
1573537946, 0, 197, 1801, 1754, 361, 7.12%, 0, 0, 3, 1993.34
1573538279, 0, 202, 1801, 1753, 360, 7.12%, 0, 0, 3, 1407.62
1573538284, 0, 202, 1802, 1754, 360, 7.12%, 0, 0, 3, 823.12
1573538335, 0, 202, 1803, 1755, 360, 7.12%, 0, 0, 3, 650.54
1573538356, 0, 202, 1808, 1760, 360, 7.12%, 0, 0, 3, 676.18
1573538530, 0, 202, 1809, 1761, 360, 7.12%, 0, 0, 3, 699.91
1573538857, 0, 202, 1810, 1762, 360, 7.12%, 0, 0, 3, 84.12
1573538913, 0, 202, 1811, 1763, 360, 7.12%, 0, 0, 3, 935.74
1573539447, 0, 202, 1812, 1764, 360, 7.12%, 0, 0, 3, 634.42
1573539534, 0, 202, 1813, 1765, 360, 7.12%, 0, 0, 3, 804.21
1573539918, 0, 202, 1814, 1766, 360, 7.12%, 0, 0, 3, 749.87
1573539949, 0, 204, 1814, 1765, 362, 7.12%, 0, 0, 3, 989.58
1573541297, 0, 204, 1815, 1766, 362, 7.12%, 0, 0, 3, 989.24
1573541510, 0, 206, 1815, 1765, 361, 7.12%, 0, 0, 3, 1081.77
1573543051, 0, 212, 1815, 1764, 360, 7.12%, 0, 0, 3, 1181.41
1573543062, 0, 212, 1817, 1766, 360, 7.12%, 0, 0, 3, 767.85
1573543122, 0, 212, 1819, 1768, 360, 7.12%, 0, 0, 3, 720.75
1573543128, 0, 212, 1822, 1771, 360, 7.12%, 0, 0, 3, 636.55
1573543366, 0, 212, 1823, 1772, 360, 7.12%, 0, 0, 3, 764.59
1573544591, 0, 217, 1823, 1771, 360, 7.12%, 0, 0, 3, 1386.54
1573544611, 0, 217, 1824, 1772, 360, 7.12%, 0, 0, 3, 723.34
1573546136, 0, 219, 1824, 1771, 359, 7.12%, 0, 0, 3, 1062.59
1573546233, 0, 219, 1825, 1772, 359, 7.12%, 0, 0, 3, 730.15
