# unix_time, cycles_done, cur_path, paths_total, pending_total, pending_favs, map_size, unique_crashes, unique_hangs, max_depth, execs_per_sec
1570815799, 0, 0, 1, 1, 1, 3.55%, 0, 0, 1, 727.27
1570815804, 0, 0, 93, 93, 1, 4.07%, 0, 0, 2, 891.70
1570815809, 0, 0, 190, 190, 1, 4.39%, 0, 0, 2, 803.83
1570815814, 0, 0, 250, 250, 1, 4.58%, 0, 0, 2, 800.73
1570815819, 0, 0, 270, 270, 1, 4.65%, 0, 0, 2, 773.84
1570815845, 0, 0, 274, 274, 1, 4.67%, 0, 0, 2, 752.21
1570815850, 0, 0, 281, 281, 1, 4.68%, 0, 0, 2, 740.63
1570815855, 0, 0, 338, 338, 1, 4.77%, 0, 0, 2, 736.68
1570815860, 0, 0, 348, 348, 1, 4.78%, 0, 0, 2, 730.32
1570815865, 0, 0, 350, 350, 1, 4.78%, 0, 0, 2, 731.30
1570815870, 0, 0, 445, 445, 1, 5.01%, 0, 0, 2, 716.41
1570815875, 0, 0, 601, 601, 1, 5.30%, 0, 0, 2, 1061.59
1570815880, 0, 0, 683, 683, 1, 5.33%, 0, 0, 2, 720.40
1570815885, 0, 0, 763, 763, 1, 5.44%, 0, 0, 2, 688.86
1570815891, 0, 0, 797, 797, 1, 5.54%, 0, 0, 2, 750.34
1570815896, 0, 0, 808, 808, 1, 5.56%, 0, 0, 2, 773.10
1570815901, 0, 0, 818, 818, 1, 5.61%, 0, 0, 2, 748.27
1570815906, 0, 0, 824, 824, 1, 5.64%, 0, 0, 2, 740.09
1570815936, 0, 0, 826, 826, 1, 5.64%, 0, 0, 2, 736.71
1570815941, 0, 0, 827, 827, 1, 5.64%, 0, 0, 2, 729.26
1570815947, 0, 0, 828, 828, 1, 5.64%, 0, 0, 2, 714.71
1570815957, 0, 0, 859, 859, 1, 5.69%, 0, 0, 2, 786.80
1570815962, 0, 0, 887, 887, 1, 5.69%, 0, 0, 2, 693.84
1570815967, 0, 0, 914, 914, 1, 5.70%, 0, 0, 2, 716.15
1570815972, 0, 0, 919, 919, 1, 5.71%, 0, 0, 2, 710.48
1570815977, 0, 0, 920, 920, 1, 5.74%, 0, 0, 2, 720.68
1570815982, 0, 0, 921, 921, 1, 5.74%, 0, 0, 2, 678.74
1570815988, 0, 0, 926, 926, 1, 5.77%, 0, 0, 2, 662.02
1570816018, 0, 0, 928, 928, 1, 5.77%, 0, 0, 2, 641.15
1570816034, 0, 0, 929, 929, 1, 5.77%, 0, 0, 2, 641.57
1570816044, 0, 0, 936, 936, 1, 5.77%, 0, 0, 2, 649.66
1570816049, 0, 0, 949, 949, 1, 5.83%, 0, 0, 2, 664.31
1570816054, 0, 0, 956, 956, 1, 5.83%, 0, 0, 2, 575.51
1570816059, 0, 0, 968, 968, 1, 5.83%, 0, 0, 2, 666.89
1570816069, 0, 0, 972, 972, 1, 5.83%, 0, 0, 2, 630.46
1570816075, 0, 0, 977, 977, 1, 5.85%, 0, 0, 2, 659.71
1570816080, 0, 0, 986, 986, 1, 5.86%, 0, 0, 2, 653.48
1570816085, 0, 0, 1005, 1005, 1, 6.16%, 0, 0, 2, 797.97
1570816090, 0, 0, 1015, 1015, 1, 6.16%, 0, 0, 2, 700.18
1570816095, 0, 0, 1018, 1018, 1, 6.18%, 0, 0, 2, 653.11
1570816105, 0, 0, 1021, 1021, 1, 6.19%, 0, 0, 2, 634.13
1570816121, 0, 0, 1022, 1022, 1, 6.20%, 0, 0, 2, 639.10
1570816136, 0, 0, 1025, 1025, 1, 6.20%, 0, 0, 2, 665.00
1570816141, 0, 0, 1028, 1028, 1, 6.21%, 0, 0, 2, 642.08
1570816146, 0, 0, 1033, 1033, 1, 6.23%, 0, 0, 2, 669.28
1570816152, 0, 0, 1036, 1036, 1, 6.24%, 0, 0, 2, 649.76
1570816157, 0, 0, 1038, 1038, 1, 6.25%, 0, 0, 2, 641.94
1570816162, 0, 0, 1039, 1039, 1, 6.26%, 0, 0, 2, 636.09
1570816167, 0, 0, 1040, 1040, 1, 6.26%, 0, 0, 2, 638.63
1570816182, 0, 0, 1041, 1041, 1, 6.30%, 0, 0, 2, 640.17
1570816193, 0, 0, 1043, 1043, 1, 6.30%, 0, 0, 2, 639.95
1570816198, 0, 0, 1044, 1044, 1, 6.31%, 0, 0, 2, 640.11
1570816203, 0, 0, 1047, 1047, 1, 6.33%, 0, 0, 2, 640.69
1570816213, 0, 0, 1049, 1049, 1, 6.33%, 0, 0, 2, 641.46
1570816239, 0, 0, 1050, 1050, 1, 6.33%, 0, 0, 2, 640.16
1570816285, 0, 0, 1051, 1051, 1, 6.33%, 0, 0, 2, 637.76
1570816290, 0, 0, 1052, 1052, 1, 6.34%, 0, 0, 2, 639.09
1570816295, 0, 0, 1053, 1053, 1, 6.34%, 0, 0, 2, 639.15
1570816301, 0, 0, 1054, 1054, 1, 6.34%, 0, 0, 2, 640.78
1570816311, 0, 0, 1056, 1056, 1, 6.34%, 0, 0, 2, 640.44
1570816331, 0, 0, 1057, 1057, 1, 6.34%, 0, 0, 2, 641.73
1570816367, 0, 0, 1065, 1065, 1, 6.36%, 0, 0, 2, 1290.27
1570816373, 0, 0, 1072, 1072, 1, 6.37%, 0, 0, 2, 938.93
1570816378, 0, 0, 1085, 1085, 1, 6.45%, 0, 0, 2, 860.04
1570816383, 0, 0, 1094, 1094, 1, 6.45%, 0, 0, 2, 1432.63
1570816388, 0, 0, 1098, 1098, 1, 6.46%, 0, 0, 2, 196.92
1570816393, 0, 0, 1104, 1104, 1, 6.47%, 0, 0, 2, 1688.40
1570816398, 0, 0, 1108, 1108, 1, 6.47%, 0, 0, 2, 870.00
1570816403, 0, 0, 1113, 1113, 1, 6.47%, 0, 0, 2, 1138.59
1570816408, 0, 0, 1117, 1117, 1, 6.47%, 0, 0, 2, 1153.32
1570816414, 0, 0, 1121, 1121, 1, 6.48%, 0, 0, 2, 671.08
1570816419, 0, 0, 1122, 1122, 1, 6.48%, 0, 0, 2, 1258.89
1570816429, 0, 0, 1127, 1127, 1, 6.48%, 0, 0, 2, 1042.61
1570816434, 0, 0, 1129, 1129, 1, 6.48%, 0, 0, 2, 1402.99
1570816439, 0, 0, 1131, 1131, 1, 6.48%, 0, 0, 2, 777.71
1570816444, 0, 0, 1132, 1132, 1, 6.48%, 0, 0, 2, 158.78
1570816449, 0, 0, 1166, 1166, 1, 6.50%, 0, 0, 2, 947.74
1570816454, 0, 0, 1173, 1173, 1, 6.50%, 0, 0, 2, 877.60
1570816459, 0, 0, 1175, 1175, 1, 6.50%, 0, 0, 2, 740.26
1570816475, 0, 0, 1177, 1177, 1, 6.51%, 0, 0, 2, 643.31
1570816495, 0, 0, 1179, 1179, 1, 6.51%, 0, 0, 2, 657.14
1570816526, 0, 0, 1180, 1180, 1, 6.51%, 0, 0, 2, 640.76
1570816536, 0, 0, 1181, 1181, 1, 6.52%, 0, 0, 2, 639.71
1570816578, 0, 0, 1183, 1183, 1, 6.52%, 0, 0, 2, 631.21
1570816588, 0, 0, 1184, 1184, 1, 6.52%, 0, 0, 2, 629.26
1570816593, 0, 0, 1188, 1188, 1, 6.52%, 0, 0, 2, 640.66
1570816619, 0, 0, 1189, 1189, 1, 6.52%, 0, 0, 2, 642.13
1570816624, 0, 0, 1192, 1192, 1, 6.52%, 0, 0, 2, 638.60
1570816634, 0, 0, 1193, 1193, 1, 6.52%, 0, 0, 2, 638.96
1570816670, 0, 0, 1194, 1194, 1, 6.52%, 0, 0, 2, 638.66
1570816681, 0, 0, 1197, 1197, 1, 6.52%, 0, 0, 2, 992.19
1570816701, 0, 0, 1198, 1198, 1, 6.52%, 0, 0, 2, 53.97
1570816727, 0, 0, 1199, 1199, 1, 6.52%, 0, 0, 2, 150.46
1570816742, 0, 0, 1201, 1201, 1, 6.52%, 0, 0, 2, 161.60
1570816778, 0, 0, 1202, 1202, 1, 6.52%, 0, 0, 2, 877.34
1570816819, 0, 0, 1203, 1203, 1, 6.52%, 0, 0, 2, 638.48
1570816891, 0, 0, 1204, 1204, 1, 6.52%, 0, 0, 2, 638.03
1570816922, 0, 0, 1205, 1205, 1, 6.52%, 0, 0, 2, 637.37
1570816968, 0, 0, 1206, 1206, 1, 6.53%, 0, 0, 2, 54.12
1570816989, 0, 0, 1207, 1207, 1, 6.53%, 0, 0, 2, 724.31
1570817004, 0, 0, 1213, 1213, 1, 6.54%, 0, 0, 2, 619.67
1570817009, 0, 0, 1218, 1218, 1, 6.55%, 0, 0, 2, 669.42
1570817071, 0, 0, 1219, 1219, 1, 6.55%, 0, 0, 2, 636.92
1570817091, 0, 0, 1222, 1222, 1, 6.55%, 0, 0, 2, 682.71
1570817096, 0, 0, 1229, 1229, 1, 6.55%, 0, 0, 2, 722.55
1570817101, 0, 0, 1233, 1233, 1, 6.55%, 0, 0, 2, 639.18
1570817107, 0, 0, 1244, 1244, 1, 6.59%, 0, 0, 2, 817.29
1570817266, 0, 0, 1246, 1246, 1, 6.60%, 0, 0, 2, 741.55
1570817271, 0, 0, 1249, 1249, 1, 6.60%, 0, 0, 2, 85.28
1570817276, 0, 0, 1257, 1257, 1, 6.61%, 0, 0, 2, 784.28
1570817301, 0, 0, 1260, 1260, 1, 6.61%, 0, 0, 2, 874.71
1570817312, 0, 0, 1261, 1261, 1, 6.61%, 0, 0, 2, 647.30
1570817317, 0, 0, 1263, 1263, 1, 6.62%, 0, 0, 2, 643.58
1570817409, 0, 0, 1264, 1264, 1, 6.62%, 0, 0, 2, 755.46
1570817415, 0, 0, 1265, 1265, 1, 6.62%, 0, 0, 2, 819.04
1570817420, 0, 0, 1267, 1267, 1, 6.62%, 0, 0, 2, 689.89
1570817425, 0, 0, 1269, 1269, 1, 6.62%, 0, 0, 2, 633.45
1570817440, 0, 0, 1298, 1298, 1, 6.66%, 0, 0, 2, 1098.67
1570817445, 0, 0, 1328, 1328, 1, 6.71%, 0, 0, 2, 1651.95
1570817450, 0, 0, 1345, 1345, 1, 6.72%, 0, 0, 2, 1762.78
1570817455, 0, 0, 1364, 1364, 1, 6.76%, 0, 0, 2, 1771.84
1570817460, 0, 17, 1372, 1364, 316, 6.76%, 0, 0, 2, 2323.21
1570817466, 0, 31, 1374, 1363, 313, 6.76%, 0, 0, 3, 2386.14
1570817486, 0, 31, 1375, 1364, 313, 6.76%, 0, 0, 3, 2341.70
1570817491, 0, 31, 1376, 1365, 313, 6.76%, 0, 0, 3, 2332.68
1570817605, 0, 34, 1376, 1364, 313, 6.76%, 0, 0, 3, 2472.99
1570817610, 0, 34, 1378, 1366, 313, 6.76%, 0, 0, 3, 1034.17
1570817625, 0, 34, 1379, 1367, 313, 6.76%, 0, 0, 3, 588.30
1570817666, 0, 34, 1380, 1368, 313, 6.76%, 0, 0, 3, 572.36
1570817672, 0, 34, 1381, 1369, 313, 6.76%, 0, 0, 3, 575.22
1570817682, 0, 34, 1383, 1371, 313, 6.76%, 0, 0, 3, 571.54
1570817687, 0, 34, 1384, 1372, 313, 6.76%, 0, 0, 3, 575.41
1570817692, 0, 34, 1391, 1379, 313, 6.76%, 0, 0, 3, 580.17
1570817697, 0, 34, 1392, 1380, 313, 6.76%, 0, 0, 3, 594.66
1570817702, 0, 34, 1394, 1382, 313, 6.76%, 0, 0, 3, 550.06
1570817707, 0, 34, 1406, 1394, 313, 6.76%, 0, 0, 3, 618.83
1570817795, 0, 34, 1410, 1398, 313, 6.76%, 0, 0, 3, 674.11
1570817805, 0, 34, 1413, 1401, 313, 6.76%, 0, 0, 3, 620.77
1570817892, 0, 34, 1416, 1404, 313, 6.76%, 0, 0, 3, 620.57
1570817897, 0, 34, 1417, 1405, 313, 6.76%, 0, 0, 3, 621.96
1570817907, 0, 34, 1420, 1408, 313, 6.76%, 0, 0, 3, 597.91
1570817922, 0, 34, 1421, 1409, 313, 6.76%, 0, 0, 3, 577.63
1570818246, 0, 34, 1422, 1410, 313, 6.77%, 0, 0, 3, 579.31
1570818251, 0, 34, 1423, 1411, 313, 6.77%, 0, 0, 3, 579.96
1570818266, 0, 34, 1424, 1412, 313, 6.77%, 0, 0, 3, 565.46
1570818272, 0, 34, 1428, 1416, 313, 6.77%, 0, 0, 3, 561.18
1570818277, 0, 34, 1430, 1418, 313, 6.77%, 0, 0, 3, 737.19
1570818282, 0, 34, 1432, 1420, 313, 6.77%, 0, 0, 3, 828.63
1570818287, 0, 34, 1434, 1422, 313, 6.77%, 0, 0, 3, 797.70
1570818297, 0, 34, 1435, 1423, 313, 6.77%, 0, 0, 3, 1813.00
1570818302, 0, 34, 1437, 1425, 313, 6.77%, 0, 0, 3, 1026.10
1570818307, 0, 34, 1438, 1426, 313, 6.77%, 0, 0, 3, 1260.07
1570818353, 0, 34, 1445, 1433, 313, 6.77%, 0, 0, 3, 558.77
1570818358, 0, 34, 1449, 1437, 313, 6.77%, 0, 0, 3, 713.99
1570818409, 0, 34, 1450, 1438, 313, 6.77%, 0, 0, 3, 585.17
1570818625, 0, 34, 1451, 1439, 313, 6.77%, 0, 0, 3, 1022.11
1570818712, 0, 34, 1452, 1440, 313, 6.77%, 0, 0, 3, 1516.98
1570818937, 0, 34, 1453, 1441, 313, 6.78%, 0, 0, 3, 981.03
1570818963, 0, 34, 1454, 1442, 313, 6.78%, 0, 0, 3, 578.30
1570819086, 0, 34, 1456, 1444, 313, 6.78%, 0, 0, 3, 739.45
1570819315, 0, 34, 1457, 1445, 313, 6.78%, 0, 0, 3, 1092.99
1570819464, 0, 34, 1458, 1446, 313, 6.78%, 0, 0, 3, 751.70
1570819489, 0, 86, 1459, 1444, 322, 6.78%, 0, 0, 3, 1709.57
1570819566, 0, 86, 1460, 1445, 322, 6.78%, 0, 0, 3, 645.16
1570819572, 0, 86, 1462, 1447, 322, 6.78%, 0, 0, 3, 654.99
1570819587, 0, 86, 1463, 1448, 322, 6.78%, 0, 0, 3, 637.35
1570819792, 0, 86, 1464, 1449, 322, 6.84%, 0, 0, 3, 743.68
1570820122, 0, 86, 1465, 1450, 322, 6.84%, 0, 0, 3, 76.53
1570820137, 0, 86, 1466, 1451, 322, 6.84%, 0, 0, 3, 929.25
1570820815, 0, 86, 1467, 1452, 322, 6.84%, 0, 0, 3, 710.57
1570821154, 0, 86, 1474, 1459, 322, 6.84%, 0, 0, 3, 1502.04
1570821159, 0, 86, 1486, 1471, 322, 6.85%, 0, 0, 3, 1707.65
1570821164, 0, 86, 1496, 1481, 322, 6.85%, 0, 0, 3, 1774.72
1570821169, 0, 88, 1502, 1486, 327, 6.85%, 0, 0, 3, 1988.04
1570821174, 0, 96, 1502, 1485, 327, 6.85%, 0, 0, 3, 1066.84
1570821184, 0, 96, 1503, 1486, 327, 6.85%, 0, 0, 3, 670.53
1570821251, 0, 96, 1504, 1487, 327, 6.85%, 0, 0, 3, 710.86
1570822835, 0, 96, 1515, 1498, 327, 6.85%, 0, 0, 3, 1441.32
1570822840, 0, 96, 1528, 1511, 327, 6.86%, 0, 0, 3, 1736.05
1570822845, 0, 96, 1537, 1520, 327, 6.86%, 0, 0, 3, 1754.24
1570822850, 0, 96, 1543, 1526, 327, 6.87%, 0, 0, 3, 1768.72
1570822855, 0, 102, 1543, 1524, 324, 6.87%, 0, 0, 3, 1156.58
1570822933, 0, 102, 1546, 1527, 324, 6.87%, 0, 0, 3, 707.33
1570822938, 0, 102, 1547, 1528, 324, 6.87%, 0, 0, 3, 616.01
1570823447, 0, 102, 1548, 1529, 324, 6.87%, 0, 0, 3, 1069.40
1570823499, 0, 102, 1549, 1530, 324, 6.87%, 0, 0, 3, 801.41
1570824516, 0, 102, 1553, 1534, 324, 6.87%, 0, 0, 3, 1115.01
1570824521, 0, 102, 1559, 1540, 324, 6.87%, 0, 0, 3, 1566.08
1570824526, 0, 102, 1563, 1544, 324, 6.87%, 0, 0, 3, 1744.06
1570824531, 0, 102, 1570, 1551, 324, 6.89%, 0, 0, 3, 1815.35
1570824536, 0, 103, 1573, 1553, 319, 6.89%, 0, 0, 3, 1362.36
1570824546, 0, 103, 1574, 1554, 319, 6.89%, 0, 0, 3, 697.75
1570824613, 0, 103, 1575, 1555, 319, 6.89%, 0, 0, 3, 680.33
1570824706, 0, 103, 1576, 1556, 319, 6.89%, 0, 0, 3, 724.54
1570824830, 0, 103, 1577, 1557, 319, 6.89%, 0, 0, 3, 642.50
1570826201, 0, 115, 1579, 1558, 320, 6.89%, 0, 0, 3, 1470.77
1570826211, 0, 115, 1580, 1559, 320, 6.89%, 0, 0, 3, 722.87
1570827868, 0, 116, 1581, 1559, 319, 6.89%, 0, 0, 3, 1174.44
1570827946, 0, 116, 1582, 1560, 319, 6.89%, 0, 0, 3, 647.05
1570828049, 0, 116, 1583, 1561, 319, 6.89%, 0, 0, 3, 646.93
1570828178, 0, 116, 1584, 1562, 319, 6.89%, 0, 0, 3, 648.51
1570828183, 0, 116, 1585, 1563, 319, 6.89%, 0, 0, 3, 634.19
1570829535, 0, 118, 1585, 1562, 318, 6.89%, 0, 0, 3, 915.18
1570829612, 0, 118, 1586, 1563, 318, 6.89%, 0, 0, 3, 713.91
1570829643, 0, 118, 1587, 1564, 318, 6.89%, 0, 0, 3, 640.95
1570829828, 0, 118, 1588, 1565, 318, 6.89%, 0, 0, 3, 647.67
1570831200, 0, 123, 1588, 1564, 318, 6.89%, 0, 0, 3, 1132.09
1570831205, 0, 123, 1589, 1565, 318, 6.89%, 0, 0, 3, 743.12
1570831282, 0, 123, 1591, 1567, 318, 6.89%, 0, 0, 3, 659.29
1570831610, 0, 123, 1592, 1568, 318, 6.89%, 0, 0, 3, 628.55
1570831908, 0, 123, 1593, 1569, 318, 6.89%, 0, 0, 3, 666.20
1570832869, 0, 149, 1593, 1567, 317, 6.89%, 0, 0, 3, 980.97
1570832946, 0, 149, 1594, 1568, 317, 6.89%, 0, 0, 3, 710.71
1570832961, 0, 149, 1595, 1569, 317, 6.89%, 0, 0, 3, 654.62
1570834534, 0, 149, 1597, 1571, 317, 6.89%, 0, 0, 3, 854.54
1570834540, 0, 176, 1597, 1564, 313, 6.89%, 0, 0, 3, 2469.83
1570834550, 0, 176, 1600, 1567, 313, 6.90%, 0, 0, 3, 767.58
1570834622, 0, 176, 1601, 1568, 313, 6.90%, 0, 0, 3, 688.62
1570834807, 0, 176, 1602, 1569, 313, 6.90%, 0, 0, 3, 636.60
1570834827, 0, 176, 1603, 1570, 313, 6.90%, 0, 0, 3, 635.75
1570834879, 0, 176, 1605, 1572, 313, 6.90%, 0, 0, 3, 636.31
1570835132, 0, 176, 1606, 1573, 313, 6.90%, 0, 0, 3, 1373.92
1570835240, 0, 176, 1607, 1574, 313, 6.90%, 0, 0, 3, 637.67
1570835764, 0, 176, 1608, 1575, 313, 6.90%, 0, 0, 3, 602.70
1570836077, 0, 176, 1611, 1578, 313, 6.91%, 0, 0, 3, 642.18
1570836211, 0, 195, 1611, 1572, 312, 6.91%, 0, 0, 3, 2275.28
1570836216, 0, 203, 1611, 1569, 309, 6.91%, 0, 0, 3, 1500.23
1570836221, 0, 203, 1612, 1570, 309, 6.91%, 0, 0, 3, 828.59
1570836277, 0, 203, 1613, 1571, 309, 6.91%, 0, 0, 3, 632.12
1570836298, 0, 203, 1618, 1576, 309, 6.91%, 0, 0, 3, 617.13
1570836478, 0, 203, 1619, 1577, 309, 6.91%, 0, 0, 3, 675.21
1570836823, 0, 203, 1620, 1578, 309, 6.91%, 0, 0, 3, 953.38
1570836880, 0, 203, 1621, 1579, 309, 6.91%, 0, 0, 3, 924.47
1570837435, 0, 203, 1622, 1580, 309, 6.91%, 0, 0, 3, 647.49
1570837528, 0, 203, 1623, 1581, 309, 6.91%, 0, 0, 3, 724.61
1570837702, 0, 203, 1624, 1582, 309, 6.91%, 0, 0, 3, 635.25
1570837717, 0, 203, 1625, 1583, 309, 6.91%, 0, 0, 3, 628.52
1570837861, 0, 203, 1626, 1584, 309, 6.91%, 0, 0, 3, 666.98
1570837881, 0, 214, 1627, 1583, 312, 6.91%, 0, 0, 3, 1552.47
1570837887, 0, 214, 1628, 1584, 312, 6.91%, 0, 0, 3, 876.55
1570837892, 0, 214, 1629, 1585, 312, 6.91%, 0, 0, 3, 724.41
1570837897, 0, 214, 1631, 1587, 312, 6.91%, 0, 0, 3, 658.92
1570837964, 0, 214, 1633, 1589, 312, 6.91%, 0, 0, 3, 693.10
1570837969, 0, 214, 1636, 1592, 312, 6.91%, 0, 0, 3, 606.31
1570837989, 0, 214, 1639, 1595, 312, 6.92%, 0, 0, 3, 645.47
1570838242, 0, 214, 1642, 1598, 312, 6.93%, 0, 0, 3, 688.24
1570838499, 0, 214, 1643, 1599, 312, 6.94%, 0, 0, 3, 1094.20
1570839429, 0, 214, 1644, 1600, 312, 6.94%, 0, 0, 3, 672.49
1570839552, 0, 236, 1644, 1596, 317, 6.94%, 0, 0, 3, 1988.31
1570839634, 0, 236, 1645, 1597, 317, 6.94%, 0, 0, 3, 689.89
1570839640, 0, 236, 1646, 1598, 317, 6.94%, 0, 0, 3, 614.76
1570839665, 0, 236, 1647, 1599, 317, 6.94%, 0, 0, 3, 628.56
1570839742, 0, 236, 1648, 1600, 317, 6.94%, 0, 0, 3, 643.98
1570839758, 0, 236, 1649, 1601, 317, 6.94%, 0, 0, 3, 634.62
1570840876, 0, 236, 1650, 1602, 317, 6.94%, 0, 0, 3, 697.40
1570841226, 0, 237, 1651, 1602, 318, 6.94%, 0, 0, 3, 1363.43
1570841241, 0, 237, 1652, 1603, 318, 6.94%, 0, 0, 3, 648.46
1570842907, 0, 246, 1654, 1604, 319, 6.95%, 0, 0, 3, 1325.87
1570842927, 0, 246, 1655, 1605, 319, 6.95%, 0, 0, 3, 638.17
1570842984, 0, 246, 1656, 1606, 319, 6.95%, 0, 0, 3, 623.60
1570843287, 0, 246, 1657, 1607, 319, 6.95%, 0, 0, 3, 637.36
1570843498, 0, 246, 1658, 1608, 319, 6.95%, 0, 0, 3, 116.72
1570843513, 0, 246, 1659, 1609, 319, 6.95%, 0, 0, 3, 1089.94
1570844114, 0, 246, 1660, 1610, 319, 6.97%, 0, 0, 3, 708.02
1570844583, 0, 246, 1664, 1614, 319, 6.97%, 0, 0, 3, 1439.60
1570844588, 0, 246, 1666, 1616, 319, 6.97%, 0, 0, 3, 1744.08
1570844593, 0, 246, 1673, 1623, 319, 6.97%, 0, 0, 3, 1751.63
1570844598, 0, 255, 1683, 1632, 320, 6.98%, 0, 0, 3, 1878.63
1570844603, 0, 259, 1683, 1631, 319, 6.98%, 0, 0, 3, 1081.86
1570844624, 0, 259, 1684, 1632, 319, 6.98%, 0, 0, 3, 632.35
1570846274, 0, 266, 1684, 1630, 318, 6.98%, 0, 0, 3, 1493.18
1570846284, 0, 266, 1685, 1631, 318, 6.98%, 0, 0, 3, 714.20
1570846356, 0, 266, 1686, 1632, 318, 6.98%, 0, 0, 3, 702.35
1570846377, 0, 266, 1687, 1633, 318, 6.98%, 0, 0, 3, 667.35
1570846387, 0, 266, 1690, 1636, 318, 6.99%, 0, 0, 3, 636.01
1570846541, 0, 266, 1691, 1637, 318, 6.99%, 0, 0, 3, 679.68
1570846695, 0, 266, 1693, 1639, 318, 7.00%, 0, 0, 3, 627.82
1570846932, 0, 266, 1694, 1640, 318, 7.00%, 0, 0, 3, 503.63
1570847024, 0, 266, 1695, 1641, 318, 7.00%, 0, 0, 3, 631.39
1570847956, 0, 268, 1696, 1640, 319, 7.01%, 0, 0, 3, 1679.32
1570847961, 0, 285, 1696, 1639, 318, 7.01%, 0, 0, 3, 1003.76
1570848017, 0, 285, 1697, 1640, 318, 7.01%, 0, 0, 3, 630.37
1570848022, 0, 285, 1698, 1641, 318, 7.01%, 0, 0, 3, 629.59
1570848037, 0, 285, 1700, 1643, 318, 7.01%, 0, 0, 3, 708.94
1570848042, 0, 285, 1701, 1644, 318, 7.01%, 0, 0, 3, 619.21
1570848233, 0, 285, 1702, 1645, 318, 7.01%, 0, 0, 3, 661.46
1570848505, 0, 285, 1703, 1646, 318, 7.01%, 0, 0, 3, 633.42
1570848793, 0, 285, 1704, 1647, 318, 7.01%, 0, 0, 3, 632.76
1570849174, 0, 285, 1705, 1648, 318, 7.01%, 0, 0, 3, 635.88
1570849277, 0, 285, 1706, 1649, 318, 7.01%, 0, 0, 3, 704.92
1570849631, 0, 285, 1707, 1650, 318, 7.01%, 0, 0, 3, 756.09
1570849636, 0, 315, 1707, 1649, 319, 7.01%, 0, 0, 3, 896.71
1570849692, 0, 315, 1709, 1651, 319, 7.01%, 0, 0, 3, 636.08
1570849697, 0, 315, 1710, 1652, 319, 7.01%, 0, 0, 3, 636.20
1570849723, 0, 315, 1711, 1653, 319, 7.01%, 0, 0, 3, 589.01
1570849898, 0, 315, 1712, 1654, 319, 7.01%, 0, 0, 3, 682.56
1570850145, 0, 315, 1713, 1655, 319, 7.01%, 0, 0, 3, 637.16
1570850247, 0, 315, 1714, 1656, 319, 7.01%, 0, 0, 3, 123.93
1570850304, 0, 315, 1715, 1657, 319, 7.01%, 0, 0, 3, 931.90
1570851307, 0, 319, 1715, 1656, 320, 7.01%, 0, 0, 3, 917.81
1570851353, 0, 319, 1717, 1658, 320, 7.01%, 0, 0, 3, 633.90
1570851363, 0, 319, 1718, 1659, 320, 7.01%, 0, 0, 3, 634.13
1570851456, 0, 319, 1719, 1660, 320, 7.01%, 0, 0, 3, 634.51
1570851486, 0, 319, 1720, 1661, 320, 7.01%, 0, 0, 3, 665.29
1570851573, 0, 319, 1722, 1663, 320, 7.01%, 0, 0, 3, 613.49
1570851923, 0, 319, 1723, 1664, 320, 7.01%, 0, 0, 3, 1338.24
1570852982, 0, 336, 1723, 1663, 319, 7.01%, 0, 0, 3, 823.17
1570853064, 0, 336, 1726, 1666, 319, 7.01%, 0, 0, 3, 615.87
1570853646, 0, 336, 1727, 1667, 319, 7.01%, 0, 0, 3, 872.14
1570854658, 0, 354, 1729, 1668, 319, 7.01%, 0, 0, 3, 1386.50
1570854746, 0, 354, 1730, 1669, 319, 7.01%, 0, 0, 3, 610.96
1570855240, 0, 354, 1731, 1670, 319, 7.02%, 0, 0, 3, 663.15
1570856335, 0, 453, 1732, 1665, 315, 7.06%, 0, 0, 3, 2129.02
1570856386, 0, 453, 1733, 1666, 315, 7.06%, 0, 0, 3, 643.94
1570856412, 0, 453, 1735, 1668, 315, 7.06%, 0, 0, 3, 669.44
1570856417, 0, 453, 1742, 1675, 315, 7.06%, 0, 0, 3, 611.14
1570856422, 0, 453, 1744, 1677, 315, 7.06%, 0, 0, 3, 616.39
1570856428, 0, 453, 1748, 1681, 315, 7.06%, 0, 0, 3, 678.34
1570856500, 0, 453, 1749, 1682, 315, 7.06%, 0, 0, 3, 699.38
1570856505, 0, 453, 1752, 1685, 315, 7.06%, 0, 0, 3, 668.65
1570856515, 0, 453, 1754, 1687, 315, 7.07%, 0, 0, 3, 699.98
1570856623, 0, 453, 1755, 1688, 315, 7.07%, 0, 0, 3, 654.89
1570856628, 0, 453, 1756, 1689, 315, 7.07%, 0, 0, 3, 810.22
1570856917, 0, 453, 1757, 1690, 315, 7.07%, 0, 0, 3, 1286.81
1570856978, 0, 453, 1758, 1691, 315, 7.07%, 0, 0, 3, 975.21
1570856983, 0, 453, 1759, 1692, 315, 7.07%, 0, 0, 3, 980.87
1570857195, 0, 453, 1760, 1693, 315, 7.07%, 0, 0, 3, 50.94
1570857801, 0, 453, 1761, 1694, 315, 7.07%, 0, 0, 3, 899.04
1570857966, 0, 453, 1769, 1702, 315, 7.08%, 0, 0, 3, 1475.96
1570857971, 0, 453, 1777, 1710, 315, 7.08%, 0, 0, 3, 1693.67
1570857976, 0, 453, 1780, 1713, 315, 7.08%, 0, 0, 3, 1728.83
1570857981, 0, 459, 1786, 1718, 328, 7.08%, 0, 0, 3, 1869.99
1570857986, 0, 459, 1789, 1721, 328, 7.08%, 0, 0, 3, 908.85
1570858067, 0, 459, 1791, 1723, 328, 7.08%, 0, 0, 3, 618.41
1570858078, 0, 459, 1793, 1725, 328, 7.09%, 0, 0, 3, 650.37
1570858083, 0, 459, 1797, 1729, 328, 7.09%, 0, 0, 3, 629.21
1570858169, 0, 459, 1798, 1730, 328, 7.09%, 0, 0, 3, 677.19
1570858174, 0, 459, 1800, 1732, 328, 7.09%, 0, 0, 3, 635.78
1570858255, 0, 459, 1801, 1733, 328, 7.09%, 0, 0, 3, 589.05
1570858265, 0, 459, 1802, 1734, 328, 7.09%, 0, 0, 3, 636.05
1570858275, 0, 459, 1803, 1735, 328, 7.09%, 0, 0, 3, 626.69
1570858280, 0, 459, 1804, 1736, 328, 7.09%, 0, 0, 3, 646.28
1570858300, 0, 459, 1806, 1738, 328, 7.09%, 0, 0, 3, 627.93
1570858305, 0, 459, 1808, 1740, 328, 7.09%, 0, 0, 3, 613.94
1570858584, 0, 459, 1810, 1742, 328, 7.09%, 0, 0, 3, 1146.37
1570858599, 0, 459, 1811, 1743, 328, 7.09%, 0, 0, 3, 791.27
1570858676, 0, 459, 1812, 1744, 328, 7.09%, 0, 0, 3, 626.85
1570858888, 0, 459, 1813, 1745, 328, 7.09%, 0, 0, 3, 705.42
1570859213, 0, 459, 1814, 1746, 328, 7.09%, 0, 0, 3, 610.66
1570859320, 0, 459, 1815, 1747, 328, 7.09%, 0, 0, 3, 775.82
1570859689, 0, 469, 1816, 1746, 330, 7.09%, 0, 0, 3, 1488.23
1570859695, 0, 470, 1816, 1745, 329, 7.09%, 0, 0, 3, 1017.79
1570859787, 0, 470, 1817, 1746, 329, 7.09%, 0, 0, 3, 654.92
1570860318, 0, 470, 1818, 1747, 329, 7.09%, 0, 0, 3, 67.51
1570860946, 0, 470, 1819, 1748, 329, 7.09%, 0, 0, 3, 611.04
1570861437, 0, 478, 1820, 1745, 326, 7.09%, 0, 0, 3, 2016.50
1570861442, 0, 500, 1820, 1740, 323, 7.09%, 0, 0, 3, 1814.40
1570861453, 0, 500, 1822, 1742, 323, 7.09%, 0, 0, 3, 723.67
1570861520, 0, 500, 1823, 1743, 323, 7.09%, 0, 0, 3, 656.19
1570861525, 0, 500, 1825, 1745, 323, 7.09%, 0, 0, 3, 642.01
1570861612, 0, 500, 1826, 1746, 323, 7.09%, 0, 0, 3, 713.10
1570861709, 0, 500, 1827, 1747, 323, 7.09%, 0, 0, 3, 614.12
1570862980, 0, 500, 1828, 1748, 323, 7.09%, 0, 0, 3, 743.40
1570863134, 0, 518, 1828, 1744, 320, 7.09%, 0, 0, 3, 1458.47
1570863149, 0, 518, 1830, 1746, 320, 7.09%, 0, 0, 3, 501.38
1570863154, 0, 518, 1836, 1752, 320, 7.09%, 0, 0, 3, 467.59
1570863159, 0, 518, 1837, 1753, 320, 7.09%, 0, 0, 3, 462.21
1570863164, 0, 518, 1841, 1757, 320, 7.09%, 0, 0, 3, 457.46
1570863241, 0, 518, 1844, 1760, 320, 7.09%, 0, 0, 3, 530.46
1570863246, 0, 518, 1845, 1761, 320, 7.09%, 0, 0, 3, 501.87
1570863256, 0, 518, 1846, 1762, 320, 7.09%, 0, 0, 3, 534.01
1570863271, 0, 518, 1848, 1764, 320, 7.09%, 0, 0, 3, 488.42
1570863277, 0, 518, 1854, 1770, 320, 7.09%, 0, 0, 3, 472.02
1570863287, 0, 518, 1856, 1772, 320, 7.09%, 0, 0, 3, 462.23
1570863368, 0, 518, 1857, 1773, 320, 7.09%, 0, 0, 3, 535.58
1570863398, 0, 518, 1858, 1774, 320, 7.09%, 0, 0, 3, 480.34
1570863404, 0, 518, 1859, 1775, 320, 7.09%, 0, 0, 3, 468.42
1570863409, 0, 518, 1863, 1779, 320, 7.09%, 0, 0, 3, 464.74
1570863495, 0, 518, 1864, 1780, 320, 7.09%, 0, 0, 3, 498.82
1570863505, 0, 518, 1865, 1781, 320, 7.09%, 0, 0, 3, 506.76
1570863531, 0, 518, 1866, 1782, 320, 7.09%, 0, 0, 3, 488.12
1570863607, 0, 518, 1867, 1783, 320, 7.09%, 0, 0, 3, 493.65
1570863612, 0, 518, 1868, 1784, 320, 7.09%, 0, 0, 3, 469.06
1570863622, 0, 518, 1873, 1789, 320, 7.09%, 0, 0, 3, 495.42
1570863627, 0, 518, 1875, 1791, 320, 7.09%, 0, 0, 3, 471.53
1570863633, 0, 518, 1879, 1795, 320, 7.09%, 0, 0, 3, 465.85
1570863638, 0, 518, 1881, 1797, 320, 7.09%, 0, 0, 3, 465.75
1570863648, 0, 518, 1882, 1798, 320, 7.09%, 0, 0, 3, 462.81
1570863653, 0, 518, 1883, 1799, 320, 7.09%, 0, 0, 3, 464.31
1570863673, 0, 518, 1884, 1800, 320, 7.09%, 0, 0, 3, 465.74
1570863683, 0, 518, 1886, 1802, 320, 7.09%, 0, 0, 3, 465.68
1570863699, 0, 518, 1888, 1804, 320, 7.09%, 0, 0, 3, 466.20
1570863704, 0, 518, 1891, 1807, 320, 7.09%, 0, 0, 3, 465.42
1570863719, 0, 518, 1893, 1809, 320, 7.09%, 0, 0, 3, 464.03
1570863927, 0, 518, 1895, 1811, 320, 7.09%, 0, 0, 3, 67.67
1570863943, 0, 518, 1896, 1812, 320, 7.09%, 0, 0, 3, 934.63
1570864091, 0, 518, 1898, 1814, 320, 7.09%, 0, 0, 3, 480.08
1570864146, 0, 518, 1899, 1815, 320, 7.09%, 0, 0, 3, 467.75
1570864157, 0, 518, 1901, 1817, 320, 7.09%, 0, 0, 3, 464.14
1570864747, 0, 518, 1902, 1818, 320, 7.09%, 0, 0, 3, 508.74
1570865256, 0, 518, 1903, 1819, 320, 7.09%, 0, 0, 3, 463.37
1570865378, 0, 518, 1904, 1820, 320, 7.09%, 0, 0, 3, 518.55
1570865414, 0, 557, 1904, 1811, 320, 7.09%, 0, 0, 3, 2525.34
1570865420, 0, 564, 1904, 1810, 319, 7.09%, 0, 0, 3, 1301.52
1570865430, 0, 564, 1905, 1811, 319, 7.09%, 0, 0, 3, 653.92
1570865471, 0, 564, 1907, 1813, 319, 7.09%, 0, 0, 3, 605.46
1570865502, 0, 564, 1911, 1817, 319, 7.09%, 0, 0, 3, 654.37
1570865507, 0, 564, 1912, 1818, 319, 7.09%, 0, 0, 3, 579.17
1570865512, 0, 564, 1913, 1819, 319, 7.09%, 0, 0, 3, 660.25
1570865841, 0, 564, 1914, 1820, 319, 7.09%, 0, 0, 3, 605.77
1570866108, 0, 564, 1915, 1821, 319, 7.09%, 0, 0, 3, 926.76
1570867186, 0, 567, 1915, 1819, 318, 7.09%, 0, 0, 3, 1045.94
1570867196, 0, 567, 1918, 1822, 318, 7.10%, 0, 0, 3, 664.82
1570867267, 0, 567, 1919, 1823, 318, 7.10%, 0, 0, 3, 650.01
1570867545, 0, 567, 1920, 1824, 318, 7.10%, 0, 0, 3, 633.36
1570868906, 0, 567, 1923, 1827, 318, 7.10%, 0, 0, 3, 1439.59
1570868912, 0, 626, 1923, 1823, 318, 7.10%, 0, 0, 3, 1807.95
1570869272, 0, 626, 1924, 1824, 318, 7.10%, 0, 0, 3, 680.95
1570869494, 0, 626, 1925, 1825, 318, 7.10%, 0, 0, 3, 1142.59
1570869499, 0, 626, 1926, 1826, 318, 7.10%, 0, 0, 3, 129.74
1570869627, 0, 626, 1927, 1827, 318, 7.10%, 0, 0, 3, 630.77
1570870553, 0, 626, 1928, 1828, 318, 7.10%, 0, 0, 3, 649.80
1570870579, 0, 723, 1928, 1825, 317, 7.10%, 0, 0, 3, 1737.71
1570870659, 0, 723, 1930, 1827, 317, 7.11%, 0, 0, 3, 694.37
1570870675, 0, 723, 1931, 1828, 317, 7.11%, 0, 0, 3, 649.96
1570870756, 0, 723, 1932, 1829, 317, 7.11%, 0, 0, 3, 662.75
1570870872, 0, 723, 1933, 1830, 317, 7.11%, 0, 0, 3, 624.77
1570870882, 0, 723, 1934, 1831, 317, 7.11%, 0, 0, 3, 758.39
1570871170, 0, 723, 1935, 1832, 317, 7.11%, 0, 0, 3, 660.31
1570872301, 0, 723, 1936, 1833, 317, 7.11%, 0, 0, 3, 834.73
1570872307, 0, 753, 1936, 1830, 318, 7.11%, 0, 0, 3, 1265.42
1570872389, 0, 753, 1937, 1831, 318, 7.11%, 0, 0, 3, 643.28
1570872399, 0, 753, 1938, 1832, 318, 7.11%, 0, 0, 3, 656.24
1570872965, 0, 753, 1939, 1833, 318, 7.11%, 0, 0, 3, 749.70
1570873806, 0, 753, 1940, 1834, 318, 7.11%, 0, 0, 3, 930.61
1570873986, 0, 794, 1941, 1828, 313, 7.11%, 0, 0, 3, 2149.00
1570873992, 0, 794, 1943, 1830, 313, 7.11%, 0, 0, 3, 978.29
1570874069, 0, 794, 1944, 1831, 313, 7.12%, 0, 0, 3, 681.01
1570874074, 0, 794, 1945, 1832, 313, 7.12%, 0, 0, 3, 617.23
1570874079, 0, 794, 1946, 1833, 313, 7.12%, 0, 0, 3, 690.75
1570874171, 0, 794, 1947, 1834, 313, 7.12%, 0, 0, 3, 685.05
1570874290, 0, 794, 1948, 1835, 313, 7.12%, 0, 0, 3, 809.44
1570875511, 0, 794, 1949, 1836, 313, 7.12%, 0, 0, 3, 867.98
1570875696, 0, 794, 1950, 1837, 313, 7.12%, 0, 0, 3, 1097.47
1570875701, 0, 795, 1950, 1836, 314, 7.12%, 0, 0, 3, 849.78
1570875778, 0, 795, 1951, 1837, 314, 7.12%, 0, 0, 3, 710.49
1570875886, 0, 795, 1952, 1838, 314, 7.12%, 0, 0, 3, 647.61
1570875902, 0, 795, 1953, 1839, 314, 7.12%, 0, 0, 3, 631.87
1570877235, 0, 795, 1955, 1841, 314, 7.12%, 0, 0, 3, 703.01
1570877286, 0, 795, 1956, 1842, 314, 7.12%, 0, 0, 3, 631.21
1570877418, 0, 797, 1957, 1842, 313, 7.12%, 0, 0, 3, 1367.53
1570877500, 0, 797, 1958, 1843, 313, 7.12%, 0, 0, 3, 677.83
1570879149, 0, 799, 1958, 1842, 313, 7.12%, 0, 0, 3, 1030.77
1570879852, 0, 799, 1959, 1843, 313, 7.12%, 0, 0, 3, 630.28
1570880880, 0, 805, 1959, 1841, 312, 7.12%, 0, 0, 3, 1385.10
1570881075, 0, 805, 1960, 1842, 312, 7.12%, 0, 0, 3, 665.61
1570881224, 0, 805, 1961, 1843, 312, 7.13%, 0, 0, 3, 630.69
1570882605, 0, 805, 1962, 1844, 312, 7.13%, 0, 0, 3, 983.58
1570882610, 0, 807, 1962, 1842, 311, 7.13%, 0, 0, 3, 1053.74
1570884341, 0, 807, 1964, 1844, 311, 7.13%, 0, 0, 3, 1279.63
1570884346, 0, 809, 1964, 1843, 310, 7.13%, 0, 0, 3, 916.32
1570884429, 0, 809, 1965, 1844, 310, 7.13%, 0, 0, 3, 624.90
1570886067, 0, 810, 1965, 1843, 309, 7.13%, 0, 0, 3, 1212.13
1570886154, 0, 810, 1966, 1844, 309, 7.13%, 0, 0, 3, 603.86
1570886241, 0, 810, 1967, 1845, 309, 7.13%, 0, 0, 3, 697.13
1570887799, 0, 811, 1967, 1844, 309, 7.13%, 0, 0, 3, 916.98
1570887882, 0, 811, 1968, 1845, 309, 7.13%, 0, 0, 3, 623.38
1570888077, 0, 811, 1969, 1846, 309, 7.13%, 0, 0, 3, 638.72
1570889522, 0, 811, 1970, 1847, 309, 7.13%, 0, 0, 3, 944.64
1570889527, 0, 816, 1970, 1846, 307, 7.13%, 0, 0, 3, 907.00
1570889604, 0, 816, 1971, 1847, 307, 7.13%, 0, 0, 3, 693.31
1570891097, 0, 816, 1972, 1848, 307, 7.13%, 0, 0, 3, 633.00
1570891256, 0, 816, 1977, 1853, 307, 7.13%, 0, 0, 3, 1511.75
1570891261, 0, 816, 1980, 1856, 307, 7.13%, 0, 0, 3, 1751.33
1570891267, 0, 816, 1982, 1858, 307, 7.13%, 0, 0, 3, 1771.68
1570891272, 0, 817, 1984, 1859, 310, 7.13%, 0, 0, 3, 1870.72
1570892997, 0, 818, 1984, 1858, 309, 7.13%, 0, 0, 3, 1319.04
1570893013, 0, 818, 1985, 1859, 309, 7.13%, 0, 0, 3, 650.31
1570893188, 0, 818, 1986, 1860, 309, 7.13%, 0, 0, 3, 644.60
1570893626, 0, 818, 1987, 1861, 309, 7.13%, 0, 0, 3, 1145.69
1570894725, 0, 822, 1987, 1860, 309, 7.13%, 0, 0, 3, 932.22
1570895147, 0, 822, 1989, 1862, 309, 7.16%, 0, 0, 3, 630.38
1570896457, 0, 823, 1990, 1862, 309, 7.16%, 0, 0, 3, 1221.41
1570896478, 0, 823, 1991, 1863, 309, 7.17%, 0, 0, 3, 622.29
1570896543, 0, 823, 1992, 1864, 309, 7.17%, 0, 0, 3, 607.69
1570896738, 0, 823, 1993, 1865, 309, 7.18%, 0, 0, 3, 636.79
1570896886, 0, 823, 1994, 1866, 309, 7.18%, 0, 0, 3, 632.80
1570898062, 0, 823, 1995, 1867, 309, 7.18%, 0, 0, 3, 630.59
1570898190, 0, 823, 1996, 1868, 309, 7.18%, 0, 0, 3, 988.55
1570898195, 0, 837, 1996, 1867, 311, 7.18%, 0, 0, 3, 873.91
1570898271, 0, 837, 2000, 1871, 311, 7.19%, 0, 0, 3, 638.15
1570898276, 0, 837, 2001, 1872, 311, 7.19%, 0, 0, 3, 632.93
1570898865, 0, 837, 2002, 1873, 311, 7.19%, 0, 0, 3, 862.33
1570899896, 0, 837, 2003, 1874, 311, 7.19%, 0, 0, 3, 728.19
1570899937, 0, 837, 2004, 1875, 311, 7.19%, 0, 0, 3, 951.64
1570899942, 0, 846, 2004, 1874, 314, 7.19%, 0, 0, 3, 823.52
1570899947, 0, 846, 2005, 1875, 314, 7.19%, 0, 0, 3, 655.78
1570900024, 0, 846, 2006, 1876, 314, 7.19%, 0, 0, 3, 630.79
1570900034, 0, 846, 2008, 1878, 314, 7.19%, 0, 0, 3, 656.36
1570900044, 0, 846, 2009, 1879, 314, 7.19%, 0, 0, 3, 650.65
1570900116, 0, 846, 2010, 1880, 314, 7.19%, 0, 0, 3, 682.28
1570900126, 0, 846, 2011, 1881, 314, 7.19%, 0, 0, 3, 671.92
1570900551, 0, 846, 2012, 1882, 314, 7.19%, 0, 0, 3, 953.00
1570901181, 0, 846, 2013, 1883, 314, 7.19%, 0, 0, 3, 703.87
1570901294, 0, 846, 2015, 1885, 314, 7.19%, 0, 0, 3, 684.99
1570901717, 0, 871, 2015, 1881, 313, 7.19%, 0, 0, 3, 2018.83
