# unix_time, cycles_done, cur_path, paths_total, pending_total, pending_favs, map_size, unique_crashes, unique_hangs, max_depth, execs_per_sec
1570642434, 0, 0, 1, 1, 1, 3.55%, 0, 0, 1, 727.27
1570642439, 0, 0, 92, 92, 1, 4.07%, 0, 0, 2, 881.40
1570642444, 0, 0, 186, 186, 1, 4.37%, 0, 0, 2, 786.85
1570642449, 0, 0, 247, 247, 1, 4.58%, 0, 0, 2, 786.91
1570642454, 0, 0, 267, 267, 1, 4.62%, 0, 0, 2, 759.72
1570642460, 0, 0, 270, 270, 1, 4.65%, 0, 0, 2, 752.94
1570642480, 0, 0, 274, 274, 1, 4.67%, 0, 0, 2, 728.39
1570642485, 0, 0, 280, 280, 1, 4.68%, 0, 0, 2, 723.04
1570642490, 0, 0, 333, 333, 1, 4.77%, 0, 0, 2, 717.83
1570642495, 0, 0, 348, 348, 1, 4.78%, 0, 0, 2, 691.24
1570642506, 0, 0, 391, 391, 1, 4.94%, 0, 0, 2, 674.59
1570642511, 0, 0, 545, 545, 1, 5.22%, 0, 0, 2, 811.29
1570642516, 0, 0, 640, 640, 1, 5.32%, 0, 0, 2, 641.25
1570642521, 0, 0, 710, 710, 1, 5.33%, 0, 0, 2, 678.93
1570642526, 0, 0, 793, 793, 1, 5.54%, 0, 0, 2, 752.87
1570642531, 0, 0, 799, 799, 1, 5.54%, 0, 0, 2, 706.66
1570642536, 0, 0, 812, 812, 1, 5.59%, 0, 0, 2, 727.71
1570642541, 0, 0, 817, 817, 1, 5.61%, 0, 0, 2, 678.13
1570642546, 0, 0, 823, 823, 1, 5.64%, 0, 0, 2, 671.21
1570642577, 0, 0, 824, 824, 1, 5.64%, 0, 0, 2, 642.73
1570642582, 0, 0, 825, 825, 1, 5.64%, 0, 0, 2, 642.35
1570642587, 0, 0, 826, 826, 1, 5.64%, 0, 0, 2, 641.17
1570642592, 0, 0, 827, 827, 1, 5.64%, 0, 0, 2, 643.42
1570642603, 0, 0, 849, 849, 1, 5.66%, 0, 0, 2, 702.49
1570642608, 0, 0, 879, 879, 1, 5.69%, 0, 0, 2, 123.76
1570642613, 0, 0, 895, 895, 1, 5.69%, 0, 0, 2, 659.68
1570642618, 0, 0, 913, 913, 1, 5.71%, 0, 0, 2, 686.77
1570642623, 0, 0, 915, 915, 1, 5.71%, 0, 0, 2, 646.45
1570642628, 0, 0, 917, 917, 1, 5.74%, 0, 0, 2, 670.99
1570642633, 0, 0, 918, 918, 1, 5.75%, 0, 0, 2, 643.52
1570642638, 0, 0, 922, 922, 1, 5.77%, 0, 0, 2, 637.26
1570642669, 0, 0, 924, 924, 1, 5.77%, 0, 0, 2, 638.42
1570642680, 0, 0, 925, 925, 1, 5.77%, 0, 0, 2, 636.82
1570642695, 0, 0, 934, 934, 1, 5.77%, 0, 0, 2, 728.70
1570642700, 0, 0, 946, 946, 1, 5.83%, 0, 0, 2, 625.37
1570642705, 0, 0, 952, 952, 1, 5.83%, 0, 0, 2, 599.68
1570642710, 0, 0, 962, 962, 1, 5.83%, 0, 0, 2, 658.20
1570642721, 0, 0, 969, 969, 1, 5.84%, 0, 0, 2, 644.81
1570642726, 0, 0, 975, 975, 1, 5.85%, 0, 0, 2, 650.51
1570642731, 0, 0, 982, 982, 1, 5.86%, 0, 0, 2, 669.50
1570642736, 0, 0, 1007, 1007, 1, 6.16%, 0, 0, 2, 803.32
1570642741, 0, 0, 1010, 1010, 1, 6.18%, 0, 0, 2, 670.78
1570642746, 0, 0, 1012, 1012, 1, 6.18%, 0, 0, 2, 642.71
1570642751, 0, 0, 1015, 1015, 1, 6.19%, 0, 0, 2, 638.75
1570642772, 0, 0, 1016, 1016, 1, 6.20%, 0, 0, 2, 639.63
1570642787, 0, 0, 1021, 1021, 1, 6.21%, 0, 0, 2, 660.70
1570642792, 0, 0, 1024, 1024, 1, 6.21%, 0, 0, 2, 683.38
1570642797, 0, 0, 1027, 1027, 1, 6.23%, 0, 0, 2, 658.04
1570642803, 0, 0, 1031, 1031, 1, 6.25%, 0, 0, 2, 641.22
1570642808, 0, 0, 1032, 1032, 1, 6.25%, 0, 0, 2, 639.70
1570642813, 0, 0, 1033, 1033, 1, 6.26%, 0, 0, 2, 640.28
1570642818, 0, 0, 1034, 1034, 1, 6.26%, 0, 0, 2, 637.84
1570642833, 0, 0, 1035, 1035, 1, 6.30%, 0, 0, 2, 629.19
1570642844, 0, 0, 1037, 1037, 1, 6.30%, 0, 0, 2, 634.07
1570642849, 0, 0, 1039, 1039, 1, 6.32%, 0, 0, 2, 633.72
1570642854, 0, 0, 1041, 1041, 1, 6.33%, 0, 0, 2, 633.14
1570642864, 0, 0, 1043, 1043, 1, 6.33%, 0, 0, 2, 633.66
1570642890, 0, 0, 1044, 1044, 1, 6.33%, 0, 0, 2, 636.04
1570642937, 0, 0, 1046, 1046, 1, 6.34%, 0, 0, 2, 639.58
1570642947, 0, 0, 1047, 1047, 1, 6.34%, 0, 0, 2, 635.63
1570642952, 0, 0, 1048, 1048, 1, 6.34%, 0, 0, 2, 639.23
1570642957, 0, 0, 1050, 1050, 1, 6.34%, 0, 0, 2, 637.89
1570642983, 0, 0, 1051, 1051, 1, 6.34%, 0, 0, 2, 636.27
1570643014, 0, 0, 1052, 1052, 1, 6.34%, 0, 0, 2, 634.64
1570643019, 0, 0, 1060, 1060, 1, 6.37%, 0, 0, 2, 1224.40
1570643024, 0, 0, 1066, 1066, 1, 6.37%, 0, 0, 2, 881.30
1570643029, 0, 0, 1080, 1080, 1, 6.45%, 0, 0, 2, 839.09
1570643034, 0, 0, 1090, 1090, 1, 6.45%, 0, 0, 2, 1356.67
1570643039, 0, 0, 1094, 1094, 1, 6.46%, 0, 0, 2, 2190.00
1570643044, 0, 0, 1103, 1103, 1, 6.47%, 0, 0, 2, 1173.63
1570643050, 0, 0, 1107, 1107, 1, 6.47%, 0, 0, 2, 1395.30
1570643055, 0, 0, 1112, 1112, 1, 6.47%, 0, 0, 2, 1071.46
1570643060, 0, 0, 1118, 1118, 1, 6.48%, 0, 0, 2, 1065.62
1570643065, 0, 0, 1121, 1121, 1, 6.48%, 0, 0, 2, 69.44
1570643070, 0, 0, 1122, 1122, 1, 6.48%, 0, 0, 2, 1253.35
1570643080, 0, 0, 1127, 1127, 1, 6.48%, 0, 0, 2, 1169.45
1570643085, 0, 0, 1129, 1129, 1, 6.48%, 0, 0, 2, 554.85
1570643091, 0, 0, 1131, 1131, 1, 6.48%, 0, 0, 2, 124.29
1570643096, 0, 0, 1132, 1132, 1, 6.48%, 0, 0, 2, 1197.03
1570643101, 0, 0, 1167, 1167, 1, 6.50%, 0, 0, 2, 870.83
1570643106, 0, 0, 1173, 1173, 1, 6.50%, 0, 0, 2, 902.49
1570643111, 0, 0, 1175, 1175, 1, 6.50%, 0, 0, 2, 711.82
1570643127, 0, 0, 1177, 1177, 1, 6.51%, 0, 0, 2, 635.46
1570643142, 0, 0, 1178, 1178, 1, 6.51%, 0, 0, 2, 704.98
1570643147, 0, 0, 1179, 1179, 1, 6.51%, 0, 0, 2, 649.43
1570643173, 0, 0, 1180, 1180, 1, 6.51%, 0, 0, 2, 638.33
1570643188, 0, 0, 1181, 1181, 1, 6.52%, 0, 0, 2, 641.30
1570643230, 0, 0, 1183, 1183, 1, 6.52%, 0, 0, 2, 640.63
1570643240, 0, 0, 1185, 1185, 1, 6.52%, 0, 0, 2, 639.46
1570643245, 0, 0, 1188, 1188, 1, 6.52%, 0, 0, 2, 639.72
1570643271, 0, 0, 1190, 1190, 1, 6.52%, 0, 0, 2, 637.57
1570643276, 0, 0, 1192, 1192, 1, 6.52%, 0, 0, 2, 638.51
1570643286, 0, 0, 1193, 1193, 1, 6.52%, 0, 0, 2, 619.79
1570643317, 0, 0, 1194, 1194, 1, 6.52%, 0, 0, 2, 636.22
1570643333, 0, 0, 1197, 1197, 1, 6.52%, 0, 0, 2, 1984.05
1570643353, 0, 0, 1198, 1198, 1, 6.52%, 0, 0, 2, 108.59
1570643379, 0, 0, 1199, 1199, 1, 6.52%, 0, 0, 2, 105.23
1570643394, 0, 0, 1200, 1200, 1, 6.52%, 0, 0, 2, 159.81
1570643430, 0, 0, 1201, 1201, 1, 6.52%, 0, 0, 2, 839.57
1570643471, 0, 0, 1202, 1202, 1, 6.52%, 0, 0, 2, 638.59
1570643543, 0, 0, 1203, 1203, 1, 6.52%, 0, 0, 2, 636.99
1570643569, 0, 0, 1204, 1204, 1, 6.52%, 0, 0, 2, 641.67
1570643620, 0, 0, 1205, 1205, 1, 6.53%, 0, 0, 2, 1224.72
1570643635, 0, 0, 1206, 1206, 1, 6.53%, 0, 0, 2, 862.01
1570643656, 0, 0, 1217, 1217, 1, 6.55%, 0, 0, 2, 732.68
1570643723, 0, 0, 1218, 1218, 1, 6.55%, 0, 0, 2, 638.15
1570643743, 0, 0, 1225, 1225, 1, 6.55%, 0, 0, 2, 758.20
1570643748, 0, 0, 1231, 1231, 1, 6.55%, 0, 0, 2, 852.23
1570643753, 0, 0, 1233, 1233, 1, 6.56%, 0, 0, 2, 666.42
1570643759, 0, 0, 1242, 1242, 1, 6.59%, 0, 0, 2, 849.20
1570643918, 0, 0, 1244, 1244, 1, 6.60%, 0, 0, 2, 622.97
1570643923, 0, 0, 1248, 1248, 1, 6.60%, 0, 0, 2, 85.61
1570643928, 0, 0, 1255, 1255, 1, 6.61%, 0, 0, 2, 766.05
1570643933, 0, 0, 1256, 1256, 1, 6.61%, 0, 0, 2, 695.00
1570643949, 0, 0, 1259, 1259, 1, 6.61%, 0, 0, 2, 857.43
1570643964, 0, 0, 1260, 1260, 1, 6.61%, 0, 0, 2, 636.53
1570643969, 0, 0, 1262, 1262, 1, 6.62%, 0, 0, 2, 711.43
1570644056, 0, 0, 1263, 1263, 1, 6.62%, 0, 0, 2, 659.82
1570644062, 0, 0, 1265, 1265, 1, 6.62%, 0, 0, 2, 692.67
1570644072, 0, 0, 1270, 1270, 1, 6.62%, 0, 0, 2, 657.52
1570644087, 0, 0, 1276, 1276, 1, 6.63%, 0, 0, 2, 734.32
1570644092, 0, 0, 1311, 1311, 1, 6.66%, 0, 0, 2, 1467.06
1570644098, 0, 0, 1338, 1338, 1, 6.70%, 0, 0, 2, 1716.40
1570644103, 0, 0, 1353, 1353, 1, 6.72%, 0, 0, 2, 1771.64
1570644108, 0, 1, 1362, 1361, 344, 6.73%, 0, 0, 2, 1887.12
1570644113, 0, 1, 1375, 1374, 344, 6.81%, 0, 0, 3, 2686.92
1570644118, 0, 1, 1378, 1377, 344, 6.82%, 0, 0, 3, 2778.32
1570644123, 0, 3, 1378, 1375, 352, 6.82%, 0, 0, 3, 2836.70
1570644128, 0, 6, 1379, 1374, 351, 6.82%, 0, 0, 3, 2874.51
1570644133, 0, 7, 1385, 1379, 350, 6.83%, 0, 0, 3, 2789.90
1570644138, 0, 8, 1385, 1378, 352, 6.83%, 0, 0, 3, 1342.33
1570644308, 0, 8, 1386, 1379, 352, 6.83%, 0, 0, 3, 665.58
1570644436, 0, 8, 1387, 1380, 352, 6.83%, 0, 0, 3, 760.21
1570644720, 0, 8, 1388, 1381, 352, 6.83%, 0, 0, 3, 1000.51
1570644751, 0, 8, 1389, 1382, 352, 6.83%, 0, 0, 3, 136.45
1570645105, 0, 8, 1390, 1383, 352, 6.83%, 0, 0, 3, 1339.51
1570645792, 0, 8, 1403, 1396, 352, 6.83%, 0, 0, 3, 1462.42
1570645797, 0, 8, 1413, 1406, 352, 6.83%, 0, 0, 3, 1776.64
1570645802, 0, 8, 1428, 1421, 352, 6.84%, 0, 0, 3, 1805.14
1570645807, 0, 9, 1438, 1430, 348, 6.85%, 0, 0, 3, 1992.74
1570645812, 0, 9, 1439, 1431, 348, 6.85%, 0, 0, 3, 956.98
1570645833, 0, 9, 1440, 1432, 348, 6.85%, 0, 0, 3, 648.47
1570645868, 0, 9, 1441, 1433, 348, 6.85%, 0, 0, 3, 643.70
1570645874, 0, 9, 1442, 1434, 348, 6.85%, 0, 0, 3, 644.73
1570645884, 0, 9, 1444, 1436, 348, 6.85%, 0, 0, 3, 645.85
1570645889, 0, 9, 1452, 1444, 348, 6.90%, 0, 0, 3, 671.60
1570645894, 0, 9, 1456, 1448, 348, 6.90%, 0, 0, 3, 604.06
1570645899, 0, 9, 1462, 1454, 348, 6.90%, 0, 0, 3, 689.61
1570645991, 0, 9, 1463, 1455, 348, 6.90%, 0, 0, 3, 673.19
1570646068, 0, 9, 1465, 1457, 348, 6.90%, 0, 0, 3, 719.84
1570646078, 0, 9, 1468, 1460, 348, 6.90%, 0, 0, 3, 701.84
1570646365, 0, 9, 1469, 1461, 348, 6.90%, 0, 0, 3, 644.39
1570646391, 0, 9, 1470, 1462, 348, 6.90%, 0, 0, 3, 897.27
1570646396, 0, 9, 1471, 1463, 348, 6.90%, 0, 0, 3, 1183.42
1570646401, 0, 9, 1472, 1464, 348, 6.90%, 0, 0, 3, 1195.63
1570646421, 0, 9, 1473, 1465, 348, 6.90%, 0, 0, 3, 156.89
1570646432, 0, 9, 1474, 1466, 348, 6.90%, 0, 0, 3, 1298.51
1570646437, 0, 9, 1475, 1467, 348, 6.90%, 0, 0, 3, 211.03
1570646467, 0, 9, 1481, 1473, 348, 6.90%, 0, 0, 3, 869.25
1570646514, 0, 9, 1483, 1475, 348, 6.91%, 0, 0, 3, 647.39
1570647118, 0, 9, 1484, 1476, 348, 6.91%, 0, 0, 3, 840.25
1570647292, 0, 9, 1485, 1477, 348, 6.91%, 0, 0, 3, 80.00
1570647425, 0, 9, 1486, 1478, 348, 6.91%, 0, 0, 3, 696.92
1570647440, 0, 9, 1487, 1479, 348, 6.91%, 0, 0, 3, 656.38
1570647451, 0, 9, 1488, 1480, 348, 6.91%, 0, 0, 3, 612.33
1570647461, 0, 11, 1491, 1482, 349, 6.91%, 0, 0, 3, 1715.55
1570647481, 0, 11, 1492, 1483, 349, 6.91%, 0, 0, 3, 2222.30
1570647487, 0, 11, 1517, 1508, 349, 6.91%, 0, 0, 3, 2258.64
1570647548, 0, 11, 1520, 1511, 349, 6.91%, 0, 0, 3, 2253.37
1570647589, 0, 11, 1521, 1512, 349, 6.91%, 0, 0, 3, 2317.80
1570647757, 0, 11, 1523, 1514, 349, 6.91%, 0, 0, 3, 2231.41
1570647793, 0, 11, 1524, 1515, 349, 6.91%, 0, 0, 3, 2284.19
1570647803, 0, 11, 1525, 1516, 349, 6.91%, 0, 0, 3, 2294.17
1570647808, 0, 12, 1528, 1518, 353, 6.92%, 0, 0, 3, 1585.26
1570647885, 0, 12, 1529, 1519, 353, 6.92%, 0, 0, 3, 693.29
1570647890, 0, 12, 1530, 1520, 353, 6.92%, 0, 0, 3, 632.53
1570648106, 0, 12, 1533, 1523, 353, 6.92%, 0, 0, 3, 833.35
1570649467, 0, 12, 1534, 1524, 353, 6.92%, 0, 0, 3, 743.92
1570649477, 0, 12, 1535, 1525, 353, 6.92%, 0, 0, 3, 796.96
1570649483, 0, 12, 1539, 1529, 353, 6.92%, 0, 0, 3, 680.50
1570649513, 0, 12, 1546, 1536, 353, 6.92%, 0, 0, 3, 1597.12
1570649518, 0, 12, 1555, 1545, 353, 6.95%, 0, 0, 3, 1824.44
1570649524, 0, 12, 1566, 1556, 353, 6.95%, 0, 0, 3, 1788.10
1570649529, 0, 13, 1574, 1563, 355, 6.96%, 0, 0, 3, 1648.14
1570649606, 0, 13, 1577, 1566, 355, 6.96%, 0, 0, 3, 676.67
1570649611, 0, 13, 1578, 1567, 355, 6.96%, 0, 0, 3, 644.74
1570649616, 0, 13, 1579, 1568, 355, 6.96%, 0, 0, 3, 610.24
1570649827, 0, 13, 1581, 1570, 355, 6.96%, 0, 0, 3, 834.01
1570650851, 0, 13, 1582, 1571, 355, 6.96%, 0, 0, 3, 676.58
1570651032, 0, 13, 1583, 1572, 355, 6.96%, 0, 0, 3, 729.25
1570651247, 0, 13, 1592, 1581, 355, 6.96%, 0, 0, 3, 1635.07
1570651252, 0, 13, 1602, 1591, 355, 6.97%, 0, 0, 3, 1791.10
1570651257, 0, 13, 1607, 1596, 355, 6.97%, 0, 0, 3, 1789.13
1570651262, 0, 17, 1613, 1601, 359, 7.01%, 0, 0, 3, 1458.73
1570651319, 0, 17, 1615, 1603, 359, 7.01%, 0, 0, 3, 638.40
1570651339, 0, 17, 1619, 1607, 359, 7.01%, 0, 0, 3, 720.10
1570651345, 0, 17, 1620, 1608, 359, 7.01%, 0, 0, 3, 641.92
1570651355, 0, 17, 1622, 1610, 359, 7.02%, 0, 0, 3, 666.48
1570651442, 0, 17, 1623, 1611, 359, 7.02%, 0, 0, 3, 716.77
1570651559, 0, 17, 1625, 1613, 359, 7.02%, 0, 0, 3, 813.20
1570652521, 0, 17, 1627, 1615, 359, 7.03%, 0, 0, 3, 629.75
1570652526, 0, 17, 1631, 1619, 359, 7.04%, 0, 0, 3, 637.28
1570652962, 0, 23, 1632, 1619, 371, 7.04%, 0, 0, 3, 1436.32
1570652972, 0, 23, 1636, 1623, 371, 7.04%, 0, 0, 3, 2542.42
1570652997, 0, 23, 1639, 1626, 371, 7.05%, 0, 0, 3, 2615.55
1570653074, 0, 23, 1640, 1627, 371, 7.05%, 0, 0, 3, 2603.60
1570653089, 0, 23, 1642, 1629, 371, 7.05%, 0, 0, 3, 2596.58
1570653094, 0, 23, 1649, 1636, 371, 7.09%, 0, 0, 3, 2720.91
1570653099, 0, 24, 1654, 1640, 374, 7.09%, 0, 0, 3, 2739.48
1570653161, 0, 24, 1655, 1641, 374, 7.09%, 0, 0, 3, 2655.82
1570653166, 0, 27, 1656, 1641, 373, 7.09%, 0, 0, 3, 2242.76
1570653243, 0, 27, 1657, 1642, 373, 7.09%, 0, 0, 3, 674.35
1570653463, 0, 27, 1658, 1643, 373, 7.09%, 0, 0, 3, 774.82
1570654882, 0, 27, 1659, 1644, 373, 7.09%, 0, 0, 3, 990.25
1570654887, 0, 30, 1660, 1644, 373, 7.09%, 0, 0, 3, 1956.69
1570654959, 0, 30, 1661, 1645, 373, 7.09%, 0, 0, 3, 2664.65
1570654980, 0, 31, 1661, 1644, 372, 7.09%, 0, 0, 3, 2562.83
1570655001, 0, 31, 1662, 1645, 372, 7.09%, 0, 0, 3, 2500.87
1570655114, 0, 34, 1662, 1644, 371, 7.09%, 0, 0, 3, 2287.10
1570655119, 0, 34, 1663, 1645, 371, 7.09%, 0, 0, 3, 984.13
1570655134, 0, 34, 1664, 1646, 371, 7.09%, 0, 0, 3, 580.71
1570655184, 0, 34, 1665, 1647, 371, 7.09%, 0, 0, 3, 574.73
1570655189, 0, 34, 1666, 1648, 371, 7.09%, 0, 0, 3, 575.68
1570655199, 0, 34, 1668, 1650, 371, 7.09%, 0, 0, 3, 588.51
1570655205, 0, 34, 1672, 1654, 371, 7.09%, 0, 0, 3, 614.44
1570655215, 0, 34, 1682, 1664, 371, 7.09%, 0, 0, 3, 639.28
1570655300, 0, 34, 1683, 1665, 371, 7.09%, 0, 0, 3, 589.26
1570655305, 0, 34, 1685, 1667, 371, 7.09%, 0, 0, 3, 641.26
1570655316, 0, 34, 1686, 1668, 371, 7.09%, 0, 0, 3, 645.66
1570655401, 0, 34, 1689, 1671, 371, 7.09%, 0, 0, 3, 616.42
1570655407, 0, 34, 1690, 1672, 371, 7.09%, 0, 0, 3, 612.35
1570655417, 0, 34, 1691, 1673, 371, 7.09%, 0, 0, 3, 602.86
1570655754, 0, 34, 1692, 1674, 371, 7.09%, 0, 0, 3, 576.41
1570655759, 0, 34, 1693, 1675, 371, 7.10%, 0, 0, 3, 574.94
1570655784, 0, 34, 1696, 1678, 371, 7.10%, 0, 0, 3, 1100.61
1570655789, 0, 34, 1697, 1679, 371, 7.10%, 0, 0, 3, 1286.05
1570655794, 0, 34, 1699, 1681, 371, 7.10%, 0, 0, 3, 988.98
1570655799, 0, 34, 1700, 1682, 371, 7.10%, 0, 0, 3, 1145.62
1570655809, 0, 34, 1701, 1683, 371, 7.10%, 0, 0, 3, 80.35
1570655814, 0, 34, 1702, 1684, 371, 7.10%, 0, 0, 3, 1191.18
1570655820, 0, 34, 1703, 1685, 371, 7.10%, 0, 0, 3, 102.39
1570655866, 0, 34, 1708, 1690, 371, 7.10%, 0, 0, 3, 1087.99
1570655871, 0, 34, 1709, 1691, 371, 7.10%, 0, 0, 3, 1148.27
1570656133, 0, 34, 1710, 1692, 371, 7.10%, 0, 0, 3, 1533.35
1570656224, 0, 34, 1711, 1693, 371, 7.10%, 0, 0, 3, 1223.51
1570656446, 0, 34, 1712, 1694, 371, 7.10%, 0, 0, 3, 968.90
1570656598, 0, 34, 1714, 1696, 371, 7.10%, 0, 0, 3, 797.59
1570657042, 0, 34, 1716, 1698, 371, 7.10%, 0, 0, 3, 646.56
1570657078, 0, 35, 1717, 1698, 375, 7.10%, 0, 0, 3, 901.89
1570657154, 0, 35, 1721, 1702, 375, 7.11%, 0, 0, 3, 714.69
1570657165, 0, 35, 1722, 1703, 375, 7.11%, 0, 0, 3, 590.75
1570657375, 0, 35, 1723, 1704, 375, 7.11%, 0, 0, 3, 865.10
1570658804, 0, 35, 1724, 1705, 375, 7.11%, 0, 0, 3, 777.97
1570658809, 0, 49, 1724, 1704, 375, 7.11%, 0, 0, 3, 1106.54
1570660007, 0, 49, 1725, 1705, 375, 7.11%, 0, 0, 3, 797.77
1570660540, 0, 53, 1725, 1704, 375, 7.11%, 0, 0, 3, 1103.24
1570660617, 0, 53, 1727, 1706, 375, 7.11%, 0, 0, 3, 662.51
1570662264, 0, 53, 1728, 1707, 375, 7.11%, 0, 0, 3, 786.20
1570662269, 0, 69, 1728, 1706, 375, 7.11%, 0, 0, 3, 1003.77
1570662346, 0, 69, 1729, 1707, 375, 7.11%, 0, 0, 3, 709.04
1570662577, 0, 69, 1730, 1708, 375, 7.11%, 0, 0, 3, 649.68
1570662886, 0, 69, 1731, 1709, 375, 7.11%, 0, 0, 3, 1155.24
1570663790, 0, 69, 1732, 1710, 375, 7.11%, 0, 0, 3, 705.66
1570664006, 0, 69, 1740, 1718, 375, 7.11%, 0, 0, 3, 1633.83
1570664011, 0, 69, 1743, 1721, 375, 7.11%, 0, 0, 3, 1771.38
1570664016, 0, 69, 1745, 1723, 375, 7.12%, 0, 0, 3, 1880.07
1570664021, 0, 75, 1747, 1724, 375, 7.12%, 0, 0, 3, 1537.18
1570664026, 0, 75, 1748, 1725, 375, 7.12%, 0, 0, 3, 826.15
1570664041, 0, 75, 1749, 1726, 375, 7.12%, 0, 0, 3, 636.27
1570664098, 0, 75, 1750, 1727, 375, 7.12%, 0, 0, 3, 655.16
1570665759, 0, 78, 1750, 1726, 375, 7.12%, 0, 0, 3, 914.41
1570665837, 0, 78, 1751, 1727, 375, 7.12%, 0, 0, 3, 719.20
1570666058, 0, 78, 1752, 1728, 375, 7.13%, 0, 0, 3, 795.48
1570667491, 0, 101, 1752, 1727, 375, 7.13%, 0, 0, 3, 940.27
1570667501, 0, 101, 1753, 1728, 375, 7.13%, 0, 0, 3, 668.48
1570667568, 0, 101, 1754, 1729, 375, 7.13%, 0, 0, 3, 704.76
1570667573, 0, 101, 1755, 1730, 375, 7.13%, 0, 0, 3, 639.10
1570667599, 0, 101, 1756, 1731, 375, 7.13%, 0, 0, 3, 636.58
1570668087, 0, 101, 1757, 1732, 375, 7.13%, 0, 0, 3, 109.58
1570669227, 0, 102, 1757, 1731, 375, 7.13%, 0, 0, 3, 876.60
1570669233, 0, 102, 1758, 1732, 375, 7.13%, 0, 0, 3, 683.59
1570669304, 0, 102, 1759, 1733, 375, 7.13%, 0, 0, 3, 718.15
1570669870, 0, 102, 1760, 1734, 375, 7.13%, 0, 0, 3, 1103.48
1570670964, 0, 103, 1760, 1733, 375, 7.13%, 0, 0, 3, 1117.84
1570670974, 0, 103, 1761, 1734, 375, 7.13%, 0, 0, 3, 693.39
1570671041, 0, 103, 1762, 1735, 375, 7.13%, 0, 0, 3, 657.43
1570671061, 0, 103, 1763, 1736, 375, 7.14%, 0, 0, 3, 633.63
1570671256, 0, 103, 1764, 1737, 375, 7.14%, 0, 0, 3, 656.83
1570672695, 0, 103, 1765, 1738, 375, 7.14%, 0, 0, 3, 944.20
1570672700, 0, 103, 1770, 1743, 375, 7.14%, 0, 0, 3, 1675.64
1570672705, 0, 103, 1774, 1747, 375, 7.14%, 0, 0, 3, 1837.15
1570672710, 0, 103, 1783, 1756, 375, 7.14%, 0, 0, 3, 1868.27
1570672715, 0, 112, 1785, 1757, 380, 7.14%, 0, 0, 3, 1311.49
1570672793, 0, 112, 1787, 1759, 380, 7.14%, 0, 0, 3, 704.26
1570672798, 0, 112, 1788, 1760, 380, 7.14%, 0, 0, 3, 629.24
1570673122, 0, 112, 1789, 1761, 380, 7.14%, 0, 0, 3, 636.35
1570674452, 0, 113, 1789, 1760, 380, 7.14%, 0, 0, 3, 1075.22
1570674529, 0, 113, 1790, 1761, 380, 7.14%, 0, 0, 3, 663.43
1570674653, 0, 113, 1791, 1762, 380, 7.14%, 0, 0, 3, 638.12
1570676184, 0, 116, 1791, 1761, 380, 7.14%, 0, 0, 3, 1169.81
1570676267, 0, 116, 1792, 1762, 380, 7.14%, 0, 0, 3, 674.05
1570677922, 0, 116, 1797, 1767, 380, 7.14%, 0, 0, 3, 1431.31
1570677927, 0, 116, 1803, 1773, 380, 7.15%, 0, 0, 3, 1770.12
1570677932, 0, 116, 1806, 1776, 380, 7.15%, 0, 0, 3, 1840.79
1570677937, 0, 118, 1808, 1777, 376, 7.15%, 0, 0, 3, 2027.02
1570678234, 0, 118, 1809, 1778, 376, 7.15%, 0, 0, 3, 669.58
1570679672, 0, 122, 1809, 1777, 375, 7.15%, 0, 0, 3, 972.56
1570679749, 0, 122, 1810, 1778, 375, 7.15%, 0, 0, 3, 693.12
1570679990, 0, 122, 1811, 1779, 375, 7.16%, 0, 0, 3, 629.50
1570681409, 0, 123, 1811, 1778, 375, 7.16%, 0, 0, 3, 1149.52
1570681815, 0, 123, 1812, 1779, 375, 7.16%, 0, 0, 3, 636.57
1570682118, 0, 123, 1813, 1780, 375, 7.16%, 0, 0, 3, 653.49
1570683142, 0, 148, 1813, 1779, 374, 7.16%, 0, 0, 3, 1192.81
1570683152, 0, 148, 1814, 1780, 374, 7.16%, 0, 0, 3, 685.71
1570683220, 0, 148, 1815, 1781, 374, 7.16%, 0, 0, 3, 669.88
1570683409, 0, 148, 1816, 1782, 374, 7.16%, 0, 0, 3, 604.03
1570684884, 0, 148, 1820, 1786, 374, 7.16%, 0, 0, 3, 1626.62
1570684889, 0, 148, 1824, 1790, 374, 7.16%, 0, 0, 3, 1819.40
1570684894, 0, 148, 1829, 1795, 374, 7.16%, 0, 0, 3, 1873.91
1570684899, 0, 149, 1831, 1796, 377, 7.16%, 0, 0, 3, 1514.27
1570684976, 0, 149, 1832, 1797, 377, 7.16%, 0, 0, 3, 697.09
1570684997, 0, 149, 1833, 1798, 377, 7.16%, 0, 0, 3, 643.86
1570686627, 0, 152, 1833, 1797, 376, 7.16%, 0, 0, 3, 1121.42
1570688364, 0, 161, 1833, 1796, 375, 7.16%, 0, 0, 3, 860.46
1570688442, 0, 161, 1835, 1798, 375, 7.16%, 0, 0, 3, 694.61
1570688447, 0, 161, 1836, 1799, 375, 7.16%, 0, 0, 3, 615.81
1570688693, 0, 161, 1837, 1800, 375, 7.16%, 0, 0, 3, 629.05
1570688909, 0, 161, 1838, 1801, 375, 7.16%, 0, 0, 3, 629.56
1570690097, 0, 161, 1840, 1803, 375, 7.16%, 0, 0, 3, 1003.37
1570690102, 0, 161, 1844, 1807, 375, 7.16%, 0, 0, 3, 1683.92
1570690107, 0, 161, 1847, 1810, 375, 7.17%, 0, 0, 3, 1832.18
1570690112, 0, 161, 1848, 1811, 375, 7.17%, 0, 0, 3, 1894.94
1570690117, 0, 162, 1848, 1810, 375, 7.17%, 0, 0, 3, 1331.32
1570690128, 0, 162, 1849, 1811, 375, 7.17%, 0, 0, 3, 693.05
1570691849, 0, 163, 1849, 1810, 374, 7.17%, 0, 0, 3, 1318.46
1570691931, 0, 163, 1850, 1811, 374, 7.17%, 0, 0, 3, 673.70
1570693582, 0, 164, 1850, 1810, 373, 7.17%, 0, 0, 3, 1039.93
1570693659, 0, 164, 1851, 1811, 373, 7.17%, 0, 0, 3, 702.72
1570693664, 0, 164, 1852, 1812, 373, 7.17%, 0, 0, 3, 636.98
1570695311, 0, 165, 1852, 1811, 373, 7.17%, 0, 0, 3, 1355.62
1570695321, 0, 165, 1853, 1812, 373, 7.17%, 0, 0, 3, 703.00
1570695578, 0, 165, 1854, 1813, 373, 7.17%, 0, 0, 3, 621.19
1570696636, 0, 165, 1855, 1814, 373, 7.17%, 0, 0, 3, 737.53
1570697046, 0, 173, 1857, 1815, 373, 7.17%, 0, 0, 3, 1533.47
1570697067, 0, 173, 1858, 1816, 373, 7.17%, 0, 0, 3, 641.94
1570698264, 0, 173, 1859, 1817, 373, 7.17%, 0, 0, 3, 625.73
1570698777, 0, 173, 1860, 1818, 373, 7.17%, 0, 0, 3, 1068.85
1570698783, 0, 175, 1860, 1817, 372, 7.17%, 0, 0, 3, 876.88
1570698860, 0, 175, 1861, 1818, 372, 7.17%, 0, 0, 3, 708.72
1570700512, 0, 176, 1861, 1817, 371, 7.17%, 0, 0, 3, 1273.40
1570700589, 0, 176, 1863, 1819, 371, 7.17%, 0, 0, 3, 670.77
1570700702, 0, 176, 1864, 1820, 371, 7.17%, 0, 0, 3, 652.67
1570700845, 0, 176, 1865, 1821, 371, 7.17%, 0, 0, 3, 638.34
1570701210, 0, 176, 1866, 1822, 371, 7.18%, 0, 0, 3, 907.40
1570701728, 0, 176, 1867, 1823, 371, 7.18%, 0, 0, 3, 714.96
1570702046, 0, 176, 1870, 1826, 371, 7.18%, 0, 0, 3, 637.89
1570702242, 0, 178, 1871, 1826, 373, 7.18%, 0, 0, 3, 1278.14
1570702252, 0, 178, 1872, 1827, 373, 7.18%, 0, 0, 3, 692.87
1570703971, 0, 181, 1872, 1826, 372, 7.18%, 0, 0, 3, 1297.84
1570704054, 0, 181, 1873, 1827, 372, 7.18%, 0, 0, 3, 666.13
1570704612, 0, 181, 1874, 1828, 372, 7.18%, 0, 0, 3, 183.38
1570705700, 0, 184, 1876, 1829, 372, 7.18%, 0, 0, 3, 1166.63
1570705710, 0, 184, 1877, 1830, 372, 7.18%, 0, 0, 3, 687.23
1570705782, 0, 184, 1878, 1831, 372, 7.18%, 0, 0, 3, 643.17
1570705890, 0, 184, 1879, 1832, 372, 7.18%, 0, 0, 3, 674.18
1570706038, 0, 184, 1880, 1833, 372, 7.18%, 0, 0, 3, 637.74
1570707425, 0, 187, 1880, 1832, 371, 7.18%, 0, 0, 3, 1322.84
1570707435, 0, 187, 1881, 1833, 371, 7.18%, 0, 0, 3, 705.22
1570707517, 0, 187, 1882, 1834, 371, 7.18%, 0, 0, 3, 685.30
1570709154, 0, 188, 1882, 1833, 369, 7.18%, 0, 0, 3, 1249.53
1570709169, 0, 188, 1884, 1835, 369, 7.18%, 0, 0, 3, 652.21
1570709236, 0, 188, 1885, 1836, 369, 7.18%, 0, 0, 3, 692.81
1570709241, 0, 188, 1886, 1837, 369, 7.18%, 0, 0, 3, 609.37
1570709246, 0, 188, 1887, 1838, 369, 7.18%, 0, 0, 3, 685.09
1570709858, 0, 188, 1888, 1839, 369, 7.19%, 0, 0, 3, 682.71
1570710890, 0, 189, 1888, 1838, 369, 7.19%, 0, 0, 3, 1262.74
1570712620, 0, 191, 1888, 1837, 368, 7.19%, 0, 0, 3, 1670.28
1570712707, 0, 191, 1889, 1838, 368, 7.19%, 0, 0, 3, 2239.56
1570712763, 0, 191, 1890, 1839, 368, 7.19%, 0, 0, 3, 2254.29
1570712957, 0, 192, 1890, 1838, 367, 7.19%, 0, 0, 3, 1856.30
1570714694, 0, 194, 1891, 1838, 366, 7.19%, 0, 0, 3, 1810.04
1570715031, 0, 195, 1891, 1837, 365, 7.19%, 0, 0, 3, 2427.29
1570715057, 0, 195, 1892, 1838, 365, 7.19%, 0, 0, 3, 2254.42
1570715373, 0, 196, 1892, 1837, 364, 7.19%, 0, 0, 3, 1215.95
1570715450, 0, 196, 1893, 1838, 364, 7.19%, 0, 0, 3, 722.46
1570717104, 0, 196, 1895, 1840, 364, 7.19%, 0, 0, 3, 1281.04
1570717109, 0, 197, 1895, 1839, 364, 7.19%, 0, 0, 3, 2056.44
1570717447, 0, 202, 1895, 1838, 363, 7.19%, 0, 0, 3, 1348.18
1570717452, 0, 202, 1896, 1839, 363, 7.19%, 0, 0, 3, 785.07
1570717509, 0, 202, 1897, 1840, 363, 7.19%, 0, 0, 3, 628.28
1570717529, 0, 202, 1902, 1845, 363, 7.19%, 0, 0, 3, 622.81
1570717709, 0, 202, 1903, 1846, 363, 7.19%, 0, 0, 3, 715.55
1570718053, 0, 202, 1904, 1847, 363, 7.19%, 0, 0, 3, 101.35
1570718665, 0, 202, 1905, 1848, 363, 7.19%, 0, 0, 3, 638.04
1570718758, 0, 202, 1906, 1849, 363, 7.19%, 0, 0, 3, 760.18
1570719159, 0, 202, 1907, 1850, 363, 7.19%, 0, 0, 3, 689.53
1570719190, 0, 204, 1907, 1849, 362, 7.19%, 0, 0, 3, 1342.44
1570720931, 0, 206, 1907, 1848, 361, 7.19%, 0, 0, 3, 1338.45
1570722678, 0, 207, 1908, 1848, 360, 7.19%, 0, 0, 3, 1048.48
1570724416, 0, 209, 1908, 1847, 359, 7.19%, 0, 0, 3, 848.60
1570724493, 0, 209, 1909, 1848, 359, 7.19%, 0, 0, 3, 696.91
1570725721, 0, 209, 1910, 1849, 359, 7.19%, 0, 0, 3, 735.41
1570726153, 0, 212, 1910, 1848, 358, 7.19%, 0, 0, 3, 941.18
1570726164, 0, 212, 1911, 1849, 358, 7.19%, 0, 0, 3, 665.61
1570726235, 0, 212, 1916, 1854, 358, 7.19%, 0, 0, 3, 628.52
1570726508, 0, 212, 1917, 1855, 358, 7.19%, 0, 0, 3, 685.53
1570726770, 0, 212, 1918, 1856, 358, 7.19%, 0, 0, 3, 1397.54
1570727889, 0, 214, 1918, 1855, 358, 7.19%, 0, 0, 3, 1130.49
1570727894, 0, 214, 1919, 1856, 358, 7.19%, 0, 0, 3, 742.69
1570727899, 0, 214, 1920, 1857, 358, 7.20%, 0, 0, 3, 689.54
1570727905, 0, 214, 1921, 1858, 358, 7.20%, 0, 0, 3, 645.08
1570727966, 0, 214, 1922, 1859, 358, 7.20%, 0, 0, 3, 665.95
1570727971, 0, 214, 1924, 1861, 358, 7.20%, 0, 0, 3, 658.76
1570727992, 0, 214, 1927, 1864, 358, 7.21%, 0, 0, 3, 666.18
1570728243, 0, 214, 1930, 1867, 358, 7.22%, 0, 0, 3, 643.71
