# unix_time, cycles_done, cur_path, paths_total, pending_total, pending_favs, map_size, unique_crashes, unique_hangs, max_depth, execs_per_sec
1573376527, 0, 0, 1, 1, 1, 3.55%, 0, 0, 1, 727.27
1573376532, 0, 0, 89, 89, 1, 4.06%, 0, 0, 2, 874.32
1573376537, 0, 0, 186, 186, 1, 4.37%, 0, 0, 2, 777.22
1573376543, 0, 0, 248, 248, 1, 4.58%, 0, 0, 2, 776.06
1573376548, 0, 0, 267, 267, 1, 4.62%, 0, 0, 2, 757.93
1573376553, 0, 0, 270, 270, 1, 4.65%, 0, 0, 2, 754.51
1573376573, 0, 0, 274, 274, 1, 4.67%, 0, 0, 2, 749.21
1573376578, 0, 0, 280, 280, 1, 4.68%, 0, 0, 2, 751.89
1573376584, 0, 0, 338, 338, 1, 4.77%, 0, 0, 2, 751.55
1573376589, 0, 0, 348, 348, 1, 4.78%, 0, 0, 2, 752.52
1573376594, 0, 0, 350, 350, 1, 4.78%, 0, 0, 2, 754.14
1573376599, 0, 0, 447, 447, 1, 5.01%, 0, 0, 2, 847.17
1573376604, 0, 0, 609, 609, 1, 5.30%, 0, 0, 2, 128.08
1573376609, 0, 0, 689, 689, 1, 5.33%, 0, 0, 2, 676.17
1573376614, 0, 0, 780, 780, 1, 5.45%, 0, 0, 2, 714.44
1573376619, 0, 0, 797, 797, 1, 5.54%, 0, 0, 2, 764.99
1573376624, 0, 0, 810, 810, 1, 5.58%, 0, 0, 2, 791.33
1573376630, 0, 0, 818, 818, 1, 5.61%, 0, 0, 2, 763.22
1573376635, 0, 0, 824, 824, 1, 5.64%, 0, 0, 2, 756.37
1573376660, 0, 0, 825, 825, 1, 5.64%, 0, 0, 2, 754.27
1573376665, 0, 0, 826, 826, 1, 5.64%, 0, 0, 2, 753.27
1573376670, 0, 0, 828, 828, 1, 5.64%, 0, 0, 2, 753.21
1573376681, 0, 0, 836, 836, 1, 5.64%, 0, 0, 2, 767.58
1573376686, 0, 0, 881, 881, 1, 5.69%, 0, 0, 2, 757.85
1573376691, 0, 0, 899, 899, 1, 5.69%, 0, 0, 2, 719.63
1573376696, 0, 0, 917, 917, 1, 5.71%, 0, 0, 2, 785.72
1573376701, 0, 0, 920, 920, 1, 5.74%, 0, 0, 2, 792.00
1573376706, 0, 0, 921, 921, 1, 5.74%, 0, 0, 2, 770.95
1573376711, 0, 0, 926, 926, 1, 5.77%, 0, 0, 2, 753.15
1573376737, 0, 0, 928, 928, 1, 5.77%, 0, 0, 2, 752.86
1573376747, 0, 0, 929, 929, 1, 5.77%, 0, 0, 2, 753.16
1573376757, 0, 0, 930, 930, 1, 5.77%, 0, 0, 2, 753.66
1573376762, 0, 0, 947, 947, 1, 5.83%, 0, 0, 2, 789.30
1573376768, 0, 0, 954, 954, 1, 5.83%, 0, 0, 2, 698.15
1573376773, 0, 0, 964, 964, 1, 5.83%, 0, 0, 2, 779.54
1573376783, 0, 0, 971, 971, 1, 5.84%, 0, 0, 2, 754.60
1573376788, 0, 0, 981, 981, 1, 5.86%, 0, 0, 2, 767.50
1573376793, 0, 0, 996, 996, 1, 6.16%, 0, 0, 2, 864.60
1573376798, 0, 0, 1013, 1013, 1, 6.16%, 0, 0, 2, 827.89
1573376803, 0, 0, 1016, 1016, 1, 6.18%, 0, 0, 2, 771.34
1573376808, 0, 0, 1019, 1019, 1, 6.19%, 0, 0, 2, 757.47
1573376824, 0, 0, 1020, 1020, 1, 6.20%, 0, 0, 2, 753.60
1573376839, 0, 0, 1026, 1026, 1, 6.21%, 0, 0, 2, 779.66
1573376844, 0, 0, 1028, 1028, 1, 6.21%, 0, 0, 2, 827.47
1573376849, 0, 0, 1033, 1033, 1, 6.23%, 0, 0, 2, 768.34
1573376854, 0, 0, 1036, 1036, 1, 6.25%, 0, 0, 2, 755.40
1573376859, 0, 0, 1037, 1037, 1, 6.26%, 0, 0, 2, 754.81
1573376864, 0, 0, 1038, 1038, 1, 6.26%, 0, 0, 2, 753.04
1573376880, 0, 0, 1039, 1039, 1, 6.30%, 0, 0, 2, 754.32
1573376885, 0, 0, 1041, 1041, 1, 6.30%, 0, 0, 2, 754.50
1573376890, 0, 0, 1043, 1043, 1, 6.32%, 0, 0, 2, 756.26
1573376895, 0, 0, 1045, 1045, 1, 6.33%, 0, 0, 2, 755.09
1573376905, 0, 0, 1047, 1047, 1, 6.33%, 0, 0, 2, 753.86
1573376926, 0, 0, 1048, 1048, 1, 6.33%, 0, 0, 2, 753.33
1573376967, 0, 0, 1050, 1050, 1, 6.34%, 0, 0, 2, 753.64
1573376972, 0, 0, 1051, 1051, 1, 6.34%, 0, 0, 2, 752.44
1573376977, 0, 0, 1052, 1052, 1, 6.34%, 0, 0, 2, 753.17
1573376982, 0, 0, 1054, 1054, 1, 6.34%, 0, 0, 2, 752.84
1573377003, 0, 0, 1055, 1055, 1, 6.34%, 0, 0, 2, 752.61
1573377033, 0, 0, 1061, 1061, 1, 6.36%, 0, 0, 2, 680.80
1573377038, 0, 0, 1070, 1070, 1, 6.37%, 0, 0, 2, 864.02
1573377043, 0, 0, 1086, 1086, 1, 6.45%, 0, 0, 2, 1290.83
1573377049, 0, 0, 1093, 1093, 1, 6.46%, 0, 0, 2, 1355.85
1573377054, 0, 0, 1104, 1104, 1, 6.47%, 0, 0, 2, 142.86
1573377059, 0, 0, 1107, 1107, 1, 6.47%, 0, 0, 2, 1036.20
1573377064, 0, 0, 1111, 1111, 1, 6.47%, 0, 0, 2, 829.29
1573377069, 0, 0, 1119, 1119, 1, 6.47%, 0, 0, 2, 1472.75
1573377074, 0, 0, 1123, 1123, 1, 6.48%, 0, 0, 2, 124.47
1573377079, 0, 0, 1124, 1124, 1, 6.48%, 0, 0, 2, 70.97
1573377085, 0, 0, 1129, 1129, 1, 6.48%, 0, 0, 2, 1248.29
1573377095, 0, 0, 1133, 1133, 1, 6.48%, 0, 0, 2, 1413.05
1573377100, 0, 0, 1134, 1134, 1, 6.48%, 0, 0, 2, 212.17
1573377105, 0, 0, 1168, 1168, 1, 6.50%, 0, 0, 2, 1009.84
1573377110, 0, 0, 1177, 1177, 1, 6.50%, 0, 0, 2, 1121.14
1573377125, 0, 0, 1179, 1179, 1, 6.51%, 0, 0, 2, 755.64
1573377140, 0, 0, 1180, 1180, 1, 6.51%, 0, 0, 2, 835.04
1573377145, 0, 0, 1181, 1181, 1, 6.51%, 0, 0, 2, 828.88
1573377166, 0, 0, 1182, 1182, 1, 6.51%, 0, 0, 2, 753.28
1573377176, 0, 0, 1183, 1183, 1, 6.52%, 0, 0, 2, 753.43
1573377212, 0, 0, 1184, 1184, 1, 6.52%, 0, 0, 2, 755.60
1573377217, 0, 0, 1185, 1185, 1, 6.52%, 0, 0, 2, 754.57
1573377222, 0, 0, 1187, 1187, 1, 6.52%, 0, 0, 2, 755.83
1573377227, 0, 0, 1190, 1190, 1, 6.52%, 0, 0, 2, 756.46
1573377247, 0, 0, 1191, 1191, 1, 6.52%, 0, 0, 2, 753.76
1573377253, 0, 0, 1194, 1194, 1, 6.52%, 0, 0, 2, 751.57
1573377263, 0, 0, 1195, 1195, 1, 6.52%, 0, 0, 2, 753.01
1573377288, 0, 0, 1196, 1196, 1, 6.52%, 0, 0, 2, 753.38
1573377298, 0, 0, 1197, 1197, 1, 6.52%, 0, 0, 2, 818.87
1573377303, 0, 0, 1199, 1199, 1, 6.52%, 0, 0, 2, 1236.17
1573377319, 0, 0, 1200, 1200, 1, 6.52%, 0, 0, 2, 192.34
1573377339, 0, 0, 1201, 1201, 1, 6.52%, 0, 0, 2, 1165.00
1573377354, 0, 0, 1202, 1202, 1, 6.52%, 0, 0, 2, 921.73
1573377385, 0, 0, 1203, 1203, 1, 6.52%, 0, 0, 2, 1183.97
1573377421, 0, 0, 1204, 1204, 1, 6.52%, 0, 0, 2, 759.26
1573377482, 0, 0, 1205, 1205, 1, 6.52%, 0, 0, 2, 753.58
1573377507, 0, 0, 1206, 1206, 1, 6.52%, 0, 0, 2, 766.15
1573377549, 0, 0, 1207, 1207, 1, 6.53%, 0, 0, 2, 2289.19
1573377565, 0, 0, 1208, 1208, 1, 6.53%, 0, 0, 2, 885.28
1573377580, 0, 0, 1218, 1218, 1, 6.54%, 0, 0, 2, 799.24
1573377585, 0, 0, 1219, 1219, 1, 6.55%, 0, 0, 2, 771.10
1573377636, 0, 0, 1220, 1220, 1, 6.55%, 0, 0, 2, 753.50
1573377652, 0, 0, 1223, 1223, 1, 6.55%, 0, 0, 2, 820.12
1573377657, 0, 0, 1230, 1230, 1, 6.55%, 0, 0, 2, 832.55
1573377662, 0, 0, 1235, 1235, 1, 6.56%, 0, 0, 2, 741.13
1573377667, 0, 0, 1245, 1245, 1, 6.59%, 0, 0, 2, 969.01
1573377799, 0, 0, 1247, 1247, 1, 6.60%, 0, 0, 2, 929.44
1573377804, 0, 0, 1250, 1250, 1, 6.60%, 0, 0, 2, 755.00
1573377810, 0, 0, 1259, 1259, 1, 6.61%, 0, 0, 2, 852.30
1573377830, 0, 0, 1262, 1262, 1, 6.61%, 0, 0, 2, 1097.71
1573377840, 0, 0, 1263, 1263, 1, 6.61%, 0, 0, 2, 775.68
1573377845, 0, 0, 1265, 1265, 1, 6.62%, 0, 0, 2, 864.47
1573377922, 0, 0, 1266, 1266, 1, 6.62%, 0, 0, 2, 862.60
1573377927, 0, 0, 1267, 1267, 1, 6.62%, 0, 0, 2, 2004.95
1573377932, 0, 0, 1272, 1272, 1, 6.62%, 0, 0, 2, 549.44
1573377948, 0, 0, 1279, 1279, 1, 6.63%, 0, 0, 2, 897.57
1573377953, 0, 0, 1317, 1317, 1, 6.66%, 0, 0, 2, 1921.25
1573377958, 0, 0, 1342, 1342, 1, 6.67%, 0, 0, 2, 2115.19
1573377963, 0, 0, 1359, 1359, 1, 6.67%, 0, 0, 2, 2189.17
1573377968, 0, 2, 1370, 1369, 328, 6.70%, 0, 0, 3, 3091.64
1573377973, 0, 2, 1374, 1373, 328, 6.85%, 0, 0, 3, 3285.34
1573377978, 0, 3, 1376, 1374, 339, 6.86%, 0, 0, 3, 3347.67
1573377984, 0, 3, 1378, 1376, 339, 6.86%, 0, 0, 3, 3334.90
1573377989, 0, 4, 1378, 1375, 340, 6.86%, 0, 0, 3, 3348.90
1573377994, 0, 6, 1378, 1374, 339, 6.86%, 0, 0, 3, 3363.01
1573377999, 0, 6, 1385, 1381, 339, 6.89%, 0, 0, 3, 3339.82
1573378004, 0, 8, 1386, 1381, 339, 6.89%, 0, 0, 3, 2298.13
1573378148, 0, 8, 1387, 1382, 339, 6.89%, 0, 0, 3, 845.58
1573378255, 0, 8, 1388, 1383, 339, 6.89%, 0, 0, 3, 869.19
1573378828, 0, 8, 1389, 1384, 339, 6.89%, 0, 0, 3, 66.47
1573379410, 0, 8, 1400, 1395, 339, 6.90%, 0, 0, 3, 1723.35
1573379416, 0, 8, 1416, 1411, 339, 6.90%, 0, 0, 3, 2048.90
1573379421, 0, 8, 1427, 1422, 339, 6.96%, 0, 0, 3, 2110.75
1573379426, 0, 9, 1430, 1424, 336, 6.96%, 0, 0, 3, 1499.10
1573379441, 0, 9, 1431, 1425, 336, 6.96%, 0, 0, 3, 770.57
1573379467, 0, 9, 1432, 1426, 336, 6.96%, 0, 0, 3, 761.24
1573379472, 0, 9, 1433, 1427, 336, 6.96%, 0, 0, 3, 759.61
1573379483, 0, 9, 1434, 1428, 336, 6.96%, 0, 0, 3, 758.92
1573379493, 0, 9, 1443, 1437, 336, 6.98%, 0, 0, 3, 781.67
1573379498, 0, 9, 1445, 1439, 336, 6.98%, 0, 0, 3, 700.55
1573379503, 0, 9, 1452, 1446, 336, 6.98%, 0, 0, 3, 785.13
1573379576, 0, 9, 1453, 1447, 336, 6.98%, 0, 0, 3, 771.24
1573379643, 0, 9, 1454, 1448, 336, 6.98%, 0, 0, 3, 821.67
1573379648, 0, 9, 1455, 1449, 336, 6.98%, 0, 0, 3, 737.40
1573379653, 0, 9, 1458, 1452, 336, 6.98%, 0, 0, 3, 792.13
1573379663, 0, 9, 1459, 1453, 336, 6.98%, 0, 0, 3, 759.66
1573379896, 0, 9, 1460, 1454, 336, 6.98%, 0, 0, 3, 758.58
1573379917, 0, 9, 1461, 1455, 336, 6.98%, 0, 0, 3, 102.33
1573379922, 0, 9, 1462, 1456, 336, 6.98%, 0, 0, 3, 1222.18
1573379927, 0, 9, 1463, 1457, 336, 6.98%, 0, 0, 3, 1290.38
1573379942, 0, 9, 1464, 1458, 336, 6.98%, 0, 0, 3, 165.70
1573379952, 0, 9, 1465, 1459, 336, 6.98%, 0, 0, 3, 1342.85
1573379958, 0, 9, 1466, 1460, 336, 6.98%, 0, 0, 3, 1372.98
1573379983, 0, 9, 1470, 1464, 336, 6.98%, 0, 0, 3, 1110.70
1573380024, 0, 9, 1472, 1466, 336, 6.99%, 0, 0, 3, 767.76
1573380536, 0, 9, 1473, 1467, 336, 6.99%, 0, 0, 3, 803.84
1573380808, 0, 9, 1474, 1468, 336, 6.99%, 0, 0, 3, 853.88
1573380828, 0, 9, 1482, 1476, 336, 6.99%, 0, 0, 3, 1445.26
1573380834, 0, 9, 1495, 1489, 336, 7.03%, 0, 0, 3, 1969.48
1573380839, 0, 9, 1511, 1505, 336, 7.04%, 0, 0, 3, 2155.66
1573380844, 0, 11, 1518, 1511, 343, 7.04%, 0, 0, 3, 2449.56
1573380859, 0, 11, 1520, 1513, 343, 7.04%, 0, 0, 3, 2568.22
1573380864, 0, 11, 1545, 1538, 343, 7.04%, 0, 0, 3, 2647.25
1573380910, 0, 11, 1546, 1539, 343, 7.04%, 0, 0, 3, 2614.81
1573380916, 0, 11, 1549, 1542, 343, 7.04%, 0, 0, 3, 2661.09
1573381099, 0, 11, 1551, 1544, 343, 7.04%, 0, 0, 3, 2701.72
1573381130, 0, 11, 1552, 1545, 343, 7.04%, 0, 0, 3, 2713.52
1573381135, 0, 11, 1554, 1547, 343, 7.05%, 0, 0, 3, 2719.46
1573381140, 0, 11, 1560, 1553, 343, 7.06%, 0, 0, 3, 3037.83
1573381145, 0, 11, 1565, 1558, 343, 7.06%, 0, 0, 3, 3110.83
1573381151, 0, 13, 1568, 1560, 347, 7.06%, 0, 0, 3, 1514.59
1573381212, 0, 13, 1570, 1562, 347, 7.06%, 0, 0, 3, 760.29
1573381217, 0, 13, 1572, 1564, 347, 7.06%, 0, 0, 3, 774.52
1573381222, 0, 13, 1573, 1565, 347, 7.06%, 0, 0, 3, 711.43
1573381401, 0, 13, 1577, 1569, 347, 7.07%, 0, 0, 3, 945.98
1573382271, 0, 13, 1578, 1570, 347, 7.07%, 0, 0, 3, 921.32
1573382429, 0, 13, 1579, 1571, 347, 7.07%, 0, 0, 3, 746.17
1573382577, 0, 13, 1580, 1572, 347, 7.07%, 0, 0, 3, 895.71
1573382582, 0, 13, 1582, 1574, 347, 7.07%, 0, 0, 3, 810.19
1573382587, 0, 13, 1583, 1575, 347, 7.07%, 0, 0, 3, 713.29
1573382608, 0, 13, 1586, 1578, 347, 7.07%, 0, 0, 3, 1573.36
1573382613, 0, 13, 1598, 1590, 347, 7.09%, 0, 0, 3, 1946.59
1573382618, 0, 17, 1613, 1604, 354, 7.14%, 0, 0, 3, 2057.42
1573382664, 0, 17, 1615, 1606, 354, 7.14%, 0, 0, 3, 750.79
1573382684, 0, 17, 1619, 1610, 354, 7.14%, 0, 0, 3, 824.05
1573382689, 0, 17, 1620, 1611, 354, 7.14%, 0, 0, 3, 738.98
1573382694, 0, 17, 1622, 1613, 354, 7.15%, 0, 0, 3, 814.73
1573382772, 0, 17, 1623, 1614, 354, 7.15%, 0, 0, 3, 816.24
1573382874, 0, 17, 1626, 1617, 354, 7.15%, 0, 0, 3, 841.27
1573383688, 0, 17, 1632, 1623, 354, 7.17%, 0, 0, 3, 751.17
1573384060, 0, 17, 1635, 1626, 354, 7.17%, 0, 0, 3, 1621.66
1573384065, 0, 17, 1646, 1637, 354, 7.17%, 0, 0, 3, 2051.80
1573384070, 0, 22, 1649, 1639, 365, 7.17%, 0, 0, 3, 3011.74
1573384075, 0, 22, 1654, 1644, 365, 7.19%, 0, 0, 3, 3238.42
1573384081, 0, 23, 1655, 1644, 367, 7.20%, 0, 0, 3, 3144.99
1573384096, 0, 23, 1656, 1645, 367, 7.21%, 0, 0, 3, 3048.07
1573384106, 0, 23, 1657, 1646, 367, 7.21%, 0, 0, 3, 3063.93
1573384111, 0, 23, 1659, 1648, 367, 7.22%, 0, 0, 3, 3056.73
1573384187, 0, 23, 1664, 1653, 367, 7.22%, 0, 0, 3, 3095.04
1573384192, 0, 23, 1673, 1662, 367, 7.22%, 0, 0, 3, 3239.08
1573384197, 0, 30, 1679, 1667, 365, 7.22%, 0, 0, 3, 3205.10
1573384254, 0, 30, 1680, 1668, 365, 7.22%, 0, 0, 3, 3118.64
1573384259, 0, 30, 1681, 1669, 365, 7.22%, 0, 0, 3, 3130.56
1573384274, 0, 31, 1681, 1668, 364, 7.22%, 0, 0, 3, 3190.89
1573384279, 0, 31, 1682, 1669, 364, 7.22%, 0, 0, 3, 2990.23
1573384295, 0, 31, 1683, 1670, 364, 7.22%, 0, 0, 3, 2956.38
1573384391, 0, 31, 1684, 1671, 364, 7.22%, 0, 0, 3, 3104.08
1573384397, 0, 34, 1684, 1670, 363, 7.22%, 0, 0, 3, 1541.75
1573384402, 0, 34, 1685, 1671, 363, 7.22%, 0, 0, 3, 894.06
1573384442, 0, 34, 1686, 1672, 363, 7.22%, 0, 0, 3, 682.07
1573384452, 0, 34, 1687, 1673, 363, 7.22%, 0, 0, 3, 681.18
1573384457, 0, 34, 1688, 1674, 363, 7.22%, 0, 0, 3, 683.13
1573384467, 0, 34, 1693, 1679, 363, 7.22%, 0, 0, 3, 734.61
1573384478, 0, 34, 1699, 1685, 363, 7.22%, 0, 0, 3, 716.03
1573384483, 0, 34, 1701, 1687, 363, 7.22%, 0, 0, 3, 698.37
1573384550, 0, 34, 1702, 1688, 363, 7.22%, 0, 0, 3, 698.77
1573384555, 0, 34, 1703, 1689, 363, 7.22%, 0, 0, 3, 739.91
1573384565, 0, 34, 1705, 1691, 363, 7.22%, 0, 0, 3, 718.09
1573384636, 0, 34, 1707, 1693, 363, 7.22%, 0, 0, 3, 768.19
1573384651, 0, 34, 1708, 1694, 363, 7.22%, 0, 0, 3, 693.25
1573384934, 0, 34, 1711, 1697, 363, 7.23%, 0, 0, 3, 681.34
1573384965, 0, 34, 1713, 1699, 363, 7.23%, 0, 0, 3, 1371.21
1573384970, 0, 34, 1714, 1700, 363, 7.23%, 0, 0, 3, 1294.47
1573384980, 0, 34, 1715, 1701, 363, 7.23%, 0, 0, 3, 1410.19
1573384985, 0, 34, 1717, 1703, 363, 7.23%, 0, 0, 3, 141.70
1573385026, 0, 34, 1721, 1707, 363, 7.23%, 0, 0, 3, 1201.69
1573385031, 0, 34, 1722, 1708, 363, 7.23%, 0, 0, 3, 1042.97
1573385253, 0, 34, 1723, 1709, 363, 7.23%, 0, 0, 3, 1681.04
1573385524, 0, 34, 1724, 1710, 363, 7.23%, 0, 0, 3, 1047.61
1573385651, 0, 34, 1727, 1713, 363, 7.23%, 0, 0, 3, 892.82
1573386026, 0, 34, 1729, 1715, 363, 7.23%, 0, 0, 3, 688.13
1573386051, 0, 34, 1730, 1716, 363, 7.23%, 0, 0, 3, 1156.43
1573386056, 0, 34, 1740, 1726, 363, 7.24%, 0, 0, 3, 1924.57
1573386061, 0, 48, 1741, 1726, 370, 7.24%, 0, 0, 3, 1827.01
1573386138, 0, 48, 1742, 1727, 370, 7.24%, 0, 0, 3, 798.86
1573386317, 0, 48, 1743, 1728, 370, 7.24%, 0, 0, 3, 849.48
1573387525, 0, 48, 1745, 1730, 370, 7.24%, 0, 0, 3, 1378.27
1573387530, 0, 48, 1751, 1736, 370, 7.24%, 0, 0, 3, 2008.87
1573387535, 0, 69, 1756, 1740, 369, 7.24%, 0, 0, 3, 1612.77
1573387602, 0, 69, 1757, 1741, 369, 7.24%, 0, 0, 3, 811.23
1573387797, 0, 69, 1758, 1742, 369, 7.24%, 0, 0, 3, 764.84
1573388057, 0, 69, 1759, 1743, 369, 7.24%, 0, 0, 3, 1610.00
1573388824, 0, 69, 1760, 1744, 369, 7.24%, 0, 0, 3, 885.05
1573388998, 0, 69, 1761, 1745, 369, 7.24%, 0, 0, 3, 1025.67
1573389003, 0, 69, 1767, 1751, 369, 7.24%, 0, 0, 3, 1976.66
1573389008, 0, 102, 1769, 1752, 369, 7.24%, 0, 0, 3, 1809.40
1573389013, 0, 102, 1770, 1753, 369, 7.24%, 0, 0, 3, 977.62
1573389075, 0, 102, 1772, 1755, 369, 7.24%, 0, 0, 3, 833.20
1573389510, 0, 102, 1773, 1756, 369, 7.24%, 0, 0, 3, 1065.89
1573390476, 0, 102, 1778, 1761, 369, 7.24%, 0, 0, 3, 1762.82
1573390481, 0, 103, 1784, 1766, 367, 7.24%, 0, 0, 3, 2277.06
1573390491, 0, 103, 1785, 1767, 367, 7.24%, 0, 0, 3, 871.30
1573390553, 0, 103, 1787, 1769, 367, 7.24%, 0, 0, 3, 751.76
1573390563, 0, 103, 1788, 1770, 367, 7.25%, 0, 0, 3, 769.15
1573391947, 0, 103, 1790, 1772, 367, 7.25%, 0, 0, 3, 1446.94
1573391952, 0, 103, 1797, 1779, 367, 7.25%, 0, 0, 3, 2056.95
1573391957, 0, 118, 1797, 1778, 368, 7.25%, 0, 0, 3, 1587.04
1573392049, 0, 118, 1798, 1779, 368, 7.25%, 0, 0, 3, 757.68
1573392203, 0, 118, 1799, 1780, 368, 7.25%, 0, 0, 3, 768.15
1573393413, 0, 118, 1800, 1781, 368, 7.25%, 0, 0, 3, 1587.25
1573393419, 0, 118, 1806, 1787, 368, 7.25%, 0, 0, 3, 2047.55
1573393424, 0, 123, 1806, 1786, 367, 7.25%, 0, 0, 3, 1493.51
1573393429, 0, 123, 1807, 1787, 367, 7.25%, 0, 0, 3, 910.65
1573393490, 0, 123, 1808, 1788, 367, 7.25%, 0, 0, 3, 825.38
1573393766, 0, 123, 1809, 1789, 367, 7.25%, 0, 0, 3, 753.60
1573394021, 0, 123, 1810, 1790, 367, 7.25%, 0, 0, 3, 793.95
1573394877, 0, 123, 1817, 1797, 367, 7.25%, 0, 0, 3, 1958.51
1573394883, 0, 148, 1823, 1802, 368, 7.25%, 0, 0, 3, 1922.01
1573394888, 0, 148, 1824, 1803, 368, 7.26%, 0, 0, 3, 1030.93
1573394949, 0, 148, 1825, 1804, 368, 7.26%, 0, 0, 3, 828.91
1573395102, 0, 148, 1826, 1805, 368, 7.26%, 0, 0, 3, 737.95
1573395367, 0, 148, 1827, 1806, 368, 7.26%, 0, 0, 3, 1189.28
1573396321, 0, 148, 1830, 1809, 368, 7.26%, 0, 0, 3, 1998.20
1573396326, 0, 152, 1832, 1810, 368, 7.26%, 0, 0, 3, 2074.16
1573396347, 0, 152, 1833, 1811, 368, 7.26%, 0, 0, 3, 774.51
1573397760, 0, 152, 1835, 1813, 368, 7.26%, 0, 0, 3, 1510.78
1573397766, 0, 152, 1839, 1817, 368, 7.26%, 0, 0, 3, 2053.46
1573397771, 0, 156, 1841, 1818, 368, 7.26%, 0, 0, 3, 1540.16
1573399205, 0, 156, 1851, 1828, 368, 7.27%, 0, 0, 3, 1915.48
1573399210, 0, 161, 1854, 1830, 368, 7.27%, 0, 0, 3, 1897.46
1573399277, 0, 161, 1855, 1831, 368, 7.27%, 0, 0, 3, 819.03
1573399282, 0, 161, 1856, 1832, 368, 7.27%, 0, 0, 3, 723.76
1573399485, 0, 161, 1857, 1833, 368, 7.27%, 0, 0, 3, 772.26
1573400643, 0, 161, 1861, 1837, 368, 7.27%, 0, 0, 3, 1711.92
1573400648, 0, 162, 1865, 1840, 370, 7.27%, 0, 0, 3, 2286.90
1573400658, 0, 162, 1866, 1841, 370, 7.27%, 0, 0, 3, 887.92
1573402082, 0, 162, 1867, 1842, 370, 7.27%, 0, 0, 3, 1542.73
1573402087, 0, 163, 1867, 1841, 368, 7.27%, 0, 0, 3, 1383.89
1573402148, 0, 163, 1868, 1842, 368, 7.27%, 0, 0, 3, 765.01
1573403519, 0, 164, 1868, 1841, 367, 7.27%, 0, 0, 3, 1412.50
1573403586, 0, 164, 1870, 1843, 367, 7.27%, 0, 0, 3, 798.33
1573404952, 0, 164, 1877, 1850, 367, 7.27%, 0, 0, 3, 2004.37
1573404957, 0, 165, 1878, 1850, 367, 7.27%, 0, 0, 3, 1944.70
1573404967, 0, 165, 1879, 1851, 367, 7.27%, 0, 0, 3, 853.05
1573406054, 0, 165, 1880, 1852, 367, 7.27%, 0, 0, 3, 840.51
1573406395, 0, 165, 1882, 1854, 367, 7.27%, 0, 0, 3, 1990.85
1573406400, 0, 173, 1887, 1858, 368, 7.28%, 0, 0, 3, 2070.24
1573406410, 0, 173, 1888, 1859, 368, 7.28%, 0, 0, 3, 858.10
1573406415, 0, 173, 1889, 1860, 368, 7.28%, 0, 0, 3, 790.31
1573407430, 0, 173, 1890, 1861, 368, 7.28%, 0, 0, 3, 739.68
1573407866, 0, 176, 1890, 1860, 367, 7.28%, 0, 0, 3, 1059.94
1573407871, 0, 176, 1891, 1861, 367, 7.28%, 0, 0, 3, 847.08
1573407927, 0, 176, 1893, 1863, 367, 7.28%, 0, 0, 3, 767.92
1573408148, 0, 176, 1895, 1865, 367, 7.28%, 0, 0, 3, 746.70
1573408451, 0, 176, 1896, 1866, 367, 7.29%, 0, 0, 3, 751.44
1573408895, 0, 176, 1897, 1867, 367, 7.29%, 0, 0, 3, 745.62
1573409166, 0, 176, 1900, 1870, 367, 7.29%, 0, 0, 3, 756.44
1573409330, 0, 176, 1906, 1876, 367, 7.29%, 0, 0, 3, 2064.33
1573409336, 0, 181, 1908, 1877, 371, 7.29%, 0, 0, 3, 2008.20
1573409880, 0, 181, 1909, 1878, 371, 7.29%, 0, 0, 3, 1068.80
1573410803, 0, 183, 1909, 1877, 370, 7.29%, 0, 0, 3, 1097.46
1573410870, 0, 183, 1911, 1879, 370, 7.29%, 0, 0, 3, 731.07
1573411287, 0, 183, 1912, 1880, 370, 7.29%, 0, 0, 3, 778.77
1573412262, 0, 183, 1920, 1888, 370, 7.32%, 0, 0, 3, 1961.32
1573412267, 0, 183, 1923, 1891, 370, 7.32%, 0, 0, 3, 2118.02
1573412272, 0, 184, 1924, 1891, 368, 7.32%, 0, 0, 3, 1411.40
1573412277, 0, 184, 1926, 1893, 368, 7.32%, 0, 0, 3, 933.51
1573412348, 0, 184, 1927, 1894, 368, 7.32%, 0, 0, 3, 792.78
1573412431, 0, 184, 1928, 1895, 368, 7.32%, 0, 0, 3, 806.13
1573412559, 0, 184, 1929, 1896, 368, 7.32%, 0, 0, 3, 868.70
1573413027, 0, 184, 1930, 1897, 368, 7.32%, 0, 0, 3, 2194.60
1573413739, 0, 189, 1930, 1896, 366, 7.32%, 0, 0, 3, 1655.75
1573415203, 0, 189, 1932, 1898, 366, 7.32%, 0, 0, 3, 1836.22
1573415208, 0, 189, 1933, 1899, 366, 7.32%, 0, 0, 3, 2182.58
1573415213, 0, 194, 1937, 1902, 363, 7.32%, 0, 0, 3, 2455.67
1573415284, 0, 194, 1938, 1903, 363, 7.32%, 0, 0, 3, 2691.88
1573415505, 0, 195, 1938, 1902, 362, 7.32%, 0, 0, 3, 2748.58
1573415525, 0, 195, 1939, 1903, 362, 7.33%, 0, 0, 3, 2655.19
1573415790, 0, 196, 1939, 1902, 361, 7.33%, 0, 0, 3, 3016.75
1573415863, 0, 196, 1940, 1903, 361, 7.33%, 0, 0, 3, 717.40
1573417259, 0, 196, 1942, 1905, 361, 7.33%, 0, 0, 3, 1853.89
1573417264, 0, 196, 1944, 1907, 361, 7.33%, 0, 0, 3, 2104.58
1573417269, 0, 197, 1945, 1907, 362, 7.33%, 0, 0, 3, 2493.98
1573417274, 0, 197, 1946, 1908, 362, 7.33%, 0, 0, 3, 2607.79
1573417555, 0, 202, 1946, 1907, 361, 7.33%, 0, 0, 3, 2690.94
1573417565, 0, 202, 1947, 1908, 361, 7.33%, 0, 0, 3, 875.71
1573417606, 0, 202, 1948, 1909, 361, 7.33%, 0, 0, 3, 751.20
1573417626, 0, 202, 1953, 1914, 361, 7.33%, 0, 0, 3, 741.98
1573417779, 0, 202, 1954, 1915, 361, 7.33%, 0, 0, 3, 765.68
1573418071, 0, 202, 1955, 1916, 361, 7.33%, 0, 0, 3, 194.09
1573418594, 0, 202, 1956, 1917, 361, 7.33%, 0, 0, 3, 813.88
1573418671, 0, 202, 1957, 1918, 361, 7.33%, 0, 0, 3, 828.21
1573419003, 0, 202, 1958, 1919, 361, 7.33%, 0, 0, 3, 757.18
1573419034, 0, 202, 1961, 1922, 361, 7.33%, 0, 0, 3, 1973.01
1573419039, 0, 202, 1966, 1927, 361, 7.35%, 0, 0, 3, 2168.08
1573419044, 0, 203, 1967, 1927, 366, 7.35%, 0, 0, 3, 1307.39
1573420307, 0, 203, 1968, 1928, 366, 7.35%, 0, 0, 3, 806.44
1573420507, 0, 203, 1969, 1929, 366, 7.35%, 0, 0, 3, 1328.27
1573420512, 0, 203, 1970, 1930, 366, 7.35%, 0, 0, 3, 2035.05
1573420517, 0, 212, 1972, 1931, 363, 7.35%, 0, 0, 3, 2287.60
1573420527, 0, 212, 1973, 1932, 363, 7.35%, 0, 0, 3, 876.61
1573420532, 0, 212, 1974, 1933, 363, 7.35%, 0, 0, 3, 788.52
1573420589, 0, 212, 1975, 1934, 363, 7.35%, 0, 0, 3, 748.54
1573420816, 0, 212, 1976, 1935, 363, 7.36%, 0, 0, 3, 778.95
1573421042, 0, 212, 1977, 1936, 363, 7.36%, 0, 0, 3, 121.88
1573421990, 0, 212, 1981, 1940, 363, 7.36%, 0, 0, 3, 2021.82
1573421995, 0, 214, 1985, 1943, 362, 7.36%, 0, 0, 3, 2251.15
1573422005, 0, 214, 1986, 1944, 362, 7.36%, 0, 0, 3, 872.47
1573422010, 0, 214, 1987, 1945, 362, 7.36%, 0, 0, 3, 781.18
1573422062, 0, 214, 1988, 1946, 362, 7.36%, 0, 0, 3, 772.52
1573422067, 0, 214, 1989, 1947, 362, 7.36%, 0, 0, 3, 748.39
1573422082, 0, 214, 1992, 1950, 362, 7.37%, 0, 0, 3, 790.26
1573422298, 0, 214, 1995, 1953, 362, 7.38%, 0, 0, 3, 830.62
1573422509, 0, 214, 1996, 1954, 362, 7.38%, 0, 0, 3, 127.27
1573423309, 0, 214, 1997, 1955, 362, 7.39%, 0, 0, 3, 792.05
1573423468, 0, 214, 1999, 1957, 362, 7.39%, 0, 0, 3, 1973.03
1573423473, 0, 214, 2001, 1959, 362, 7.39%, 0, 0, 3, 2222.62
1573423478, 0, 224, 2001, 1958, 371, 7.39%, 0, 0, 3, 2519.74
1573423785, 0, 224, 2002, 1959, 371, 7.39%, 0, 0, 3, 2866.00
1573423790, 0, 229, 2003, 1959, 364, 7.39%, 0, 0, 3, 2809.96
1573423795, 0, 229, 2004, 1960, 364, 7.39%, 0, 0, 3, 1222.65
1573423800, 0, 229, 2005, 1961, 364, 7.39%, 0, 0, 3, 882.04
1573425263, 0, 237, 2005, 1960, 363, 7.39%, 0, 0, 3, 1589.65
1573425279, 0, 237, 2006, 1961, 363, 7.39%, 0, 0, 3, 759.81
1573426376, 0, 237, 2007, 1962, 363, 7.39%, 0, 0, 3, 811.06
1573426739, 0, 237, 2008, 1963, 363, 7.39%, 0, 0, 3, 1529.56
1573426745, 0, 246, 2008, 1962, 364, 7.39%, 0, 0, 3, 1230.51
1573426760, 0, 246, 2009, 1963, 364, 7.39%, 0, 0, 3, 766.34
1573426806, 0, 246, 2010, 1964, 364, 7.39%, 0, 0, 3, 737.75
1573427064, 0, 246, 2011, 1965, 364, 7.39%, 0, 0, 3, 755.18
1573427761, 0, 246, 2012, 1966, 364, 7.41%, 0, 0, 3, 872.34
1573428217, 0, 246, 2013, 1967, 364, 7.41%, 0, 0, 3, 1954.11
1573428223, 0, 246, 2016, 1970, 364, 7.41%, 0, 0, 3, 2177.58
1573428228, 0, 252, 2018, 1971, 364, 7.41%, 0, 0, 3, 1623.19
1573428843, 0, 252, 2019, 1972, 364, 7.41%, 0, 0, 3, 759.14
1573429710, 0, 252, 2021, 1974, 364, 7.41%, 0, 0, 3, 1964.40
1573429715, 0, 252, 2022, 1975, 364, 7.41%, 0, 0, 3, 2146.74
1573429721, 0, 255, 2022, 1974, 364, 7.41%, 0, 0, 3, 1824.66
1573429736, 0, 255, 2023, 1975, 364, 7.41%, 0, 0, 3, 769.71
1573430270, 0, 255, 2024, 1976, 364, 7.41%, 0, 0, 3, 169.46
1573431196, 0, 255, 2027, 1979, 364, 7.42%, 0, 0, 3, 1808.00
1573431207, 0, 257, 2029, 1980, 362, 7.42%, 0, 0, 3, 2348.92
1573431294, 0, 257, 2030, 1981, 362, 7.42%, 0, 0, 3, 789.84
1573432685, 0, 259, 2030, 1980, 362, 7.42%, 0, 0, 3, 1306.20
1573432700, 0, 259, 2031, 1981, 362, 7.42%, 0, 0, 3, 766.93
1573434157, 0, 259, 2032, 1982, 362, 7.42%, 0, 0, 3, 1468.37
1573434162, 0, 259, 2033, 1983, 362, 7.42%, 0, 0, 3, 2061.36
1573434167, 0, 259, 2036, 1986, 362, 7.42%, 0, 0, 3, 2180.34
1573434172, 0, 260, 2036, 1985, 361, 7.42%, 0, 0, 3, 1327.69
1573434234, 0, 260, 2037, 1986, 361, 7.42%, 0, 0, 3, 739.95
1573435644, 0, 260, 2038, 1987, 361, 7.42%, 0, 0, 3, 1888.47
1573435649, 0, 260, 2039, 1988, 361, 7.42%, 0, 0, 3, 2210.67
1573435654, 0, 265, 2039, 1987, 361, 7.42%, 0, 0, 3, 1893.89
1573435721, 0, 265, 2040, 1988, 361, 7.42%, 0, 0, 3, 841.19
1573435875, 0, 265, 2041, 1989, 361, 7.42%, 0, 0, 3, 795.66
1573436003, 0, 265, 2042, 1990, 361, 7.42%, 0, 0, 3, 755.66
1573437129, 0, 265, 2045, 1993, 361, 7.42%, 0, 0, 3, 1837.63
1573437134, 0, 265, 2047, 1995, 361, 7.43%, 0, 0, 3, 2067.10
1573437139, 0, 267, 2049, 1996, 363, 7.43%, 0, 0, 3, 1752.33
1573437206, 0, 267, 2050, 1997, 363, 7.43%, 0, 0, 3, 815.84
1573437308, 0, 267, 2051, 1998, 363, 7.43%, 0, 0, 3, 760.51
1573438611, 0, 267, 2052, 1999, 363, 7.43%, 0, 0, 3, 1571.82
1573438616, 0, 267, 2057, 2004, 363, 7.43%, 0, 0, 3, 2149.11
1573438621, 0, 268, 2060, 2006, 364, 7.43%, 0, 0, 3, 2068.50
1573438641, 0, 268, 2061, 2007, 364, 7.43%, 0, 0, 3, 756.36
1573440098, 0, 303, 2061, 2006, 364, 7.43%, 0, 0, 3, 1894.84
1573440541, 0, 303, 2062, 2007, 364, 7.43%, 0, 0, 3, 755.55
1573441541, 0, 303, 2063, 2008, 364, 7.43%, 0, 0, 3, 869.42
1573441572, 0, 314, 2063, 2007, 364, 7.43%, 0, 0, 3, 1767.18
1573441623, 0, 314, 2064, 2008, 364, 7.43%, 0, 0, 3, 761.60
1573441793, 0, 314, 2065, 2009, 364, 7.43%, 0, 0, 3, 799.38
1573443047, 0, 314, 2068, 2012, 364, 7.43%, 0, 0, 3, 1982.22
1573443052, 0, 342, 2070, 2013, 364, 7.43%, 0, 0, 3, 2143.96
1573443514, 0, 342, 2071, 2014, 364, 7.43%, 0, 0, 3, 754.78
1573444526, 0, 361, 2071, 2013, 363, 7.43%, 0, 0, 3, 1892.19
1573445023, 0, 361, 2072, 2014, 363, 7.43%, 0, 0, 3, 1452.35
1573446002, 0, 396, 2072, 2013, 363, 7.43%, 0, 0, 3, 1340.89
1573446068, 0, 396, 2074, 2015, 363, 7.43%, 0, 0, 3, 799.44
1573446073, 0, 396, 2075, 2016, 363, 7.43%, 0, 0, 3, 713.45
1573446145, 0, 396, 2077, 2018, 363, 7.44%, 0, 0, 3, 843.62
1573446503, 0, 396, 2078, 2019, 363, 7.44%, 0, 0, 3, 1213.07
1573447477, 0, 396, 2080, 2021, 363, 7.44%, 0, 0, 3, 1438.16
1573447483, 0, 396, 2083, 2024, 363, 7.44%, 0, 0, 3, 2061.67
1573447488, 0, 412, 2085, 2025, 364, 7.44%, 0, 0, 3, 2849.12
1573447544, 0, 412, 2087, 2027, 364, 7.44%, 0, 0, 3, 3339.16
1573447605, 0, 414, 2087, 2026, 363, 7.44%, 0, 0, 3, 3102.10
1573447667, 0, 414, 2092, 2031, 363, 7.44%, 0, 0, 3, 3033.59
1573447733, 0, 435, 2092, 2030, 362, 7.44%, 0, 0, 3, 2020.64
1573447800, 0, 435, 2094, 2032, 362, 7.44%, 0, 0, 3, 787.36
1573447877, 0, 435, 2095, 2033, 362, 7.44%, 0, 0, 3, 786.72
1573447883, 0, 435, 2096, 2034, 362, 7.44%, 0, 0, 3, 752.75
1573447888, 0, 435, 2097, 2035, 362, 7.44%, 0, 0, 3, 780.62
1573447965, 0, 435, 2098, 2036, 362, 7.44%, 0, 0, 3, 764.35
1573447996, 0, 435, 2100, 2038, 362, 7.44%, 0, 0, 3, 770.66
1573449196, 0, 454, 2100, 2037, 363, 7.44%, 0, 0, 3, 1291.81
1573449237, 0, 454, 2101, 2038, 363, 7.44%, 0, 0, 3, 783.15
1573449262, 0, 454, 2106, 2043, 363, 7.44%, 0, 0, 3, 750.49
1573449267, 0, 454, 2108, 2045, 363, 7.44%, 0, 0, 3, 724.72
1573449272, 0, 454, 2109, 2046, 363, 7.44%, 0, 0, 3, 805.62
1573449334, 0, 454, 2112, 2049, 363, 7.45%, 0, 0, 3, 807.52
1573449345, 0, 454, 2113, 2050, 363, 7.45%, 0, 0, 3, 825.21
1573449441, 0, 454, 2114, 2051, 363, 7.45%, 0, 0, 3, 929.81
1573449679, 0, 454, 2115, 2052, 363, 7.46%, 0, 0, 3, 71.04
1573449731, 0, 454, 2116, 2053, 363, 7.46%, 0, 0, 3, 1261.73
1573449757, 0, 454, 2117, 2054, 363, 7.46%, 0, 0, 3, 791.36
1573449934, 0, 454, 2118, 2055, 363, 7.46%, 0, 0, 3, 1923.93
1573450619, 0, 454, 2120, 2057, 363, 7.46%, 0, 0, 3, 1160.78
1573450624, 0, 454, 2121, 2058, 363, 7.46%, 0, 0, 3, 1997.55
1573450629, 0, 460, 2122, 2058, 369, 7.46%, 0, 0, 3, 2335.10
1573450634, 0, 460, 2123, 2059, 369, 7.46%, 0, 0, 3, 1113.93
1573450711, 0, 460, 2124, 2060, 369, 7.46%, 0, 0, 3, 766.23
1573450716, 0, 460, 2125, 2061, 369, 7.46%, 0, 0, 3, 783.32
1573450788, 0, 460, 2126, 2062, 369, 7.46%, 0, 0, 3, 786.01
1573450793, 0, 460, 2127, 2063, 369, 7.46%, 0, 0, 3, 756.85
1573450900, 0, 460, 2128, 2064, 369, 7.46%, 0, 0, 3, 734.30
1573451665, 0, 460, 2129, 2065, 369, 7.46%, 0, 0, 3, 707.00
1573451752, 0, 460, 2130, 2066, 369, 7.46%, 0, 0, 3, 959.85
1573452126, 0, 460, 2131, 2067, 369, 7.47%, 0, 0, 3, 1935.38
1573452131, 0, 468, 2131, 2066, 370, 7.47%, 0, 0, 3, 1337.17
1573452197, 0, 468, 2133, 2068, 370, 7.47%, 0, 0, 3, 774.94
1573452268, 0, 468, 2135, 2070, 370, 7.47%, 0, 0, 3, 853.00
1573452618, 0, 468, 2138, 2073, 370, 7.47%, 0, 0, 3, 211.73
1573453360, 0, 468, 2139, 2074, 370, 7.47%, 0, 0, 3, 950.91
1573453589, 0, 468, 2141, 2076, 370, 7.47%, 0, 0, 3, 2065.35
1573453594, 0, 469, 2141, 2075, 369, 7.47%, 0, 0, 3, 2304.94
1573453707, 0, 469, 2142, 2076, 369, 7.47%, 0, 0, 3, 2673.85
1573453891, 0, 470, 2142, 2075, 368, 7.47%, 0, 0, 3, 2774.86
1573454005, 0, 470, 2143, 2076, 368, 7.47%, 0, 0, 3, 2448.13
1573454122, 0, 470, 2144, 2077, 368, 7.47%, 0, 0, 3, 2491.62
1573454204, 0, 472, 2146, 2078, 368, 7.49%, 0, 0, 3, 2911.68
1573454275, 0, 472, 2149, 2081, 368, 7.49%, 0, 0, 3, 794.39
1573454285, 0, 472, 2150, 2082, 368, 7.49%, 0, 0, 3, 774.87
1573454356, 0, 472, 2151, 2083, 368, 7.49%, 0, 0, 3, 767.43
1573454715, 0, 472, 2153, 2085, 368, 7.49%, 0, 0, 3, 1272.49
1573455724, 0, 472, 2156, 2088, 368, 7.49%, 0, 0, 3, 1937.56
1573455729, 0, 474, 2158, 2089, 370, 7.49%, 0, 0, 3, 2209.40
1573455806, 0, 474, 2159, 2090, 370, 7.49%, 0, 0, 3, 705.66
1573455817, 0, 474, 2160, 2091, 370, 7.49%, 0, 0, 3, 718.89
1573455899, 0, 474, 2161, 2092, 370, 7.49%, 0, 0, 3, 749.61
1573455986, 0, 474, 2162, 2093, 370, 7.49%, 0, 0, 3, 707.11
1573456037, 0, 474, 2164, 2095, 370, 7.49%, 0, 0, 3, 688.78
1573456279, 0, 474, 2165, 2096, 370, 7.49%, 0, 0, 3, 1158.51
1573456940, 0, 474, 2167, 2098, 370, 7.49%, 0, 0, 3, 798.53
1573457151, 0, 474, 2168, 2099, 370, 7.49%, 0, 0, 3, 690.71
1573457356, 0, 474, 2169, 2100, 370, 7.49%, 0, 0, 3, 1447.35
1573457361, 0, 474, 2170, 2101, 370, 7.49%, 0, 0, 3, 1944.35
1573457366, 0, 475, 2172, 2102, 369, 7.49%, 0, 0, 3, 2051.86
1573457453, 0, 475, 2173, 2103, 369, 7.49%, 0, 0, 3, 716.40
1573457667, 0, 475, 2174, 2104, 369, 7.49%, 0, 0, 3, 695.22
1573458485, 0, 475, 2175, 2105, 369, 7.49%, 0, 0, 3, 679.79
1573458981, 0, 475, 2176, 2106, 369, 7.49%, 0, 0, 3, 1367.23
1573458986, 0, 475, 2177, 2107, 369, 7.49%, 0, 0, 3, 1935.07
1573458991, 0, 479, 2177, 2106, 369, 7.49%, 0, 0, 3, 2219.58
1573458996, 0, 479, 2178, 2107, 369, 7.50%, 0, 0, 3, 2419.57
1573459012, 0, 479, 2179, 2108, 369, 7.50%, 0, 0, 3, 2494.63
1573459304, 0, 479, 2181, 2110, 369, 7.50%, 0, 0, 3, 2917.45
1573459309, 0, 479, 2182, 2111, 369, 7.51%, 0, 0, 3, 2990.00
1573459314, 0, 480, 2182, 2110, 370, 7.51%, 0, 0, 3, 2936.10
1573459391, 0, 492, 2182, 2109, 370, 7.51%, 0, 0, 3, 1370.78
1573459396, 0, 492, 2183, 2110, 370, 7.51%, 0, 0, 3, 879.06
1573459448, 0, 492, 2185, 2112, 370, 7.51%, 0, 0, 3, 705.67
1573459463, 0, 492, 2186, 2113, 370, 7.51%, 0, 0, 3, 702.57
1573459473, 0, 492, 2187, 2114, 370, 7.51%, 0, 0, 3, 728.10
1573459628, 0, 492, 2188, 2115, 370, 7.51%, 0, 0, 3, 705.50
1573459987, 0, 492, 2189, 2116, 370, 7.51%, 0, 0, 3, 1181.10
1573460996, 0, 492, 2191, 2118, 370, 7.51%, 0, 0, 3, 1493.60
1573461001, 0, 492, 2192, 2119, 370, 7.51%, 0, 0, 3, 1965.80
1573461006, 0, 510, 2193, 2119, 369, 7.51%, 0, 0, 3, 2336.12
1573461027, 0, 510, 2195, 2121, 369, 7.51%, 0, 0, 3, 2486.46
1573461119, 0, 510, 2196, 2122, 369, 7.51%, 0, 0, 3, 2320.35
1573461318, 0, 513, 2196, 2121, 369, 7.51%, 0, 0, 3, 2796.83
1573461641, 0, 528, 2196, 2120, 368, 7.51%, 0, 0, 3, 2755.10
1573461687, 0, 528, 2197, 2121, 368, 7.54%, 0, 0, 3, 2471.70
1573461953, 0, 529, 2197, 2120, 368, 7.54%, 0, 0, 3, 2748.99
1573461999, 0, 529, 2198, 2121, 368, 7.54%, 0, 0, 3, 2509.90
1573462264, 0, 530, 2198, 2120, 368, 7.54%, 0, 0, 3, 1482.97
1573462336, 0, 530, 2201, 2123, 368, 7.54%, 0, 0, 3, 707.48
1573462346, 0, 530, 2202, 2124, 368, 7.54%, 0, 0, 3, 739.64
