# unix_time, cycles_done, cur_path, paths_total, pending_total, pending_favs, map_size, unique_crashes, unique_hangs, max_depth, execs_per_sec
1570642536, 0, 0, 1, 1, 1, 3.55%, 0, 0, 1, 615.38
1570642541, 0, 0, 55, 55, 1, 4.02%, 0, 0, 2, 783.91
1570642546, 0, 0, 168, 168, 1, 4.33%, 0, 0, 2, 691.12
1570642551, 0, 0, 235, 235, 1, 4.55%, 0, 0, 2, 703.11
1570642556, 0, 0, 257, 257, 1, 4.59%, 0, 0, 2, 671.85
1570642561, 0, 0, 270, 270, 1, 4.65%, 0, 0, 2, 647.03
1570642592, 0, 0, 280, 280, 1, 4.68%, 0, 0, 2, 643.19
1570642597, 0, 0, 306, 306, 1, 4.73%, 0, 0, 2, 636.47
1570642602, 0, 0, 340, 340, 1, 4.77%, 0, 0, 2, 639.83
1570642607, 0, 0, 348, 348, 1, 4.78%, 0, 0, 2, 641.38
1570642618, 0, 0, 398, 398, 1, 4.97%, 0, 0, 2, 682.32
1570642623, 0, 0, 554, 554, 1, 5.22%, 0, 0, 2, 694.10
1570642628, 0, 0, 644, 644, 1, 5.32%, 0, 0, 2, 704.69
1570642633, 0, 0, 710, 710, 1, 5.33%, 0, 0, 2, 600.79
1570642638, 0, 0, 793, 793, 1, 5.54%, 0, 0, 2, 768.95
1570642643, 0, 0, 797, 797, 1, 5.54%, 0, 0, 2, 669.52
1570642648, 0, 0, 808, 808, 1, 5.56%, 0, 0, 2, 679.77
1570642653, 0, 0, 818, 818, 1, 5.61%, 0, 0, 2, 651.58
1570642658, 0, 0, 823, 823, 1, 5.63%, 0, 0, 2, 641.45
1570642664, 0, 0, 824, 824, 1, 5.64%, 0, 0, 2, 640.67
1570642694, 0, 0, 825, 825, 1, 5.64%, 0, 0, 2, 638.39
1570642700, 0, 0, 827, 827, 1, 5.64%, 0, 0, 2, 636.85
1570642705, 0, 0, 828, 828, 1, 5.64%, 0, 0, 2, 639.22
1570642715, 0, 0, 833, 833, 1, 5.64%, 0, 0, 2, 639.73
1570642720, 0, 0, 875, 875, 1, 5.69%, 0, 0, 2, 669.14
1570642725, 0, 0, 892, 892, 1, 5.69%, 0, 0, 2, 599.00
1570642730, 0, 0, 914, 914, 1, 5.71%, 0, 0, 2, 714.21
1570642736, 0, 0, 916, 916, 1, 5.71%, 0, 0, 2, 654.57
1570642741, 0, 0, 917, 917, 1, 5.74%, 0, 0, 2, 668.65
1570642746, 0, 0, 918, 918, 1, 5.74%, 0, 0, 2, 647.22
1570642751, 0, 0, 923, 923, 1, 5.77%, 0, 0, 2, 641.07
1570642782, 0, 0, 925, 925, 1, 5.77%, 0, 0, 2, 637.37
1570642797, 0, 0, 926, 926, 1, 5.77%, 0, 0, 2, 640.08
1570642808, 0, 0, 932, 932, 1, 5.77%, 0, 0, 2, 673.54
1570642813, 0, 0, 946, 946, 1, 5.83%, 0, 0, 2, 680.88
1570642818, 0, 0, 951, 951, 1, 5.83%, 0, 0, 2, 600.04
1570642823, 0, 0, 962, 962, 1, 5.83%, 0, 0, 2, 761.44
1570642833, 0, 0, 966, 966, 1, 5.83%, 0, 0, 2, 624.48
1570642838, 0, 0, 970, 970, 1, 5.85%, 0, 0, 2, 637.01
1570642843, 0, 0, 980, 980, 1, 5.86%, 0, 0, 2, 645.69
1570642848, 0, 0, 998, 998, 1, 6.16%, 0, 0, 2, 807.23
1570642853, 0, 0, 1010, 1010, 1, 6.16%, 0, 0, 2, 696.14
1570642859, 0, 0, 1012, 1012, 1, 6.18%, 0, 0, 2, 648.45
1570642864, 0, 0, 1013, 1013, 1, 6.18%, 0, 0, 2, 636.49
1570642869, 0, 0, 1016, 1016, 1, 6.19%, 0, 0, 2, 633.75
1570642884, 0, 0, 1017, 1017, 1, 6.20%, 0, 0, 2, 637.28
1570642900, 0, 0, 1018, 1018, 1, 6.20%, 0, 0, 2, 669.32
1570642905, 0, 0, 1023, 1023, 1, 6.21%, 0, 0, 2, 644.30
1570642910, 0, 0, 1028, 1028, 1, 6.23%, 0, 0, 2, 675.00
1570642915, 0, 0, 1030, 1030, 1, 6.23%, 0, 0, 2, 644.27
1570642920, 0, 0, 1033, 1033, 1, 6.25%, 0, 0, 2, 639.06
1570642931, 0, 0, 1035, 1035, 1, 6.26%, 0, 0, 2, 637.00
1570642946, 0, 0, 1036, 1036, 1, 6.30%, 0, 0, 2, 637.39
1570642956, 0, 0, 1038, 1038, 1, 6.30%, 0, 0, 2, 630.36
1570642962, 0, 0, 1039, 1039, 1, 6.31%, 0, 0, 2, 636.41
1570642967, 0, 0, 1042, 1042, 1, 6.33%, 0, 0, 2, 638.40
1570642977, 0, 0, 1044, 1044, 1, 6.33%, 0, 0, 2, 639.02
1570643003, 0, 0, 1045, 1045, 1, 6.33%, 0, 0, 2, 639.85
1570643049, 0, 0, 1046, 1046, 1, 6.33%, 0, 0, 2, 641.66
1570643054, 0, 0, 1047, 1047, 1, 6.34%, 0, 0, 2, 642.73
1570643059, 0, 0, 1048, 1048, 1, 6.34%, 0, 0, 2, 638.12
1570643065, 0, 0, 1049, 1049, 1, 6.34%, 0, 0, 2, 639.57
1570643075, 0, 0, 1051, 1051, 1, 6.34%, 0, 0, 2, 640.79
1570643095, 0, 0, 1052, 1052, 1, 6.34%, 0, 0, 2, 642.78
1570643131, 0, 0, 1060, 1060, 1, 6.36%, 0, 0, 2, 1414.53
1570643136, 0, 0, 1067, 1067, 1, 6.37%, 0, 0, 2, 986.78
1570643141, 0, 0, 1079, 1079, 1, 6.45%, 0, 0, 2, 763.42
1570643147, 0, 0, 1091, 1091, 1, 6.45%, 0, 0, 2, 73.05
1570643152, 0, 0, 1095, 1095, 1, 6.46%, 0, 0, 2, 128.21
1570643157, 0, 0, 1104, 1104, 1, 6.47%, 0, 0, 2, 817.99
1570643162, 0, 0, 1108, 1108, 1, 6.47%, 0, 0, 2, 82.29
1570643172, 0, 0, 1118, 1118, 1, 6.47%, 0, 0, 2, 168.83
1570643178, 0, 0, 1119, 1119, 1, 6.48%, 0, 0, 2, 1167.58
1570643183, 0, 0, 1123, 1123, 1, 6.48%, 0, 0, 2, 1404.46
1570643193, 0, 0, 1128, 1128, 1, 6.48%, 0, 0, 2, 1356.68
1570643198, 0, 0, 1130, 1130, 1, 6.48%, 0, 0, 2, 913.47
1570643203, 0, 0, 1132, 1132, 1, 6.48%, 0, 0, 2, 1271.44
1570643208, 0, 0, 1133, 1133, 1, 6.48%, 0, 0, 2, 726.26
1570643213, 0, 0, 1166, 1166, 1, 6.50%, 0, 0, 2, 945.84
1570643218, 0, 0, 1174, 1174, 1, 6.50%, 0, 0, 2, 896.42
1570643223, 0, 0, 1176, 1176, 1, 6.50%, 0, 0, 2, 767.86
1570643239, 0, 0, 1178, 1178, 1, 6.51%, 0, 0, 2, 636.77
1570643259, 0, 0, 1180, 1180, 1, 6.51%, 0, 0, 2, 658.26
1570643290, 0, 0, 1181, 1181, 1, 6.51%, 0, 0, 2, 636.26
1570643300, 0, 0, 1182, 1182, 1, 6.52%, 0, 0, 2, 637.04
1570643341, 0, 0, 1183, 1183, 1, 6.52%, 0, 0, 2, 642.90
1570643346, 0, 0, 1184, 1184, 1, 6.52%, 0, 0, 2, 641.45
1570643356, 0, 0, 1188, 1188, 1, 6.52%, 0, 0, 2, 637.95
1570643362, 0, 0, 1189, 1189, 1, 6.52%, 0, 0, 2, 635.59
1570643387, 0, 0, 1192, 1192, 1, 6.52%, 0, 0, 2, 639.15
1570643392, 0, 0, 1193, 1193, 1, 6.52%, 0, 0, 2, 639.05
1570643403, 0, 0, 1194, 1194, 1, 6.52%, 0, 0, 2, 639.17
1570643433, 0, 0, 1195, 1195, 1, 6.52%, 0, 0, 2, 639.65
1570643444, 0, 0, 1198, 1198, 1, 6.52%, 0, 0, 2, 657.34
1570643464, 0, 0, 1199, 1199, 1, 6.52%, 0, 0, 2, 1065.26
1570643490, 0, 0, 1200, 1200, 1, 6.52%, 0, 0, 2, 1662.54
1570643511, 0, 0, 1201, 1201, 1, 6.52%, 0, 0, 2, 191.20
1570643541, 0, 0, 1202, 1202, 1, 6.52%, 0, 0, 2, 991.22
1570643582, 0, 0, 1203, 1203, 1, 6.52%, 0, 0, 2, 637.91
1570643655, 0, 0, 1204, 1204, 1, 6.52%, 0, 0, 2, 640.89
1570643686, 0, 0, 1205, 1205, 1, 6.52%, 0, 0, 2, 639.79
1570643732, 0, 0, 1206, 1206, 1, 6.53%, 0, 0, 2, 832.77
1570643752, 0, 0, 1207, 1207, 1, 6.53%, 0, 0, 2, 754.60
1570643767, 0, 0, 1213, 1213, 1, 6.54%, 0, 0, 2, 642.42
1570643772, 0, 0, 1218, 1218, 1, 6.55%, 0, 0, 2, 682.46
1570643834, 0, 0, 1219, 1219, 1, 6.55%, 0, 0, 2, 640.27
1570643855, 0, 0, 1222, 1222, 1, 6.55%, 0, 0, 2, 684.02
1570643860, 0, 0, 1229, 1229, 1, 6.55%, 0, 0, 2, 1005.86
1570643865, 0, 0, 1232, 1232, 1, 6.55%, 0, 0, 2, 728.84
1570643870, 0, 0, 1243, 1243, 1, 6.59%, 0, 0, 2, 872.67
1570644029, 0, 0, 1246, 1246, 1, 6.60%, 0, 0, 2, 805.15
1570644034, 0, 0, 1250, 1250, 1, 6.60%, 0, 0, 2, 678.44
1570644039, 0, 0, 1259, 1259, 1, 6.61%, 0, 0, 2, 57.97
1570644044, 0, 0, 1260, 1260, 1, 6.61%, 0, 0, 2, 670.23
1570644065, 0, 0, 1263, 1263, 1, 6.61%, 0, 0, 2, 1276.25
1570644075, 0, 0, 1264, 1264, 1, 6.61%, 0, 0, 2, 668.59
1570644080, 0, 0, 1266, 1266, 1, 6.62%, 0, 0, 2, 697.61
1570644172, 0, 0, 1268, 1268, 1, 6.62%, 0, 0, 2, 742.78
1570644178, 0, 0, 1269, 1269, 1, 6.62%, 0, 0, 2, 153.85
1570644183, 0, 0, 1271, 1271, 1, 6.62%, 0, 0, 2, 777.82
1570644188, 0, 0, 1274, 1274, 1, 6.62%, 0, 0, 2, 650.67
1570644203, 0, 0, 1304, 1304, 1, 6.65%, 0, 0, 2, 1130.40
1570644208, 0, 0, 1339, 1339, 1, 6.66%, 0, 0, 2, 1746.85
1570644213, 0, 0, 1355, 1355, 1, 6.66%, 0, 0, 2, 1763.73
1570644218, 0, 0, 1364, 1364, 1, 6.66%, 0, 0, 2, 1800.96
1570644223, 0, 1, 1376, 1375, 333, 6.70%, 0, 0, 3, 2474.15
1570644228, 0, 1, 1380, 1379, 333, 6.70%, 0, 0, 3, 2748.41
1570644233, 0, 2, 1382, 1380, 339, 6.76%, 0, 0, 3, 2809.75
1570644238, 0, 4, 1382, 1378, 337, 6.76%, 0, 0, 3, 2861.62
1570644243, 0, 8, 1385, 1379, 337, 6.76%, 0, 0, 3, 2820.89
1570644418, 0, 8, 1386, 1380, 337, 6.76%, 0, 0, 3, 668.48
1570644546, 0, 8, 1387, 1381, 337, 6.76%, 0, 0, 3, 751.09
1570644830, 0, 8, 1388, 1382, 337, 6.76%, 0, 0, 3, 760.24
1570645215, 0, 8, 1389, 1383, 337, 6.76%, 0, 0, 3, 203.98
1570645897, 0, 9, 1389, 1382, 336, 6.76%, 0, 0, 3, 1273.27
1570645902, 0, 9, 1390, 1383, 336, 6.76%, 0, 0, 3, 793.25
1570645922, 0, 9, 1391, 1384, 336, 6.76%, 0, 0, 3, 646.02
1570645948, 0, 9, 1392, 1385, 336, 6.76%, 0, 0, 3, 646.15
1570645958, 0, 9, 1393, 1386, 336, 6.76%, 0, 0, 3, 643.80
1570645963, 0, 9, 1394, 1387, 336, 6.76%, 0, 0, 3, 637.56
1570645973, 0, 9, 1395, 1388, 336, 6.76%, 0, 0, 3, 641.48
1570645978, 0, 9, 1403, 1396, 336, 6.81%, 0, 0, 3, 672.98
1570645984, 0, 9, 1406, 1399, 336, 6.81%, 0, 0, 3, 606.15
1570645989, 0, 9, 1413, 1406, 336, 6.82%, 0, 0, 3, 689.40
1570646081, 0, 9, 1414, 1407, 336, 6.82%, 0, 0, 3, 670.96
1570646157, 0, 9, 1416, 1409, 336, 6.82%, 0, 0, 3, 726.93
1570646167, 0, 9, 1420, 1413, 336, 6.82%, 0, 0, 3, 667.85
1570646183, 0, 9, 1421, 1414, 336, 6.82%, 0, 0, 3, 639.83
1570646454, 0, 9, 1422, 1415, 336, 6.82%, 0, 0, 3, 643.09
1570646479, 0, 9, 1423, 1416, 336, 6.82%, 0, 0, 3, 840.41
1570646484, 0, 9, 1424, 1417, 336, 6.82%, 0, 0, 3, 1219.46
1570646489, 0, 9, 1425, 1418, 336, 6.82%, 0, 0, 3, 1420.00
1570646510, 0, 9, 1426, 1419, 336, 6.82%, 0, 0, 3, 1119.04
1570646520, 0, 9, 1427, 1420, 336, 6.82%, 0, 0, 3, 84.80
1570646525, 0, 9, 1428, 1421, 336, 6.82%, 0, 0, 3, 1146.07
1570646556, 0, 9, 1434, 1427, 336, 6.82%, 0, 0, 3, 857.72
1570646602, 0, 9, 1436, 1429, 336, 6.83%, 0, 0, 3, 656.29
1570647205, 0, 9, 1437, 1430, 336, 6.83%, 0, 0, 3, 658.29
1570647369, 0, 9, 1438, 1431, 336, 6.83%, 0, 0, 3, 85.71
1570647379, 0, 9, 1439, 1432, 336, 6.83%, 0, 0, 3, 1074.26
1570647517, 0, 9, 1440, 1433, 336, 6.83%, 0, 0, 3, 743.24
1570647527, 0, 9, 1441, 1434, 336, 6.83%, 0, 0, 3, 727.80
1570647547, 0, 9, 1442, 1435, 336, 6.83%, 0, 0, 3, 751.14
1570647552, 0, 11, 1446, 1438, 342, 6.83%, 0, 0, 3, 1887.83
1570647568, 0, 11, 1448, 1440, 342, 6.83%, 0, 0, 3, 2211.84
1570647573, 0, 11, 1465, 1457, 342, 6.83%, 0, 0, 3, 2189.12
1570647578, 0, 11, 1477, 1469, 342, 6.83%, 0, 0, 3, 2219.79
1570647629, 0, 11, 1478, 1470, 342, 6.83%, 0, 0, 3, 2245.65
1570647634, 0, 11, 1480, 1472, 342, 6.83%, 0, 0, 3, 2290.47
1570647640, 0, 11, 1482, 1474, 342, 6.83%, 0, 0, 3, 2249.02
1570647675, 0, 11, 1483, 1475, 342, 6.83%, 0, 0, 3, 2262.70
1570647849, 0, 11, 1485, 1477, 342, 6.83%, 0, 0, 3, 2271.16
1570647885, 0, 11, 1486, 1478, 342, 6.83%, 0, 0, 3, 2253.47
1570647895, 0, 11, 1489, 1481, 342, 6.84%, 0, 0, 3, 2317.41
1570647900, 0, 13, 1490, 1481, 345, 6.84%, 0, 0, 3, 1234.26
1570647977, 0, 13, 1494, 1485, 345, 6.84%, 0, 0, 3, 721.43
1570647982, 0, 13, 1495, 1486, 345, 6.84%, 0, 0, 3, 622.89
1570648197, 0, 13, 1499, 1490, 345, 6.86%, 0, 0, 3, 778.11
1570649218, 0, 13, 1500, 1491, 345, 6.87%, 0, 0, 3, 769.58
1570649402, 0, 13, 1501, 1492, 345, 6.87%, 0, 0, 3, 66.67
1570649581, 0, 13, 1502, 1493, 345, 6.87%, 0, 0, 3, 773.15
1570649586, 0, 13, 1506, 1497, 345, 6.87%, 0, 0, 3, 654.25
1570649612, 0, 13, 1507, 1498, 345, 6.87%, 0, 0, 3, 856.48
1570649617, 0, 13, 1519, 1510, 345, 6.88%, 0, 0, 3, 1671.31
1570649622, 0, 13, 1528, 1519, 345, 6.91%, 0, 0, 3, 1821.30
1570649627, 0, 13, 1538, 1529, 345, 6.91%, 0, 0, 3, 1842.99
1570649632, 0, 17, 1547, 1537, 346, 6.97%, 0, 0, 3, 1437.52
1570649689, 0, 17, 1549, 1539, 346, 6.97%, 0, 0, 3, 636.87
1570649709, 0, 17, 1553, 1543, 346, 6.97%, 0, 0, 3, 669.63
1570649719, 0, 17, 1554, 1544, 346, 6.97%, 0, 0, 3, 600.16
1570649725, 0, 17, 1556, 1546, 346, 6.97%, 0, 0, 3, 667.12
1570649817, 0, 17, 1557, 1547, 346, 6.97%, 0, 0, 3, 659.12
1570649930, 0, 17, 1560, 1550, 346, 6.98%, 0, 0, 3, 848.64
1570650890, 0, 17, 1563, 1553, 346, 6.99%, 0, 0, 3, 633.74
1570650895, 0, 17, 1566, 1556, 346, 7.00%, 0, 0, 3, 637.72
1570651331, 0, 17, 1570, 1560, 346, 7.00%, 0, 0, 3, 1467.39
1570651336, 0, 17, 1582, 1572, 346, 7.01%, 0, 0, 3, 1782.93
1570651341, 0, 17, 1594, 1584, 346, 7.01%, 0, 0, 3, 1799.37
1570651346, 0, 23, 1601, 1590, 353, 7.01%, 0, 0, 3, 1966.16
1570651356, 0, 23, 1605, 1594, 353, 7.01%, 0, 0, 3, 2542.09
1570651382, 0, 23, 1608, 1597, 353, 7.01%, 0, 0, 3, 2612.49
1570651458, 0, 23, 1609, 1598, 353, 7.01%, 0, 0, 3, 2602.72
1570651474, 0, 23, 1611, 1600, 353, 7.01%, 0, 0, 3, 2578.24
1570651479, 0, 23, 1622, 1611, 353, 7.05%, 0, 0, 3, 2703.55
1570651484, 0, 30, 1628, 1616, 360, 7.06%, 0, 0, 3, 2735.90
1570651550, 0, 30, 1629, 1617, 360, 7.06%, 0, 0, 3, 2601.93
1570651556, 0, 30, 1630, 1618, 360, 7.06%, 0, 0, 3, 2633.15
1570651576, 0, 31, 1630, 1617, 359, 7.06%, 0, 0, 3, 2603.68
1570651602, 0, 31, 1631, 1618, 359, 7.06%, 0, 0, 3, 2513.60
1570651715, 0, 34, 1631, 1617, 358, 7.06%, 0, 0, 3, 1346.80
1570651720, 0, 34, 1632, 1618, 358, 7.06%, 0, 0, 3, 736.74
1570651735, 0, 34, 1633, 1619, 358, 7.06%, 0, 0, 3, 575.16
1570651772, 0, 34, 1635, 1621, 358, 7.06%, 0, 0, 3, 577.42
1570651782, 0, 34, 1636, 1622, 358, 7.06%, 0, 0, 3, 577.82
1570651787, 0, 34, 1637, 1623, 358, 7.06%, 0, 0, 3, 578.09
1570651802, 0, 34, 1643, 1629, 358, 7.06%, 0, 0, 3, 629.11
1570651807, 0, 34, 1644, 1630, 358, 7.06%, 0, 0, 3, 573.69
1570651812, 0, 34, 1653, 1639, 358, 7.06%, 0, 0, 3, 600.49
1570651900, 0, 34, 1656, 1642, 358, 7.06%, 0, 0, 3, 609.27
1570651905, 0, 34, 1657, 1643, 358, 7.06%, 0, 0, 3, 610.81
1570651915, 0, 34, 1659, 1645, 358, 7.06%, 0, 0, 3, 615.41
1570652001, 0, 34, 1661, 1647, 358, 7.06%, 0, 0, 3, 689.35
1570652006, 0, 34, 1662, 1648, 358, 7.06%, 0, 0, 3, 588.29
1570652017, 0, 34, 1663, 1649, 358, 7.06%, 0, 0, 3, 589.72
1570652352, 0, 34, 1665, 1651, 358, 7.06%, 0, 0, 3, 575.19
1570652378, 0, 34, 1669, 1655, 358, 7.06%, 0, 0, 3, 68.29
1570652383, 0, 34, 1670, 1656, 358, 7.06%, 0, 0, 3, 1031.38
1570652388, 0, 34, 1672, 1658, 358, 7.06%, 0, 0, 3, 1090.87
1570652393, 0, 34, 1674, 1660, 358, 7.06%, 0, 0, 3, 66.12
1570652403, 0, 34, 1675, 1661, 358, 7.06%, 0, 0, 3, 145.99
1570652408, 0, 34, 1676, 1662, 358, 7.06%, 0, 0, 3, 968.91
1570652413, 0, 34, 1678, 1664, 358, 7.06%, 0, 0, 3, 68.67
1570652459, 0, 34, 1679, 1665, 358, 7.06%, 0, 0, 3, 1133.75
1570652464, 0, 34, 1684, 1670, 358, 7.07%, 0, 0, 3, 894.43
1570652729, 0, 34, 1685, 1671, 358, 7.07%, 0, 0, 3, 109.63
1570652821, 0, 34, 1686, 1672, 358, 7.07%, 0, 0, 3, 790.97
1570653045, 0, 34, 1687, 1673, 358, 7.07%, 0, 0, 3, 1108.59
1570653194, 0, 34, 1690, 1676, 358, 7.07%, 0, 0, 3, 843.60
1570653636, 0, 34, 1692, 1678, 358, 7.07%, 0, 0, 3, 613.83
1570653672, 0, 35, 1693, 1678, 364, 7.07%, 0, 0, 3, 975.11
1570653749, 0, 35, 1697, 1682, 364, 7.07%, 0, 0, 3, 709.61
1570653759, 0, 35, 1698, 1683, 364, 7.08%, 0, 0, 3, 604.10
1570653970, 0, 35, 1699, 1684, 364, 7.08%, 0, 0, 3, 864.52
1570655403, 0, 35, 1700, 1685, 364, 7.08%, 0, 0, 3, 858.94
1570655408, 0, 53, 1701, 1685, 364, 7.08%, 0, 0, 3, 979.36
1570655485, 0, 53, 1703, 1687, 364, 7.08%, 0, 0, 3, 720.69
1570655577, 0, 53, 1705, 1689, 364, 7.08%, 0, 0, 3, 721.93
1570656019, 0, 53, 1706, 1690, 364, 7.08%, 0, 0, 3, 1370.40
1570657140, 0, 53, 1711, 1695, 364, 7.08%, 0, 0, 3, 1214.75
1570657145, 0, 53, 1714, 1698, 364, 7.08%, 0, 0, 3, 1694.43
1570657150, 0, 53, 1718, 1702, 364, 7.08%, 0, 0, 3, 1832.39
1570657155, 0, 53, 1722, 1706, 364, 7.08%, 0, 0, 3, 1808.52
1570657160, 0, 78, 1722, 1705, 362, 7.08%, 0, 0, 3, 1166.20
1570657237, 0, 78, 1723, 1706, 362, 7.08%, 0, 0, 3, 705.24
1570657458, 0, 78, 1724, 1707, 362, 7.09%, 0, 0, 3, 791.80
1570658891, 0, 101, 1724, 1706, 362, 7.09%, 0, 0, 3, 945.62
1570658901, 0, 101, 1725, 1707, 362, 7.09%, 0, 0, 3, 668.88
1570658968, 0, 101, 1726, 1708, 362, 7.09%, 0, 0, 3, 715.36
1570658999, 0, 101, 1727, 1709, 362, 7.09%, 0, 0, 3, 637.73
1570659482, 0, 101, 1728, 1710, 362, 7.09%, 0, 0, 3, 1059.48
1570659487, 0, 101, 1729, 1711, 362, 7.09%, 0, 0, 3, 979.88
1570660195, 0, 101, 1730, 1712, 362, 7.09%, 0, 0, 3, 773.55
1570660622, 0, 102, 1732, 1713, 362, 7.09%, 0, 0, 3, 1621.24
1570660704, 0, 102, 1734, 1715, 362, 7.09%, 0, 0, 3, 671.78
1570662113, 0, 102, 1735, 1716, 362, 7.09%, 0, 0, 3, 766.17
1570662354, 0, 103, 1736, 1716, 363, 7.09%, 0, 0, 3, 1266.50
1570662364, 0, 103, 1737, 1717, 363, 7.09%, 0, 0, 3, 721.91
1570662437, 0, 103, 1738, 1718, 363, 7.09%, 0, 0, 3, 686.98
1570662452, 0, 103, 1739, 1719, 363, 7.09%, 0, 0, 3, 647.83
1570662652, 0, 103, 1740, 1720, 363, 7.09%, 0, 0, 3, 771.18
1570664085, 0, 112, 1740, 1719, 364, 7.09%, 0, 0, 3, 1200.67
1570664167, 0, 112, 1743, 1722, 364, 7.09%, 0, 0, 3, 654.58
1570664491, 0, 112, 1744, 1723, 364, 7.09%, 0, 0, 3, 634.33
1570665815, 0, 113, 1744, 1722, 364, 7.09%, 0, 0, 3, 986.40
1570665892, 0, 113, 1745, 1723, 364, 7.09%, 0, 0, 3, 706.03
1570666016, 0, 113, 1746, 1724, 364, 7.09%, 0, 0, 3, 641.41
1570667546, 0, 114, 1747, 1724, 364, 7.09%, 0, 0, 3, 951.76
1570667649, 0, 114, 1748, 1725, 364, 7.09%, 0, 0, 3, 645.84
1570667859, 0, 114, 1749, 1726, 364, 7.10%, 0, 0, 3, 636.98
1570669276, 0, 114, 1750, 1727, 364, 7.10%, 0, 0, 3, 1142.98
1570669281, 0, 115, 1750, 1726, 363, 7.10%, 0, 0, 3, 867.70
1570669286, 0, 115, 1751, 1727, 363, 7.10%, 0, 0, 3, 686.42
1570671013, 0, 115, 1756, 1732, 363, 7.10%, 0, 0, 3, 1628.06
1570671018, 0, 115, 1761, 1737, 363, 7.11%, 0, 0, 3, 1821.17
1570671023, 0, 115, 1764, 1740, 363, 7.11%, 0, 0, 3, 1879.23
1570671028, 0, 116, 1766, 1741, 364, 7.12%, 0, 0, 3, 1539.75
1570671110, 0, 116, 1768, 1743, 364, 7.12%, 0, 0, 3, 659.84
1570671335, 0, 116, 1769, 1744, 364, 7.12%, 0, 0, 3, 653.11
1570672762, 0, 118, 1769, 1743, 364, 7.12%, 0, 0, 3, 1237.39
1570673054, 0, 118, 1770, 1744, 364, 7.12%, 0, 0, 3, 650.95
1570674497, 0, 118, 1777, 1751, 364, 7.13%, 0, 0, 3, 1446.20
1570674502, 0, 118, 1782, 1756, 364, 7.13%, 0, 0, 3, 1777.33
1570674507, 0, 118, 1788, 1762, 364, 7.15%, 0, 0, 3, 1796.09
1570674512, 0, 127, 1791, 1764, 355, 7.15%, 0, 0, 3, 1938.13
1570676251, 0, 148, 1791, 1763, 355, 7.15%, 0, 0, 3, 996.49
1570676256, 0, 148, 1792, 1764, 355, 7.15%, 0, 0, 3, 712.57
1570676328, 0, 148, 1793, 1765, 355, 7.15%, 0, 0, 3, 710.11
1570676513, 0, 148, 1794, 1766, 355, 7.15%, 0, 0, 3, 677.39
1570676656, 0, 148, 1795, 1767, 355, 7.15%, 0, 0, 3, 638.91
1570677980, 0, 149, 1795, 1766, 355, 7.15%, 0, 0, 3, 1082.40
1570678057, 0, 149, 1796, 1767, 355, 7.15%, 0, 0, 3, 660.36
1570678077, 0, 149, 1797, 1768, 355, 7.15%, 0, 0, 3, 644.06
1570679711, 0, 152, 1797, 1767, 354, 7.15%, 0, 0, 3, 957.41
1570679787, 0, 152, 1798, 1768, 354, 7.15%, 0, 0, 3, 689.99
1570681440, 0, 152, 1802, 1772, 354, 7.15%, 0, 0, 3, 1618.95
1570681445, 0, 152, 1806, 1776, 354, 7.15%, 0, 0, 3, 1812.71
1570681450, 0, 152, 1811, 1781, 354, 7.15%, 0, 0, 3, 1830.23
1570681455, 0, 161, 1813, 1782, 351, 7.15%, 0, 0, 3, 1541.23
1570681532, 0, 161, 1814, 1783, 351, 7.15%, 0, 0, 3, 652.95
1570681537, 0, 161, 1816, 1785, 351, 7.15%, 0, 0, 3, 659.52
1570681784, 0, 161, 1817, 1786, 351, 7.15%, 0, 0, 3, 638.09
1570683181, 0, 162, 1817, 1785, 351, 7.15%, 0, 0, 3, 1285.50
1570683191, 0, 162, 1818, 1786, 351, 7.15%, 0, 0, 3, 697.01
1570684910, 0, 163, 1819, 1786, 351, 7.15%, 0, 0, 3, 1359.46
1570684988, 0, 163, 1820, 1787, 351, 7.15%, 0, 0, 3, 653.59
1570684993, 0, 163, 1821, 1788, 351, 7.15%, 0, 0, 3, 673.86
1570686637, 0, 164, 1821, 1787, 351, 7.15%, 0, 0, 3, 1330.23
1570686714, 0, 164, 1822, 1788, 351, 7.15%, 0, 0, 3, 625.74
1570686719, 0, 164, 1823, 1789, 351, 7.15%, 0, 0, 3, 679.23
1570688371, 0, 168, 1823, 1788, 351, 7.15%, 0, 0, 3, 1004.77
1570690105, 0, 173, 1823, 1787, 351, 7.15%, 0, 0, 3, 1332.43
1570690115, 0, 173, 1824, 1788, 351, 7.15%, 0, 0, 3, 717.46
1570690125, 0, 173, 1825, 1789, 351, 7.15%, 0, 0, 3, 632.82
1570691322, 0, 173, 1826, 1790, 351, 7.15%, 0, 0, 3, 617.76
1570691834, 0, 176, 1826, 1789, 350, 7.15%, 0, 0, 3, 1281.31
1570691911, 0, 176, 1827, 1790, 350, 7.15%, 0, 0, 3, 630.31
1570692024, 0, 176, 1828, 1791, 350, 7.15%, 0, 0, 3, 643.04
1570692117, 0, 176, 1829, 1792, 350, 7.15%, 0, 0, 3, 648.72
1570692533, 0, 176, 1830, 1793, 350, 7.16%, 0, 0, 3, 859.03
1570693051, 0, 176, 1831, 1794, 350, 7.16%, 0, 0, 3, 676.80
1570693369, 0, 176, 1834, 1797, 350, 7.16%, 0, 0, 3, 638.72
1570693564, 0, 178, 1835, 1797, 350, 7.16%, 0, 0, 3, 1260.77
1570693574, 0, 178, 1836, 1798, 350, 7.16%, 0, 0, 3, 693.15
1570695294, 0, 178, 1842, 1804, 350, 7.17%, 0, 0, 3, 1527.32
1570695299, 0, 178, 1845, 1807, 350, 7.17%, 0, 0, 3, 1812.36
1570695305, 0, 178, 1846, 1808, 350, 7.17%, 0, 0, 3, 1886.11
1570695310, 0, 181, 1848, 1809, 348, 7.17%, 0, 0, 3, 1793.73
1570697033, 0, 184, 1848, 1808, 347, 7.17%, 0, 0, 3, 1251.77
1570697043, 0, 184, 1849, 1809, 347, 7.17%, 0, 0, 3, 712.58
1570697228, 0, 184, 1850, 1810, 347, 7.17%, 0, 0, 3, 669.09
1570697377, 0, 184, 1851, 1811, 347, 7.17%, 0, 0, 3, 779.68
1570698762, 0, 189, 1851, 1810, 346, 7.17%, 0, 0, 3, 1182.25
1570700488, 0, 195, 1851, 1809, 345, 7.17%, 0, 0, 3, 1782.48
1570700514, 0, 195, 1852, 1810, 345, 7.17%, 0, 0, 3, 2262.18
1570700570, 0, 195, 1853, 1811, 345, 7.17%, 0, 0, 3, 2277.13
1570700631, 0, 195, 1854, 1812, 345, 7.17%, 0, 0, 3, 2323.78
1570700826, 0, 196, 1854, 1811, 344, 7.17%, 0, 0, 3, 2057.29
1570700908, 0, 196, 1855, 1812, 344, 7.17%, 0, 0, 3, 662.06
1570702561, 0, 197, 1855, 1811, 344, 7.17%, 0, 0, 3, 1956.34
1570702898, 0, 204, 1855, 1810, 343, 7.17%, 0, 0, 3, 1536.54
1570702903, 0, 204, 1856, 1811, 343, 7.17%, 0, 0, 3, 840.31
1570702959, 0, 204, 1857, 1812, 343, 7.17%, 0, 0, 3, 639.70
1570702980, 0, 204, 1862, 1817, 343, 7.17%, 0, 0, 3, 631.04
1570703160, 0, 204, 1863, 1818, 343, 7.17%, 0, 0, 3, 668.25
1570703505, 0, 204, 1864, 1819, 343, 7.17%, 0, 0, 3, 1452.74
1570703556, 0, 204, 1865, 1820, 343, 7.17%, 0, 0, 3, 1022.19
1570704113, 0, 204, 1866, 1821, 343, 7.17%, 0, 0, 3, 710.04
1570704205, 0, 204, 1867, 1822, 343, 7.17%, 0, 0, 3, 645.48
1570704389, 0, 204, 1868, 1823, 343, 7.17%, 0, 0, 3, 889.55
1570704600, 0, 204, 1869, 1824, 343, 7.17%, 0, 0, 3, 666.39
1570704631, 0, 206, 1869, 1823, 342, 7.17%, 0, 0, 3, 1220.80
1570706365, 0, 209, 1869, 1822, 341, 7.17%, 0, 0, 3, 1050.79
1570706447, 0, 209, 1870, 1823, 341, 7.17%, 0, 0, 3, 681.53
1570707670, 0, 209, 1871, 1824, 341, 7.17%, 0, 0, 3, 714.15
1570708096, 0, 212, 1871, 1823, 340, 7.17%, 0, 0, 3, 1102.79
1570708106, 0, 212, 1872, 1824, 340, 7.17%, 0, 0, 3, 707.62
1570708111, 0, 212, 1873, 1825, 340, 7.17%, 0, 0, 3, 657.66
1570708178, 0, 212, 1874, 1826, 340, 7.17%, 0, 0, 3, 689.86
1570708183, 0, 212, 1878, 1830, 340, 7.17%, 0, 0, 3, 614.83
1570708450, 0, 212, 1879, 1831, 340, 7.18%, 0, 0, 3, 648.93
1570709829, 0, 214, 1879, 1830, 340, 7.18%, 0, 0, 3, 887.16
1570709834, 0, 214, 1880, 1831, 340, 7.18%, 0, 0, 3, 690.40
1570709840, 0, 214, 1882, 1833, 340, 7.18%, 0, 0, 3, 664.58
1570709906, 0, 214, 1883, 1834, 340, 7.18%, 0, 0, 3, 703.69
1570709912, 0, 214, 1885, 1836, 340, 7.18%, 0, 0, 3, 624.16
1570709932, 0, 214, 1888, 1839, 340, 7.19%, 0, 0, 3, 651.78
1570710178, 0, 214, 1890, 1841, 340, 7.20%, 0, 0, 3, 651.62
1570710183, 0, 214, 1891, 1842, 340, 7.20%, 0, 0, 3, 709.23
1570710435, 0, 214, 1892, 1843, 340, 7.21%, 0, 0, 3, 476.04
1570711368, 0, 214, 1893, 1844, 340, 7.21%, 0, 0, 3, 660.34
1570711558, 0, 217, 1895, 1845, 349, 7.21%, 0, 0, 3, 1556.70
1570711579, 0, 217, 1896, 1846, 349, 7.21%, 0, 0, 3, 642.57
1570711738, 0, 217, 1897, 1847, 349, 7.21%, 0, 0, 3, 619.14
1570713295, 0, 219, 1897, 1846, 348, 7.21%, 0, 0, 3, 854.41
1570713305, 0, 219, 1898, 1847, 348, 7.21%, 0, 0, 3, 664.26
1570713403, 0, 219, 1899, 1848, 348, 7.21%, 0, 0, 3, 634.61
1570715030, 0, 224, 1899, 1847, 347, 7.21%, 0, 0, 3, 1943.88
1570715050, 0, 224, 1900, 1848, 347, 7.21%, 0, 0, 3, 2019.89
1570715055, 0, 224, 1901, 1849, 347, 7.21%, 0, 0, 3, 2200.26
1570715394, 0, 229, 1901, 1848, 347, 7.21%, 0, 0, 3, 1379.48
1570715404, 0, 229, 1902, 1849, 347, 7.21%, 0, 0, 3, 692.50
1570717128, 0, 236, 1902, 1848, 346, 7.21%, 0, 0, 3, 903.49
1570717236, 0, 236, 1903, 1849, 346, 7.21%, 0, 0, 3, 641.72
1570717579, 0, 236, 1904, 1850, 346, 7.21%, 0, 0, 3, 637.72
1570718436, 0, 236, 1905, 1851, 346, 7.21%, 0, 0, 3, 663.84
1570718862, 0, 237, 1905, 1850, 346, 7.21%, 0, 0, 3, 1277.35
1570718878, 0, 237, 1906, 1851, 346, 7.21%, 0, 0, 3, 652.60
1570720603, 0, 237, 1907, 1852, 346, 7.21%, 0, 0, 3, 779.10
1570720608, 0, 240, 1907, 1851, 346, 7.21%, 0, 0, 3, 1070.05
1570720900, 0, 240, 1908, 1852, 346, 7.21%, 0, 0, 3, 651.54
1570720977, 0, 240, 1909, 1853, 346, 7.21%, 0, 0, 3, 638.45
1570722348, 0, 242, 1910, 1853, 346, 7.21%, 0, 0, 3, 1329.40
1570722364, 0, 242, 1911, 1854, 346, 7.21%, 0, 0, 3, 654.53
1570722431, 0, 242, 1912, 1855, 346, 7.21%, 0, 0, 3, 675.15
1570724093, 0, 244, 1912, 1854, 345, 7.21%, 0, 0, 3, 1278.32
1570724108, 0, 244, 1913, 1855, 345, 7.22%, 0, 0, 3, 655.93
1570724118, 0, 244, 1914, 1856, 345, 7.22%, 0, 0, 3, 637.97
1570724293, 0, 244, 1915, 1857, 345, 7.23%, 0, 0, 3, 645.26
1570724473, 0, 244, 1918, 1860, 345, 7.25%, 0, 0, 3, 636.67
1570725841, 0, 246, 1919, 1860, 347, 7.25%, 0, 0, 3, 1084.64
1570725862, 0, 246, 1920, 1861, 347, 7.25%, 0, 0, 3, 636.73
1570725918, 0, 246, 1921, 1862, 347, 7.25%, 0, 0, 3, 661.97
1570727586, 0, 255, 1921, 1861, 346, 7.25%, 0, 0, 3, 893.70
1570727602, 0, 255, 1922, 1862, 346, 7.25%, 0, 0, 3, 645.71
