# unix_time, cycles_done, cur_path, paths_total, pending_total, pending_favs, map_size, unique_crashes, unique_hangs, max_depth, execs_per_sec
1570642489, 0, 0, 1, 1, 1, 3.55%, 0, 0, 1, 666.67
1570642494, 0, 0, 67, 67, 1, 4.02%, 0, 0, 2, 816.59
1570642499, 0, 0, 173, 173, 1, 4.34%, 0, 0, 2, 716.32
1570642504, 0, 0, 238, 238, 1, 4.56%, 0, 0, 2, 728.21
1570642510, 0, 0, 257, 257, 1, 4.59%, 0, 0, 2, 701.03
1570642515, 0, 0, 270, 270, 1, 4.65%, 0, 0, 2, 699.25
1570642540, 0, 0, 274, 274, 1, 4.67%, 0, 0, 2, 676.44
1570642545, 0, 0, 280, 280, 1, 4.68%, 0, 0, 2, 672.93
1570642550, 0, 0, 335, 335, 1, 4.77%, 0, 0, 2, 664.82
1570642555, 0, 0, 348, 348, 1, 4.78%, 0, 0, 2, 661.92
1570642565, 0, 0, 359, 359, 1, 4.80%, 0, 0, 2, 652.08
1570642570, 0, 0, 520, 520, 1, 5.19%, 0, 0, 2, 699.18
1570642575, 0, 0, 616, 616, 1, 5.31%, 0, 0, 2, 790.17
1570642581, 0, 0, 689, 689, 1, 5.33%, 0, 0, 2, 624.26
1570642586, 0, 0, 747, 747, 1, 5.42%, 0, 0, 2, 780.41
1570642591, 0, 0, 795, 795, 1, 5.54%, 0, 0, 2, 714.99
1570642596, 0, 0, 806, 806, 1, 5.56%, 0, 0, 2, 660.86
1570642601, 0, 0, 817, 817, 1, 5.60%, 0, 0, 2, 665.53
1570642606, 0, 0, 819, 819, 1, 5.61%, 0, 0, 2, 649.39
1570642611, 0, 0, 824, 824, 1, 5.64%, 0, 0, 2, 636.10
1570642642, 0, 0, 825, 825, 1, 5.64%, 0, 0, 2, 644.27
1570642647, 0, 0, 826, 826, 1, 5.64%, 0, 0, 2, 645.41
1570642652, 0, 0, 828, 828, 1, 5.64%, 0, 0, 2, 641.98
1570642667, 0, 0, 858, 858, 1, 5.69%, 0, 0, 2, 710.86
1570642672, 0, 0, 881, 881, 1, 5.69%, 0, 0, 2, 626.03
1570642678, 0, 0, 897, 897, 1, 5.69%, 0, 0, 2, 595.58
1570642683, 0, 0, 914, 914, 1, 5.71%, 0, 0, 2, 669.36
1570642688, 0, 0, 917, 917, 1, 5.74%, 0, 0, 2, 641.11
1570642693, 0, 0, 918, 918, 1, 5.74%, 0, 0, 2, 660.24
1570642698, 0, 0, 921, 921, 1, 5.75%, 0, 0, 2, 641.26
1570642703, 0, 0, 923, 923, 1, 5.77%, 0, 0, 2, 641.41
1570642729, 0, 0, 924, 924, 1, 5.77%, 0, 0, 2, 639.94
1570642734, 0, 0, 925, 925, 1, 5.77%, 0, 0, 2, 638.27
1570642744, 0, 0, 926, 926, 1, 5.77%, 0, 0, 2, 636.07
1570642759, 0, 0, 941, 941, 1, 5.77%, 0, 0, 2, 973.79
1570642765, 0, 0, 951, 951, 1, 5.83%, 0, 0, 2, 692.37
1570642770, 0, 0, 961, 961, 1, 5.83%, 0, 0, 2, 617.66
1570642775, 0, 0, 964, 964, 1, 5.83%, 0, 0, 2, 651.75
1570642785, 0, 0, 971, 971, 1, 5.84%, 0, 0, 2, 644.29
1570642790, 0, 0, 979, 979, 1, 5.86%, 0, 0, 2, 650.27
1570642795, 0, 0, 989, 989, 1, 5.86%, 0, 0, 2, 670.25
1570642800, 0, 0, 1009, 1009, 1, 6.16%, 0, 0, 2, 767.89
1570642805, 0, 0, 1013, 1013, 1, 6.18%, 0, 0, 2, 666.68
1570642810, 0, 0, 1014, 1014, 1, 6.18%, 0, 0, 2, 646.52
1570642815, 0, 0, 1017, 1017, 1, 6.19%, 0, 0, 2, 637.35
1570642836, 0, 0, 1018, 1018, 1, 6.20%, 0, 0, 2, 638.62
1570642851, 0, 0, 1024, 1024, 1, 6.21%, 0, 0, 2, 650.50
1570642856, 0, 0, 1026, 1026, 1, 6.21%, 0, 0, 2, 720.21
1570642861, 0, 0, 1029, 1029, 1, 6.23%, 0, 0, 2, 657.31
1570642867, 0, 0, 1033, 1033, 1, 6.25%, 0, 0, 2, 643.74
1570642872, 0, 0, 1034, 1034, 1, 6.25%, 0, 0, 2, 641.51
1570642877, 0, 0, 1035, 1035, 1, 6.26%, 0, 0, 2, 640.33
1570642882, 0, 0, 1036, 1036, 1, 6.26%, 0, 0, 2, 639.55
1570642897, 0, 0, 1037, 1037, 1, 6.30%, 0, 0, 2, 641.04
1570642908, 0, 0, 1039, 1039, 1, 6.30%, 0, 0, 2, 642.17
1570642913, 0, 0, 1041, 1041, 1, 6.32%, 0, 0, 2, 638.56
1570642918, 0, 0, 1043, 1043, 1, 6.33%, 0, 0, 2, 641.18
1570642928, 0, 0, 1045, 1045, 1, 6.33%, 0, 0, 2, 641.71
1570642954, 0, 0, 1046, 1046, 1, 6.33%, 0, 0, 2, 637.09
1570643000, 0, 0, 1048, 1048, 1, 6.34%, 0, 0, 2, 641.24
1570643011, 0, 0, 1049, 1049, 1, 6.34%, 0, 0, 2, 639.99
1570643016, 0, 0, 1050, 1050, 1, 6.34%, 0, 0, 2, 641.08
1570643021, 0, 0, 1052, 1052, 1, 6.34%, 0, 0, 2, 642.98
1570643047, 0, 0, 1053, 1053, 1, 6.34%, 0, 0, 2, 638.38
1570643077, 0, 0, 1056, 1056, 1, 6.36%, 0, 0, 2, 680.24
1570643082, 0, 0, 1068, 1068, 1, 6.37%, 0, 0, 2, 1014.99
1570643088, 0, 0, 1074, 1074, 1, 6.37%, 0, 0, 2, 66.28
1570643093, 0, 0, 1090, 1090, 1, 6.45%, 0, 0, 2, 996.89
1570643098, 0, 0, 1095, 1095, 1, 6.45%, 0, 0, 2, 1174.80
1570643103, 0, 0, 1101, 1101, 1, 6.46%, 0, 0, 2, 894.19
1570643108, 0, 0, 1111, 1111, 1, 6.47%, 0, 0, 2, 193.65
1570643113, 0, 0, 1114, 1114, 1, 6.47%, 0, 0, 2, 1247.42
1570643118, 0, 0, 1121, 1121, 1, 6.47%, 0, 0, 2, 131.46
1570643123, 0, 0, 1125, 1125, 1, 6.48%, 0, 0, 2, 1173.12
1570643128, 0, 0, 1128, 1128, 1, 6.48%, 0, 0, 2, 1041.18
1570643134, 0, 0, 1129, 1129, 1, 6.48%, 0, 0, 2, 94.59
1570643144, 0, 0, 1134, 1134, 1, 6.48%, 0, 0, 2, 109.41
1570643149, 0, 0, 1136, 1136, 1, 6.48%, 0, 0, 2, 969.31
1570643154, 0, 0, 1138, 1138, 1, 6.48%, 0, 0, 2, 1365.00
1570643159, 0, 0, 1141, 1141, 1, 6.49%, 0, 0, 2, 1019.06
1570643164, 0, 0, 1174, 1174, 1, 6.50%, 0, 0, 2, 913.87
1570643169, 0, 0, 1182, 1182, 1, 6.50%, 0, 0, 2, 916.81
1570643190, 0, 0, 1184, 1184, 1, 6.51%, 0, 0, 2, 640.57
1570643205, 0, 0, 1185, 1185, 1, 6.51%, 0, 0, 2, 694.75
1570643210, 0, 0, 1186, 1186, 1, 6.51%, 0, 0, 2, 702.82
1570643236, 0, 0, 1187, 1187, 1, 6.51%, 0, 0, 2, 635.03
1570643246, 0, 0, 1188, 1188, 1, 6.52%, 0, 0, 2, 637.10
1570643293, 0, 0, 1190, 1190, 1, 6.52%, 0, 0, 2, 637.66
1570643303, 0, 0, 1192, 1192, 1, 6.52%, 0, 0, 2, 638.29
1570643308, 0, 0, 1195, 1195, 1, 6.52%, 0, 0, 2, 641.35
1570643334, 0, 0, 1197, 1197, 1, 6.52%, 0, 0, 2, 637.22
1570643339, 0, 0, 1199, 1199, 1, 6.52%, 0, 0, 2, 643.20
1570643349, 0, 0, 1200, 1200, 1, 6.52%, 0, 0, 2, 641.11
1570643380, 0, 0, 1201, 1201, 1, 6.52%, 0, 0, 2, 645.02
1570643395, 0, 0, 1204, 1204, 1, 6.52%, 0, 0, 2, 1706.38
1570643416, 0, 0, 1205, 1205, 1, 6.52%, 0, 0, 2, 1823.74
1570643436, 0, 0, 1206, 1206, 1, 6.52%, 0, 0, 2, 170.85
1570643451, 0, 0, 1207, 1207, 1, 6.52%, 0, 0, 2, 56.34
1570643456, 0, 0, 1208, 1208, 1, 6.52%, 0, 0, 2, 1910.45
1570643492, 0, 0, 1209, 1209, 1, 6.52%, 0, 0, 2, 826.39
1570643533, 0, 0, 1210, 1210, 1, 6.52%, 0, 0, 2, 647.66
1570643605, 0, 0, 1211, 1211, 1, 6.52%, 0, 0, 2, 642.06
1570643635, 0, 0, 1212, 1212, 1, 6.52%, 0, 0, 2, 647.11
1570643681, 0, 0, 1213, 1213, 1, 6.53%, 0, 0, 2, 2124.30
1570643697, 0, 0, 1214, 1214, 1, 6.53%, 0, 0, 2, 910.57
1570643717, 0, 0, 1223, 1223, 1, 6.54%, 0, 0, 2, 672.95
1570643722, 0, 0, 1225, 1225, 1, 6.55%, 0, 0, 2, 662.23
1570643784, 0, 0, 1226, 1226, 1, 6.55%, 0, 0, 2, 634.91
1570643804, 0, 0, 1234, 1234, 1, 6.55%, 0, 0, 2, 750.46
1570643810, 0, 0, 1240, 1240, 1, 6.55%, 0, 0, 2, 674.02
1570643815, 0, 0, 1241, 1241, 1, 6.56%, 0, 0, 2, 800.82
1570643820, 0, 0, 1250, 1250, 1, 6.59%, 0, 0, 2, 873.06
1570643974, 0, 0, 1252, 1252, 1, 6.60%, 0, 0, 2, 676.28
1570643979, 0, 0, 1255, 1255, 1, 6.60%, 0, 0, 2, 860.73
1570643984, 0, 0, 1257, 1257, 1, 6.60%, 0, 0, 2, 677.36
1570643989, 0, 0, 1264, 1264, 1, 6.61%, 0, 0, 2, 832.86
1570644010, 0, 0, 1267, 1267, 1, 6.61%, 0, 0, 2, 925.69
1570644025, 0, 0, 1270, 1270, 1, 6.62%, 0, 0, 2, 645.98
1570644117, 0, 0, 1271, 1271, 1, 6.62%, 0, 0, 2, 650.93
1570644122, 0, 0, 1272, 1272, 1, 6.62%, 0, 0, 2, 841.28
1570644132, 0, 0, 1276, 1276, 1, 6.62%, 0, 0, 2, 652.49
1570644148, 0, 0, 1282, 1282, 1, 6.63%, 0, 0, 2, 710.09
1570644153, 0, 0, 1318, 1318, 1, 6.66%, 0, 0, 2, 1412.44
1570644158, 0, 0, 1335, 1335, 1, 6.66%, 0, 0, 2, 1713.21
1570644163, 0, 0, 1360, 1360, 1, 6.70%, 0, 0, 2, 1753.43
1570644168, 0, 2, 1373, 1372, 346, 6.72%, 0, 0, 2, 1911.63
1570644173, 0, 2, 1384, 1383, 346, 6.87%, 0, 0, 3, 2590.14
1570644178, 0, 2, 1388, 1387, 346, 6.95%, 0, 0, 3, 2698.85
1570644183, 0, 4, 1389, 1386, 356, 6.95%, 0, 0, 3, 2815.25
1570644188, 0, 7, 1391, 1386, 355, 6.95%, 0, 0, 3, 2786.49
1570644193, 0, 8, 1394, 1388, 355, 6.95%, 0, 0, 3, 1896.34
1570644363, 0, 8, 1395, 1389, 355, 6.95%, 0, 0, 3, 708.08
1570644491, 0, 8, 1396, 1390, 355, 6.95%, 0, 0, 3, 839.66
1570645156, 0, 8, 1397, 1391, 355, 6.95%, 0, 0, 3, 1324.53
1570645842, 0, 8, 1407, 1401, 355, 6.97%, 0, 0, 3, 1602.65
1570645847, 0, 8, 1415, 1409, 355, 6.97%, 0, 0, 3, 1741.32
1570645852, 0, 8, 1424, 1418, 355, 6.97%, 0, 0, 3, 1787.25
1570645857, 0, 9, 1432, 1425, 355, 6.97%, 0, 0, 3, 1654.89
1570645877, 0, 9, 1433, 1426, 355, 6.97%, 0, 0, 3, 651.54
1570645908, 0, 9, 1434, 1427, 355, 6.97%, 0, 0, 3, 647.53
1570645913, 0, 9, 1435, 1428, 355, 6.97%, 0, 0, 3, 648.37
1570645923, 0, 9, 1436, 1429, 355, 6.97%, 0, 0, 3, 648.32
1570645933, 0, 9, 1437, 1430, 355, 6.97%, 0, 0, 3, 678.84
1570645938, 0, 9, 1447, 1440, 355, 7.03%, 0, 0, 3, 663.75
1570645943, 0, 9, 1450, 1443, 355, 7.03%, 0, 0, 3, 616.37
1570645948, 0, 9, 1457, 1450, 355, 7.03%, 0, 0, 3, 683.95
1570646117, 0, 9, 1458, 1451, 355, 7.03%, 0, 0, 3, 696.74
1570646127, 0, 9, 1461, 1454, 355, 7.03%, 0, 0, 3, 676.46
1570646137, 0, 9, 1462, 1455, 355, 7.03%, 0, 0, 3, 633.23
1570646412, 0, 9, 1463, 1456, 355, 7.03%, 0, 0, 3, 632.41
1570646438, 0, 9, 1464, 1457, 355, 7.03%, 0, 0, 3, 115.04
1570646443, 0, 9, 1465, 1458, 355, 7.03%, 0, 0, 3, 1173.97
1570646468, 0, 9, 1466, 1459, 355, 7.03%, 0, 0, 3, 1421.63
1570646479, 0, 9, 1467, 1460, 355, 7.03%, 0, 0, 3, 1246.66
1570646509, 0, 9, 1473, 1466, 355, 7.03%, 0, 0, 3, 998.55
1570646560, 0, 9, 1475, 1468, 355, 7.03%, 0, 0, 3, 651.77
1570647162, 0, 9, 1476, 1469, 355, 7.03%, 0, 0, 3, 893.53
1570647484, 0, 9, 1477, 1470, 355, 7.03%, 0, 0, 3, 638.75
1570647505, 0, 11, 1480, 1472, 356, 7.04%, 0, 0, 3, 1614.62
1570647525, 0, 11, 1481, 1473, 356, 7.04%, 0, 0, 3, 2167.52
1570647530, 0, 11, 1506, 1498, 356, 7.04%, 0, 0, 3, 2226.49
1570647586, 0, 11, 1507, 1499, 356, 7.04%, 0, 0, 3, 2187.99
1570647591, 0, 11, 1510, 1502, 356, 7.04%, 0, 0, 3, 2250.42
1570647632, 0, 11, 1511, 1503, 356, 7.04%, 0, 0, 3, 2265.34
1570647806, 0, 11, 1513, 1505, 356, 7.04%, 0, 0, 3, 2192.75
1570647842, 0, 11, 1514, 1506, 356, 7.04%, 0, 0, 3, 2215.44
1570647857, 0, 11, 1521, 1513, 356, 7.06%, 0, 0, 3, 2465.44
1570647862, 0, 11, 1524, 1516, 356, 7.06%, 0, 0, 3, 2555.52
1570647867, 0, 12, 1526, 1517, 357, 7.07%, 0, 0, 3, 1498.10
1570647944, 0, 12, 1528, 1519, 357, 7.07%, 0, 0, 3, 707.10
1570648164, 0, 12, 1531, 1522, 357, 7.08%, 0, 0, 3, 763.28
1570649521, 0, 12, 1532, 1523, 357, 7.08%, 0, 0, 3, 763.47
1570649527, 0, 12, 1535, 1526, 357, 7.08%, 0, 0, 3, 635.91
1570649557, 0, 12, 1542, 1533, 357, 7.08%, 0, 0, 3, 1561.87
1570649562, 0, 12, 1552, 1543, 357, 7.08%, 0, 0, 3, 1754.88
1570649567, 0, 12, 1562, 1553, 357, 7.09%, 0, 0, 3, 1804.49
1570649572, 0, 13, 1572, 1562, 358, 7.09%, 0, 0, 3, 1817.21
1570649649, 0, 13, 1575, 1565, 358, 7.09%, 0, 0, 3, 670.04
1570649654, 0, 13, 1576, 1566, 358, 7.09%, 0, 0, 3, 681.59
1570649659, 0, 13, 1577, 1567, 358, 7.09%, 0, 0, 3, 604.10
1570649869, 0, 13, 1579, 1569, 358, 7.09%, 0, 0, 3, 809.58
1570650888, 0, 13, 1580, 1570, 358, 7.09%, 0, 0, 3, 731.04
1570651073, 0, 13, 1581, 1571, 358, 7.09%, 0, 0, 3, 766.78
1570651283, 0, 17, 1586, 1575, 359, 7.14%, 0, 0, 3, 1069.96
1570651339, 0, 17, 1588, 1577, 359, 7.14%, 0, 0, 3, 646.11
1570651359, 0, 17, 1592, 1581, 359, 7.14%, 0, 0, 3, 712.68
1570651364, 0, 17, 1593, 1582, 359, 7.14%, 0, 0, 3, 642.19
1570651374, 0, 17, 1595, 1584, 359, 7.14%, 0, 0, 3, 668.87
1570651461, 0, 17, 1596, 1585, 359, 7.14%, 0, 0, 3, 707.98
1570651578, 0, 17, 1598, 1587, 359, 7.15%, 0, 0, 3, 769.34
1570652532, 0, 17, 1603, 1592, 359, 7.16%, 0, 0, 3, 638.52
1570652537, 0, 17, 1604, 1593, 359, 7.17%, 0, 0, 3, 640.87
1570652969, 0, 22, 1605, 1593, 372, 7.17%, 0, 0, 3, 1326.25
1570652974, 0, 23, 1605, 1592, 372, 7.17%, 0, 0, 3, 2613.31
1570652984, 0, 23, 1608, 1595, 372, 7.17%, 0, 0, 3, 2537.78
1570653009, 0, 23, 1611, 1598, 372, 7.17%, 0, 0, 3, 2562.74
1570653106, 0, 30, 1612, 1598, 374, 7.17%, 0, 0, 3, 2619.56
1570653173, 0, 30, 1613, 1599, 374, 7.17%, 0, 0, 3, 2616.32
1570653178, 0, 30, 1614, 1600, 374, 7.17%, 0, 0, 3, 2623.19
1570653199, 0, 31, 1614, 1599, 373, 7.17%, 0, 0, 3, 2499.85
1570653224, 0, 31, 1615, 1600, 373, 7.17%, 0, 0, 3, 2452.45
1570653337, 0, 53, 1615, 1599, 372, 7.17%, 0, 0, 3, 1793.14
1570653414, 0, 53, 1616, 1600, 372, 7.17%, 0, 0, 3, 715.74
1570653506, 0, 53, 1617, 1601, 372, 7.17%, 0, 0, 3, 731.64
1570653942, 0, 53, 1618, 1602, 372, 7.17%, 0, 0, 3, 808.93
1570655043, 0, 53, 1621, 1605, 372, 7.17%, 0, 0, 3, 1042.91
1570655048, 0, 53, 1626, 1610, 372, 7.17%, 0, 0, 3, 1690.75
1570655053, 0, 53, 1633, 1617, 372, 7.18%, 0, 0, 3, 1811.59
1570655058, 0, 53, 1640, 1624, 372, 7.19%, 0, 0, 3, 1825.64
1570655063, 0, 69, 1643, 1626, 374, 7.19%, 0, 0, 3, 1282.41
1570655140, 0, 69, 1644, 1627, 374, 7.19%, 0, 0, 3, 722.21
1570655366, 0, 69, 1645, 1628, 374, 7.19%, 0, 0, 3, 668.85
1570655679, 0, 69, 1646, 1629, 374, 7.19%, 0, 0, 3, 528.50
1570656576, 0, 69, 1647, 1630, 374, 7.19%, 0, 0, 3, 706.18
1570656776, 0, 78, 1648, 1630, 374, 7.19%, 0, 0, 3, 1298.16
1570656853, 0, 78, 1649, 1631, 374, 7.19%, 0, 0, 3, 655.93
1570657073, 0, 78, 1650, 1632, 374, 7.19%, 0, 0, 3, 821.73
1570658483, 0, 86, 1650, 1631, 375, 7.19%, 0, 0, 3, 1291.48
1570658565, 0, 86, 1652, 1633, 375, 7.19%, 0, 0, 3, 676.17
1570658580, 0, 86, 1653, 1634, 375, 7.20%, 0, 0, 3, 649.11
1570658780, 0, 86, 1654, 1635, 375, 7.26%, 0, 0, 3, 753.05
1570659796, 0, 86, 1655, 1636, 375, 7.26%, 0, 0, 3, 869.58
1570660191, 0, 86, 1657, 1638, 375, 7.26%, 0, 0, 3, 1195.33
1570660196, 0, 102, 1657, 1637, 375, 7.26%, 0, 0, 3, 1003.15
1570660201, 0, 102, 1658, 1638, 375, 7.26%, 0, 0, 3, 713.25
1570660273, 0, 102, 1660, 1640, 375, 7.26%, 0, 0, 3, 715.15
1570660278, 0, 102, 1661, 1641, 375, 7.26%, 0, 0, 3, 619.99
1570660786, 0, 102, 1662, 1642, 375, 7.26%, 0, 0, 3, 1060.25
1570660801, 0, 102, 1664, 1644, 375, 7.26%, 0, 0, 3, 1270.33
1570660832, 0, 102, 1665, 1645, 375, 7.26%, 0, 0, 3, 1057.00
1570661493, 0, 102, 1666, 1646, 375, 7.26%, 0, 0, 3, 685.14
1570661908, 0, 102, 1674, 1654, 375, 7.26%, 0, 0, 3, 1348.43
1570661913, 0, 102, 1681, 1661, 375, 7.26%, 0, 0, 3, 1730.88
1570661918, 0, 102, 1686, 1666, 375, 7.26%, 0, 0, 3, 1866.38
1570661923, 0, 102, 1689, 1669, 375, 7.26%, 0, 0, 3, 1888.35
1570661928, 0, 103, 1689, 1668, 371, 7.26%, 0, 0, 3, 1088.02
1570661933, 0, 103, 1690, 1669, 371, 7.26%, 0, 0, 3, 738.46
1570662005, 0, 103, 1692, 1671, 371, 7.26%, 0, 0, 3, 707.62
1570662021, 0, 103, 1693, 1672, 371, 7.27%, 0, 0, 3, 650.63
1570662221, 0, 103, 1694, 1673, 371, 7.27%, 0, 0, 3, 697.72
1570663640, 0, 112, 1695, 1673, 372, 7.27%, 0, 0, 3, 1109.98
1570663717, 0, 112, 1696, 1674, 372, 7.27%, 0, 0, 3, 695.02
1570663722, 0, 112, 1698, 1676, 372, 7.27%, 0, 0, 3, 652.41
1570663809, 0, 112, 1699, 1677, 372, 7.27%, 0, 0, 3, 729.15
1570665353, 0, 113, 1699, 1676, 372, 7.27%, 0, 0, 3, 1202.34
1570665435, 0, 113, 1700, 1677, 372, 7.27%, 0, 0, 3, 652.59
1570665553, 0, 113, 1701, 1678, 372, 7.27%, 0, 0, 3, 643.55
1570667066, 0, 115, 1701, 1677, 372, 7.27%, 0, 0, 3, 1065.46
1570667661, 0, 115, 1702, 1678, 372, 7.27%, 0, 0, 3, 142.19
1570668778, 0, 115, 1703, 1679, 372, 7.27%, 0, 0, 3, 947.30
1570668783, 0, 116, 1703, 1678, 371, 7.27%, 0, 0, 3, 906.75
1570668860, 0, 116, 1705, 1680, 371, 7.27%, 0, 0, 3, 709.25
1570670489, 0, 118, 1705, 1679, 371, 7.27%, 0, 0, 3, 1110.48
1570670597, 0, 118, 1706, 1680, 371, 7.27%, 0, 0, 3, 643.72
1570670782, 0, 118, 1707, 1681, 371, 7.27%, 0, 0, 3, 652.75
1570672203, 0, 122, 1707, 1680, 370, 7.27%, 0, 0, 3, 972.48
1570672516, 0, 122, 1708, 1681, 370, 7.27%, 0, 0, 3, 641.51
1570673910, 0, 123, 1708, 1680, 370, 7.27%, 0, 0, 3, 1247.19
1570673915, 0, 123, 1709, 1681, 370, 7.27%, 0, 0, 3, 806.75
1570675621, 0, 145, 1709, 1680, 369, 7.27%, 0, 0, 3, 1022.46
1570675626, 0, 145, 1710, 1681, 369, 7.27%, 0, 0, 3, 721.22
1570675631, 0, 145, 1711, 1682, 369, 7.27%, 0, 0, 3, 687.20
1570677308, 0, 145, 1712, 1683, 369, 7.27%, 0, 0, 3, 643.52
1570677334, 0, 148, 1712, 1682, 368, 7.27%, 0, 0, 3, 1219.52
1570677344, 0, 148, 1713, 1683, 368, 7.27%, 0, 0, 3, 716.59
1570677600, 0, 148, 1714, 1684, 368, 7.27%, 0, 0, 3, 618.66
1570679046, 0, 149, 1714, 1683, 368, 7.27%, 0, 0, 3, 1264.78
1570679123, 0, 149, 1715, 1684, 368, 7.27%, 0, 0, 3, 655.46
1570679144, 0, 149, 1716, 1685, 368, 7.27%, 0, 0, 3, 644.78
1570680759, 0, 149, 1720, 1689, 368, 7.28%, 0, 0, 3, 1337.13
1570680764, 0, 149, 1726, 1695, 368, 7.28%, 0, 0, 3, 1765.86
1570680769, 0, 149, 1732, 1701, 368, 7.28%, 0, 0, 3, 1855.49
1570680774, 0, 149, 1737, 1706, 368, 7.28%, 0, 0, 3, 1826.37
1570680779, 0, 152, 1738, 1706, 370, 7.28%, 0, 0, 3, 1059.54
1570682492, 0, 161, 1738, 1705, 369, 7.28%, 0, 0, 3, 837.04
1570682568, 0, 161, 1740, 1707, 369, 7.28%, 0, 0, 3, 694.47
1570682574, 0, 161, 1742, 1709, 369, 7.28%, 0, 0, 3, 611.63
1570682819, 0, 161, 1743, 1710, 369, 7.29%, 0, 0, 3, 639.46
1570683803, 0, 161, 1744, 1711, 369, 7.29%, 0, 0, 3, 798.77
1570684197, 0, 162, 1744, 1710, 369, 7.29%, 0, 0, 3, 1183.50
1570684207, 0, 162, 1745, 1711, 369, 7.29%, 0, 0, 3, 712.76
1570685910, 0, 163, 1745, 1710, 368, 7.29%, 0, 0, 3, 1066.42
1570685987, 0, 163, 1746, 1711, 368, 7.29%, 0, 0, 3, 706.80
1570685992, 0, 163, 1748, 1713, 368, 7.29%, 0, 0, 3, 642.72
1570687620, 0, 164, 1748, 1712, 368, 7.29%, 0, 0, 3, 986.01
1570687696, 0, 164, 1749, 1713, 368, 7.29%, 0, 0, 3, 705.71
1570687701, 0, 164, 1750, 1714, 368, 7.29%, 0, 0, 3, 636.81
1570689326, 0, 165, 1750, 1713, 368, 7.29%, 0, 0, 3, 1160.82
1570689336, 0, 165, 1751, 1714, 368, 7.29%, 0, 0, 3, 688.49
1570689413, 0, 165, 1752, 1715, 368, 7.29%, 0, 0, 3, 595.97
1570689587, 0, 165, 1753, 1716, 368, 7.29%, 0, 0, 3, 719.46
1570690639, 0, 165, 1754, 1717, 368, 7.29%, 0, 0, 3, 885.33
1570691033, 0, 173, 1755, 1717, 367, 7.29%, 0, 0, 3, 1176.17
1570691044, 0, 173, 1756, 1718, 367, 7.29%, 0, 0, 3, 709.65
1570691054, 0, 173, 1757, 1719, 367, 7.29%, 0, 0, 3, 645.94
1570692242, 0, 173, 1758, 1720, 367, 7.29%, 0, 0, 3, 671.21
1570692560, 0, 173, 1759, 1721, 367, 7.29%, 0, 0, 3, 633.91
1570692744, 0, 176, 1761, 1722, 365, 7.29%, 0, 0, 3, 1433.24
1570692754, 0, 176, 1763, 1724, 365, 7.30%, 0, 0, 3, 701.19
1570692821, 0, 176, 1765, 1726, 365, 7.30%, 0, 0, 3, 672.88
1570693077, 0, 176, 1766, 1727, 365, 7.30%, 0, 0, 3, 640.08
1570693082, 0, 176, 1767, 1728, 365, 7.30%, 0, 0, 3, 640.55
1570693442, 0, 176, 1768, 1729, 365, 7.31%, 0, 0, 3, 919.48
1570693960, 0, 176, 1769, 1730, 365, 7.31%, 0, 0, 3, 705.97
1570694273, 0, 176, 1772, 1733, 365, 7.31%, 0, 0, 3, 643.60
1570694458, 0, 178, 1772, 1732, 368, 7.31%, 0, 0, 3, 1043.67
1570694468, 0, 178, 1773, 1733, 368, 7.31%, 0, 0, 3, 688.65
1570696164, 0, 181, 1773, 1732, 367, 7.31%, 0, 0, 3, 1194.66
1570696799, 0, 181, 1774, 1733, 367, 7.31%, 0, 0, 3, 96.64
1570697868, 0, 183, 1774, 1732, 366, 7.31%, 0, 0, 3, 1129.36
1570697945, 0, 183, 1775, 1733, 366, 7.31%, 0, 0, 3, 664.45
1570697950, 0, 183, 1777, 1735, 366, 7.31%, 0, 0, 3, 653.04
1570698447, 0, 183, 1778, 1736, 366, 7.31%, 0, 0, 3, 1126.47
1570699574, 0, 184, 1779, 1736, 365, 7.31%, 0, 0, 3, 1217.68
1570699584, 0, 184, 1780, 1737, 365, 7.31%, 0, 0, 3, 703.48
1570699666, 0, 184, 1781, 1738, 365, 7.31%, 0, 0, 3, 663.88
1570699763, 0, 184, 1782, 1739, 365, 7.31%, 0, 0, 3, 684.34
1570699912, 0, 184, 1783, 1740, 365, 7.31%, 0, 0, 3, 637.25
1570701285, 0, 187, 1783, 1739, 364, 7.31%, 0, 0, 3, 413.13
1570701295, 0, 187, 1784, 1740, 364, 7.31%, 0, 0, 3, 656.45
1570701367, 0, 187, 1785, 1741, 364, 7.31%, 0, 0, 3, 634.40
1570701377, 0, 187, 1787, 1743, 364, 7.31%, 0, 0, 3, 665.19
1570701899, 0, 187, 1788, 1744, 364, 7.31%, 0, 0, 3, 887.94
1570702991, 0, 188, 1788, 1743, 363, 7.31%, 0, 0, 3, 1194.71
1570703001, 0, 188, 1790, 1745, 363, 7.31%, 0, 0, 3, 668.67
1570703073, 0, 188, 1792, 1747, 363, 7.31%, 0, 0, 3, 663.49
1570703083, 0, 188, 1793, 1748, 363, 7.31%, 0, 0, 3, 671.40
1570703688, 0, 188, 1794, 1749, 363, 7.32%, 0, 0, 3, 737.07
1570704701, 0, 189, 1794, 1748, 363, 7.32%, 0, 0, 3, 1323.95
1570706407, 0, 191, 1794, 1747, 362, 7.32%, 0, 0, 3, 1769.99
1570706489, 0, 191, 1795, 1748, 362, 7.32%, 0, 0, 3, 2244.42
1570706550, 0, 191, 1796, 1749, 362, 7.32%, 0, 0, 3, 2312.89
1570706662, 0, 191, 1797, 1750, 362, 7.32%, 0, 0, 3, 2255.13
1570706744, 0, 192, 1797, 1749, 361, 7.32%, 0, 0, 3, 1280.07
1570708457, 0, 194, 1797, 1748, 360, 7.32%, 0, 0, 3, 1935.28
1570708795, 0, 195, 1797, 1747, 359, 7.32%, 0, 0, 3, 2287.67
1570708815, 0, 195, 1798, 1748, 359, 7.32%, 0, 0, 3, 2210.22
1570709133, 0, 196, 1798, 1747, 358, 7.32%, 0, 0, 3, 1384.07
1570709210, 0, 196, 1799, 1748, 358, 7.32%, 0, 0, 3, 700.50
1570710848, 0, 196, 1803, 1752, 358, 7.32%, 0, 0, 3, 1376.97
1570710859, 0, 196, 1807, 1756, 358, 7.32%, 0, 0, 3, 1886.36
1570710864, 0, 197, 1809, 1757, 359, 7.32%, 0, 0, 3, 1959.20
1570711207, 0, 202, 1809, 1756, 358, 7.32%, 0, 0, 3, 1571.61
1570711212, 0, 202, 1810, 1757, 358, 7.33%, 0, 0, 3, 832.91
1570711268, 0, 202, 1811, 1758, 358, 7.33%, 0, 0, 3, 634.97
1570711289, 0, 202, 1816, 1763, 358, 7.33%, 0, 0, 3, 632.20
1570711468, 0, 202, 1817, 1764, 358, 7.33%, 0, 0, 3, 671.13
1570711812, 0, 202, 1818, 1765, 358, 7.33%, 0, 0, 3, 1944.39
1570711868, 0, 202, 1819, 1766, 358, 7.33%, 0, 0, 3, 916.37
1570712423, 0, 202, 1820, 1767, 358, 7.33%, 0, 0, 3, 617.95
1570712515, 0, 202, 1821, 1768, 358, 7.33%, 0, 0, 3, 721.88
1570712525, 0, 202, 1822, 1769, 358, 7.33%, 0, 0, 3, 859.01
1570712900, 0, 202, 1823, 1770, 358, 7.33%, 0, 0, 3, 654.40
1570712931, 0, 204, 1823, 1769, 358, 7.33%, 0, 0, 3, 1196.30
1570714416, 0, 204, 1824, 1770, 358, 7.33%, 0, 0, 3, 713.25
1570714646, 0, 206, 1824, 1769, 357, 7.33%, 0, 0, 3, 857.12
1570716358, 0, 206, 1831, 1776, 357, 7.36%, 0, 0, 3, 1583.05
1570716363, 0, 206, 1836, 1781, 357, 7.36%, 0, 0, 3, 1755.29
1570716368, 0, 206, 1841, 1786, 357, 7.37%, 0, 0, 3, 1872.87
1570716374, 0, 209, 1842, 1786, 357, 7.37%, 0, 0, 3, 1661.72
1570716456, 0, 209, 1843, 1787, 357, 7.37%, 0, 0, 3, 646.53
1570717675, 0, 209, 1844, 1788, 357, 7.37%, 0, 0, 3, 721.78
1570718090, 0, 212, 1844, 1787, 356, 7.37%, 0, 0, 3, 1010.10
1570718171, 0, 212, 1849, 1792, 356, 7.37%, 0, 0, 3, 642.54
1570718258, 0, 212, 1850, 1793, 356, 7.37%, 0, 0, 3, 709.36
1570718437, 0, 212, 1851, 1794, 356, 7.37%, 0, 0, 3, 660.12
1570718673, 0, 212, 1852, 1795, 356, 7.37%, 0, 0, 3, 1369.75
1570719804, 0, 214, 1853, 1795, 357, 7.37%, 0, 0, 3, 845.17
1570719814, 0, 214, 1855, 1797, 357, 7.37%, 0, 0, 3, 661.32
1570719881, 0, 214, 1857, 1799, 357, 7.37%, 0, 0, 3, 699.15
1570719886, 0, 214, 1858, 1800, 357, 7.37%, 0, 0, 3, 612.36
1570719902, 0, 214, 1861, 1803, 357, 7.39%, 0, 0, 3, 671.81
1570720153, 0, 214, 1864, 1806, 357, 7.39%, 0, 0, 3, 648.52
1570720410, 0, 214, 1865, 1807, 357, 7.40%, 0, 0, 3, 96.79
1570721342, 0, 214, 1866, 1808, 357, 7.40%, 0, 0, 3, 703.19
1570721521, 0, 217, 1866, 1807, 365, 7.40%, 0, 0, 3, 951.33
1570721542, 0, 217, 1867, 1808, 365, 7.40%, 0, 0, 3, 642.86
1570723238, 0, 219, 1868, 1808, 364, 7.40%, 0, 0, 3, 1226.63
1570723351, 0, 219, 1869, 1809, 364, 7.40%, 0, 0, 3, 635.52
1570724551, 0, 219, 1870, 1810, 364, 7.40%, 0, 0, 3, 814.31
1570724957, 0, 221, 1872, 1811, 364, 7.41%, 0, 0, 3, 1110.23
1570725039, 0, 221, 1873, 1812, 364, 7.41%, 0, 0, 3, 627.15
1570726675, 0, 221, 1874, 1813, 364, 7.41%, 0, 0, 3, 813.23
1570726681, 0, 224, 1876, 1814, 363, 7.41%, 0, 0, 3, 1855.30
1570726706, 0, 224, 1877, 1815, 363, 7.41%, 0, 0, 3, 2134.64
1570727044, 0, 226, 1877, 1814, 362, 7.41%, 0, 0, 3, 2429.45
1570727412, 0, 229, 1877, 1813, 362, 7.41%, 0, 0, 3, 2326.51
1570727417, 0, 229, 1878, 1814, 362, 7.41%, 0, 0, 3, 1026.84
1570727427, 0, 229, 1879, 1815, 362, 7.41%, 0, 0, 3, 669.16
