# unix_time, cycles_done, cur_path, paths_total, pending_total, pending_favs, map_size, unique_crashes, unique_hangs, max_depth, execs_per_sec
1573406511, 0, 0, 1, 1, 1, 3.55%, 0, 0, 1, 727.27
1573406516, 0, 0, 91, 91, 1, 4.07%, 0, 0, 2, 883.92
1573406521, 0, 0, 186, 186, 1, 4.37%, 0, 0, 2, 784.79
1573406526, 0, 0, 247, 247, 1, 4.58%, 0, 0, 2, 797.94
1573406531, 0, 0, 267, 267, 1, 4.62%, 0, 0, 2, 772.65
1573406536, 0, 0, 270, 270, 1, 4.65%, 0, 0, 2, 771.76
1573406557, 0, 0, 274, 274, 1, 4.67%, 0, 0, 2, 766.56
1573406562, 0, 0, 283, 283, 1, 4.68%, 0, 0, 2, 773.79
1573406567, 0, 0, 340, 340, 1, 4.77%, 0, 0, 2, 774.80
1573406572, 0, 0, 348, 348, 1, 4.78%, 0, 0, 2, 765.62
1573406577, 0, 0, 352, 352, 1, 4.78%, 0, 0, 2, 766.29
1573406582, 0, 0, 510, 510, 1, 5.17%, 0, 0, 2, 922.62
1573406587, 0, 0, 637, 637, 1, 5.32%, 0, 0, 2, 732.74
1573406592, 0, 0, 714, 714, 1, 5.33%, 0, 0, 2, 696.67
1573406598, 0, 0, 794, 794, 1, 5.54%, 0, 0, 2, 804.96
1573406603, 0, 0, 801, 801, 1, 5.55%, 0, 0, 2, 780.41
1573406608, 0, 0, 816, 816, 1, 5.60%, 0, 0, 2, 796.66
1573406613, 0, 0, 821, 821, 1, 5.63%, 0, 0, 2, 779.96
1573406618, 0, 0, 823, 823, 1, 5.64%, 0, 0, 2, 775.80
1573406643, 0, 0, 824, 824, 1, 5.64%, 0, 0, 2, 771.84
1573406648, 0, 0, 826, 826, 1, 5.64%, 0, 0, 2, 774.86
1573406654, 0, 0, 827, 827, 1, 5.64%, 0, 0, 2, 773.26
1573406664, 0, 0, 868, 868, 1, 5.69%, 0, 0, 2, 833.23
1573406669, 0, 0, 893, 893, 1, 5.69%, 0, 0, 2, 727.78
1573406674, 0, 0, 914, 914, 1, 5.71%, 0, 0, 2, 819.14
1573406679, 0, 0, 916, 916, 1, 5.71%, 0, 0, 2, 780.07
1573406684, 0, 0, 918, 918, 1, 5.74%, 0, 0, 2, 796.15
1573406689, 0, 0, 922, 922, 1, 5.77%, 0, 0, 2, 777.55
1573406694, 0, 0, 923, 923, 1, 5.77%, 0, 0, 2, 772.00
1573406715, 0, 0, 924, 924, 1, 5.77%, 0, 0, 2, 774.89
1573406720, 0, 0, 925, 925, 1, 5.77%, 0, 0, 2, 773.87
1573406730, 0, 0, 926, 926, 1, 5.77%, 0, 0, 2, 775.00
1573406740, 0, 0, 943, 943, 1, 5.83%, 0, 0, 2, 832.01
1573406745, 0, 0, 950, 950, 1, 5.83%, 0, 0, 2, 708.81
1573406750, 0, 0, 962, 962, 1, 5.83%, 0, 0, 2, 795.44
1573406761, 0, 0, 970, 970, 1, 5.85%, 0, 0, 2, 772.78
1573406766, 0, 0, 980, 980, 1, 5.86%, 0, 0, 2, 784.58
1573406771, 0, 0, 999, 999, 1, 6.16%, 0, 0, 2, 959.09
1573406776, 0, 0, 1012, 1012, 1, 6.18%, 0, 0, 2, 837.12
1573406781, 0, 0, 1014, 1014, 1, 6.18%, 0, 0, 2, 784.47
1573406786, 0, 0, 1017, 1017, 1, 6.19%, 0, 0, 2, 775.30
1573406801, 0, 0, 1018, 1018, 1, 6.20%, 0, 0, 2, 774.70
1573406811, 0, 0, 1019, 1019, 1, 6.20%, 0, 0, 2, 867.00
1573406817, 0, 0, 1024, 1024, 1, 6.21%, 0, 0, 2, 794.85
1573406822, 0, 0, 1029, 1029, 1, 6.23%, 0, 0, 2, 823.31
1573406827, 0, 0, 1032, 1032, 1, 6.24%, 0, 0, 2, 785.50
1573406832, 0, 0, 1034, 1034, 1, 6.25%, 0, 0, 2, 778.82
1573406837, 0, 0, 1035, 1035, 1, 6.26%, 0, 0, 2, 775.55
1573406842, 0, 0, 1036, 1036, 1, 6.26%, 0, 0, 2, 767.60
1573406852, 0, 0, 1037, 1037, 1, 6.30%, 0, 0, 2, 772.43
1573406862, 0, 0, 1039, 1039, 1, 6.30%, 0, 0, 2, 769.62
1573406867, 0, 0, 1043, 1043, 1, 6.33%, 0, 0, 2, 768.41
1573406877, 0, 0, 1045, 1045, 1, 6.33%, 0, 0, 2, 768.25
1573406898, 0, 0, 1046, 1046, 1, 6.33%, 0, 0, 2, 770.62
1573406939, 0, 0, 1048, 1048, 1, 6.34%, 0, 0, 2, 771.59
1573406944, 0, 0, 1049, 1049, 1, 6.34%, 0, 0, 2, 770.99
1573406949, 0, 0, 1050, 1050, 1, 6.34%, 0, 0, 2, 772.43
1573406959, 0, 0, 1052, 1052, 1, 6.34%, 0, 0, 2, 772.16
1573406974, 0, 0, 1053, 1053, 1, 6.34%, 0, 0, 2, 772.74
1573407005, 0, 0, 1062, 1062, 1, 6.36%, 0, 0, 2, 733.08
1573407010, 0, 0, 1071, 1071, 1, 6.37%, 0, 0, 2, 160.55
1573407015, 0, 0, 1086, 1086, 1, 6.45%, 0, 0, 2, 1193.09
1573407020, 0, 0, 1093, 1093, 1, 6.46%, 0, 0, 2, 831.00
1573407025, 0, 0, 1104, 1104, 1, 6.47%, 0, 0, 2, 162.49
1573407030, 0, 0, 1109, 1109, 1, 6.47%, 0, 0, 2, 128.57
1573407036, 0, 0, 1114, 1114, 1, 6.47%, 0, 0, 2, 851.46
1573407041, 0, 0, 1120, 1120, 1, 6.48%, 0, 0, 2, 1415.02
1573407046, 0, 0, 1124, 1124, 1, 6.48%, 0, 0, 2, 1294.82
1573407056, 0, 0, 1129, 1129, 1, 6.48%, 0, 0, 2, 90.22
1573407061, 0, 0, 1131, 1131, 1, 6.48%, 0, 0, 2, 85.91
1573407066, 0, 0, 1133, 1133, 1, 6.48%, 0, 0, 2, 1227.94
1573407072, 0, 0, 1134, 1134, 1, 6.48%, 0, 0, 2, 1402.32
1573407077, 0, 0, 1169, 1169, 1, 6.50%, 0, 0, 2, 1097.62
1573407082, 0, 0, 1177, 1177, 1, 6.50%, 0, 0, 2, 1005.59
1573407097, 0, 0, 1179, 1179, 1, 6.51%, 0, 0, 2, 763.87
1573407112, 0, 0, 1181, 1181, 1, 6.51%, 0, 0, 2, 812.15
1573407138, 0, 0, 1182, 1182, 1, 6.51%, 0, 0, 2, 774.03
1573407148, 0, 0, 1183, 1183, 1, 6.52%, 0, 0, 2, 770.84
1573407184, 0, 0, 1185, 1185, 1, 6.52%, 0, 0, 2, 772.74
1573407189, 0, 0, 1186, 1186, 1, 6.52%, 0, 0, 2, 777.06
1573407194, 0, 0, 1190, 1190, 1, 6.52%, 0, 0, 2, 776.27
1573407214, 0, 0, 1191, 1191, 1, 6.52%, 0, 0, 2, 774.68
1573407219, 0, 0, 1194, 1194, 1, 6.52%, 0, 0, 2, 773.82
1573407230, 0, 0, 1195, 1195, 1, 6.52%, 0, 0, 2, 773.36
1573407255, 0, 0, 1196, 1196, 1, 6.52%, 0, 0, 2, 775.34
1573407265, 0, 0, 1199, 1199, 1, 6.52%, 0, 0, 2, 44.62
1573407281, 0, 0, 1200, 1200, 1, 6.52%, 0, 0, 2, 1679.23
1573407286, 0, 0, 1201, 1201, 1, 6.52%, 0, 0, 2, 2396.59
1573407306, 0, 0, 1202, 1202, 1, 6.52%, 0, 0, 2, 1115.38
1573407322, 0, 0, 1203, 1203, 1, 6.52%, 0, 0, 2, 2007.84
1573407332, 0, 0, 1204, 1204, 1, 6.52%, 0, 0, 2, 1938.36
1573407353, 0, 0, 1205, 1205, 1, 6.52%, 0, 0, 2, 1031.46
1573407388, 0, 0, 1206, 1206, 1, 6.52%, 0, 0, 2, 778.10
1573407444, 0, 0, 1207, 1207, 1, 6.52%, 0, 0, 2, 774.89
1573407470, 0, 0, 1208, 1208, 1, 6.52%, 0, 0, 2, 767.55
1573407511, 0, 0, 1209, 1209, 1, 6.53%, 0, 0, 2, 122.68
1573407527, 0, 0, 1210, 1210, 1, 6.53%, 0, 0, 2, 944.97
1573407542, 0, 0, 1221, 1221, 1, 6.55%, 0, 0, 2, 835.14
1573407598, 0, 0, 1222, 1222, 1, 6.55%, 0, 0, 2, 772.92
1573407613, 0, 0, 1230, 1230, 1, 6.55%, 0, 0, 2, 868.85
1573407618, 0, 0, 1236, 1236, 1, 6.55%, 0, 0, 2, 990.35
1573407624, 0, 0, 1237, 1237, 1, 6.56%, 0, 0, 2, 770.86
1573407629, 0, 0, 1246, 1246, 1, 6.59%, 0, 0, 2, 896.40
1573407756, 0, 0, 1248, 1248, 1, 6.60%, 0, 0, 2, 771.70
1573407761, 0, 0, 1251, 1251, 1, 6.60%, 0, 0, 2, 715.00
1573407766, 0, 0, 1258, 1258, 1, 6.61%, 0, 0, 2, 1266.10
1573407771, 0, 0, 1259, 1259, 1, 6.61%, 0, 0, 2, 368.56
1573407786, 0, 0, 1262, 1262, 1, 6.61%, 0, 0, 2, 979.99
1573407797, 0, 0, 1263, 1263, 1, 6.61%, 0, 0, 2, 781.45
1573407802, 0, 0, 1265, 1265, 1, 6.62%, 0, 0, 2, 853.50
1573407878, 0, 0, 1267, 1267, 1, 6.62%, 0, 0, 2, 961.96
1573407889, 0, 0, 1271, 1271, 1, 6.62%, 0, 0, 2, 792.17
1573407904, 0, 0, 1305, 1305, 1, 6.68%, 0, 0, 2, 1583.70
1573407909, 0, 0, 1339, 1339, 1, 6.70%, 0, 0, 2, 2007.53
1573407914, 0, 0, 1354, 1354, 1, 6.72%, 0, 0, 2, 2170.71
1573407919, 0, 2, 1372, 1371, 334, 6.76%, 0, 0, 3, 2778.46
1573407924, 0, 2, 1377, 1376, 334, 6.78%, 0, 0, 3, 3299.23
1573407929, 0, 3, 1377, 1375, 340, 6.78%, 0, 0, 3, 3376.84
1573407935, 0, 3, 1381, 1379, 340, 6.88%, 0, 0, 3, 3424.66
1573407945, 0, 4, 1382, 1379, 342, 6.90%, 0, 0, 3, 3429.45
1573407950, 0, 4, 1383, 1380, 342, 6.96%, 0, 0, 3, 3421.70
1573407955, 0, 6, 1386, 1382, 343, 7.00%, 0, 0, 3, 3406.45
1573407960, 0, 6, 1389, 1385, 343, 7.05%, 0, 0, 3, 3405.09
1573407965, 0, 8, 1390, 1385, 345, 7.05%, 0, 0, 3, 2554.60
1573408108, 0, 8, 1391, 1386, 345, 7.05%, 0, 0, 3, 806.21
1573408215, 0, 8, 1392, 1387, 345, 7.05%, 0, 0, 3, 899.28
1573408450, 0, 8, 1393, 1388, 345, 7.05%, 0, 0, 3, 1179.39
1573409348, 0, 8, 1409, 1404, 345, 7.05%, 0, 0, 3, 1847.56
1573409353, 0, 8, 1426, 1421, 345, 7.06%, 0, 0, 3, 2137.40
1573409359, 0, 8, 1442, 1437, 345, 7.07%, 0, 0, 3, 2221.25
1573409364, 0, 9, 1445, 1439, 346, 7.07%, 0, 0, 3, 1329.81
1573409409, 0, 9, 1446, 1440, 346, 7.07%, 0, 0, 3, 772.26
1573409414, 0, 9, 1447, 1441, 346, 7.07%, 0, 0, 3, 770.64
1573409424, 0, 9, 1450, 1444, 346, 7.12%, 0, 0, 3, 795.97
1573409429, 0, 9, 1456, 1450, 346, 7.12%, 0, 0, 3, 759.62
1573409435, 0, 9, 1465, 1459, 346, 7.12%, 0, 0, 3, 773.45
1573409511, 0, 9, 1466, 1460, 346, 7.12%, 0, 0, 3, 834.34
1573409577, 0, 9, 1467, 1461, 346, 7.12%, 0, 0, 3, 825.10
1573409587, 0, 9, 1469, 1463, 346, 7.12%, 0, 0, 3, 790.02
1573409597, 0, 9, 1470, 1464, 346, 7.12%, 0, 0, 3, 773.26
1573409819, 0, 9, 1471, 1465, 346, 7.12%, 0, 0, 3, 776.56
1573409845, 0, 9, 1472, 1466, 346, 7.12%, 0, 0, 3, 1326.13
1573409850, 0, 9, 1473, 1467, 346, 7.12%, 0, 0, 3, 1631.84
1573409870, 0, 9, 1474, 1468, 346, 7.12%, 0, 0, 3, 69.57
1573409881, 0, 9, 1476, 1470, 346, 7.12%, 0, 0, 3, 1387.35
1573409906, 0, 9, 1480, 1474, 346, 7.12%, 0, 0, 3, 1115.76
1573409947, 0, 9, 1482, 1476, 346, 7.13%, 0, 0, 3, 788.78
1573410452, 0, 9, 1483, 1477, 346, 7.13%, 0, 0, 3, 993.44
1573410706, 0, 9, 1484, 1478, 346, 7.13%, 0, 0, 3, 769.51
1573410716, 0, 9, 1485, 1479, 346, 7.13%, 0, 0, 3, 862.98
1573410736, 0, 9, 1492, 1486, 346, 7.15%, 0, 0, 3, 1568.54
1573410741, 0, 9, 1503, 1497, 346, 7.15%, 0, 0, 3, 2117.97
1573410746, 0, 9, 1518, 1512, 346, 7.15%, 0, 0, 3, 2194.09
1573410752, 0, 11, 1525, 1518, 348, 7.15%, 0, 0, 3, 2550.46
1573410767, 0, 11, 1526, 1519, 348, 7.15%, 0, 0, 3, 2659.03
1573410772, 0, 11, 1553, 1546, 348, 7.15%, 0, 0, 3, 2718.22
1573410823, 0, 11, 1556, 1549, 348, 7.15%, 0, 0, 3, 2688.00
1573410854, 0, 11, 1557, 1550, 348, 7.15%, 0, 0, 3, 2676.29
1573411002, 0, 11, 1559, 1552, 348, 7.15%, 0, 0, 3, 2775.30
1573411027, 0, 11, 1560, 1553, 348, 7.15%, 0, 0, 3, 2757.35
1573411038, 0, 11, 1563, 1556, 348, 7.16%, 0, 0, 3, 2940.44
1573411043, 0, 11, 1565, 1558, 348, 7.16%, 0, 0, 3, 3131.08
1573411048, 0, 13, 1570, 1562, 352, 7.17%, 0, 0, 3, 2750.71
1573411114, 0, 13, 1574, 1566, 352, 7.17%, 0, 0, 3, 841.89
1573411119, 0, 13, 1575, 1567, 352, 7.17%, 0, 0, 3, 726.99
1573411297, 0, 13, 1579, 1571, 352, 7.18%, 0, 0, 3, 907.35
1573412151, 0, 13, 1580, 1572, 352, 7.18%, 0, 0, 3, 841.53
1573412303, 0, 13, 1581, 1573, 352, 7.18%, 0, 0, 3, 681.15
1573412451, 0, 13, 1584, 1576, 352, 7.19%, 0, 0, 3, 877.81
1573412477, 0, 13, 1585, 1577, 352, 7.19%, 0, 0, 3, 1348.98
1573412482, 0, 13, 1591, 1583, 352, 7.19%, 0, 0, 3, 2122.81
1573412487, 0, 13, 1596, 1588, 352, 7.19%, 0, 0, 3, 2250.79
1573412492, 0, 14, 1604, 1595, 354, 7.19%, 0, 0, 3, 1895.54
1573412558, 0, 14, 1606, 1597, 354, 7.19%, 0, 0, 3, 822.41
1573412741, 0, 14, 1608, 1599, 354, 7.19%, 0, 0, 3, 900.33
1573413922, 0, 14, 1609, 1600, 354, 7.19%, 0, 0, 3, 1496.61
1573413927, 0, 14, 1619, 1610, 354, 7.20%, 0, 0, 3, 2107.52
1573413932, 0, 14, 1624, 1615, 354, 7.20%, 0, 0, 3, 2265.15
1573413937, 0, 17, 1632, 1622, 355, 7.26%, 0, 0, 3, 1761.75
1573413983, 0, 17, 1633, 1623, 355, 7.26%, 0, 0, 3, 775.24
1573414004, 0, 17, 1637, 1627, 355, 7.26%, 0, 0, 3, 816.58
1573414009, 0, 17, 1638, 1628, 355, 7.26%, 0, 0, 3, 726.49
1573414014, 0, 17, 1640, 1630, 355, 7.26%, 0, 0, 3, 801.32
1573414090, 0, 17, 1641, 1631, 355, 7.26%, 0, 0, 3, 788.43
1573414187, 0, 17, 1644, 1634, 355, 7.27%, 0, 0, 3, 864.54
1573414990, 0, 17, 1650, 1640, 355, 7.28%, 0, 0, 3, 769.40
1573415352, 0, 17, 1653, 1643, 355, 7.29%, 0, 0, 3, 1119.65
1573415357, 0, 17, 1660, 1650, 355, 7.29%, 0, 0, 3, 1979.20
1573415362, 0, 17, 1670, 1660, 355, 7.29%, 0, 0, 3, 2182.20
1573415367, 0, 23, 1674, 1663, 363, 7.30%, 0, 0, 3, 2466.38
1573415372, 0, 23, 1676, 1665, 363, 7.30%, 0, 0, 3, 2955.37
1573415398, 0, 23, 1679, 1668, 363, 7.30%, 0, 0, 3, 3079.27
1573415475, 0, 23, 1684, 1673, 363, 7.30%, 0, 0, 3, 3106.12
1573415480, 0, 23, 1689, 1678, 363, 7.30%, 0, 0, 3, 3268.29
1573415485, 0, 78, 1693, 1681, 360, 7.30%, 0, 0, 3, 2795.54
1573415551, 0, 78, 1694, 1682, 360, 7.30%, 0, 0, 3, 840.61
1573415735, 0, 78, 1695, 1683, 360, 7.31%, 0, 0, 3, 917.11
1573416922, 0, 78, 1702, 1690, 360, 7.31%, 0, 0, 3, 1952.95
1573416927, 0, 78, 1708, 1696, 360, 7.31%, 0, 0, 3, 2210.07
1573416932, 0, 97, 1711, 1698, 359, 7.31%, 0, 0, 3, 2254.91
1573416998, 0, 97, 1712, 1699, 359, 7.31%, 0, 0, 3, 846.86
1573417438, 0, 97, 1713, 1700, 359, 7.31%, 0, 0, 3, 1575.00
1573418367, 0, 97, 1714, 1701, 359, 7.32%, 0, 0, 3, 1791.71
1573418372, 0, 97, 1721, 1708, 359, 7.38%, 0, 0, 3, 2145.01
1573418377, 0, 97, 1730, 1717, 359, 7.38%, 0, 0, 3, 2260.49
1573418382, 0, 101, 1731, 1717, 361, 7.38%, 0, 0, 3, 1474.24
1573418392, 0, 101, 1732, 1718, 361, 7.38%, 0, 0, 3, 814.75
1573418443, 0, 101, 1733, 1719, 361, 7.38%, 0, 0, 3, 787.07
1573418448, 0, 101, 1735, 1721, 361, 7.38%, 0, 0, 3, 784.06
1573418474, 0, 101, 1736, 1722, 361, 7.38%, 0, 0, 3, 767.33
1573418601, 0, 101, 1737, 1723, 361, 7.38%, 0, 0, 3, 735.40
1573418862, 0, 101, 1738, 1724, 361, 7.38%, 0, 0, 3, 1393.96
1573418877, 0, 101, 1739, 1725, 361, 7.38%, 0, 0, 3, 1443.60
1573418887, 0, 101, 1740, 1726, 361, 7.38%, 0, 0, 3, 96.71
1573419777, 0, 101, 1741, 1727, 361, 7.38%, 0, 0, 3, 836.64
1573419813, 0, 101, 1743, 1729, 361, 7.38%, 0, 0, 3, 1149.46
1573419818, 0, 101, 1749, 1735, 361, 7.38%, 0, 0, 3, 1996.54
1573419823, 0, 101, 1757, 1743, 361, 7.38%, 0, 0, 3, 2251.98
1573419828, 0, 103, 1761, 1746, 362, 7.38%, 0, 0, 3, 2109.13
1573419838, 0, 103, 1762, 1747, 362, 7.38%, 0, 0, 3, 861.05
1573419910, 0, 103, 1763, 1748, 362, 7.39%, 0, 0, 3, 776.54
1573420073, 0, 103, 1764, 1749, 362, 7.39%, 0, 0, 3, 807.35
1573421263, 0, 103, 1767, 1752, 362, 7.40%, 0, 0, 3, 1613.29
1573421268, 0, 103, 1775, 1760, 362, 7.40%, 0, 0, 3, 2099.60
1573421273, 0, 103, 1780, 1765, 362, 7.40%, 0, 0, 3, 2243.77
1573421278, 0, 106, 1780, 1764, 363, 7.40%, 0, 0, 3, 1707.11
1573421344, 0, 106, 1781, 1765, 363, 7.40%, 0, 0, 3, 800.42
1573421441, 0, 106, 1782, 1766, 363, 7.40%, 0, 0, 3, 783.62
1573421808, 0, 106, 1783, 1767, 363, 7.40%, 0, 0, 3, 1329.74
1573422706, 0, 106, 1786, 1770, 363, 7.40%, 0, 0, 3, 1942.79
1573422711, 0, 106, 1789, 1773, 363, 7.41%, 0, 0, 3, 2180.95
1573422716, 0, 107, 1794, 1777, 362, 7.41%, 0, 0, 3, 2261.13
1573422807, 0, 107, 1795, 1778, 362, 7.41%, 0, 0, 3, 778.31
1573424157, 0, 107, 1799, 1782, 362, 7.41%, 0, 0, 3, 2232.11
1573424162, 0, 148, 1802, 1784, 361, 7.41%, 0, 0, 3, 1683.28
1573424167, 0, 148, 1803, 1785, 361, 7.41%, 0, 0, 3, 978.22
1573424228, 0, 148, 1804, 1786, 361, 7.41%, 0, 0, 3, 796.76
1573424647, 0, 148, 1805, 1787, 361, 7.41%, 0, 0, 3, 1170.25
1573425597, 0, 148, 1813, 1795, 361, 7.41%, 0, 0, 3, 1942.75
1573425602, 0, 148, 1819, 1801, 361, 7.41%, 0, 0, 3, 2195.81
1573425607, 0, 156, 1820, 1801, 364, 7.41%, 0, 0, 3, 2200.07
1573425749, 0, 156, 1821, 1802, 364, 7.41%, 0, 0, 3, 846.57
1573427040, 0, 156, 1823, 1804, 364, 7.41%, 0, 0, 3, 1988.51
1573427046, 0, 156, 1826, 1807, 364, 7.41%, 0, 0, 3, 2205.47
1573427051, 0, 161, 1828, 1808, 364, 7.41%, 0, 0, 3, 2348.30
1573427117, 0, 161, 1829, 1809, 364, 7.41%, 0, 0, 3, 843.10
1573427326, 0, 161, 1830, 1810, 364, 7.42%, 0, 0, 3, 769.40
1573427545, 0, 161, 1831, 1811, 364, 7.42%, 0, 0, 3, 1317.76
1573428480, 0, 161, 1832, 1812, 364, 7.42%, 0, 0, 3, 1219.11
1573428485, 0, 161, 1836, 1816, 364, 7.42%, 0, 0, 3, 1968.47
1573428490, 0, 161, 1840, 1820, 364, 7.42%, 0, 0, 3, 2245.91
1573428495, 0, 162, 1843, 1822, 364, 7.42%, 0, 0, 3, 2099.62
1573428505, 0, 162, 1844, 1823, 364, 7.42%, 0, 0, 3, 864.91
1573429925, 0, 162, 1847, 1826, 364, 7.42%, 0, 0, 3, 1646.18
1573429930, 0, 162, 1853, 1832, 364, 7.42%, 0, 0, 3, 2126.85
1573429935, 0, 162, 1858, 1837, 364, 7.42%, 0, 0, 3, 2267.47
1573429940, 0, 163, 1859, 1837, 361, 7.42%, 0, 0, 3, 1504.22
1573430001, 0, 163, 1860, 1838, 361, 7.42%, 0, 0, 3, 782.24
1573431373, 0, 163, 1864, 1842, 361, 7.42%, 0, 0, 3, 1993.24
1573431379, 0, 163, 1870, 1848, 361, 7.42%, 0, 0, 3, 2145.34
1573431384, 0, 164, 1871, 1848, 361, 7.42%, 0, 0, 3, 2369.34
1573431450, 0, 164, 1872, 1849, 361, 7.42%, 0, 0, 3, 851.29
1573432822, 0, 164, 1874, 1851, 361, 7.42%, 0, 0, 3, 2197.26
1573432827, 0, 164, 1876, 1853, 361, 7.42%, 0, 0, 3, 2226.68
1573432832, 0, 165, 1876, 1852, 360, 7.42%, 0, 0, 3, 1231.41
1573432837, 0, 165, 1877, 1853, 360, 7.42%, 0, 0, 3, 890.10
1573432903, 0, 165, 1878, 1854, 360, 7.42%, 0, 0, 3, 824.85
1573433046, 0, 165, 1879, 1855, 360, 7.42%, 0, 0, 3, 823.53
1573433929, 0, 165, 1880, 1856, 360, 7.42%, 0, 0, 3, 1054.10
1573434261, 0, 165, 1881, 1857, 360, 7.42%, 0, 0, 3, 1635.08
1573434266, 0, 165, 1884, 1860, 360, 7.42%, 0, 0, 3, 2147.20
1573434271, 0, 165, 1887, 1863, 360, 7.42%, 0, 0, 3, 2202.04
1573434276, 0, 173, 1887, 1862, 359, 7.42%, 0, 0, 3, 1584.29
1573434281, 0, 173, 1888, 1863, 359, 7.42%, 0, 0, 3, 943.19
1573434291, 0, 173, 1889, 1864, 359, 7.42%, 0, 0, 3, 786.69
1573435286, 0, 173, 1890, 1865, 359, 7.42%, 0, 0, 3, 749.07
1573435552, 0, 173, 1891, 1866, 359, 7.42%, 0, 0, 3, 767.69
1573435705, 0, 173, 1892, 1867, 359, 7.42%, 0, 0, 3, 1904.81
1573435710, 0, 173, 1895, 1870, 359, 7.42%, 0, 0, 3, 2182.48
1573435715, 0, 173, 1898, 1873, 359, 7.42%, 0, 0, 3, 2297.15
1573435720, 0, 176, 1899, 1873, 359, 7.42%, 0, 0, 3, 1267.63
1573435781, 0, 176, 1901, 1875, 359, 7.42%, 0, 0, 3, 849.67
1573435994, 0, 176, 1902, 1876, 359, 7.42%, 0, 0, 3, 774.35
1573436295, 0, 176, 1903, 1877, 359, 7.43%, 0, 0, 3, 997.07
1573436731, 0, 176, 1904, 1878, 359, 7.43%, 0, 0, 3, 836.22
1573436996, 0, 176, 1907, 1881, 359, 7.43%, 0, 0, 3, 911.69
1573437149, 0, 176, 1908, 1882, 359, 7.43%, 0, 0, 3, 2051.88
1573437154, 0, 176, 1911, 1885, 359, 7.43%, 0, 0, 3, 2215.60
1573437159, 0, 181, 1913, 1886, 360, 7.43%, 0, 0, 3, 2153.83
1573438587, 0, 181, 1915, 1888, 360, 7.43%, 0, 0, 3, 1753.41
1573438592, 0, 181, 1917, 1890, 360, 7.43%, 0, 0, 3, 2166.15
1573438597, 0, 181, 1921, 1894, 360, 7.43%, 0, 0, 3, 2274.68
1573438603, 0, 184, 1922, 1894, 358, 7.43%, 0, 0, 3, 1444.55
1573438608, 0, 184, 1923, 1895, 358, 7.43%, 0, 0, 3, 952.34
1573438761, 0, 184, 1924, 1896, 358, 7.43%, 0, 0, 3, 801.36
1573440038, 0, 184, 1926, 1898, 358, 7.43%, 0, 0, 3, 2048.20
1573440043, 0, 184, 1928, 1900, 358, 7.43%, 0, 0, 3, 2232.25
1573440049, 0, 190, 1930, 1901, 357, 7.43%, 0, 0, 3, 2493.87
1573440074, 0, 190, 1931, 1902, 357, 7.43%, 0, 0, 3, 2691.21
1573440120, 0, 190, 1932, 1903, 357, 7.43%, 0, 0, 3, 2737.36
1573440166, 0, 190, 1933, 1904, 357, 7.43%, 0, 0, 3, 2773.63
1573440259, 0, 190, 1934, 1905, 357, 7.43%, 0, 0, 3, 2730.63
1573440330, 0, 192, 1934, 1904, 357, 7.43%, 0, 0, 3, 2133.07
1573440911, 0, 192, 1935, 1905, 357, 7.44%, 0, 0, 3, 833.53
1573441766, 0, 192, 1936, 1906, 357, 7.44%, 0, 0, 3, 2046.89
1573441771, 0, 192, 1938, 1908, 357, 7.44%, 0, 0, 3, 2217.15
1573441776, 0, 195, 1940, 1909, 358, 7.44%, 0, 0, 3, 2479.92
1573441797, 0, 195, 1941, 1910, 358, 7.44%, 0, 0, 3, 2705.10
1573442057, 0, 195, 1942, 1911, 358, 7.44%, 0, 0, 3, 3138.78
1573442067, 0, 196, 1943, 1911, 358, 7.44%, 0, 0, 3, 1729.42
1573442134, 0, 196, 1944, 1912, 358, 7.45%, 0, 0, 3, 774.54
1573443501, 0, 196, 1945, 1913, 358, 7.45%, 0, 0, 3, 1915.03
1573443511, 0, 197, 1949, 1916, 358, 7.45%, 0, 0, 3, 2289.97
1573443798, 0, 202, 1949, 1915, 357, 7.45%, 0, 0, 3, 1619.88
1573443804, 0, 202, 1950, 1916, 357, 7.46%, 0, 0, 3, 982.00
1573443845, 0, 202, 1951, 1917, 357, 7.46%, 0, 0, 3, 768.79
1573443865, 0, 202, 1956, 1922, 357, 7.46%, 0, 0, 3, 772.55
1573444013, 0, 202, 1957, 1923, 357, 7.46%, 0, 0, 3, 850.19
1573444300, 0, 202, 1958, 1924, 357, 7.46%, 0, 0, 3, 973.90
1573444351, 0, 202, 1959, 1925, 357, 7.46%, 0, 0, 3, 1120.57
1573444818, 0, 202, 1960, 1926, 357, 7.46%, 0, 0, 3, 809.51
1573444890, 0, 202, 1961, 1927, 357, 7.46%, 0, 0, 3, 894.14
1573445212, 0, 202, 1962, 1928, 357, 7.46%, 0, 0, 3, 843.33
1573445243, 0, 202, 1964, 1930, 357, 7.46%, 0, 0, 3, 1988.06
1573445248, 0, 202, 1966, 1932, 357, 7.46%, 0, 0, 3, 2201.73
1573445253, 0, 212, 1969, 1934, 357, 7.46%, 0, 0, 3, 2424.77
1573445263, 0, 212, 1971, 1936, 357, 7.46%, 0, 0, 3, 887.71
1573445548, 0, 212, 1972, 1937, 357, 7.46%, 0, 0, 3, 787.14
1573445742, 0, 212, 1973, 1938, 357, 7.46%, 0, 0, 3, 970.04
1573445767, 0, 212, 1974, 1939, 357, 7.46%, 0, 0, 3, 70.75
1573446687, 0, 212, 1976, 1941, 357, 7.46%, 0, 0, 3, 1257.93
1573446692, 0, 212, 1980, 1945, 357, 7.46%, 0, 0, 3, 2052.61
1573446697, 0, 212, 1982, 1947, 357, 7.46%, 0, 0, 3, 2197.79
1573446702, 0, 214, 1982, 1946, 358, 7.46%, 0, 0, 3, 1917.56
1573446707, 0, 214, 1983, 1947, 358, 7.46%, 0, 0, 3, 1016.58
1573446712, 0, 214, 1985, 1949, 358, 7.47%, 0, 0, 3, 842.14
1573446768, 0, 214, 1987, 1951, 358, 7.47%, 0, 0, 3, 815.33
1573446789, 0, 214, 1990, 1954, 358, 7.48%, 0, 0, 3, 789.05
1573446998, 0, 214, 1992, 1956, 358, 7.48%, 0, 0, 3, 844.42
1573447207, 0, 214, 1993, 1957, 358, 7.49%, 0, 0, 3, 221.24
1573447989, 0, 214, 1994, 1958, 358, 7.49%, 0, 0, 3, 849.73
1573448142, 0, 214, 1995, 1959, 358, 7.49%, 0, 0, 3, 2075.17
1573448147, 0, 214, 1999, 1963, 358, 7.49%, 0, 0, 3, 2221.02
1573448152, 0, 229, 2000, 1963, 366, 7.49%, 0, 0, 3, 1594.86
1573448163, 0, 229, 2001, 1964, 366, 7.49%, 0, 0, 3, 824.25
1573449589, 0, 229, 2003, 1966, 366, 7.49%, 0, 0, 3, 2089.76
1573449594, 0, 229, 2004, 1967, 366, 7.49%, 0, 0, 3, 2261.16
1573449599, 0, 237, 2005, 1967, 365, 7.49%, 0, 0, 3, 2052.84
1573449614, 0, 237, 2006, 1968, 365, 7.49%, 0, 0, 3, 785.71
1573449829, 0, 237, 2007, 1969, 365, 7.49%, 0, 0, 3, 773.64
1573450692, 0, 237, 2008, 1970, 365, 7.49%, 0, 0, 3, 840.93
1573451040, 0, 237, 2009, 1971, 365, 7.50%, 0, 0, 3, 928.20
1573451050, 0, 237, 2012, 1974, 365, 7.50%, 0, 0, 3, 2126.74
1573451055, 0, 237, 2014, 1976, 365, 7.50%, 0, 0, 3, 2262.74
1573451060, 0, 246, 2014, 1975, 364, 7.50%, 0, 0, 3, 1496.22
1573451076, 0, 246, 2015, 1976, 364, 7.50%, 0, 0, 3, 783.81
1573451122, 0, 246, 2016, 1977, 364, 7.50%, 0, 0, 3, 768.33
1573451371, 0, 246, 2017, 1978, 364, 7.50%, 0, 0, 3, 771.47
1573452061, 0, 246, 2018, 1979, 364, 7.51%, 0, 0, 3, 866.47
1573452500, 0, 246, 2019, 1980, 364, 7.51%, 0, 0, 3, 1776.63
1573452505, 0, 246, 2022, 1983, 364, 7.51%, 0, 0, 3, 2225.41
1573452510, 0, 246, 2023, 1984, 364, 7.51%, 0, 0, 3, 2279.03
1573452515, 0, 254, 2023, 1983, 363, 7.51%, 0, 0, 3, 1413.79
1573452576, 0, 254, 2024, 1984, 363, 7.51%, 0, 0, 3, 798.78
1573453118, 0, 254, 2025, 1985, 363, 7.52%, 0, 0, 3, 768.14
1573453968, 0, 254, 2026, 1986, 363, 7.52%, 0, 0, 3, 1990.93
1573453973, 0, 254, 2029, 1989, 363, 7.52%, 0, 0, 3, 2116.35
1573453978, 0, 255, 2029, 1988, 364, 7.52%, 0, 0, 3, 2299.45
1573453998, 0, 255, 2030, 1989, 364, 7.52%, 0, 0, 3, 727.71
1573454560, 0, 255, 2031, 1990, 364, 7.52%, 0, 0, 3, 71.24
1573455531, 0, 255, 2032, 1991, 364, 7.52%, 0, 0, 3, 2055.30
1573455536, 0, 255, 2033, 1992, 364, 7.52%, 0, 0, 3, 2107.59
1573455541, 0, 257, 2033, 1991, 364, 7.52%, 0, 0, 3, 1519.04
1573455562, 0, 257, 2034, 1992, 364, 7.52%, 0, 0, 3, 717.43
1573457084, 0, 257, 2038, 1996, 364, 7.53%, 0, 0, 3, 1853.04
1573457089, 0, 257, 2041, 1999, 364, 7.53%, 0, 0, 3, 2059.74
1573457100, 0, 260, 2041, 1998, 366, 7.53%, 0, 0, 3, 1200.90
1573457166, 0, 260, 2042, 1999, 366, 7.53%, 0, 0, 3, 792.06
1573458646, 0, 265, 2042, 1998, 365, 7.53%, 0, 0, 3, 2122.36
1573458717, 0, 265, 2043, 1999, 365, 7.53%, 0, 0, 3, 786.67
1573458804, 0, 265, 2044, 2000, 365, 7.53%, 0, 0, 3, 698.36
1573458880, 0, 265, 2045, 2001, 365, 7.53%, 0, 0, 3, 751.22
1573459018, 0, 265, 2046, 2002, 365, 7.53%, 0, 0, 3, 720.16
1573460191, 0, 265, 2048, 2004, 365, 7.53%, 0, 0, 3, 1927.95
1573460202, 0, 266, 2048, 2003, 365, 7.53%, 0, 0, 3, 2187.36
1573460273, 0, 266, 2049, 2004, 365, 7.53%, 0, 0, 3, 794.31
1573460293, 0, 266, 2050, 2005, 365, 7.53%, 0, 0, 3, 748.43
1573460304, 0, 266, 2053, 2008, 365, 7.53%, 0, 0, 3, 722.90
1573460866, 0, 266, 2054, 2009, 365, 7.54%, 0, 0, 3, 718.69
1573461748, 0, 266, 2056, 2011, 365, 7.54%, 0, 0, 3, 1993.57
1573461753, 0, 266, 2058, 2013, 365, 7.54%, 0, 0, 3, 2129.67
1573461758, 0, 267, 2059, 2013, 367, 7.54%, 0, 0, 3, 2200.88
1573461829, 0, 267, 2060, 2014, 367, 7.54%, 0, 0, 3, 797.71
1573461942, 0, 267, 2061, 2015, 367, 7.54%, 0, 0, 3, 721.24
1573463267, 0, 267, 2064, 2018, 367, 7.54%, 0, 0, 3, 1978.85
1573463272, 0, 267, 2066, 2020, 367, 7.54%, 0, 0, 3, 2203.68
1573463277, 0, 268, 2066, 2019, 366, 7.54%, 0, 0, 3, 2124.34
1573463287, 0, 268, 2067, 2020, 366, 7.54%, 0, 0, 3, 862.16
1573463297, 0, 268, 2068, 2021, 366, 7.54%, 0, 0, 3, 780.10
1573464727, 0, 268, 2069, 2022, 366, 7.54%, 0, 0, 3, 1413.93
1573464732, 0, 268, 2071, 2024, 366, 7.54%, 0, 0, 3, 2036.06
1573464737, 0, 268, 2074, 2027, 366, 7.54%, 0, 0, 3, 2293.33
1573464742, 0, 271, 2075, 2027, 364, 7.54%, 0, 0, 3, 1945.07
1573466192, 0, 271, 2076, 2028, 364, 7.54%, 0, 0, 3, 2043.20
1573466202, 0, 319, 2076, 2027, 364, 7.54%, 0, 0, 3, 2026.47
1573466243, 0, 319, 2077, 2028, 364, 7.54%, 0, 0, 3, 773.92
1573466253, 0, 319, 2080, 2031, 364, 7.54%, 0, 0, 3, 770.85
1573466350, 0, 319, 2081, 2032, 364, 7.54%, 0, 0, 3, 740.51
1573466422, 0, 319, 2082, 2033, 364, 7.54%, 0, 0, 3, 776.20
1573466427, 0, 319, 2083, 2034, 364, 7.54%, 0, 0, 3, 746.83
1573466447, 0, 319, 2084, 2035, 364, 7.54%, 0, 0, 3, 802.37
1573466714, 0, 319, 2085, 2036, 364, 7.54%, 0, 0, 3, 158.72
1573467575, 0, 319, 2086, 2037, 364, 7.54%, 0, 0, 3, 770.46
1573467652, 0, 319, 2088, 2039, 364, 7.54%, 0, 0, 3, 1741.83
1573467657, 0, 319, 2090, 2041, 364, 7.55%, 0, 0, 3, 2224.27
1573467662, 0, 319, 2091, 2042, 364, 7.55%, 0, 0, 3, 2268.78
1573467667, 0, 327, 2091, 2041, 365, 7.55%, 0, 0, 3, 1485.19
1573467743, 0, 327, 2092, 2042, 365, 7.55%, 0, 0, 3, 789.38
1573469114, 0, 327, 2093, 2043, 365, 7.55%, 0, 0, 3, 1721.78
1573469119, 0, 327, 2094, 2044, 365, 7.55%, 0, 0, 3, 2162.26
1573469130, 0, 341, 2095, 2044, 364, 7.55%, 0, 0, 3, 1494.56
1573469196, 0, 341, 2096, 2045, 364, 7.55%, 0, 0, 3, 768.28
1573469201, 0, 341, 2097, 2046, 364, 7.55%, 0, 0, 3, 695.58
1573470582, 0, 341, 2100, 2049, 364, 7.55%, 0, 0, 3, 2203.08
1573470587, 0, 341, 2101, 2050, 364, 7.55%, 0, 0, 3, 2185.64
1573470592, 0, 342, 2103, 2051, 365, 7.55%, 0, 0, 3, 1633.94
1573470602, 0, 342, 2104, 2052, 365, 7.55%, 0, 0, 3, 824.27
1573471980, 0, 342, 2105, 2053, 365, 7.55%, 0, 0, 3, 764.76
1573472042, 0, 342, 2106, 2054, 365, 7.55%, 0, 0, 3, 2028.78
1573472047, 0, 342, 2107, 2055, 365, 7.55%, 0, 0, 3, 2264.08
1573472052, 0, 396, 2110, 2057, 365, 7.56%, 0, 0, 3, 2359.89
1573472119, 0, 396, 2111, 2058, 365, 7.56%, 0, 0, 3, 827.74
1573472195, 0, 396, 2112, 2059, 365, 7.56%, 0, 0, 3, 852.90
1573472548, 0, 396, 2113, 2060, 365, 7.56%, 0, 0, 3, 1238.24
1573473510, 0, 396, 2114, 2061, 365, 7.56%, 0, 0, 3, 2038.93
1573473520, 0, 412, 2116, 2062, 366, 7.56%, 0, 0, 3, 2680.44
1573473577, 0, 412, 2118, 2064, 366, 7.56%, 0, 0, 3, 3423.43
1573473638, 0, 428, 2118, 2063, 365, 7.56%, 0, 0, 3, 2267.78
1573473643, 0, 428, 2119, 2064, 365, 7.56%, 0, 0, 3, 1069.65
1573473648, 0, 428, 2120, 2065, 365, 7.56%, 0, 0, 3, 816.56
1573473710, 0, 428, 2122, 2067, 365, 7.56%, 0, 0, 3, 750.72
1573473715, 0, 428, 2123, 2068, 365, 7.56%, 0, 0, 3, 680.88
1573473725, 0, 428, 2127, 2072, 365, 7.56%, 0, 0, 3, 718.92
1573473807, 0, 428, 2130, 2075, 365, 7.56%, 0, 0, 3, 766.91
1573473869, 0, 428, 2131, 2076, 365, 7.56%, 0, 0, 3, 775.52
1573473884, 0, 428, 2132, 2077, 365, 7.56%, 0, 0, 3, 722.81
1573473900, 0, 428, 2133, 2078, 365, 7.56%, 0, 0, 3, 720.36
1573473931, 0, 428, 2136, 2081, 365, 7.56%, 0, 0, 3, 712.79
1573473936, 0, 428, 2139, 2084, 365, 7.56%, 0, 0, 3, 711.74
1573473941, 0, 428, 2140, 2085, 365, 7.56%, 0, 0, 3, 710.17
1573474717, 0, 428, 2141, 2086, 365, 7.56%, 0, 0, 3, 813.49
1573475014, 0, 428, 2145, 2090, 365, 7.56%, 0, 0, 3, 715.63
1573475194, 0, 428, 2147, 2092, 365, 7.56%, 0, 0, 3, 1973.68
1573475205, 0, 460, 2148, 2092, 367, 7.56%, 0, 0, 3, 2372.13
1573475210, 0, 460, 2149, 2093, 367, 7.56%, 0, 0, 3, 1127.11
1573475282, 0, 460, 2150, 2094, 367, 7.56%, 0, 0, 3, 793.91
1573475359, 0, 460, 2151, 2095, 367, 7.56%, 0, 0, 3, 828.45
1573475472, 0, 460, 2152, 2096, 367, 7.56%, 0, 0, 3, 755.03
1573475703, 0, 460, 2153, 2097, 367, 7.56%, 0, 0, 3, 1189.89
1573476227, 0, 460, 2154, 2098, 367, 7.57%, 0, 0, 3, 812.90
1573476314, 0, 460, 2155, 2099, 367, 7.57%, 0, 0, 3, 875.90
1573476663, 0, 460, 2156, 2100, 367, 7.57%, 0, 0, 3, 1707.81
1573476668, 0, 460, 2157, 2101, 367, 7.57%, 0, 0, 3, 2188.23
1573476673, 0, 460, 2158, 2102, 367, 7.57%, 0, 0, 3, 2271.39
1573476678, 0, 468, 2158, 2101, 367, 7.57%, 0, 0, 3, 1445.96
1573476740, 0, 468, 2161, 2104, 367, 7.57%, 0, 0, 3, 856.06
1573476817, 0, 468, 2162, 2105, 367, 7.57%, 0, 0, 3, 792.11
1573477156, 0, 468, 2163, 2106, 367, 7.57%, 0, 0, 3, 1224.93
1573477887, 0, 468, 2164, 2107, 367, 7.57%, 0, 0, 3, 1177.30
1573478102, 0, 469, 2164, 2106, 366, 7.57%, 0, 0, 3, 2499.58
1573478209, 0, 469, 2165, 2107, 366, 7.57%, 0, 0, 3, 2739.99
1573478388, 0, 470, 2165, 2106, 366, 7.57%, 0, 0, 3, 2960.00
1573478496, 0, 470, 2166, 2107, 366, 7.57%, 0, 0, 3, 2745.62
1573478598, 0, 470, 2167, 2108, 366, 7.57%, 0, 0, 3, 2775.09
1573478675, 0, 474, 2167, 2107, 364, 7.57%, 0, 0, 3, 2602.47
1573478742, 0, 474, 2168, 2108, 364, 7.57%, 0, 0, 3, 814.84
1573478753, 0, 474, 2169, 2109, 364, 7.57%, 0, 0, 3, 790.91
1573478830, 0, 474, 2170, 2110, 364, 7.57%, 0, 0, 3, 799.42
1573478907, 0, 474, 2171, 2111, 364, 7.57%, 0, 0, 3, 773.50
1573479821, 0, 474, 2173, 2113, 364, 7.57%, 0, 0, 3, 786.47
1573480257, 0, 474, 2174, 2114, 364, 7.57%, 0, 0, 3, 1506.55
1573480262, 0, 474, 2175, 2115, 364, 7.57%, 0, 0, 3, 1750.54
1573480272, 0, 475, 2176, 2115, 363, 7.57%, 0, 0, 3, 1972.50
1573480364, 0, 475, 2177, 2116, 363, 7.57%, 0, 0, 3, 676.41
1573480600, 0, 475, 2178, 2117, 363, 7.57%, 0, 0, 3, 637.97
1573481487, 0, 475, 2179, 2118, 363, 7.57%, 0, 0, 3, 641.62
1573482010, 0, 475, 2181, 2120, 363, 7.57%, 0, 0, 3, 1627.24
1573482020, 0, 475, 2182, 2121, 363, 7.57%, 0, 0, 3, 1920.48
1573482025, 0, 479, 2182, 2120, 362, 7.57%, 0, 0, 3, 2152.55
1573482031, 0, 479, 2183, 2121, 362, 7.57%, 0, 0, 3, 2222.87
1573482046, 0, 479, 2184, 2122, 362, 7.57%, 0, 0, 3, 2268.10
1573482367, 0, 479, 2186, 2124, 362, 7.58%, 0, 0, 3, 2672.19
1573482373, 0, 482, 2186, 2123, 362, 7.58%, 0, 0, 3, 2017.85
1573482450, 0, 482, 2188, 2125, 362, 7.58%, 0, 0, 3, 664.85
1573482455, 0, 482, 2189, 2126, 362, 7.58%, 0, 0, 3, 647.62
1573482465, 0, 482, 2191, 2128, 362, 7.58%, 0, 0, 3, 668.87
1573482542, 0, 482, 2194, 2131, 362, 7.58%, 0, 0, 3, 711.53
1573482552, 0, 482, 2195, 2132, 362, 7.59%, 0, 0, 3, 698.86
1573482972, 0, 482, 2196, 2133, 362, 7.59%, 0, 0, 3, 86.00
1573483588, 0, 482, 2197, 2134, 362, 7.59%, 0, 0, 3, 716.49
1573484070, 0, 482, 2198, 2135, 362, 7.59%, 0, 0, 3, 716.38
1573484106, 0, 482, 2199, 2136, 362, 7.59%, 0, 0, 3, 698.48
1573484126, 0, 482, 2201, 2138, 362, 7.59%, 0, 0, 3, 1851.04
1573484131, 0, 482, 2202, 2139, 362, 7.59%, 0, 0, 3, 1921.37
1573484137, 0, 492, 2203, 2139, 369, 7.59%, 0, 0, 3, 1559.09
1573484198, 0, 492, 2204, 2140, 369, 7.59%, 0, 0, 3, 645.63
1573484229, 0, 492, 2205, 2141, 369, 7.59%, 0, 0, 3, 662.86
1573484398, 0, 492, 2206, 2142, 369, 7.59%, 0, 0, 3, 632.26
1573484791, 0, 492, 2207, 2143, 369, 7.59%, 0, 0, 3, 892.09
