# unix_time, cycles_done, cur_path, paths_total, pending_total, pending_favs, map_size, unique_crashes, unique_hangs, max_depth, execs_per_sec
1573453886, 0, 0, 1, 1, 1, 3.55%, 0, 0, 1, 727.27
1573453891, 0, 0, 88, 88, 1, 4.06%, 0, 0, 2, 875.74
1573453896, 0, 0, 186, 186, 1, 4.37%, 0, 0, 2, 780.88
1573453901, 0, 0, 247, 247, 1, 4.58%, 0, 0, 2, 779.37
1573453906, 0, 0, 267, 267, 1, 4.62%, 0, 0, 2, 759.41
1573453912, 0, 0, 270, 270, 1, 4.65%, 0, 0, 2, 755.45
1573453932, 0, 0, 273, 273, 1, 4.67%, 0, 0, 2, 721.09
1573453937, 0, 0, 280, 280, 1, 4.68%, 0, 0, 2, 725.57
1573453942, 0, 0, 330, 330, 1, 4.77%, 0, 0, 2, 713.59
1573453947, 0, 0, 348, 348, 1, 4.78%, 0, 0, 2, 712.34
1573453957, 0, 0, 392, 392, 1, 4.95%, 0, 0, 2, 659.20
1573453963, 0, 0, 558, 558, 1, 5.22%, 0, 0, 2, 766.75
1573453968, 0, 0, 653, 653, 1, 5.33%, 0, 0, 2, 670.94
1573453973, 0, 0, 715, 715, 1, 5.33%, 0, 0, 2, 920.00
1573453978, 0, 0, 792, 792, 1, 5.54%, 0, 0, 2, 813.84
1573453983, 0, 0, 799, 799, 1, 5.55%, 0, 0, 2, 742.67
1573453988, 0, 0, 814, 814, 1, 5.60%, 0, 0, 2, 748.11
1573453993, 0, 0, 818, 818, 1, 5.63%, 0, 0, 2, 729.24
1573453999, 0, 0, 821, 821, 1, 5.64%, 0, 0, 2, 726.18
1573454024, 0, 0, 822, 822, 1, 5.64%, 0, 0, 2, 712.15
1573454029, 0, 0, 823, 823, 1, 5.64%, 0, 0, 2, 718.04
1573454034, 0, 0, 825, 825, 1, 5.64%, 0, 0, 2, 717.56
1573454044, 0, 0, 830, 830, 1, 5.64%, 0, 0, 2, 682.55
1573454050, 0, 0, 873, 873, 1, 5.69%, 0, 0, 2, 735.12
1573454055, 0, 0, 894, 894, 1, 5.69%, 0, 0, 2, 669.00
1573454060, 0, 0, 912, 912, 1, 5.71%, 0, 0, 2, 762.82
1573454065, 0, 0, 914, 914, 1, 5.71%, 0, 0, 2, 727.93
1573454070, 0, 0, 916, 916, 1, 5.74%, 0, 0, 2, 740.13
1573454075, 0, 0, 919, 919, 1, 5.75%, 0, 0, 2, 723.28
1573454080, 0, 0, 921, 921, 1, 5.77%, 0, 0, 2, 719.24
1573454105, 0, 0, 923, 923, 1, 5.77%, 0, 0, 2, 722.96
1573454116, 0, 0, 924, 924, 1, 5.77%, 0, 0, 2, 719.46
1573454126, 0, 0, 926, 926, 1, 5.77%, 0, 0, 2, 728.96
1573454131, 0, 0, 944, 944, 1, 5.83%, 0, 0, 2, 749.43
1573454136, 0, 0, 953, 953, 1, 5.83%, 0, 0, 2, 661.19
1573454141, 0, 0, 963, 963, 1, 5.83%, 0, 0, 2, 741.84
1573454152, 0, 0, 970, 970, 1, 5.84%, 0, 0, 2, 722.09
1573454157, 0, 0, 978, 978, 1, 5.86%, 0, 0, 2, 738.83
1573454162, 0, 0, 991, 991, 1, 5.87%, 0, 0, 2, 783.76
1573454167, 0, 0, 1008, 1008, 1, 6.16%, 0, 0, 2, 827.96
1573454172, 0, 0, 1012, 1012, 1, 6.18%, 0, 0, 2, 744.27
1573454177, 0, 0, 1013, 1013, 1, 6.18%, 0, 0, 2, 726.37
1573454182, 0, 0, 1016, 1016, 1, 6.19%, 0, 0, 2, 721.36
1573454197, 0, 0, 1017, 1017, 1, 6.20%, 0, 0, 2, 719.70
1573454208, 0, 0, 1018, 1018, 1, 6.20%, 0, 0, 2, 787.55
1573454213, 0, 0, 1023, 1023, 1, 6.21%, 0, 0, 2, 734.27
1573454218, 0, 0, 1028, 1028, 1, 6.23%, 0, 0, 2, 767.18
1573454223, 0, 0, 1031, 1031, 1, 6.24%, 0, 0, 2, 730.57
1573454228, 0, 0, 1033, 1033, 1, 6.25%, 0, 0, 2, 722.35
1573454233, 0, 0, 1034, 1034, 1, 6.26%, 0, 0, 2, 721.78
1573454238, 0, 0, 1035, 1035, 1, 6.26%, 0, 0, 2, 721.33
1573454253, 0, 0, 1036, 1036, 1, 6.30%, 0, 0, 2, 720.01
1573454258, 0, 0, 1038, 1038, 1, 6.30%, 0, 0, 2, 721.58
1573454264, 0, 0, 1039, 1039, 1, 6.31%, 0, 0, 2, 722.38
1573454269, 0, 0, 1042, 1042, 1, 6.33%, 0, 0, 2, 721.84
1573454279, 0, 0, 1044, 1044, 1, 6.33%, 0, 0, 2, 720.91
1573454299, 0, 0, 1045, 1045, 1, 6.33%, 0, 0, 2, 714.86
1573454345, 0, 0, 1047, 1047, 1, 6.34%, 0, 0, 2, 718.93
1573454351, 0, 0, 1048, 1048, 1, 6.34%, 0, 0, 2, 718.03
1573454356, 0, 0, 1049, 1049, 1, 6.34%, 0, 0, 2, 713.94
1573454366, 0, 0, 1051, 1051, 1, 6.34%, 0, 0, 2, 715.83
1573454386, 0, 0, 1052, 1052, 1, 6.34%, 0, 0, 2, 712.20
1573454412, 0, 0, 1055, 1055, 1, 6.36%, 0, 0, 2, 761.66
1573454417, 0, 0, 1063, 1063, 1, 6.37%, 0, 0, 2, 793.94
1573454422, 0, 0, 1070, 1070, 1, 6.37%, 0, 0, 2, 575.78
1573454427, 0, 0, 1086, 1086, 1, 6.45%, 0, 0, 2, 897.67
1573454432, 0, 0, 1094, 1094, 1, 6.46%, 0, 0, 2, 1198.16
1573454437, 0, 0, 1106, 1106, 1, 6.47%, 0, 0, 2, 415.00
1573454442, 0, 0, 1110, 1110, 1, 6.47%, 0, 0, 2, 503.18
1573454447, 0, 0, 1111, 1111, 1, 6.47%, 0, 0, 2, 1254.18
1573454452, 0, 0, 1120, 1120, 1, 6.47%, 0, 0, 2, 1423.23
1573454458, 0, 0, 1124, 1124, 1, 6.48%, 0, 0, 2, 114.58
1573454463, 0, 0, 1125, 1125, 1, 6.48%, 0, 0, 2, 1101.80
1573454473, 0, 0, 1130, 1130, 1, 6.48%, 0, 0, 2, 1492.54
1573454478, 0, 0, 1134, 1134, 1, 6.48%, 0, 0, 2, 182.94
1573454488, 0, 0, 1168, 1168, 1, 6.50%, 0, 0, 2, 1166.54
1573454493, 0, 0, 1176, 1176, 1, 6.50%, 0, 0, 2, 1030.31
1573454498, 0, 0, 1178, 1178, 1, 6.50%, 0, 0, 2, 858.84
1573454514, 0, 0, 1180, 1180, 1, 6.51%, 0, 0, 2, 719.99
1573454529, 0, 0, 1182, 1182, 1, 6.51%, 0, 0, 2, 759.89
1573454554, 0, 0, 1183, 1183, 1, 6.51%, 0, 0, 2, 718.07
1573454565, 0, 0, 1184, 1184, 1, 6.52%, 0, 0, 2, 719.75
1573454606, 0, 0, 1186, 1186, 1, 6.52%, 0, 0, 2, 719.88
1573454616, 0, 0, 1189, 1189, 1, 6.52%, 0, 0, 2, 719.83
1573454621, 0, 0, 1191, 1191, 1, 6.52%, 0, 0, 2, 721.65
1573454641, 0, 0, 1193, 1193, 1, 6.52%, 0, 0, 2, 720.65
1573454646, 0, 0, 1195, 1195, 1, 6.52%, 0, 0, 2, 720.35
1573454657, 0, 0, 1196, 1196, 1, 6.52%, 0, 0, 2, 709.96
1573454687, 0, 0, 1197, 1197, 1, 6.52%, 0, 0, 2, 716.20
1573454698, 0, 0, 1200, 1200, 1, 6.52%, 0, 0, 2, 1745.11
1573454713, 0, 0, 1201, 1201, 1, 6.52%, 0, 0, 2, 1417.94
1573454738, 0, 0, 1202, 1202, 1, 6.52%, 0, 0, 2, 94.00
1573454754, 0, 0, 1203, 1203, 1, 6.52%, 0, 0, 2, 1178.40
1573454784, 0, 0, 1204, 1204, 1, 6.52%, 0, 0, 2, 1093.18
1573454825, 0, 0, 1205, 1205, 1, 6.52%, 0, 0, 2, 720.09
1573454887, 0, 0, 1206, 1206, 1, 6.52%, 0, 0, 2, 712.42
1573454912, 0, 0, 1207, 1207, 1, 6.52%, 0, 0, 2, 721.94
1573454953, 0, 0, 1208, 1208, 1, 6.53%, 0, 0, 2, 156.55
1573454974, 0, 0, 1209, 1209, 1, 6.53%, 0, 0, 2, 841.63
1573454989, 0, 0, 1218, 1218, 1, 6.54%, 0, 0, 2, 680.79
1573454994, 0, 0, 1220, 1220, 1, 6.55%, 0, 0, 2, 739.60
1573455050, 0, 0, 1221, 1221, 1, 6.55%, 0, 0, 2, 722.56
1573455065, 0, 0, 1225, 1225, 1, 6.55%, 0, 0, 2, 756.80
1573455071, 0, 0, 1235, 1235, 1, 6.55%, 0, 0, 2, 772.81
1573455076, 0, 0, 1237, 1237, 1, 6.56%, 0, 0, 2, 699.82
1573455081, 0, 0, 1246, 1246, 1, 6.59%, 0, 0, 2, 931.73
1573455219, 0, 0, 1248, 1248, 1, 6.60%, 0, 0, 2, 748.75
1573455224, 0, 0, 1251, 1251, 1, 6.60%, 0, 0, 2, 908.43
1573455229, 0, 0, 1259, 1259, 1, 6.61%, 0, 0, 2, 889.71
1573455255, 0, 0, 1262, 1262, 1, 6.61%, 0, 0, 2, 885.38
1573455265, 0, 0, 1265, 1265, 1, 6.62%, 0, 0, 2, 720.32
1573455346, 0, 0, 1266, 1266, 1, 6.62%, 0, 0, 2, 742.32
1573455352, 0, 0, 1267, 1267, 1, 6.62%, 0, 0, 2, 934.12
1573455357, 0, 0, 1269, 1269, 1, 6.62%, 0, 0, 2, 867.05
1573455362, 0, 0, 1272, 1272, 1, 6.62%, 0, 0, 2, 685.65
1573455377, 0, 0, 1299, 1299, 1, 6.65%, 0, 0, 2, 1167.73
1573455382, 0, 0, 1333, 1333, 1, 6.66%, 0, 0, 2, 1859.75
1573455387, 0, 0, 1358, 1358, 1, 6.70%, 0, 0, 2, 2009.23
1573455392, 0, 1, 1374, 1373, 336, 6.73%, 0, 0, 3, 2761.03
1573455398, 0, 2, 1379, 1377, 344, 6.75%, 0, 0, 3, 3046.81
1573455403, 0, 4, 1379, 1375, 342, 6.75%, 0, 0, 3, 3137.12
1573455408, 0, 7, 1381, 1375, 340, 6.75%, 0, 0, 3, 3156.34
1573455413, 0, 8, 1383, 1376, 340, 6.75%, 0, 0, 3, 1896.20
1573455566, 0, 8, 1384, 1377, 340, 6.75%, 0, 0, 3, 725.67
1573455678, 0, 8, 1385, 1378, 340, 6.75%, 0, 0, 3, 879.35
1573455928, 0, 8, 1386, 1379, 340, 6.75%, 0, 0, 3, 1402.08
1573455954, 0, 8, 1387, 1380, 340, 6.75%, 0, 0, 3, 503.57
1573456276, 0, 8, 1388, 1381, 340, 6.75%, 0, 0, 3, 1549.85
1573456888, 0, 9, 1389, 1381, 339, 6.75%, 0, 0, 3, 1004.96
1573456908, 0, 9, 1390, 1382, 339, 6.75%, 0, 0, 3, 714.96
1573456929, 0, 9, 1391, 1383, 339, 6.75%, 0, 0, 3, 713.17
1573456939, 0, 9, 1392, 1384, 339, 6.75%, 0, 0, 3, 720.10
1573456944, 0, 9, 1393, 1385, 339, 6.75%, 0, 0, 3, 720.48
1573456954, 0, 9, 1394, 1386, 339, 6.75%, 0, 0, 3, 748.87
1573456959, 0, 9, 1404, 1396, 339, 6.80%, 0, 0, 3, 722.70
1573456964, 0, 9, 1407, 1399, 339, 6.80%, 0, 0, 3, 670.02
1573456970, 0, 9, 1414, 1406, 339, 6.80%, 0, 0, 3, 744.07
1573457046, 0, 9, 1415, 1407, 339, 6.81%, 0, 0, 3, 777.77
1573457117, 0, 9, 1417, 1409, 339, 6.81%, 0, 0, 3, 822.11
1573457127, 0, 9, 1420, 1412, 339, 6.81%, 0, 0, 3, 744.98
1573457137, 0, 9, 1421, 1413, 339, 6.81%, 0, 0, 3, 710.45
1573457381, 0, 9, 1422, 1414, 339, 6.81%, 0, 0, 3, 724.71
1573457406, 0, 9, 1424, 1416, 339, 6.81%, 0, 0, 3, 1270.78
1573457411, 0, 9, 1425, 1417, 339, 6.81%, 0, 0, 3, 139.26
1573457431, 0, 9, 1426, 1418, 339, 6.81%, 0, 0, 3, 1363.23
1573457442, 0, 9, 1428, 1420, 339, 6.81%, 0, 0, 3, 1216.32
1573457473, 0, 9, 1434, 1426, 339, 6.81%, 0, 0, 3, 940.79
1573457513, 0, 9, 1436, 1428, 339, 6.81%, 0, 0, 3, 736.36
1573458054, 0, 9, 1437, 1429, 339, 6.81%, 0, 0, 3, 919.99
1573458328, 0, 9, 1438, 1430, 339, 6.81%, 0, 0, 3, 765.66
1573458339, 0, 9, 1439, 1431, 339, 6.81%, 0, 0, 3, 745.03
1573458359, 0, 11, 1443, 1434, 343, 6.82%, 0, 0, 3, 1787.16
1573458374, 0, 11, 1445, 1436, 343, 6.82%, 0, 0, 3, 2440.39
1573458379, 0, 11, 1466, 1457, 343, 6.82%, 0, 0, 3, 2490.56
1573458384, 0, 11, 1473, 1464, 343, 6.82%, 0, 0, 3, 2481.09
1573458436, 0, 11, 1477, 1468, 343, 6.82%, 0, 0, 3, 2529.14
1573458472, 0, 11, 1478, 1469, 343, 6.82%, 0, 0, 3, 2505.67
1573458630, 0, 11, 1480, 1471, 343, 6.82%, 0, 0, 3, 2551.35
1573458661, 0, 11, 1481, 1472, 343, 6.82%, 0, 0, 3, 2552.81
1573458671, 0, 13, 1486, 1476, 345, 6.83%, 0, 0, 3, 2259.39
1573458742, 0, 13, 1490, 1480, 345, 6.83%, 0, 0, 3, 780.65
1573458747, 0, 13, 1491, 1481, 345, 6.83%, 0, 0, 3, 668.85
1573458936, 0, 13, 1495, 1485, 345, 6.86%, 0, 0, 3, 949.07
1573459850, 0, 13, 1496, 1486, 345, 6.86%, 0, 0, 3, 843.20
1573460013, 0, 13, 1497, 1487, 345, 6.86%, 0, 0, 3, 915.41
1573460172, 0, 13, 1498, 1488, 345, 6.86%, 0, 0, 3, 929.68
1573460177, 0, 13, 1502, 1492, 345, 6.86%, 0, 0, 3, 698.95
1573460203, 0, 17, 1507, 1496, 348, 6.90%, 0, 0, 3, 1156.19
1573460254, 0, 17, 1509, 1498, 348, 6.90%, 0, 0, 3, 718.35
1573460274, 0, 17, 1513, 1502, 348, 6.90%, 0, 0, 3, 760.52
1573460279, 0, 17, 1514, 1503, 348, 6.90%, 0, 0, 3, 688.87
1573460284, 0, 17, 1516, 1505, 348, 6.91%, 0, 0, 3, 757.25
1573460366, 0, 17, 1517, 1506, 348, 6.91%, 0, 0, 3, 749.05
1573460468, 0, 17, 1520, 1509, 348, 6.91%, 0, 0, 3, 924.03
1573461328, 0, 17, 1526, 1515, 348, 6.93%, 0, 0, 3, 718.13
1573461715, 0, 18, 1526, 1514, 360, 6.93%, 0, 0, 3, 1823.74
1573461777, 0, 18, 1528, 1516, 360, 6.94%, 0, 0, 3, 2946.94
1573461782, 0, 22, 1530, 1517, 360, 6.94%, 0, 0, 3, 3190.97
1573461787, 0, 23, 1531, 1517, 362, 6.94%, 0, 0, 3, 3027.82
1573461792, 0, 23, 1537, 1523, 362, 6.94%, 0, 0, 3, 2888.60
1573461818, 0, 23, 1540, 1526, 362, 6.95%, 0, 0, 3, 2868.90
1573461884, 0, 23, 1541, 1527, 362, 6.95%, 0, 0, 3, 2899.09
1573461899, 0, 23, 1543, 1529, 362, 6.95%, 0, 0, 3, 2915.91
1573461904, 0, 30, 1543, 1528, 366, 6.95%, 0, 0, 3, 2949.61
1573461965, 0, 30, 1544, 1529, 366, 6.95%, 0, 0, 3, 2956.55
1573461981, 0, 31, 1544, 1528, 365, 6.95%, 0, 0, 3, 2974.05
1573461986, 0, 31, 1545, 1529, 365, 6.95%, 0, 0, 3, 2817.81
1573462007, 0, 31, 1546, 1530, 365, 6.95%, 0, 0, 3, 2738.71
1573462109, 0, 34, 1547, 1530, 364, 6.95%, 0, 0, 3, 1292.06
1573462124, 0, 34, 1548, 1531, 364, 6.95%, 0, 0, 3, 657.53
1573462155, 0, 34, 1549, 1532, 364, 6.95%, 0, 0, 3, 651.75
1573462165, 0, 34, 1550, 1533, 364, 6.95%, 0, 0, 3, 650.92
1573462170, 0, 34, 1552, 1535, 364, 6.95%, 0, 0, 3, 652.05
1573462181, 0, 34, 1556, 1539, 364, 6.95%, 0, 0, 3, 662.07
1573462186, 0, 34, 1561, 1544, 364, 6.95%, 0, 0, 3, 675.00
1573462191, 0, 34, 1563, 1546, 364, 6.95%, 0, 0, 3, 632.13
1573462196, 0, 34, 1573, 1556, 364, 6.95%, 0, 0, 3, 693.18
1573462272, 0, 34, 1577, 1560, 364, 6.95%, 0, 0, 3, 714.26
1573462283, 0, 34, 1580, 1563, 364, 6.95%, 0, 0, 3, 704.62
1573462360, 0, 34, 1583, 1566, 364, 6.95%, 0, 0, 3, 694.21
1573462365, 0, 34, 1584, 1567, 364, 6.95%, 0, 0, 3, 679.07
1573462375, 0, 34, 1585, 1568, 364, 6.95%, 0, 0, 3, 666.12
1573462664, 0, 34, 1587, 1570, 364, 6.96%, 0, 0, 3, 670.10
1573462669, 0, 34, 1588, 1571, 364, 6.96%, 0, 0, 3, 675.97
1573462689, 0, 34, 1593, 1576, 364, 6.96%, 0, 0, 3, 798.79
1573462694, 0, 34, 1595, 1578, 364, 6.96%, 0, 0, 3, 646.35
1573462699, 0, 34, 1597, 1580, 364, 6.96%, 0, 0, 3, 137.24
1573462709, 0, 34, 1598, 1581, 364, 6.96%, 0, 0, 3, 1625.72
1573462714, 0, 34, 1601, 1584, 364, 6.96%, 0, 0, 3, 1546.35
1573462720, 0, 34, 1602, 1585, 364, 6.96%, 0, 0, 3, 70.51
1573462761, 0, 34, 1609, 1592, 364, 6.96%, 0, 0, 3, 1199.00
1573462989, 0, 34, 1610, 1593, 364, 6.96%, 0, 0, 3, 1612.24
1573463066, 0, 34, 1611, 1594, 364, 6.96%, 0, 0, 3, 1670.49
1573463255, 0, 34, 1612, 1595, 364, 6.97%, 0, 0, 3, 1089.55
1573463377, 0, 34, 1615, 1598, 364, 6.97%, 0, 0, 3, 790.81
1573463746, 0, 34, 1617, 1600, 364, 6.97%, 0, 0, 3, 749.60
1573463776, 0, 35, 1618, 1600, 372, 6.97%, 0, 0, 3, 1037.03
1573463838, 0, 35, 1619, 1601, 372, 6.97%, 0, 0, 3, 777.24
1573463843, 0, 35, 1622, 1604, 372, 6.97%, 0, 0, 3, 807.05
1573463853, 0, 35, 1623, 1605, 372, 6.97%, 0, 0, 3, 795.07
1573464027, 0, 35, 1624, 1606, 372, 6.97%, 0, 0, 3, 867.13
1573465225, 0, 38, 1625, 1606, 373, 6.97%, 0, 0, 3, 1319.03
1573465476, 0, 38, 1626, 1607, 373, 6.97%, 0, 0, 3, 914.97
1573466224, 0, 38, 1627, 1608, 373, 6.97%, 0, 0, 3, 988.61
1573466669, 0, 53, 1628, 1608, 372, 6.97%, 0, 0, 3, 1057.77
1573466736, 0, 53, 1630, 1610, 372, 6.97%, 0, 0, 3, 812.12
1573466812, 0, 53, 1631, 1611, 372, 6.97%, 0, 0, 3, 863.14
1573467181, 0, 53, 1632, 1612, 372, 6.97%, 0, 0, 3, 1354.05
1573468117, 0, 53, 1633, 1613, 372, 6.97%, 0, 0, 3, 852.33
1573468122, 0, 69, 1633, 1612, 372, 6.97%, 0, 0, 3, 1126.18
1573468189, 0, 69, 1634, 1613, 372, 6.97%, 0, 0, 3, 785.53
1573468378, 0, 69, 1635, 1614, 372, 6.97%, 0, 0, 3, 784.02
1573468634, 0, 69, 1636, 1615, 372, 6.97%, 0, 0, 3, 1307.61
1573469392, 0, 69, 1637, 1616, 372, 6.98%, 0, 0, 3, 819.22
1573469572, 0, 69, 1653, 1632, 372, 7.00%, 0, 0, 3, 1827.65
1573469577, 0, 69, 1665, 1644, 372, 7.00%, 0, 0, 3, 2100.60
1573469582, 0, 75, 1667, 1645, 373, 7.00%, 0, 0, 3, 1280.75
1573469587, 0, 75, 1668, 1646, 373, 7.00%, 0, 0, 3, 907.27
1573469597, 0, 75, 1669, 1647, 373, 7.00%, 0, 0, 3, 771.10
1573469643, 0, 75, 1670, 1648, 373, 7.00%, 0, 0, 3, 797.94
1573469649, 0, 75, 1671, 1649, 373, 7.00%, 0, 0, 3, 766.88
1573469730, 0, 75, 1672, 1650, 373, 7.00%, 0, 0, 3, 844.08
1573471031, 0, 78, 1672, 1649, 373, 7.00%, 0, 0, 3, 1006.52
1573471092, 0, 78, 1673, 1650, 373, 7.00%, 0, 0, 3, 792.04
1573471276, 0, 78, 1674, 1651, 373, 7.01%, 0, 0, 3, 945.88
1573472482, 0, 86, 1674, 1650, 373, 7.01%, 0, 0, 3, 1001.81
1573472543, 0, 86, 1676, 1652, 373, 7.01%, 0, 0, 3, 786.49
1573472548, 0, 86, 1677, 1653, 373, 7.01%, 0, 0, 3, 782.64
1573472558, 0, 86, 1678, 1654, 373, 7.01%, 0, 0, 3, 785.04
1573472727, 0, 86, 1679, 1655, 373, 7.07%, 0, 0, 3, 894.10
1573473586, 0, 86, 1680, 1656, 373, 7.07%, 0, 0, 3, 864.37
1573473929, 0, 86, 1692, 1668, 373, 7.07%, 0, 0, 3, 2000.57
1573473934, 0, 86, 1698, 1674, 373, 7.07%, 0, 0, 3, 2156.43
1573473939, 0, 101, 1703, 1678, 371, 7.07%, 0, 0, 3, 1733.83
1573473949, 0, 101, 1704, 1679, 371, 7.07%, 0, 0, 3, 826.13
1573474006, 0, 101, 1706, 1681, 371, 7.07%, 0, 0, 3, 806.99
1573474031, 0, 101, 1707, 1682, 371, 7.07%, 0, 0, 3, 765.42
1573474432, 0, 101, 1708, 1683, 371, 7.07%, 0, 0, 3, 1507.62
1573475397, 0, 103, 1708, 1682, 369, 7.07%, 0, 0, 3, 1147.01
1573475402, 0, 103, 1709, 1683, 369, 7.07%, 0, 0, 3, 849.06
1573475464, 0, 103, 1711, 1685, 369, 7.07%, 0, 0, 3, 807.99
1573475479, 0, 103, 1712, 1686, 369, 7.08%, 0, 0, 3, 789.65
1573475643, 0, 103, 1713, 1687, 369, 7.08%, 0, 0, 3, 789.59
1573476846, 0, 113, 1713, 1686, 369, 7.08%, 0, 0, 3, 1077.18
1573476912, 0, 113, 1716, 1689, 369, 7.08%, 0, 0, 3, 778.58
1573477014, 0, 113, 1717, 1690, 369, 7.08%, 0, 0, 3, 773.14
1573478291, 0, 118, 1717, 1689, 369, 7.08%, 0, 0, 3, 1290.71
1573478358, 0, 118, 1718, 1690, 369, 7.08%, 0, 0, 3, 824.77
1573478536, 0, 118, 1719, 1691, 369, 7.08%, 0, 0, 3, 793.95
1573479760, 0, 122, 1719, 1690, 369, 7.08%, 0, 0, 3, 968.75
1573479775, 0, 122, 1720, 1691, 369, 7.08%, 0, 0, 3, 673.27
1573479837, 0, 122, 1721, 1692, 369, 7.08%, 0, 0, 3, 711.86
1573480066, 0, 122, 1722, 1693, 369, 7.08%, 0, 0, 3, 652.42
1573481461, 0, 123, 1722, 1692, 369, 7.08%, 0, 0, 3, 864.75
1573481860, 0, 123, 1723, 1693, 369, 7.08%, 0, 0, 3, 650.15
1573482152, 0, 123, 1724, 1694, 369, 7.08%, 0, 0, 3, 690.78
1573483162, 0, 129, 1724, 1693, 368, 7.08%, 0, 0, 3, 1008.54
1573483238, 0, 129, 1725, 1694, 368, 7.08%, 0, 0, 3, 729.79
1573483243, 0, 129, 1727, 1696, 368, 7.08%, 0, 0, 3, 636.52
1573483422, 0, 129, 1728, 1697, 368, 7.08%, 0, 0, 3, 640.55
1573483790, 0, 129, 1729, 1698, 368, 7.08%, 0, 0, 3, 1130.39
1573484868, 0, 148, 1729, 1697, 368, 7.08%, 0, 0, 3, 847.89
1573484873, 0, 148, 1730, 1698, 368, 7.08%, 0, 0, 3, 719.15
1573484939, 0, 148, 1731, 1699, 368, 7.08%, 0, 0, 3, 641.19
1573484945, 0, 148, 1732, 1700, 368, 7.08%, 0, 0, 3, 693.77
1573485124, 0, 148, 1733, 1701, 368, 7.08%, 0, 0, 3, 683.44
1573486577, 0, 149, 1733, 1700, 368, 7.08%, 0, 0, 3, 1139.71
1573486653, 0, 149, 1734, 1701, 368, 7.08%, 0, 0, 3, 711.04
1573486674, 0, 149, 1735, 1702, 368, 7.08%, 0, 0, 3, 638.94
1573488283, 0, 152, 1735, 1701, 367, 7.08%, 0, 0, 3, 1020.94
1573488304, 0, 152, 1736, 1702, 367, 7.08%, 0, 0, 3, 645.26
1573488360, 0, 152, 1737, 1703, 367, 7.08%, 0, 0, 3, 717.92
1573489943, 0, 152, 1738, 1704, 367, 7.08%, 0, 0, 3, 797.21
1573489989, 0, 161, 1738, 1703, 366, 7.08%, 0, 0, 3, 1229.73
1573490065, 0, 161, 1739, 1704, 366, 7.08%, 0, 0, 3, 676.50
1573490071, 0, 161, 1742, 1707, 366, 7.08%, 0, 0, 3, 670.60
1573490316, 0, 161, 1743, 1708, 366, 7.09%, 0, 0, 3, 648.06
1573490526, 0, 161, 1744, 1709, 366, 7.09%, 0, 0, 3, 651.21
1573491697, 0, 162, 1744, 1708, 366, 7.09%, 0, 0, 3, 1025.55
1573491707, 0, 162, 1745, 1709, 366, 7.09%, 0, 0, 3, 692.84
1573493386, 0, 163, 1745, 1708, 365, 7.09%, 0, 0, 3, 1040.96
1573493462, 0, 163, 1746, 1709, 365, 7.09%, 0, 0, 3, 714.55
1573495028, 0, 164, 1746, 1708, 364, 7.09%, 0, 0, 3, 944.76
1573495099, 0, 164, 1747, 1709, 364, 7.09%, 0, 0, 3, 704.22
1573496669, 0, 164, 1749, 1711, 364, 7.09%, 0, 0, 3, 954.16
1573496674, 0, 164, 1752, 1714, 364, 7.09%, 0, 0, 3, 1814.88
1573496679, 0, 164, 1756, 1718, 364, 7.09%, 0, 0, 3, 1893.42
1573496684, 0, 165, 1759, 1720, 364, 7.09%, 0, 0, 3, 1618.37
1573496694, 0, 165, 1760, 1721, 364, 7.09%, 0, 0, 3, 747.07
1573496771, 0, 165, 1761, 1722, 364, 7.09%, 0, 0, 3, 710.22
1573497933, 0, 165, 1762, 1723, 364, 7.09%, 0, 0, 3, 802.47
1573498328, 0, 173, 1763, 1723, 363, 7.09%, 0, 0, 3, 1036.50
1573498338, 0, 173, 1764, 1724, 363, 7.09%, 0, 0, 3, 709.38
1573498343, 0, 173, 1765, 1725, 363, 7.09%, 0, 0, 3, 683.67
1573499478, 0, 173, 1766, 1726, 363, 7.09%, 0, 0, 3, 739.82
1573499970, 0, 175, 1766, 1725, 362, 7.09%, 0, 0, 3, 1060.12
1573500046, 0, 175, 1767, 1726, 362, 7.09%, 0, 0, 3, 718.24
1573501614, 0, 176, 1767, 1725, 361, 7.09%, 0, 0, 3, 928.25
1573501619, 0, 176, 1769, 1727, 361, 7.09%, 0, 0, 3, 729.50
1573501685, 0, 176, 1771, 1729, 361, 7.09%, 0, 0, 3, 716.46
1573501791, 0, 176, 1773, 1731, 361, 7.09%, 0, 0, 3, 729.69
1573501882, 0, 176, 1774, 1732, 361, 7.09%, 0, 0, 3, 674.29
1573501928, 0, 176, 1776, 1734, 361, 7.09%, 0, 0, 3, 677.99
1573502273, 0, 176, 1777, 1735, 361, 7.10%, 0, 0, 3, 958.13
1573502766, 0, 176, 1778, 1736, 361, 7.10%, 0, 0, 3, 746.32
1573503066, 0, 176, 1781, 1739, 361, 7.10%, 0, 0, 3, 676.04
1573503259, 0, 178, 1781, 1738, 365, 7.10%, 0, 0, 3, 948.50
1573503269, 0, 178, 1782, 1739, 365, 7.10%, 0, 0, 3, 700.05
1573504907, 0, 181, 1782, 1738, 364, 7.10%, 0, 0, 3, 886.76
1573504983, 0, 181, 1783, 1739, 364, 7.10%, 0, 0, 3, 658.71
1573505510, 0, 181, 1784, 1740, 364, 7.10%, 0, 0, 3, 1210.65
1573506547, 0, 183, 1785, 1740, 364, 7.10%, 0, 0, 3, 1001.25
1573506623, 0, 183, 1787, 1742, 364, 7.10%, 0, 0, 3, 697.72
1573506730, 0, 183, 1788, 1743, 364, 7.10%, 0, 0, 3, 697.55
1573507093, 0, 183, 1789, 1744, 364, 7.10%, 0, 0, 3, 646.29
1573508189, 0, 184, 1790, 1744, 364, 7.10%, 0, 0, 3, 960.02
1573508194, 0, 184, 1791, 1745, 364, 7.10%, 0, 0, 3, 739.12
1573508265, 0, 184, 1792, 1746, 364, 7.10%, 0, 0, 3, 663.73
1573508367, 0, 184, 1793, 1747, 364, 7.10%, 0, 0, 3, 721.14
1573508509, 0, 184, 1794, 1748, 364, 7.10%, 0, 0, 3, 676.54
1573509037, 0, 184, 1795, 1749, 364, 7.10%, 0, 0, 3, 1155.69
1573509835, 0, 187, 1796, 1749, 363, 7.10%, 0, 0, 3, 1425.70
1573509846, 0, 187, 1797, 1750, 363, 7.10%, 0, 0, 3, 736.67
1573509921, 0, 187, 1799, 1752, 363, 7.10%, 0, 0, 3, 726.01
1573511480, 0, 189, 1799, 1751, 361, 7.10%, 0, 0, 3, 1103.60
1573513128, 0, 191, 1800, 1751, 360, 7.10%, 0, 0, 3, 1984.68
1573513154, 0, 191, 1801, 1752, 360, 7.10%, 0, 0, 3, 2345.38
1573513206, 0, 191, 1802, 1753, 360, 7.10%, 0, 0, 3, 2326.95
1573513267, 0, 191, 1803, 1754, 360, 7.10%, 0, 0, 3, 2395.26
1573513369, 0, 191, 1804, 1755, 360, 7.10%, 0, 0, 3, 2387.29
1573513451, 0, 192, 1804, 1754, 359, 7.10%, 0, 0, 3, 1869.01
1573514115, 0, 192, 1805, 1755, 359, 7.11%, 0, 0, 3, 710.41
1573515103, 0, 194, 1805, 1754, 359, 7.11%, 0, 0, 3, 1806.57
1573515431, 0, 195, 1805, 1753, 358, 7.11%, 0, 0, 3, 2372.31
1573515451, 0, 195, 1806, 1754, 358, 7.11%, 0, 0, 3, 2329.02
1573515759, 0, 196, 1806, 1753, 357, 7.11%, 0, 0, 3, 1501.52
1573515835, 0, 196, 1807, 1754, 357, 7.12%, 0, 0, 3, 701.36
1573517410, 0, 197, 1807, 1753, 357, 7.12%, 0, 0, 3, 1388.48
1573517737, 0, 203, 1807, 1752, 356, 7.12%, 0, 0, 3, 2398.53
1573517748, 0, 203, 1808, 1753, 356, 7.12%, 0, 0, 3, 821.05
1573517798, 0, 203, 1809, 1754, 356, 7.12%, 0, 0, 3, 678.66
1573517818, 0, 203, 1814, 1759, 356, 7.12%, 0, 0, 3, 645.61
1573517990, 0, 203, 1815, 1760, 356, 7.12%, 0, 0, 3, 682.41
1573518314, 0, 203, 1816, 1761, 356, 7.12%, 0, 0, 3, 148.92
1573518365, 0, 203, 1817, 1762, 356, 7.12%, 0, 0, 3, 1027.19
1573518895, 0, 203, 1818, 1763, 356, 7.12%, 0, 0, 3, 632.29
1573518981, 0, 203, 1819, 1764, 356, 7.12%, 0, 0, 3, 772.47
1573519159, 0, 203, 1820, 1765, 356, 7.12%, 0, 0, 3, 795.73
1573519361, 0, 203, 1821, 1766, 356, 7.12%, 0, 0, 3, 760.60
1573519397, 0, 204, 1821, 1765, 356, 7.12%, 0, 0, 3, 901.12
1573521050, 0, 206, 1821, 1764, 355, 7.12%, 0, 0, 3, 914.01
1573522698, 0, 209, 1821, 1763, 354, 7.12%, 0, 0, 3, 1244.05
1573522779, 0, 209, 1822, 1764, 354, 7.12%, 0, 0, 3, 647.31
1573523936, 0, 209, 1823, 1765, 354, 7.12%, 0, 0, 3, 207.91
1573524347, 0, 212, 1823, 1764, 353, 7.12%, 0, 0, 3, 1183.43
1573524357, 0, 212, 1825, 1766, 353, 7.12%, 0, 0, 3, 732.27
1573524422, 0, 212, 1826, 1767, 353, 7.12%, 0, 0, 3, 726.55
1573524428, 0, 212, 1830, 1771, 353, 7.12%, 0, 0, 3, 643.20
1573524681, 0, 212, 1831, 1772, 353, 7.12%, 0, 0, 3, 686.40
1573524934, 0, 212, 1832, 1773, 353, 7.12%, 0, 0, 3, 696.59
1573525999, 0, 214, 1832, 1772, 353, 7.12%, 0, 0, 3, 1016.40
1573526009, 0, 214, 1833, 1773, 353, 7.12%, 0, 0, 3, 711.94
1573526014, 0, 214, 1834, 1774, 353, 7.12%, 0, 0, 3, 683.46
1573526075, 0, 214, 1837, 1777, 353, 7.12%, 0, 0, 3, 706.32
1573526095, 0, 214, 1840, 1780, 353, 7.14%, 0, 0, 3, 697.29
1573526332, 0, 214, 1843, 1783, 353, 7.14%, 0, 0, 3, 685.50
1573526575, 0, 214, 1844, 1784, 353, 7.15%, 0, 0, 3, 678.16
1573527464, 0, 214, 1845, 1785, 353, 7.15%, 0, 0, 3, 733.45
1573527646, 0, 217, 1846, 1785, 361, 7.15%, 0, 0, 3, 1265.51
1573527666, 0, 217, 1847, 1786, 361, 7.15%, 0, 0, 3, 678.05
1573527813, 0, 217, 1848, 1787, 361, 7.15%, 0, 0, 3, 697.43
1573529294, 0, 226, 1848, 1786, 360, 7.15%, 0, 0, 3, 1801.36
1573529320, 0, 226, 1849, 1787, 360, 7.15%, 0, 0, 3, 2285.37
1573529648, 0, 229, 1849, 1786, 360, 7.15%, 0, 0, 3, 1867.53
1573529663, 0, 229, 1850, 1787, 360, 7.15%, 0, 0, 3, 686.27
1573531302, 0, 233, 1850, 1786, 359, 7.15%, 0, 0, 3, 885.13
1573531646, 0, 233, 1851, 1787, 359, 7.16%, 0, 0, 3, 682.30
1573532951, 0, 233, 1856, 1792, 359, 7.16%, 0, 0, 3, 1433.96
1573532956, 0, 233, 1860, 1796, 359, 7.16%, 0, 0, 3, 1874.08
1573532961, 0, 233, 1863, 1799, 359, 7.16%, 0, 0, 3, 1919.76
1573532966, 0, 237, 1866, 1801, 360, 7.16%, 0, 0, 3, 1883.50
1573532981, 0, 237, 1867, 1802, 360, 7.16%, 0, 0, 3, 691.97
1573534210, 0, 237, 1868, 1803, 360, 7.16%, 0, 0, 3, 703.09
1573534625, 0, 237, 1869, 1804, 360, 7.16%, 0, 0, 3, 836.97
1573534631, 0, 240, 1869, 1803, 361, 7.16%, 0, 0, 3, 909.10
1573534904, 0, 240, 1870, 1804, 361, 7.16%, 0, 0, 3, 688.94
1573534980, 0, 240, 1871, 1805, 361, 7.16%, 0, 0, 3, 668.19
1573536283, 0, 244, 1871, 1804, 361, 7.16%, 0, 0, 3, 1186.11
1573536298, 0, 244, 1872, 1805, 361, 7.17%, 0, 0, 3, 679.99
1573536303, 0, 244, 1873, 1806, 361, 7.17%, 0, 0, 3, 669.51
1573536470, 0, 244, 1874, 1807, 361, 7.18%, 0, 0, 3, 682.02
1573536637, 0, 244, 1877, 1810, 361, 7.20%, 0, 0, 3, 676.50
1573537944, 0, 246, 1877, 1809, 362, 7.20%, 0, 0, 3, 1208.44
1573537959, 0, 246, 1878, 1810, 362, 7.20%, 0, 0, 3, 692.96
1573538020, 0, 246, 1879, 1811, 362, 7.20%, 0, 0, 3, 739.18
1573538511, 0, 246, 1880, 1812, 362, 7.20%, 0, 0, 3, 1346.31
1573539597, 0, 255, 1880, 1811, 361, 7.20%, 0, 0, 3, 1135.05
1573539613, 0, 255, 1881, 1812, 361, 7.20%, 0, 0, 3, 680.48
1573540215, 0, 255, 1882, 1813, 361, 7.20%, 0, 0, 3, 1348.26
