# unix_time, cycles_done, cur_path, paths_total, pending_total, pending_favs, map_size, unique_crashes, unique_hangs, max_depth, execs_per_sec
1570729318, 0, 0, 1, 1, 1, 3.55%, 0, 0, 1, 666.67
1570729323, 0, 0, 82, 82, 1, 4.06%, 0, 0, 2, 1460.71
1570729328, 0, 0, 183, 183, 1, 4.37%, 0, 0, 2, 859.81
1570729333, 0, 0, 244, 244, 1, 4.57%, 0, 0, 2, 775.40
1570729338, 0, 0, 261, 261, 1, 4.60%, 0, 0, 2, 723.88
1570729343, 0, 0, 270, 270, 1, 4.65%, 0, 0, 2, 713.81
1570729369, 0, 0, 280, 280, 1, 4.68%, 0, 0, 2, 677.39
1570729374, 0, 0, 292, 292, 1, 4.70%, 0, 0, 2, 658.41
1570729379, 0, 0, 339, 339, 1, 4.77%, 0, 0, 2, 658.51
1570729384, 0, 0, 348, 348, 1, 4.78%, 0, 0, 2, 646.25
1570729395, 0, 0, 392, 392, 1, 4.95%, 0, 0, 2, 585.45
1570729400, 0, 0, 545, 545, 1, 5.22%, 0, 0, 2, 703.52
1570729405, 0, 0, 641, 641, 1, 5.32%, 0, 0, 2, 579.23
1570729410, 0, 0, 710, 710, 1, 5.33%, 0, 0, 2, 567.27
1570729415, 0, 0, 790, 790, 1, 5.54%, 0, 0, 2, 658.37
1570729420, 0, 0, 800, 800, 1, 5.54%, 0, 0, 2, 648.67
1570729425, 0, 0, 810, 810, 1, 5.56%, 0, 0, 2, 676.47
1570729430, 0, 0, 821, 821, 1, 5.61%, 0, 0, 2, 649.96
1570729436, 0, 0, 825, 825, 1, 5.63%, 0, 0, 2, 638.85
1570729441, 0, 0, 827, 827, 1, 5.64%, 0, 0, 2, 634.63
1570729472, 0, 0, 828, 828, 1, 5.64%, 0, 0, 2, 631.87
1570729477, 0, 0, 830, 830, 1, 5.64%, 0, 0, 2, 633.57
1570729482, 0, 0, 831, 831, 1, 5.64%, 0, 0, 2, 635.22
1570729497, 0, 0, 872, 872, 1, 5.69%, 0, 0, 2, 693.55
1570729502, 0, 0, 890, 890, 1, 5.69%, 0, 0, 2, 628.21
1570729507, 0, 0, 909, 909, 1, 5.70%, 0, 0, 2, 637.59
1570729512, 0, 0, 918, 918, 1, 5.71%, 0, 0, 2, 656.40
1570729518, 0, 0, 921, 921, 1, 5.74%, 0, 0, 2, 638.61
1570729523, 0, 0, 922, 922, 1, 5.74%, 0, 0, 2, 642.86
1570729528, 0, 0, 925, 925, 1, 5.75%, 0, 0, 2, 632.18
1570729533, 0, 0, 927, 927, 1, 5.77%, 0, 0, 2, 630.75
1570729559, 0, 0, 928, 928, 1, 5.77%, 0, 0, 2, 624.32
1570729564, 0, 0, 929, 929, 1, 5.77%, 0, 0, 2, 628.82
1570729574, 0, 0, 930, 930, 1, 5.77%, 0, 0, 2, 631.39
1570729589, 0, 0, 942, 942, 1, 5.77%, 0, 0, 2, 728.33
1570729594, 0, 0, 952, 952, 1, 5.83%, 0, 0, 2, 622.72
1570729599, 0, 0, 960, 960, 1, 5.83%, 0, 0, 2, 570.94
1570729604, 0, 0, 969, 969, 1, 5.83%, 0, 0, 2, 642.99
1570729614, 0, 0, 976, 976, 1, 5.84%, 0, 0, 2, 637.02
1570729620, 0, 0, 983, 983, 1, 5.85%, 0, 0, 2, 641.79
1570729625, 0, 0, 991, 991, 1, 5.86%, 0, 0, 2, 669.82
1570729630, 0, 0, 1014, 1014, 1, 6.16%, 0, 0, 2, 779.97
1570729635, 0, 0, 1018, 1018, 1, 6.18%, 0, 0, 2, 662.42
1570729640, 0, 0, 1019, 1019, 1, 6.18%, 0, 0, 2, 637.33
1570729646, 0, 0, 1022, 1022, 1, 6.19%, 0, 0, 2, 632.49
1570729666, 0, 0, 1023, 1023, 1, 6.20%, 0, 0, 2, 632.94
1570729681, 0, 0, 1028, 1028, 1, 6.21%, 0, 0, 2, 647.61
1570729687, 0, 0, 1031, 1031, 1, 6.21%, 0, 0, 2, 679.06
1570729692, 0, 0, 1034, 1034, 1, 6.23%, 0, 0, 2, 652.17
1570729697, 0, 0, 1038, 1038, 1, 6.25%, 0, 0, 2, 636.12
1570729702, 0, 0, 1039, 1039, 1, 6.25%, 0, 0, 2, 632.39
1570729707, 0, 0, 1040, 1040, 1, 6.26%, 0, 0, 2, 633.09
1570729713, 0, 0, 1041, 1041, 1, 6.26%, 0, 0, 2, 631.99
1570729728, 0, 0, 1042, 1042, 1, 6.30%, 0, 0, 2, 632.71
1570729738, 0, 0, 1044, 1044, 1, 6.30%, 0, 0, 2, 625.88
1570729743, 0, 0, 1046, 1046, 1, 6.32%, 0, 0, 2, 626.96
1570729748, 0, 0, 1048, 1048, 1, 6.33%, 0, 0, 2, 619.56
1570729759, 0, 0, 1050, 1050, 1, 6.33%, 0, 0, 2, 618.99
1570729784, 0, 0, 1051, 1051, 1, 6.33%, 0, 0, 2, 630.60
1570729836, 0, 0, 1053, 1053, 1, 6.34%, 0, 0, 2, 632.73
1570729841, 0, 0, 1054, 1054, 1, 6.34%, 0, 0, 2, 633.34
1570729846, 0, 0, 1055, 1055, 1, 6.34%, 0, 0, 2, 631.74
1570729856, 0, 0, 1057, 1057, 1, 6.34%, 0, 0, 2, 628.73
1570729882, 0, 0, 1058, 1058, 1, 6.34%, 0, 0, 2, 631.03
1570729913, 0, 0, 1065, 1065, 1, 6.36%, 0, 0, 2, 65.57
1570729918, 0, 0, 1070, 1070, 1, 6.37%, 0, 0, 2, 839.99
1570729923, 0, 0, 1078, 1078, 1, 6.45%, 0, 0, 2, 730.65
1570729929, 0, 0, 1089, 1089, 1, 6.45%, 0, 0, 2, 830.57
1570729934, 0, 0, 1097, 1097, 1, 6.46%, 0, 0, 2, 1136.32
1570729939, 0, 0, 1106, 1106, 1, 6.47%, 0, 0, 2, 160.35
1570729944, 0, 0, 1109, 1109, 1, 6.47%, 0, 0, 2, 1145.07
1570729954, 0, 0, 1117, 1117, 1, 6.47%, 0, 0, 2, 517.52
1570729959, 0, 0, 1120, 1120, 1, 6.48%, 0, 0, 2, 127.23
1570729964, 0, 0, 1123, 1123, 1, 6.48%, 0, 0, 2, 1152.97
1570729975, 0, 0, 1126, 1126, 1, 6.48%, 0, 0, 2, 736.53
1570729980, 0, 0, 1128, 1128, 1, 6.48%, 0, 0, 2, 1313.78
1570729985, 0, 0, 1132, 1132, 1, 6.48%, 0, 0, 2, 1040.78
1570729995, 0, 0, 1135, 1135, 1, 6.49%, 0, 0, 2, 1049.02
1570730000, 0, 0, 1168, 1168, 1, 6.50%, 0, 0, 2, 892.20
1570730005, 0, 0, 1176, 1176, 1, 6.50%, 0, 0, 2, 868.03
1570730020, 0, 0, 1177, 1177, 1, 6.51%, 0, 0, 2, 632.62
1570730026, 0, 0, 1178, 1178, 1, 6.51%, 0, 0, 2, 629.80
1570730041, 0, 0, 1179, 1179, 1, 6.51%, 0, 0, 2, 683.23
1570730046, 0, 0, 1180, 1180, 1, 6.51%, 0, 0, 2, 638.52
1570730072, 0, 0, 1181, 1181, 1, 6.51%, 0, 0, 2, 631.48
1570730082, 0, 0, 1182, 1182, 1, 6.52%, 0, 0, 2, 630.96
1570730128, 0, 0, 1184, 1184, 1, 6.52%, 0, 0, 2, 634.71
1570730138, 0, 0, 1185, 1185, 1, 6.52%, 0, 0, 2, 631.41
1570730144, 0, 0, 1189, 1189, 1, 6.52%, 0, 0, 2, 629.29
1570730170, 0, 0, 1190, 1190, 1, 6.52%, 0, 0, 2, 629.24
1570730175, 0, 0, 1193, 1193, 1, 6.52%, 0, 0, 2, 625.40
1570730190, 0, 0, 1194, 1194, 1, 6.52%, 0, 0, 2, 622.57
1570730220, 0, 0, 1195, 1195, 1, 6.52%, 0, 0, 2, 626.03
1570730230, 0, 0, 1196, 1196, 1, 6.52%, 0, 0, 2, 690.85
1570730235, 0, 0, 1198, 1198, 1, 6.52%, 0, 0, 2, 1522.37
1570730256, 0, 0, 1199, 1199, 1, 6.52%, 0, 0, 2, 1745.85
1570730276, 0, 0, 1200, 1200, 1, 6.52%, 0, 0, 2, 49.28
1570730296, 0, 0, 1201, 1201, 1, 6.52%, 0, 0, 2, 930.01
1570730301, 0, 0, 1202, 1202, 1, 6.52%, 0, 0, 2, 1056.87
1570730332, 0, 0, 1203, 1203, 1, 6.52%, 0, 0, 2, 814.34
1570730373, 0, 0, 1204, 1204, 1, 6.52%, 0, 0, 2, 636.61
1570730444, 0, 0, 1205, 1205, 1, 6.52%, 0, 0, 2, 630.39
1570730474, 0, 0, 1206, 1206, 1, 6.52%, 0, 0, 2, 634.19
1570730520, 0, 0, 1207, 1207, 1, 6.53%, 0, 0, 2, 130.33
1570730541, 0, 0, 1208, 1208, 1, 6.53%, 0, 0, 2, 815.63
1570730561, 0, 0, 1219, 1219, 1, 6.55%, 0, 0, 2, 718.72
1570730627, 0, 0, 1220, 1220, 1, 6.55%, 0, 0, 2, 629.02
1570730648, 0, 0, 1223, 1223, 1, 6.55%, 0, 0, 2, 659.19
1570730653, 0, 0, 1230, 1230, 1, 6.55%, 0, 0, 2, 720.17
1570730658, 0, 0, 1233, 1233, 1, 6.55%, 0, 0, 2, 632.27
1570730663, 0, 0, 1243, 1243, 1, 6.58%, 0, 0, 2, 778.49
1570730668, 0, 0, 1244, 1244, 1, 6.59%, 0, 0, 2, 705.29
1570730826, 0, 0, 1246, 1246, 1, 6.60%, 0, 0, 2, 93.38
1570730831, 0, 0, 1249, 1249, 1, 6.60%, 0, 0, 2, 777.59
1570730836, 0, 0, 1255, 1255, 1, 6.61%, 0, 0, 2, 93.39
1570730862, 0, 0, 1258, 1258, 1, 6.61%, 0, 0, 2, 791.25
1570730872, 0, 0, 1259, 1259, 1, 6.61%, 0, 0, 2, 636.78
1570730878, 0, 0, 1261, 1261, 1, 6.62%, 0, 0, 2, 726.14
1570730970, 0, 0, 1262, 1262, 1, 6.62%, 0, 0, 2, 749.41
1570730975, 0, 0, 1263, 1263, 1, 6.62%, 0, 0, 2, 815.10
1570730980, 0, 0, 1265, 1265, 1, 6.62%, 0, 0, 2, 678.19
1570730985, 0, 0, 1268, 1268, 1, 6.62%, 0, 0, 2, 606.93
1570731000, 0, 0, 1288, 1288, 1, 6.65%, 0, 0, 2, 1028.39
1570731005, 0, 0, 1322, 1322, 1, 6.65%, 0, 0, 2, 1617.16
1570731010, 0, 0, 1341, 1341, 1, 6.71%, 0, 0, 2, 1762.80
1570731016, 0, 0, 1356, 1356, 1, 6.73%, 0, 0, 2, 1732.93
1570731021, 0, 17, 1364, 1356, 309, 6.73%, 0, 0, 2, 2257.92
1570731026, 0, 31, 1366, 1356, 307, 6.73%, 0, 0, 3, 2371.78
1570731051, 0, 31, 1368, 1358, 307, 6.73%, 0, 0, 3, 2334.63
1570731169, 0, 34, 1370, 1359, 307, 6.73%, 0, 0, 3, 1448.46
1570731174, 0, 34, 1371, 1360, 307, 6.73%, 0, 0, 3, 757.10
1570731190, 0, 34, 1372, 1361, 307, 6.73%, 0, 0, 3, 574.15
1570731225, 0, 34, 1373, 1362, 307, 6.73%, 0, 0, 3, 570.63
1570731235, 0, 34, 1375, 1364, 307, 6.73%, 0, 0, 3, 571.41
1570731245, 0, 34, 1376, 1365, 307, 6.73%, 0, 0, 3, 570.64
1570731250, 0, 34, 1377, 1366, 307, 6.73%, 0, 0, 3, 570.64
1570731255, 0, 34, 1384, 1373, 307, 6.73%, 0, 0, 3, 699.15
1570731260, 0, 34, 1385, 1374, 307, 6.73%, 0, 0, 3, 600.13
1570731265, 0, 34, 1387, 1376, 307, 6.73%, 0, 0, 3, 554.41
1570731271, 0, 34, 1399, 1388, 307, 6.73%, 0, 0, 3, 611.12
1570731357, 0, 34, 1402, 1391, 307, 6.73%, 0, 0, 3, 587.97
1570731362, 0, 34, 1403, 1392, 307, 6.73%, 0, 0, 3, 595.30
1570731367, 0, 34, 1404, 1393, 307, 6.73%, 0, 0, 3, 566.71
1570731372, 0, 34, 1407, 1396, 307, 6.73%, 0, 0, 3, 615.80
1570731459, 0, 34, 1410, 1399, 307, 6.73%, 0, 0, 3, 645.06
1570731464, 0, 34, 1412, 1401, 307, 6.73%, 0, 0, 3, 578.02
1570731474, 0, 34, 1415, 1404, 307, 6.74%, 0, 0, 3, 588.28
1570731489, 0, 34, 1416, 1405, 307, 6.74%, 0, 0, 3, 569.85
1570731814, 0, 34, 1418, 1407, 307, 6.74%, 0, 0, 3, 570.04
1570731819, 0, 34, 1419, 1408, 307, 6.74%, 0, 0, 3, 565.21
1570731834, 0, 34, 1420, 1409, 307, 6.74%, 0, 0, 3, 567.85
1570731844, 0, 34, 1424, 1413, 307, 6.74%, 0, 0, 3, 811.26
1570731850, 0, 34, 1426, 1415, 307, 6.74%, 0, 0, 3, 1353.04
1570731855, 0, 34, 1427, 1416, 307, 6.74%, 0, 0, 3, 961.72
1570731860, 0, 34, 1428, 1417, 307, 6.74%, 0, 0, 3, 1113.52
1570731865, 0, 34, 1429, 1418, 307, 6.74%, 0, 0, 3, 669.80
1570731870, 0, 34, 1430, 1419, 307, 6.74%, 0, 0, 3, 836.53
1570731875, 0, 34, 1432, 1421, 307, 6.74%, 0, 0, 3, 1155.50
1570731880, 0, 34, 1433, 1422, 307, 6.74%, 0, 0, 3, 1035.00
1570731926, 0, 34, 1443, 1432, 307, 6.74%, 0, 0, 3, 891.10
1570731931, 0, 34, 1444, 1433, 307, 6.75%, 0, 0, 3, 892.44
1570731982, 0, 34, 1445, 1434, 307, 6.75%, 0, 0, 3, 565.60
1570732196, 0, 34, 1446, 1435, 307, 6.75%, 0, 0, 3, 119.71
1570732288, 0, 34, 1447, 1436, 307, 6.75%, 0, 0, 3, 1480.65
1570732517, 0, 34, 1448, 1437, 307, 6.75%, 0, 0, 3, 784.54
1570732542, 0, 34, 1449, 1438, 307, 6.75%, 0, 0, 3, 566.03
1570732664, 0, 34, 1451, 1440, 307, 6.75%, 0, 0, 3, 645.70
1570732669, 0, 34, 1452, 1441, 307, 6.75%, 0, 0, 3, 675.34
1570732877, 0, 34, 1453, 1442, 307, 6.75%, 0, 0, 3, 482.70
1570732898, 0, 34, 1454, 1443, 307, 6.75%, 0, 0, 3, 713.49
1570733050, 0, 34, 1455, 1444, 307, 6.75%, 0, 0, 3, 561.28
1570733071, 0, 34, 1458, 1447, 307, 6.75%, 0, 0, 3, 1048.36
1570733076, 0, 34, 1466, 1455, 307, 6.76%, 0, 0, 3, 1549.61
1570733081, 0, 34, 1474, 1463, 307, 6.76%, 0, 0, 3, 1707.66
1570733086, 0, 34, 1480, 1469, 307, 6.79%, 0, 0, 3, 1727.61
1570733091, 0, 69, 1482, 1469, 318, 6.79%, 0, 0, 3, 1630.24
1570733172, 0, 69, 1483, 1470, 318, 6.79%, 0, 0, 3, 685.28
1570733406, 0, 69, 1484, 1471, 318, 6.79%, 0, 0, 3, 628.55
1570733719, 0, 69, 1485, 1472, 318, 6.79%, 0, 0, 3, 177.99
1570734633, 0, 69, 1486, 1473, 318, 6.79%, 0, 0, 3, 721.12
1570734775, 0, 69, 1487, 1474, 318, 6.79%, 0, 0, 3, 686.56
1570734780, 0, 69, 1493, 1480, 318, 6.79%, 0, 0, 3, 1416.89
1570734785, 0, 69, 1500, 1487, 318, 6.79%, 0, 0, 3, 1712.30
1570734790, 0, 69, 1506, 1493, 318, 6.80%, 0, 0, 3, 1721.61
1570734795, 0, 69, 1514, 1501, 318, 6.80%, 0, 0, 3, 1758.03
1570734800, 0, 102, 1518, 1503, 313, 6.80%, 0, 0, 3, 1250.51
1570734806, 0, 102, 1519, 1504, 313, 6.80%, 0, 0, 3, 759.09
1570734882, 0, 102, 1523, 1508, 313, 6.80%, 0, 0, 3, 649.82
1570735402, 0, 102, 1524, 1509, 313, 6.80%, 0, 0, 3, 1139.78
1570735454, 0, 102, 1525, 1510, 313, 6.80%, 0, 0, 3, 128.07
1570736492, 0, 103, 1525, 1509, 313, 6.80%, 0, 0, 3, 836.98
1570736497, 0, 103, 1526, 1510, 313, 6.80%, 0, 0, 3, 669.03
1570736568, 0, 103, 1527, 1511, 313, 6.80%, 0, 0, 3, 645.21
1570736573, 0, 103, 1528, 1512, 313, 6.80%, 0, 0, 3, 649.99
1570736588, 0, 103, 1529, 1513, 313, 6.81%, 0, 0, 3, 634.82
1570736664, 0, 103, 1530, 1514, 313, 6.81%, 0, 0, 3, 684.33
1570736790, 0, 103, 1531, 1515, 313, 6.81%, 0, 0, 3, 663.40
1570738179, 0, 116, 1531, 1514, 314, 6.81%, 0, 0, 3, 899.83
1570738260, 0, 116, 1533, 1516, 314, 6.81%, 0, 0, 3, 662.77
1570738361, 0, 116, 1534, 1517, 314, 6.81%, 0, 0, 3, 697.69
1570738494, 0, 116, 1535, 1518, 314, 6.81%, 0, 0, 3, 625.50
1570739847, 0, 116, 1536, 1519, 314, 6.81%, 0, 0, 3, 561.74
1570739868, 0, 118, 1536, 1518, 314, 6.81%, 0, 0, 3, 895.08
1570739948, 0, 118, 1537, 1519, 314, 6.81%, 0, 0, 3, 660.50
1570739979, 0, 118, 1538, 1520, 314, 6.81%, 0, 0, 3, 624.81
1570740166, 0, 118, 1539, 1521, 314, 6.81%, 0, 0, 3, 636.12
1570741560, 0, 149, 1539, 1519, 312, 6.81%, 0, 0, 3, 1595.97
1570741641, 0, 149, 1540, 1520, 312, 6.81%, 0, 0, 3, 696.09
1570741661, 0, 149, 1541, 1521, 312, 6.81%, 0, 0, 3, 635.11
1570743253, 0, 149, 1550, 1530, 312, 6.81%, 0, 0, 3, 1574.66
1570743258, 0, 149, 1557, 1537, 312, 6.83%, 0, 0, 3, 1725.60
1570743263, 0, 149, 1564, 1544, 312, 6.83%, 0, 0, 3, 1712.91
1570743268, 0, 163, 1566, 1543, 311, 6.83%, 0, 0, 3, 2235.80
1570743273, 0, 176, 1566, 1539, 307, 6.83%, 0, 0, 3, 504.69
1570743283, 0, 176, 1569, 1542, 307, 6.83%, 0, 0, 3, 648.09
1570743353, 0, 176, 1571, 1544, 307, 6.83%, 0, 0, 3, 683.80
1570743359, 0, 176, 1572, 1545, 307, 6.83%, 0, 0, 3, 608.83
1570743364, 0, 176, 1573, 1546, 307, 6.83%, 0, 0, 3, 687.43
1570743541, 0, 176, 1574, 1547, 307, 6.83%, 0, 0, 3, 642.38
1570743562, 0, 176, 1575, 1548, 307, 6.83%, 0, 0, 3, 624.43
1570743612, 0, 176, 1576, 1549, 307, 6.83%, 0, 0, 3, 629.07
1570743869, 0, 176, 1577, 1550, 307, 6.83%, 0, 0, 3, 1007.56
1570743981, 0, 176, 1578, 1551, 307, 6.84%, 0, 0, 3, 630.33
1570744513, 0, 176, 1579, 1552, 307, 6.84%, 0, 0, 3, 695.08
1570744832, 0, 176, 1582, 1555, 307, 6.84%, 0, 0, 3, 730.94
1570744964, 0, 176, 1586, 1559, 307, 6.84%, 0, 0, 3, 1291.13
1570744969, 0, 176, 1593, 1566, 307, 6.84%, 0, 0, 3, 1666.61
1570744974, 0, 176, 1598, 1571, 307, 6.85%, 0, 0, 3, 1766.61
1570744979, 0, 176, 1603, 1576, 307, 6.85%, 0, 0, 3, 1796.97
1570744984, 0, 184, 1604, 1575, 307, 6.85%, 0, 0, 3, 1320.20
1570744989, 0, 184, 1605, 1576, 307, 6.85%, 0, 0, 3, 773.65
1570744994, 0, 184, 1606, 1577, 307, 6.85%, 0, 0, 3, 681.63
1570745065, 0, 184, 1607, 1578, 307, 6.85%, 0, 0, 3, 661.24
1570745075, 0, 184, 1608, 1579, 307, 6.85%, 0, 0, 3, 681.76
1570745176, 0, 184, 1609, 1580, 307, 6.85%, 0, 0, 3, 649.08
1570745585, 0, 184, 1610, 1581, 307, 6.85%, 0, 0, 3, 1032.13
1570745894, 0, 184, 1612, 1583, 307, 6.85%, 0, 0, 3, 1414.40
1570746671, 0, 184, 1616, 1587, 307, 6.85%, 0, 0, 3, 1351.81
1570746676, 0, 184, 1617, 1588, 307, 6.85%, 0, 0, 3, 1708.46
1570746682, 0, 184, 1622, 1593, 307, 6.85%, 0, 0, 3, 1730.32
1570746687, 0, 184, 1628, 1599, 307, 6.85%, 0, 0, 3, 1808.60
1570746692, 0, 192, 1629, 1597, 306, 6.85%, 0, 0, 3, 1353.71
1570746773, 0, 192, 1630, 1598, 306, 6.85%, 0, 0, 3, 668.61
1570747404, 0, 192, 1631, 1599, 306, 6.85%, 0, 0, 3, 674.42
1570748378, 0, 195, 1633, 1600, 307, 6.85%, 0, 0, 3, 1358.45
1570748383, 0, 236, 1633, 1594, 301, 6.85%, 0, 0, 3, 2155.19
1570748468, 0, 236, 1634, 1595, 301, 6.85%, 0, 0, 3, 620.09
1570748494, 0, 236, 1635, 1596, 301, 6.85%, 0, 0, 3, 626.06
1570748575, 0, 236, 1636, 1597, 301, 6.85%, 0, 0, 3, 635.87
1570748590, 0, 236, 1637, 1598, 301, 6.85%, 0, 0, 3, 624.47
1570748843, 0, 236, 1638, 1599, 301, 6.85%, 0, 0, 3, 626.69
1570749016, 0, 236, 1639, 1600, 301, 6.85%, 0, 0, 3, 67.15
1570749721, 0, 236, 1640, 1601, 301, 6.85%, 0, 0, 3, 634.60
1570750077, 0, 237, 1640, 1600, 301, 6.85%, 0, 0, 3, 886.77
1570750092, 0, 237, 1641, 1601, 301, 6.85%, 0, 0, 3, 631.40
1570751776, 0, 237, 1644, 1604, 301, 6.86%, 0, 0, 3, 1120.04
1570751781, 0, 237, 1647, 1607, 301, 6.86%, 0, 0, 3, 1697.61
1570751786, 0, 237, 1650, 1610, 301, 6.86%, 0, 0, 3, 1693.37
1570751791, 0, 237, 1654, 1614, 301, 6.86%, 0, 0, 3, 1744.99
1570751796, 0, 246, 1660, 1619, 301, 6.86%, 0, 0, 3, 1254.19
1570751801, 0, 246, 1661, 1620, 301, 6.86%, 0, 0, 3, 758.35
1570751807, 0, 246, 1662, 1621, 301, 6.86%, 0, 0, 3, 681.55
1570751812, 0, 246, 1663, 1622, 301, 6.86%, 0, 0, 3, 638.15
1570751817, 0, 246, 1664, 1623, 301, 6.86%, 0, 0, 3, 630.92
1570751877, 0, 246, 1667, 1626, 301, 6.86%, 0, 0, 3, 678.31
1570751903, 0, 246, 1669, 1628, 301, 6.86%, 0, 0, 3, 635.94
1570751994, 0, 246, 1670, 1629, 301, 6.87%, 0, 0, 3, 633.29
1570752181, 0, 246, 1673, 1632, 301, 6.88%, 0, 0, 3, 622.23
1570752393, 0, 246, 1674, 1633, 301, 6.88%, 0, 0, 3, 928.99
1570752408, 0, 246, 1675, 1634, 301, 6.88%, 0, 0, 3, 108.62
1570752449, 0, 246, 1676, 1635, 301, 6.88%, 0, 0, 3, 961.41
1570753017, 0, 246, 1677, 1636, 301, 6.89%, 0, 0, 3, 716.54
1570753493, 0, 246, 1685, 1644, 301, 6.90%, 0, 0, 3, 1563.47
1570753498, 0, 246, 1687, 1646, 301, 6.90%, 0, 0, 3, 1729.78
1570753503, 0, 246, 1692, 1651, 301, 6.90%, 0, 0, 3, 1707.07
1570753508, 0, 259, 1695, 1652, 306, 6.90%, 0, 0, 3, 2079.30
1570753534, 0, 259, 1696, 1653, 306, 6.90%, 0, 0, 3, 622.19
1570755210, 0, 260, 1696, 1652, 306, 6.90%, 0, 0, 3, 1197.84
1570755215, 0, 285, 1696, 1648, 302, 6.90%, 0, 0, 3, 1408.79
1570755276, 0, 285, 1697, 1649, 302, 6.90%, 0, 0, 3, 624.54
1570755281, 0, 285, 1698, 1650, 302, 6.90%, 0, 0, 3, 626.28
1570755297, 0, 285, 1701, 1653, 302, 6.90%, 0, 0, 3, 653.47
1570755458, 0, 285, 1702, 1654, 302, 6.90%, 0, 0, 3, 622.13
1570755494, 0, 285, 1703, 1655, 302, 6.90%, 0, 0, 3, 651.05
1570755848, 0, 285, 1704, 1656, 302, 6.90%, 0, 0, 3, 1089.67
1570756065, 0, 285, 1705, 1657, 302, 6.90%, 0, 0, 3, 624.02
1570756552, 0, 285, 1706, 1658, 302, 6.90%, 0, 0, 3, 616.76
1570756912, 0, 285, 1707, 1659, 302, 6.90%, 0, 0, 3, 938.12
1570756917, 0, 296, 1708, 1659, 300, 6.90%, 0, 0, 3, 1079.21
1570756983, 0, 296, 1709, 1660, 300, 6.90%, 0, 0, 3, 627.54
1570757008, 0, 296, 1710, 1661, 300, 6.90%, 0, 0, 3, 680.70
1570757069, 0, 296, 1711, 1662, 300, 6.90%, 0, 0, 3, 623.82
1570758615, 0, 315, 1711, 1661, 300, 6.90%, 0, 0, 3, 960.07
1570758675, 0, 315, 1713, 1663, 300, 6.90%, 0, 0, 3, 625.57
1570758706, 0, 315, 1715, 1665, 300, 6.90%, 0, 0, 3, 684.82
1570758883, 0, 315, 1716, 1666, 300, 6.90%, 0, 0, 3, 619.94
1570759130, 0, 315, 1717, 1667, 300, 6.90%, 0, 0, 3, 626.34
1570759237, 0, 315, 1718, 1668, 300, 6.90%, 0, 0, 3, 972.33
1570759257, 0, 315, 1719, 1669, 300, 6.90%, 0, 0, 3, 114.72
1570759288, 0, 315, 1721, 1671, 300, 6.90%, 0, 0, 3, 836.59
1570760311, 0, 319, 1722, 1671, 300, 6.90%, 0, 0, 3, 1088.46
1570760361, 0, 319, 1723, 1672, 300, 6.90%, 0, 0, 3, 623.89
1570760372, 0, 319, 1724, 1673, 300, 6.90%, 0, 0, 3, 621.48
1570760463, 0, 319, 1725, 1674, 300, 6.90%, 0, 0, 3, 624.65
1570760493, 0, 319, 1726, 1675, 300, 6.90%, 0, 0, 3, 604.57
1570760579, 0, 319, 1727, 1676, 300, 6.90%, 0, 0, 3, 659.96
1570760584, 0, 319, 1728, 1677, 300, 6.90%, 0, 0, 3, 571.11
1570760933, 0, 319, 1729, 1678, 300, 6.90%, 0, 0, 3, 729.04
1570762009, 0, 349, 1730, 1678, 300, 6.90%, 0, 0, 3, 1362.26
1570762014, 0, 354, 1730, 1677, 300, 6.90%, 0, 0, 3, 912.30
1570762100, 0, 354, 1731, 1678, 300, 6.90%, 0, 0, 3, 583.28
1570762600, 0, 354, 1732, 1679, 300, 6.90%, 0, 0, 3, 626.51
1570763711, 0, 366, 1732, 1677, 300, 6.90%, 0, 0, 3, 1404.16
1570763717, 0, 395, 1732, 1676, 300, 6.90%, 0, 0, 3, 993.21
1570763792, 0, 395, 1735, 1679, 300, 6.90%, 0, 0, 3, 640.47
1570763803, 0, 395, 1737, 1681, 300, 6.90%, 0, 0, 3, 591.69
1570763888, 0, 395, 1739, 1683, 300, 6.90%, 0, 0, 3, 713.14
1570764323, 0, 395, 1740, 1684, 300, 6.90%, 0, 0, 3, 1480.00
1570765420, 0, 453, 1742, 1683, 300, 6.94%, 0, 0, 3, 1319.53
1570765471, 0, 453, 1743, 1684, 300, 6.94%, 0, 0, 3, 651.24
1570765496, 0, 453, 1748, 1689, 300, 6.94%, 0, 0, 3, 668.30
1570765502, 0, 453, 1752, 1693, 300, 6.94%, 0, 0, 3, 616.83
1570765507, 0, 453, 1755, 1696, 300, 6.94%, 0, 0, 3, 601.15
1570765512, 0, 453, 1758, 1699, 300, 6.94%, 0, 0, 3, 666.49
1570765589, 0, 453, 1762, 1703, 300, 6.95%, 0, 0, 3, 668.15
1570765599, 0, 453, 1764, 1705, 300, 6.95%, 0, 0, 3, 714.44
1570765711, 0, 453, 1765, 1706, 300, 6.95%, 0, 0, 3, 666.93
1570766002, 0, 453, 1766, 1707, 300, 6.95%, 0, 0, 3, 670.66
1570766033, 0, 453, 1767, 1708, 300, 6.95%, 0, 0, 3, 627.42
1570766064, 0, 453, 1768, 1709, 300, 6.95%, 0, 0, 3, 586.31
1570766069, 0, 453, 1769, 1710, 300, 6.95%, 0, 0, 3, 812.68
1570766074, 0, 453, 1770, 1711, 300, 6.95%, 0, 0, 3, 869.14
1570766310, 0, 453, 1771, 1712, 300, 6.95%, 0, 0, 3, 98.55
1570766898, 0, 453, 1772, 1713, 300, 6.96%, 0, 0, 3, 951.01
1570767061, 0, 459, 1772, 1712, 307, 6.96%, 0, 0, 3, 975.97
1570767066, 0, 459, 1774, 1714, 307, 6.96%, 0, 0, 3, 687.44
1570767143, 0, 459, 1775, 1715, 307, 6.96%, 0, 0, 3, 690.68
1570767153, 0, 459, 1776, 1716, 307, 6.96%, 0, 0, 3, 661.32
1570767163, 0, 459, 1778, 1718, 307, 6.96%, 0, 0, 3, 651.63
1570767250, 0, 459, 1779, 1719, 307, 6.96%, 0, 0, 3, 648.12
1570767255, 0, 459, 1781, 1721, 307, 6.96%, 0, 0, 3, 622.05
1570767332, 0, 459, 1782, 1722, 307, 6.96%, 0, 0, 3, 655.13
1570767342, 0, 459, 1783, 1723, 307, 6.96%, 0, 0, 3, 644.38
1570767358, 0, 459, 1784, 1724, 307, 6.96%, 0, 0, 3, 620.04
1570767363, 0, 459, 1785, 1725, 307, 6.96%, 0, 0, 3, 631.33
1570767383, 0, 459, 1788, 1728, 307, 6.96%, 0, 0, 3, 621.46
1570767388, 0, 459, 1790, 1730, 307, 6.96%, 0, 0, 3, 618.81
1570767669, 0, 459, 1792, 1732, 307, 6.96%, 0, 0, 3, 950.17
1570767685, 0, 459, 1793, 1733, 307, 6.96%, 0, 0, 3, 78.74
1570767761, 0, 459, 1795, 1735, 307, 6.96%, 0, 0, 3, 622.14
1570768303, 0, 459, 1796, 1736, 307, 6.96%, 0, 0, 3, 604.46
1570768410, 0, 459, 1797, 1737, 307, 6.96%, 0, 0, 3, 816.51
1570768787, 0, 470, 1797, 1734, 304, 6.96%, 0, 0, 3, 1159.08
1570768875, 0, 470, 1798, 1735, 304, 6.96%, 0, 0, 3, 602.09
1570768880, 0, 470, 1799, 1736, 304, 6.96%, 0, 0, 3, 658.29
1570769420, 0, 470, 1800, 1737, 304, 6.96%, 0, 0, 3, 68.49
1570770057, 0, 470, 1801, 1738, 304, 6.96%, 0, 0, 3, 649.80
1570770549, 0, 470, 1802, 1739, 304, 6.96%, 0, 0, 3, 907.53
1570770554, 0, 474, 1803, 1737, 302, 6.97%, 0, 0, 3, 1588.26
1570770565, 0, 474, 1804, 1738, 302, 6.97%, 0, 0, 3, 677.29
1570770636, 0, 474, 1805, 1739, 302, 6.97%, 0, 0, 3, 686.79
1570770646, 0, 474, 1806, 1740, 302, 6.97%, 0, 0, 3, 581.82
1570770651, 0, 474, 1807, 1741, 302, 6.97%, 0, 0, 3, 639.85
1570770896, 0, 474, 1811, 1745, 302, 6.97%, 0, 0, 3, 617.20
1570771166, 0, 474, 1812, 1746, 302, 6.97%, 0, 0, 3, 1095.92
1570771809, 0, 474, 1813, 1747, 302, 6.97%, 0, 0, 3, 600.82
1570771901, 0, 474, 1814, 1748, 302, 6.97%, 0, 0, 3, 756.29
1570771916, 0, 474, 1815, 1749, 302, 6.97%, 0, 0, 3, 814.00
1570772131, 0, 474, 1817, 1751, 302, 6.97%, 0, 0, 3, 619.76
1570772294, 0, 481, 1817, 1749, 302, 6.97%, 0, 0, 3, 1341.16
1570772375, 0, 481, 1820, 1752, 302, 6.97%, 0, 0, 3, 700.04
1570772386, 0, 481, 1821, 1753, 302, 6.97%, 0, 0, 3, 725.21
1570772391, 0, 481, 1822, 1754, 302, 6.97%, 0, 0, 3, 667.58
1570772906, 0, 481, 1823, 1755, 302, 6.97%, 0, 0, 3, 1140.59
1570773548, 0, 481, 1824, 1756, 302, 6.97%, 0, 0, 3, 599.63
1570774002, 0, 481, 1825, 1757, 302, 6.97%, 0, 0, 3, 886.20
1570774007, 0, 481, 1826, 1758, 302, 6.97%, 0, 0, 3, 1508.04
1570774028, 0, 481, 1827, 1759, 302, 6.97%, 0, 0, 3, 606.18
1570774038, 0, 481, 1828, 1760, 302, 6.97%, 0, 0, 3, 964.23
1570774043, 0, 539, 1828, 1752, 297, 6.97%, 0, 0, 3, 2524.59
1570774048, 0, 566, 1828, 1748, 294, 6.97%, 0, 0, 3, 1841.45
1570774058, 0, 566, 1831, 1751, 294, 6.98%, 0, 0, 3, 705.27
1570774114, 0, 566, 1832, 1752, 294, 6.98%, 0, 0, 3, 617.43
1570774135, 0, 566, 1833, 1753, 294, 6.98%, 0, 0, 3, 608.98
1570774155, 0, 566, 1834, 1754, 294, 6.98%, 0, 0, 3, 629.81
1570774409, 0, 566, 1836, 1756, 294, 6.99%, 0, 0, 3, 631.25
1570774730, 0, 566, 1838, 1758, 294, 6.99%, 0, 0, 3, 905.39
1570775791, 0, 626, 1839, 1757, 299, 6.99%, 0, 0, 3, 1164.34
1570775801, 0, 626, 1841, 1759, 299, 6.99%, 0, 0, 3, 676.34
1570775872, 0, 626, 1842, 1760, 299, 6.99%, 0, 0, 3, 680.64
1570775892, 0, 626, 1845, 1763, 299, 6.99%, 0, 0, 3, 659.16
1570775897, 0, 626, 1848, 1766, 299, 6.99%, 0, 0, 3, 634.72
1570775988, 0, 626, 1849, 1767, 299, 6.99%, 0, 0, 3, 640.60
1570776155, 0, 626, 1856, 1774, 299, 6.99%, 0, 0, 3, 663.51
1570776382, 0, 626, 1857, 1775, 299, 6.99%, 0, 0, 3, 1269.90
1570776387, 0, 626, 1860, 1778, 299, 6.99%, 0, 0, 3, 1170.00
1570776413, 0, 626, 1861, 1779, 299, 6.99%, 0, 0, 3, 1248.81
1570776440, 0, 626, 1862, 1780, 299, 6.99%, 0, 0, 3, 1341.03
1570776501, 0, 626, 1863, 1781, 299, 6.99%, 0, 0, 3, 644.71
1570776521, 0, 626, 1864, 1782, 299, 6.99%, 0, 0, 3, 629.26
1570776728, 0, 626, 1865, 1783, 299, 6.99%, 0, 0, 3, 1543.59
1570777479, 0, 641, 1865, 1782, 308, 6.99%, 0, 0, 3, 1265.34
1570777505, 0, 641, 1867, 1784, 308, 6.99%, 0, 0, 3, 589.11
1570777576, 0, 641, 1868, 1785, 308, 6.99%, 0, 0, 3, 560.11
1570777602, 0, 641, 1870, 1787, 308, 6.99%, 0, 0, 3, 587.16
1570777699, 0, 641, 1871, 1788, 308, 6.99%, 0, 0, 3, 595.36
1570777765, 0, 641, 1872, 1789, 308, 6.99%, 0, 0, 3, 757.54
1570777796, 0, 641, 1873, 1790, 308, 6.99%, 0, 0, 3, 601.01
1570777923, 0, 641, 1876, 1793, 308, 6.99%, 0, 0, 3, 592.33
1570777928, 0, 641, 1881, 1798, 308, 6.99%, 0, 0, 3, 591.08
1570778280, 0, 641, 1883, 1800, 308, 6.99%, 0, 0, 3, 591.10
1570778587, 0, 641, 1884, 1801, 308, 6.99%, 0, 0, 3, 590.80
1570779293, 0, 641, 1886, 1803, 308, 6.99%, 0, 0, 3, 979.59
1570779298, 0, 641, 1891, 1808, 308, 6.99%, 0, 0, 3, 1585.33
1570779303, 0, 641, 1893, 1810, 308, 6.99%, 0, 0, 3, 1730.75
1570779308, 0, 641, 1897, 1814, 308, 6.99%, 0, 0, 3, 1813.30
1570779313, 0, 711, 1898, 1813, 308, 6.99%, 0, 0, 3, 1705.30
1570779318, 0, 711, 1899, 1814, 308, 6.99%, 0, 0, 3, 874.50
1570779405, 0, 711, 1900, 1815, 308, 6.99%, 0, 0, 3, 689.23
1570779579, 0, 711, 1901, 1816, 308, 6.99%, 0, 0, 3, 704.31
1570779906, 0, 711, 1902, 1817, 308, 6.99%, 0, 0, 3, 994.15
1570779921, 0, 711, 1903, 1818, 308, 6.99%, 0, 0, 3, 66.43
1570780832, 0, 711, 1904, 1819, 308, 6.99%, 0, 0, 3, 886.14
1570781025, 0, 725, 1904, 1818, 311, 6.99%, 0, 0, 3, 1322.28
1570781030, 0, 726, 1904, 1817, 310, 6.99%, 0, 0, 3, 940.90
1570781106, 0, 726, 1906, 1819, 310, 7.00%, 0, 0, 3, 650.46
1570781122, 0, 726, 1908, 1821, 310, 7.00%, 0, 0, 3, 658.49
1570781203, 0, 726, 1909, 1822, 310, 7.00%, 0, 0, 3, 700.17
1570781320, 0, 726, 1910, 1823, 310, 7.00%, 0, 0, 3, 622.78
1570781330, 0, 726, 1911, 1824, 310, 7.00%, 0, 0, 3, 660.31
1570781625, 0, 726, 1912, 1825, 310, 7.00%, 0, 0, 3, 476.30
1570782778, 0, 726, 1914, 1827, 310, 7.01%, 0, 0, 3, 926.25
1570782783, 0, 769, 1915, 1825, 309, 7.01%, 0, 0, 3, 1641.44
1570782864, 0, 769, 1917, 1827, 309, 7.01%, 0, 0, 3, 699.38
1570782869, 0, 769, 1918, 1828, 309, 7.01%, 0, 0, 3, 613.47
1570782875, 0, 769, 1920, 1830, 309, 7.01%, 0, 0, 3, 613.45
1570783406, 0, 769, 1921, 1831, 309, 7.01%, 0, 0, 3, 1028.18
1570783462, 0, 769, 1923, 1833, 309, 7.01%, 0, 0, 3, 924.06
1570783467, 0, 769, 1924, 1834, 309, 7.01%, 0, 0, 3, 897.54
1570784504, 0, 769, 1925, 1835, 309, 7.01%, 0, 0, 3, 342.41
1570784535, 0, 797, 1925, 1830, 306, 7.01%, 0, 0, 3, 1731.65
1570784540, 0, 797, 1927, 1832, 306, 7.01%, 0, 0, 3, 939.46
1570784616, 0, 797, 1928, 1833, 306, 7.01%, 0, 0, 3, 640.88
1570784626, 0, 797, 1929, 1834, 306, 7.01%, 0, 0, 3, 590.63
1570784631, 0, 797, 1930, 1835, 306, 7.01%, 0, 0, 3, 658.61
1570784727, 0, 797, 1931, 1836, 306, 7.01%, 0, 0, 3, 637.23
1570784844, 0, 797, 1932, 1837, 306, 7.01%, 0, 0, 3, 758.47
1570786082, 0, 797, 1933, 1838, 306, 7.01%, 0, 0, 3, 912.06
1570786285, 0, 800, 1933, 1837, 307, 7.01%, 0, 0, 3, 1150.10
1570786366, 0, 800, 1934, 1838, 307, 7.01%, 0, 0, 3, 705.97
1570786371, 0, 800, 1935, 1839, 307, 7.01%, 0, 0, 3, 610.96
1570788046, 0, 802, 1935, 1838, 306, 7.01%, 0, 0, 3, 1066.31
1570788756, 0, 802, 1936, 1839, 306, 7.01%, 0, 0, 3, 623.22
1570789812, 0, 802, 1940, 1843, 306, 7.01%, 0, 0, 3, 1390.04
1570789817, 0, 802, 1946, 1849, 306, 7.02%, 0, 0, 3, 1678.64
1570789822, 0, 802, 1952, 1855, 306, 7.03%, 0, 0, 3, 1729.09
1570789827, 0, 802, 1953, 1856, 306, 7.03%, 0, 0, 3, 1773.14
1570789832, 0, 808, 1953, 1853, 307, 7.03%, 0, 0, 3, 1437.80
1570789913, 0, 808, 1954, 1854, 307, 7.03%, 0, 0, 3, 674.25
1570790024, 0, 808, 1955, 1855, 307, 7.03%, 0, 0, 3, 627.63
1570790176, 0, 808, 1956, 1856, 307, 7.03%, 0, 0, 3, 623.52
1570791596, 0, 810, 1956, 1854, 307, 7.03%, 0, 0, 3, 1073.52
1570791951, 0, 810, 1957, 1855, 307, 7.03%, 0, 0, 3, 655.51
1570793360, 0, 812, 1957, 1854, 307, 7.03%, 0, 0, 3, 829.05
1570793441, 0, 812, 1958, 1855, 307, 7.03%, 0, 0, 3, 641.56
1570795112, 0, 813, 1958, 1854, 304, 7.03%, 0, 0, 3, 1194.76
1570795198, 0, 813, 1959, 1855, 304, 7.03%, 0, 0, 3, 617.38
1570795290, 0, 813, 1961, 1857, 304, 7.03%, 0, 0, 3, 660.79
1570796878, 0, 819, 1961, 1854, 302, 7.03%, 0, 0, 3, 1622.52
1570798644, 0, 820, 1961, 1853, 301, 7.03%, 0, 0, 3, 848.95
1570798720, 0, 820, 1962, 1854, 301, 7.03%, 0, 0, 3, 653.22
1570800406, 0, 820, 1963, 1855, 301, 7.03%, 0, 0, 3, 903.69
1570800411, 0, 820, 1967, 1859, 301, 7.04%, 0, 0, 3, 1566.28
1570800416, 0, 820, 1969, 1861, 301, 7.04%, 0, 0, 3, 1707.35
1570800421, 0, 820, 1970, 1862, 301, 7.04%, 0, 0, 3, 1772.91
1570800426, 0, 825, 1971, 1862, 298, 7.04%, 0, 0, 3, 1599.26
1570800634, 0, 825, 1972, 1863, 298, 7.05%, 0, 0, 3, 627.78
1570800857, 0, 825, 1974, 1865, 298, 7.07%, 0, 0, 3, 622.40
1570801192, 0, 825, 1975, 1866, 298, 7.07%, 0, 0, 3, 624.51
1570802193, 0, 826, 1975, 1865, 301, 7.07%, 0, 0, 3, 1145.17
1570802219, 0, 826, 1976, 1866, 301, 7.09%, 0, 0, 3, 625.78
1570802275, 0, 826, 1977, 1867, 301, 7.09%, 0, 0, 3, 658.46
1570802280, 0, 826, 1978, 1868, 301, 7.09%, 0, 0, 3, 625.06
1570802477, 0, 826, 1979, 1869, 301, 7.09%, 0, 0, 3, 632.28
1570802629, 0, 826, 1981, 1871, 301, 7.10%, 0, 0, 3, 612.56
1570803823, 0, 826, 1983, 1873, 301, 7.14%, 0, 0, 3, 622.88
1570803966, 0, 869, 1984, 1869, 299, 7.14%, 0, 0, 3, 2040.90
1570803971, 0, 874, 1984, 1868, 298, 7.14%, 0, 0, 3, 1169.32
1570804052, 0, 874, 1985, 1869, 298, 7.14%, 0, 0, 3, 640.04
1570805738, 0, 898, 1986, 1869, 298, 7.14%, 0, 0, 3, 1066.57
1570805846, 0, 898, 1987, 1870, 298, 7.15%, 0, 0, 3, 388.62
1570805866, 0, 898, 1990, 1873, 298, 7.15%, 0, 0, 3, 462.81
1570805871, 0, 898, 1992, 1875, 298, 7.15%, 0, 0, 3, 427.91
1570805876, 0, 898, 1994, 1877, 298, 7.15%, 0, 0, 3, 404.73
1570805886, 0, 898, 1995, 1878, 298, 7.15%, 0, 0, 3, 431.88
1570805989, 0, 898, 1996, 1879, 298, 7.15%, 0, 0, 3, 388.51
1570806009, 0, 898, 1998, 1881, 298, 7.15%, 0, 0, 3, 408.24
1570806127, 0, 898, 1999, 1882, 298, 7.16%, 0, 0, 3, 386.83
1570806163, 0, 898, 2000, 1883, 298, 7.16%, 0, 0, 3, 456.49
1570806199, 0, 898, 2001, 1884, 298, 7.16%, 0, 0, 3, 399.32
1570806214, 0, 898, 2002, 1885, 298, 7.16%, 0, 0, 3, 397.05
1570806629, 0, 898, 2003, 1886, 298, 7.16%, 0, 0, 3, 391.02
1570806753, 0, 898, 2004, 1887, 298, 7.16%, 0, 0, 3, 750.97
1570807163, 0, 898, 2005, 1888, 298, 7.18%, 0, 0, 3, 389.45
1570808522, 0, 898, 2006, 1889, 298, 7.18%, 0, 0, 3, 389.81
1570808543, 0, 898, 2007, 1890, 298, 7.18%, 0, 0, 3, 387.55
1570808548, 0, 898, 2008, 1891, 298, 7.18%, 0, 0, 3, 389.97
1570808640, 0, 918, 2009, 1889, 301, 7.18%, 0, 0, 3, 1192.88
1570810400, 0, 923, 2009, 1887, 299, 7.18%, 0, 0, 3, 1542.46
1570812169, 0, 925, 2009, 1886, 298, 7.18%, 0, 0, 3, 869.68
1570812245, 0, 925, 2010, 1887, 298, 7.18%, 0, 0, 3, 646.20
1570812281, 0, 925, 2011, 1888, 298, 7.19%, 0, 0, 3, 619.48
1570812346, 0, 925, 2012, 1889, 298, 7.19%, 0, 0, 3, 627.15
1570812372, 0, 925, 2013, 1890, 298, 7.20%, 0, 0, 3, 625.91
1570813930, 0, 927, 2013, 1889, 299, 7.20%, 0, 0, 3, 898.18
1570814234, 0, 927, 2014, 1890, 299, 7.20%, 0, 0, 3, 820.24
1570815681, 0, 928, 2014, 1889, 298, 7.20%, 0, 0, 3, 1239.70
