# unix_time, cycles_done, cur_path, paths_total, pending_total, pending_favs, map_size, unique_crashes, unique_hangs, max_depth, execs_per_sec
1570642557, 0, 0, 1, 1, 1, 3.55%, 0, 0, 1, 615.38
1570642562, 0, 0, 53, 53, 1, 4.02%, 0, 0, 2, 762.41
1570642567, 0, 0, 161, 161, 1, 4.30%, 0, 0, 2, 666.80
1570642572, 0, 0, 232, 232, 1, 4.55%, 0, 0, 2, 683.56
1570642577, 0, 0, 256, 256, 1, 4.59%, 0, 0, 2, 651.70
1570642582, 0, 0, 270, 270, 1, 4.65%, 0, 0, 2, 645.39
1570642613, 0, 0, 280, 280, 1, 4.68%, 0, 0, 2, 638.37
1570642618, 0, 0, 289, 289, 1, 4.70%, 0, 0, 2, 628.50
1570642623, 0, 0, 338, 338, 1, 4.77%, 0, 0, 2, 632.99
1570642629, 0, 0, 348, 348, 1, 4.78%, 0, 0, 2, 638.16
1570642639, 0, 0, 383, 383, 1, 4.94%, 0, 0, 2, 642.76
1570642644, 0, 0, 534, 534, 1, 5.21%, 0, 0, 2, 717.31
1570642649, 0, 0, 637, 637, 1, 5.32%, 0, 0, 2, 749.18
1570642654, 0, 0, 703, 703, 1, 5.33%, 0, 0, 2, 611.83
1570642659, 0, 0, 782, 782, 1, 5.45%, 0, 0, 2, 704.93
1570642664, 0, 0, 796, 796, 1, 5.54%, 0, 0, 2, 671.59
1570642669, 0, 0, 806, 806, 1, 5.56%, 0, 0, 2, 687.21
1570642674, 0, 0, 817, 817, 1, 5.61%, 0, 0, 2, 654.73
1570642680, 0, 0, 820, 820, 1, 5.63%, 0, 0, 2, 638.99
1570642685, 0, 0, 823, 823, 1, 5.64%, 0, 0, 2, 639.97
1570642716, 0, 0, 824, 824, 1, 5.64%, 0, 0, 2, 638.88
1570642721, 0, 0, 826, 826, 1, 5.64%, 0, 0, 2, 638.56
1570642726, 0, 0, 827, 827, 1, 5.64%, 0, 0, 2, 637.85
1570642741, 0, 0, 860, 860, 1, 5.69%, 0, 0, 2, 700.45
1570642746, 0, 0, 885, 885, 1, 5.69%, 0, 0, 2, 632.28
1570642751, 0, 0, 904, 904, 1, 5.70%, 0, 0, 2, 644.82
1570642756, 0, 0, 913, 913, 1, 5.71%, 0, 0, 2, 663.38
1570642762, 0, 0, 916, 916, 1, 5.74%, 0, 0, 2, 675.16
1570642767, 0, 0, 917, 917, 1, 5.74%, 0, 0, 2, 654.62
1570642772, 0, 0, 920, 920, 1, 5.75%, 0, 0, 2, 642.95
1570642777, 0, 0, 922, 922, 1, 5.77%, 0, 0, 2, 638.49
1570642803, 0, 0, 923, 923, 1, 5.77%, 0, 0, 2, 635.71
1570642808, 0, 0, 924, 924, 1, 5.77%, 0, 0, 2, 637.27
1570642818, 0, 0, 925, 925, 1, 5.77%, 0, 0, 2, 636.82
1570642829, 0, 0, 926, 926, 1, 5.77%, 0, 0, 2, 631.78
1570642834, 0, 0, 944, 944, 1, 5.83%, 0, 0, 2, 720.01
1570642839, 0, 0, 950, 950, 1, 5.83%, 0, 0, 2, 611.71
1570642844, 0, 0, 962, 962, 1, 5.83%, 0, 0, 2, 650.16
1570642854, 0, 0, 963, 963, 1, 5.83%, 0, 0, 2, 640.27
1570642859, 0, 0, 970, 970, 1, 5.85%, 0, 0, 2, 634.95
1570642864, 0, 0, 979, 979, 1, 5.86%, 0, 0, 2, 653.23
1570642869, 0, 0, 992, 992, 1, 5.87%, 0, 0, 2, 709.99
1570642874, 0, 0, 1009, 1009, 1, 6.16%, 0, 0, 2, 745.62
1570642879, 0, 0, 1013, 1013, 1, 6.18%, 0, 0, 2, 658.15
1570642884, 0, 0, 1014, 1014, 1, 6.18%, 0, 0, 2, 642.21
1570642889, 0, 0, 1017, 1017, 1, 6.19%, 0, 0, 2, 636.75
1570642905, 0, 0, 1018, 1018, 1, 6.20%, 0, 0, 2, 637.45
1570642920, 0, 0, 1019, 1019, 1, 6.20%, 0, 0, 2, 699.65
1570642926, 0, 0, 1024, 1024, 1, 6.21%, 0, 0, 2, 648.46
1570642931, 0, 0, 1026, 1026, 1, 6.21%, 0, 0, 2, 702.70
1570642936, 0, 0, 1029, 1029, 1, 6.23%, 0, 0, 2, 648.56
1570642941, 0, 0, 1033, 1033, 1, 6.25%, 0, 0, 2, 639.79
1570642946, 0, 0, 1034, 1034, 1, 6.25%, 0, 0, 2, 636.27
1570642951, 0, 0, 1035, 1035, 1, 6.26%, 0, 0, 2, 637.65
1570642957, 0, 0, 1036, 1036, 1, 6.26%, 0, 0, 2, 637.52
1570642972, 0, 0, 1037, 1037, 1, 6.30%, 0, 0, 2, 637.92
1570642982, 0, 0, 1039, 1039, 1, 6.30%, 0, 0, 2, 635.35
1570642988, 0, 0, 1041, 1041, 1, 6.32%, 0, 0, 2, 637.82
1570642993, 0, 0, 1043, 1043, 1, 6.33%, 0, 0, 2, 639.94
1570643003, 0, 0, 1045, 1045, 1, 6.33%, 0, 0, 2, 638.36
1570643024, 0, 0, 1046, 1046, 1, 6.33%, 0, 0, 2, 638.59
1570643075, 0, 0, 1048, 1048, 1, 6.34%, 0, 0, 2, 641.87
1570643080, 0, 0, 1049, 1049, 1, 6.34%, 0, 0, 2, 639.82
1570643085, 0, 0, 1050, 1050, 1, 6.34%, 0, 0, 2, 643.45
1570643096, 0, 0, 1052, 1052, 1, 6.34%, 0, 0, 2, 641.58
1570643121, 0, 0, 1053, 1053, 1, 6.34%, 0, 0, 2, 632.45
1570643152, 0, 0, 1056, 1056, 1, 6.36%, 0, 0, 2, 675.34
1570643157, 0, 0, 1066, 1066, 1, 6.37%, 0, 0, 2, 982.58
1570643162, 0, 0, 1072, 1072, 1, 6.37%, 0, 0, 2, 140.54
1570643168, 0, 0, 1088, 1088, 1, 6.45%, 0, 0, 2, 1077.98
1570643173, 0, 0, 1094, 1094, 1, 6.45%, 0, 0, 2, 1215.03
1570643178, 0, 0, 1100, 1100, 1, 6.46%, 0, 0, 2, 1799.63
1570643183, 0, 0, 1108, 1108, 1, 6.47%, 0, 0, 2, 179.37
1570643188, 0, 0, 1110, 1110, 1, 6.47%, 0, 0, 2, 771.33
1570643193, 0, 0, 1117, 1117, 1, 6.47%, 0, 0, 2, 1440.00
1570643198, 0, 0, 1121, 1121, 1, 6.48%, 0, 0, 2, 1147.95
1570643203, 0, 0, 1124, 1124, 1, 6.48%, 0, 0, 2, 1033.22
1570643209, 0, 0, 1125, 1125, 1, 6.48%, 0, 0, 2, 555.70
1570643219, 0, 0, 1130, 1130, 1, 6.48%, 0, 0, 2, 69.85
1570643224, 0, 0, 1132, 1132, 1, 6.48%, 0, 0, 2, 1006.63
1570643229, 0, 0, 1134, 1134, 1, 6.48%, 0, 0, 2, 89.25
1570643234, 0, 0, 1135, 1135, 1, 6.48%, 0, 0, 2, 1051.93
1570643239, 0, 0, 1170, 1170, 1, 6.50%, 0, 0, 2, 869.00
1570643244, 0, 0, 1178, 1178, 1, 6.50%, 0, 0, 2, 948.66
1570643265, 0, 0, 1180, 1180, 1, 6.51%, 0, 0, 2, 636.86
1570643280, 0, 0, 1181, 1181, 1, 6.51%, 0, 0, 2, 695.47
1570643285, 0, 0, 1182, 1182, 1, 6.51%, 0, 0, 2, 649.12
1570643311, 0, 0, 1183, 1183, 1, 6.51%, 0, 0, 2, 638.07
1570643326, 0, 0, 1184, 1184, 1, 6.52%, 0, 0, 2, 631.22
1570643367, 0, 0, 1186, 1186, 1, 6.52%, 0, 0, 2, 637.67
1570643378, 0, 0, 1187, 1187, 1, 6.52%, 0, 0, 2, 638.92
1570643383, 0, 0, 1191, 1191, 1, 6.52%, 0, 0, 2, 643.40
1570643408, 0, 0, 1192, 1192, 1, 6.52%, 0, 0, 2, 635.40
1570643414, 0, 0, 1195, 1195, 1, 6.52%, 0, 0, 2, 639.06
1570643429, 0, 0, 1196, 1196, 1, 6.52%, 0, 0, 2, 637.33
1570643460, 0, 0, 1197, 1197, 1, 6.52%, 0, 0, 2, 635.77
1570643470, 0, 0, 1200, 1200, 1, 6.52%, 0, 0, 2, 48.92
1570643491, 0, 0, 1201, 1201, 1, 6.52%, 0, 0, 2, 86.02
1570643517, 0, 0, 1202, 1202, 1, 6.52%, 0, 0, 2, 113.42
1570643532, 0, 0, 1203, 1203, 1, 6.52%, 0, 0, 2, 144.26
1570643568, 0, 0, 1204, 1204, 1, 6.52%, 0, 0, 2, 863.16
1570643609, 0, 0, 1205, 1205, 1, 6.52%, 0, 0, 2, 637.10
1570643681, 0, 0, 1206, 1206, 1, 6.52%, 0, 0, 2, 638.64
1570643712, 0, 0, 1207, 1207, 1, 6.52%, 0, 0, 2, 637.59
1570643758, 0, 0, 1208, 1208, 1, 6.53%, 0, 0, 2, 151.58
1570643779, 0, 0, 1209, 1209, 1, 6.53%, 0, 0, 2, 708.22
1570643794, 0, 0, 1215, 1215, 1, 6.54%, 0, 0, 2, 629.32
1570643799, 0, 0, 1220, 1220, 1, 6.55%, 0, 0, 2, 674.49
1570643861, 0, 0, 1221, 1221, 1, 6.55%, 0, 0, 2, 641.84
1570643882, 0, 0, 1225, 1225, 1, 6.55%, 0, 0, 2, 681.67
1570643887, 0, 0, 1232, 1232, 1, 6.55%, 0, 0, 2, 712.99
1570643892, 0, 0, 1235, 1235, 1, 6.55%, 0, 0, 2, 659.07
1570643897, 0, 0, 1243, 1243, 1, 6.57%, 0, 0, 2, 729.59
1570643902, 0, 0, 1245, 1245, 1, 6.59%, 0, 0, 2, 721.74
1570644056, 0, 0, 1248, 1248, 1, 6.60%, 0, 0, 2, 878.77
1570644061, 0, 0, 1252, 1252, 1, 6.60%, 0, 0, 2, 802.12
1570644066, 0, 0, 1260, 1260, 1, 6.61%, 0, 0, 2, 760.35
1570644071, 0, 0, 1262, 1262, 1, 6.61%, 0, 0, 2, 635.00
1570644092, 0, 0, 1265, 1265, 1, 6.61%, 0, 0, 2, 924.45
1570644102, 0, 0, 1266, 1266, 1, 6.61%, 0, 0, 2, 652.55
1570644107, 0, 0, 1268, 1268, 1, 6.62%, 0, 0, 2, 636.24
1570644200, 0, 0, 1269, 1269, 1, 6.62%, 0, 0, 2, 699.50
1570644205, 0, 0, 1270, 1270, 1, 6.62%, 0, 0, 2, 851.76
1570644210, 0, 0, 1272, 1272, 1, 6.62%, 0, 0, 2, 727.02
1570644215, 0, 0, 1275, 1275, 1, 6.62%, 0, 0, 2, 644.88
1570644231, 0, 0, 1293, 1293, 1, 6.64%, 0, 0, 2, 979.27
1570644236, 0, 0, 1324, 1324, 1, 6.66%, 0, 0, 2, 1619.47
1570644241, 0, 0, 1341, 1341, 1, 6.66%, 0, 0, 2, 1686.61
1570644246, 0, 0, 1362, 1362, 1, 6.67%, 0, 0, 2, 1779.90
1570644251, 0, 1, 1378, 1377, 334, 6.71%, 0, 0, 2, 2227.06
1570644256, 0, 1, 1391, 1390, 334, 6.80%, 0, 0, 3, 2672.42
1570644261, 0, 2, 1398, 1396, 347, 6.93%, 0, 0, 3, 2776.77
1570644266, 0, 4, 1398, 1394, 345, 6.93%, 0, 0, 3, 2827.68
1570644271, 0, 8, 1398, 1392, 343, 6.93%, 0, 0, 3, 2844.49
1570644446, 0, 8, 1399, 1393, 343, 6.93%, 0, 0, 3, 689.37
1570644858, 0, 8, 1400, 1394, 343, 6.93%, 0, 0, 3, 1096.43
1570645243, 0, 8, 1401, 1395, 343, 6.93%, 0, 0, 3, 56.64
1570645926, 0, 8, 1410, 1404, 343, 6.97%, 0, 0, 3, 1443.81
1570645932, 0, 8, 1430, 1424, 343, 6.99%, 0, 0, 3, 1761.59
1570645937, 0, 8, 1440, 1434, 343, 6.99%, 0, 0, 3, 1804.56
1570645942, 0, 9, 1447, 1440, 347, 7.01%, 0, 0, 3, 1922.89
1570645947, 0, 9, 1448, 1441, 347, 7.01%, 0, 0, 3, 941.40
1570645967, 0, 9, 1449, 1442, 347, 7.01%, 0, 0, 3, 644.74
1570645993, 0, 9, 1450, 1443, 347, 7.01%, 0, 0, 3, 643.97
1570646003, 0, 9, 1451, 1444, 347, 7.01%, 0, 0, 3, 642.74
1570646008, 0, 9, 1452, 1445, 347, 7.01%, 0, 0, 3, 642.81
1570646023, 0, 9, 1462, 1455, 347, 7.06%, 0, 0, 3, 686.28
1570646028, 0, 9, 1466, 1459, 347, 7.06%, 0, 0, 3, 612.54
1570646033, 0, 9, 1474, 1467, 347, 7.06%, 0, 0, 3, 694.77
1570646125, 0, 9, 1475, 1468, 347, 7.07%, 0, 0, 3, 675.48
1570646202, 0, 9, 1476, 1469, 347, 7.07%, 0, 0, 3, 719.92
1570646207, 0, 9, 1477, 1470, 347, 7.07%, 0, 0, 3, 614.17
1570646212, 0, 9, 1481, 1474, 347, 7.07%, 0, 0, 3, 615.63
1570646227, 0, 9, 1482, 1475, 347, 7.07%, 0, 0, 3, 635.55
1570646498, 0, 9, 1483, 1476, 347, 7.07%, 0, 0, 3, 636.42
1570646529, 0, 9, 1485, 1478, 347, 7.07%, 0, 0, 3, 1275.87
1570646534, 0, 9, 1486, 1479, 347, 7.07%, 0, 0, 3, 174.73
1570646559, 0, 9, 1487, 1480, 347, 7.07%, 0, 0, 3, 123.77
1570646570, 0, 9, 1489, 1482, 347, 7.07%, 0, 0, 3, 585.80
1570646601, 0, 9, 1493, 1486, 347, 7.07%, 0, 0, 3, 927.53
1570646652, 0, 9, 1495, 1488, 347, 7.07%, 0, 0, 3, 646.35
1570647255, 0, 9, 1496, 1489, 347, 7.07%, 0, 0, 3, 822.38
1570647408, 0, 9, 1497, 1490, 347, 7.07%, 0, 0, 3, 660.83
1570647562, 0, 9, 1498, 1491, 347, 7.07%, 0, 0, 3, 727.98
1570647572, 0, 9, 1499, 1492, 347, 7.07%, 0, 0, 3, 744.15
1570647593, 0, 9, 1500, 1493, 347, 7.07%, 0, 0, 3, 743.41
1570647598, 0, 9, 1504, 1497, 347, 7.08%, 0, 0, 3, 1469.50
1570647603, 0, 9, 1514, 1507, 347, 7.09%, 0, 0, 3, 1777.15
1570647608, 0, 9, 1518, 1511, 347, 7.09%, 0, 0, 3, 1767.34
1570647613, 0, 11, 1525, 1517, 350, 7.09%, 0, 0, 3, 2002.34
1570647634, 0, 11, 1527, 1519, 350, 7.09%, 0, 0, 3, 2164.56
1570647639, 0, 11, 1547, 1539, 350, 7.09%, 0, 0, 3, 2219.81
1570647644, 0, 11, 1549, 1541, 350, 7.09%, 0, 0, 3, 2182.63
1570647700, 0, 11, 1551, 1543, 350, 7.09%, 0, 0, 3, 2211.89
1570647741, 0, 11, 1552, 1544, 350, 7.09%, 0, 0, 3, 2222.02
1570647920, 0, 11, 1554, 1546, 350, 7.09%, 0, 0, 3, 2275.53
1570647956, 0, 11, 1555, 1547, 350, 7.09%, 0, 0, 3, 2274.49
1570647966, 0, 13, 1559, 1550, 349, 7.10%, 0, 0, 3, 2089.66
1570648043, 0, 13, 1562, 1553, 349, 7.10%, 0, 0, 3, 665.14
1570648049, 0, 13, 1563, 1554, 349, 7.10%, 0, 0, 3, 667.61
1570648054, 0, 13, 1564, 1555, 349, 7.10%, 0, 0, 3, 599.90
1570648265, 0, 13, 1568, 1559, 349, 7.11%, 0, 0, 3, 788.05
1570649291, 0, 13, 1569, 1560, 349, 7.11%, 0, 0, 3, 686.32
1570649477, 0, 13, 1570, 1561, 349, 7.11%, 0, 0, 3, 845.77
1570649651, 0, 13, 1571, 1562, 349, 7.11%, 0, 0, 3, 1534.31
1570649656, 0, 13, 1574, 1565, 349, 7.11%, 0, 0, 3, 510.58
1570649661, 0, 13, 1575, 1566, 349, 7.11%, 0, 0, 3, 593.97
1570649687, 0, 17, 1580, 1570, 353, 7.15%, 0, 0, 3, 1042.24
1570649743, 0, 17, 1582, 1572, 353, 7.16%, 0, 0, 3, 639.62
1570649764, 0, 17, 1586, 1576, 353, 7.16%, 0, 0, 3, 693.51
1570649774, 0, 17, 1587, 1577, 353, 7.16%, 0, 0, 3, 604.04
1570649779, 0, 17, 1589, 1579, 353, 7.16%, 0, 0, 3, 660.63
1570649871, 0, 17, 1590, 1580, 353, 7.16%, 0, 0, 3, 658.53
1570649984, 0, 17, 1593, 1583, 353, 7.16%, 0, 0, 3, 846.62
1570650945, 0, 17, 1598, 1588, 353, 7.18%, 0, 0, 3, 635.02
1570650950, 0, 17, 1599, 1589, 353, 7.18%, 0, 0, 3, 638.15
1570651381, 0, 17, 1600, 1590, 353, 7.18%, 0, 0, 3, 980.00
1570651387, 0, 17, 1609, 1599, 353, 7.18%, 0, 0, 3, 1629.01
1570651392, 0, 17, 1618, 1608, 353, 7.18%, 0, 0, 3, 1771.94
1570651397, 0, 17, 1626, 1616, 353, 7.19%, 0, 0, 3, 1789.56
1570651402, 0, 23, 1629, 1618, 361, 7.19%, 0, 0, 3, 2258.39
1570651412, 0, 23, 1632, 1621, 361, 7.19%, 0, 0, 3, 2536.13
1570651433, 0, 23, 1633, 1622, 361, 7.19%, 0, 0, 3, 2544.23
1570651438, 0, 23, 1635, 1624, 361, 7.20%, 0, 0, 3, 2544.05
1570651530, 0, 23, 1636, 1625, 361, 7.20%, 0, 0, 3, 2559.59
1570651535, 0, 34, 1636, 1624, 361, 7.20%, 0, 0, 3, 1195.12
1570651550, 0, 34, 1637, 1625, 361, 7.20%, 0, 0, 3, 589.37
1570651602, 0, 34, 1638, 1626, 361, 7.20%, 0, 0, 3, 580.09
1570651607, 0, 34, 1639, 1627, 361, 7.20%, 0, 0, 3, 580.39
1570651612, 0, 34, 1640, 1628, 361, 7.20%, 0, 0, 3, 582.25
1570651617, 0, 34, 1642, 1630, 361, 7.20%, 0, 0, 3, 611.19
1570651622, 0, 34, 1646, 1634, 361, 7.20%, 0, 0, 3, 613.25
1570651632, 0, 34, 1654, 1642, 361, 7.20%, 0, 0, 3, 624.17
1570651720, 0, 34, 1658, 1646, 361, 7.20%, 0, 0, 3, 676.65
1570651730, 0, 34, 1660, 1648, 361, 7.20%, 0, 0, 3, 631.22
1570651816, 0, 34, 1662, 1650, 361, 7.20%, 0, 0, 3, 559.45
1570651821, 0, 34, 1663, 1651, 361, 7.20%, 0, 0, 3, 643.12
1570651832, 0, 34, 1664, 1652, 361, 7.20%, 0, 0, 3, 606.23
1570652170, 0, 34, 1666, 1654, 361, 7.21%, 0, 0, 3, 573.58
1570652175, 0, 34, 1667, 1655, 361, 7.21%, 0, 0, 3, 572.88
1570652196, 0, 34, 1669, 1657, 361, 7.21%, 0, 0, 3, 530.10
1570652201, 0, 34, 1670, 1658, 361, 7.21%, 0, 0, 3, 754.50
1570652206, 0, 34, 1672, 1660, 361, 7.21%, 0, 0, 3, 1214.70
1570652211, 0, 34, 1674, 1662, 361, 7.21%, 0, 0, 3, 1421.97
1570652221, 0, 34, 1675, 1663, 361, 7.21%, 0, 0, 3, 1563.02
1570652226, 0, 34, 1677, 1665, 361, 7.21%, 0, 0, 3, 150.21
1570652232, 0, 34, 1678, 1666, 361, 7.21%, 0, 0, 3, 840.42
1570652277, 0, 34, 1682, 1670, 361, 7.21%, 0, 0, 3, 1070.12
1570652283, 0, 34, 1684, 1672, 361, 7.21%, 0, 0, 3, 132.90
1570652547, 0, 34, 1685, 1673, 361, 7.21%, 0, 0, 3, 1054.23
1570652863, 0, 34, 1686, 1674, 361, 7.21%, 0, 0, 3, 734.86
1570653011, 0, 34, 1689, 1677, 361, 7.21%, 0, 0, 3, 707.63
1570653452, 0, 34, 1691, 1679, 361, 7.21%, 0, 0, 3, 632.27
1570653482, 0, 54, 1691, 1678, 368, 7.21%, 0, 0, 3, 1214.11
1570653564, 0, 54, 1692, 1679, 368, 7.21%, 0, 0, 3, 653.87
1570655203, 0, 54, 1693, 1680, 368, 7.21%, 0, 0, 3, 656.66
1570655208, 0, 55, 1693, 1679, 368, 7.21%, 0, 0, 3, 1216.95
1570655218, 0, 55, 1694, 1680, 368, 7.21%, 0, 0, 3, 687.47
1570655290, 0, 55, 1695, 1681, 368, 7.21%, 0, 0, 3, 651.31
1570655383, 0, 55, 1696, 1682, 368, 7.21%, 0, 0, 3, 656.96
1570655517, 0, 55, 1698, 1684, 368, 7.22%, 0, 0, 3, 651.99
1570656933, 0, 55, 1700, 1686, 368, 7.22%, 0, 0, 3, 1224.71
1570656938, 0, 86, 1700, 1685, 370, 7.22%, 0, 0, 3, 968.21
1570657015, 0, 86, 1703, 1688, 370, 7.22%, 0, 0, 3, 694.08
1570657031, 0, 86, 1704, 1689, 370, 7.22%, 0, 0, 3, 648.25
1570657236, 0, 86, 1705, 1690, 370, 7.28%, 0, 0, 3, 792.87
1570658259, 0, 86, 1706, 1691, 370, 7.28%, 0, 0, 3, 813.23
1570658665, 0, 90, 1706, 1690, 372, 7.28%, 0, 0, 3, 1177.59
1570658747, 0, 90, 1707, 1691, 372, 7.28%, 0, 0, 3, 662.84
1570658758, 0, 90, 1708, 1692, 372, 7.28%, 0, 0, 3, 670.68
1570660388, 0, 96, 1708, 1691, 372, 7.28%, 0, 0, 3, 1012.45
1570660404, 0, 96, 1709, 1692, 372, 7.28%, 0, 0, 3, 658.25
1570660471, 0, 96, 1710, 1693, 372, 7.28%, 0, 0, 3, 692.69
1570662120, 0, 101, 1711, 1693, 372, 7.28%, 0, 0, 3, 1418.17
1570662203, 0, 101, 1715, 1697, 372, 7.28%, 0, 0, 3, 667.17
1570662234, 0, 101, 1716, 1698, 372, 7.28%, 0, 0, 3, 638.65
1570662722, 0, 101, 1717, 1699, 372, 7.28%, 0, 0, 3, 1397.94
1570663858, 0, 102, 1717, 1698, 372, 7.28%, 0, 0, 3, 892.82
1570663863, 0, 102, 1718, 1699, 372, 7.28%, 0, 0, 3, 690.99
1570663935, 0, 102, 1719, 1700, 372, 7.28%, 0, 0, 3, 707.92
1570665585, 0, 102, 1721, 1702, 372, 7.28%, 0, 0, 3, 1039.39
1570665590, 0, 102, 1727, 1708, 372, 7.29%, 0, 0, 3, 1682.02
1570665595, 0, 102, 1731, 1712, 372, 7.29%, 0, 0, 3, 1773.63
1570665600, 0, 102, 1737, 1718, 372, 7.29%, 0, 0, 3, 1747.50
1570665605, 0, 103, 1739, 1719, 374, 7.29%, 0, 0, 3, 1346.60
1570665616, 0, 103, 1740, 1720, 374, 7.29%, 0, 0, 3, 690.73
1570665683, 0, 103, 1741, 1721, 374, 7.29%, 0, 0, 3, 702.38
1570665688, 0, 103, 1742, 1722, 374, 7.29%, 0, 0, 3, 639.89
1570665703, 0, 103, 1743, 1723, 374, 7.30%, 0, 0, 3, 639.83
1570665899, 0, 103, 1744, 1724, 374, 7.30%, 0, 0, 3, 646.49
1570667334, 0, 107, 1744, 1723, 375, 7.30%, 0, 0, 3, 1275.31
1570667447, 0, 107, 1745, 1724, 375, 7.30%, 0, 0, 3, 638.92
1570667525, 0, 107, 1746, 1725, 375, 7.30%, 0, 0, 3, 641.62
1570669061, 0, 114, 1746, 1724, 375, 7.30%, 0, 0, 3, 1182.85
1570669164, 0, 114, 1747, 1725, 375, 7.30%, 0, 0, 3, 658.28
1570669375, 0, 114, 1748, 1726, 375, 7.30%, 0, 0, 3, 638.23
1570670563, 0, 114, 1749, 1727, 375, 7.30%, 0, 0, 3, 100.27
1570670748, 0, 114, 1750, 1728, 375, 7.30%, 0, 0, 3, 773.48
1570670794, 0, 115, 1751, 1728, 376, 7.30%, 0, 0, 3, 1411.52
1570672527, 0, 116, 1752, 1728, 375, 7.30%, 0, 0, 3, 1386.08
1570672610, 0, 116, 1753, 1729, 375, 7.30%, 0, 0, 3, 662.20
1570672835, 0, 116, 1754, 1730, 375, 7.30%, 0, 0, 3, 659.33
1570672840, 0, 116, 1755, 1731, 375, 7.30%, 0, 0, 3, 642.34
1570674256, 0, 118, 1756, 1731, 375, 7.30%, 0, 0, 3, 1035.17
1570674332, 0, 118, 1757, 1732, 375, 7.30%, 0, 0, 3, 675.94
1570674549, 0, 118, 1758, 1733, 375, 7.30%, 0, 0, 3, 646.03
1570675987, 0, 123, 1758, 1732, 375, 7.30%, 0, 0, 3, 967.37
1570675992, 0, 123, 1759, 1733, 375, 7.30%, 0, 0, 3, 707.52
1570676064, 0, 123, 1760, 1734, 375, 7.30%, 0, 0, 3, 708.29
1570676393, 0, 123, 1761, 1735, 375, 7.30%, 0, 0, 3, 640.36
1570676691, 0, 123, 1762, 1736, 375, 7.30%, 0, 0, 3, 685.53
1570677714, 0, 130, 1762, 1735, 375, 7.30%, 0, 0, 3, 1055.20
1570679447, 0, 145, 1762, 1734, 374, 7.30%, 0, 0, 3, 1036.45
1570679452, 0, 145, 1763, 1735, 374, 7.30%, 0, 0, 3, 721.11
1570681182, 0, 148, 1763, 1734, 373, 7.30%, 0, 0, 3, 830.93
1570681187, 0, 148, 1764, 1735, 373, 7.30%, 0, 0, 3, 693.84
1570681259, 0, 148, 1765, 1736, 373, 7.30%, 0, 0, 3, 689.19
1570681444, 0, 148, 1766, 1737, 373, 7.30%, 0, 0, 3, 643.95
1570681769, 0, 148, 1767, 1738, 373, 7.30%, 0, 0, 3, 751.31
1570682914, 0, 161, 1767, 1737, 374, 7.30%, 0, 0, 3, 1019.56
1570682991, 0, 161, 1768, 1738, 374, 7.30%, 0, 0, 3, 700.84
1570682996, 0, 161, 1770, 1740, 374, 7.30%, 0, 0, 3, 114.83
1570683248, 0, 161, 1771, 1741, 374, 7.30%, 0, 0, 3, 639.57
1570684646, 0, 161, 1777, 1747, 374, 7.30%, 0, 0, 3, 1389.58
1570684651, 0, 161, 1786, 1756, 374, 7.30%, 0, 0, 3, 1741.94
1570684656, 0, 161, 1790, 1760, 374, 7.31%, 0, 0, 3, 1831.89
1570684661, 0, 162, 1795, 1764, 377, 7.31%, 0, 0, 3, 1862.19
1570684671, 0, 162, 1796, 1765, 377, 7.31%, 0, 0, 3, 746.28
1570686392, 0, 163, 1796, 1764, 376, 7.31%, 0, 0, 3, 1277.87
1570686474, 0, 163, 1797, 1765, 376, 7.31%, 0, 0, 3, 689.11
1570688121, 0, 163, 1799, 1767, 376, 7.31%, 0, 0, 3, 1092.51
1570688126, 0, 164, 1800, 1767, 374, 7.31%, 0, 0, 3, 1543.45
1570688209, 0, 164, 1801, 1768, 374, 7.31%, 0, 0, 3, 660.71
1570689853, 0, 164, 1807, 1774, 374, 7.31%, 0, 0, 3, 1571.18
1570689858, 0, 164, 1813, 1780, 374, 7.31%, 0, 0, 3, 1731.77
1570689863, 0, 164, 1817, 1784, 374, 7.32%, 0, 0, 3, 1805.36
1570689868, 0, 165, 1818, 1784, 376, 7.32%, 0, 0, 3, 1738.12
1570689878, 0, 165, 1819, 1785, 376, 7.32%, 0, 0, 3, 710.92
1570689961, 0, 165, 1820, 1786, 376, 7.32%, 0, 0, 3, 678.76
1570690135, 0, 165, 1821, 1787, 376, 7.32%, 0, 0, 3, 596.58
1570691195, 0, 165, 1822, 1788, 376, 7.32%, 0, 0, 3, 736.90
1570691595, 0, 173, 1822, 1787, 376, 7.32%, 0, 0, 3, 1109.86
1570691616, 0, 173, 1823, 1788, 376, 7.32%, 0, 0, 3, 641.67
1570692813, 0, 173, 1824, 1789, 376, 7.32%, 0, 0, 3, 617.66
1570693326, 0, 176, 1824, 1788, 375, 7.32%, 0, 0, 3, 891.51
1570693404, 0, 176, 1826, 1790, 375, 7.32%, 0, 0, 3, 713.10
1570693517, 0, 176, 1827, 1791, 375, 7.32%, 0, 0, 3, 676.54
1570693609, 0, 176, 1828, 1792, 375, 7.32%, 0, 0, 3, 636.57
1570693660, 0, 176, 1829, 1793, 375, 7.32%, 0, 0, 3, 637.45
1570694020, 0, 176, 1830, 1794, 375, 7.33%, 0, 0, 3, 637.33
1570694538, 0, 176, 1831, 1795, 375, 7.33%, 0, 0, 3, 664.52
1570694862, 0, 176, 1834, 1798, 375, 7.33%, 0, 0, 3, 710.63
1570695047, 0, 181, 1834, 1797, 376, 7.33%, 0, 0, 3, 1089.52
1570695128, 0, 181, 1835, 1798, 376, 7.33%, 0, 0, 3, 686.21
1570695688, 0, 181, 1836, 1799, 376, 7.33%, 0, 0, 3, 1305.72
1570696767, 0, 181, 1837, 1800, 376, 7.33%, 0, 0, 3, 994.14
1570696772, 0, 183, 1838, 1800, 376, 7.33%, 0, 0, 3, 1073.84
1570696849, 0, 183, 1840, 1802, 376, 7.33%, 0, 0, 3, 704.23
1570697352, 0, 183, 1841, 1803, 376, 7.33%, 0, 0, 3, 1359.28
1570698496, 0, 183, 1843, 1805, 376, 7.33%, 0, 0, 3, 907.77
1570698501, 0, 183, 1847, 1809, 376, 7.33%, 0, 0, 3, 1670.68
1570698506, 0, 183, 1848, 1810, 376, 7.33%, 0, 0, 3, 1813.03
1570698512, 0, 183, 1852, 1814, 376, 7.34%, 0, 0, 3, 1859.23
1570698517, 0, 184, 1855, 1816, 374, 7.34%, 0, 0, 3, 1372.46
1570698527, 0, 184, 1856, 1817, 374, 7.34%, 0, 0, 3, 699.84
1570698707, 0, 184, 1857, 1818, 374, 7.34%, 0, 0, 3, 674.46
1570698856, 0, 184, 1858, 1819, 374, 7.34%, 0, 0, 3, 639.65
1570699410, 0, 184, 1859, 1820, 374, 7.34%, 0, 0, 3, 1200.77
1570700241, 0, 184, 1865, 1826, 374, 7.34%, 0, 0, 3, 1626.83
1570700246, 0, 184, 1867, 1828, 374, 7.34%, 0, 0, 3, 1815.09
1570700251, 0, 184, 1869, 1830, 374, 7.34%, 0, 0, 3, 1866.47
1570700256, 0, 189, 1869, 1829, 374, 7.34%, 0, 0, 3, 1515.96
1570701976, 0, 192, 1869, 1828, 373, 7.34%, 0, 0, 3, 1167.92
1570702674, 0, 192, 1870, 1829, 373, 7.34%, 0, 0, 3, 704.42
1570703693, 0, 194, 1870, 1828, 372, 7.34%, 0, 0, 3, 1333.38
1570703724, 0, 194, 1871, 1829, 372, 7.34%, 0, 0, 3, 2210.17
1570703775, 0, 194, 1872, 1830, 372, 7.34%, 0, 0, 3, 2192.89
1570703781, 0, 194, 1873, 1831, 372, 7.34%, 0, 0, 3, 2254.95
1570703842, 0, 194, 1874, 1832, 372, 7.34%, 0, 0, 3, 2266.88
1570703954, 0, 194, 1875, 1833, 372, 7.34%, 0, 0, 3, 2187.14
1570704036, 0, 195, 1875, 1832, 371, 7.34%, 0, 0, 3, 2428.57
1570704061, 0, 195, 1876, 1833, 371, 7.35%, 0, 0, 3, 2184.07
1570704382, 0, 196, 1876, 1832, 370, 7.35%, 0, 0, 3, 1491.59
1570704465, 0, 196, 1877, 1833, 370, 7.35%, 0, 0, 3, 639.29
1570706118, 0, 197, 1878, 1833, 370, 7.35%, 0, 0, 3, 1974.68
1570706460, 0, 202, 1878, 1832, 370, 7.35%, 0, 0, 3, 1403.68
1570706466, 0, 202, 1879, 1833, 370, 7.35%, 0, 0, 3, 797.71
1570706522, 0, 202, 1880, 1834, 370, 7.35%, 0, 0, 3, 634.06
1570706542, 0, 202, 1885, 1839, 370, 7.35%, 0, 0, 3, 626.37
1570706722, 0, 202, 1886, 1840, 370, 7.35%, 0, 0, 3, 714.03
1570707067, 0, 202, 1887, 1841, 370, 7.35%, 0, 0, 3, 123.24
1570707123, 0, 202, 1888, 1842, 370, 7.35%, 0, 0, 3, 953.90
1570707684, 0, 202, 1889, 1843, 370, 7.35%, 0, 0, 3, 622.11
1570707777, 0, 202, 1890, 1844, 370, 7.35%, 0, 0, 3, 724.53
1570708173, 0, 202, 1891, 1845, 370, 7.35%, 0, 0, 3, 653.97
1570708204, 0, 204, 1891, 1844, 369, 7.35%, 0, 0, 3, 1149.74
1570709698, 0, 204, 1892, 1845, 369, 7.35%, 0, 0, 3, 587.06
1570709934, 0, 212, 1892, 1844, 368, 7.35%, 0, 0, 3, 1088.83
1570709944, 0, 212, 1894, 1846, 368, 7.35%, 0, 0, 3, 686.13
1570710016, 0, 212, 1898, 1850, 368, 7.35%, 0, 0, 3, 649.12
1570710288, 0, 212, 1899, 1851, 368, 7.35%, 0, 0, 3, 647.30
1570711669, 0, 214, 1899, 1850, 368, 7.35%, 0, 0, 3, 1033.58
1570711679, 0, 214, 1900, 1851, 368, 7.35%, 0, 0, 3, 683.65
1570711684, 0, 214, 1901, 1852, 368, 7.35%, 0, 0, 3, 645.48
1570711746, 0, 214, 1902, 1853, 368, 7.35%, 0, 0, 3, 713.90
1570711751, 0, 214, 1904, 1855, 368, 7.35%, 0, 0, 3, 642.18
1570711771, 0, 214, 1907, 1858, 368, 7.37%, 0, 0, 3, 656.62
1570712022, 0, 214, 1909, 1860, 368, 7.37%, 0, 0, 3, 646.51
1570712279, 0, 214, 1910, 1861, 368, 7.38%, 0, 0, 3, 1426.02
1570713212, 0, 214, 1911, 1862, 368, 7.38%, 0, 0, 3, 703.98
1570713397, 0, 224, 1912, 1862, 375, 7.38%, 0, 0, 3, 1650.66
1570713423, 0, 224, 1913, 1863, 375, 7.38%, 0, 0, 3, 2123.35
1570713428, 0, 224, 1914, 1864, 375, 7.38%, 0, 0, 3, 2185.46
1570713766, 0, 225, 1914, 1863, 373, 7.38%, 0, 0, 3, 2385.31
1570713853, 0, 225, 1915, 1864, 373, 7.38%, 0, 0, 3, 615.07
1570713946, 0, 225, 1916, 1865, 373, 7.38%, 0, 0, 3, 619.02
1570715472, 0, 225, 1917, 1866, 373, 7.38%, 0, 0, 3, 691.87
1570715503, 0, 229, 1917, 1865, 373, 7.38%, 0, 0, 3, 1108.96
1570715518, 0, 229, 1918, 1866, 373, 7.38%, 0, 0, 3, 657.68
1570717242, 0, 237, 1920, 1867, 372, 7.38%, 0, 0, 3, 1505.22
1570717257, 0, 237, 1921, 1868, 372, 7.38%, 0, 0, 3, 650.47
1570718559, 0, 237, 1922, 1869, 372, 7.38%, 0, 0, 3, 643.62
1570718981, 0, 237, 1923, 1870, 372, 7.38%, 0, 0, 3, 771.13
1570718986, 0, 244, 1923, 1869, 373, 7.38%, 0, 0, 3, 1089.52
1570719001, 0, 244, 1924, 1870, 373, 7.39%, 0, 0, 3, 649.06
1570719006, 0, 244, 1925, 1871, 373, 7.39%, 0, 0, 3, 635.43
1570719181, 0, 244, 1926, 1872, 373, 7.40%, 0, 0, 3, 653.26
1570719361, 0, 244, 1927, 1873, 373, 7.41%, 0, 0, 3, 636.25
1570719366, 0, 244, 1929, 1875, 373, 7.42%, 0, 0, 3, 637.63
1570720729, 0, 246, 1931, 1876, 374, 7.42%, 0, 0, 3, 1500.56
1570720749, 0, 246, 1932, 1877, 374, 7.42%, 0, 0, 3, 643.65
1570720806, 0, 246, 1933, 1878, 374, 7.42%, 0, 0, 3, 639.57
1570721330, 0, 246, 1934, 1879, 374, 7.42%, 0, 0, 3, 1197.16
1570722475, 0, 255, 1934, 1878, 373, 7.42%, 0, 0, 3, 916.55
1570722491, 0, 255, 1935, 1879, 373, 7.42%, 0, 0, 3, 637.31
1570724218, 0, 257, 1937, 1880, 372, 7.42%, 0, 0, 3, 1331.69
1570724239, 0, 257, 1938, 1881, 372, 7.42%, 0, 0, 3, 631.73
1570725961, 0, 259, 1939, 1881, 370, 7.58%, 0, 0, 3, 1121.62
1570725981, 0, 259, 1940, 1882, 370, 7.58%, 0, 0, 3, 633.43
1570727703, 0, 260, 1940, 1881, 369, 7.58%, 0, 0, 3, 912.53
1570727780, 0, 260, 1941, 1882, 369, 7.58%, 0, 0, 3, 709.82
