# unix_time, cycles_done, cur_path, paths_total, pending_total, pending_favs, map_size, unique_crashes, unique_hangs, max_depth, execs_per_sec
1570815831, 0, 0, 1, 1, 1, 3.55%, 0, 0, 1, 666.67
1570815836, 0, 0, 93, 93, 1, 4.07%, 0, 0, 2, 854.80
1570815841, 0, 0, 193, 193, 1, 4.43%, 0, 0, 2, 784.23
1570815846, 0, 0, 247, 247, 1, 4.58%, 0, 0, 2, 771.21
1570815851, 0, 0, 267, 267, 1, 4.62%, 0, 0, 2, 752.06
1570815857, 0, 0, 270, 270, 1, 4.65%, 0, 0, 2, 746.91
1570815877, 0, 0, 274, 274, 1, 4.67%, 0, 0, 2, 749.59
1570815882, 0, 0, 280, 280, 1, 4.68%, 0, 0, 2, 746.36
1570815887, 0, 0, 337, 337, 1, 4.77%, 0, 0, 2, 745.33
1570815893, 0, 0, 348, 348, 1, 4.78%, 0, 0, 2, 738.01
1570815898, 0, 0, 350, 350, 1, 4.78%, 0, 0, 2, 746.73
1570815903, 0, 0, 437, 437, 1, 5.01%, 0, 0, 2, 932.65
1570815908, 0, 0, 593, 593, 1, 5.30%, 0, 0, 2, 1076.27
1570815913, 0, 0, 684, 684, 1, 5.33%, 0, 0, 2, 728.98
1570815918, 0, 0, 764, 764, 1, 5.44%, 0, 0, 2, 680.82
1570815923, 0, 0, 800, 800, 1, 5.54%, 0, 0, 2, 760.07
1570815928, 0, 0, 811, 811, 1, 5.56%, 0, 0, 2, 779.93
1570815933, 0, 0, 821, 821, 1, 5.61%, 0, 0, 2, 754.51
1570815939, 0, 0, 827, 827, 1, 5.64%, 0, 0, 2, 745.99
1570815969, 0, 0, 828, 828, 1, 5.64%, 0, 0, 2, 700.52
1570815975, 0, 0, 830, 830, 1, 5.64%, 0, 0, 2, 693.95
1570815980, 0, 0, 831, 831, 1, 5.64%, 0, 0, 2, 680.58
1570815990, 0, 0, 841, 841, 1, 5.66%, 0, 0, 2, 676.94
1570815995, 0, 0, 881, 881, 1, 5.69%, 0, 0, 2, 680.56
1570816000, 0, 0, 900, 900, 1, 5.69%, 0, 0, 2, 94.12
1570816005, 0, 0, 919, 919, 1, 5.71%, 0, 0, 2, 673.89
1570816010, 0, 0, 921, 921, 1, 5.71%, 0, 0, 2, 648.24
1570816015, 0, 0, 922, 922, 1, 5.74%, 0, 0, 2, 669.64
1570816020, 0, 0, 924, 924, 1, 5.75%, 0, 0, 2, 645.55
1570816026, 0, 0, 928, 928, 1, 5.77%, 0, 0, 2, 640.13
1570816056, 0, 0, 930, 930, 1, 5.77%, 0, 0, 2, 640.23
1570816072, 0, 0, 931, 931, 1, 5.77%, 0, 0, 2, 641.63
1570816082, 0, 0, 937, 937, 1, 5.77%, 0, 0, 2, 651.76
1570816087, 0, 0, 948, 948, 1, 5.83%, 0, 0, 2, 732.55
1570816092, 0, 0, 956, 956, 1, 5.83%, 0, 0, 2, 590.47
1570816097, 0, 0, 966, 966, 1, 5.83%, 0, 0, 2, 661.43
1570816107, 0, 0, 973, 973, 1, 5.84%, 0, 0, 2, 640.33
1570816112, 0, 0, 976, 976, 1, 5.85%, 0, 0, 2, 653.35
1570816117, 0, 0, 984, 984, 1, 5.86%, 0, 0, 2, 655.87
1570816122, 0, 0, 1012, 1012, 1, 6.16%, 0, 0, 2, 881.55
1570816128, 0, 0, 1014, 1014, 1, 6.16%, 0, 0, 2, 692.66
1570816133, 0, 0, 1015, 1015, 1, 6.18%, 0, 0, 2, 641.22
1570816138, 0, 0, 1016, 1016, 1, 6.18%, 0, 0, 2, 641.54
1570816143, 0, 0, 1019, 1019, 1, 6.19%, 0, 0, 2, 640.46
1570816158, 0, 0, 1020, 1020, 1, 6.20%, 0, 0, 2, 643.41
1570816174, 0, 0, 1022, 1022, 1, 6.20%, 0, 0, 2, 679.46
1570816179, 0, 0, 1026, 1026, 1, 6.21%, 0, 0, 2, 652.57
1570816184, 0, 0, 1031, 1031, 1, 6.23%, 0, 0, 2, 678.65
1570816189, 0, 0, 1033, 1033, 1, 6.23%, 0, 0, 2, 649.62
1570816194, 0, 0, 1036, 1036, 1, 6.25%, 0, 0, 2, 640.73
1570816204, 0, 0, 1038, 1038, 1, 6.26%, 0, 0, 2, 642.44
1570816220, 0, 0, 1039, 1039, 1, 6.30%, 0, 0, 2, 644.45
1570816230, 0, 0, 1041, 1041, 1, 6.30%, 0, 0, 2, 641.82
1570816235, 0, 0, 1042, 1042, 1, 6.31%, 0, 0, 2, 643.26
1570816240, 0, 0, 1045, 1045, 1, 6.33%, 0, 0, 2, 643.48
1570816251, 0, 0, 1047, 1047, 1, 6.33%, 0, 0, 2, 642.80
1570816276, 0, 0, 1048, 1048, 1, 6.33%, 0, 0, 2, 642.42
1570816327, 0, 0, 1050, 1050, 1, 6.34%, 0, 0, 2, 640.44
1570816333, 0, 0, 1051, 1051, 1, 6.34%, 0, 0, 2, 638.13
1570816338, 0, 0, 1052, 1052, 1, 6.34%, 0, 0, 2, 646.66
1570816348, 0, 0, 1054, 1054, 1, 6.34%, 0, 0, 2, 636.37
1570816368, 0, 0, 1055, 1055, 1, 6.34%, 0, 0, 2, 641.56
1570816404, 0, 0, 1060, 1060, 1, 6.36%, 0, 0, 2, 1486.67
1570816409, 0, 0, 1068, 1068, 1, 6.37%, 0, 0, 2, 1012.64
1570816414, 0, 0, 1079, 1079, 1, 6.45%, 0, 0, 2, 1276.87
1570816420, 0, 0, 1091, 1091, 1, 6.45%, 0, 0, 2, 107.74
1570816425, 0, 0, 1095, 1095, 1, 6.46%, 0, 0, 2, 93.85
1570816430, 0, 0, 1101, 1101, 1, 6.47%, 0, 0, 2, 1283.32
1570816435, 0, 0, 1107, 1107, 1, 6.47%, 0, 0, 2, 89.89
1570816440, 0, 0, 1108, 1108, 1, 6.47%, 0, 0, 2, 1101.07
1570816445, 0, 0, 1116, 1116, 1, 6.47%, 0, 0, 2, 945.00
1570816451, 0, 0, 1117, 1117, 1, 6.48%, 0, 0, 2, 850.35
1570816456, 0, 0, 1120, 1120, 1, 6.48%, 0, 0, 2, 718.98
1570816466, 0, 0, 1125, 1125, 1, 6.48%, 0, 0, 2, 1247.82
1570816471, 0, 0, 1127, 1127, 1, 6.48%, 0, 0, 2, 68.24
1570816476, 0, 0, 1129, 1129, 1, 6.48%, 0, 0, 2, 1131.58
1570816481, 0, 0, 1130, 1130, 1, 6.48%, 0, 0, 2, 125.46
1570816487, 0, 0, 1164, 1164, 1, 6.50%, 0, 0, 2, 947.44
1570816492, 0, 0, 1171, 1171, 1, 6.50%, 0, 0, 2, 887.35
1570816497, 0, 0, 1173, 1173, 1, 6.50%, 0, 0, 2, 729.73
1570816512, 0, 0, 1175, 1175, 1, 6.51%, 0, 0, 2, 637.90
1570816533, 0, 0, 1177, 1177, 1, 6.51%, 0, 0, 2, 660.96
1570816564, 0, 0, 1178, 1178, 1, 6.51%, 0, 0, 2, 640.77
1570816574, 0, 0, 1179, 1179, 1, 6.52%, 0, 0, 2, 642.48
1570816615, 0, 0, 1180, 1180, 1, 6.52%, 0, 0, 2, 639.30
1570816620, 0, 0, 1181, 1181, 1, 6.52%, 0, 0, 2, 642.77
1570816625, 0, 0, 1182, 1182, 1, 6.52%, 0, 0, 2, 644.70
1570816630, 0, 0, 1185, 1185, 1, 6.52%, 0, 0, 2, 645.50
1570816635, 0, 0, 1186, 1186, 1, 6.52%, 0, 0, 2, 643.86
1570816661, 0, 0, 1189, 1189, 1, 6.52%, 0, 0, 2, 626.90
1570816666, 0, 0, 1190, 1190, 1, 6.52%, 0, 0, 2, 632.93
1570816677, 0, 0, 1191, 1191, 1, 6.52%, 0, 0, 2, 630.66
1570816707, 0, 0, 1192, 1192, 1, 6.52%, 0, 0, 2, 643.23
1570816718, 0, 0, 1195, 1195, 1, 6.52%, 0, 0, 2, 71.36
1570816738, 0, 0, 1196, 1196, 1, 6.52%, 0, 0, 2, 1400.98
1570816764, 0, 0, 1197, 1197, 1, 6.52%, 0, 0, 2, 1547.87
1570816784, 0, 0, 1198, 1198, 1, 6.52%, 0, 0, 2, 130.08
1570816815, 0, 0, 1199, 1199, 1, 6.52%, 0, 0, 2, 992.60
1570816861, 0, 0, 1200, 1200, 1, 6.52%, 0, 0, 2, 641.87
1570816928, 0, 0, 1201, 1201, 1, 6.52%, 0, 0, 2, 638.86
1570816958, 0, 0, 1202, 1202, 1, 6.52%, 0, 0, 2, 648.94
1570817005, 0, 0, 1203, 1203, 1, 6.53%, 0, 0, 2, 1117.19
1570817025, 0, 0, 1204, 1204, 1, 6.53%, 0, 0, 2, 806.76
1570817040, 0, 0, 1209, 1209, 1, 6.54%, 0, 0, 2, 659.00
1570817045, 0, 0, 1215, 1215, 1, 6.55%, 0, 0, 2, 703.56
1570817112, 0, 0, 1216, 1216, 1, 6.55%, 0, 0, 2, 635.72
1570817133, 0, 0, 1225, 1225, 1, 6.55%, 0, 0, 2, 768.81
1570817138, 0, 0, 1229, 1229, 1, 6.55%, 0, 0, 2, 781.77
1570817143, 0, 0, 1231, 1231, 1, 6.56%, 0, 0, 2, 650.35
1570817148, 0, 0, 1240, 1240, 1, 6.59%, 0, 0, 2, 783.66
1570817302, 0, 0, 1242, 1242, 1, 6.60%, 0, 0, 2, 655.82
1570817307, 0, 0, 1245, 1245, 1, 6.60%, 0, 0, 2, 863.89
1570817312, 0, 0, 1246, 1246, 1, 6.60%, 0, 0, 2, 1686.60
1570817317, 0, 0, 1255, 1255, 1, 6.61%, 0, 0, 2, 585.00
1570817338, 0, 0, 1258, 1258, 1, 6.61%, 0, 0, 2, 880.19
1570817353, 0, 0, 1261, 1261, 1, 6.62%, 0, 0, 2, 645.15
1570817446, 0, 0, 1262, 1262, 1, 6.62%, 0, 0, 2, 620.05
1570817451, 0, 0, 1263, 1263, 1, 6.62%, 0, 0, 2, 833.83
1570817461, 0, 0, 1267, 1267, 1, 6.62%, 0, 0, 2, 529.46
1570817476, 0, 0, 1274, 1274, 1, 6.63%, 0, 0, 2, 731.57
1570817481, 0, 0, 1314, 1314, 1, 6.67%, 0, 0, 2, 1440.48
1570817486, 0, 0, 1341, 1341, 1, 6.71%, 0, 0, 2, 1661.86
1570817491, 0, 0, 1357, 1357, 1, 6.72%, 0, 0, 2, 1794.06
1570817496, 0, 8, 1370, 1365, 312, 6.72%, 0, 0, 2, 1849.07
1570817502, 0, 31, 1372, 1361, 306, 6.72%, 0, 0, 3, 2467.22
1570817527, 0, 31, 1374, 1363, 306, 6.72%, 0, 0, 3, 2363.15
1570817640, 0, 34, 1374, 1362, 307, 6.72%, 0, 0, 3, 2506.91
1570817645, 0, 34, 1377, 1365, 307, 6.72%, 0, 0, 3, 1068.84
1570817661, 0, 34, 1378, 1366, 307, 6.72%, 0, 0, 3, 569.87
1570817697, 0, 34, 1379, 1367, 307, 6.72%, 0, 0, 3, 576.22
1570817702, 0, 34, 1380, 1368, 307, 6.72%, 0, 0, 3, 577.21
1570817707, 0, 34, 1381, 1369, 307, 6.72%, 0, 0, 3, 577.29
1570817712, 0, 34, 1382, 1370, 307, 6.72%, 0, 0, 3, 576.42
1570817718, 0, 34, 1384, 1372, 307, 6.72%, 0, 0, 3, 579.01
1570817723, 0, 34, 1385, 1373, 307, 6.72%, 0, 0, 3, 579.31
1570817728, 0, 34, 1392, 1380, 307, 6.72%, 0, 0, 3, 707.51
1570817733, 0, 34, 1393, 1381, 307, 6.72%, 0, 0, 3, 610.57
1570817738, 0, 34, 1395, 1383, 307, 6.72%, 0, 0, 3, 548.54
1570817743, 0, 34, 1408, 1396, 307, 6.72%, 0, 0, 3, 615.35
1570817826, 0, 34, 1409, 1397, 307, 6.72%, 0, 0, 3, 568.59
1570817831, 0, 34, 1412, 1400, 307, 6.72%, 0, 0, 3, 662.38
1570817836, 0, 34, 1413, 1401, 307, 6.72%, 0, 0, 3, 581.26
1570817841, 0, 34, 1416, 1404, 307, 6.72%, 0, 0, 3, 642.57
1570817928, 0, 34, 1418, 1406, 307, 6.73%, 0, 0, 3, 651.05
1570817934, 0, 34, 1419, 1407, 307, 6.73%, 0, 0, 3, 592.24
1570817944, 0, 34, 1422, 1410, 307, 6.73%, 0, 0, 3, 593.90
1570817954, 0, 34, 1423, 1411, 307, 6.73%, 0, 0, 3, 574.60
1570818278, 0, 34, 1424, 1412, 307, 6.73%, 0, 0, 3, 576.19
1570818283, 0, 34, 1426, 1414, 307, 6.74%, 0, 0, 3, 578.82
1570818298, 0, 34, 1427, 1415, 307, 6.74%, 0, 0, 3, 577.43
1570818309, 0, 34, 1432, 1420, 307, 6.74%, 0, 0, 3, 1051.31
1570818314, 0, 34, 1434, 1422, 307, 6.74%, 0, 0, 3, 564.42
1570818319, 0, 34, 1435, 1423, 307, 6.74%, 0, 0, 3, 797.64
1570818324, 0, 34, 1436, 1424, 307, 6.74%, 0, 0, 3, 1024.15
1570818329, 0, 34, 1437, 1425, 307, 6.74%, 0, 0, 3, 231.93
1570818334, 0, 34, 1438, 1426, 307, 6.74%, 0, 0, 3, 1379.81
1570818339, 0, 34, 1440, 1428, 307, 6.74%, 0, 0, 3, 1095.08
1570818344, 0, 34, 1441, 1429, 307, 6.74%, 0, 0, 3, 558.61
1570818390, 0, 34, 1453, 1441, 307, 6.74%, 0, 0, 3, 1034.82
1570818395, 0, 34, 1454, 1442, 307, 6.74%, 0, 0, 3, 899.05
1570818446, 0, 34, 1455, 1443, 307, 6.74%, 0, 0, 3, 579.48
1570818657, 0, 34, 1456, 1444, 307, 6.74%, 0, 0, 3, 1274.02
1570818744, 0, 34, 1457, 1445, 307, 6.74%, 0, 0, 3, 106.43
1570818971, 0, 34, 1458, 1446, 307, 6.74%, 0, 0, 3, 1095.61
1570819119, 0, 34, 1460, 1448, 307, 6.74%, 0, 0, 3, 667.14
1570819124, 0, 34, 1461, 1449, 307, 6.74%, 0, 0, 3, 685.52
1570819349, 0, 34, 1462, 1450, 307, 6.74%, 0, 0, 3, 87.16
1570819499, 0, 34, 1463, 1451, 307, 6.74%, 0, 0, 3, 495.43
1570819520, 0, 34, 1465, 1453, 307, 6.74%, 0, 0, 3, 857.91
1570819525, 0, 34, 1475, 1463, 307, 6.76%, 0, 0, 3, 1485.83
1570819530, 0, 34, 1480, 1468, 307, 6.76%, 0, 0, 3, 1655.39
1570819535, 0, 34, 1486, 1474, 307, 6.76%, 0, 0, 3, 1718.73
1570819540, 0, 69, 1493, 1480, 318, 6.76%, 0, 0, 3, 1675.84
1570819617, 0, 69, 1494, 1481, 318, 6.76%, 0, 0, 3, 661.29
1570819622, 0, 69, 1495, 1482, 318, 6.76%, 0, 0, 3, 664.10
1570819848, 0, 69, 1496, 1483, 318, 6.76%, 0, 0, 3, 650.52
1570820162, 0, 69, 1497, 1484, 318, 6.76%, 0, 0, 3, 70.18
1570821060, 0, 69, 1498, 1485, 318, 6.77%, 0, 0, 3, 762.17
1570821203, 0, 78, 1500, 1486, 318, 6.77%, 0, 0, 3, 1123.52
1570821208, 0, 102, 1500, 1484, 316, 6.77%, 0, 0, 3, 1110.14
1570821285, 0, 102, 1503, 1487, 316, 6.77%, 0, 0, 3, 715.97
1570821291, 0, 102, 1504, 1488, 316, 6.77%, 0, 0, 3, 630.75
1570821296, 0, 102, 1505, 1489, 316, 6.77%, 0, 0, 3, 651.75
1570821799, 0, 102, 1506, 1490, 316, 6.77%, 0, 0, 3, 1065.98
1570821850, 0, 102, 1507, 1491, 316, 6.77%, 0, 0, 3, 139.88
1570822871, 0, 102, 1514, 1498, 316, 6.77%, 0, 0, 3, 1348.18
1570822876, 0, 102, 1526, 1510, 316, 6.77%, 0, 0, 3, 1724.10
1570822881, 0, 102, 1532, 1516, 316, 6.77%, 0, 0, 3, 1763.46
1570822886, 0, 102, 1537, 1521, 316, 6.77%, 0, 0, 3, 1822.09
1570822891, 0, 103, 1538, 1521, 326, 6.77%, 0, 0, 3, 1052.43
1570822968, 0, 103, 1540, 1523, 326, 6.77%, 0, 0, 3, 703.71
1570822983, 0, 103, 1541, 1524, 326, 6.78%, 0, 0, 3, 651.88
1570823183, 0, 103, 1542, 1525, 326, 6.78%, 0, 0, 3, 676.61
1570824190, 0, 103, 1543, 1526, 326, 6.78%, 0, 0, 3, 654.84
1570824549, 0, 103, 1548, 1531, 326, 6.78%, 0, 0, 3, 1443.62
1570824554, 0, 103, 1554, 1537, 326, 6.79%, 0, 0, 3, 1670.87
1570824559, 0, 103, 1560, 1543, 326, 6.79%, 0, 0, 3, 1807.82
1570824564, 0, 115, 1565, 1547, 329, 6.79%, 0, 0, 3, 1942.50
1570826229, 0, 115, 1575, 1557, 329, 6.81%, 0, 0, 3, 1409.87
1570826234, 0, 115, 1582, 1564, 329, 6.82%, 0, 0, 3, 1701.51
1570826239, 0, 115, 1591, 1573, 329, 6.83%, 0, 0, 3, 1779.09
1570826244, 0, 116, 1596, 1577, 324, 6.83%, 0, 0, 3, 1928.59
1570826326, 0, 116, 1597, 1578, 324, 6.83%, 0, 0, 3, 692.02
1570826423, 0, 116, 1598, 1579, 324, 6.83%, 0, 0, 3, 629.09
1570827902, 0, 116, 1599, 1580, 324, 6.83%, 0, 0, 3, 1104.17
1570827907, 0, 118, 1599, 1579, 324, 6.83%, 0, 0, 3, 855.07
1570827984, 0, 118, 1600, 1580, 324, 6.83%, 0, 0, 3, 689.54
1570828015, 0, 118, 1601, 1581, 324, 6.83%, 0, 0, 3, 639.44
1570828195, 0, 118, 1602, 1582, 324, 6.83%, 0, 0, 3, 657.36
1570829566, 0, 118, 1607, 1587, 324, 6.83%, 0, 0, 3, 1420.82
1570829571, 0, 118, 1614, 1594, 324, 6.83%, 0, 0, 3, 1738.28
1570829576, 0, 118, 1619, 1599, 324, 6.84%, 0, 0, 3, 1805.99
1570829581, 0, 122, 1622, 1601, 326, 6.84%, 0, 0, 3, 1865.07
1570829664, 0, 122, 1623, 1602, 326, 6.84%, 0, 0, 3, 693.61
1570829786, 0, 122, 1624, 1603, 326, 6.84%, 0, 0, 3, 634.68
1570829899, 0, 122, 1625, 1604, 326, 6.84%, 0, 0, 3, 637.48
1570831244, 0, 149, 1625, 1602, 325, 6.84%, 0, 0, 3, 986.47
1570831321, 0, 149, 1626, 1603, 325, 6.84%, 0, 0, 3, 711.20
1570831336, 0, 149, 1627, 1604, 325, 6.84%, 0, 0, 3, 656.86
1570832902, 0, 164, 1629, 1602, 322, 6.84%, 0, 0, 3, 2145.93
1570832907, 0, 176, 1629, 1600, 320, 6.84%, 0, 0, 3, 1299.81
1570832913, 0, 176, 1631, 1602, 320, 6.84%, 0, 0, 3, 777.77
1570832918, 0, 176, 1632, 1603, 320, 6.84%, 0, 0, 3, 680.85
1570832984, 0, 176, 1633, 1604, 320, 6.84%, 0, 0, 3, 716.33
1570832995, 0, 176, 1634, 1605, 320, 6.84%, 0, 0, 3, 629.85
1570833169, 0, 176, 1635, 1606, 320, 6.84%, 0, 0, 3, 650.14
1570833190, 0, 176, 1636, 1607, 320, 6.84%, 0, 0, 3, 640.29
1570833241, 0, 176, 1637, 1608, 320, 6.85%, 0, 0, 3, 640.74
1570833493, 0, 176, 1638, 1609, 320, 6.85%, 0, 0, 3, 70.40
1570833601, 0, 176, 1639, 1610, 320, 6.85%, 0, 0, 3, 642.23
1570834119, 0, 176, 1640, 1611, 320, 6.85%, 0, 0, 3, 668.54
1570834432, 0, 176, 1643, 1614, 320, 6.85%, 0, 0, 3, 640.56
1570834565, 0, 184, 1643, 1612, 322, 6.85%, 0, 0, 3, 1159.23
1570834575, 0, 184, 1644, 1613, 322, 6.85%, 0, 0, 3, 683.65
1570834647, 0, 184, 1645, 1614, 322, 6.85%, 0, 0, 3, 622.01
1570834755, 0, 184, 1646, 1615, 322, 6.85%, 0, 0, 3, 678.80
1570834909, 0, 184, 1647, 1616, 322, 6.85%, 0, 0, 3, 809.26
1570835460, 0, 184, 1649, 1618, 322, 6.85%, 0, 0, 3, 57.90
1570836235, 0, 192, 1649, 1616, 321, 6.85%, 0, 0, 3, 1051.01
1570836317, 0, 192, 1650, 1617, 321, 6.85%, 0, 0, 3, 633.76
1570836881, 0, 192, 1651, 1618, 321, 6.85%, 0, 0, 3, 1135.68
1570836933, 0, 192, 1652, 1619, 321, 6.86%, 0, 0, 3, 746.22
1570837897, 0, 196, 1653, 1617, 318, 6.86%, 0, 0, 3, 1721.41
1570837902, 0, 214, 1653, 1613, 314, 6.86%, 0, 0, 3, 1652.65
1570837907, 0, 214, 1654, 1614, 314, 6.86%, 0, 0, 3, 867.72
1570837912, 0, 214, 1655, 1615, 314, 6.86%, 0, 0, 3, 716.63
1570837917, 0, 214, 1656, 1616, 314, 6.86%, 0, 0, 3, 653.08
1570837979, 0, 214, 1657, 1617, 314, 6.86%, 0, 0, 3, 656.15
1570837984, 0, 214, 1660, 1620, 314, 6.86%, 0, 0, 3, 642.14
1570838005, 0, 214, 1663, 1623, 314, 6.88%, 0, 0, 3, 654.76
1570838257, 0, 214, 1665, 1625, 314, 6.88%, 0, 0, 3, 635.15
1570838514, 0, 214, 1666, 1626, 314, 6.88%, 0, 0, 3, 93.99
1570839437, 0, 214, 1667, 1627, 314, 6.88%, 0, 0, 3, 672.98
1570839566, 0, 237, 1667, 1623, 319, 6.88%, 0, 0, 3, 1369.93
1570839581, 0, 237, 1668, 1624, 319, 6.88%, 0, 0, 3, 643.84
1570839648, 0, 237, 1669, 1625, 319, 6.88%, 0, 0, 3, 649.02
1570840881, 0, 237, 1670, 1626, 319, 6.88%, 0, 0, 3, 614.07
1570841231, 0, 237, 1672, 1628, 319, 6.89%, 0, 0, 3, 732.02
1570841236, 0, 246, 1672, 1627, 320, 6.89%, 0, 0, 3, 1003.79
1570841256, 0, 246, 1673, 1628, 320, 6.89%, 0, 0, 3, 630.51
1570841313, 0, 246, 1674, 1629, 320, 6.89%, 0, 0, 3, 653.97
1570841616, 0, 246, 1675, 1630, 320, 6.89%, 0, 0, 3, 633.11
1570841823, 0, 246, 1676, 1631, 320, 6.89%, 0, 0, 3, 920.52
1570841838, 0, 246, 1677, 1632, 320, 6.89%, 0, 0, 3, 2037.64
1570841879, 0, 246, 1678, 1633, 320, 6.89%, 0, 0, 3, 202.53
1570842439, 0, 246, 1679, 1634, 320, 6.91%, 0, 0, 3, 702.20
1570842901, 0, 255, 1679, 1633, 321, 6.91%, 0, 0, 3, 1015.32
1570842906, 0, 259, 1679, 1632, 320, 6.91%, 0, 0, 3, 964.01
1570844570, 0, 259, 1683, 1636, 320, 6.94%, 0, 0, 3, 1148.97
1570844575, 0, 259, 1686, 1639, 320, 6.94%, 0, 0, 3, 1671.29
1570844580, 0, 259, 1687, 1640, 320, 6.94%, 0, 0, 3, 1792.23
1570844586, 0, 259, 1692, 1645, 320, 6.94%, 0, 0, 3, 1822.48
1570844591, 0, 266, 1692, 1642, 317, 6.94%, 0, 0, 3, 1620.06
1570844668, 0, 266, 1693, 1643, 317, 6.94%, 0, 0, 3, 692.34
1570844683, 0, 266, 1694, 1644, 317, 6.94%, 0, 0, 3, 657.04
1570844694, 0, 266, 1695, 1645, 317, 6.94%, 0, 0, 3, 654.72
1570844704, 0, 266, 1698, 1648, 317, 6.95%, 0, 0, 3, 637.43
1570844853, 0, 266, 1699, 1649, 317, 6.95%, 0, 0, 3, 691.94
1570845007, 0, 266, 1700, 1650, 317, 6.95%, 0, 0, 3, 641.21
1570845239, 0, 266, 1701, 1651, 317, 6.95%, 0, 0, 3, 1216.06
1570845337, 0, 266, 1702, 1652, 317, 6.95%, 0, 0, 3, 633.14
1570846257, 0, 267, 1702, 1651, 319, 6.95%, 0, 0, 3, 1310.60
1570846262, 0, 285, 1702, 1648, 317, 6.95%, 0, 0, 3, 1178.21
1570846319, 0, 285, 1703, 1649, 317, 6.95%, 0, 0, 3, 635.76
1570846324, 0, 285, 1704, 1650, 317, 6.95%, 0, 0, 3, 635.42
1570846339, 0, 285, 1706, 1652, 317, 6.95%, 0, 0, 3, 700.18
1570846344, 0, 285, 1707, 1653, 317, 6.95%, 0, 0, 3, 622.86
1570846504, 0, 285, 1708, 1654, 317, 6.95%, 0, 0, 3, 635.77
1570846535, 0, 285, 1709, 1655, 317, 6.95%, 0, 0, 3, 665.88
1570846807, 0, 285, 1710, 1656, 317, 6.95%, 0, 0, 3, 633.95
1570846879, 0, 285, 1711, 1657, 317, 6.95%, 0, 0, 3, 1128.68
1570846925, 0, 285, 1712, 1658, 317, 6.95%, 0, 0, 3, 919.87
1570847095, 0, 285, 1713, 1659, 317, 6.95%, 0, 0, 3, 635.73
1570847477, 0, 285, 1714, 1660, 317, 6.95%, 0, 0, 3, 641.70
1570847574, 0, 285, 1715, 1661, 317, 6.95%, 0, 0, 3, 660.52
1570847928, 0, 285, 1717, 1663, 317, 6.95%, 0, 0, 3, 896.23
1570847934, 0, 292, 1719, 1663, 317, 6.95%, 0, 0, 3, 1980.71
1570847939, 0, 315, 1719, 1662, 317, 6.95%, 0, 0, 3, 1089.14
1570847995, 0, 315, 1721, 1664, 317, 6.95%, 0, 0, 3, 638.27
1570848026, 0, 315, 1722, 1665, 317, 6.95%, 0, 0, 3, 693.35
1570848200, 0, 315, 1723, 1666, 317, 6.95%, 0, 0, 3, 639.84
1570848442, 0, 315, 1724, 1667, 317, 6.95%, 0, 0, 3, 638.17
1570848545, 0, 315, 1725, 1668, 317, 6.95%, 0, 0, 3, 759.25
1570848570, 0, 315, 1726, 1669, 317, 6.95%, 0, 0, 3, 1275.94
1570848596, 0, 315, 1727, 1670, 317, 6.95%, 0, 0, 3, 1028.40
1570848601, 0, 315, 1728, 1671, 317, 6.95%, 0, 0, 3, 870.75
1570849601, 0, 315, 1730, 1673, 317, 6.95%, 0, 0, 3, 1171.40
1570849606, 0, 317, 1730, 1672, 319, 6.95%, 0, 0, 3, 984.38
1570849786, 0, 317, 1731, 1673, 319, 6.95%, 0, 0, 3, 699.58
1570849868, 0, 317, 1732, 1674, 319, 6.95%, 0, 0, 3, 644.20
1570850125, 0, 317, 1733, 1675, 319, 6.95%, 0, 0, 3, 638.18
1570850238, 0, 317, 1734, 1676, 319, 6.95%, 0, 0, 3, 137.62
1570851270, 0, 319, 1735, 1676, 319, 6.95%, 0, 0, 3, 1088.65
1570851316, 0, 319, 1736, 1677, 319, 6.95%, 0, 0, 3, 636.74
1570851327, 0, 319, 1737, 1678, 319, 6.95%, 0, 0, 3, 630.76
1570851419, 0, 319, 1738, 1679, 319, 6.95%, 0, 0, 3, 630.45
1570851450, 0, 319, 1739, 1680, 319, 6.95%, 0, 0, 3, 679.75
1570851538, 0, 319, 1741, 1682, 319, 6.95%, 0, 0, 3, 597.23
1570852939, 0, 319, 1748, 1689, 319, 6.96%, 0, 0, 3, 1515.79
1570852945, 0, 319, 1750, 1691, 319, 6.96%, 0, 0, 3, 1755.38
1570852950, 0, 319, 1759, 1700, 319, 6.97%, 0, 0, 3, 1765.86
1570852955, 0, 394, 1761, 1699, 316, 6.97%, 0, 0, 3, 2275.15
1570852960, 0, 395, 1761, 1698, 316, 6.97%, 0, 0, 3, 529.03
1570853037, 0, 395, 1764, 1701, 316, 6.97%, 0, 0, 3, 690.72
1570853047, 0, 395, 1766, 1703, 316, 6.97%, 0, 0, 3, 680.37
1570853130, 0, 395, 1768, 1705, 316, 6.97%, 0, 0, 3, 677.75
1570853551, 0, 395, 1769, 1706, 316, 6.97%, 0, 0, 3, 1128.58
1570854629, 0, 453, 1770, 1704, 315, 7.01%, 0, 0, 3, 1711.67
1570854706, 0, 453, 1772, 1706, 315, 7.01%, 0, 0, 3, 668.51
1570854711, 0, 453, 1777, 1711, 315, 7.01%, 0, 0, 3, 625.57
1570854716, 0, 453, 1780, 1714, 315, 7.01%, 0, 0, 3, 612.86
1570854722, 0, 453, 1782, 1716, 315, 7.01%, 0, 0, 3, 672.54
1570854794, 0, 453, 1783, 1717, 315, 7.01%, 0, 0, 3, 675.95
1570854799, 0, 453, 1786, 1720, 315, 7.02%, 0, 0, 3, 655.47
1570854809, 0, 453, 1788, 1722, 315, 7.02%, 0, 0, 3, 693.24
1570854907, 0, 453, 1789, 1723, 315, 7.02%, 0, 0, 3, 637.47
1570854922, 0, 453, 1790, 1724, 315, 7.02%, 0, 0, 3, 851.83
1570855206, 0, 453, 1791, 1725, 315, 7.03%, 0, 0, 3, 1210.78
1570855272, 0, 453, 1793, 1727, 315, 7.03%, 0, 0, 3, 889.98
1570855277, 0, 453, 1794, 1728, 315, 7.03%, 0, 0, 3, 947.58
1570855513, 0, 453, 1795, 1729, 315, 7.03%, 0, 0, 3, 1128.00
1570856089, 0, 453, 1796, 1730, 315, 7.03%, 0, 0, 3, 855.47
1570856254, 0, 453, 1806, 1740, 315, 7.03%, 0, 0, 3, 1631.10
1570856259, 0, 453, 1810, 1744, 315, 7.03%, 0, 0, 3, 1759.55
1570856264, 0, 453, 1814, 1748, 315, 7.03%, 0, 0, 3, 1820.43
1570856269, 0, 459, 1818, 1751, 322, 7.03%, 0, 0, 3, 1501.17
1570856274, 0, 459, 1821, 1754, 322, 7.03%, 0, 0, 3, 472.73
1570856355, 0, 459, 1822, 1755, 322, 7.03%, 0, 0, 3, 611.52
1570856360, 0, 459, 1824, 1757, 322, 7.03%, 0, 0, 3, 637.74
1570856370, 0, 459, 1825, 1758, 322, 7.03%, 0, 0, 3, 661.37
1570856456, 0, 459, 1826, 1759, 322, 7.03%, 0, 0, 3, 652.77
1570856461, 0, 459, 1829, 1762, 322, 7.03%, 0, 0, 3, 630.59
1570856547, 0, 459, 1830, 1763, 322, 7.03%, 0, 0, 3, 653.76
1570856557, 0, 459, 1831, 1764, 322, 7.03%, 0, 0, 3, 617.69
1570856588, 0, 459, 1834, 1767, 322, 7.03%, 0, 0, 3, 628.38
1570856593, 0, 459, 1835, 1768, 322, 7.03%, 0, 0, 3, 626.82
1570856865, 0, 459, 1836, 1769, 322, 7.03%, 0, 0, 3, 1224.23
1570856881, 0, 459, 1837, 1770, 322, 7.03%, 0, 0, 3, 1374.19
1570856957, 0, 459, 1839, 1772, 322, 7.03%, 0, 0, 3, 628.73
1570857491, 0, 459, 1840, 1773, 322, 7.04%, 0, 0, 3, 650.47
1570857596, 0, 459, 1841, 1774, 322, 7.04%, 0, 0, 3, 889.17
1570857925, 0, 459, 1842, 1775, 322, 7.04%, 0, 0, 3, 676.02
1570857966, 0, 470, 1842, 1772, 323, 7.04%, 0, 0, 3, 1686.43
1570858062, 0, 470, 1843, 1773, 323, 7.04%, 0, 0, 3, 649.01
1570858591, 0, 470, 1844, 1774, 323, 7.04%, 0, 0, 3, 1520.97
1570859217, 0, 470, 1845, 1775, 323, 7.04%, 0, 0, 3, 601.70
1570859706, 0, 474, 1845, 1772, 320, 7.04%, 0, 0, 3, 1415.18
1570859716, 0, 474, 1846, 1773, 320, 7.04%, 0, 0, 3, 687.76
1570859786, 0, 474, 1848, 1775, 320, 7.04%, 0, 0, 3, 705.03
1570859796, 0, 474, 1850, 1777, 320, 7.04%, 0, 0, 3, 641.29
1570860039, 0, 474, 1854, 1781, 320, 7.04%, 0, 0, 3, 628.53
1570860307, 0, 474, 1855, 1782, 320, 7.04%, 0, 0, 3, 1228.14
1570860946, 0, 474, 1856, 1783, 320, 7.04%, 0, 0, 3, 713.53
1570861038, 0, 474, 1857, 1784, 320, 7.04%, 0, 0, 3, 728.97
1570861261, 0, 474, 1859, 1786, 320, 7.04%, 0, 0, 3, 631.77
1570861423, 0, 481, 1859, 1784, 323, 7.04%, 0, 0, 3, 1497.50
1570861503, 0, 481, 1861, 1786, 323, 7.04%, 0, 0, 3, 676.60
1570861508, 0, 481, 1862, 1787, 323, 7.04%, 0, 0, 3, 629.01
1570861513, 0, 481, 1863, 1788, 323, 7.04%, 0, 0, 3, 587.98
1570861519, 0, 481, 1864, 1789, 323, 7.04%, 0, 0, 3, 647.81
1570862024, 0, 481, 1865, 1790, 323, 7.04%, 0, 0, 3, 1263.39
1570862658, 0, 481, 1866, 1791, 323, 7.04%, 0, 0, 3, 659.07
1570863108, 0, 481, 1867, 1792, 323, 7.04%, 0, 0, 3, 789.59
1570863113, 0, 481, 1868, 1793, 323, 7.04%, 0, 0, 3, 160.00
1570863134, 0, 481, 1869, 1794, 323, 7.04%, 0, 0, 3, 829.99
1570863144, 0, 509, 1869, 1790, 321, 7.04%, 0, 0, 3, 1935.16
1570863149, 0, 537, 1869, 1782, 313, 7.04%, 0, 0, 3, 2775.40
1570863154, 0, 564, 1869, 1779, 310, 7.04%, 0, 0, 3, 1617.47
1570863164, 0, 564, 1872, 1782, 310, 7.04%, 0, 0, 3, 687.78
1570863205, 0, 564, 1874, 1784, 310, 7.04%, 0, 0, 3, 609.92
1570863236, 0, 564, 1876, 1786, 310, 7.04%, 0, 0, 3, 670.05
1570863241, 0, 564, 1879, 1789, 310, 7.04%, 0, 0, 3, 601.58
1570863246, 0, 564, 1880, 1790, 310, 7.04%, 0, 0, 3, 682.65
1570863261, 0, 564, 1881, 1791, 310, 7.04%, 0, 0, 3, 623.46
1570863272, 0, 564, 1882, 1792, 310, 7.04%, 0, 0, 3, 612.93
1570863333, 0, 564, 1883, 1793, 310, 7.04%, 0, 0, 3, 638.11
1570863518, 0, 564, 1884, 1794, 310, 7.04%, 0, 0, 3, 629.35
1570863574, 0, 564, 1885, 1795, 310, 7.04%, 0, 0, 3, 616.54
1570863841, 0, 564, 1886, 1796, 310, 7.04%, 0, 0, 3, 880.12
1570864905, 0, 567, 1886, 1794, 313, 7.04%, 0, 0, 3, 1364.30
1570864920, 0, 567, 1889, 1797, 313, 7.05%, 0, 0, 3, 657.47
1570864990, 0, 567, 1890, 1798, 313, 7.05%, 0, 0, 3, 635.03
1570865263, 0, 567, 1891, 1799, 313, 7.05%, 0, 0, 3, 641.98
1570866624, 0, 567, 1898, 1806, 313, 7.05%, 0, 0, 3, 1606.85
1570866629, 0, 567, 1900, 1808, 313, 7.06%, 0, 0, 3, 1731.56
1570866634, 0, 567, 1902, 1810, 313, 7.06%, 0, 0, 3, 1772.73
1570866639, 0, 692, 1904, 1809, 318, 7.06%, 0, 0, 3, 2298.49
1570866644, 0, 712, 1905, 1809, 317, 7.06%, 0, 0, 3, 1151.27
1570866731, 0, 712, 1907, 1811, 317, 7.06%, 0, 0, 3, 702.42
1570866900, 0, 712, 1908, 1812, 317, 7.06%, 0, 0, 3, 727.64
1570866905, 0, 712, 1909, 1813, 317, 7.06%, 0, 0, 3, 623.97
1570867229, 0, 712, 1910, 1814, 317, 7.06%, 0, 0, 3, 1071.70
1570867239, 0, 712, 1911, 1815, 317, 7.06%, 0, 0, 3, 1403.09
1570868138, 0, 712, 1912, 1816, 317, 7.06%, 0, 0, 3, 928.20
1570868327, 0, 725, 1912, 1815, 319, 7.06%, 0, 0, 3, 1095.24
1570868415, 0, 725, 1913, 1816, 319, 7.06%, 0, 0, 3, 603.06
1570868599, 0, 725, 1914, 1817, 319, 7.06%, 0, 0, 3, 686.96
1570870010, 0, 726, 1914, 1816, 319, 7.06%, 0, 0, 3, 1207.63
1570870087, 0, 726, 1916, 1818, 319, 7.07%, 0, 0, 3, 632.34
1570870103, 0, 726, 1917, 1819, 319, 7.07%, 0, 0, 3, 680.01
1570870185, 0, 726, 1918, 1820, 319, 7.07%, 0, 0, 3, 694.81
1570870298, 0, 726, 1919, 1821, 319, 7.07%, 0, 0, 3, 627.92
1570870313, 0, 726, 1920, 1822, 319, 7.07%, 0, 0, 3, 854.36
1570870596, 0, 726, 1921, 1823, 319, 7.07%, 0, 0, 3, 126.84
1570871729, 0, 726, 1922, 1824, 319, 7.07%, 0, 0, 3, 798.37
1570871734, 0, 726, 1926, 1828, 319, 7.13%, 0, 0, 3, 1543.61
1570871739, 0, 726, 1930, 1832, 319, 7.13%, 0, 0, 3, 1764.48
1570871745, 0, 726, 1933, 1835, 319, 7.13%, 0, 0, 3, 1794.55
1570871750, 0, 743, 1934, 1835, 321, 7.13%, 0, 0, 3, 1828.69
1570871765, 0, 743, 1935, 1836, 321, 7.13%, 0, 0, 3, 652.35
1570871815, 0, 743, 1936, 1837, 321, 7.13%, 0, 0, 3, 627.22
1570872417, 0, 743, 1937, 1838, 321, 7.13%, 0, 0, 3, 710.82
1570873436, 0, 743, 1938, 1839, 321, 7.13%, 0, 0, 3, 887.07
1570873461, 0, 745, 1939, 1839, 321, 7.13%, 0, 0, 3, 1390.01
1570873466, 0, 768, 1939, 1836, 318, 7.13%, 0, 0, 3, 1263.88
1570873533, 0, 768, 1940, 1837, 318, 7.14%, 0, 0, 3, 631.51
1570873543, 0, 768, 1941, 1838, 318, 7.14%, 0, 0, 3, 689.11
1570873548, 0, 768, 1944, 1841, 318, 7.14%, 0, 0, 3, 632.81
1570873553, 0, 768, 1945, 1842, 318, 7.14%, 0, 0, 3, 582.96
1570873615, 0, 768, 1946, 1843, 318, 7.14%, 0, 0, 3, 633.95
1570873626, 0, 768, 1947, 1844, 318, 7.14%, 0, 0, 3, 636.71
1570873724, 0, 768, 1948, 1845, 318, 7.14%, 0, 0, 3, 640.65
1570873739, 0, 768, 1949, 1846, 318, 7.14%, 0, 0, 3, 658.94
1570874787, 0, 768, 1950, 1847, 318, 7.14%, 0, 0, 3, 694.42
1570875187, 0, 790, 1950, 1843, 314, 7.14%, 0, 0, 3, 1651.47
1570875192, 0, 791, 1951, 1843, 313, 7.15%, 0, 0, 3, 988.08
1570875269, 0, 791, 1956, 1848, 313, 7.15%, 0, 0, 3, 711.11
1570875274, 0, 791, 1957, 1849, 313, 7.15%, 0, 0, 3, 608.72
1570875279, 0, 791, 1958, 1850, 313, 7.15%, 0, 0, 3, 659.61
1570875454, 0, 791, 1959, 1851, 313, 7.15%, 0, 0, 3, 640.56
1570875490, 0, 791, 1961, 1853, 313, 7.15%, 0, 0, 3, 797.34
1570876889, 0, 800, 1961, 1852, 313, 7.15%, 0, 0, 3, 1295.10
1570876972, 0, 800, 1962, 1853, 313, 7.15%, 0, 0, 3, 688.44
1570878615, 0, 802, 1962, 1852, 313, 7.15%, 0, 0, 3, 938.68
1570879310, 0, 802, 1963, 1853, 313, 7.16%, 0, 0, 3, 631.95
1570880337, 0, 802, 1964, 1854, 313, 7.16%, 0, 0, 3, 1049.46
1570880342, 0, 808, 1965, 1853, 310, 7.16%, 0, 0, 3, 1268.59
1570880419, 0, 808, 1966, 1854, 310, 7.16%, 0, 0, 3, 699.04
1570880532, 0, 808, 1967, 1855, 310, 7.16%, 0, 0, 3, 683.88
1570880681, 0, 808, 1968, 1856, 310, 7.16%, 0, 0, 3, 626.54
1570882068, 0, 810, 1968, 1854, 311, 7.16%, 0, 0, 3, 1405.09
1570882088, 0, 810, 1969, 1855, 311, 7.16%, 0, 0, 3, 634.98
1570882145, 0, 810, 1970, 1856, 311, 7.16%, 0, 0, 3, 641.17
1570883799, 0, 812, 1970, 1855, 312, 7.16%, 0, 0, 3, 1201.90
1570883881, 0, 812, 1971, 1856, 312, 7.16%, 0, 0, 3, 660.97
1570885531, 0, 812, 1974, 1859, 312, 7.16%, 0, 0, 3, 1524.84
1570885536, 0, 813, 1974, 1858, 312, 7.16%, 0, 0, 3, 1004.63
1570885618, 0, 813, 1975, 1859, 312, 7.16%, 0, 0, 3, 621.36
1570885736, 0, 813, 1976, 1860, 312, 7.16%, 0, 0, 3, 628.54
1570885988, 0, 813, 1977, 1861, 312, 7.16%, 0, 0, 3, 633.43
1570887265, 0, 819, 1977, 1859, 311, 7.16%, 0, 0, 3, 1406.52
1570888995, 0, 820, 1977, 1858, 310, 7.16%, 0, 0, 3, 1264.31
1570889072, 0, 820, 1978, 1859, 310, 7.16%, 0, 0, 3, 627.60
1570890727, 0, 821, 1978, 1858, 309, 7.16%, 0, 0, 3, 1140.54
1570890737, 0, 821, 1980, 1860, 309, 7.16%, 0, 0, 3, 711.61
1570890742, 0, 821, 1981, 1861, 309, 7.16%, 0, 0, 3, 650.25
1570890917, 0, 821, 1982, 1862, 309, 7.16%, 0, 0, 3, 645.63
1570891354, 0, 821, 1983, 1863, 309, 7.16%, 0, 0, 3, 90.88
1570892464, 0, 825, 1983, 1862, 309, 7.16%, 0, 0, 3, 926.50
1570892886, 0, 825, 1985, 1864, 309, 7.19%, 0, 0, 3, 636.74
1570893214, 0, 825, 1986, 1865, 309, 7.19%, 0, 0, 3, 638.59
1570894188, 0, 825, 1988, 1867, 309, 7.19%, 0, 0, 3, 1347.96
1570894193, 0, 826, 1988, 1866, 313, 7.19%, 0, 0, 3, 941.66
1570894213, 0, 826, 1989, 1867, 313, 7.20%, 0, 0, 3, 625.90
1570894269, 0, 826, 1990, 1868, 313, 7.20%, 0, 0, 3, 706.13
1570894274, 0, 826, 1991, 1869, 313, 7.20%, 0, 0, 3, 610.52
1570894470, 0, 826, 1992, 1870, 313, 7.21%, 0, 0, 3, 636.25
1570894614, 0, 826, 1993, 1871, 313, 7.21%, 0, 0, 3, 630.10
1570895791, 0, 826, 1995, 1873, 313, 7.26%, 0, 0, 3, 634.33
1570895924, 0, 858, 1995, 1870, 313, 7.26%, 0, 0, 3, 1669.62
1570895930, 0, 872, 1995, 1867, 310, 7.26%, 0, 0, 3, 1446.11
1570896012, 0, 872, 1996, 1868, 310, 7.26%, 0, 0, 3, 638.65
1570897661, 0, 919, 1996, 1864, 307, 7.26%, 0, 0, 3, 1308.37
1570897738, 0, 919, 1997, 1865, 307, 7.26%, 0, 0, 3, 640.19
1570899397, 0, 924, 1997, 1863, 306, 7.26%, 0, 0, 3, 990.95
1570901124, 0, 926, 1997, 1862, 305, 7.26%, 0, 0, 3, 1311.62
1570901206, 0, 926, 1998, 1863, 305, 7.26%, 0, 0, 3, 681.86
1570901237, 0, 926, 1999, 1864, 305, 7.26%, 0, 0, 3, 632.30
1570901330, 0, 926, 2000, 1865, 305, 7.27%, 0, 0, 3, 628.58
