# unix_time, cycles_done, cur_path, paths_total, pending_total, pending_favs, map_size, unique_crashes, unique_hangs, max_depth, execs_per_sec
1570642471, 0, 0, 1, 1, 1, 3.55%, 0, 0, 1, 727.27
1570642476, 0, 0, 87, 87, 1, 4.06%, 0, 0, 2, 867.86
1570642481, 0, 0, 185, 185, 1, 4.37%, 0, 0, 2, 760.96
1570642486, 0, 0, 244, 244, 1, 4.57%, 0, 0, 2, 760.38
1570642491, 0, 0, 263, 263, 1, 4.60%, 0, 0, 2, 731.37
1570642496, 0, 0, 270, 270, 1, 4.65%, 0, 0, 2, 710.17
1570642522, 0, 0, 280, 280, 1, 4.68%, 0, 0, 2, 706.03
1570642527, 0, 0, 310, 310, 1, 4.74%, 0, 0, 2, 704.54
1570642532, 0, 0, 342, 342, 1, 4.78%, 0, 0, 2, 695.90
1570642537, 0, 0, 348, 348, 1, 4.78%, 0, 0, 2, 694.15
1570642542, 0, 0, 351, 351, 1, 4.78%, 0, 0, 2, 678.94
1570642547, 0, 0, 447, 447, 1, 5.01%, 0, 0, 2, 666.33
1570642552, 0, 0, 596, 596, 1, 5.30%, 0, 0, 2, 678.45
1570642557, 0, 0, 678, 678, 1, 5.33%, 0, 0, 2, 602.86
1570642562, 0, 0, 733, 733, 1, 5.34%, 0, 0, 2, 786.54
1570642568, 0, 0, 798, 798, 1, 5.54%, 0, 0, 2, 705.81
1570642573, 0, 0, 805, 805, 1, 5.55%, 0, 0, 2, 657.66
1570642578, 0, 0, 818, 818, 1, 5.60%, 0, 0, 2, 671.54
1570642583, 0, 0, 821, 821, 1, 5.61%, 0, 0, 2, 646.67
1570642588, 0, 0, 827, 827, 1, 5.64%, 0, 0, 2, 654.55
1570642619, 0, 0, 828, 828, 1, 5.64%, 0, 0, 2, 646.18
1570642624, 0, 0, 829, 829, 1, 5.64%, 0, 0, 2, 645.13
1570642629, 0, 0, 830, 830, 1, 5.64%, 0, 0, 2, 648.21
1570642634, 0, 0, 831, 831, 1, 5.64%, 0, 0, 2, 646.53
1570642644, 0, 0, 857, 857, 1, 5.68%, 0, 0, 2, 720.05
1570642649, 0, 0, 884, 884, 1, 5.69%, 0, 0, 2, 658.48
1570642654, 0, 0, 900, 900, 1, 5.69%, 0, 0, 2, 605.31
1570642659, 0, 0, 917, 917, 1, 5.71%, 0, 0, 2, 678.62
1570642664, 0, 0, 920, 920, 1, 5.74%, 0, 0, 2, 654.99
1570642669, 0, 0, 921, 921, 1, 5.74%, 0, 0, 2, 671.49
1570642674, 0, 0, 924, 924, 1, 5.75%, 0, 0, 2, 653.81
1570642680, 0, 0, 926, 926, 1, 5.77%, 0, 0, 2, 649.59
1570642705, 0, 0, 927, 927, 1, 5.77%, 0, 0, 2, 647.90
1570642710, 0, 0, 928, 928, 1, 5.77%, 0, 0, 2, 647.30
1570642720, 0, 0, 929, 929, 1, 5.77%, 0, 0, 2, 646.13
1570642736, 0, 0, 944, 944, 1, 5.78%, 0, 0, 2, 733.60
1570642741, 0, 0, 953, 953, 1, 5.83%, 0, 0, 2, 625.89
1570642746, 0, 0, 965, 965, 1, 5.83%, 0, 0, 2, 812.54
1570642751, 0, 0, 968, 968, 1, 5.83%, 0, 0, 2, 693.58
1570642756, 0, 0, 969, 969, 1, 5.83%, 0, 0, 2, 654.38
1570642761, 0, 0, 976, 976, 1, 5.85%, 0, 0, 2, 650.61
1570642766, 0, 0, 984, 984, 1, 5.86%, 0, 0, 2, 665.87
1570642771, 0, 0, 997, 997, 1, 6.13%, 0, 0, 2, 759.36
1570642777, 0, 0, 1013, 1013, 1, 6.16%, 0, 0, 2, 744.86
1570642782, 0, 0, 1017, 1017, 1, 6.18%, 0, 0, 2, 666.25
1570642787, 0, 0, 1018, 1018, 1, 6.18%, 0, 0, 2, 651.52
1570642792, 0, 0, 1021, 1021, 1, 6.19%, 0, 0, 2, 645.68
1570642807, 0, 0, 1022, 1022, 1, 6.20%, 0, 0, 2, 647.45
1570642822, 0, 0, 1023, 1023, 1, 6.20%, 0, 0, 2, 699.31
1570642828, 0, 0, 1028, 1028, 1, 6.21%, 0, 0, 2, 657.40
1570642833, 0, 0, 1032, 1032, 1, 6.22%, 0, 0, 2, 694.82
1570642838, 0, 0, 1035, 1035, 1, 6.23%, 0, 0, 2, 656.98
1570642843, 0, 0, 1037, 1037, 1, 6.25%, 0, 0, 2, 651.02
1570642848, 0, 0, 1038, 1038, 1, 6.25%, 0, 0, 2, 648.02
1570642853, 0, 0, 1040, 1040, 1, 6.26%, 0, 0, 2, 647.08
1570642874, 0, 0, 1041, 1041, 1, 6.30%, 0, 0, 2, 648.55
1570642879, 0, 0, 1043, 1043, 1, 6.30%, 0, 0, 2, 642.81
1570642889, 0, 0, 1047, 1047, 1, 6.33%, 0, 0, 2, 644.89
1570642904, 0, 0, 1049, 1049, 1, 6.33%, 0, 0, 2, 648.69
1570642925, 0, 0, 1050, 1050, 1, 6.33%, 0, 0, 2, 644.29
1570642976, 0, 0, 1052, 1052, 1, 6.34%, 0, 0, 2, 645.92
1570642981, 0, 0, 1053, 1053, 1, 6.34%, 0, 0, 2, 643.75
1570642986, 0, 0, 1054, 1054, 1, 6.34%, 0, 0, 2, 645.26
1570642996, 0, 0, 1056, 1056, 1, 6.34%, 0, 0, 2, 645.06
1570643017, 0, 0, 1057, 1057, 1, 6.34%, 0, 0, 2, 643.90
1570643052, 0, 0, 1064, 1064, 1, 6.36%, 0, 0, 2, 1535.00
1570643057, 0, 0, 1070, 1070, 1, 6.37%, 0, 0, 2, 1006.74
1570643062, 0, 0, 1081, 1081, 1, 6.45%, 0, 0, 2, 1205.55
1570643068, 0, 0, 1093, 1093, 1, 6.45%, 0, 0, 2, 152.54
1570643073, 0, 0, 1097, 1097, 1, 6.46%, 0, 0, 2, 1016.40
1570643078, 0, 0, 1104, 1104, 1, 6.47%, 0, 0, 2, 1441.51
1570643083, 0, 0, 1108, 1108, 1, 6.47%, 0, 0, 2, 78.57
1570643088, 0, 0, 1109, 1109, 1, 6.47%, 0, 0, 2, 1213.67
1570643093, 0, 0, 1118, 1118, 1, 6.47%, 0, 0, 2, 1125.00
1570643099, 0, 0, 1120, 1120, 1, 6.48%, 0, 0, 2, 1126.69
1570643104, 0, 0, 1122, 1122, 1, 6.48%, 0, 0, 2, 1359.50
1570643114, 0, 0, 1127, 1127, 1, 6.48%, 0, 0, 2, 1272.10
1570643119, 0, 0, 1129, 1129, 1, 6.48%, 0, 0, 2, 76.84
1570643124, 0, 0, 1131, 1131, 1, 6.48%, 0, 0, 2, 824.54
1570643129, 0, 0, 1132, 1132, 1, 6.48%, 0, 0, 2, 137.56
1570643134, 0, 0, 1166, 1166, 1, 6.50%, 0, 0, 2, 975.33
1570643139, 0, 0, 1173, 1173, 1, 6.50%, 0, 0, 2, 901.52
1570643144, 0, 0, 1175, 1175, 1, 6.50%, 0, 0, 2, 749.10
1570643160, 0, 0, 1177, 1177, 1, 6.51%, 0, 0, 2, 645.08
1570643175, 0, 0, 1178, 1178, 1, 6.51%, 0, 0, 2, 731.55
1570643180, 0, 0, 1179, 1179, 1, 6.51%, 0, 0, 2, 662.07
1570643206, 0, 0, 1180, 1180, 1, 6.51%, 0, 0, 2, 647.07
1570643221, 0, 0, 1181, 1181, 1, 6.52%, 0, 0, 2, 647.27
1570643262, 0, 0, 1183, 1183, 1, 6.52%, 0, 0, 2, 642.62
1570643272, 0, 0, 1185, 1185, 1, 6.52%, 0, 0, 2, 644.62
1570643277, 0, 0, 1188, 1188, 1, 6.52%, 0, 0, 2, 647.37
1570643303, 0, 0, 1190, 1190, 1, 6.52%, 0, 0, 2, 638.40
1570643308, 0, 0, 1192, 1192, 1, 6.52%, 0, 0, 2, 642.97
1570643318, 0, 0, 1193, 1193, 1, 6.52%, 0, 0, 2, 643.21
1570643348, 0, 0, 1194, 1194, 1, 6.52%, 0, 0, 2, 647.39
1570643364, 0, 0, 1197, 1197, 1, 6.52%, 0, 0, 2, 1012.64
1570643384, 0, 0, 1198, 1198, 1, 6.52%, 0, 0, 2, 80.11
1570643405, 0, 0, 1199, 1199, 1, 6.52%, 0, 0, 2, 700.47
1570643425, 0, 0, 1200, 1200, 1, 6.52%, 0, 0, 2, 1004.97
1570643430, 0, 0, 1201, 1201, 1, 6.52%, 0, 0, 2, 832.33
1570643456, 0, 0, 1202, 1202, 1, 6.52%, 0, 0, 2, 1120.20
1570643502, 0, 0, 1203, 1203, 1, 6.52%, 0, 0, 2, 642.45
1570643568, 0, 0, 1204, 1204, 1, 6.52%, 0, 0, 2, 644.35
1570643599, 0, 0, 1205, 1205, 1, 6.52%, 0, 0, 2, 648.99
1570643645, 0, 0, 1206, 1206, 1, 6.53%, 0, 0, 2, 1776.74
1570643666, 0, 0, 1207, 1207, 1, 6.53%, 0, 0, 2, 763.04
1570643681, 0, 0, 1213, 1213, 1, 6.54%, 0, 0, 2, 639.01
1570643686, 0, 0, 1218, 1218, 1, 6.55%, 0, 0, 2, 685.22
1570643747, 0, 0, 1219, 1219, 1, 6.55%, 0, 0, 2, 647.73
1570643768, 0, 0, 1223, 1223, 1, 6.55%, 0, 0, 2, 683.52
1570643773, 0, 0, 1230, 1230, 1, 6.55%, 0, 0, 2, 735.45
1570643778, 0, 0, 1233, 1233, 1, 6.55%, 0, 0, 2, 624.24
1570643783, 0, 0, 1244, 1244, 1, 6.59%, 0, 0, 2, 852.52
1570643942, 0, 0, 1247, 1247, 1, 6.60%, 0, 0, 2, 1084.16
1570643947, 0, 0, 1250, 1250, 1, 6.60%, 0, 0, 2, 59.41
1570643952, 0, 0, 1258, 1258, 1, 6.61%, 0, 0, 2, 739.44
1570643972, 0, 0, 1261, 1261, 1, 6.61%, 0, 0, 2, 1914.57
1570643988, 0, 0, 1264, 1264, 1, 6.62%, 0, 0, 2, 652.92
1570644079, 0, 0, 1265, 1265, 1, 6.62%, 0, 0, 2, 623.05
1570644084, 0, 0, 1266, 1266, 1, 6.62%, 0, 0, 2, 849.72
1570644094, 0, 0, 1271, 1271, 1, 6.62%, 0, 0, 2, 660.83
1570644110, 0, 0, 1278, 1278, 1, 6.63%, 0, 0, 2, 732.02
1570644115, 0, 0, 1329, 1329, 1, 6.66%, 0, 0, 2, 1580.74
1570644120, 0, 0, 1342, 1342, 1, 6.71%, 0, 0, 2, 1788.70
1570644125, 0, 0, 1363, 1363, 1, 6.72%, 0, 0, 2, 1865.83
1570644130, 0, 1, 1374, 1373, 341, 6.72%, 0, 0, 2, 2329.51
1570644135, 0, 1, 1385, 1384, 341, 6.77%, 0, 0, 3, 2746.33
1570644140, 0, 2, 1389, 1387, 349, 6.81%, 0, 0, 3, 2840.78
1570644146, 0, 4, 1389, 1385, 347, 6.81%, 0, 0, 3, 2891.29
1570644151, 0, 8, 1391, 1385, 346, 6.82%, 0, 0, 3, 2898.64
1570644324, 0, 8, 1392, 1386, 346, 6.82%, 0, 0, 3, 666.04
1570644727, 0, 8, 1393, 1387, 346, 6.82%, 0, 0, 3, 1151.92
1570645785, 0, 9, 1394, 1387, 345, 6.82%, 0, 0, 3, 960.00
1570645805, 0, 9, 1395, 1388, 345, 6.82%, 0, 0, 3, 657.02
1570645841, 0, 9, 1396, 1389, 345, 6.82%, 0, 0, 3, 649.87
1570645847, 0, 9, 1397, 1390, 345, 6.82%, 0, 0, 3, 655.72
1570645862, 0, 9, 1407, 1400, 345, 6.87%, 0, 0, 3, 680.52
1570645867, 0, 9, 1412, 1405, 345, 6.87%, 0, 0, 3, 627.31
1570645872, 0, 9, 1420, 1413, 345, 6.87%, 0, 0, 3, 700.35
1570645960, 0, 9, 1421, 1414, 345, 6.87%, 0, 0, 3, 684.12
1570646037, 0, 9, 1422, 1415, 345, 6.87%, 0, 0, 3, 671.03
1570646042, 0, 9, 1423, 1416, 345, 6.87%, 0, 0, 3, 761.15
1570646047, 0, 9, 1424, 1417, 345, 6.87%, 0, 0, 3, 635.20
1570646052, 0, 9, 1427, 1420, 345, 6.87%, 0, 0, 3, 677.19
1570646062, 0, 9, 1428, 1421, 345, 6.87%, 0, 0, 3, 652.36
1570646333, 0, 9, 1429, 1422, 345, 6.87%, 0, 0, 3, 649.55
1570646358, 0, 9, 1430, 1423, 345, 6.87%, 0, 0, 3, 905.40
1570646363, 0, 9, 1431, 1424, 345, 6.87%, 0, 0, 3, 1247.28
1570646389, 0, 9, 1432, 1425, 345, 6.87%, 0, 0, 3, 1380.00
1570646399, 0, 9, 1433, 1426, 345, 6.87%, 0, 0, 3, 1329.50
1570646404, 0, 9, 1434, 1427, 345, 6.87%, 0, 0, 3, 69.81
1570646430, 0, 9, 1439, 1432, 345, 6.87%, 0, 0, 3, 1038.72
1570646481, 0, 9, 1441, 1434, 345, 6.88%, 0, 0, 3, 660.65
1570647239, 0, 9, 1443, 1436, 345, 6.88%, 0, 0, 3, 823.73
1570647249, 0, 9, 1444, 1437, 345, 6.88%, 0, 0, 3, 398.15
1570647381, 0, 9, 1445, 1438, 345, 6.88%, 0, 0, 3, 708.77
1570647391, 0, 9, 1446, 1439, 345, 6.88%, 0, 0, 3, 778.98
1570647412, 0, 9, 1447, 1440, 345, 6.88%, 0, 0, 3, 710.42
1570647417, 0, 9, 1456, 1449, 345, 6.88%, 0, 0, 3, 1454.23
1570647422, 0, 9, 1469, 1462, 345, 6.89%, 0, 0, 3, 1795.96
1570647427, 0, 9, 1479, 1472, 345, 6.90%, 0, 0, 3, 1925.09
1570647432, 0, 11, 1487, 1479, 344, 6.90%, 0, 0, 3, 2148.22
1570647453, 0, 11, 1488, 1480, 344, 6.90%, 0, 0, 3, 2195.32
1570647458, 0, 11, 1513, 1505, 344, 6.90%, 0, 0, 3, 2250.40
1570647463, 0, 11, 1515, 1507, 344, 6.90%, 0, 0, 3, 2207.90
1570647514, 0, 11, 1516, 1508, 344, 6.90%, 0, 0, 3, 2222.08
1570647519, 0, 11, 1519, 1511, 344, 6.90%, 0, 0, 3, 2264.35
1570647560, 0, 11, 1520, 1512, 344, 6.90%, 0, 0, 3, 2321.26
1570647729, 0, 11, 1522, 1514, 344, 6.90%, 0, 0, 3, 2284.16
1570647765, 0, 11, 1523, 1515, 344, 6.90%, 0, 0, 3, 2323.58
1570647775, 0, 11, 1525, 1517, 344, 6.91%, 0, 0, 3, 2352.63
1570647780, 0, 11, 1530, 1522, 344, 6.93%, 0, 0, 3, 2611.82
1570647785, 0, 13, 1533, 1524, 344, 6.94%, 0, 0, 3, 1610.04
1570647862, 0, 13, 1537, 1528, 344, 6.94%, 0, 0, 3, 732.20
1570647867, 0, 13, 1538, 1529, 344, 6.94%, 0, 0, 3, 624.85
1570648076, 0, 13, 1539, 1530, 344, 6.94%, 0, 0, 3, 769.17
1570648082, 0, 13, 1542, 1533, 344, 6.95%, 0, 0, 3, 722.58
1570649088, 0, 13, 1543, 1534, 344, 6.95%, 0, 0, 3, 720.92
1570649267, 0, 13, 1544, 1535, 344, 6.95%, 0, 0, 3, 705.48
1570649446, 0, 13, 1548, 1539, 344, 6.95%, 0, 0, 3, 726.57
1570649451, 0, 13, 1549, 1540, 344, 6.95%, 0, 0, 3, 611.26
1570649476, 0, 17, 1549, 1539, 348, 6.95%, 0, 0, 3, 1297.99
1570649482, 0, 17, 1554, 1544, 348, 6.99%, 0, 0, 3, 785.85
1570649532, 0, 17, 1556, 1546, 348, 7.00%, 0, 0, 3, 645.11
1570649553, 0, 17, 1559, 1549, 348, 7.00%, 0, 0, 3, 663.47
1570649558, 0, 17, 1560, 1550, 348, 7.00%, 0, 0, 3, 667.44
1570649563, 0, 17, 1561, 1551, 348, 7.00%, 0, 0, 3, 614.99
1570649568, 0, 17, 1563, 1553, 348, 7.00%, 0, 0, 3, 683.22
1570649660, 0, 17, 1564, 1554, 348, 7.00%, 0, 0, 3, 668.60
1570649772, 0, 17, 1567, 1557, 348, 7.00%, 0, 0, 3, 837.28
1570650718, 0, 17, 1569, 1559, 348, 7.01%, 0, 0, 3, 647.79
1570650723, 0, 17, 1573, 1563, 348, 7.02%, 0, 0, 3, 647.69
1570651153, 0, 22, 1574, 1563, 360, 7.02%, 0, 0, 3, 1457.31
1570651158, 0, 23, 1577, 1565, 362, 7.02%, 0, 0, 3, 2656.78
1570651168, 0, 23, 1580, 1568, 362, 7.02%, 0, 0, 3, 2627.32
1570651193, 0, 23, 1583, 1571, 362, 7.03%, 0, 0, 3, 2657.05
1570651270, 0, 23, 1584, 1572, 362, 7.03%, 0, 0, 3, 2658.33
1570651285, 0, 23, 1592, 1580, 362, 7.03%, 0, 0, 3, 2703.72
1570651290, 0, 23, 1602, 1590, 362, 7.08%, 0, 0, 3, 2728.24
1570651296, 0, 30, 1606, 1593, 368, 7.08%, 0, 0, 3, 2726.60
1570651362, 0, 30, 1607, 1594, 368, 7.08%, 0, 0, 3, 2695.36
1570651383, 0, 31, 1608, 1594, 367, 7.08%, 0, 0, 3, 2673.23
1570651409, 0, 31, 1609, 1595, 367, 7.08%, 0, 0, 3, 2539.50
1570651521, 0, 34, 1609, 1594, 366, 7.08%, 0, 0, 3, 1174.82
1570651537, 0, 34, 1610, 1595, 366, 7.08%, 0, 0, 3, 596.37
1570651573, 0, 34, 1611, 1596, 366, 7.08%, 0, 0, 3, 585.85
1570651583, 0, 34, 1612, 1597, 366, 7.08%, 0, 0, 3, 583.10
1570651593, 0, 34, 1614, 1599, 366, 7.08%, 0, 0, 3, 582.82
1570651604, 0, 34, 1620, 1605, 366, 7.08%, 0, 0, 3, 750.37
1570651609, 0, 34, 1621, 1606, 366, 7.08%, 0, 0, 3, 602.82
1570651614, 0, 34, 1622, 1607, 366, 7.08%, 0, 0, 3, 568.62
1570651619, 0, 34, 1630, 1615, 366, 7.08%, 0, 0, 3, 617.71
1570651701, 0, 34, 1632, 1617, 366, 7.08%, 0, 0, 3, 621.40
1570651706, 0, 34, 1634, 1619, 366, 7.08%, 0, 0, 3, 627.60
1570651717, 0, 34, 1636, 1621, 366, 7.08%, 0, 0, 3, 639.49
1570651799, 0, 34, 1638, 1623, 366, 7.08%, 0, 0, 3, 590.03
1570651804, 0, 34, 1640, 1625, 366, 7.08%, 0, 0, 3, 668.27
1570651814, 0, 34, 1641, 1626, 366, 7.08%, 0, 0, 3, 653.21
1570652149, 0, 34, 1643, 1628, 366, 7.09%, 0, 0, 3, 579.22
1570652155, 0, 34, 1644, 1629, 366, 7.09%, 0, 0, 3, 579.00
1570652175, 0, 34, 1647, 1632, 366, 7.09%, 0, 0, 3, 1253.20
1570652180, 0, 34, 1648, 1633, 366, 7.09%, 0, 0, 3, 873.91
1570652185, 0, 34, 1650, 1635, 366, 7.09%, 0, 0, 3, 795.62
1570652190, 0, 34, 1651, 1636, 366, 7.09%, 0, 0, 3, 567.06
1570652206, 0, 34, 1653, 1638, 366, 7.09%, 0, 0, 3, 758.97
1570652211, 0, 34, 1654, 1639, 366, 7.09%, 0, 0, 3, 1141.77
1570652257, 0, 34, 1658, 1643, 366, 7.09%, 0, 0, 3, 1067.53
1570652262, 0, 34, 1659, 1644, 366, 7.09%, 0, 0, 3, 1131.31
1570652519, 0, 34, 1660, 1645, 366, 7.09%, 0, 0, 3, 92.31
1570652832, 0, 34, 1661, 1646, 366, 7.09%, 0, 0, 3, 1025.26
1570652981, 0, 34, 1664, 1649, 366, 7.09%, 0, 0, 3, 722.39
1570653412, 0, 34, 1666, 1651, 366, 7.09%, 0, 0, 3, 650.59
1570653448, 0, 34, 1674, 1659, 366, 7.10%, 0, 0, 3, 1456.41
1570653453, 0, 34, 1679, 1664, 366, 7.10%, 0, 0, 3, 1700.71
1570653458, 0, 34, 1683, 1668, 366, 7.11%, 0, 0, 3, 1807.78
1570653463, 0, 35, 1690, 1674, 373, 7.11%, 0, 0, 3, 1987.86
1570653469, 0, 35, 1691, 1675, 373, 7.11%, 0, 0, 3, 956.15
1570653540, 0, 35, 1694, 1678, 373, 7.11%, 0, 0, 3, 659.17
1570653545, 0, 35, 1695, 1679, 373, 7.11%, 0, 0, 3, 678.80
1570653555, 0, 35, 1696, 1680, 373, 7.12%, 0, 0, 3, 685.51
1570655168, 0, 35, 1697, 1681, 373, 7.12%, 0, 0, 3, 809.75
1570655173, 0, 53, 1697, 1680, 373, 7.12%, 0, 0, 3, 1142.43
1570655250, 0, 53, 1698, 1681, 373, 7.12%, 0, 0, 3, 689.47
1570655342, 0, 53, 1699, 1682, 373, 7.12%, 0, 0, 3, 705.10
1570655775, 0, 53, 1700, 1683, 373, 7.12%, 0, 0, 3, 640.26
1570656879, 0, 53, 1701, 1684, 373, 7.12%, 0, 0, 3, 848.38
1570656884, 0, 53, 1708, 1691, 373, 7.13%, 0, 0, 3, 1675.55
1570656889, 0, 53, 1712, 1695, 373, 7.14%, 0, 0, 3, 1884.90
1570656894, 0, 53, 1719, 1702, 373, 7.14%, 0, 0, 3, 1808.23
1570656899, 0, 58, 1723, 1705, 375, 7.14%, 0, 0, 3, 1456.77
1570656976, 0, 58, 1724, 1706, 375, 7.14%, 0, 0, 3, 715.17
1570656981, 0, 58, 1725, 1707, 375, 7.14%, 0, 0, 3, 636.25
1570658617, 0, 58, 1730, 1712, 375, 7.14%, 0, 0, 3, 1619.02
1570658622, 0, 58, 1732, 1714, 375, 7.14%, 0, 0, 3, 1872.33
1570658627, 0, 58, 1736, 1718, 375, 7.14%, 0, 0, 3, 1893.85
1570658632, 0, 69, 1737, 1718, 376, 7.14%, 0, 0, 3, 1465.07
1570658934, 0, 69, 1738, 1719, 376, 7.14%, 0, 0, 3, 674.84
1570659240, 0, 69, 1739, 1720, 376, 7.14%, 0, 0, 3, 1104.58
1570660130, 0, 69, 1740, 1721, 376, 7.14%, 0, 0, 3, 714.09
1570660339, 0, 75, 1741, 1721, 375, 7.14%, 0, 0, 3, 1452.32
1570660344, 0, 75, 1742, 1722, 375, 7.14%, 0, 0, 3, 822.68
1570660349, 0, 75, 1743, 1723, 375, 7.14%, 0, 0, 3, 717.71
1570660359, 0, 75, 1744, 1724, 375, 7.14%, 0, 0, 3, 648.99
1570660421, 0, 75, 1746, 1726, 375, 7.14%, 0, 0, 3, 669.80
1570660517, 0, 75, 1747, 1727, 375, 7.14%, 0, 0, 3, 635.63
1570662054, 0, 78, 1748, 1727, 374, 7.14%, 0, 0, 3, 1448.80
1570662136, 0, 78, 1749, 1728, 374, 7.14%, 0, 0, 3, 678.55
1570662350, 0, 78, 1750, 1729, 374, 7.15%, 0, 0, 3, 829.84
1570663767, 0, 101, 1750, 1728, 375, 7.15%, 0, 0, 3, 872.58
1570663844, 0, 101, 1751, 1729, 375, 7.15%, 0, 0, 3, 699.20
1570665486, 0, 102, 1751, 1728, 375, 7.15%, 0, 0, 3, 1027.42
1570665496, 0, 102, 1752, 1729, 375, 7.15%, 0, 0, 3, 679.46
1570665562, 0, 102, 1753, 1730, 375, 7.15%, 0, 0, 3, 706.75
1570667197, 0, 103, 1754, 1730, 375, 7.15%, 0, 0, 3, 1071.42
1570667207, 0, 103, 1755, 1731, 375, 7.15%, 0, 0, 3, 688.93
1570667293, 0, 103, 1756, 1732, 375, 7.15%, 0, 0, 3, 644.77
1570667487, 0, 103, 1757, 1733, 375, 7.15%, 0, 0, 3, 657.58
1570668908, 0, 106, 1758, 1733, 376, 7.16%, 0, 0, 3, 962.19
1570668985, 0, 106, 1759, 1734, 376, 7.16%, 0, 0, 3, 723.94
1570670615, 0, 107, 1761, 1735, 376, 7.16%, 0, 0, 3, 1595.32
1570670727, 0, 107, 1762, 1736, 376, 7.16%, 0, 0, 3, 646.32
1570670804, 0, 107, 1763, 1737, 376, 7.16%, 0, 0, 3, 683.95
1570672326, 0, 107, 1770, 1744, 376, 7.16%, 0, 0, 3, 1523.60
1570672337, 0, 107, 1778, 1752, 376, 7.16%, 0, 0, 3, 1883.68
1570672342, 0, 112, 1780, 1753, 377, 7.16%, 0, 0, 3, 1768.61
1570672419, 0, 112, 1781, 1754, 377, 7.16%, 0, 0, 3, 669.29
1570672424, 0, 112, 1783, 1756, 377, 7.16%, 0, 0, 3, 657.38
1570672510, 0, 112, 1784, 1757, 377, 7.16%, 0, 0, 3, 737.87
1570672745, 0, 112, 1785, 1758, 377, 7.16%, 0, 0, 3, 645.24
1570674057, 0, 113, 1785, 1757, 377, 7.16%, 0, 0, 3, 958.09
1570674256, 0, 113, 1786, 1758, 377, 7.16%, 0, 0, 3, 647.92
1570675763, 0, 115, 1786, 1757, 376, 7.16%, 0, 0, 3, 1340.59
1570677474, 0, 115, 1790, 1761, 376, 7.16%, 0, 0, 3, 1521.03
1570677479, 0, 115, 1794, 1765, 376, 7.16%, 0, 0, 3, 1850.55
1570677484, 0, 115, 1796, 1767, 376, 7.16%, 0, 0, 3, 1929.22
1570677489, 0, 116, 1798, 1768, 377, 7.16%, 0, 0, 3, 1776.17
1570677800, 0, 116, 1799, 1769, 377, 7.16%, 0, 0, 3, 648.75
1570679203, 0, 116, 1800, 1770, 377, 7.16%, 0, 0, 3, 1036.47
1570679208, 0, 118, 1800, 1769, 376, 7.16%, 0, 0, 3, 885.49
1570679285, 0, 118, 1801, 1770, 376, 7.16%, 0, 0, 3, 726.54
1570679494, 0, 118, 1802, 1771, 376, 7.16%, 0, 0, 3, 661.02
1570680917, 0, 122, 1802, 1770, 376, 7.16%, 0, 0, 3, 904.02
1570681019, 0, 122, 1803, 1771, 376, 7.16%, 0, 0, 3, 654.29
1570681229, 0, 122, 1804, 1772, 376, 7.16%, 0, 0, 3, 637.09
1570682631, 0, 122, 1810, 1778, 376, 7.17%, 0, 0, 3, 1455.39
1570682636, 0, 122, 1815, 1783, 376, 7.17%, 0, 0, 3, 1825.62
1570682641, 0, 122, 1818, 1786, 376, 7.17%, 0, 0, 3, 1889.37
1570682646, 0, 123, 1819, 1786, 376, 7.17%, 0, 0, 3, 2044.93
1570683048, 0, 123, 1820, 1787, 376, 7.17%, 0, 0, 3, 640.83
1570683344, 0, 123, 1821, 1788, 376, 7.17%, 0, 0, 3, 683.34
1570684362, 0, 131, 1823, 1789, 371, 7.17%, 0, 0, 3, 1180.59
1570684439, 0, 131, 1824, 1790, 371, 7.17%, 0, 0, 3, 704.40
1570686077, 0, 148, 1824, 1789, 371, 7.17%, 0, 0, 3, 898.01
1570686082, 0, 148, 1825, 1790, 371, 7.17%, 0, 0, 3, 698.03
1570686154, 0, 148, 1826, 1791, 371, 7.17%, 0, 0, 3, 723.73
1570686338, 0, 148, 1827, 1792, 371, 7.17%, 0, 0, 3, 627.94
1570687795, 0, 152, 1827, 1791, 371, 7.17%, 0, 0, 3, 1068.66
1570687871, 0, 152, 1828, 1792, 371, 7.17%, 0, 0, 3, 711.19
1570689517, 0, 161, 1828, 1791, 370, 7.17%, 0, 0, 3, 870.56
1570689594, 0, 161, 1830, 1793, 370, 7.17%, 0, 0, 3, 717.50
1570689599, 0, 161, 1832, 1795, 370, 7.17%, 0, 0, 3, 607.67
1570689844, 0, 161, 1833, 1796, 370, 7.18%, 0, 0, 3, 642.91
1570691234, 0, 162, 1833, 1795, 371, 7.18%, 0, 0, 3, 1053.81
1570691245, 0, 162, 1834, 1796, 371, 7.18%, 0, 0, 3, 692.60
1570692956, 0, 163, 1834, 1795, 370, 7.18%, 0, 0, 3, 1238.24
1570693033, 0, 163, 1835, 1796, 370, 7.18%, 0, 0, 3, 679.48
1570694671, 0, 164, 1835, 1795, 369, 7.18%, 0, 0, 3, 1173.20
1570694747, 0, 164, 1836, 1796, 369, 7.18%, 0, 0, 3, 662.27
1570696386, 0, 165, 1836, 1795, 368, 7.18%, 0, 0, 3, 998.96
1570696396, 0, 165, 1837, 1796, 368, 7.18%, 0, 0, 3, 684.94
1570698096, 0, 173, 1837, 1795, 367, 7.18%, 0, 0, 3, 1307.14
1570698106, 0, 173, 1838, 1796, 367, 7.18%, 0, 0, 3, 701.09
1570698116, 0, 173, 1839, 1797, 367, 7.18%, 0, 0, 3, 642.11
1570699295, 0, 173, 1840, 1798, 367, 7.18%, 0, 0, 3, 651.55
1570699806, 0, 175, 1840, 1797, 366, 7.18%, 0, 0, 3, 1150.08
1570699883, 0, 175, 1841, 1798, 366, 7.18%, 0, 0, 3, 624.66
1570701518, 0, 176, 1841, 1797, 365, 7.18%, 0, 0, 3, 1143.50
1570701528, 0, 176, 1843, 1799, 365, 7.18%, 0, 0, 3, 730.04
1570701599, 0, 176, 1845, 1801, 365, 7.18%, 0, 0, 3, 681.28
1570701798, 0, 176, 1846, 1802, 365, 7.18%, 0, 0, 3, 618.08
1570701849, 0, 176, 1848, 1804, 365, 7.18%, 0, 0, 3, 645.14
1570702207, 0, 176, 1849, 1805, 365, 7.19%, 0, 0, 3, 807.70
1570702718, 0, 176, 1850, 1806, 365, 7.19%, 0, 0, 3, 705.33
1570703030, 0, 176, 1853, 1809, 365, 7.19%, 0, 0, 3, 648.10
1570703229, 0, 178, 1854, 1809, 372, 7.19%, 0, 0, 3, 1399.00
1570703239, 0, 178, 1855, 1810, 372, 7.19%, 0, 0, 3, 722.88
1570704944, 0, 178, 1859, 1814, 372, 7.19%, 0, 0, 3, 1578.47
1570704949, 0, 178, 1863, 1818, 372, 7.19%, 0, 0, 3, 1834.51
1570704955, 0, 178, 1866, 1821, 372, 7.19%, 0, 0, 3, 1894.50
1570704960, 0, 181, 1866, 1820, 372, 7.19%, 0, 0, 3, 1667.51
1570706672, 0, 183, 1866, 1819, 371, 7.19%, 0, 0, 3, 850.81
1570706748, 0, 183, 1869, 1822, 371, 7.19%, 0, 0, 3, 683.96
1570707243, 0, 183, 1870, 1823, 371, 7.19%, 0, 0, 3, 1124.13
1570708382, 0, 184, 1870, 1822, 370, 7.19%, 0, 0, 3, 939.16
1570708392, 0, 184, 1871, 1823, 370, 7.19%, 0, 0, 3, 675.59
1570708571, 0, 184, 1872, 1824, 370, 7.19%, 0, 0, 3, 673.01
1570708719, 0, 184, 1873, 1825, 370, 7.19%, 0, 0, 3, 817.33
1570709264, 0, 184, 1874, 1826, 370, 7.19%, 0, 0, 3, 1181.07
1570710097, 0, 187, 1874, 1825, 369, 7.19%, 0, 0, 3, 1019.64
1570710107, 0, 187, 1875, 1826, 369, 7.19%, 0, 0, 3, 685.89
1570710184, 0, 187, 1876, 1827, 369, 7.19%, 0, 0, 3, 642.04
1570711809, 0, 188, 1876, 1826, 369, 7.19%, 0, 0, 3, 983.56
1570711819, 0, 188, 1877, 1827, 369, 7.19%, 0, 0, 3, 676.82
1570711890, 0, 188, 1879, 1829, 369, 7.19%, 0, 0, 3, 646.38
1570712498, 0, 188, 1880, 1830, 369, 7.20%, 0, 0, 3, 700.17
1570713520, 0, 189, 1880, 1829, 369, 7.20%, 0, 0, 3, 1339.68
1570715235, 0, 191, 1880, 1828, 368, 7.20%, 0, 0, 3, 1757.33
1570715317, 0, 191, 1881, 1829, 368, 7.20%, 0, 0, 3, 2339.71
1570715379, 0, 191, 1882, 1830, 368, 7.20%, 0, 0, 3, 2336.45
1570715568, 0, 194, 1884, 1831, 367, 7.20%, 0, 0, 3, 2668.25
1570715906, 0, 195, 1884, 1830, 366, 7.20%, 0, 0, 3, 2355.11
1570715927, 0, 195, 1885, 1831, 366, 7.21%, 0, 0, 3, 2239.07
1570716240, 0, 196, 1885, 1830, 365, 7.21%, 0, 0, 3, 2292.42
1570716321, 0, 196, 1886, 1831, 365, 7.21%, 0, 0, 3, 667.21
1570717967, 0, 197, 1887, 1831, 365, 7.21%, 0, 0, 3, 1820.60
1570718300, 0, 197, 1888, 1832, 365, 7.21%, 0, 0, 3, 2401.59
1570718305, 0, 202, 1888, 1831, 364, 7.21%, 0, 0, 3, 1209.05
1570718310, 0, 202, 1889, 1832, 364, 7.21%, 0, 0, 3, 766.68
1570718361, 0, 202, 1890, 1833, 364, 7.21%, 0, 0, 3, 639.95
1570718382, 0, 202, 1895, 1838, 364, 7.21%, 0, 0, 3, 698.91
1570718566, 0, 202, 1896, 1839, 364, 7.21%, 0, 0, 3, 618.98
1570718905, 0, 202, 1897, 1840, 364, 7.21%, 0, 0, 3, 1620.99
1570719510, 0, 202, 1898, 1841, 364, 7.21%, 0, 0, 3, 640.81
1570719602, 0, 202, 1899, 1842, 364, 7.21%, 0, 0, 3, 737.31
1570720002, 0, 202, 1900, 1843, 364, 7.21%, 0, 0, 3, 743.11
1570720037, 0, 204, 1902, 1844, 364, 7.21%, 0, 0, 3, 1531.87
1570721512, 0, 204, 1903, 1845, 364, 7.21%, 0, 0, 3, 733.73
1570721762, 0, 207, 1903, 1844, 363, 7.21%, 0, 0, 3, 920.77
1570721844, 0, 207, 1904, 1845, 363, 7.21%, 0, 0, 3, 626.30
1570723483, 0, 209, 1904, 1844, 362, 7.21%, 0, 0, 3, 1158.11
1570723564, 0, 209, 1905, 1845, 362, 7.21%, 0, 0, 3, 681.44
1570724775, 0, 209, 1906, 1846, 362, 7.21%, 0, 0, 3, 748.37
1570725208, 0, 212, 1906, 1845, 361, 7.21%, 0, 0, 3, 1098.29
1570725218, 0, 212, 1907, 1846, 361, 7.21%, 0, 0, 3, 690.57
1570725290, 0, 212, 1912, 1851, 361, 7.21%, 0, 0, 3, 650.79
1570725555, 0, 212, 1913, 1852, 361, 7.21%, 0, 0, 3, 662.70
1570725816, 0, 212, 1914, 1853, 361, 7.21%, 0, 0, 3, 1072.68
1570726929, 0, 214, 1914, 1852, 361, 7.21%, 0, 0, 3, 930.08
1570726934, 0, 214, 1915, 1853, 361, 7.21%, 0, 0, 3, 707.77
1570726939, 0, 214, 1917, 1855, 361, 7.21%, 0, 0, 3, 677.95
1570727005, 0, 214, 1918, 1856, 361, 7.21%, 0, 0, 3, 708.48
1570727010, 0, 214, 1920, 1858, 361, 7.21%, 0, 0, 3, 643.45
1570727030, 0, 214, 1923, 1861, 361, 7.23%, 0, 0, 3, 661.84
1570727275, 0, 214, 1926, 1864, 361, 7.23%, 0, 0, 3, 656.00
1570727531, 0, 214, 1927, 1865, 361, 7.24%, 0, 0, 3, 95.91
1570728461, 0, 214, 1928, 1866, 361, 7.24%, 0, 0, 3, 696.95
1570728655, 0, 217, 1928, 1865, 368, 7.24%, 0, 0, 3, 1058.13
1570728675, 0, 217, 1929, 1866, 368, 7.24%, 0, 0, 3, 643.52
