# unix_time, cycles_done, cur_path, paths_total, pending_total, pending_favs, map_size, unique_crashes, unique_hangs, max_depth, execs_per_sec
1570729381, 0, 0, 1, 1, 1, 3.55%, 0, 0, 1, 615.38
1570729386, 0, 0, 53, 53, 1, 4.02%, 0, 0, 2, 765.67
1570729391, 0, 0, 165, 165, 1, 4.33%, 0, 0, 2, 667.17
1570729396, 0, 0, 232, 232, 1, 4.55%, 0, 0, 2, 680.27
1570729401, 0, 0, 256, 256, 1, 4.59%, 0, 0, 2, 646.00
1570729407, 0, 0, 270, 270, 1, 4.65%, 0, 0, 2, 642.13
1570729438, 0, 0, 280, 280, 1, 4.68%, 0, 0, 2, 639.31
1570729443, 0, 0, 291, 291, 1, 4.70%, 0, 0, 2, 623.40
1570729448, 0, 0, 338, 338, 1, 4.77%, 0, 0, 2, 629.42
1570729453, 0, 0, 348, 348, 1, 4.78%, 0, 0, 2, 633.97
1570729463, 0, 0, 386, 386, 1, 4.94%, 0, 0, 2, 628.04
1570729468, 0, 0, 535, 535, 1, 5.21%, 0, 0, 2, 684.32
1570729473, 0, 0, 639, 639, 1, 5.32%, 0, 0, 2, 527.61
1570729479, 0, 0, 706, 706, 1, 5.33%, 0, 0, 2, 565.13
1570729484, 0, 0, 781, 781, 1, 5.45%, 0, 0, 2, 627.81
1570729489, 0, 0, 799, 799, 1, 5.54%, 0, 0, 2, 654.30
1570729494, 0, 0, 809, 809, 1, 5.56%, 0, 0, 2, 678.13
1570729499, 0, 0, 820, 820, 1, 5.61%, 0, 0, 2, 647.80
1570729504, 0, 0, 823, 823, 1, 5.63%, 0, 0, 2, 631.29
1570729509, 0, 0, 826, 826, 1, 5.64%, 0, 0, 2, 633.22
1570729540, 0, 0, 827, 827, 1, 5.64%, 0, 0, 2, 632.89
1570729545, 0, 0, 829, 829, 1, 5.64%, 0, 0, 2, 634.06
1570729551, 0, 0, 830, 830, 1, 5.64%, 0, 0, 2, 636.48
1570729566, 0, 0, 863, 863, 1, 5.69%, 0, 0, 2, 687.82
1570729571, 0, 0, 888, 888, 1, 5.69%, 0, 0, 2, 621.01
1570729576, 0, 0, 907, 907, 1, 5.70%, 0, 0, 2, 639.10
1570729581, 0, 0, 916, 916, 1, 5.71%, 0, 0, 2, 657.65
1570729587, 0, 0, 919, 919, 1, 5.74%, 0, 0, 2, 659.87
1570729592, 0, 0, 920, 920, 1, 5.74%, 0, 0, 2, 651.18
1570729597, 0, 0, 923, 923, 1, 5.75%, 0, 0, 2, 638.20
1570729602, 0, 0, 925, 925, 1, 5.77%, 0, 0, 2, 636.00
1570729628, 0, 0, 926, 926, 1, 5.77%, 0, 0, 2, 627.25
1570729633, 0, 0, 927, 927, 1, 5.77%, 0, 0, 2, 628.55
1570729644, 0, 0, 928, 928, 1, 5.77%, 0, 0, 2, 629.39
1570729654, 0, 0, 929, 929, 1, 5.77%, 0, 0, 2, 632.13
1570729659, 0, 0, 946, 946, 1, 5.83%, 0, 0, 2, 703.98
1570729664, 0, 0, 952, 952, 1, 5.83%, 0, 0, 2, 604.12
1570729669, 0, 0, 964, 964, 1, 5.83%, 0, 0, 2, 655.65
1570729679, 0, 0, 965, 965, 1, 5.83%, 0, 0, 2, 631.48
1570729685, 0, 0, 972, 972, 1, 5.85%, 0, 0, 2, 630.23
1570729690, 0, 0, 981, 981, 1, 5.86%, 0, 0, 2, 647.36
1570729695, 0, 0, 991, 991, 1, 5.86%, 0, 0, 2, 647.67
1570729700, 0, 0, 1011, 1011, 1, 6.16%, 0, 0, 2, 745.44
1570729705, 0, 0, 1015, 1015, 1, 6.18%, 0, 0, 2, 656.34
1570729710, 0, 0, 1016, 1016, 1, 6.18%, 0, 0, 2, 636.47
1570729715, 0, 0, 1019, 1019, 1, 6.19%, 0, 0, 2, 632.53
1570729731, 0, 0, 1020, 1020, 1, 6.20%, 0, 0, 2, 634.16
1570729746, 0, 0, 1021, 1021, 1, 6.20%, 0, 0, 2, 701.37
1570729751, 0, 0, 1026, 1026, 1, 6.21%, 0, 0, 2, 644.64
1570729757, 0, 0, 1028, 1028, 1, 6.21%, 0, 0, 2, 708.51
1570729762, 0, 0, 1031, 1031, 1, 6.23%, 0, 0, 2, 644.63
1570729767, 0, 0, 1035, 1035, 1, 6.25%, 0, 0, 2, 633.98
1570729772, 0, 0, 1036, 1036, 1, 6.25%, 0, 0, 2, 633.46
1570729777, 0, 0, 1037, 1037, 1, 6.26%, 0, 0, 2, 633.54
1570729783, 0, 0, 1038, 1038, 1, 6.26%, 0, 0, 2, 633.76
1570729798, 0, 0, 1039, 1039, 1, 6.30%, 0, 0, 2, 631.24
1570729808, 0, 0, 1041, 1041, 1, 6.30%, 0, 0, 2, 630.25
1570729813, 0, 0, 1043, 1043, 1, 6.32%, 0, 0, 2, 631.82
1570729819, 0, 0, 1045, 1045, 1, 6.33%, 0, 0, 2, 631.50
1570729829, 0, 0, 1047, 1047, 1, 6.33%, 0, 0, 2, 629.78
1570729854, 0, 0, 1048, 1048, 1, 6.33%, 0, 0, 2, 624.63
1570729901, 0, 0, 1049, 1049, 1, 6.33%, 0, 0, 2, 628.81
1570729906, 0, 0, 1050, 1050, 1, 6.34%, 0, 0, 2, 630.75
1570729911, 0, 0, 1051, 1051, 1, 6.34%, 0, 0, 2, 632.21
1570729916, 0, 0, 1052, 1052, 1, 6.34%, 0, 0, 2, 632.23
1570729927, 0, 0, 1054, 1054, 1, 6.34%, 0, 0, 2, 629.86
1570729947, 0, 0, 1055, 1055, 1, 6.34%, 0, 0, 2, 633.49
1570729983, 0, 0, 1064, 1064, 1, 6.36%, 0, 0, 2, 583.77
1570729989, 0, 0, 1072, 1072, 1, 6.37%, 0, 0, 2, 805.58
1570729994, 0, 0, 1083, 1083, 1, 6.45%, 0, 0, 2, 1182.23
1570729999, 0, 0, 1096, 1096, 1, 6.45%, 0, 0, 2, 105.82
1570730004, 0, 0, 1099, 1099, 1, 6.46%, 0, 0, 2, 961.16
1570730009, 0, 0, 1108, 1108, 1, 6.47%, 0, 0, 2, 1941.37
1570730014, 0, 0, 1112, 1112, 1, 6.47%, 0, 0, 2, 734.93
1570730025, 0, 0, 1122, 1122, 1, 6.47%, 0, 0, 2, 125.33
1570730030, 0, 0, 1123, 1123, 1, 6.48%, 0, 0, 2, 1270.16
1570730035, 0, 0, 1127, 1127, 1, 6.48%, 0, 0, 2, 154.44
1570730045, 0, 0, 1132, 1132, 1, 6.48%, 0, 0, 2, 1270.00
1570730055, 0, 0, 1136, 1136, 1, 6.48%, 0, 0, 2, 540.52
1570730066, 0, 0, 1170, 1170, 1, 6.50%, 0, 0, 2, 956.57
1570730071, 0, 0, 1178, 1178, 1, 6.50%, 0, 0, 2, 870.22
1570730076, 0, 0, 1180, 1180, 1, 6.50%, 0, 0, 2, 780.57
1570730091, 0, 0, 1181, 1181, 1, 6.51%, 0, 0, 2, 633.52
1570730096, 0, 0, 1182, 1182, 1, 6.51%, 0, 0, 2, 629.95
1570730112, 0, 0, 1184, 1184, 1, 6.51%, 0, 0, 2, 663.20
1570730142, 0, 0, 1185, 1185, 1, 6.51%, 0, 0, 2, 628.35
1570730153, 0, 0, 1186, 1186, 1, 6.52%, 0, 0, 2, 635.34
1570730199, 0, 0, 1188, 1188, 1, 6.52%, 0, 0, 2, 626.28
1570730209, 0, 0, 1190, 1190, 1, 6.52%, 0, 0, 2, 630.18
1570730214, 0, 0, 1193, 1193, 1, 6.52%, 0, 0, 2, 635.43
1570730240, 0, 0, 1194, 1194, 1, 6.52%, 0, 0, 2, 623.62
1570730245, 0, 0, 1197, 1197, 1, 6.52%, 0, 0, 2, 629.31
1570730255, 0, 0, 1198, 1198, 1, 6.52%, 0, 0, 2, 631.35
1570730291, 0, 0, 1199, 1199, 1, 6.52%, 0, 0, 2, 630.85
1570730301, 0, 0, 1202, 1202, 1, 6.52%, 0, 0, 2, 45.45
1570730322, 0, 0, 1203, 1203, 1, 6.52%, 0, 0, 2, 1385.72
1570730347, 0, 0, 1204, 1204, 1, 6.52%, 0, 0, 2, 882.93
1570730368, 0, 0, 1205, 1205, 1, 6.52%, 0, 0, 2, 49.59
1570730399, 0, 0, 1206, 1206, 1, 6.52%, 0, 0, 2, 899.67
1570730445, 0, 0, 1207, 1207, 1, 6.52%, 0, 0, 2, 618.12
1570730517, 0, 0, 1208, 1208, 1, 6.52%, 0, 0, 2, 634.08
1570730548, 0, 0, 1209, 1209, 1, 6.52%, 0, 0, 2, 669.33
1570730594, 0, 0, 1210, 1210, 1, 6.53%, 0, 0, 2, 1746.44
1570730615, 0, 0, 1211, 1211, 1, 6.53%, 0, 0, 2, 683.63
1570730630, 0, 0, 1217, 1217, 1, 6.54%, 0, 0, 2, 605.08
1570730635, 0, 0, 1222, 1222, 1, 6.55%, 0, 0, 2, 655.14
1570730697, 0, 0, 1223, 1223, 1, 6.55%, 0, 0, 2, 631.56
1570730717, 0, 0, 1226, 1226, 1, 6.55%, 0, 0, 2, 660.77
1570730722, 0, 0, 1233, 1233, 1, 6.55%, 0, 0, 2, 736.62
1570730727, 0, 0, 1237, 1237, 1, 6.55%, 0, 0, 2, 640.22
1570730733, 0, 0, 1243, 1243, 1, 6.57%, 0, 0, 2, 681.94
1570730738, 0, 0, 1247, 1247, 1, 6.59%, 0, 0, 2, 737.26
1570730897, 0, 0, 1249, 1249, 1, 6.60%, 0, 0, 2, 849.66
1570730902, 0, 0, 1252, 1252, 1, 6.60%, 0, 0, 2, 56.14
1570730907, 0, 0, 1260, 1260, 1, 6.61%, 0, 0, 2, 677.31
1570730912, 0, 0, 1261, 1261, 1, 6.61%, 0, 0, 2, 80.54
1570730928, 0, 0, 1264, 1264, 1, 6.61%, 0, 0, 2, 1801.00
1570730943, 0, 0, 1265, 1265, 1, 6.61%, 0, 0, 2, 648.09
1570730948, 0, 0, 1267, 1267, 1, 6.62%, 0, 0, 2, 723.54
1570731041, 0, 0, 1268, 1268, 1, 6.62%, 0, 0, 2, 950.00
1570731046, 0, 0, 1269, 1269, 1, 6.62%, 0, 0, 2, 874.98
1570731051, 0, 0, 1273, 1273, 1, 6.62%, 0, 0, 2, 703.83
1570731056, 0, 0, 1274, 1274, 1, 6.62%, 0, 0, 2, 607.15
1570731072, 0, 0, 1315, 1315, 1, 6.66%, 0, 0, 2, 1229.61
1570731077, 0, 0, 1344, 1344, 1, 6.66%, 0, 0, 2, 1617.00
1570731082, 0, 0, 1364, 1364, 1, 6.72%, 0, 0, 2, 1695.75
1570731087, 0, 0, 1385, 1385, 1, 6.74%, 0, 0, 2, 1702.92
1570731092, 0, 17, 1396, 1387, 298, 6.74%, 0, 0, 2, 2406.51
1570731097, 0, 69, 1396, 1385, 296, 6.74%, 0, 0, 2, 1365.68
1570731175, 0, 69, 1397, 1386, 296, 6.74%, 0, 0, 3, 692.86
1570731404, 0, 69, 1398, 1387, 296, 6.74%, 0, 0, 3, 653.16
1570731719, 0, 69, 1399, 1388, 296, 6.74%, 0, 0, 3, 87.82
1570732632, 0, 69, 1400, 1389, 296, 6.74%, 0, 0, 3, 664.52
1570732765, 0, 69, 1405, 1394, 296, 6.74%, 0, 0, 3, 995.53
1570732771, 0, 69, 1419, 1408, 296, 6.77%, 0, 0, 3, 1652.13
1570732776, 0, 69, 1431, 1420, 296, 6.78%, 0, 0, 3, 1720.60
1570732781, 0, 69, 1440, 1429, 296, 6.78%, 0, 0, 3, 1691.65
1570732786, 0, 102, 1444, 1431, 304, 6.78%, 0, 0, 3, 1683.24
1570732796, 0, 102, 1445, 1432, 304, 6.78%, 0, 0, 3, 706.20
1570732867, 0, 102, 1448, 1435, 304, 6.78%, 0, 0, 3, 681.18
1570732873, 0, 102, 1449, 1436, 304, 6.78%, 0, 0, 3, 602.96
1570733055, 0, 102, 1450, 1437, 304, 6.78%, 0, 0, 3, 614.55
1570733390, 0, 102, 1451, 1438, 304, 6.78%, 0, 0, 3, 144.00
1570733405, 0, 102, 1453, 1440, 304, 6.78%, 0, 0, 3, 749.21
1570733415, 0, 102, 1454, 1441, 304, 6.78%, 0, 0, 3, 183.23
1570733436, 0, 102, 1455, 1442, 304, 6.78%, 0, 0, 3, 1411.76
1570734110, 0, 102, 1456, 1443, 304, 6.78%, 0, 0, 3, 743.83
1570734461, 0, 103, 1457, 1443, 303, 6.78%, 0, 0, 3, 1362.35
1570734471, 0, 103, 1458, 1444, 303, 6.78%, 0, 0, 3, 699.65
1570734542, 0, 103, 1460, 1446, 303, 6.78%, 0, 0, 3, 684.00
1570734562, 0, 103, 1461, 1447, 303, 6.79%, 0, 0, 3, 636.64
1570734760, 0, 103, 1462, 1448, 303, 6.79%, 0, 0, 3, 638.93
1570734781, 0, 103, 1463, 1449, 303, 6.79%, 0, 0, 3, 630.37
1570736145, 0, 115, 1463, 1448, 304, 6.79%, 0, 0, 3, 900.40
1570736156, 0, 115, 1464, 1449, 304, 6.79%, 0, 0, 3, 662.67
1570736221, 0, 115, 1465, 1450, 304, 6.79%, 0, 0, 3, 644.11
1570736226, 0, 115, 1466, 1451, 304, 6.79%, 0, 0, 3, 656.72
1570736749, 0, 115, 1467, 1452, 304, 6.79%, 0, 0, 3, 1255.65
1570737819, 0, 116, 1467, 1451, 304, 6.79%, 0, 0, 3, 1014.57
1570737900, 0, 116, 1468, 1452, 304, 6.79%, 0, 0, 3, 702.24
1570737905, 0, 116, 1469, 1453, 304, 6.79%, 0, 0, 3, 624.07
1570738001, 0, 116, 1470, 1454, 304, 6.79%, 0, 0, 3, 617.23
1570738139, 0, 116, 1471, 1455, 304, 6.79%, 0, 0, 3, 633.44
1570738412, 0, 116, 1472, 1456, 304, 6.79%, 0, 0, 3, 1032.41
1570739474, 0, 116, 1473, 1457, 304, 6.79%, 0, 0, 3, 640.79
1570739495, 0, 118, 1473, 1456, 303, 6.79%, 0, 0, 3, 968.01
1570739576, 0, 118, 1474, 1457, 303, 6.79%, 0, 0, 3, 653.63
1570739607, 0, 118, 1475, 1458, 303, 6.79%, 0, 0, 3, 625.47
1570739790, 0, 118, 1476, 1459, 303, 6.79%, 0, 0, 3, 644.50
1570741170, 0, 149, 1476, 1457, 302, 6.79%, 0, 0, 3, 1209.52
1570741266, 0, 149, 1477, 1458, 302, 6.79%, 0, 0, 3, 636.93
1570742845, 0, 149, 1486, 1467, 302, 6.80%, 0, 0, 3, 1445.33
1570742850, 0, 149, 1494, 1475, 302, 6.80%, 0, 0, 3, 1716.86
1570742855, 0, 149, 1503, 1484, 302, 6.80%, 0, 0, 3, 1648.71
1570742860, 0, 149, 1508, 1489, 302, 6.81%, 0, 0, 3, 1769.41
1570742865, 0, 175, 1508, 1483, 298, 6.81%, 0, 0, 3, 2132.95
1570742946, 0, 175, 1509, 1484, 298, 6.81%, 0, 0, 3, 699.42
1570744415, 0, 175, 1510, 1485, 298, 6.82%, 0, 0, 3, 724.86
1570744542, 0, 176, 1510, 1484, 298, 6.82%, 0, 0, 3, 917.11
1570744552, 0, 176, 1514, 1488, 298, 6.82%, 0, 0, 3, 666.85
1570744618, 0, 176, 1515, 1489, 298, 6.82%, 0, 0, 3, 637.91
1570744623, 0, 176, 1517, 1491, 298, 6.82%, 0, 0, 3, 656.22
1570744633, 0, 176, 1518, 1492, 298, 6.82%, 0, 0, 3, 668.65
1570744735, 0, 176, 1519, 1493, 298, 6.82%, 0, 0, 3, 664.13
1570744806, 0, 176, 1520, 1494, 298, 6.82%, 0, 0, 3, 689.97
1570744883, 0, 176, 1522, 1496, 298, 6.83%, 0, 0, 3, 629.06
1570745249, 0, 176, 1523, 1497, 298, 6.83%, 0, 0, 3, 841.52
1570745775, 0, 176, 1524, 1498, 298, 6.83%, 0, 0, 3, 608.93
1570746092, 0, 176, 1527, 1501, 298, 6.83%, 0, 0, 3, 631.92
1570746220, 0, 184, 1527, 1498, 302, 6.83%, 0, 0, 3, 1721.41
1570746230, 0, 184, 1528, 1499, 302, 6.83%, 0, 0, 3, 714.31
1570746316, 0, 184, 1529, 1500, 302, 6.83%, 0, 0, 3, 650.08
1570746417, 0, 184, 1530, 1501, 302, 6.83%, 0, 0, 3, 652.97
1570746483, 0, 184, 1531, 1502, 302, 6.83%, 0, 0, 3, 661.48
1570746569, 0, 184, 1532, 1503, 302, 6.83%, 0, 0, 3, 772.09
1570747130, 0, 184, 1534, 1505, 302, 6.83%, 0, 0, 3, 1245.07
1570747901, 0, 192, 1535, 1502, 298, 6.83%, 0, 0, 3, 2032.87
1570748557, 0, 192, 1536, 1503, 298, 6.83%, 0, 0, 3, 127.54
1570748614, 0, 192, 1537, 1504, 298, 6.84%, 0, 0, 3, 664.76
1570749579, 0, 214, 1537, 1499, 293, 6.84%, 0, 0, 3, 1650.72
1570749584, 0, 214, 1538, 1500, 293, 6.84%, 0, 0, 3, 863.31
1570749589, 0, 214, 1540, 1502, 293, 6.84%, 0, 0, 3, 693.30
1570749594, 0, 214, 1541, 1503, 293, 6.84%, 0, 0, 3, 644.37
1570749660, 0, 214, 1542, 1504, 293, 6.84%, 0, 0, 3, 699.23
1570749665, 0, 214, 1546, 1508, 293, 6.84%, 0, 0, 3, 615.79
1570749685, 0, 214, 1549, 1511, 293, 6.86%, 0, 0, 3, 637.50
1570749939, 0, 214, 1552, 1514, 293, 6.86%, 0, 0, 3, 636.96
1570750197, 0, 214, 1553, 1515, 293, 6.87%, 0, 0, 3, 124.82
1570750207, 0, 214, 1554, 1516, 293, 6.87%, 0, 0, 3, 1175.00
1570751138, 0, 214, 1555, 1517, 293, 6.87%, 0, 0, 3, 671.75
1570751260, 0, 214, 1562, 1524, 293, 6.87%, 0, 0, 3, 1467.47
1570751265, 0, 214, 1573, 1535, 293, 6.88%, 0, 0, 3, 1746.47
1570751270, 0, 214, 1580, 1542, 293, 6.88%, 0, 0, 3, 1752.33
1570751275, 0, 224, 1584, 1545, 302, 6.88%, 0, 0, 3, 1921.85
1570751280, 0, 237, 1584, 1543, 300, 6.88%, 0, 0, 3, 1246.48
1570751295, 0, 237, 1585, 1544, 300, 6.88%, 0, 0, 3, 637.85
1570751366, 0, 237, 1586, 1545, 300, 6.88%, 0, 0, 3, 590.82
1570751558, 0, 237, 1587, 1546, 300, 6.89%, 0, 0, 3, 639.26
1570751876, 0, 237, 1588, 1547, 300, 6.89%, 0, 0, 3, 780.10
1570751937, 0, 237, 1589, 1548, 300, 6.89%, 0, 0, 3, 1291.24
1570752612, 0, 237, 1590, 1549, 300, 6.89%, 0, 0, 3, 850.93
1570752966, 0, 237, 1595, 1554, 300, 6.90%, 0, 0, 3, 1107.02
1570752972, 0, 237, 1597, 1556, 300, 6.90%, 0, 0, 3, 1615.07
1570752977, 0, 237, 1605, 1564, 300, 6.90%, 0, 0, 3, 1698.42
1570752982, 0, 237, 1611, 1570, 300, 6.90%, 0, 0, 3, 1729.67
1570752987, 0, 246, 1611, 1569, 299, 6.90%, 0, 0, 3, 1384.40
1570753007, 0, 246, 1612, 1570, 299, 6.90%, 0, 0, 3, 634.83
1570753068, 0, 246, 1613, 1571, 299, 6.90%, 0, 0, 3, 679.84
1570753367, 0, 246, 1614, 1572, 299, 6.90%, 0, 0, 3, 624.19
1570753584, 0, 246, 1615, 1573, 299, 6.90%, 0, 0, 3, 1330.00
1570753594, 0, 246, 1616, 1574, 299, 6.90%, 0, 0, 3, 1255.19
1570753640, 0, 246, 1617, 1575, 299, 6.90%, 0, 0, 3, 1308.79
1570754207, 0, 246, 1618, 1576, 299, 6.92%, 0, 0, 3, 669.27
1570754674, 0, 259, 1618, 1574, 298, 6.92%, 0, 0, 3, 1105.50
1570754695, 0, 259, 1619, 1575, 298, 6.92%, 0, 0, 3, 625.66
1570756362, 0, 266, 1620, 1573, 296, 6.92%, 0, 0, 3, 1827.12
1570756372, 0, 266, 1621, 1574, 296, 6.92%, 0, 0, 3, 713.83
1570756443, 0, 266, 1622, 1575, 296, 6.92%, 0, 0, 3, 693.40
1570756463, 0, 266, 1623, 1576, 296, 6.92%, 0, 0, 3, 630.60
1570756478, 0, 266, 1626, 1579, 296, 6.93%, 0, 0, 3, 629.68
1570756630, 0, 266, 1627, 1580, 296, 6.93%, 0, 0, 3, 688.91
1570756787, 0, 266, 1628, 1581, 296, 6.93%, 0, 0, 3, 623.01
1570757020, 0, 266, 1629, 1582, 296, 6.93%, 0, 0, 3, 78.70
1570757122, 0, 266, 1630, 1583, 296, 6.93%, 0, 0, 3, 626.37
1570758049, 0, 267, 1630, 1582, 298, 6.93%, 0, 0, 3, 999.20
1570758054, 0, 296, 1630, 1580, 296, 6.93%, 0, 0, 3, 1078.31
1570758110, 0, 296, 1631, 1581, 296, 6.93%, 0, 0, 3, 619.78
1570758120, 0, 296, 1632, 1582, 296, 6.93%, 0, 0, 3, 623.19
1570758146, 0, 296, 1633, 1583, 296, 6.93%, 0, 0, 3, 661.71
1570758657, 0, 296, 1634, 1584, 296, 6.93%, 0, 0, 3, 869.52
1570758682, 0, 296, 1635, 1585, 296, 6.93%, 0, 0, 3, 1061.68
1570759737, 0, 305, 1636, 1585, 295, 6.93%, 0, 0, 3, 1126.30
1570759798, 0, 305, 1637, 1586, 295, 6.93%, 0, 0, 3, 623.66
1570759803, 0, 305, 1638, 1587, 295, 6.93%, 0, 0, 3, 627.83
1570759823, 0, 305, 1639, 1588, 295, 6.93%, 0, 0, 3, 619.63
1570759828, 0, 305, 1640, 1589, 295, 6.93%, 0, 0, 3, 663.75
1570760016, 0, 305, 1641, 1590, 295, 6.93%, 0, 0, 3, 647.44
1570761409, 0, 305, 1642, 1591, 295, 6.93%, 0, 0, 3, 615.75
1570761429, 0, 336, 1642, 1590, 294, 6.93%, 0, 0, 3, 1146.17
1570761490, 0, 336, 1643, 1591, 294, 6.93%, 0, 0, 3, 627.79
1570761515, 0, 336, 1646, 1594, 294, 6.93%, 0, 0, 3, 613.29
1570762102, 0, 336, 1647, 1595, 294, 6.93%, 0, 0, 3, 892.47
1570763115, 0, 396, 1647, 1593, 291, 6.93%, 0, 0, 3, 1497.12
1570763196, 0, 396, 1650, 1596, 291, 6.93%, 0, 0, 3, 632.13
1570763206, 0, 396, 1652, 1598, 291, 6.93%, 0, 0, 3, 592.58
1570763291, 0, 396, 1653, 1599, 291, 6.93%, 0, 0, 3, 682.29
1570763720, 0, 396, 1654, 1600, 291, 6.93%, 0, 0, 3, 1155.15
1570764811, 0, 454, 1655, 1599, 289, 6.97%, 0, 0, 3, 1376.32
1570764862, 0, 454, 1656, 1600, 289, 6.97%, 0, 0, 3, 655.36
1570764872, 0, 454, 1657, 1601, 289, 6.97%, 0, 0, 3, 651.08
1570764888, 0, 454, 1658, 1602, 289, 6.97%, 0, 0, 3, 683.15
1570764893, 0, 454, 1664, 1608, 289, 6.97%, 0, 0, 3, 632.12
1570764898, 0, 454, 1666, 1610, 289, 6.97%, 0, 0, 3, 598.80
1570764903, 0, 454, 1671, 1615, 289, 6.97%, 0, 0, 3, 678.96
1570764980, 0, 454, 1675, 1619, 289, 6.98%, 0, 0, 3, 694.94
1570764991, 0, 454, 1677, 1621, 289, 6.98%, 0, 0, 3, 716.30
1570765082, 0, 454, 1678, 1622, 289, 6.98%, 0, 0, 3, 662.14
1570765103, 0, 454, 1679, 1623, 289, 6.98%, 0, 0, 3, 667.89
1570765400, 0, 454, 1680, 1624, 289, 6.99%, 0, 0, 3, 69.49
1570765425, 0, 454, 1681, 1625, 289, 6.99%, 0, 0, 3, 1083.83
1570765461, 0, 454, 1683, 1627, 289, 6.99%, 0, 0, 3, 804.85
1570765466, 0, 454, 1684, 1628, 289, 6.99%, 0, 0, 3, 937.01
1570765701, 0, 454, 1685, 1629, 289, 6.99%, 0, 0, 3, 1111.57
1570766004, 0, 454, 1686, 1630, 289, 6.99%, 0, 0, 3, 672.78
1570766289, 0, 454, 1687, 1631, 289, 6.99%, 0, 0, 3, 898.08
1570766422, 0, 454, 1688, 1632, 289, 6.99%, 0, 0, 3, 660.01
1570766432, 0, 454, 1689, 1633, 289, 6.99%, 0, 0, 3, 611.14
1570766447, 0, 460, 1690, 1633, 299, 7.00%, 0, 0, 3, 1102.57
1570766452, 0, 460, 1695, 1638, 299, 7.00%, 0, 0, 3, 703.82
1570766534, 0, 460, 1696, 1639, 299, 7.00%, 0, 0, 3, 612.92
1570766539, 0, 460, 1697, 1640, 299, 7.00%, 0, 0, 3, 608.42
1570766549, 0, 460, 1699, 1642, 299, 7.00%, 0, 0, 3, 624.28
1570766636, 0, 460, 1700, 1643, 299, 7.00%, 0, 0, 3, 658.71
1570766641, 0, 460, 1703, 1646, 299, 7.00%, 0, 0, 3, 623.08
1570766717, 0, 460, 1704, 1647, 299, 7.00%, 0, 0, 3, 698.02
1570766733, 0, 460, 1705, 1648, 299, 7.00%, 0, 0, 3, 626.29
1570766748, 0, 460, 1706, 1649, 299, 7.00%, 0, 0, 3, 635.50
1570766768, 0, 460, 1708, 1651, 299, 7.00%, 0, 0, 3, 617.72
1570766773, 0, 460, 1710, 1653, 299, 7.00%, 0, 0, 3, 616.12
1570767054, 0, 460, 1712, 1655, 299, 7.00%, 0, 0, 3, 1092.86
1570767069, 0, 460, 1713, 1656, 299, 7.00%, 0, 0, 3, 820.43
1570767146, 0, 460, 1715, 1658, 299, 7.00%, 0, 0, 3, 620.54
1570767687, 0, 460, 1716, 1659, 299, 7.00%, 0, 0, 3, 678.18
1570767794, 0, 460, 1717, 1660, 299, 7.00%, 0, 0, 3, 730.35
1570768121, 0, 460, 1718, 1661, 299, 7.00%, 0, 0, 3, 711.31
1570768136, 0, 460, 1719, 1662, 299, 7.00%, 0, 0, 3, 649.50
1570768162, 0, 482, 1719, 1657, 299, 7.00%, 0, 0, 3, 1744.87
1570768243, 0, 482, 1722, 1660, 299, 7.00%, 0, 0, 3, 701.12
1570768248, 0, 482, 1723, 1661, 299, 7.00%, 0, 0, 3, 618.73
1570768253, 0, 482, 1724, 1662, 299, 7.00%, 0, 0, 3, 586.19
1570768258, 0, 482, 1725, 1663, 299, 7.00%, 0, 0, 3, 642.44
1570768773, 0, 482, 1726, 1664, 299, 7.00%, 0, 0, 3, 1174.22
1570769417, 0, 482, 1727, 1665, 299, 7.00%, 0, 0, 3, 610.04
1570769869, 0, 482, 1728, 1666, 299, 7.00%, 0, 0, 3, 712.24
1570769874, 0, 482, 1729, 1667, 299, 7.00%, 0, 0, 3, 153.19
1570769899, 0, 482, 1730, 1668, 299, 7.00%, 0, 0, 3, 816.91
1570769910, 0, 536, 1730, 1662, 296, 7.00%, 0, 0, 3, 2320.84
1570769915, 0, 568, 1730, 1656, 290, 7.00%, 0, 0, 3, 2101.30
1570769925, 0, 568, 1732, 1658, 290, 7.01%, 0, 0, 3, 714.29
1570769930, 0, 568, 1733, 1659, 290, 7.01%, 0, 0, 3, 642.98
1570769981, 0, 568, 1735, 1661, 290, 7.01%, 0, 0, 3, 621.16
1570770001, 0, 568, 1736, 1662, 290, 7.01%, 0, 0, 3, 609.11
1570770276, 0, 568, 1738, 1664, 290, 7.01%, 0, 0, 3, 640.29
1570770597, 0, 568, 1740, 1666, 290, 7.01%, 0, 0, 3, 926.09
1570771452, 0, 568, 1741, 1667, 290, 7.01%, 0, 0, 3, 437.12
1570771660, 0, 625, 1742, 1665, 293, 7.01%, 0, 0, 3, 1583.55
1570771675, 0, 625, 1743, 1666, 293, 7.01%, 0, 0, 3, 642.86
1570771746, 0, 625, 1744, 1667, 293, 7.01%, 0, 0, 3, 608.69
1570771766, 0, 625, 1749, 1672, 293, 7.01%, 0, 0, 3, 642.93
1570771857, 0, 625, 1751, 1674, 293, 7.01%, 0, 0, 3, 652.98
1570771938, 0, 625, 1752, 1675, 293, 7.01%, 0, 0, 3, 638.05
1570771948, 0, 625, 1753, 1676, 293, 7.01%, 0, 0, 3, 627.85
1570772024, 0, 625, 1760, 1683, 293, 7.01%, 0, 0, 3, 657.49
1570772241, 0, 625, 1761, 1684, 293, 7.01%, 0, 0, 3, 947.37
1570772251, 0, 625, 1764, 1687, 293, 7.01%, 0, 0, 3, 1006.70
1570772256, 0, 625, 1765, 1688, 293, 7.01%, 0, 0, 3, 1127.83
1570772368, 0, 625, 1766, 1689, 293, 7.01%, 0, 0, 3, 644.67
1570772384, 0, 625, 1767, 1690, 293, 7.02%, 0, 0, 3, 614.82
1570772867, 0, 625, 1768, 1691, 293, 7.02%, 0, 0, 3, 665.87
1570773323, 0, 625, 1769, 1692, 293, 7.02%, 0, 0, 3, 587.88
1570773343, 0, 724, 1769, 1691, 293, 7.02%, 0, 0, 3, 1249.06
1570773430, 0, 724, 1770, 1692, 293, 7.02%, 0, 0, 3, 606.55
1570773435, 0, 724, 1771, 1693, 293, 7.02%, 0, 0, 3, 693.74
1570773615, 0, 724, 1772, 1694, 293, 7.02%, 0, 0, 3, 595.03
1570774858, 0, 724, 1773, 1695, 293, 7.02%, 0, 0, 3, 850.67
1570775037, 0, 725, 1773, 1694, 294, 7.02%, 0, 0, 3, 1049.22
1570775113, 0, 725, 1774, 1695, 294, 7.03%, 0, 0, 3, 616.68
1570775119, 0, 725, 1775, 1696, 294, 7.03%, 0, 0, 3, 698.02
1570775129, 0, 725, 1776, 1697, 294, 7.03%, 0, 0, 3, 657.06
1570775210, 0, 725, 1777, 1698, 294, 7.03%, 0, 0, 3, 696.20
1570775327, 0, 725, 1778, 1699, 294, 7.03%, 0, 0, 3, 620.48
1570775342, 0, 725, 1779, 1700, 294, 7.03%, 0, 0, 3, 780.40
1570775631, 0, 725, 1780, 1701, 294, 7.03%, 0, 0, 3, 656.79
1570776770, 0, 725, 1781, 1702, 294, 7.03%, 0, 0, 3, 609.08
1570776775, 0, 755, 1782, 1701, 294, 7.03%, 0, 0, 3, 1687.17
1570776856, 0, 755, 1783, 1702, 294, 7.03%, 0, 0, 3, 693.80
1570776871, 0, 755, 1784, 1703, 294, 7.03%, 0, 0, 3, 649.73
1570778294, 0, 755, 1785, 1704, 294, 7.03%, 0, 0, 3, 830.90
1570778446, 0, 755, 1786, 1705, 294, 7.03%, 0, 0, 3, 447.42
1570778471, 0, 755, 1788, 1707, 294, 7.03%, 0, 0, 3, 1013.52
1570778476, 0, 790, 1790, 1703, 288, 7.04%, 0, 0, 3, 1823.35
1570778557, 0, 790, 1795, 1708, 288, 7.04%, 0, 0, 3, 707.56
1570778562, 0, 790, 1796, 1709, 288, 7.04%, 0, 0, 3, 663.60
1570778567, 0, 790, 1797, 1710, 288, 7.04%, 0, 0, 3, 634.12
1570778744, 0, 790, 1798, 1711, 288, 7.04%, 0, 0, 3, 691.14
1570778780, 0, 790, 1800, 1713, 288, 7.04%, 0, 0, 3, 811.89
1570780184, 0, 799, 1800, 1712, 290, 7.04%, 0, 0, 3, 1294.13
1570780265, 0, 799, 1801, 1713, 290, 7.04%, 0, 0, 3, 685.24
1570780271, 0, 799, 1802, 1714, 290, 7.04%, 0, 0, 3, 627.09
1570781921, 0, 801, 1803, 1714, 290, 7.05%, 0, 0, 3, 1177.06
1570782634, 0, 801, 1804, 1715, 290, 7.05%, 0, 0, 3, 843.75
1570783658, 0, 807, 1804, 1713, 289, 7.05%, 0, 0, 3, 1332.80
1570783739, 0, 807, 1805, 1714, 289, 7.05%, 0, 0, 3, 668.80
1570783855, 0, 807, 1806, 1715, 289, 7.06%, 0, 0, 3, 656.79
1570785401, 0, 809, 1807, 1714, 288, 7.06%, 0, 0, 3, 1182.09
1570787140, 0, 809, 1813, 1720, 288, 7.06%, 0, 0, 3, 1347.65
1570787145, 0, 809, 1817, 1724, 288, 7.06%, 0, 0, 3, 1691.32
1570787150, 0, 809, 1818, 1725, 288, 7.06%, 0, 0, 3, 1732.25
1570787155, 0, 809, 1828, 1735, 288, 7.07%, 0, 0, 3, 1709.40
1570787160, 0, 812, 1831, 1737, 289, 7.07%, 0, 0, 3, 1151.97
1570787246, 0, 812, 1832, 1738, 289, 7.07%, 0, 0, 3, 594.57
1570787363, 0, 812, 1833, 1739, 289, 7.07%, 0, 0, 3, 626.28
1570787621, 0, 812, 1834, 1740, 289, 7.07%, 0, 0, 3, 620.05
1570788868, 0, 812, 1835, 1741, 289, 7.07%, 0, 0, 3, 784.54
1570788899, 0, 818, 1835, 1738, 287, 7.07%, 0, 0, 3, 1691.01
1570790637, 0, 819, 1835, 1737, 286, 7.07%, 0, 0, 3, 917.16
1570790713, 0, 819, 1836, 1738, 286, 7.07%, 0, 0, 3, 621.70
1570791193, 0, 819, 1837, 1739, 286, 7.07%, 0, 0, 3, 621.91
1570792375, 0, 824, 1837, 1738, 285, 7.07%, 0, 0, 3, 818.32
1570792799, 0, 824, 1839, 1740, 285, 7.09%, 0, 0, 3, 621.00
1570794112, 0, 825, 1839, 1739, 286, 7.09%, 0, 0, 3, 1059.57
1570794132, 0, 825, 1840, 1740, 286, 7.11%, 0, 0, 3, 626.00
1570794193, 0, 825, 1842, 1742, 286, 7.11%, 0, 0, 3, 686.69
1570794395, 0, 825, 1843, 1743, 286, 7.11%, 0, 0, 3, 623.59
1570794542, 0, 825, 1844, 1744, 286, 7.11%, 0, 0, 3, 606.72
1570795723, 0, 825, 1845, 1745, 286, 7.11%, 0, 0, 3, 627.90
1570795855, 0, 848, 1846, 1745, 286, 7.11%, 0, 0, 3, 946.38
1570795860, 0, 848, 1848, 1747, 286, 7.11%, 0, 0, 3, 678.16
1570795937, 0, 848, 1849, 1748, 286, 7.11%, 0, 0, 3, 661.27
1570795947, 0, 848, 1851, 1750, 286, 7.11%, 0, 0, 3, 679.58
1570795958, 0, 848, 1852, 1751, 286, 7.11%, 0, 0, 3, 650.07
1570796030, 0, 848, 1853, 1752, 286, 7.11%, 0, 0, 3, 673.90
1570796045, 0, 848, 1854, 1753, 286, 7.11%, 0, 0, 3, 637.84
1570796194, 0, 848, 1856, 1755, 286, 7.11%, 0, 0, 3, 612.48
1570796199, 0, 848, 1858, 1757, 286, 7.11%, 0, 0, 3, 611.73
1570796472, 0, 848, 1860, 1759, 286, 7.11%, 0, 0, 3, 898.82
1570797100, 0, 848, 1861, 1760, 286, 7.11%, 0, 0, 3, 739.66
1570797121, 0, 848, 1862, 1761, 286, 7.11%, 0, 0, 3, 580.31
1570797213, 0, 848, 1864, 1763, 286, 7.11%, 0, 0, 3, 751.34
1570797448, 0, 848, 1866, 1765, 286, 7.11%, 0, 0, 3, 611.77
1570797628, 0, 856, 1866, 1763, 290, 7.11%, 0, 0, 3, 1521.42
1570797716, 0, 856, 1869, 1766, 290, 7.11%, 0, 0, 3, 640.40
1570797819, 0, 856, 1870, 1767, 290, 7.11%, 0, 0, 3, 615.31
1570797916, 0, 856, 1871, 1768, 290, 7.11%, 0, 0, 3, 733.72
1570797957, 0, 856, 1872, 1769, 290, 7.11%, 0, 0, 3, 677.58
1570798024, 0, 856, 1874, 1771, 290, 7.11%, 0, 0, 3, 597.73
1570798075, 0, 856, 1875, 1772, 290, 7.11%, 0, 0, 3, 581.65
1570798398, 0, 856, 1876, 1773, 290, 7.11%, 0, 0, 3, 616.39
1570799458, 0, 856, 1877, 1774, 290, 7.11%, 0, 0, 3, 899.66
1570799489, 0, 871, 1877, 1771, 289, 7.11%, 0, 0, 3, 1171.79
1570799645, 0, 871, 1878, 1772, 289, 7.11%, 0, 0, 3, 625.07
1570801228, 0, 906, 1880, 1772, 290, 7.12%, 0, 0, 3, 1619.69
1570801389, 0, 906, 1881, 1773, 290, 7.12%, 0, 0, 3, 624.87
1570801906, 0, 906, 1882, 1774, 290, 7.12%, 0, 0, 3, 885.47
1570802946, 0, 906, 1883, 1775, 290, 7.12%, 0, 0, 3, 830.13
1570802977, 0, 916, 1884, 1774, 289, 7.12%, 0, 0, 3, 1231.05
1570803058, 0, 916, 1885, 1775, 289, 7.12%, 0, 0, 3, 710.12
1570804726, 0, 921, 1886, 1774, 288, 7.12%, 0, 0, 3, 1131.22
1570806468, 0, 923, 1886, 1773, 287, 7.12%, 0, 0, 3, 834.98
1570806544, 0, 923, 1887, 1774, 287, 7.12%, 0, 0, 3, 637.59
1570806580, 0, 923, 1888, 1775, 287, 7.12%, 0, 0, 3, 621.44
1570806671, 0, 923, 1889, 1776, 287, 7.13%, 0, 0, 3, 628.07
1570808207, 0, 925, 1889, 1775, 288, 7.13%, 0, 0, 3, 972.77
1570808283, 0, 925, 1890, 1776, 288, 7.13%, 0, 0, 3, 615.34
1570808511, 0, 925, 1891, 1777, 288, 7.13%, 0, 0, 3, 824.97
1570809942, 0, 926, 1891, 1776, 287, 7.13%, 0, 0, 3, 1152.17
1570811680, 0, 971, 1891, 1773, 284, 7.13%, 0, 0, 3, 1350.13
1570811695, 0, 971, 1892, 1774, 284, 7.13%, 0, 0, 3, 636.71
1570811700, 0, 971, 1893, 1775, 284, 7.13%, 0, 0, 3, 625.31
1570811730, 0, 971, 1897, 1779, 284, 7.15%, 0, 0, 3, 624.97
1570811761, 0, 971, 1898, 1780, 284, 7.15%, 0, 0, 3, 686.73
1570812150, 0, 971, 1899, 1781, 284, 7.15%, 0, 0, 3, 625.98
1570813416, 0, 982, 1899, 1780, 286, 7.15%, 0, 0, 3, 1295.79
1570813421, 0, 995, 1900, 1778, 283, 7.15%, 0, 0, 3, 1172.96
1570813725, 0, 995, 1901, 1779, 283, 7.16%, 0, 0, 3, 772.06
1570814759, 0, 995, 1902, 1780, 283, 7.17%, 0, 0, 3, 636.86
1570815155, 0, 995, 1905, 1783, 283, 7.17%, 0, 0, 3, 1442.93
1570815160, 0, 995, 1912, 1790, 283, 7.17%, 0, 0, 3, 1687.91
1570815165, 0, 995, 1914, 1792, 283, 7.17%, 0, 0, 3, 1750.62
1570815170, 0, 995, 1918, 1796, 283, 7.17%, 0, 0, 3, 1751.79
1570815175, 0, 1013, 1918, 1794, 288, 7.17%, 0, 0, 3, 1240.91
1570815251, 0, 1013, 1919, 1795, 288, 7.17%, 0, 0, 3, 611.97
1570815256, 0, 1013, 1921, 1797, 288, 7.17%, 0, 0, 3, 667.02
1570815749, 0, 1013, 1922, 1798, 288, 7.18%, 0, 0, 3, 1196.86
