# unix_time, cycles_done, cur_path, paths_total, pending_total, pending_favs, map_size, unique_crashes, unique_hangs, max_depth, execs_per_sec
1570642421, 0, 0, 1, 1, 1, 3.55%, 0, 0, 1, 727.27
1570642426, 0, 0, 90, 90, 1, 4.06%, 0, 0, 2, 881.18
1570642432, 0, 0, 189, 189, 1, 4.38%, 0, 0, 2, 784.63
1570642437, 0, 0, 247, 247, 1, 4.58%, 0, 0, 2, 779.41
1570642442, 0, 0, 267, 267, 1, 4.62%, 0, 0, 2, 755.66
1570642447, 0, 0, 270, 270, 1, 4.65%, 0, 0, 2, 752.11
1570642468, 0, 0, 274, 274, 1, 4.67%, 0, 0, 2, 733.11
1570642473, 0, 0, 280, 280, 1, 4.68%, 0, 0, 2, 734.32
1570642478, 0, 0, 330, 330, 1, 4.77%, 0, 0, 2, 717.77
1570642483, 0, 0, 348, 348, 1, 4.78%, 0, 0, 2, 706.50
1570642493, 0, 0, 375, 375, 1, 4.92%, 0, 0, 2, 694.49
1570642498, 0, 0, 529, 529, 1, 5.21%, 0, 0, 2, 735.47
1570642503, 0, 0, 638, 638, 1, 5.32%, 0, 0, 2, 638.19
1570642508, 0, 0, 707, 707, 1, 5.33%, 0, 0, 2, 612.40
1570642513, 0, 0, 788, 788, 1, 5.54%, 0, 0, 2, 590.57
1570642518, 0, 0, 795, 795, 1, 5.54%, 0, 0, 2, 671.35
1570642523, 0, 0, 808, 808, 1, 5.58%, 0, 0, 2, 704.05
1570642528, 0, 0, 816, 816, 1, 5.61%, 0, 0, 2, 684.31
1570642534, 0, 0, 822, 822, 1, 5.64%, 0, 0, 2, 677.20
1570642564, 0, 0, 823, 823, 1, 5.64%, 0, 0, 2, 622.79
1570642569, 0, 0, 824, 824, 1, 5.64%, 0, 0, 2, 625.46
1570642574, 0, 0, 825, 825, 1, 5.64%, 0, 0, 2, 626.71
1570642579, 0, 0, 826, 826, 1, 5.64%, 0, 0, 2, 627.63
1570642589, 0, 0, 830, 830, 1, 5.64%, 0, 0, 2, 609.94
1570642595, 0, 0, 871, 871, 1, 5.69%, 0, 0, 2, 669.66
1570642600, 0, 0, 888, 888, 1, 5.69%, 0, 0, 2, 609.96
1570642605, 0, 0, 910, 910, 1, 5.71%, 0, 0, 2, 702.32
1570642610, 0, 0, 912, 912, 1, 5.71%, 0, 0, 2, 638.32
1570642615, 0, 0, 913, 913, 1, 5.74%, 0, 0, 2, 665.40
1570642620, 0, 0, 914, 914, 1, 5.74%, 0, 0, 2, 639.25
1570642625, 0, 0, 918, 918, 1, 5.77%, 0, 0, 2, 630.01
1570642630, 0, 0, 919, 919, 1, 5.77%, 0, 0, 2, 625.38
1570642656, 0, 0, 920, 920, 1, 5.77%, 0, 0, 2, 627.06
1570642661, 0, 0, 921, 921, 1, 5.77%, 0, 0, 2, 626.85
1570642671, 0, 0, 922, 922, 1, 5.77%, 0, 0, 2, 625.49
1570642686, 0, 0, 934, 934, 1, 5.77%, 0, 0, 2, 687.40
1570642691, 0, 0, 946, 946, 1, 5.83%, 0, 0, 2, 626.26
1570642696, 0, 0, 950, 950, 1, 5.83%, 0, 0, 2, 590.11
1570642701, 0, 0, 960, 960, 1, 5.83%, 0, 0, 2, 644.46
1570642711, 0, 0, 967, 967, 1, 5.84%, 0, 0, 2, 631.88
1570642717, 0, 0, 975, 975, 1, 5.85%, 0, 0, 2, 627.55
1570642722, 0, 0, 980, 980, 1, 5.86%, 0, 0, 2, 636.87
1570642727, 0, 0, 1008, 1008, 1, 6.16%, 0, 0, 2, 819.39
1570642732, 0, 0, 1011, 1011, 1, 6.18%, 0, 0, 2, 663.25
1570642737, 0, 0, 1013, 1013, 1, 6.18%, 0, 0, 2, 636.26
1570642742, 0, 0, 1016, 1016, 1, 6.19%, 0, 0, 2, 627.29
1570642762, 0, 0, 1017, 1017, 1, 6.20%, 0, 0, 2, 627.17
1570642778, 0, 0, 1018, 1018, 1, 6.20%, 0, 0, 2, 662.21
1570642783, 0, 0, 1023, 1023, 1, 6.21%, 0, 0, 2, 626.28
1570642788, 0, 0, 1028, 1028, 1, 6.23%, 0, 0, 2, 669.53
1570642793, 0, 0, 1030, 1030, 1, 6.23%, 0, 0, 2, 630.71
1570642798, 0, 0, 1032, 1032, 1, 6.25%, 0, 0, 2, 628.67
1570642803, 0, 0, 1033, 1033, 1, 6.25%, 0, 0, 2, 624.07
1570642808, 0, 0, 1034, 1034, 1, 6.26%, 0, 0, 2, 623.76
1570642813, 0, 0, 1035, 1035, 1, 6.26%, 0, 0, 2, 626.69
1570642828, 0, 0, 1036, 1036, 1, 6.30%, 0, 0, 2, 621.44
1570642838, 0, 0, 1038, 1038, 1, 6.30%, 0, 0, 2, 623.67
1570642843, 0, 0, 1040, 1040, 1, 6.32%, 0, 0, 2, 615.49
1570642848, 0, 0, 1042, 1042, 1, 6.33%, 0, 0, 2, 623.79
1570642858, 0, 0, 1044, 1044, 1, 6.33%, 0, 0, 2, 622.23
1570642884, 0, 0, 1045, 1045, 1, 6.33%, 0, 0, 2, 620.13
1570642935, 0, 0, 1047, 1047, 1, 6.34%, 0, 0, 2, 622.43
1570642945, 0, 0, 1048, 1048, 1, 6.34%, 0, 0, 2, 620.43
1570642950, 0, 0, 1049, 1049, 1, 6.34%, 0, 0, 2, 623.00
1570642955, 0, 0, 1051, 1051, 1, 6.34%, 0, 0, 2, 621.85
1570642980, 0, 0, 1052, 1052, 1, 6.34%, 0, 0, 2, 617.37
1570643015, 0, 0, 1060, 1060, 1, 6.36%, 0, 0, 2, 94.34
1570643021, 0, 0, 1068, 1068, 1, 6.37%, 0, 0, 2, 867.43
1570643026, 0, 0, 1074, 1074, 1, 6.45%, 0, 0, 2, 1145.57
1570643031, 0, 0, 1086, 1086, 1, 6.45%, 0, 0, 2, 906.49
1570643036, 0, 0, 1094, 1094, 1, 6.46%, 0, 0, 2, 1128.10
1570643041, 0, 0, 1104, 1104, 1, 6.47%, 0, 0, 2, 224.73
1570643046, 0, 0, 1107, 1107, 1, 6.47%, 0, 0, 2, 1176.39
1570643051, 0, 0, 1108, 1108, 1, 6.47%, 0, 0, 2, 85.00
1570643056, 0, 0, 1116, 1116, 1, 6.47%, 0, 0, 2, 515.24
1570643061, 0, 0, 1119, 1119, 1, 6.48%, 0, 0, 2, 73.39
1570643066, 0, 0, 1122, 1122, 1, 6.48%, 0, 0, 2, 1186.85
1570643072, 0, 0, 1123, 1123, 1, 6.48%, 0, 0, 2, 1432.84
1570643077, 0, 0, 1124, 1124, 1, 6.48%, 0, 0, 2, 1132.05
1570643082, 0, 0, 1128, 1128, 1, 6.48%, 0, 0, 2, 1273.97
1570643087, 0, 0, 1132, 1132, 1, 6.48%, 0, 0, 2, 449.01
1570643097, 0, 0, 1135, 1135, 1, 6.49%, 0, 0, 2, 1058.31
1570643102, 0, 0, 1168, 1168, 1, 6.50%, 0, 0, 2, 897.66
1570643107, 0, 0, 1176, 1176, 1, 6.50%, 0, 0, 2, 890.39
1570643128, 0, 0, 1178, 1178, 1, 6.51%, 0, 0, 2, 623.43
1570643143, 0, 0, 1179, 1179, 1, 6.51%, 0, 0, 2, 695.87
1570643148, 0, 0, 1180, 1180, 1, 6.51%, 0, 0, 2, 632.57
1570643178, 0, 0, 1181, 1181, 1, 6.51%, 0, 0, 2, 622.02
1570643188, 0, 0, 1182, 1182, 1, 6.52%, 0, 0, 2, 625.42
1570643233, 0, 0, 1184, 1184, 1, 6.52%, 0, 0, 2, 626.78
1570643244, 0, 0, 1186, 1186, 1, 6.52%, 0, 0, 2, 627.00
1570643249, 0, 0, 1189, 1189, 1, 6.52%, 0, 0, 2, 627.66
1570643274, 0, 0, 1190, 1190, 1, 6.52%, 0, 0, 2, 623.23
1570643279, 0, 0, 1192, 1192, 1, 6.52%, 0, 0, 2, 625.82
1570643284, 0, 0, 1193, 1193, 1, 6.52%, 0, 0, 2, 625.34
1570643294, 0, 0, 1194, 1194, 1, 6.52%, 0, 0, 2, 621.79
1570643324, 0, 0, 1195, 1195, 1, 6.52%, 0, 0, 2, 620.66
1570643339, 0, 0, 1198, 1198, 1, 6.52%, 0, 0, 2, 1645.52
1570643360, 0, 0, 1199, 1199, 1, 6.52%, 0, 0, 2, 1956.15
1570643380, 0, 0, 1200, 1200, 1, 6.52%, 0, 0, 2, 1359.70
1570643401, 0, 0, 1201, 1201, 1, 6.52%, 0, 0, 2, 1880.00
1570643437, 0, 0, 1202, 1202, 1, 6.52%, 0, 0, 2, 846.99
1570643477, 0, 0, 1203, 1203, 1, 6.52%, 0, 0, 2, 627.62
1570643553, 0, 0, 1204, 1204, 1, 6.52%, 0, 0, 2, 623.42
1570643584, 0, 0, 1205, 1205, 1, 6.52%, 0, 0, 2, 620.39
1570643630, 0, 0, 1206, 1206, 1, 6.53%, 0, 0, 2, 2027.37
1570643650, 0, 0, 1207, 1207, 1, 6.53%, 0, 0, 2, 759.37
1570643665, 0, 0, 1212, 1212, 1, 6.54%, 0, 0, 2, 645.64
1570643670, 0, 0, 1218, 1218, 1, 6.55%, 0, 0, 2, 690.64
1570643736, 0, 0, 1219, 1219, 1, 6.55%, 0, 0, 2, 628.12
1570643756, 0, 0, 1223, 1223, 1, 6.55%, 0, 0, 2, 681.62
1570643761, 0, 0, 1230, 1230, 1, 6.55%, 0, 0, 2, 728.35
1570643766, 0, 0, 1233, 1233, 1, 6.55%, 0, 0, 2, 633.69
1570643771, 0, 0, 1241, 1241, 1, 6.57%, 0, 0, 2, 694.19
1570643777, 0, 0, 1244, 1244, 1, 6.59%, 0, 0, 2, 713.91
1570643934, 0, 0, 1246, 1246, 1, 6.60%, 0, 0, 2, 653.53
1570643939, 0, 0, 1249, 1249, 1, 6.60%, 0, 0, 2, 863.33
1570643944, 0, 0, 1256, 1256, 1, 6.61%, 0, 0, 2, 66.99
1570643949, 0, 0, 1258, 1258, 1, 6.61%, 0, 0, 2, 770.60
1570643969, 0, 0, 1261, 1261, 1, 6.61%, 0, 0, 2, 891.43
1570643984, 0, 0, 1264, 1264, 1, 6.62%, 0, 0, 2, 622.12
1570644080, 0, 0, 1265, 1265, 1, 6.62%, 0, 0, 2, 679.15
1570644086, 0, 0, 1266, 1266, 1, 6.62%, 0, 0, 2, 804.50
1570644091, 0, 0, 1268, 1268, 1, 6.62%, 0, 0, 2, 712.06
1570644096, 0, 0, 1271, 1271, 1, 6.62%, 0, 0, 2, 610.46
1570644111, 0, 0, 1278, 1278, 1, 6.63%, 0, 0, 2, 738.96
1570644116, 0, 0, 1318, 1318, 1, 6.68%, 0, 0, 2, 1510.39
1570644121, 0, 0, 1339, 1339, 1, 6.68%, 0, 0, 2, 1805.42
1570644126, 0, 0, 1361, 1361, 1, 6.70%, 0, 0, 2, 1816.71
1570644131, 0, 1, 1371, 1370, 338, 6.70%, 0, 0, 2, 2125.51
1570644136, 0, 1, 1381, 1380, 338, 6.74%, 0, 0, 3, 2622.29
1570644141, 0, 2, 1385, 1383, 347, 6.78%, 0, 0, 3, 2713.69
1570644147, 0, 3, 1385, 1382, 346, 6.78%, 0, 0, 3, 2784.32
1570644152, 0, 6, 1385, 1380, 344, 6.78%, 0, 0, 3, 2796.56
1570644157, 0, 8, 1389, 1382, 343, 6.78%, 0, 0, 3, 2683.38
1570644334, 0, 8, 1390, 1383, 343, 6.78%, 0, 0, 3, 673.44
1570644461, 0, 8, 1391, 1384, 343, 6.78%, 0, 0, 3, 751.03
1570645146, 0, 8, 1392, 1385, 343, 6.78%, 0, 0, 3, 783.85
1570645841, 0, 8, 1397, 1390, 343, 6.78%, 0, 0, 3, 1096.20
1570645846, 0, 8, 1410, 1403, 343, 6.80%, 0, 0, 3, 1674.00
1570645851, 0, 8, 1422, 1415, 343, 6.82%, 0, 0, 3, 1700.02
1570645856, 0, 8, 1429, 1422, 343, 6.82%, 0, 0, 3, 1721.88
1570645861, 0, 9, 1434, 1426, 340, 6.82%, 0, 0, 3, 405.92
1570645882, 0, 9, 1435, 1427, 340, 6.82%, 0, 0, 3, 632.93
1570645912, 0, 9, 1436, 1428, 340, 6.82%, 0, 0, 3, 622.79
1570645923, 0, 9, 1437, 1429, 340, 6.82%, 0, 0, 3, 629.26
1570645928, 0, 9, 1438, 1430, 340, 6.82%, 0, 0, 3, 630.59
1570645938, 0, 9, 1439, 1431, 340, 6.82%, 0, 0, 3, 653.52
1570645943, 0, 9, 1448, 1440, 340, 6.87%, 0, 0, 3, 664.05
1570645948, 0, 9, 1451, 1443, 340, 6.87%, 0, 0, 3, 596.61
1570645954, 0, 9, 1458, 1450, 340, 6.87%, 0, 0, 3, 670.17
1570646046, 0, 9, 1459, 1451, 340, 6.88%, 0, 0, 3, 670.38
1570646122, 0, 9, 1460, 1452, 340, 6.88%, 0, 0, 3, 672.69
1570646127, 0, 9, 1461, 1453, 340, 6.88%, 0, 0, 3, 679.58
1570646132, 0, 9, 1462, 1454, 340, 6.88%, 0, 0, 3, 591.41
1570646138, 0, 9, 1465, 1457, 340, 6.88%, 0, 0, 3, 654.09
1570646148, 0, 9, 1466, 1458, 340, 6.88%, 0, 0, 3, 622.43
1570646428, 0, 9, 1467, 1459, 340, 6.88%, 0, 0, 3, 631.32
1570646459, 0, 9, 1468, 1460, 340, 6.88%, 0, 0, 3, 1139.13
1570646465, 0, 9, 1469, 1461, 340, 6.88%, 0, 0, 3, 141.57
1570646501, 0, 9, 1471, 1463, 340, 6.88%, 0, 0, 3, 1465.00
1570646531, 0, 9, 1475, 1467, 340, 6.88%, 0, 0, 3, 1053.68
1570646582, 0, 9, 1476, 1468, 340, 6.88%, 0, 0, 3, 638.69
1570647201, 0, 9, 1477, 1469, 340, 6.88%, 0, 0, 3, 809.19
1570647368, 0, 9, 1478, 1470, 340, 6.88%, 0, 0, 3, 136.25
1570647517, 0, 9, 1479, 1471, 340, 6.88%, 0, 0, 3, 758.61
1570647527, 0, 9, 1480, 1472, 340, 6.88%, 0, 0, 3, 712.64
1570647547, 0, 9, 1481, 1473, 340, 6.88%, 0, 0, 3, 749.37
1570647553, 0, 11, 1483, 1474, 343, 6.88%, 0, 0, 3, 1705.58
1570647568, 0, 11, 1484, 1475, 343, 6.88%, 0, 0, 3, 2126.89
1570647578, 0, 11, 1511, 1502, 343, 6.88%, 0, 0, 3, 2182.04
1570647634, 0, 11, 1512, 1503, 343, 6.88%, 0, 0, 3, 2151.39
1570647639, 0, 11, 1515, 1506, 343, 6.88%, 0, 0, 3, 2225.70
1570647680, 0, 11, 1516, 1507, 343, 6.88%, 0, 0, 3, 2194.25
1570647859, 0, 11, 1518, 1509, 343, 6.88%, 0, 0, 3, 2220.75
1570647895, 0, 11, 1519, 1510, 343, 6.88%, 0, 0, 3, 2225.32
1570647905, 0, 11, 1522, 1513, 343, 6.89%, 0, 0, 3, 2249.33
1570647910, 0, 13, 1524, 1514, 344, 6.90%, 0, 0, 3, 1433.28
1570647991, 0, 13, 1528, 1518, 344, 6.90%, 0, 0, 3, 659.85
1570647997, 0, 13, 1529, 1519, 344, 6.90%, 0, 0, 3, 597.28
1570648215, 0, 13, 1533, 1523, 344, 6.91%, 0, 0, 3, 809.38
1570649255, 0, 13, 1534, 1524, 344, 6.91%, 0, 0, 3, 745.64
1570649442, 0, 13, 1535, 1525, 344, 6.91%, 0, 0, 3, 730.58
1570649624, 0, 13, 1536, 1526, 344, 6.91%, 0, 0, 3, 787.72
1570649629, 0, 13, 1539, 1529, 344, 6.91%, 0, 0, 3, 669.59
1570649635, 0, 13, 1540, 1530, 344, 6.91%, 0, 0, 3, 640.14
1570649660, 0, 13, 1548, 1538, 344, 6.91%, 0, 0, 3, 1430.23
1570649665, 0, 13, 1551, 1541, 344, 6.91%, 0, 0, 3, 1769.35
1570649670, 0, 13, 1561, 1551, 344, 6.92%, 0, 0, 3, 1848.10
1570649675, 0, 17, 1569, 1558, 351, 6.92%, 0, 0, 3, 2002.95
1570649680, 0, 17, 1574, 1563, 351, 6.96%, 0, 0, 3, 956.56
1570649736, 0, 17, 1576, 1565, 351, 6.96%, 0, 0, 3, 623.95
1570649756, 0, 17, 1580, 1569, 351, 6.96%, 0, 0, 3, 697.86
1570649766, 0, 17, 1581, 1570, 351, 6.96%, 0, 0, 3, 585.40
1570649771, 0, 17, 1583, 1572, 351, 6.96%, 0, 0, 3, 658.41
1570649862, 0, 17, 1584, 1573, 351, 6.97%, 0, 0, 3, 677.82
1570649983, 0, 17, 1587, 1576, 351, 6.97%, 0, 0, 3, 729.60
1570650959, 0, 17, 1588, 1577, 351, 6.97%, 0, 0, 3, 623.45
1570650964, 0, 17, 1593, 1582, 351, 6.99%, 0, 0, 3, 623.76
1570651411, 0, 21, 1593, 1581, 363, 6.99%, 0, 0, 3, 2107.03
1570651483, 0, 21, 1594, 1582, 363, 6.99%, 0, 0, 3, 2549.72
1570651488, 0, 21, 1595, 1583, 363, 6.99%, 0, 0, 3, 2562.12
1570651504, 0, 22, 1598, 1585, 363, 6.99%, 0, 0, 3, 2790.51
1570651509, 0, 23, 1599, 1585, 364, 6.99%, 0, 0, 3, 2665.44
1570651514, 0, 23, 1601, 1587, 364, 6.99%, 0, 0, 3, 2504.22
1570651519, 0, 23, 1604, 1590, 364, 6.99%, 0, 0, 3, 2493.01
1570651525, 0, 23, 1605, 1591, 364, 7.00%, 0, 0, 3, 2495.47
1570651545, 0, 23, 1608, 1594, 364, 7.01%, 0, 0, 3, 2519.39
1570651621, 0, 23, 1609, 1595, 364, 7.01%, 0, 0, 3, 2545.90
1570651642, 0, 23, 1618, 1604, 364, 7.05%, 0, 0, 3, 2644.44
1570651647, 0, 23, 1623, 1609, 364, 7.05%, 0, 0, 3, 2646.45
1570651652, 0, 30, 1624, 1609, 368, 7.05%, 0, 0, 3, 2599.59
1570651739, 0, 30, 1625, 1610, 368, 7.05%, 0, 0, 3, 2555.72
1570651744, 0, 31, 1626, 1610, 367, 7.05%, 0, 0, 3, 2500.15
1570651770, 0, 31, 1627, 1611, 367, 7.05%, 0, 0, 3, 2430.45
1570651883, 0, 34, 1627, 1610, 366, 7.05%, 0, 0, 3, 2489.34
1570651888, 0, 34, 1628, 1611, 366, 7.05%, 0, 0, 3, 1005.23
1570651903, 0, 34, 1629, 1612, 366, 7.05%, 0, 0, 3, 567.56
1570651944, 0, 34, 1631, 1614, 366, 7.05%, 0, 0, 3, 562.26
1570651954, 0, 34, 1633, 1616, 366, 7.05%, 0, 0, 3, 560.93
1570651959, 0, 34, 1635, 1618, 366, 7.05%, 0, 0, 3, 562.23
1570651975, 0, 34, 1642, 1625, 366, 7.05%, 0, 0, 3, 664.72
1570651980, 0, 34, 1643, 1626, 366, 7.05%, 0, 0, 3, 564.64
1570651985, 0, 34, 1649, 1632, 366, 7.05%, 0, 0, 3, 556.03
1570651990, 0, 34, 1652, 1635, 366, 7.05%, 0, 0, 3, 585.90
1570652077, 0, 34, 1656, 1639, 366, 7.05%, 0, 0, 3, 648.36
1570652087, 0, 34, 1659, 1642, 366, 7.05%, 0, 0, 3, 560.35
1570652179, 0, 34, 1661, 1644, 366, 7.05%, 0, 0, 3, 652.64
1570652184, 0, 34, 1662, 1645, 366, 7.05%, 0, 0, 3, 581.82
1570652195, 0, 34, 1663, 1646, 366, 7.05%, 0, 0, 3, 579.06
1570652539, 0, 34, 1665, 1648, 366, 7.06%, 0, 0, 3, 556.78
1570652544, 0, 34, 1666, 1649, 366, 7.06%, 0, 0, 3, 562.69
1570652569, 0, 34, 1671, 1654, 366, 7.06%, 0, 0, 3, 645.82
1570652574, 0, 34, 1673, 1656, 366, 7.06%, 0, 0, 3, 1265.50
1570652579, 0, 34, 1674, 1657, 366, 7.06%, 0, 0, 3, 955.73
1570652585, 0, 34, 1675, 1658, 366, 7.06%, 0, 0, 3, 1152.90
1570652595, 0, 34, 1677, 1660, 366, 7.06%, 0, 0, 3, 845.00
1570652600, 0, 34, 1679, 1662, 366, 7.06%, 0, 0, 3, 1185.00
1570652605, 0, 34, 1680, 1663, 366, 7.06%, 0, 0, 3, 139.29
1570652651, 0, 34, 1684, 1667, 366, 7.06%, 0, 0, 3, 1016.22
1570652656, 0, 34, 1687, 1670, 366, 7.06%, 0, 0, 3, 901.48
1570652923, 0, 34, 1688, 1671, 366, 7.06%, 0, 0, 3, 87.87
1570653244, 0, 34, 1689, 1672, 366, 7.07%, 0, 0, 3, 918.81
1570653397, 0, 34, 1692, 1675, 366, 7.07%, 0, 0, 3, 705.07
1570653847, 0, 34, 1694, 1677, 366, 7.07%, 0, 0, 3, 587.94
1570653883, 0, 35, 1697, 1679, 373, 7.07%, 0, 0, 3, 1200.41
1570653965, 0, 35, 1700, 1682, 373, 7.07%, 0, 0, 3, 686.85
1570653975, 0, 35, 1701, 1683, 373, 7.08%, 0, 0, 3, 670.98
1570654188, 0, 35, 1702, 1684, 373, 7.08%, 0, 0, 3, 859.53
1570655652, 0, 35, 1703, 1685, 373, 7.08%, 0, 0, 3, 751.28
1570655657, 0, 90, 1703, 1684, 373, 7.08%, 0, 0, 3, 969.66
1570655663, 0, 90, 1704, 1685, 373, 7.08%, 0, 0, 3, 695.86
1570655739, 0, 90, 1705, 1686, 373, 7.08%, 0, 0, 3, 667.79
1570656311, 0, 90, 1706, 1687, 373, 7.08%, 0, 0, 3, 575.57
1570657424, 0, 93, 1706, 1686, 373, 7.08%, 0, 0, 3, 832.19
1570657500, 0, 93, 1707, 1687, 373, 7.08%, 0, 0, 3, 653.00
1570658042, 0, 93, 1708, 1688, 373, 7.08%, 0, 0, 3, 1045.59
1570659186, 0, 96, 1709, 1688, 373, 7.08%, 0, 0, 3, 1381.38
1570659202, 0, 96, 1710, 1689, 373, 7.08%, 0, 0, 3, 640.62
1570659268, 0, 96, 1711, 1690, 373, 7.08%, 0, 0, 3, 678.49
1570660957, 0, 96, 1715, 1694, 373, 7.08%, 0, 0, 3, 1292.91
1570660962, 0, 96, 1718, 1697, 373, 7.08%, 0, 0, 3, 1693.02
1570660967, 0, 96, 1723, 1702, 373, 7.08%, 0, 0, 3, 1819.05
1570660972, 0, 96, 1729, 1708, 373, 7.08%, 0, 0, 3, 1767.78
1570660977, 0, 102, 1731, 1709, 372, 7.08%, 0, 0, 3, 1103.60
1570660983, 0, 102, 1732, 1710, 372, 7.08%, 0, 0, 3, 724.07
1570661059, 0, 102, 1735, 1713, 372, 7.08%, 0, 0, 3, 633.95
1570661581, 0, 102, 1736, 1714, 372, 7.08%, 0, 0, 3, 1011.18
1570662744, 0, 102, 1740, 1718, 372, 7.09%, 0, 0, 3, 1573.13
1570662749, 0, 102, 1747, 1725, 372, 7.09%, 0, 0, 3, 1768.78
1570662755, 0, 102, 1752, 1730, 372, 7.09%, 0, 0, 3, 1830.10
1570662760, 0, 103, 1755, 1732, 373, 7.09%, 0, 0, 3, 1505.87
1570662770, 0, 103, 1756, 1733, 373, 7.09%, 0, 0, 3, 686.30
1570662841, 0, 103, 1758, 1735, 373, 7.09%, 0, 0, 3, 698.14
1570662861, 0, 103, 1759, 1736, 373, 7.10%, 0, 0, 3, 622.65
1570663059, 0, 103, 1760, 1737, 373, 7.10%, 0, 0, 3, 639.58
1570664529, 0, 104, 1760, 1736, 374, 7.10%, 0, 0, 3, 1155.12
1570664610, 0, 104, 1762, 1738, 374, 7.10%, 0, 0, 3, 686.87
1570664701, 0, 104, 1763, 1739, 374, 7.10%, 0, 0, 3, 671.36
1570666290, 0, 106, 1763, 1738, 374, 7.10%, 0, 0, 3, 1007.27
1570666371, 0, 106, 1764, 1739, 374, 7.10%, 0, 0, 3, 665.34
1570668054, 0, 107, 1764, 1738, 374, 7.10%, 0, 0, 3, 1021.32
1570668165, 0, 107, 1765, 1739, 374, 7.10%, 0, 0, 3, 624.87
1570669819, 0, 107, 1769, 1743, 374, 7.10%, 0, 0, 3, 1402.39
1570669824, 0, 107, 1772, 1746, 374, 7.10%, 0, 0, 3, 1711.32
1570669829, 0, 107, 1775, 1749, 374, 7.10%, 0, 0, 3, 1824.33
1570669834, 0, 107, 1778, 1752, 374, 7.10%, 0, 0, 3, 1862.00
1570669839, 0, 112, 1778, 1751, 375, 7.10%, 0, 0, 3, 1058.36
1570669915, 0, 112, 1780, 1753, 375, 7.10%, 0, 0, 3, 638.00
1570669921, 0, 112, 1782, 1755, 375, 7.10%, 0, 0, 3, 647.48
1570670012, 0, 112, 1783, 1756, 375, 7.10%, 0, 0, 3, 693.01
1570670255, 0, 112, 1784, 1757, 375, 7.10%, 0, 0, 3, 624.09
1570670432, 0, 112, 1785, 1758, 375, 7.10%, 0, 0, 3, 532.00
1570671607, 0, 112, 1788, 1761, 375, 7.11%, 0, 0, 3, 1182.16
1570671612, 0, 112, 1796, 1769, 375, 7.11%, 0, 0, 3, 1627.53
1570671617, 0, 112, 1802, 1775, 375, 7.11%, 0, 0, 3, 1742.53
1570671622, 0, 112, 1804, 1777, 375, 7.11%, 0, 0, 3, 1725.68
1570671627, 0, 113, 1804, 1776, 375, 7.11%, 0, 0, 3, 1230.56
1570671830, 0, 113, 1805, 1777, 375, 7.11%, 0, 0, 3, 629.80
1570673399, 0, 114, 1807, 1778, 375, 7.11%, 0, 0, 3, 1376.52
1570673480, 0, 114, 1808, 1779, 375, 7.11%, 0, 0, 3, 711.01
1570673486, 0, 114, 1809, 1780, 375, 7.11%, 0, 0, 3, 618.34
1570673506, 0, 114, 1810, 1781, 375, 7.11%, 0, 0, 3, 643.71
1570675168, 0, 114, 1816, 1787, 375, 7.11%, 0, 0, 3, 1494.47
1570675173, 0, 114, 1824, 1795, 375, 7.13%, 0, 0, 3, 1800.54
1570675178, 0, 114, 1830, 1801, 375, 7.14%, 0, 0, 3, 1829.58
1570675183, 0, 115, 1833, 1803, 373, 7.14%, 0, 0, 3, 1958.19
1570675193, 0, 115, 1834, 1804, 373, 7.14%, 0, 0, 3, 721.33
1570676959, 0, 116, 1835, 1804, 372, 7.14%, 0, 0, 3, 954.26
1570677040, 0, 116, 1836, 1805, 372, 7.14%, 0, 0, 3, 665.76
1570677273, 0, 116, 1837, 1806, 372, 7.14%, 0, 0, 3, 633.04
1570677278, 0, 116, 1838, 1807, 372, 7.14%, 0, 0, 3, 627.54
1570678724, 0, 118, 1838, 1806, 371, 7.14%, 0, 0, 3, 1016.71
1570678805, 0, 118, 1839, 1807, 371, 7.14%, 0, 0, 3, 701.61
1570679022, 0, 118, 1840, 1808, 371, 7.14%, 0, 0, 3, 636.22
1570680490, 0, 118, 1844, 1812, 371, 7.14%, 0, 0, 3, 1381.36
1570680495, 0, 118, 1848, 1816, 371, 7.14%, 0, 0, 3, 1740.81
1570680500, 0, 118, 1852, 1820, 371, 7.14%, 0, 0, 3, 1848.46
1570680505, 0, 145, 1858, 1825, 370, 7.14%, 0, 0, 3, 1878.46
1570680510, 0, 145, 1859, 1826, 370, 7.14%, 0, 0, 3, 981.64
1570682271, 0, 145, 1860, 1827, 370, 7.14%, 0, 0, 3, 1022.00
1570682276, 0, 148, 1860, 1826, 369, 7.14%, 0, 0, 3, 873.51
1570682281, 0, 148, 1861, 1827, 369, 7.14%, 0, 0, 3, 675.04
1570682545, 0, 148, 1862, 1828, 369, 7.14%, 0, 0, 3, 626.19
1570682691, 0, 148, 1863, 1829, 369, 7.14%, 0, 0, 3, 626.66
1570684037, 0, 149, 1863, 1828, 369, 7.14%, 0, 0, 3, 1160.19
1570684118, 0, 149, 1864, 1829, 369, 7.14%, 0, 0, 3, 645.73
1570684138, 0, 149, 1865, 1830, 369, 7.14%, 0, 0, 3, 621.88
1570685809, 0, 149, 1866, 1831, 369, 7.14%, 0, 0, 3, 777.06
1570685814, 0, 152, 1866, 1830, 368, 7.14%, 0, 0, 3, 1128.69
1570685895, 0, 152, 1867, 1831, 368, 7.14%, 0, 0, 3, 701.97
1570687590, 0, 161, 1867, 1830, 367, 7.14%, 0, 0, 3, 849.45
1570687665, 0, 161, 1868, 1831, 367, 7.14%, 0, 0, 3, 642.07
1570687671, 0, 161, 1870, 1833, 367, 7.14%, 0, 0, 3, 656.80
1570687676, 0, 161, 1871, 1834, 367, 7.14%, 0, 0, 3, 590.67
1570687924, 0, 161, 1872, 1835, 367, 7.15%, 0, 0, 3, 618.74
1570689351, 0, 162, 1872, 1834, 368, 7.15%, 0, 0, 3, 1029.04
1570689362, 0, 162, 1873, 1835, 368, 7.15%, 0, 0, 3, 670.63
1570691122, 0, 163, 1874, 1835, 366, 7.15%, 0, 0, 3, 1155.39
1570691204, 0, 163, 1875, 1836, 366, 7.15%, 0, 0, 3, 665.07
1570691209, 0, 163, 1877, 1838, 366, 7.15%, 0, 0, 3, 631.36
1570692893, 0, 164, 1877, 1837, 366, 7.15%, 0, 0, 3, 1278.27
1570692974, 0, 164, 1878, 1838, 366, 7.15%, 0, 0, 3, 692.49
1570692979, 0, 164, 1879, 1839, 366, 7.15%, 0, 0, 3, 625.40
1570694664, 0, 165, 1880, 1839, 366, 7.15%, 0, 0, 3, 958.86
1570694674, 0, 165, 1881, 1840, 366, 7.15%, 0, 0, 3, 663.88
1570694755, 0, 165, 1882, 1841, 366, 7.15%, 0, 0, 3, 673.80
1570694932, 0, 165, 1883, 1842, 366, 7.15%, 0, 0, 3, 638.05
1570696008, 0, 165, 1884, 1843, 366, 7.15%, 0, 0, 3, 852.60
1570696429, 0, 173, 1884, 1842, 365, 7.15%, 0, 0, 3, 983.97
1570696439, 0, 173, 1885, 1843, 365, 7.15%, 0, 0, 3, 663.77
1570697667, 0, 173, 1886, 1844, 365, 7.15%, 0, 0, 3, 652.98
1570698193, 0, 175, 1886, 1843, 364, 7.15%, 0, 0, 3, 1233.84
1570698274, 0, 175, 1887, 1844, 364, 7.15%, 0, 0, 3, 703.10
1570699963, 0, 176, 1887, 1843, 363, 7.15%, 0, 0, 3, 1227.13
1570699973, 0, 176, 1889, 1845, 363, 7.15%, 0, 0, 3, 679.22
1570700044, 0, 176, 1890, 1846, 363, 7.15%, 0, 0, 3, 705.42
1570700307, 0, 176, 1892, 1848, 363, 7.15%, 0, 0, 3, 620.14
1570700672, 0, 176, 1893, 1849, 363, 7.16%, 0, 0, 3, 625.23
1570701201, 0, 176, 1894, 1850, 363, 7.16%, 0, 0, 3, 698.93
1570701526, 0, 176, 1897, 1853, 363, 7.16%, 0, 0, 3, 626.30
1570701724, 0, 176, 1900, 1856, 363, 7.16%, 0, 0, 3, 1150.17
1570701729, 0, 176, 1906, 1862, 363, 7.16%, 0, 0, 3, 1704.83
1570701734, 0, 176, 1908, 1864, 363, 7.16%, 0, 0, 3, 1825.92
1570701744, 0, 178, 1908, 1863, 368, 7.16%, 0, 0, 3, 1227.38
1570701755, 0, 178, 1909, 1864, 368, 7.16%, 0, 0, 3, 676.17
1570703503, 0, 181, 1909, 1863, 367, 7.16%, 0, 0, 3, 1101.40
1570704157, 0, 181, 1910, 1864, 367, 7.16%, 0, 0, 3, 1199.29
1570705265, 0, 181, 1912, 1866, 367, 7.16%, 0, 0, 3, 1225.94
1570705270, 0, 182, 1912, 1865, 367, 7.16%, 0, 0, 3, 945.74
1570707031, 0, 184, 1912, 1864, 367, 7.16%, 0, 0, 3, 1171.52
1570707041, 0, 184, 1913, 1865, 367, 7.16%, 0, 0, 3, 669.13
1570707228, 0, 184, 1914, 1866, 367, 7.16%, 0, 0, 3, 651.18
1570707942, 0, 184, 1915, 1867, 367, 7.16%, 0, 0, 3, 91.54
1570708801, 0, 188, 1916, 1867, 366, 7.16%, 0, 0, 3, 967.71
1570708811, 0, 188, 1918, 1869, 366, 7.16%, 0, 0, 3, 655.34
1570708882, 0, 188, 1920, 1871, 366, 7.16%, 0, 0, 3, 671.89
1570708892, 0, 188, 1921, 1872, 366, 7.16%, 0, 0, 3, 675.44
1570709517, 0, 188, 1922, 1873, 366, 7.17%, 0, 0, 3, 659.76
1570710567, 0, 189, 1922, 1872, 366, 7.17%, 0, 0, 3, 941.56
1570712333, 0, 194, 1922, 1871, 365, 7.17%, 0, 0, 3, 1760.74
1570712420, 0, 194, 1923, 1872, 365, 7.17%, 0, 0, 3, 2216.21
1570712481, 0, 194, 1924, 1873, 365, 7.17%, 0, 0, 3, 2276.52
1570712680, 0, 195, 1924, 1872, 364, 7.17%, 0, 0, 3, 2295.42
1570713027, 0, 196, 1924, 1871, 363, 7.17%, 0, 0, 3, 2088.05
1570713114, 0, 196, 1925, 1872, 363, 7.17%, 0, 0, 3, 616.59
1570714802, 0, 196, 1928, 1875, 363, 7.17%, 0, 0, 3, 1401.54
1570714807, 0, 197, 1929, 1875, 363, 7.17%, 0, 0, 3, 2036.11
1570715155, 0, 204, 1929, 1874, 363, 7.17%, 0, 0, 3, 1606.84
1570715160, 0, 204, 1930, 1875, 363, 7.17%, 0, 0, 3, 845.88
1570715236, 0, 204, 1935, 1880, 363, 7.17%, 0, 0, 3, 696.74
1570715420, 0, 204, 1936, 1881, 363, 7.17%, 0, 0, 3, 698.29
1570715768, 0, 204, 1937, 1882, 363, 7.17%, 0, 0, 3, 982.70
1570715830, 0, 204, 1938, 1883, 363, 7.17%, 0, 0, 3, 855.84
1570716393, 0, 204, 1939, 1884, 363, 7.17%, 0, 0, 3, 625.80
1570716489, 0, 204, 1940, 1885, 363, 7.17%, 0, 0, 3, 647.45
1570716677, 0, 204, 1941, 1886, 363, 7.17%, 0, 0, 3, 741.78
1570716896, 0, 204, 1942, 1887, 363, 7.17%, 0, 0, 3, 677.60
1570716926, 0, 204, 1945, 1890, 363, 7.17%, 0, 0, 3, 1099.47
1570716931, 0, 204, 1951, 1896, 363, 7.17%, 0, 0, 3, 1636.45
1570716936, 0, 204, 1955, 1900, 363, 7.17%, 0, 0, 3, 1775.22
1570716941, 0, 204, 1959, 1904, 363, 7.17%, 0, 0, 3, 1825.60
1570716946, 0, 206, 1961, 1905, 365, 7.17%, 0, 0, 3, 1284.19
1570718723, 0, 209, 1961, 1904, 364, 7.17%, 0, 0, 3, 888.75
1570718804, 0, 209, 1962, 1905, 364, 7.17%, 0, 0, 3, 646.72
1570720062, 0, 209, 1963, 1906, 364, 7.17%, 0, 0, 3, 669.42
1570720497, 0, 212, 1963, 1905, 363, 7.17%, 0, 0, 3, 1164.50
1570720512, 0, 212, 1964, 1906, 363, 7.17%, 0, 0, 3, 637.17
1570720583, 0, 212, 1968, 1910, 363, 7.17%, 0, 0, 3, 611.28
1570720857, 0, 212, 1969, 1911, 363, 7.18%, 0, 0, 3, 631.11
1570722265, 0, 212, 1971, 1913, 363, 7.18%, 0, 0, 3, 1086.53
1570722270, 0, 214, 1972, 1913, 361, 7.18%, 0, 0, 3, 1592.23
1570722275, 0, 214, 1973, 1914, 361, 7.18%, 0, 0, 3, 829.93
1570722285, 0, 214, 1975, 1916, 361, 7.18%, 0, 0, 3, 642.00
1570722351, 0, 214, 1976, 1917, 361, 7.18%, 0, 0, 3, 711.54
1570722356, 0, 214, 1978, 1919, 361, 7.18%, 0, 0, 3, 626.90
1570722377, 0, 214, 1981, 1922, 361, 7.19%, 0, 0, 3, 643.19
1570722631, 0, 214, 1982, 1923, 361, 7.20%, 0, 0, 3, 621.29
1570722636, 0, 214, 1984, 1925, 361, 7.20%, 0, 0, 3, 685.66
1570722894, 0, 214, 1985, 1926, 361, 7.21%, 0, 0, 3, 133.17
1570723850, 0, 214, 1986, 1927, 361, 7.21%, 0, 0, 3, 674.96
1570724043, 0, 217, 1986, 1926, 369, 7.21%, 0, 0, 3, 1049.59
1570725815, 0, 219, 1986, 1925, 368, 7.21%, 0, 0, 3, 1252.84
1570725932, 0, 219, 1987, 1926, 368, 7.21%, 0, 0, 3, 624.05
1570727593, 0, 224, 1987, 1925, 367, 7.21%, 0, 0, 3, 1379.63
1570727619, 0, 224, 1988, 1926, 367, 7.21%, 0, 0, 3, 2043.22
1570727624, 0, 224, 1989, 1927, 367, 7.21%, 0, 0, 3, 2166.13
1570727966, 0, 229, 1989, 1926, 366, 7.21%, 0, 0, 3, 2158.63
1570727982, 0, 229, 1990, 1927, 366, 7.21%, 0, 0, 3, 650.79
