# unix_time, cycles_done, cur_path, paths_total, pending_total, pending_favs, map_size, unique_crashes, unique_hangs, max_depth, execs_per_sec
1573453919, 0, 0, 1, 1, 1, 3.55%, 0, 0, 1, 666.67
1573453924, 0, 0, 81, 81, 1, 4.06%, 0, 0, 2, 840.30
1573453929, 0, 0, 184, 184, 1, 4.37%, 0, 0, 2, 746.41
1573453935, 0, 0, 244, 244, 1, 4.57%, 0, 0, 2, 749.33
1573453940, 0, 0, 263, 263, 1, 4.60%, 0, 0, 2, 731.79
1573453945, 0, 0, 270, 270, 1, 4.65%, 0, 0, 2, 722.49
1573453970, 0, 0, 280, 280, 1, 4.68%, 0, 0, 2, 724.18
1573453975, 0, 0, 312, 312, 1, 4.74%, 0, 0, 2, 718.74
1573453980, 0, 0, 347, 347, 1, 4.78%, 0, 0, 2, 714.21
1573453985, 0, 0, 348, 348, 1, 4.78%, 0, 0, 2, 720.76
1573453990, 0, 0, 355, 355, 1, 4.79%, 0, 0, 2, 721.69
1573453996, 0, 0, 523, 523, 1, 5.19%, 0, 0, 2, 746.82
1573454001, 0, 0, 641, 641, 1, 5.32%, 0, 0, 2, 642.07
1573454006, 0, 0, 711, 711, 1, 5.33%, 0, 0, 2, 627.96
1573454011, 0, 0, 794, 794, 1, 5.54%, 0, 0, 2, 761.84
1573454016, 0, 0, 800, 800, 1, 5.54%, 0, 0, 2, 728.95
1573454021, 0, 0, 814, 814, 1, 5.59%, 0, 0, 2, 753.87
1573454026, 0, 0, 819, 819, 1, 5.61%, 0, 0, 2, 727.20
1573454031, 0, 0, 825, 825, 1, 5.64%, 0, 0, 2, 723.96
1573454057, 0, 0, 826, 826, 1, 5.64%, 0, 0, 2, 715.68
1573454062, 0, 0, 827, 827, 1, 5.64%, 0, 0, 2, 720.39
1573454067, 0, 0, 828, 828, 1, 5.64%, 0, 0, 2, 721.59
1573454072, 0, 0, 829, 829, 1, 5.64%, 0, 0, 2, 721.23
1573454082, 0, 0, 864, 864, 1, 5.69%, 0, 0, 2, 767.57
1573454087, 0, 0, 891, 891, 1, 5.69%, 0, 0, 2, 698.83
1573454092, 0, 0, 918, 918, 1, 5.71%, 0, 0, 2, 780.35
1573454098, 0, 0, 921, 921, 1, 5.71%, 0, 0, 2, 738.70
1573454103, 0, 0, 922, 922, 1, 5.74%, 0, 0, 2, 762.40
1573454108, 0, 0, 924, 924, 1, 5.75%, 0, 0, 2, 732.90
1573454113, 0, 0, 928, 928, 1, 5.77%, 0, 0, 2, 726.93
1573454138, 0, 0, 930, 930, 1, 5.77%, 0, 0, 2, 722.81
1573454154, 0, 0, 931, 931, 1, 5.77%, 0, 0, 2, 723.47
1573454164, 0, 0, 946, 946, 1, 5.78%, 0, 0, 2, 803.59
1573454169, 0, 0, 955, 955, 1, 5.83%, 0, 0, 2, 697.08
1573454174, 0, 0, 968, 968, 1, 5.83%, 0, 0, 2, 748.03
1573454184, 0, 0, 973, 973, 1, 5.83%, 0, 0, 2, 704.34
1573454189, 0, 0, 978, 978, 1, 5.85%, 0, 0, 2, 715.59
1573454194, 0, 0, 988, 988, 1, 5.86%, 0, 0, 2, 723.25
1573454199, 0, 0, 1014, 1014, 1, 6.16%, 0, 0, 2, 883.29
1573454204, 0, 0, 1018, 1018, 1, 6.18%, 0, 0, 2, 754.64
1573454210, 0, 0, 1019, 1019, 1, 6.18%, 0, 0, 2, 723.19
1573454215, 0, 0, 1022, 1022, 1, 6.19%, 0, 0, 2, 716.29
1573454230, 0, 0, 1023, 1023, 1, 6.20%, 0, 0, 2, 717.91
1573454245, 0, 0, 1029, 1029, 1, 6.21%, 0, 0, 2, 741.52
1573454250, 0, 0, 1031, 1031, 1, 6.21%, 0, 0, 2, 790.24
1573454255, 0, 0, 1036, 1036, 1, 6.23%, 0, 0, 2, 734.02
1573454260, 0, 0, 1038, 1038, 1, 6.25%, 0, 0, 2, 722.26
1573454266, 0, 0, 1039, 1039, 1, 6.25%, 0, 0, 2, 719.56
1573454271, 0, 0, 1041, 1041, 1, 6.26%, 0, 0, 2, 719.78
1573454286, 0, 0, 1042, 1042, 1, 6.30%, 0, 0, 2, 715.10
1573454296, 0, 0, 1044, 1044, 1, 6.30%, 0, 0, 2, 717.44
1573454301, 0, 0, 1048, 1048, 1, 6.33%, 0, 0, 2, 717.74
1573454312, 0, 0, 1050, 1050, 1, 6.33%, 0, 0, 2, 721.61
1573454332, 0, 0, 1051, 1051, 1, 6.33%, 0, 0, 2, 717.62
1573454378, 0, 0, 1053, 1053, 1, 6.34%, 0, 0, 2, 719.37
1573454383, 0, 0, 1054, 1054, 1, 6.34%, 0, 0, 2, 717.98
1573454388, 0, 0, 1055, 1055, 1, 6.34%, 0, 0, 2, 718.41
1573454399, 0, 0, 1057, 1057, 1, 6.34%, 0, 0, 2, 717.24
1573454419, 0, 0, 1058, 1058, 1, 6.34%, 0, 0, 2, 722.58
1573454445, 0, 0, 1059, 1059, 1, 6.34%, 0, 0, 2, 720.99
1573454450, 0, 0, 1067, 1067, 1, 6.37%, 0, 0, 2, 686.23
1573454455, 0, 0, 1075, 1075, 1, 6.37%, 0, 0, 2, 57.55
1573454460, 0, 0, 1090, 1090, 1, 6.45%, 0, 0, 2, 1030.82
1573454465, 0, 0, 1095, 1095, 1, 6.45%, 0, 0, 2, 1344.44
1573454470, 0, 0, 1107, 1107, 1, 6.47%, 0, 0, 2, 130.63
1573454475, 0, 0, 1110, 1110, 1, 6.47%, 0, 0, 2, 1262.49
1573454481, 0, 0, 1113, 1113, 1, 6.47%, 0, 0, 2, 1451.07
1573454486, 0, 0, 1122, 1122, 1, 6.47%, 0, 0, 2, 133.13
1573454491, 0, 0, 1126, 1126, 1, 6.48%, 0, 0, 2, 1151.24
1573454506, 0, 0, 1131, 1131, 1, 6.48%, 0, 0, 2, 71.82
1573454511, 0, 0, 1135, 1135, 1, 6.48%, 0, 0, 2, 659.69
1573454522, 0, 0, 1169, 1169, 1, 6.50%, 0, 0, 2, 1079.34
1573454527, 0, 0, 1177, 1177, 1, 6.50%, 0, 0, 2, 989.42
1573454532, 0, 0, 1179, 1179, 1, 6.50%, 0, 0, 2, 862.58
1573454547, 0, 0, 1181, 1181, 1, 6.51%, 0, 0, 2, 714.25
1573454562, 0, 0, 1183, 1183, 1, 6.51%, 0, 0, 2, 761.61
1573454588, 0, 0, 1184, 1184, 1, 6.51%, 0, 0, 2, 718.09
1573454598, 0, 0, 1185, 1185, 1, 6.52%, 0, 0, 2, 718.33
1573454639, 0, 0, 1187, 1187, 1, 6.52%, 0, 0, 2, 719.05
1573454649, 0, 0, 1190, 1190, 1, 6.52%, 0, 0, 2, 720.01
1573454654, 0, 0, 1192, 1192, 1, 6.52%, 0, 0, 2, 719.19
1573454675, 0, 0, 1194, 1194, 1, 6.52%, 0, 0, 2, 717.16
1573454680, 0, 0, 1196, 1196, 1, 6.52%, 0, 0, 2, 718.37
1573454690, 0, 0, 1197, 1197, 1, 6.52%, 0, 0, 2, 719.41
1573454715, 0, 0, 1198, 1198, 1, 6.52%, 0, 0, 2, 715.86
1573454731, 0, 0, 1201, 1201, 1, 6.52%, 0, 0, 2, 1284.24
1573454746, 0, 0, 1203, 1203, 1, 6.52%, 0, 0, 2, 962.72
1573454772, 0, 0, 1204, 1204, 1, 6.52%, 0, 0, 2, 98.54
1573454787, 0, 0, 1205, 1205, 1, 6.52%, 0, 0, 2, 666.49
1573454798, 0, 0, 1206, 1206, 1, 6.52%, 0, 0, 2, 1850.46
1573454818, 0, 0, 1207, 1207, 1, 6.52%, 0, 0, 2, 1164.32
1573454858, 0, 0, 1208, 1208, 1, 6.52%, 0, 0, 2, 714.13
1573454920, 0, 0, 1209, 1209, 1, 6.52%, 0, 0, 2, 719.73
1573454945, 0, 0, 1210, 1210, 1, 6.52%, 0, 0, 2, 730.88
1573454987, 0, 0, 1211, 1211, 1, 6.53%, 0, 0, 2, 2111.32
1573455007, 0, 0, 1212, 1212, 1, 6.53%, 0, 0, 2, 783.64
1573455017, 0, 0, 1213, 1213, 1, 6.53%, 0, 0, 2, 723.75
1573455022, 0, 0, 1223, 1223, 1, 6.55%, 0, 0, 2, 782.02
1573455078, 0, 0, 1224, 1224, 1, 6.55%, 0, 0, 2, 722.56
1573455099, 0, 0, 1232, 1232, 1, 6.55%, 0, 0, 2, 831.20
1573455104, 0, 0, 1238, 1238, 1, 6.55%, 0, 0, 2, 909.98
1573455109, 0, 0, 1239, 1239, 1, 6.56%, 0, 0, 2, 724.22
1573455114, 0, 0, 1248, 1248, 1, 6.59%, 0, 0, 2, 864.55
1573455251, 0, 0, 1251, 1251, 1, 6.60%, 0, 0, 2, 874.09
1573455256, 0, 0, 1254, 1254, 1, 6.60%, 0, 0, 2, 879.15
1573455262, 0, 0, 1261, 1261, 1, 6.61%, 0, 0, 2, 881.14
1573455282, 0, 0, 1264, 1264, 1, 6.61%, 0, 0, 2, 941.20
1573455297, 0, 0, 1267, 1267, 1, 6.62%, 0, 0, 2, 727.19
1573455379, 0, 0, 1268, 1268, 1, 6.62%, 0, 0, 2, 709.29
1573455384, 0, 0, 1269, 1269, 1, 6.62%, 0, 0, 2, 898.02
1573455389, 0, 0, 1271, 1271, 1, 6.62%, 0, 0, 2, 793.03
1573455394, 0, 0, 1273, 1273, 1, 6.62%, 0, 0, 2, 677.64
1573455410, 0, 0, 1311, 1311, 1, 6.69%, 0, 0, 2, 1552.54
1573455415, 0, 0, 1340, 1340, 1, 6.69%, 0, 0, 2, 1924.02
1573455420, 0, 0, 1364, 1364, 1, 6.69%, 0, 0, 2, 2022.74
1573455425, 0, 2, 1376, 1375, 334, 6.73%, 0, 0, 3, 2902.14
1573455430, 0, 3, 1379, 1377, 342, 6.74%, 0, 0, 3, 3140.71
1573455436, 0, 8, 1379, 1374, 339, 6.74%, 0, 0, 3, 3219.31
1573455588, 0, 8, 1380, 1375, 339, 6.74%, 0, 0, 3, 800.46
1573455701, 0, 8, 1381, 1376, 339, 6.74%, 0, 0, 3, 848.18
1573455951, 0, 8, 1382, 1377, 339, 6.74%, 0, 0, 3, 69.48
1573455977, 0, 8, 1383, 1378, 339, 6.74%, 0, 0, 3, 1422.89
1573456908, 0, 8, 1390, 1385, 339, 6.74%, 0, 0, 3, 1381.11
1573456913, 0, 8, 1410, 1405, 339, 6.80%, 0, 0, 3, 1863.83
1573456918, 0, 8, 1421, 1416, 339, 6.80%, 0, 0, 3, 2015.35
1573456923, 0, 9, 1426, 1420, 341, 6.84%, 0, 0, 3, 1719.02
1573456944, 0, 9, 1427, 1421, 341, 6.84%, 0, 0, 3, 723.54
1573456964, 0, 9, 1428, 1422, 341, 6.84%, 0, 0, 3, 725.39
1573456974, 0, 9, 1429, 1423, 341, 6.84%, 0, 0, 3, 724.37
1573456984, 0, 9, 1430, 1424, 341, 6.84%, 0, 0, 3, 717.07
1573456994, 0, 9, 1438, 1432, 341, 6.86%, 0, 0, 3, 756.62
1573457000, 0, 9, 1442, 1436, 341, 6.86%, 0, 0, 3, 684.48
1573457005, 0, 9, 1449, 1443, 341, 6.86%, 0, 0, 3, 755.24
1573457086, 0, 9, 1450, 1444, 341, 6.87%, 0, 0, 3, 753.67
1573457152, 0, 9, 1451, 1445, 341, 6.87%, 0, 0, 3, 816.70
1573457157, 0, 9, 1452, 1446, 341, 6.87%, 0, 0, 3, 710.72
1573457162, 0, 9, 1455, 1449, 341, 6.87%, 0, 0, 3, 708.84
1573457177, 0, 9, 1456, 1450, 341, 6.87%, 0, 0, 3, 726.46
1573457415, 0, 9, 1457, 1451, 341, 6.87%, 0, 0, 3, 727.59
1573457441, 0, 9, 1458, 1452, 341, 6.87%, 0, 0, 3, 1437.75
1573457446, 0, 9, 1459, 1453, 341, 6.87%, 0, 0, 3, 1097.02
1573457451, 0, 9, 1460, 1454, 341, 6.87%, 0, 0, 3, 1174.03
1573457477, 0, 9, 1461, 1455, 341, 6.87%, 0, 0, 3, 1220.18
1573457482, 0, 9, 1462, 1456, 341, 6.87%, 0, 0, 3, 1443.19
1573457508, 0, 9, 1468, 1462, 341, 6.87%, 0, 0, 3, 1011.16
1573457553, 0, 9, 1470, 1464, 341, 6.87%, 0, 0, 3, 728.60
1573458087, 0, 9, 1471, 1465, 341, 6.87%, 0, 0, 3, 837.73
1573458361, 0, 9, 1472, 1466, 341, 6.87%, 0, 0, 3, 699.18
1573458376, 0, 9, 1473, 1467, 341, 6.87%, 0, 0, 3, 722.85
1573458391, 0, 9, 1474, 1468, 341, 6.87%, 0, 0, 3, 876.44
1573458396, 0, 9, 1482, 1476, 341, 6.89%, 0, 0, 3, 1732.44
1573458401, 0, 9, 1494, 1488, 341, 6.89%, 0, 0, 3, 2044.22
1573458406, 0, 11, 1498, 1491, 347, 6.90%, 0, 0, 3, 2378.34
1573458422, 0, 11, 1500, 1493, 347, 6.90%, 0, 0, 3, 2445.56
1573458427, 0, 11, 1527, 1520, 347, 6.90%, 0, 0, 3, 2502.26
1573458478, 0, 11, 1528, 1521, 347, 6.90%, 0, 0, 3, 2468.44
1573458483, 0, 11, 1531, 1524, 347, 6.90%, 0, 0, 3, 2486.16
1573458519, 0, 11, 1532, 1525, 347, 6.90%, 0, 0, 3, 2537.54
1573458672, 0, 11, 1534, 1527, 347, 6.90%, 0, 0, 3, 2477.76
1573458708, 0, 11, 1535, 1528, 347, 6.90%, 0, 0, 3, 2558.30
1573458713, 0, 11, 1536, 1529, 347, 6.90%, 0, 0, 3, 2544.10
1573458718, 0, 12, 1539, 1531, 345, 6.91%, 0, 0, 3, 1582.78
1573458785, 0, 12, 1540, 1532, 345, 6.91%, 0, 0, 3, 747.59
1573458790, 0, 12, 1541, 1533, 345, 6.91%, 0, 0, 3, 720.81
1573458984, 0, 12, 1544, 1536, 345, 6.92%, 0, 0, 3, 855.31
1573460205, 0, 12, 1548, 1540, 345, 6.92%, 0, 0, 3, 767.37
1573460210, 0, 12, 1549, 1541, 345, 6.92%, 0, 0, 3, 694.90
1573460230, 0, 13, 1549, 1540, 349, 6.92%, 0, 0, 3, 1178.72
1573460235, 0, 13, 1550, 1541, 349, 6.93%, 0, 0, 3, 861.52
1573460302, 0, 13, 1554, 1545, 349, 6.93%, 0, 0, 3, 806.50
1573460307, 0, 13, 1555, 1546, 349, 6.93%, 0, 0, 3, 704.53
1573460496, 0, 13, 1556, 1547, 349, 6.93%, 0, 0, 3, 839.83
1573460501, 0, 13, 1557, 1548, 349, 6.93%, 0, 0, 3, 796.06
1573461410, 0, 13, 1558, 1549, 349, 6.93%, 0, 0, 3, 888.73
1573461573, 0, 13, 1559, 1550, 349, 6.93%, 0, 0, 3, 948.23
1573461761, 0, 13, 1564, 1555, 349, 6.93%, 0, 0, 3, 1336.87
1573461766, 0, 13, 1573, 1564, 349, 6.94%, 0, 0, 3, 1952.34
1573461771, 0, 13, 1586, 1577, 349, 6.95%, 0, 0, 3, 2073.02
1573461776, 0, 17, 1595, 1585, 347, 7.00%, 0, 0, 3, 1609.06
1573461827, 0, 17, 1597, 1587, 347, 7.00%, 0, 0, 3, 715.82
1573461843, 0, 17, 1598, 1588, 347, 7.00%, 0, 0, 3, 719.97
1573461848, 0, 17, 1601, 1591, 347, 7.00%, 0, 0, 3, 731.19
1573461853, 0, 17, 1602, 1592, 347, 7.00%, 0, 0, 3, 670.03
1573461858, 0, 17, 1604, 1594, 347, 7.00%, 0, 0, 3, 745.57
1573461939, 0, 17, 1605, 1595, 347, 7.00%, 0, 0, 3, 746.60
1573462041, 0, 17, 1607, 1597, 347, 7.01%, 0, 0, 3, 918.67
1573462890, 0, 17, 1613, 1603, 347, 7.02%, 0, 0, 3, 748.07
1573463259, 0, 23, 1613, 1602, 359, 7.02%, 0, 0, 3, 2179.66
1573463265, 0, 23, 1619, 1608, 359, 7.03%, 0, 0, 3, 2899.64
1573463285, 0, 23, 1620, 1609, 359, 7.03%, 0, 0, 3, 3100.38
1573463367, 0, 34, 1620, 1608, 360, 7.03%, 0, 0, 3, 1831.24
1573463372, 0, 34, 1621, 1609, 360, 7.03%, 0, 0, 3, 954.08
1573463382, 0, 34, 1622, 1610, 360, 7.03%, 0, 0, 3, 709.69
1573463423, 0, 34, 1624, 1612, 360, 7.03%, 0, 0, 3, 694.63
1573463428, 0, 34, 1626, 1614, 360, 7.03%, 0, 0, 3, 695.02
1573463433, 0, 34, 1627, 1615, 360, 7.03%, 0, 0, 3, 693.87
1573463438, 0, 34, 1633, 1621, 360, 7.03%, 0, 0, 3, 740.87
1573463449, 0, 34, 1642, 1630, 360, 7.03%, 0, 0, 3, 743.03
1573463520, 0, 34, 1644, 1632, 360, 7.03%, 0, 0, 3, 753.70
1573463525, 0, 34, 1645, 1633, 360, 7.03%, 0, 0, 3, 710.62
1573463531, 0, 34, 1647, 1635, 360, 7.03%, 0, 0, 3, 740.58
1573463602, 0, 34, 1649, 1637, 360, 7.03%, 0, 0, 3, 691.84
1573463608, 0, 34, 1650, 1638, 360, 7.03%, 0, 0, 3, 709.31
1573463899, 0, 34, 1653, 1641, 360, 7.04%, 0, 0, 3, 687.88
1573463920, 0, 34, 1657, 1645, 360, 7.04%, 0, 0, 3, 1347.89
1573463925, 0, 34, 1659, 1647, 360, 7.04%, 0, 0, 3, 1418.27
1573463930, 0, 34, 1661, 1649, 360, 7.04%, 0, 0, 3, 167.38
1573463940, 0, 34, 1662, 1650, 360, 7.04%, 0, 0, 3, 1477.36
1573463946, 0, 34, 1664, 1652, 360, 7.04%, 0, 0, 3, 1349.45
1573463951, 0, 34, 1665, 1653, 360, 7.04%, 0, 0, 3, 167.22
1573463991, 0, 34, 1671, 1659, 360, 7.04%, 0, 0, 3, 1143.41
1573464212, 0, 34, 1672, 1660, 360, 7.04%, 0, 0, 3, 118.61
1573464483, 0, 34, 1673, 1661, 360, 7.04%, 0, 0, 3, 1161.52
1573464605, 0, 34, 1676, 1664, 360, 7.04%, 0, 0, 3, 886.80
1573464959, 0, 34, 1677, 1665, 360, 7.04%, 0, 0, 3, 651.42
1573464974, 0, 34, 1679, 1667, 360, 7.04%, 0, 0, 3, 789.16
1573465005, 0, 69, 1680, 1667, 368, 7.04%, 0, 0, 3, 1005.50
1573465071, 0, 69, 1681, 1668, 368, 7.04%, 0, 0, 3, 780.97
1573465261, 0, 69, 1682, 1669, 368, 7.04%, 0, 0, 3, 782.83
1573465517, 0, 69, 1683, 1670, 368, 7.04%, 0, 0, 3, 102.24
1573466273, 0, 69, 1684, 1671, 368, 7.04%, 0, 0, 3, 833.18
1573466443, 0, 69, 1688, 1675, 368, 7.04%, 0, 0, 3, 1121.02
1573466448, 0, 69, 1697, 1684, 368, 7.04%, 0, 0, 3, 2050.29
1573466453, 0, 78, 1703, 1689, 374, 7.04%, 0, 0, 3, 2273.94
1573466520, 0, 78, 1704, 1690, 374, 7.04%, 0, 0, 3, 836.63
1573466704, 0, 78, 1705, 1691, 374, 7.05%, 0, 0, 3, 980.06
1573467903, 0, 90, 1705, 1690, 374, 7.05%, 0, 0, 3, 991.07
1573467964, 0, 90, 1706, 1691, 374, 7.05%, 0, 0, 3, 814.27
1573467975, 0, 90, 1707, 1692, 374, 7.05%, 0, 0, 3, 802.05
1573468435, 0, 90, 1708, 1693, 374, 7.05%, 0, 0, 3, 894.07
1573469340, 0, 96, 1708, 1692, 374, 7.05%, 0, 0, 3, 1418.10
1573469351, 0, 96, 1709, 1693, 374, 7.05%, 0, 0, 3, 831.22
1573469407, 0, 96, 1710, 1694, 374, 7.05%, 0, 0, 3, 850.05
1573470785, 0, 101, 1710, 1693, 374, 7.05%, 0, 0, 3, 1043.70
1573470795, 0, 101, 1711, 1694, 374, 7.05%, 0, 0, 3, 791.28
1573470852, 0, 101, 1713, 1696, 374, 7.05%, 0, 0, 3, 791.68
1573470877, 0, 101, 1714, 1697, 374, 7.05%, 0, 0, 3, 770.91
1573471278, 0, 101, 1715, 1698, 374, 7.05%, 0, 0, 3, 1421.72
1573472236, 0, 101, 1720, 1703, 374, 7.05%, 0, 0, 3, 1804.24
1573472241, 0, 101, 1722, 1705, 374, 7.05%, 0, 0, 3, 2097.55
1573472246, 0, 102, 1723, 1705, 371, 7.05%, 0, 0, 3, 1679.58
1573472251, 0, 102, 1724, 1706, 371, 7.05%, 0, 0, 3, 973.76
1573472312, 0, 102, 1726, 1708, 371, 7.05%, 0, 0, 3, 790.16
1573473688, 0, 103, 1726, 1707, 371, 7.05%, 0, 0, 3, 1416.96
1573473698, 0, 103, 1727, 1708, 371, 7.05%, 0, 0, 3, 824.90
1573473755, 0, 103, 1729, 1710, 371, 7.05%, 0, 0, 3, 844.03
1573473770, 0, 103, 1730, 1711, 371, 7.06%, 0, 0, 3, 775.07
1573473934, 0, 103, 1731, 1712, 371, 7.06%, 0, 0, 3, 769.14
1573475138, 0, 106, 1731, 1711, 371, 7.06%, 0, 0, 3, 1124.52
1573475205, 0, 106, 1734, 1714, 371, 7.06%, 0, 0, 3, 781.43
1573476574, 0, 118, 1734, 1713, 371, 7.06%, 0, 0, 3, 1431.30
1573476641, 0, 118, 1735, 1714, 371, 7.06%, 0, 0, 3, 847.46
1573476819, 0, 118, 1736, 1715, 371, 7.06%, 0, 0, 3, 778.15
1573478016, 0, 128, 1736, 1714, 371, 7.06%, 0, 0, 3, 1125.82
1573478083, 0, 128, 1738, 1716, 371, 7.06%, 0, 0, 3, 788.46
1573478236, 0, 128, 1739, 1717, 371, 7.06%, 0, 0, 3, 745.35
1573479465, 0, 148, 1739, 1716, 371, 7.06%, 0, 0, 3, 1305.58
1573479475, 0, 148, 1740, 1717, 371, 7.06%, 0, 0, 3, 799.31
1573479532, 0, 148, 1741, 1718, 371, 7.06%, 0, 0, 3, 760.51
1573479696, 0, 148, 1742, 1719, 371, 7.06%, 0, 0, 3, 742.52
1573479834, 0, 148, 1743, 1720, 371, 7.06%, 0, 0, 3, 643.81
1573480013, 0, 148, 1744, 1721, 371, 7.06%, 0, 0, 3, 1268.62
1573481132, 0, 152, 1745, 1721, 371, 7.06%, 0, 0, 3, 891.65
1573481152, 0, 152, 1746, 1722, 371, 7.06%, 0, 0, 3, 639.82
1573481208, 0, 152, 1747, 1723, 371, 7.06%, 0, 0, 3, 704.49
1573482829, 0, 161, 1747, 1722, 370, 7.06%, 0, 0, 3, 833.11
1573482900, 0, 161, 1748, 1723, 370, 7.06%, 0, 0, 3, 634.97
1573482905, 0, 161, 1749, 1724, 370, 7.06%, 0, 0, 3, 692.61
1573482910, 0, 161, 1750, 1725, 370, 7.06%, 0, 0, 3, 614.92
1573483151, 0, 161, 1751, 1726, 370, 7.07%, 0, 0, 3, 651.59
1573484527, 0, 163, 1751, 1725, 371, 7.07%, 0, 0, 3, 960.37
1573484604, 0, 163, 1752, 1726, 371, 7.07%, 0, 0, 3, 708.30
1573486224, 0, 164, 1752, 1725, 370, 7.07%, 0, 0, 3, 915.13
1573486301, 0, 164, 1754, 1727, 370, 7.07%, 0, 0, 3, 700.80
