# unix_time, cycles_done, cur_path, paths_total, pending_total, pending_favs, map_size, unique_crashes, unique_hangs, max_depth, execs_per_sec
1570815775, 0, 0, 1, 1, 1, 3.55%, 0, 0, 1, 727.27
1570815780, 0, 0, 93, 93, 1, 4.07%, 0, 0, 2, 888.91
1570815785, 0, 0, 197, 197, 1, 4.43%, 0, 0, 2, 827.61
1570815791, 0, 0, 255, 255, 1, 4.58%, 0, 0, 2, 806.26
1570815796, 0, 0, 270, 270, 1, 4.65%, 0, 0, 2, 787.10
1570815821, 0, 0, 278, 278, 1, 4.68%, 0, 0, 2, 755.50
1570815826, 0, 0, 295, 295, 1, 4.70%, 0, 0, 2, 756.84
1570815831, 0, 0, 341, 341, 1, 4.77%, 0, 0, 2, 757.66
1570815836, 0, 0, 348, 348, 1, 4.78%, 0, 0, 2, 745.50
1570815842, 0, 0, 352, 352, 1, 4.78%, 0, 0, 2, 749.63
1570815847, 0, 0, 507, 507, 1, 5.17%, 0, 0, 2, 833.26
1570815852, 0, 0, 622, 622, 1, 5.31%, 0, 0, 2, 675.58
1570815857, 0, 0, 711, 711, 1, 5.33%, 0, 0, 2, 669.46
1570815862, 0, 0, 799, 799, 1, 5.54%, 0, 0, 2, 782.44
1570815867, 0, 0, 805, 805, 1, 5.54%, 0, 0, 2, 746.73
1570815872, 0, 0, 819, 819, 1, 5.59%, 0, 0, 2, 776.56
1570815877, 0, 0, 824, 824, 1, 5.61%, 0, 0, 2, 750.94
1570815882, 0, 0, 830, 830, 1, 5.64%, 0, 0, 2, 743.18
1570815908, 0, 0, 831, 831, 1, 5.64%, 0, 0, 2, 739.11
1570815913, 0, 0, 832, 832, 1, 5.64%, 0, 0, 2, 738.95
1570815918, 0, 0, 834, 834, 1, 5.64%, 0, 0, 2, 737.96
1570815928, 0, 0, 838, 838, 1, 5.64%, 0, 0, 2, 734.24
1570815934, 0, 0, 884, 884, 1, 5.69%, 0, 0, 2, 754.88
1570815939, 0, 0, 905, 905, 1, 5.69%, 0, 0, 2, 680.34
1570815944, 0, 0, 923, 923, 1, 5.71%, 0, 0, 2, 760.07
1570815949, 0, 0, 925, 925, 1, 5.71%, 0, 0, 2, 721.42
1570815954, 0, 0, 927, 927, 1, 5.74%, 0, 0, 2, 738.51
1570815959, 0, 0, 930, 930, 1, 5.75%, 0, 0, 2, 717.45
1570815964, 0, 0, 932, 932, 1, 5.77%, 0, 0, 2, 712.36
1570815990, 0, 0, 934, 934, 1, 5.77%, 0, 0, 2, 660.76
1570816005, 0, 0, 935, 935, 1, 5.77%, 0, 0, 2, 639.42
1570816016, 0, 0, 942, 942, 1, 5.77%, 0, 0, 2, 668.46
1570816021, 0, 0, 953, 953, 1, 5.83%, 0, 0, 2, 642.86
1570816026, 0, 0, 961, 961, 1, 5.83%, 0, 0, 2, 598.81
1570816031, 0, 0, 972, 972, 1, 5.83%, 0, 0, 2, 661.63
1570816041, 0, 0, 979, 979, 1, 5.84%, 0, 0, 2, 639.77
1570816046, 0, 0, 982, 982, 1, 5.85%, 0, 0, 2, 652.88
1570816052, 0, 0, 990, 990, 1, 5.86%, 0, 0, 2, 644.36
1570816057, 0, 0, 1017, 1017, 1, 6.16%, 0, 0, 2, 864.74
1570816062, 0, 0, 1020, 1020, 1, 6.18%, 0, 0, 2, 685.04
1570816067, 0, 0, 1022, 1022, 1, 6.18%, 0, 0, 2, 646.68
1570816072, 0, 0, 1025, 1025, 1, 6.19%, 0, 0, 2, 641.74
1570816093, 0, 0, 1026, 1026, 1, 6.20%, 0, 0, 2, 639.38
1570816108, 0, 0, 1029, 1029, 1, 6.20%, 0, 0, 2, 667.84
1570816113, 0, 0, 1032, 1032, 1, 6.21%, 0, 0, 2, 644.11
1570816118, 0, 0, 1037, 1037, 1, 6.23%, 0, 0, 2, 670.88
1570816123, 0, 0, 1040, 1040, 1, 6.24%, 0, 0, 2, 649.07
1570816128, 0, 0, 1042, 1042, 1, 6.25%, 0, 0, 2, 641.12
1570816133, 0, 0, 1043, 1043, 1, 6.26%, 0, 0, 2, 637.65
1570816139, 0, 0, 1044, 1044, 1, 6.26%, 0, 0, 2, 634.33
1570816154, 0, 0, 1045, 1045, 1, 6.30%, 0, 0, 2, 639.08
1570816164, 0, 0, 1047, 1047, 1, 6.30%, 0, 0, 2, 639.99
1570816169, 0, 0, 1048, 1048, 1, 6.31%, 0, 0, 2, 640.44
1570816175, 0, 0, 1051, 1051, 1, 6.33%, 0, 0, 2, 640.21
1570816185, 0, 0, 1053, 1053, 1, 6.33%, 0, 0, 2, 639.93
1570816211, 0, 0, 1054, 1054, 1, 6.33%, 0, 0, 2, 637.03
1570816257, 0, 0, 1055, 1055, 1, 6.33%, 0, 0, 2, 633.76
1570816262, 0, 0, 1056, 1056, 1, 6.34%, 0, 0, 2, 631.56
1570816268, 0, 0, 1057, 1057, 1, 6.34%, 0, 0, 2, 635.24
1570816273, 0, 0, 1058, 1058, 1, 6.34%, 0, 0, 2, 633.39
1570816283, 0, 0, 1060, 1060, 1, 6.34%, 0, 0, 2, 627.85
1570816304, 0, 0, 1061, 1061, 1, 6.34%, 0, 0, 2, 635.28
1570816334, 0, 0, 1062, 1062, 1, 6.34%, 0, 0, 2, 636.11
1570816340, 0, 0, 1067, 1067, 1, 6.37%, 0, 0, 2, 1264.65
1570816345, 0, 0, 1074, 1074, 1, 6.37%, 0, 0, 2, 916.87
1570816350, 0, 0, 1087, 1087, 1, 6.45%, 0, 0, 2, 1039.64
1570816355, 0, 0, 1097, 1097, 1, 6.45%, 0, 0, 2, 1437.01
1570816360, 0, 0, 1101, 1101, 1, 6.46%, 0, 0, 2, 121.03
1570816365, 0, 0, 1107, 1107, 1, 6.47%, 0, 0, 2, 1434.48
1570816370, 0, 0, 1112, 1112, 1, 6.47%, 0, 0, 2, 105.48
1570816376, 0, 0, 1117, 1117, 1, 6.47%, 0, 0, 2, 1142.07
1570816381, 0, 0, 1121, 1121, 1, 6.47%, 0, 0, 2, 698.82
1570816386, 0, 0, 1125, 1125, 1, 6.48%, 0, 0, 2, 984.43
1570816401, 0, 0, 1130, 1130, 1, 6.48%, 0, 0, 2, 1201.48
1570816406, 0, 0, 1132, 1132, 1, 6.48%, 0, 0, 2, 139.65
1570816411, 0, 0, 1134, 1134, 1, 6.48%, 0, 0, 2, 988.43
1570816416, 0, 0, 1135, 1135, 1, 6.48%, 0, 0, 2, 104.38
1570816421, 0, 0, 1169, 1169, 1, 6.50%, 0, 0, 2, 950.93
1570816426, 0, 0, 1176, 1176, 1, 6.50%, 0, 0, 2, 893.04
1570816432, 0, 0, 1178, 1178, 1, 6.50%, 0, 0, 2, 731.59
1570816447, 0, 0, 1180, 1180, 1, 6.51%, 0, 0, 2, 633.91
1570816467, 0, 0, 1182, 1182, 1, 6.51%, 0, 0, 2, 656.07
1570816498, 0, 0, 1183, 1183, 1, 6.51%, 0, 0, 2, 634.41
1570816508, 0, 0, 1184, 1184, 1, 6.52%, 0, 0, 2, 636.32
1570816549, 0, 0, 1186, 1186, 1, 6.52%, 0, 0, 2, 640.35
1570816560, 0, 0, 1187, 1187, 1, 6.52%, 0, 0, 2, 633.70
1570816565, 0, 0, 1190, 1190, 1, 6.52%, 0, 0, 2, 641.89
1570816570, 0, 0, 1191, 1191, 1, 6.52%, 0, 0, 2, 639.28
1570816590, 0, 0, 1192, 1192, 1, 6.52%, 0, 0, 2, 635.46
1570816596, 0, 0, 1194, 1194, 1, 6.52%, 0, 0, 2, 637.68
1570816601, 0, 0, 1195, 1195, 1, 6.52%, 0, 0, 2, 637.91
1570816611, 0, 0, 1196, 1196, 1, 6.52%, 0, 0, 2, 631.42
1570816642, 0, 0, 1197, 1197, 1, 6.52%, 0, 0, 2, 634.59
1570816652, 0, 0, 1200, 1200, 1, 6.52%, 0, 0, 2, 49.38
1570816673, 0, 0, 1201, 1201, 1, 6.52%, 0, 0, 2, 1001.57
1570816699, 0, 0, 1203, 1203, 1, 6.52%, 0, 0, 2, 1569.53
1570816719, 0, 0, 1204, 1204, 1, 6.52%, 0, 0, 2, 100.31
1570816750, 0, 0, 1205, 1205, 1, 6.52%, 0, 0, 2, 964.29
1570816791, 0, 0, 1206, 1206, 1, 6.52%, 0, 0, 2, 636.29
1570816863, 0, 0, 1207, 1207, 1, 6.52%, 0, 0, 2, 630.78
1570816894, 0, 0, 1208, 1208, 1, 6.52%, 0, 0, 2, 638.75
1570816940, 0, 0, 1209, 1209, 1, 6.53%, 0, 0, 2, 1661.57
1570816961, 0, 0, 1210, 1210, 1, 6.53%, 0, 0, 2, 765.85
1570816976, 0, 0, 1215, 1215, 1, 6.54%, 0, 0, 2, 660.86
1570816981, 0, 0, 1221, 1221, 1, 6.55%, 0, 0, 2, 686.03
1570817048, 0, 0, 1222, 1222, 1, 6.55%, 0, 0, 2, 633.71
1570817064, 0, 0, 1223, 1223, 1, 6.55%, 0, 0, 2, 651.08
1570817069, 0, 0, 1231, 1231, 1, 6.55%, 0, 0, 2, 759.16
1570817074, 0, 0, 1235, 1235, 1, 6.55%, 0, 0, 2, 648.98
1570817079, 0, 0, 1238, 1238, 1, 6.56%, 0, 0, 2, 618.57
1570817084, 0, 0, 1246, 1246, 1, 6.59%, 0, 0, 2, 748.43
1570817238, 0, 0, 1249, 1249, 1, 6.60%, 0, 0, 2, 723.43
1570817243, 0, 0, 1252, 1252, 1, 6.60%, 0, 0, 2, 796.93
1570817249, 0, 0, 1258, 1258, 1, 6.61%, 0, 0, 2, 160.33
1570817254, 0, 0, 1260, 1260, 1, 6.61%, 0, 0, 2, 502.77
1570817274, 0, 0, 1263, 1263, 1, 6.61%, 0, 0, 2, 923.94
1570817290, 0, 0, 1266, 1266, 1, 6.62%, 0, 0, 2, 642.60
1570817382, 0, 0, 1267, 1267, 1, 6.62%, 0, 0, 2, 617.52
1570817387, 0, 0, 1268, 1268, 1, 6.62%, 0, 0, 2, 809.09
1570817392, 0, 0, 1269, 1269, 1, 6.62%, 0, 0, 2, 775.88
1570817397, 0, 0, 1272, 1272, 1, 6.62%, 0, 0, 2, 632.94
1570817413, 0, 0, 1279, 1279, 1, 6.63%, 0, 0, 2, 743.45
1570817418, 0, 0, 1317, 1317, 1, 6.66%, 0, 0, 2, 1452.74
1570817423, 0, 0, 1337, 1337, 1, 6.68%, 0, 0, 2, 1726.22
1570817428, 0, 0, 1361, 1361, 1, 6.68%, 0, 0, 2, 1667.18
1570817433, 0, 8, 1373, 1368, 307, 6.68%, 0, 0, 2, 1879.04
1570817438, 0, 31, 1375, 1364, 301, 6.68%, 0, 0, 3, 2511.77
1570817464, 0, 31, 1377, 1366, 301, 6.68%, 0, 0, 3, 2349.24
1570817582, 0, 69, 1377, 1365, 302, 6.68%, 0, 0, 3, 2161.15
1570817664, 0, 69, 1378, 1366, 302, 6.68%, 0, 0, 3, 664.46
1570817889, 0, 69, 1379, 1367, 302, 6.68%, 0, 0, 3, 656.42
1570818203, 0, 69, 1380, 1368, 302, 6.68%, 0, 0, 3, 1023.16
1570819106, 0, 69, 1381, 1369, 302, 6.69%, 0, 0, 3, 669.74
1570819239, 0, 69, 1388, 1376, 302, 6.71%, 0, 0, 3, 1279.72
1570819244, 0, 69, 1398, 1386, 302, 6.71%, 0, 0, 3, 1651.84
1570819249, 0, 69, 1411, 1399, 302, 6.72%, 0, 0, 3, 1724.73
1570819255, 0, 69, 1419, 1407, 302, 6.73%, 0, 0, 3, 1734.85
1570819260, 0, 86, 1424, 1410, 300, 6.73%, 0, 0, 3, 1358.96
1570819337, 0, 86, 1427, 1413, 300, 6.73%, 0, 0, 3, 683.12
1570819358, 0, 86, 1428, 1414, 300, 6.73%, 0, 0, 3, 637.89
1570819558, 0, 86, 1429, 1415, 300, 6.79%, 0, 0, 3, 792.56
1570819892, 0, 86, 1430, 1416, 300, 6.79%, 0, 0, 3, 68.53
1570819907, 0, 86, 1431, 1417, 300, 6.79%, 0, 0, 3, 1067.85
1570820585, 0, 86, 1432, 1418, 300, 6.79%, 0, 0, 3, 839.22
1570820920, 0, 86, 1434, 1420, 300, 6.79%, 0, 0, 3, 1021.85
1570820925, 0, 86, 1445, 1431, 300, 6.79%, 0, 0, 3, 1592.33
1570820930, 0, 86, 1453, 1439, 300, 6.79%, 0, 0, 3, 1704.74
1570820935, 0, 86, 1462, 1448, 300, 6.79%, 0, 0, 3, 1751.64
1570820940, 0, 102, 1462, 1446, 300, 6.79%, 0, 0, 3, 1627.37
1570820950, 0, 102, 1463, 1447, 300, 6.79%, 0, 0, 3, 706.84
1570821022, 0, 102, 1467, 1451, 300, 6.79%, 0, 0, 3, 657.55
1570821540, 0, 102, 1468, 1452, 300, 6.79%, 0, 0, 3, 1435.08
1570821555, 0, 102, 1470, 1454, 300, 6.79%, 0, 0, 3, 1510.00
1570821565, 0, 102, 1471, 1455, 300, 6.79%, 0, 0, 3, 1344.00
1570821586, 0, 102, 1472, 1456, 300, 6.79%, 0, 0, 3, 750.49
1570822250, 0, 102, 1473, 1457, 300, 6.79%, 0, 0, 3, 644.19
1570822603, 0, 102, 1477, 1461, 300, 6.79%, 0, 0, 3, 1263.37
1570822608, 0, 102, 1487, 1471, 300, 6.80%, 0, 0, 3, 1559.85
1570822613, 0, 102, 1492, 1476, 300, 6.80%, 0, 0, 3, 1751.94
1570822618, 0, 102, 1501, 1485, 300, 6.80%, 0, 0, 3, 1753.97
1570822624, 0, 103, 1503, 1486, 301, 6.80%, 0, 0, 3, 1222.59
1570822701, 0, 103, 1506, 1489, 301, 6.80%, 0, 0, 3, 689.56
1570822721, 0, 103, 1507, 1490, 301, 6.81%, 0, 0, 3, 639.68
1570822917, 0, 103, 1508, 1491, 301, 6.81%, 0, 0, 3, 647.07
1570822937, 0, 103, 1509, 1492, 301, 6.81%, 0, 0, 3, 636.40
1570824288, 0, 103, 1522, 1505, 301, 6.87%, 0, 0, 3, 1547.89
1570824293, 0, 103, 1525, 1508, 301, 6.87%, 0, 0, 3, 1758.15
1570824298, 0, 103, 1532, 1515, 301, 6.87%, 0, 0, 3, 1804.04
1570824303, 0, 116, 1534, 1516, 305, 6.87%, 0, 0, 3, 1769.49
1570824385, 0, 116, 1535, 1517, 305, 6.87%, 0, 0, 3, 663.33
1570824483, 0, 116, 1536, 1518, 305, 6.87%, 0, 0, 3, 623.14
1570824621, 0, 116, 1537, 1519, 305, 6.87%, 0, 0, 3, 636.53
1570825971, 0, 123, 1537, 1518, 304, 6.87%, 0, 0, 3, 927.61
1570825976, 0, 123, 1538, 1519, 304, 6.87%, 0, 0, 3, 697.71
1570826049, 0, 123, 1539, 1520, 304, 6.87%, 0, 0, 3, 708.06
1570826377, 0, 123, 1540, 1521, 304, 6.87%, 0, 0, 3, 630.96
1570826676, 0, 123, 1541, 1522, 304, 6.87%, 0, 0, 3, 709.45
1570827628, 0, 148, 1541, 1521, 304, 6.87%, 0, 0, 3, 1119.29
1570827633, 0, 149, 1541, 1520, 303, 6.87%, 0, 0, 3, 936.90
1570827710, 0, 149, 1542, 1521, 303, 6.87%, 0, 0, 3, 696.27
1570827730, 0, 149, 1543, 1522, 303, 6.87%, 0, 0, 3, 639.54
1570829292, 0, 149, 1546, 1525, 303, 6.87%, 0, 0, 3, 1375.45
1570829297, 0, 149, 1549, 1528, 303, 6.87%, 0, 0, 3, 1689.13
1570829302, 0, 149, 1556, 1535, 303, 6.89%, 0, 0, 3, 1735.41
1570829307, 0, 149, 1567, 1546, 303, 6.92%, 0, 0, 3, 1750.06
1570829312, 0, 175, 1568, 1541, 296, 6.92%, 0, 0, 3, 483.28
1570829389, 0, 175, 1569, 1542, 296, 6.92%, 0, 0, 3, 624.61
1570830849, 0, 175, 1570, 1543, 296, 6.92%, 0, 0, 3, 745.71
1570830973, 0, 176, 1570, 1542, 297, 6.92%, 0, 0, 3, 1294.73
1570830983, 0, 176, 1573, 1545, 297, 6.92%, 0, 0, 3, 698.83
1570831055, 0, 176, 1574, 1546, 297, 6.92%, 0, 0, 3, 690.81
1570831167, 0, 176, 1575, 1547, 297, 6.93%, 0, 0, 3, 660.75
1570831240, 0, 176, 1576, 1548, 297, 6.93%, 0, 0, 3, 621.13
1570831260, 0, 176, 1577, 1549, 297, 6.93%, 0, 0, 3, 632.72
1570831311, 0, 176, 1578, 1550, 297, 6.93%, 0, 0, 3, 628.83
1570831564, 0, 176, 1579, 1551, 297, 6.93%, 0, 0, 3, 918.15
1570831676, 0, 176, 1580, 1552, 297, 6.93%, 0, 0, 3, 912.96
1570832195, 0, 176, 1581, 1553, 297, 6.93%, 0, 0, 3, 645.38
1570832512, 0, 176, 1584, 1556, 297, 6.94%, 0, 0, 3, 718.73
1570832636, 0, 184, 1585, 1555, 300, 6.94%, 0, 0, 3, 1390.37
1570832642, 0, 184, 1586, 1556, 300, 6.94%, 0, 0, 3, 792.84
1570832647, 0, 184, 1587, 1557, 300, 6.94%, 0, 0, 3, 694.62
1570832719, 0, 184, 1588, 1558, 300, 6.94%, 0, 0, 3, 669.41
1570832729, 0, 184, 1589, 1559, 300, 6.94%, 0, 0, 3, 669.94
1570832832, 0, 184, 1590, 1560, 300, 6.94%, 0, 0, 3, 657.58
1570832981, 0, 184, 1591, 1561, 300, 6.94%, 0, 0, 3, 750.79
1570833535, 0, 184, 1593, 1563, 300, 6.94%, 0, 0, 3, 73.37
1570834300, 0, 184, 1596, 1566, 300, 6.94%, 0, 0, 3, 1150.46
1570834305, 0, 184, 1601, 1571, 300, 6.94%, 0, 0, 3, 1659.52
1570834310, 0, 184, 1615, 1585, 300, 6.94%, 0, 0, 3, 1690.11
1570834316, 0, 184, 1616, 1586, 300, 6.99%, 0, 0, 3, 1803.60
1570834321, 0, 197, 1617, 1581, 298, 6.99%, 0, 0, 3, 2540.03
1570834326, 0, 236, 1617, 1578, 295, 6.99%, 0, 0, 3, 1596.64
1570834403, 0, 236, 1618, 1579, 295, 6.99%, 0, 0, 3, 699.74
1570834408, 0, 236, 1619, 1580, 295, 6.99%, 0, 0, 3, 620.81
1570834433, 0, 236, 1620, 1581, 295, 6.99%, 0, 0, 3, 639.17
1570834495, 0, 236, 1621, 1582, 295, 6.99%, 0, 0, 3, 704.70
1570834526, 0, 236, 1622, 1583, 295, 6.99%, 0, 0, 3, 638.77
1570834778, 0, 236, 1623, 1584, 295, 6.99%, 0, 0, 3, 633.33
1570834978, 0, 236, 1624, 1585, 295, 6.99%, 0, 0, 3, 74.85
1570835311, 0, 236, 1625, 1586, 295, 6.99%, 0, 0, 3, 1407.34
1570835645, 0, 236, 1626, 1587, 295, 6.99%, 0, 0, 3, 610.32
1570835988, 0, 237, 1626, 1586, 294, 6.99%, 0, 0, 3, 1073.19
1570836003, 0, 237, 1627, 1587, 294, 6.99%, 0, 0, 3, 640.23
1570836075, 0, 237, 1628, 1588, 294, 6.99%, 0, 0, 3, 598.80
1570836265, 0, 237, 1629, 1589, 294, 6.99%, 0, 0, 3, 641.72
1570837662, 0, 237, 1630, 1590, 294, 6.99%, 0, 0, 3, 774.76
1570837667, 0, 246, 1630, 1589, 296, 6.99%, 0, 0, 3, 860.28
1570837672, 0, 246, 1631, 1590, 296, 6.99%, 0, 0, 3, 677.32
1570837678, 0, 246, 1632, 1591, 296, 6.99%, 0, 0, 3, 654.83
1570837683, 0, 246, 1634, 1593, 296, 6.99%, 0, 0, 3, 631.68
1570837745, 0, 246, 1636, 1595, 296, 6.99%, 0, 0, 3, 707.57
1570837750, 0, 246, 1637, 1596, 296, 6.99%, 0, 0, 3, 620.14
1570837770, 0, 246, 1639, 1598, 296, 7.00%, 0, 0, 3, 644.28
1570837863, 0, 246, 1640, 1599, 296, 7.00%, 0, 0, 3, 642.62
1570838048, 0, 246, 1643, 1602, 296, 7.01%, 0, 0, 3, 630.44
1570838260, 0, 246, 1644, 1603, 296, 7.01%, 0, 0, 3, 1115.09
1570838311, 0, 246, 1645, 1604, 296, 7.01%, 0, 0, 3, 69.07
1570838880, 0, 246, 1646, 1605, 296, 7.03%, 0, 0, 3, 677.26
1570839343, 0, 246, 1649, 1608, 296, 7.03%, 0, 0, 3, 1532.64
1570839348, 0, 259, 1649, 1606, 301, 7.03%, 0, 0, 3, 1109.62
1570839368, 0, 259, 1650, 1607, 301, 7.03%, 0, 0, 3, 637.87
1570841018, 0, 266, 1650, 1604, 299, 7.03%, 0, 0, 3, 1149.88
1570841023, 0, 266, 1651, 1605, 299, 7.03%, 0, 0, 3, 734.95
1570841095, 0, 266, 1652, 1606, 299, 7.03%, 0, 0, 3, 703.67
1570841116, 0, 266, 1653, 1607, 299, 7.03%, 0, 0, 3, 631.36
1570841131, 0, 266, 1656, 1610, 299, 7.04%, 0, 0, 3, 634.10
1570841281, 0, 266, 1657, 1611, 299, 7.04%, 0, 0, 3, 686.84
1570841435, 0, 266, 1659, 1613, 299, 7.04%, 0, 0, 3, 632.89
1570841671, 0, 266, 1660, 1614, 299, 7.04%, 0, 0, 3, 154.98
1570841769, 0, 266, 1661, 1615, 299, 7.04%, 0, 0, 3, 635.76
1570842688, 0, 267, 1661, 1614, 301, 7.04%, 0, 0, 3, 1002.43
1570842693, 0, 305, 1661, 1612, 299, 7.04%, 0, 0, 3, 1086.83
1570842755, 0, 305, 1663, 1614, 299, 7.04%, 0, 0, 3, 632.53
1570842775, 0, 305, 1664, 1615, 299, 7.04%, 0, 0, 3, 625.16
1570842781, 0, 305, 1665, 1616, 299, 7.04%, 0, 0, 3, 595.59
1570842786, 0, 305, 1666, 1617, 299, 7.04%, 0, 0, 3, 654.02
1570842966, 0, 305, 1667, 1618, 299, 7.04%, 0, 0, 3, 661.80
1570844341, 0, 305, 1668, 1619, 299, 7.04%, 0, 0, 3, 724.49
1570844366, 0, 336, 1668, 1616, 298, 7.04%, 0, 0, 3, 1232.81
1570844423, 0, 336, 1670, 1618, 298, 7.04%, 0, 0, 3, 633.19
1570844449, 0, 336, 1671, 1619, 298, 7.04%, 0, 0, 3, 623.14
1570844634, 0, 336, 1672, 1620, 298, 7.04%, 0, 0, 3, 623.80
1570845031, 0, 336, 1674, 1622, 298, 7.04%, 0, 0, 3, 1080.61
1570846042, 0, 354, 1675, 1622, 299, 7.04%, 0, 0, 3, 924.34
1570846129, 0, 354, 1676, 1623, 299, 7.04%, 0, 0, 3, 630.31
1570846627, 0, 354, 1677, 1624, 299, 7.05%, 0, 0, 3, 1168.18
1570847716, 0, 354, 1683, 1630, 299, 7.05%, 0, 0, 3, 1496.86
1570847721, 0, 354, 1686, 1633, 299, 7.05%, 0, 0, 3, 1728.12
1570847726, 0, 354, 1690, 1637, 299, 7.05%, 0, 0, 3, 1727.23
1570847731, 0, 381, 1693, 1638, 304, 7.05%, 0, 0, 3, 2073.94
1570847814, 0, 381, 1695, 1640, 304, 7.05%, 0, 0, 3, 686.97
1570849406, 0, 453, 1696, 1636, 300, 7.09%, 0, 0, 3, 1558.65
1570849458, 0, 453, 1697, 1637, 300, 7.09%, 0, 0, 3, 646.85
1570849484, 0, 453, 1703, 1643, 300, 7.10%, 0, 0, 3, 660.65
1570849489, 0, 453, 1707, 1647, 300, 7.10%, 0, 0, 3, 610.01
1570849494, 0, 453, 1710, 1650, 300, 7.10%, 0, 0, 3, 672.80
1570849499, 0, 453, 1711, 1651, 300, 7.10%, 0, 0, 3, 667.74
1570849571, 0, 453, 1712, 1652, 300, 7.10%, 0, 0, 3, 696.58
1570849577, 0, 453, 1715, 1655, 300, 7.10%, 0, 0, 3, 661.75
1570849587, 0, 453, 1716, 1656, 300, 7.10%, 0, 0, 3, 687.33
1570849674, 0, 453, 1717, 1657, 300, 7.10%, 0, 0, 3, 669.65
1570849699, 0, 453, 1719, 1659, 300, 7.10%, 0, 0, 3, 800.18
1570849981, 0, 453, 1720, 1660, 300, 7.10%, 0, 0, 3, 615.58
1570849986, 0, 453, 1721, 1661, 300, 7.11%, 0, 0, 3, 1190.32
1570850047, 0, 453, 1722, 1662, 300, 7.11%, 0, 0, 3, 1188.14
1570850053, 0, 453, 1725, 1665, 300, 7.11%, 0, 0, 3, 940.43
1570850058, 0, 453, 1726, 1666, 300, 7.11%, 0, 0, 3, 899.99
1570850873, 0, 453, 1727, 1667, 300, 7.11%, 0, 0, 3, 848.66
1570851006, 0, 453, 1728, 1668, 300, 7.11%, 0, 0, 3, 664.08
1570851017, 0, 453, 1729, 1669, 300, 7.11%, 0, 0, 3, 609.51
1570851032, 0, 459, 1729, 1668, 307, 7.11%, 0, 0, 3, 887.61
1570851037, 0, 459, 1733, 1672, 307, 7.11%, 0, 0, 3, 675.00
1570851113, 0, 459, 1734, 1673, 307, 7.11%, 0, 0, 3, 641.75
1570851123, 0, 459, 1736, 1675, 307, 7.12%, 0, 0, 3, 662.20
1570851128, 0, 459, 1738, 1677, 307, 7.12%, 0, 0, 3, 632.53
1570851214, 0, 459, 1739, 1678, 307, 7.12%, 0, 0, 3, 652.46
1570851225, 0, 459, 1740, 1679, 307, 7.12%, 0, 0, 3, 645.18
1570851300, 0, 459, 1741, 1680, 307, 7.12%, 0, 0, 3, 640.95
1570851311, 0, 459, 1742, 1681, 307, 7.12%, 0, 0, 3, 642.71
1570851321, 0, 459, 1743, 1682, 307, 7.12%, 0, 0, 3, 624.91
1570851331, 0, 459, 1744, 1683, 307, 7.12%, 0, 0, 3, 635.54
1570851351, 0, 459, 1748, 1687, 307, 7.12%, 0, 0, 3, 627.34
1570851630, 0, 459, 1751, 1690, 307, 7.12%, 0, 0, 3, 1128.40
1570851645, 0, 459, 1752, 1691, 307, 7.12%, 0, 0, 3, 1520.65
1570851722, 0, 459, 1754, 1693, 307, 7.12%, 0, 0, 3, 629.01
1570852257, 0, 459, 1755, 1694, 307, 7.12%, 0, 0, 3, 647.41
1570852363, 0, 459, 1756, 1695, 307, 7.12%, 0, 0, 3, 799.86
1570852703, 0, 459, 1757, 1696, 307, 7.12%, 0, 0, 3, 651.85
1570852728, 0, 471, 1757, 1692, 309, 7.12%, 0, 0, 3, 1932.75
1570852733, 0, 474, 1757, 1691, 308, 7.12%, 0, 0, 3, 1118.00
1570852738, 0, 474, 1758, 1692, 308, 7.12%, 0, 0, 3, 727.64
1570852809, 0, 474, 1759, 1693, 308, 7.12%, 0, 0, 3, 657.97
1570852814, 0, 474, 1760, 1694, 308, 7.12%, 0, 0, 3, 633.74
1570852825, 0, 474, 1762, 1696, 308, 7.12%, 0, 0, 3, 662.12
1570853068, 0, 474, 1766, 1700, 308, 7.12%, 0, 0, 3, 624.49
1570853337, 0, 474, 1767, 1701, 308, 7.12%, 0, 0, 3, 1170.99
1570853978, 0, 474, 1768, 1702, 308, 7.12%, 0, 0, 3, 628.19
1570854069, 0, 474, 1769, 1703, 308, 7.12%, 0, 0, 3, 717.20
1570854084, 0, 474, 1770, 1704, 308, 7.12%, 0, 0, 3, 733.58
1570854292, 0, 474, 1772, 1706, 308, 7.12%, 0, 0, 3, 620.20
1570854449, 0, 481, 1773, 1705, 307, 7.12%, 0, 0, 3, 1696.65
1570854530, 0, 481, 1775, 1707, 307, 7.12%, 0, 0, 3, 694.03
1570854536, 0, 481, 1776, 1708, 307, 7.12%, 0, 0, 3, 628.11
1570854541, 0, 481, 1777, 1709, 307, 7.12%, 0, 0, 3, 586.27
1570854546, 0, 481, 1778, 1710, 307, 7.12%, 0, 0, 3, 648.38
1570855057, 0, 481, 1779, 1711, 307, 7.12%, 0, 0, 3, 1074.71
1570855696, 0, 481, 1780, 1712, 307, 7.12%, 0, 0, 3, 630.68
1570856142, 0, 481, 1781, 1713, 307, 7.12%, 0, 0, 3, 770.65
1570856147, 0, 481, 1782, 1714, 307, 7.12%, 0, 0, 3, 948.98
1570856178, 0, 485, 1782, 1712, 309, 7.12%, 0, 0, 3, 1503.61
1570856183, 0, 536, 1782, 1703, 301, 7.12%, 0, 0, 3, 2670.19
1570856188, 0, 542, 1782, 1700, 298, 7.12%, 0, 0, 3, 1624.39
1570856198, 0, 542, 1783, 1701, 298, 7.12%, 0, 0, 3, 712.21
1570856265, 0, 542, 1784, 1702, 298, 7.12%, 0, 0, 3, 706.05
1570856270, 0, 542, 1785, 1703, 298, 7.12%, 0, 0, 3, 640.44
1570856275, 0, 542, 1786, 1704, 298, 7.12%, 0, 0, 3, 620.28
1570856290, 0, 542, 1788, 1706, 298, 7.12%, 0, 0, 3, 658.96
1570856382, 0, 542, 1790, 1708, 298, 7.12%, 0, 0, 3, 651.45
1570856448, 0, 542, 1791, 1709, 298, 7.12%, 0, 0, 3, 682.48
1570856535, 0, 542, 1792, 1710, 298, 7.12%, 0, 0, 3, 706.62
1570856540, 0, 542, 1799, 1717, 298, 7.12%, 0, 0, 3, 668.96
1570856781, 0, 542, 1801, 1719, 298, 7.12%, 0, 0, 3, 1689.14
1570857129, 0, 542, 1802, 1720, 298, 7.12%, 0, 0, 3, 59.93
1570857820, 0, 542, 1803, 1721, 298, 7.12%, 0, 0, 3, 889.08
1570857830, 0, 542, 1804, 1722, 298, 7.12%, 0, 0, 3, 607.71
1570857851, 0, 565, 1804, 1719, 300, 7.12%, 0, 0, 3, 1698.98
1570857866, 0, 565, 1806, 1721, 300, 7.12%, 0, 0, 3, 627.50
1570857907, 0, 565, 1808, 1723, 300, 7.12%, 0, 0, 3, 610.05
1570857938, 0, 565, 1812, 1727, 300, 7.12%, 0, 0, 3, 619.19
1570857948, 0, 565, 1813, 1728, 300, 7.12%, 0, 0, 3, 651.76
1570857958, 0, 565, 1814, 1729, 300, 7.12%, 0, 0, 3, 641.92
1570857968, 0, 565, 1815, 1730, 300, 7.12%, 0, 0, 3, 612.70
1570858030, 0, 565, 1816, 1731, 300, 7.12%, 0, 0, 3, 687.94
1570858221, 0, 565, 1817, 1732, 300, 7.12%, 0, 0, 3, 617.31
1570858540, 0, 565, 1818, 1733, 300, 7.12%, 0, 0, 3, 624.69
1570859407, 0, 565, 1819, 1734, 300, 7.12%, 0, 0, 3, 594.06
1570859458, 0, 565, 1820, 1735, 300, 7.12%, 0, 0, 3, 661.51
1570859607, 0, 567, 1820, 1734, 301, 7.12%, 0, 0, 3, 1207.26
1570859613, 0, 568, 1820, 1733, 300, 7.12%, 0, 0, 3, 915.92
1570859623, 0, 568, 1823, 1736, 300, 7.13%, 0, 0, 3, 650.18
1570859693, 0, 568, 1824, 1737, 300, 7.13%, 0, 0, 3, 647.76
1570859967, 0, 568, 1825, 1738, 300, 7.13%, 0, 0, 3, 649.47
1570861331, 0, 613, 1825, 1736, 302, 7.13%, 0, 0, 3, 1453.39
1570861990, 0, 613, 1826, 1737, 302, 7.13%, 0, 0, 3, 1149.86
1570863035, 0, 693, 1826, 1734, 302, 7.13%, 0, 0, 3, 1641.00
1570863040, 0, 729, 1826, 1730, 300, 7.13%, 0, 0, 3, 1623.17
1570863116, 0, 729, 1827, 1731, 300, 7.14%, 0, 0, 3, 628.58
1570863121, 0, 729, 1828, 1732, 300, 7.14%, 0, 0, 3, 693.46
1570863131, 0, 729, 1829, 1733, 300, 7.14%, 0, 0, 3, 691.57
1570863212, 0, 729, 1830, 1734, 300, 7.14%, 0, 0, 3, 708.63
1570863329, 0, 729, 1831, 1735, 300, 7.14%, 0, 0, 3, 625.71
1570863339, 0, 729, 1832, 1736, 300, 7.14%, 0, 0, 3, 643.27
1570863631, 0, 729, 1833, 1737, 300, 7.14%, 0, 0, 3, 473.07
1570864753, 0, 753, 1835, 1738, 302, 7.14%, 0, 0, 3, 1243.43
1570864758, 0, 771, 1835, 1736, 300, 7.14%, 0, 0, 3, 1088.34
1570864820, 0, 771, 1836, 1737, 300, 7.14%, 0, 0, 3, 633.38
1570864825, 0, 771, 1837, 1738, 300, 7.15%, 0, 0, 3, 633.68
1570864835, 0, 771, 1840, 1741, 300, 7.15%, 0, 0, 3, 713.66
1570864840, 0, 771, 1842, 1743, 300, 7.15%, 0, 0, 3, 625.20
1570864845, 0, 771, 1843, 1744, 300, 7.15%, 0, 0, 3, 592.86
1570864907, 0, 771, 1844, 1745, 300, 7.15%, 0, 0, 3, 630.95
1570864917, 0, 771, 1845, 1746, 300, 7.15%, 0, 0, 3, 631.82
1570865015, 0, 771, 1846, 1747, 300, 7.15%, 0, 0, 3, 617.61
1570865031, 0, 771, 1847, 1748, 300, 7.15%, 0, 0, 3, 655.85
1570865353, 0, 771, 1848, 1749, 300, 7.15%, 0, 0, 3, 1185.53
1570865368, 0, 771, 1849, 1750, 300, 7.15%, 0, 0, 3, 121.60
1570866441, 0, 771, 1850, 1751, 300, 7.15%, 0, 0, 3, 526.99
1570866467, 0, 771, 1856, 1757, 300, 7.15%, 0, 0, 3, 1470.97
1570866472, 0, 771, 1859, 1760, 300, 7.15%, 0, 0, 3, 1724.24
1570866477, 0, 771, 1864, 1765, 300, 7.16%, 0, 0, 3, 1764.68
1570866482, 0, 778, 1866, 1766, 302, 7.16%, 0, 0, 3, 1927.27
1570866487, 0, 794, 1868, 1764, 298, 7.16%, 0, 0, 3, 1235.49
1570866565, 0, 794, 1873, 1769, 298, 7.17%, 0, 0, 3, 715.70
1570866570, 0, 794, 1874, 1770, 298, 7.17%, 0, 0, 3, 613.94
1570866575, 0, 794, 1875, 1771, 298, 7.17%, 0, 0, 3, 625.49
1570866750, 0, 794, 1876, 1772, 298, 7.17%, 0, 0, 3, 684.53
1570866785, 0, 794, 1878, 1774, 298, 7.18%, 0, 0, 3, 809.14
1570868168, 0, 801, 1878, 1773, 302, 7.18%, 0, 0, 3, 1146.29
1570868174, 0, 801, 1879, 1774, 302, 7.18%, 0, 0, 3, 799.47
1570868251, 0, 801, 1880, 1775, 302, 7.18%, 0, 0, 3, 699.59
1570868359, 0, 801, 1881, 1776, 302, 7.18%, 0, 0, 3, 646.42
1570868374, 0, 801, 1882, 1777, 302, 7.18%, 0, 0, 3, 634.93
1570868481, 0, 801, 1883, 1778, 302, 7.18%, 0, 0, 3, 642.82
1570869712, 0, 801, 1885, 1780, 302, 7.18%, 0, 0, 3, 658.38
1570869758, 0, 801, 1886, 1781, 302, 7.18%, 0, 0, 3, 623.26
1570869882, 0, 803, 1887, 1781, 300, 7.18%, 0, 0, 3, 996.68
1570871600, 0, 805, 1888, 1781, 300, 7.18%, 0, 0, 3, 904.10
1570872302, 0, 805, 1889, 1782, 300, 7.18%, 0, 0, 3, 627.69
1570873319, 0, 805, 1893, 1786, 300, 7.18%, 0, 0, 3, 1550.19
1570873324, 0, 805, 1894, 1787, 300, 7.18%, 0, 0, 3, 1711.24
1570873329, 0, 805, 1897, 1790, 300, 7.19%, 0, 0, 3, 1741.93
1570873334, 0, 811, 1901, 1792, 299, 7.19%, 0, 0, 3, 2082.97
1570873415, 0, 811, 1902, 1793, 299, 7.19%, 0, 0, 3, 712.26
1570873529, 0, 811, 1903, 1794, 299, 7.19%, 0, 0, 3, 661.13
1570873677, 0, 811, 1904, 1795, 299, 7.20%, 0, 0, 3, 628.78
1570875052, 0, 813, 1904, 1793, 299, 7.20%, 0, 0, 3, 1256.72
1570875073, 0, 813, 1905, 1794, 299, 7.20%, 0, 0, 3, 633.70
1570875129, 0, 813, 1906, 1795, 299, 7.20%, 0, 0, 3, 635.76
1570876771, 0, 815, 1906, 1794, 299, 7.20%, 0, 0, 3, 1055.74
1570876781, 0, 815, 1907, 1795, 299, 7.20%, 0, 0, 3, 684.13
1570876853, 0, 815, 1909, 1797, 299, 7.20%, 0, 0, 3, 643.94
1570878482, 0, 816, 1910, 1797, 300, 7.20%, 0, 0, 3, 1333.57
1570878569, 0, 816, 1911, 1798, 300, 7.20%, 0, 0, 3, 620.84
1570878661, 0, 816, 1912, 1799, 300, 7.20%, 0, 0, 3, 642.15
1570880176, 0, 816, 1913, 1800, 300, 7.20%, 0, 0, 3, 676.00
1570880201, 0, 819, 1913, 1799, 300, 7.20%, 0, 0, 3, 1092.16
1570880206, 0, 822, 1913, 1797, 298, 7.20%, 0, 0, 3, 1067.15
1570881904, 0, 822, 1914, 1798, 298, 7.20%, 0, 0, 3, 687.31
1570881924, 0, 822, 1915, 1799, 298, 7.20%, 0, 0, 3, 1034.12
1570881929, 0, 823, 1915, 1798, 298, 7.20%, 0, 0, 3, 880.67
1570882005, 0, 823, 1916, 1799, 298, 7.20%, 0, 0, 3, 699.69
1570882230, 0, 823, 1917, 1800, 298, 7.20%, 0, 0, 3, 744.28
1570883641, 0, 828, 1917, 1799, 297, 7.20%, 0, 0, 3, 1275.12
1570884067, 0, 828, 1919, 1801, 297, 7.22%, 0, 0, 3, 625.99
1570884400, 0, 828, 1920, 1802, 297, 7.22%, 0, 0, 3, 633.78
1570885366, 0, 829, 1920, 1801, 299, 7.22%, 0, 0, 3, 1054.16
1570885386, 0, 829, 1921, 1802, 299, 7.24%, 0, 0, 3, 624.66
1570885447, 0, 829, 1923, 1804, 299, 7.24%, 0, 0, 3, 680.68
1570885647, 0, 829, 1924, 1805, 299, 7.24%, 0, 0, 3, 630.78
1570885795, 0, 829, 1926, 1807, 299, 7.24%, 0, 0, 3, 634.18
1570886969, 0, 829, 1927, 1808, 299, 7.24%, 0, 0, 3, 631.16
1570887092, 0, 877, 1927, 1803, 298, 7.24%, 0, 0, 3, 1985.75
1570887246, 0, 877, 1928, 1804, 298, 7.24%, 0, 0, 3, 627.99
1570888809, 0, 913, 1928, 1803, 298, 7.24%, 0, 0, 3, 1224.36
1570888814, 0, 923, 1928, 1801, 296, 7.24%, 0, 0, 3, 913.51
1570888890, 0, 923, 1929, 1802, 296, 7.24%, 0, 0, 3, 695.96
1570890526, 0, 925, 1929, 1801, 296, 7.24%, 0, 0, 3, 1085.22
1570890531, 0, 930, 1929, 1800, 295, 7.24%, 0, 0, 3, 942.05
1570890608, 0, 930, 1930, 1801, 295, 7.24%, 0, 0, 3, 692.89
1570890643, 0, 930, 1931, 1802, 295, 7.25%, 0, 0, 3, 631.65
1570890736, 0, 930, 1932, 1803, 295, 7.26%, 0, 0, 3, 622.83
1570892245, 0, 932, 1933, 1803, 297, 7.26%, 0, 0, 3, 1309.57
1570892327, 0, 932, 1934, 1804, 297, 7.26%, 0, 0, 3, 700.51
1570892547, 0, 932, 1935, 1805, 297, 7.26%, 0, 0, 3, 770.69
1570893960, 0, 932, 1936, 1806, 297, 7.26%, 0, 0, 3, 1079.56
1570893965, 0, 933, 1936, 1805, 298, 7.26%, 0, 0, 3, 850.41
1570895675, 0, 935, 1936, 1804, 297, 7.26%, 0, 0, 3, 1156.88
1570895680, 0, 973, 1936, 1803, 296, 7.26%, 0, 0, 3, 913.60
1570895701, 0, 973, 1942, 1809, 296, 7.26%, 0, 0, 3, 586.73
1570895762, 0, 973, 1943, 1810, 296, 7.26%, 0, 0, 3, 599.88
1570895778, 0, 973, 1944, 1811, 296, 7.26%, 0, 0, 3, 631.97
1570895798, 0, 973, 1945, 1812, 296, 7.26%, 0, 0, 3, 583.45
1570895901, 0, 973, 1947, 1814, 296, 7.26%, 0, 0, 3, 581.66
1570895968, 0, 973, 1948, 1815, 296, 7.26%, 0, 0, 3, 592.82
1570896127, 0, 973, 1949, 1816, 296, 7.26%, 0, 0, 3, 581.75
1570896132, 0, 973, 1951, 1818, 296, 7.26%, 0, 0, 3, 564.62
1570896137, 0, 973, 1953, 1820, 296, 7.26%, 0, 0, 3, 572.74
1570896143, 0, 973, 1955, 1822, 296, 7.26%, 0, 0, 3, 577.34
1570896491, 0, 973, 1957, 1824, 296, 7.26%, 0, 0, 3, 579.92
1570896496, 0, 973, 1959, 1826, 296, 7.26%, 0, 0, 3, 580.23
1570897056, 0, 973, 1960, 1827, 296, 7.26%, 0, 0, 3, 581.27
1570897533, 0, 979, 1960, 1825, 301, 7.26%, 0, 0, 3, 1491.23
1570897588, 0, 979, 1964, 1829, 301, 7.28%, 0, 0, 3, 625.32
1570897613, 0, 979, 1965, 1830, 301, 7.28%, 0, 0, 3, 694.06
1570897679, 0, 979, 1966, 1831, 301, 7.28%, 0, 0, 3, 625.01
1570897715, 0, 979, 1967, 1832, 301, 7.28%, 0, 0, 3, 602.69
1570898001, 0, 979, 1968, 1833, 301, 7.29%, 0, 0, 3, 629.60
1570899260, 0, 982, 1969, 1833, 305, 7.29%, 0, 0, 3, 1397.66
1570899266, 0, 1001, 1970, 1832, 303, 7.29%, 0, 0, 3, 1069.02
1570899566, 0, 1001, 1971, 1833, 303, 7.30%, 0, 0, 3, 829.88
1570900595, 0, 1001, 1972, 1834, 303, 7.30%, 0, 0, 3, 665.70
1570900986, 0, 1019, 1972, 1831, 303, 7.30%, 0, 0, 3, 1201.87
1570901062, 0, 1019, 1973, 1832, 303, 7.30%, 0, 0, 3, 632.30
1570901067, 0, 1019, 1975, 1834, 303, 7.30%, 0, 0, 3, 662.13
1570901577, 0, 1019, 1976, 1835, 303, 7.31%, 0, 0, 3, 1154.86
