# unix_time, cycles_done, cur_path, paths_total, pending_total, pending_favs, map_size, unique_crashes, unique_hangs, max_depth, execs_per_sec
1570992094, 0, 0, 1, 1, 1, 3.55%, 0, 0, 1, 727.27
1570992099, 1, 33, 91, 79, 36, 4.46%, 0, 0, 4, 2529.85
1570992104, 1, 63, 91, 64, 20, 4.46%, 0, 0, 4, 3295.10
1570992109, 1, 80, 91, 54, 10, 4.46%, 0, 0, 4, 3512.36
1570992114, 4, 14, 93, 41, 0, 4.47%, 0, 0, 5, 3533.95
1570992120, 6, 48, 95, 32, 0, 4.48%, 0, 0, 5, 3563.85
1570992125, 9, 19, 104, 31, 0, 4.50%, 0, 0, 5, 3463.69
1570992130, 9, 111, 119, 37, 4, 4.59%, 0, 0, 5, 3237.01
1570992135, 11, 34, 120, 26, 0, 4.59%, 0, 0, 5, 3474.93
1570992140, 12, 124, 135, 31, 7, 4.62%, 0, 0, 5, 3249.63
1570992145, 14, 139, 140, 25, 1, 4.62%, 0, 0, 5, 3362.14
1570992150, 19, 42, 148, 23, 0, 4.67%, 0, 0, 5, 3164.03
1570992155, 21, 141, 155, 19, 2, 4.68%, 0, 0, 7, 2975.36
1570992160, 27, 163, 164, 16, 1, 4.71%, 0, 0, 9, 2767.84
1570992165, 32, 173, 196, 40, 2, 4.74%, 0, 0, 9, 254.87
1570992171, 32, 204, 208, 45, 3, 4.76%, 0, 0, 9, 3352.03
1570992176, 35, 211, 217, 47, 1, 4.88%, 0, 0, 9, 521.56
1570992181, 38, 223, 231, 52, 5, 4.92%, 0, 0, 9, 3276.21
1570992186, 39, 234, 235, 49, 1, 4.93%, 0, 0, 9, 3533.03
1570992191, 41, 243, 266, 73, 13, 5.02%, 0, 0, 9, 2931.74
1570992196, 41, 253, 270, 69, 6, 5.02%, 0, 0, 9, 209.59
1570992201, 42, 273, 274, 64, 1, 5.02%, 0, 0, 9, 3542.31
1570992206, 44, 285, 287, 70, 2, 5.05%, 0, 0, 9, 3471.24
1570992211, 46, 292, 293, 67, 1, 5.05%, 0, 0, 9, 3163.00
1570992216, 47, 189, 294, 59, 0, 5.05%, 0, 0, 9, 3336.03
1570992221, 48, 296, 316, 75, 12, 5.08%, 0, 0, 9, 3038.29
1570992227, 48, 312, 316, 65, 2, 5.08%, 0, 0, 9, 3477.35
1570992232, 49, 341, 345, 87, 1, 5.13%, 0, 0, 9, 3586.09
1570992237, 51, 349, 353, 87, 3, 5.14%, 0, 0, 9, 3276.55
1570992242, 52, 337, 357, 83, 1, 5.15%, 0, 0, 9, 3108.18
1570992247, 53, 281, 370, 90, 1, 5.18%, 0, 0, 9, 3374.11
1570992252, 57, 217, 388, 100, 4, 5.20%, 0, 0, 9, 2873.30
1570992257, 57, 387, 390, 94, 0, 5.20%, 0, 0, 9, 510.30
1570992262, 59, 233, 396, 93, 0, 5.21%, 0, 0, 9, 3146.30
1570992267, 61, 194, 406, 91, 0, 5.24%, 0, 0, 9, 2751.40
1570992273, 63, 252, 412, 90, 0, 5.29%, 0, 0, 9, 2961.20
1570992278, 64, 420, 421, 91, 1, 5.30%, 0, 0, 9, 3346.33
1570992283, 66, 129, 426, 89, 0, 5.31%, 0, 0, 9, 3570.93
1570992288, 67, 432, 437, 94, 3, 5.32%, 0, 0, 9, 2629.60
1570992293, 68, 237, 438, 89, 0, 5.32%, 0, 0, 9, 3037.21
1570992298, 68, 442, 443, 86, 1, 5.32%, 0, 0, 9, 2855.47
1570992303, 71, 453, 461, 98, 2, 5.35%, 0, 0, 10, 3376.59
1570992308, 73, 469, 470, 100, 1, 5.36%, 0, 0, 10, 1781.84
1570992313, 75, 473, 475, 98, 1, 5.38%, 0, 0, 10, 3424.54
1570992318, 78, 481, 482, 96, 1, 5.39%, 0, 0, 10, 3188.09
1570992323, 81, 224, 486, 93, 0, 5.40%, 0, 0, 10, 2921.97
1570992329, 82, 241, 493, 93, 1, 5.40%, 0, 0, 10, 2853.74
1570992334, 83, 304, 499, 94, 0, 5.40%, 0, 0, 10, 2921.50
1570992339, 83, 400, 499, 83, 0, 5.40%, 0, 0, 10, 3444.36
1570992344, 86, 140, 505, 81, 0, 5.41%, 0, 0, 10, 3023.39
1570992349, 90, 194, 518, 87, 0, 5.48%, 0, 0, 10, 2818.52
1570992354, 91, 524, 529, 93, 0, 5.48%, 0, 0, 10, 271.43
1570992359, 92, 342, 532, 91, 0, 5.48%, 0, 0, 10, 2902.68
1570992364, 93, 540, 541, 92, 1, 5.49%, 0, 0, 10, 2824.44
1570992369, 95, 317, 547, 92, 0, 5.49%, 0, 0, 10, 2931.76
1570992374, 95, 467, 548, 83, 0, 5.49%, 0, 0, 10, 3390.27
1570992380, 98, 116, 553, 78, 0, 5.63%, 0, 0, 10, 3219.94
1570992385, 99, 562, 564, 84, 1, 5.64%, 0, 0, 10, 207.24
1570992390, 102, 498, 580, 95, 6, 5.65%, 0, 0, 10, 3039.80
1570992395, 103, 300, 580, 87, 0, 5.65%, 0, 0, 10, 669.66
1570992400, 104, 583, 587, 85, 2, 5.65%, 0, 0, 10, 3505.00
1570992405, 107, 550, 598, 86, 1, 5.74%, 0, 0, 10, 548.15
1570992410, 107, 616, 630, 109, 7, 5.80%, 0, 0, 10, 285.26
1570992415, 109, 502, 633, 97, 1, 5.80%, 0, 0, 10, 3149.59
1570992420, 112, 291, 636, 93, 0, 5.80%, 0, 0, 10, 2421.81
1570992425, 114, 578, 647, 97, 2, 5.81%, 0, 0, 10, 206.64
1570992431, 115, 488, 647, 90, 0, 5.81%, 0, 0, 10, 3122.56
1570992436, 115, 527, 656, 92, 0, 5.81%, 0, 0, 10, 2931.38
1570992441, 116, 285, 658, 84, 0, 5.82%, 0, 0, 10, 2919.58
1570992446, 117, 663, 665, 84, 1, 5.84%, 0, 0, 10, 3036.63
1570992451, 118, 511, 665, 77, 0, 5.84%, 0, 0, 10, 3092.10
1570992456, 119, 475, 680, 83, 2, 5.85%, 0, 0, 10, 430.89
1570992461, 120, 683, 686, 82, 1, 5.85%, 0, 0, 10, 3391.42
1570992466, 121, 602, 693, 82, 1, 5.85%, 0, 0, 10, 2957.94
1570992471, 122, 708, 714, 94, 1, 5.85%, 0, 0, 10, 2982.20
1570992476, 123, 715, 716, 88, 1, 5.85%, 0, 0, 10, 2945.87
1570992481, 125, 447, 729, 95, 0, 5.85%, 0, 0, 10, 2273.28
1570992486, 126, 571, 744, 99, 0, 5.86%, 0, 0, 10, 2615.19
1570992492, 127, 754, 757, 106, 2, 5.87%, 0, 0, 10, 2322.91
1570992497, 128, 760, 781, 124, 6, 5.88%, 0, 0, 10, 428.33
1570992502, 130, 625, 783, 114, 0, 5.88%, 0, 0, 10, 2242.70
1570992507, 133, 779, 797, 117, 1, 5.90%, 0, 0, 11, 1600.30
1570992512, 135, 630, 801, 112, 0, 5.90%, 0, 0, 11, 2298.76
1570992517, 136, 276, 810, 111, 0, 5.90%, 0, 0, 11, 655.97
1570992522, 138, 156, 813, 106, 0, 5.90%, 0, 0, 11, 2369.10
1570992527, 140, 290, 830, 114, 0, 5.91%, 0, 0, 11, 2597.82
1570992532, 141, 834, 838, 112, 2, 5.91%, 0, 0, 11, 939.18
1570992537, 143, 795, 847, 114, 3, 5.92%, 0, 0, 11, 1616.62
1570992542, 145, 851, 853, 112, 2, 5.97%, 0, 0, 11, 2248.65
1570992548, 149, 763, 860, 107, 1, 5.98%, 0, 0, 11, 2332.88
1570992553, 150, 644, 865, 103, 0, 5.98%, 0, 0, 11, 2387.87
1570992558, 150, 849, 869, 93, 1, 5.98%, 0, 0, 11, 2928.83
1570992563, 152, 879, 880, 97, 1, 5.98%, 0, 0, 11, 2092.49
1570992568, 155, 651, 886, 97, 0, 5.98%, 0, 0, 11, 1773.08
1570992573, 156, 717, 891, 94, 0, 6.02%, 0, 0, 11, 2125.26
1570992578, 156, 862, 894, 82, 0, 6.02%, 0, 0, 11, 3072.12
1570992583, 156, 895, 897, 81, 2, 6.02%, 0, 0, 11, 186.68
1570992588, 157, 893, 901, 82, 1, 6.03%, 0, 0, 11, 153.88
1570992593, 158, 853, 907, 83, 1, 6.03%, 0, 0, 11, 1290.18
1570992598, 159, 920, 923, 90, 1, 6.04%, 0, 0, 11, 581.03
1570992604, 162, 405, 929, 87, 0, 6.04%, 0, 0, 11, 1380.29
1570992609, 163, 757, 935, 87, 0, 6.04%, 0, 0, 11, 91.70
1570992614, 163, 881, 935, 73, 0, 6.04%, 0, 0, 11, 1837.18
1570992619, 164, 875, 939, 67, 0, 6.04%, 0, 0, 11, 1545.04
1570992624, 165, 941, 943, 68, 1, 6.04%, 0, 0, 11, 901.96
1570992629, 167, 712, 950, 68, 0, 6.04%, 0, 0, 11, 1878.03
1570992634, 168, 956, 959, 71, 1, 6.09%, 0, 0, 11, 964.72
1570992639, 170, 743, 972, 79, 0, 6.09%, 0, 0, 11, 1155.28
1570992644, 171, 975, 980, 78, 0, 6.12%, 0, 0, 11, 222.96
1570992649, 173, 924, 985, 78, 1, 6.12%, 0, 0, 11, 397.98
1570992654, 175, 751, 993, 81, 0, 6.12%, 0, 0, 11, 952.97
1570992660, 176, 696, 1006, 85, 2, 6.15%, 0, 0, 11, 1106.92
1570992665, 177, 421, 1007, 81, 0, 6.15%, 0, 0, 11, 911.57
1570992670, 177, 967, 1009, 73, 1, 6.15%, 0, 0, 11, 1218.92
1570992675, 179, 1013, 1014, 70, 1, 6.16%, 0, 0, 11, 170.48
1570992680, 180, 846, 1019, 73, 2, 6.18%, 0, 0, 11, 1107.39
1570992685, 182, 629, 1025, 71, 0, 6.18%, 0, 0, 11, 1353.15
1570992690, 182, 1028, 1029, 72, 0, 6.21%, 0, 0, 11, 107.41
1570992695, 184, 1031, 1036, 74, 3, 6.26%, 0, 0, 11, 1285.21
1570992700, 187, 1041, 1042, 71, 0, 6.26%, 0, 0, 11, 2038.99
1570992705, 190, 808, 1046, 71, 2, 6.26%, 0, 0, 11, 1767.53
1570992711, 193, 981, 1050, 66, 1, 6.29%, 0, 0, 11, 1776.47
1570992716, 196, 1060, 1062, 71, 1, 6.31%, 0, 0, 13, 1610.32
1570992721, 198, 824, 1065, 67, 0, 6.34%, 0, 0, 13, 2090.52
1570992726, 198, 970, 1065, 54, 0, 6.34%, 0, 0, 13, 2346.76
1570992731, 201, 597, 1071, 53, 0, 6.35%, 0, 0, 13, 542.56
1570992736, 202, 903, 1078, 57, 1, 6.35%, 0, 0, 13, 632.71
1570992741, 205, 420, 1091, 62, 0, 6.37%, 0, 0, 13, 1018.10
1570992746, 205, 992, 1092, 57, 0, 6.37%, 0, 0, 13, 953.74
1570992751, 206, 744, 1096, 51, 0, 6.37%, 0, 0, 13, 2138.61
1570992756, 206, 1076, 1097, 42, 0, 6.37%, 0, 0, 13, 1792.82
1570992761, 207, 510, 1107, 46, 0, 6.37%, 0, 0, 13, 221.77
1570992767, 209, 1111, 1112, 47, 1, 6.37%, 0, 0, 13, 3420.00
1570992772, 211, 1117, 1118, 48, 1, 6.38%, 0, 0, 13, 403.23
1570992777, 214, 144, 1128, 55, 0, 6.38%, 0, 0, 13, 1044.44
1570992782, 215, 585, 1133, 55, 0, 6.38%, 0, 0, 13, 1767.81
1570992787, 216, 977, 1143, 63, 0, 6.38%, 0, 0, 13, 1368.01
1570992792, 218, 404, 1147, 59, 0, 6.38%, 0, 0, 13, 1555.43
1570992797, 218, 1052, 1160, 70, 0, 6.38%, 0, 0, 13, 861.97
1570992802, 218, 1134, 1161, 61, 0, 6.38%, 0, 0, 13, 2728.12
1570992807, 221, 320, 1165, 56, 0, 6.39%, 0, 0, 13, 2172.13
1570992813, 223, 753, 1170, 58, 0, 6.39%, 0, 0, 13, 502.37
1570992818, 224, 1054, 1178, 60, 0, 6.39%, 0, 0, 13, 3064.36
1570992823, 225, 1182, 1186, 64, 1, 6.42%, 0, 0, 13, 77.95
1570992828, 226, 997, 1193, 66, 0, 6.42%, 0, 0, 13, 348.53
1570992833, 226, 1152, 1194, 61, 0, 6.42%, 0, 0, 13, 3521.47
1570992838, 227, 930, 1200, 62, 0, 6.42%, 0, 0, 13, 648.63
1570992843, 228, 1205, 1206, 64, 1, 6.42%, 0, 0, 13, 524.90
1570992848, 231, 1124, 1214, 69, 1, 6.44%, 0, 0, 13, 3630.00
1570992853, 233, 577, 1220, 68, 0, 6.44%, 0, 0, 13, 696.93
1570992859, 233, 1106, 1221, 63, 0, 6.44%, 0, 0, 13, 2093.20
1570992864, 233, 1187, 1221, 57, 0, 6.44%, 0, 0, 13, 85.99
1570992869, 234, 628, 1222, 53, 0, 6.44%, 0, 0, 13, 912.97
1570992874, 234, 1137, 1224, 52, 0, 6.44%, 0, 0, 13, 1562.61
1570992879, 236, 341, 1233, 55, 0, 6.44%, 0, 0, 13, 1716.10
1570992884, 238, 1226, 1241, 58, 2, 6.44%, 0, 0, 13, 252.43
1570992889, 239, 1244, 1248, 60, 1, 6.45%, 0, 0, 13, 2469.54
1570992894, 241, 1224, 1254, 62, 1, 6.45%, 0, 0, 13, 587.81
1570992899, 243, 176, 1257, 62, 0, 6.45%, 0, 0, 13, 333.33
1570992904, 245, 1074, 1264, 66, 1, 6.45%, 0, 0, 13, 251.54
1570992910, 245, 1265, 1266, 64, 0, 6.45%, 0, 0, 13, 2165.48
1570992915, 246, 1268, 1269, 62, 0, 6.45%, 0, 0, 13, 3591.65
1570992920, 248, 1274, 1277, 65, 1, 6.45%, 0, 0, 13, 2196.93
1570992925, 251, 1252, 1282, 66, 1, 6.45%, 0, 0, 13, 1956.39
1570992930, 253, 194, 1286, 64, 0, 6.46%, 0, 0, 13, 1818.94
1570992935, 255, 773, 1291, 65, 1, 6.48%, 0, 0, 13, 1671.98
1570992940, 257, 1295, 1297, 66, 2, 6.49%, 0, 0, 13, 1916.65
1570992945, 258, 1305, 1307, 73, 1, 6.49%, 0, 0, 13, 507.11
1570992951, 259, 1314, 1315, 75, 0, 6.49%, 0, 0, 13, 350.68
1570992956, 261, 1319, 1321, 77, 1, 6.49%, 0, 0, 13, 2293.57
1570992961, 263, 869, 1329, 80, 0, 6.49%, 0, 0, 13, 691.80
1570992966, 264, 1336, 1337, 83, 1, 6.50%, 0, 0, 13, 1383.57
1570992971, 266, 1342, 1344, 86, 1, 6.50%, 0, 0, 13, 250.93
1570992976, 267, 1313, 1347, 85, 1, 6.50%, 0, 0, 13, 103.69
1570992981, 268, 1109, 1352, 88, 0, 6.50%, 0, 0, 13, 1131.19
1570992986, 269, 1109, 1357, 89, 0, 6.50%, 0, 0, 13, 1332.00
1570992991, 271, 0, 1364, 91, 0, 6.52%, 0, 0, 13, 1851.71
1570992996, 272, 1147, 1370, 92, 0, 6.54%, 0, 0, 13, 1739.48
1570993002, 274, 629, 1378, 97, 0, 6.55%, 0, 0, 13, 1359.70
1570993007, 274, 1189, 1384, 101, 0, 6.55%, 0, 0, 13, 265.33
1570993012, 275, 785, 1386, 98, 0, 6.55%, 0, 0, 13, 398.43
1570993017, 276, 785, 1393, 102, 0, 6.55%, 0, 0, 13, 605.60
1570993022, 277, 1328, 1396, 103, 1, 6.56%, 0, 0, 13, 1553.40
1570993027, 278, 1380, 1402, 106, 1, 6.56%, 0, 0, 13, 226.63
1570993032, 280, 1364, 1407, 106, 1, 6.57%, 0, 0, 13, 1175.60
1570993037, 282, 962, 1414, 107, 0, 6.59%, 0, 0, 13, 1066.21
1570993042, 283, 1190, 1421, 110, 0, 6.59%, 0, 0, 13, 1619.81
1570993047, 283, 1318, 1421, 100, 0, 6.59%, 0, 0, 13, 330.66
1570993053, 283, 1348, 1421, 92, 0, 6.59%, 0, 0, 13, 3128.24
1570993058, 284, 1188, 1423, 88, 0, 6.59%, 0, 0, 13, 1287.08
1570993063, 284, 1423, 1424, 81, 1, 6.59%, 0, 0, 13, 531.67
1570993068, 286, 886, 1427, 80, 0, 6.59%, 0, 0, 13, 1044.50
1570993073, 288, 164, 1430, 81, 0, 6.60%, 0, 0, 13, 1087.96
1570993078, 289, 1373, 1438, 87, 2, 6.61%, 0, 0, 13, 722.42
1570993088, 290, 1439, 1440, 86, 1, 6.62%, 0, 0, 13, 633.18
1570993094, 293, 553, 1449, 91, 0, 6.63%, 0, 0, 13, 2366.46
1570993099, 293, 1452, 1453, 95, 1, 6.63%, 0, 0, 13, 125.62
1570993104, 294, 1454, 1455, 94, 1, 6.63%, 0, 0, 13, 1613.26
1570993109, 296, 1321, 1461, 97, 1, 6.63%, 0, 0, 13, 1569.40
1570993114, 298, 530, 1464, 95, 0, 6.64%, 0, 0, 13, 2137.40
1570993119, 299, 1469, 1472, 101, 1, 6.64%, 0, 0, 13, 1723.97
1570993124, 300, 1184, 1475, 101, 0, 6.64%, 0, 0, 13, 3324.79
1570993130, 301, 1241, 1481, 104, 2, 6.65%, 0, 0, 13, 442.86
1570993135, 302, 1385, 1482, 100, 1, 6.65%, 0, 0, 13, 2686.79
1570993140, 303, 1442, 1484, 97, 2, 6.65%, 0, 0, 13, 564.71
1570993145, 304, 1487, 1490, 99, 1, 6.65%, 0, 0, 13, 3378.46
1570993150, 305, 1496, 1498, 105, 1, 6.65%, 0, 0, 13, 512.58
1570993155, 307, 1490, 1503, 105, 1, 6.66%, 0, 0, 13, 1688.30
1570993160, 308, 1500, 1510, 110, 1, 6.67%, 0, 0, 13, 249.34
1570993166, 310, 547, 1515, 111, 0, 6.72%, 0, 0, 13, 222.69
1570993171, 310, 1514, 1515, 107, 1, 6.72%, 0, 0, 13, 1785.17
1570993176, 312, 1507, 1521, 110, 1, 6.72%, 0, 0, 13, 885.57
1570993181, 312, 1522, 1523, 110, 0, 6.72%, 0, 0, 13, 517.61
1570993186, 314, 1199, 1527, 111, 0, 6.72%, 0, 0, 13, 852.62
1570993191, 314, 1374, 1528, 103, 0, 6.72%, 0, 0, 13, 2034.22
1570993197, 314, 1528, 1529, 97, 1, 6.73%, 0, 0, 13, 326.50
1570993202, 315, 1264, 1531, 97, 0, 6.73%, 0, 0, 13, 552.24
1570993207, 315, 1301, 1534, 98, 0, 6.73%, 0, 0, 13, 2108.39
1570993212, 316, 709, 1536, 95, 0, 6.73%, 0, 0, 13, 1549.86
1570993217, 317, 1044, 1538, 95, 0, 6.74%, 0, 0, 13, 1189.52
1570993222, 318, 1401, 1544, 97, 1, 6.75%, 0, 0, 13, 212.32
1570993227, 318, 1544, 1545, 93, 0, 6.75%, 0, 0, 13, 145.13
1570993232, 319, 1361, 1550, 97, 0, 6.75%, 0, 0, 13, 525.70
1570993238, 320, 1021, 1556, 97, 0, 6.76%, 0, 0, 13, 681.14
1570993243, 321, 1561, 1562, 100, 1, 6.76%, 0, 0, 13, 1307.78
1570993248, 322, 1563, 1565, 100, 1, 6.84%, 0, 0, 13, 1304.48
1570993253, 323, 1531, 1567, 100, 1, 6.85%, 0, 0, 13, 95.14
1570993258, 323, 1531, 1568, 101, 1, 6.85%, 0, 0, 13, 81.97
1570993263, 323, 1567, 1570, 101, 0, 6.85%, 0, 0, 13, 95.37
1570993268, 324, 1534, 1573, 102, 1, 6.85%, 0, 0, 13, 983.15
1570993273, 324, 1573, 1575, 102, 2, 6.86%, 0, 0, 13, 391.82
1570993279, 326, 812, 1577, 100, 0, 6.86%, 0, 0, 13, 592.46
1570993284, 327, 383, 1581, 100, 0, 6.86%, 0, 0, 13, 1498.26
1570993289, 328, 1072, 1583, 100, 0, 6.86%, 0, 0, 13, 323.79
1570993294, 329, 1589, 1590, 104, 1, 6.86%, 0, 0, 13, 2452.22
1570993299, 330, 1335, 1596, 109, 1, 6.87%, 0, 0, 13, 459.13
1570993304, 332, 431, 1600, 107, 0, 6.87%, 0, 0, 13, 1078.90
1570993309, 332, 1546, 1602, 108, 1, 6.88%, 0, 0, 13, 145.23
1570993314, 333, 1206, 1605, 109, 0, 6.88%, 0, 0, 13, 850.90
1570993319, 334, 1545, 1610, 111, 1, 6.88%, 0, 0, 13, 215.04
1570993324, 334, 1610, 1613, 111, 0, 6.88%, 0, 0, 13, 1017.57
1570993330, 335, 1322, 1617, 114, 0, 6.88%, 0, 0, 13, 80.64
1570993340, 335, 1368, 1618, 110, 0, 6.88%, 0, 0, 13, 1477.31
1570993345, 335, 1465, 1619, 103, 0, 6.88%, 0, 0, 13, 195.65
1570993350, 335, 1527, 1619, 96, 0, 6.88%, 0, 0, 13, 446.46
1570993355, 335, 1591, 1620, 89, 0, 6.88%, 0, 0, 13, 3233.40
1570993360, 336, 1622, 1624, 89, 1, 6.89%, 0, 0, 13, 640.51
1570993365, 337, 1624, 1625, 86, 1, 6.89%, 0, 0, 13, 1598.28
1570993370, 339, 585, 1634, 91, 1, 6.90%, 0, 0, 13, 1518.01
1570993375, 340, 1209, 1637, 91, 0, 6.90%, 0, 0, 13, 1180.54
1570993381, 340, 1617, 1639, 88, 1, 6.90%, 0, 0, 13, 197.07
1570993386, 341, 1441, 1640, 86, 1, 6.90%, 0, 0, 13, 3279.81
1570993391, 343, 576, 1642, 83, 0, 6.90%, 0, 0, 13, 615.03
1570993396, 343, 1532, 1643, 84, 1, 6.91%, 0, 0, 13, 115.81
1570993401, 344, 1631, 1645, 83, 1, 6.91%, 0, 0, 13, 755.64
1570993406, 345, 1649, 1650, 85, 1, 6.94%, 0, 0, 13, 949.74
1570993411, 347, 1645, 1654, 86, 1, 6.94%, 0, 0, 13, 1885.81
1570993416, 349, 654, 1660, 89, 0, 6.95%, 0, 0, 13, 483.71
1570993421, 349, 1433, 1664, 91, 0, 6.95%, 0, 0, 13, 1721.70
1570993426, 349, 1664, 1665, 87, 1, 6.95%, 0, 0, 13, 1285.00
1570993432, 351, 635, 1667, 87, 0, 6.95%, 0, 0, 13, 1111.51
1570993437, 352, 1669, 1671, 87, 1, 6.95%, 0, 0, 13, 1300.28
1570993442, 354, 886, 1675, 87, 0, 6.95%, 0, 0, 13, 400.80
1570993447, 354, 1506, 1679, 86, 0, 6.95%, 0, 0, 13, 2713.22
1570993458, 354, 1585, 1679, 80, 0, 6.95%, 0, 0, 13, 163.27
1570993463, 354, 1586, 1679, 79, 0, 6.95%, 0, 0, 13, 206.46
1570993468, 354, 1630, 1679, 73, 0, 6.95%, 0, 0, 13, 3066.33
1570993473, 354, 1665, 1679, 67, 0, 6.95%, 0, 0, 13, 455.00
1570993478, 355, 1683, 1684, 70, 1, 6.95%, 0, 0, 13, 2896.30
1570993483, 357, 973, 1694, 73, 0, 6.99%, 0, 0, 13, 612.78
1570993488, 357, 1485, 1697, 73, 0, 6.99%, 0, 0, 13, 1112.78
1570993493, 357, 1525, 1698, 73, 0, 6.99%, 0, 0, 13, 97.76
1570993498, 357, 1582, 1700, 72, 0, 6.99%, 0, 0, 13, 2537.58
1570993503, 357, 1643, 1701, 70, 0, 6.99%, 0, 0, 13, 461.02
1570993509, 357, 1695, 1701, 63, 0, 6.99%, 0, 0, 13, 259.74
1570993514, 357, 1697, 1701, 62, 0, 6.99%, 0, 0, 13, 225.61
1570993519, 357, 1699, 1701, 61, 0, 6.99%, 0, 0, 13, 280.12
1570993524, 359, 947, 1705, 62, 0, 7.00%, 0, 0, 13, 578.95
1570993529, 359, 1536, 1707, 61, 0, 7.00%, 0, 0, 13, 3302.37
1570993534, 359, 1605, 1707, 59, 0, 7.00%, 0, 0, 13, 1830.00
1570993539, 359, 1679, 1708, 55, 0, 7.00%, 0, 0, 13, 2513.03
1570993544, 360, 973, 1711, 52, 0, 7.00%, 0, 0, 13, 473.58
1570993549, 361, 1713, 1715, 53, 1, 7.01%, 0, 0, 13, 685.08
1570993555, 362, 859, 1715, 51, 0, 7.01%, 0, 0, 13, 547.50
1570993560, 362, 1672, 1724, 58, 2, 7.03%, 0, 0, 14, 481.85
1570993565, 363, 439, 1725, 55, 0, 7.03%, 0, 0, 14, 570.61
1570993570, 364, 1023, 1727, 54, 0, 7.03%, 0, 0, 14, 774.02
1570993575, 364, 1549, 1739, 64, 0, 7.04%, 0, 0, 14, 179.64
1570993580, 364, 1737, 1743, 68, 2, 7.04%, 0, 0, 14, 302.04
1570993585, 364, 1741, 1743, 66, 0, 7.04%, 0, 0, 14, 444.40
1570993591, 365, 476, 1743, 65, 0, 7.04%, 0, 0, 14, 332.00
1570993596, 367, 604, 1745, 64, 0, 7.04%, 0, 0, 14, 995.78
1570993601, 368, 840, 1748, 65, 0, 7.05%, 0, 0, 14, 1707.59
1570993606, 368, 1748, 1749, 64, 1, 7.05%, 0, 0, 14, 472.11
1570993611, 369, 1750, 1752, 65, 2, 7.06%, 0, 0, 14, 474.18
1570993616, 370, 1752, 1753, 63, 1, 7.06%, 0, 0, 14, 3404.39
1570993621, 371, 1426, 1755, 64, 0, 7.06%, 0, 0, 14, 2376.24
1570993626, 371, 1611, 1758, 63, 0, 7.06%, 0, 0, 14, 208.74
1570993632, 371, 1661, 1758, 62, 0, 7.06%, 0, 0, 14, 133.04
1570993637, 371, 1736, 1760, 59, 0, 7.06%, 0, 0, 14, 250.42
1570993647, 371, 1738, 1760, 58, 0, 7.06%, 0, 0, 14, 200.40
1570993652, 371, 1757, 1761, 56, 0, 7.06%, 0, 0, 14, 1143.84
1570993657, 372, 1722, 1764, 57, 1, 7.06%, 0, 0, 14, 647.30
1570993662, 372, 1761, 1766, 57, 1, 7.06%, 0, 0, 14, 2967.68
1570993667, 372, 1765, 1768, 57, 0, 7.06%, 0, 0, 14, 376.02
1570993672, 374, 354, 1769, 55, 0, 7.06%, 0, 0, 14, 311.87
1570993677, 374, 1772, 1773, 57, 1, 7.06%, 0, 0, 14, 94.16
1570993688, 375, 1773, 1774, 57, 1, 7.06%, 0, 0, 14, 608.45
1570993693, 377, 730, 1777, 57, 0, 7.06%, 0, 0, 14, 497.67
1570993698, 377, 1779, 1781, 60, 2, 7.07%, 0, 0, 14, 308.30
1570993703, 377, 1780, 1781, 59, 1, 7.07%, 0, 0, 14, 255.38
1570993708, 379, 1077, 1785, 60, 0, 7.07%, 0, 0, 14, 451.68
1570993713, 380, 720, 1789, 61, 0, 7.07%, 0, 0, 14, 308.86
1570993718, 380, 1799, 1800, 71, 1, 7.08%, 0, 0, 14, 484.90
1570993729, 380, 1801, 1806, 75, 1, 7.09%, 0, 0, 14, 320.78
1570993734, 380, 1805, 1806, 74, 0, 7.09%, 0, 0, 14, 289.77
1570993739, 381, 665, 1806, 73, 0, 7.09%, 0, 0, 14, 312.39
1570993744, 381, 1484, 1807, 73, 0, 7.09%, 0, 0, 14, 98.25
1570993754, 381, 1731, 1808, 69, 0, 7.09%, 0, 0, 14, 289.26
1570993759, 381, 1731, 1812, 73, 0, 7.09%, 0, 0, 14, 219.57
1570993764, 381, 1810, 1813, 71, 1, 7.09%, 0, 0, 14, 268.45
1570993769, 382, 256, 1813, 70, 0, 7.09%, 0, 0, 14, 258.85
1570993775, 382, 1553, 1819, 76, 0, 7.09%, 0, 0, 14, 475.95
1570993780, 382, 1692, 1819, 73, 0, 7.09%, 0, 0, 14, 3309.04
1570993785, 382, 1732, 1819, 69, 0, 7.09%, 0, 0, 14, 229.08
1570993790, 382, 1732, 1820, 70, 0, 7.09%, 0, 0, 14, 207.36
1570993795, 382, 1771, 1822, 68, 0, 7.09%, 0, 0, 14, 357.47
1570993800, 382, 1794, 1822, 65, 0, 7.09%, 0, 0, 14, 358.84
1570993805, 382, 1797, 1823, 65, 0, 7.09%, 0, 0, 14, 309.81
1570993815, 382, 1798, 1823, 64, 0, 7.09%, 0, 0, 14, 303.73
1570993820, 382, 1814, 1823, 61, 0, 7.09%, 0, 0, 14, 391.06
1570993825, 382, 1822, 1823, 58, 0, 7.09%, 0, 0, 14, 220.37
1570993830, 383, 1128, 1824, 58, 0, 7.09%, 0, 0, 14, 439.33
1570993835, 384, 1764, 1831, 63, 2, 7.11%, 0, 0, 14, 1720.62
1570993841, 384, 1829, 1831, 62, 2, 7.11%, 0, 0, 14, 1890.00
1570993846, 385, 1575, 1835, 64, 0, 7.11%, 0, 0, 14, 523.31
1570993851, 385, 1837, 1840, 66, 1, 7.11%, 0, 0, 14, 1091.42
1570993856, 385, 1839, 1841, 66, 0, 7.11%, 0, 0, 14, 150.97
1570993866, 385, 1840, 1841, 65, 0, 7.11%, 0, 0, 14, 129.23
1570993891, 386, 1476, 1843, 66, 1, 7.16%, 0, 0, 14, 544.91
1570993897, 386, 1733, 1844, 67, 1, 7.16%, 0, 0, 14, 338.00
1570993902, 386, 1842, 1844, 66, 1, 7.16%, 0, 0, 14, 234.52
1570993907, 386, 1842, 1845, 67, 1, 7.16%, 0, 0, 14, 220.59
1570993912, 386, 1844, 1846, 67, 1, 7.16%, 0, 0, 14, 218.83
1570993922, 387, 1848, 1849, 68, 1, 7.16%, 0, 0, 14, 621.81
1570993927, 387, 1849, 1851, 69, 0, 7.16%, 0, 0, 14, 73.83
1570993953, 388, 823, 1851, 68, 0, 7.16%, 0, 0, 14, 663.61
1570993958, 388, 1812, 1857, 73, 5, 7.19%, 0, 0, 14, 449.40
1570993963, 388, 1853, 1857, 70, 3, 7.19%, 0, 0, 14, 605.29
1570993989, 388, 1855, 1857, 69, 2, 7.19%, 0, 0, 14, 124.30
1570993994, 388, 1856, 1857, 68, 1, 7.19%, 0, 0, 14, 258.18
1570993999, 389, 1503, 1859, 69, 0, 7.19%, 0, 0, 14, 3140.00
1570994004, 389, 1526, 1859, 68, 0, 7.19%, 0, 0, 14, 132.27
1570994009, 389, 1730, 1859, 61, 0, 7.19%, 0, 0, 14, 3099.04
1570994014, 389, 1740, 1859, 60, 0, 7.19%, 0, 0, 14, 96.54
1570994030, 389, 1742, 1860, 60, 0, 7.19%, 0, 0, 14, 137.08
1570994035, 389, 1742, 1861, 61, 0, 7.19%, 0, 0, 14, 231.89
1570994040, 389, 1755, 1861, 60, 0, 7.19%, 0, 0, 14, 107.10
1570994071, 389, 1758, 1863, 61, 0, 7.19%, 0, 0, 14, 80.75
1570994076, 389, 1781, 1863, 59, 0, 7.19%, 0, 0, 14, 220.30
1570994081, 389, 1863, 1864, 58, 1, 7.19%, 0, 0, 15, 310.82
1570994086, 390, 1865, 1867, 59, 1, 7.19%, 0, 0, 15, 461.95
1570994091, 392, 548, 1868, 58, 0, 7.23%, 0, 0, 15, 2399.52
1570994096, 392, 1869, 1871, 59, 1, 7.23%, 0, 0, 15, 310.87
1570994107, 393, 1190, 1875, 62, 0, 7.23%, 0, 0, 15, 346.77
1570994112, 393, 1705, 1879, 66, 0, 7.23%, 0, 0, 15, 334.67
1570994117, 394, 1009, 1882, 65, 0, 7.24%, 0, 0, 15, 477.76
1570994122, 394, 1735, 1893, 75, 0, 7.24%, 0, 0, 15, 689.71
1570994132, 394, 1802, 1894, 73, 0, 7.24%, 0, 0, 15, 1854.08
1570994142, 394, 1811, 1894, 71, 0, 7.24%, 0, 0, 15, 245.58
1570994147, 394, 1820, 1894, 69, 0, 7.24%, 0, 0, 15, 288.09
1570994152, 394, 1850, 1894, 65, 0, 7.24%, 0, 0, 15, 394.51
1570994157, 394, 1870, 1895, 63, 0, 7.24%, 0, 0, 15, 307.38
1570994162, 394, 1875, 1895, 61, 0, 7.24%, 0, 0, 15, 93.88
1570994173, 394, 1878, 1895, 60, 0, 7.24%, 0, 0, 15, 94.18
1570994178, 394, 1890, 1895, 56, 0, 7.24%, 0, 0, 15, 1258.28
1570994183, 394, 1893, 1895, 54, 0, 7.24%, 0, 0, 15, 63.15
1570994204, 395, 1804, 1897, 54, 1, 7.24%, 0, 0, 15, 794.59
1570994209, 395, 1896, 1897, 53, 1, 7.24%, 0, 0, 15, 3069.31
1570994214, 397, 886, 1899, 52, 0, 7.25%, 0, 0, 15, 443.59
1570994219, 398, 1205, 1901, 53, 0, 7.26%, 0, 0, 15, 675.20
1570994224, 398, 1901, 1904, 56, 1, 7.26%, 0, 0, 15, 318.38
1570994234, 398, 1904, 1905, 56, 1, 7.26%, 0, 0, 15, 281.90
1570994239, 399, 1476, 1907, 57, 0, 7.26%, 0, 0, 15, 462.15
1570994244, 400, 1795, 1909, 58, 1, 7.26%, 0, 0, 15, 495.85
1570994249, 400, 1910, 1911, 58, 1, 7.27%, 0, 0, 15, 335.07
1570994254, 401, 1044, 1913, 58, 0, 7.27%, 0, 0, 15, 486.14
1570994260, 403, 60, 1918, 61, 0, 7.27%, 0, 0, 15, 470.34
1570994265, 403, 1855, 1935, 78, 1, 7.28%, 0, 0, 15, 520.25
1570994270, 403, 1928, 1936, 77, 4, 7.28%, 0, 0, 15, 547.48
1570994275, 403, 1929, 1938, 78, 3, 7.28%, 0, 0, 15, 398.11
1570994280, 403, 1932, 1938, 77, 2, 7.28%, 0, 0, 15, 337.26
1570994285, 404, 1139, 1938, 75, 0, 7.28%, 0, 0, 15, 527.64
1570994290, 405, 1930, 1942, 78, 1, 7.28%, 0, 0, 15, 308.66
1570994295, 405, 1942, 1944, 78, 1, 7.28%, 0, 0, 15, 291.96
1570994300, 405, 1943, 1944, 77, 0, 7.28%, 0, 0, 15, 267.43
1570994306, 406, 1326, 1944, 76, 0, 7.28%, 0, 0, 15, 455.99
1570994311, 406, 1671, 1948, 79, 0, 7.28%, 0, 0, 15, 387.61
1570994316, 406, 1845, 1951, 78, 0, 7.28%, 0, 0, 15, 455.75
1570994321, 406, 1861, 1951, 77, 0, 7.28%, 0, 0, 15, 342.81
1570994351, 406, 1880, 1951, 76, 0, 7.28%, 0, 0, 15, 168.62
1570994362, 406, 1951, 1952, 72, 1, 7.29%, 0, 0, 15, 303.66
1570994367, 407, 1838, 1953, 72, 1, 7.29%, 0, 0, 15, 402.57
1570994372, 408, 1187, 1954, 71, 1, 7.29%, 0, 0, 15, 453.34
1570994377, 409, 1584, 1957, 72, 0, 7.29%, 0, 0, 15, 611.04
1570994382, 409, 1958, 1959, 72, 1, 7.29%, 0, 0, 15, 825.85
1570994387, 409, 1959, 1960, 72, 0, 7.29%, 0, 0, 15, 107.06
1570994408, 410, 813, 1960, 71, 0, 7.29%, 0, 0, 15, 416.70
1570994413, 410, 1925, 1964, 75, 1, 7.29%, 0, 0, 15, 279.87
1570994423, 410, 1925, 1965, 76, 1, 7.29%, 0, 0, 15, 167.66
1570994428, 410, 1965, 1966, 74, 0, 7.29%, 0, 0, 15, 318.19
1570994438, 411, 1064, 1966, 73, 0, 7.29%, 0, 0, 15, 324.73
1570994443, 411, 1971, 1974, 80, 0, 7.29%, 0, 0, 15, 386.90
1570994454, 411, 1972, 1974, 79, 0, 7.29%, 0, 0, 15, 382.70
1570994459, 412, 1975, 1976, 80, 1, 7.29%, 0, 0, 15, 50.18
1570994474, 413, 1909, 1979, 81, 2, 7.30%, 0, 0, 15, 375.72
1570994484, 413, 1976, 1981, 82, 2, 7.30%, 0, 0, 15, 2640.00
1570994490, 413, 1980, 1981, 80, 0, 7.30%, 0, 0, 15, 352.85
1570994495, 414, 1982, 1984, 82, 2, 7.30%, 0, 0, 15, 378.22
1570994505, 414, 1983, 1984, 81, 1, 7.30%, 0, 0, 15, 143.66
1570994515, 415, 1984, 1989, 85, 2, 7.30%, 0, 0, 15, 691.46
1570994520, 415, 1985, 1989, 84, 1, 7.30%, 0, 0, 15, 417.57
1570994525, 415, 1988, 1989, 83, 0, 7.30%, 0, 0, 15, 70.83
1570994546, 416, 1924, 1990, 82, 1, 7.30%, 0, 0, 15, 657.74
1570994551, 417, 753, 1990, 80, 0, 7.30%, 0, 0, 15, 482.93
1570994556, 417, 1791, 1993, 81, 0, 7.30%, 0, 0, 15, 1153.83
1570994561, 417, 1840, 1993, 77, 0, 7.30%, 0, 0, 15, 59.55
1570994567, 417, 1840, 1996, 80, 0, 7.30%, 0, 0, 15, 61.04
1570994572, 417, 1937, 1997, 81, 1, 7.31%, 0, 0, 15, 448.87
1570994577, 417, 1996, 1997, 80, 1, 7.31%, 0, 0, 15, 75.76
1570994597, 418, 1973, 1998, 79, 1, 7.32%, 0, 0, 15, 1096.02
1570994602, 419, 607, 1998, 77, 0, 7.32%, 0, 0, 15, 3293.15
1570994608, 419, 1741, 2001, 80, 0, 7.32%, 0, 0, 15, 553.57
1570994613, 419, 1808, 2002, 80, 0, 7.32%, 0, 0, 15, 357.18
1570994618, 419, 1809, 2002, 79, 0, 7.32%, 0, 0, 15, 277.99
1570994623, 419, 1859, 2002, 77, 0, 7.32%, 0, 0, 15, 174.72
1570994638, 419, 1918, 2003, 76, 1, 7.32%, 0, 0, 15, 442.50
1570994643, 420, 1226, 2005, 74, 0, 7.33%, 0, 0, 15, 537.86
1570994648, 421, 1109, 2007, 75, 0, 7.34%, 0, 0, 15, 562.33
1570994654, 422, 1209, 2009, 76, 0, 7.34%, 0, 0, 15, 468.72
1570994659, 422, 2010, 2015, 82, 4, 7.35%, 0, 0, 16, 407.23
1570994664, 422, 2012, 2015, 80, 2, 7.35%, 0, 0, 16, 322.76
1570994669, 422, 2014, 2017, 81, 2, 7.35%, 0, 0, 17, 205.07
1570994674, 422, 2015, 2017, 80, 1, 7.35%, 0, 0, 17, 2622.12
1570994679, 423, 1612, 2020, 82, 0, 7.35%, 0, 0, 17, 491.29
1570994684, 423, 1823, 2020, 79, 0, 7.35%, 0, 0, 17, 802.64
1570994689, 424, 837, 2021, 76, 0, 7.36%, 0, 0, 17, 731.87
1570994694, 425, 521, 2022, 76, 0, 7.36%, 0, 0, 17, 854.36
1570994700, 425, 1666, 2023, 77, 0, 7.36%, 0, 0, 17, 571.17
1570994705, 426, 1811, 2025, 78, 1, 7.36%, 0, 0, 17, 672.78
1570994710, 426, 1947, 2027, 80, 1, 7.36%, 0, 0, 17, 386.44
1570994715, 427, 2027, 2029, 80, 1, 7.37%, 0, 0, 17, 385.36
1570994720, 428, 1987, 2031, 81, 1, 7.37%, 0, 0, 17, 73.54
1570994746, 429, 1093, 2033, 81, 1, 7.37%, 0, 0, 17, 1596.06
1570994751, 429, 1993, 2036, 84, 1, 7.37%, 0, 0, 17, 128.80
1570994772, 430, 841, 2037, 83, 0, 7.37%, 0, 0, 17, 1824.97
1570994777, 430, 1764, 2040, 86, 1, 7.38%, 0, 0, 17, 374.10
1570994782, 430, 2041, 2048, 93, 2, 7.39%, 0, 0, 17, 186.56
1570994792, 430, 2047, 2048, 92, 1, 7.39%, 0, 0, 17, 180.00
1570994802, 431, 1205, 2049, 92, 0, 7.39%, 0, 0, 17, 619.64
1570994807, 431, 2052, 2056, 97, 1, 7.40%, 0, 0, 17, 348.09
1570994812, 432, 2056, 2060, 100, 1, 7.40%, 0, 0, 17, 2242.07
1570994817, 433, 1537, 2062, 100, 0, 7.40%, 0, 0, 17, 284.98
1570994822, 434, 1576, 2064, 101, 0, 7.40%, 0, 0, 17, 549.74
1570994827, 434, 2042, 2065, 102, 1, 7.40%, 0, 0, 17, 296.19
1570994838, 434, 2064, 2065, 101, 1, 7.40%, 0, 0, 17, 211.73
1570994843, 435, 1667, 2066, 101, 0, 7.40%, 0, 0, 17, 578.77
1570994848, 435, 1847, 2066, 101, 0, 7.40%, 0, 0, 17, 268.22
1570994863, 435, 1902, 2069, 102, 0, 7.40%, 0, 0, 17, 242.85
1570994868, 435, 1922, 2070, 102, 0, 7.40%, 0, 0, 17, 286.47
1570994873, 435, 1948, 2071, 100, 0, 7.40%, 0, 0, 17, 218.64
1570994884, 435, 1962, 2072, 100, 0, 7.40%, 0, 0, 17, 182.02
1570994889, 435, 1964, 2072, 99, 0, 7.40%, 0, 0, 17, 162.32
1570994899, 435, 1966, 2072, 98, 0, 7.40%, 0, 0, 17, 194.86
1570994904, 435, 1986, 2074, 98, 0, 7.40%, 0, 0, 17, 132.71
1570994930, 435, 2009, 2074, 96, 0, 7.40%, 0, 0, 17, 475.98
1570994935, 435, 2026, 2074, 95, 0, 7.40%, 0, 0, 17, 380.46
1570994940, 435, 2028, 2074, 94, 0, 7.40%, 0, 0, 17, 281.21
1570994945, 435, 2036, 2074, 93, 0, 7.40%, 0, 0, 17, 176.20
1570994960, 435, 2040, 2074, 91, 0, 7.40%, 0, 0, 17, 154.17
1570994970, 435, 2046, 2074, 90, 0, 7.40%, 0, 0, 17, 101.74
1570994986, 435, 2068, 2074, 87, 0, 7.40%, 0, 0, 17, 1167.88
1570994991, 435, 2071, 2074, 86, 0, 7.40%, 0, 0, 17, 505.08
1570994996, 436, 1934, 2076, 87, 1, 7.40%, 0, 0, 17, 472.97
1570995011, 437, 1819, 2078, 87, 1, 7.40%, 0, 0, 17, 50.49
1570995047, 438, 1027, 2078, 85, 0, 7.40%, 0, 0, 17, 501.16
1570995052, 438, 2078, 2082, 87, 1, 7.41%, 0, 0, 17, 3251.64
1570995057, 439, 1549, 2086, 90, 0, 7.41%, 0, 0, 17, 466.19
1570995062, 439, 1587, 2086, 90, 0, 7.41%, 0, 0, 17, 210.13
1570995077, 440, 1358, 2089, 90, 0, 7.41%, 0, 0, 17, 427.64
1570995082, 440, 1833, 2089, 89, 0, 7.41%, 0, 0, 17, 2683.17
1570995087, 440, 2016, 2091, 90, 1, 7.41%, 0, 0, 17, 262.88
1570995092, 440, 2090, 2091, 89, 1, 7.41%, 0, 0, 17, 352.11
1570995097, 441, 1609, 2091, 88, 0, 7.41%, 0, 0, 17, 531.22
1570995103, 441, 1999, 2092, 89, 1, 7.41%, 0, 0, 17, 324.04
1570995108, 442, 842, 2092, 87, 0, 7.41%, 0, 0, 17, 373.75
1570995113, 442, 1733, 2096, 90, 0, 7.41%, 0, 0, 17, 2804.71
1570995118, 442, 1854, 2096, 90, 0, 7.41%, 0, 0, 17, 255.72
1570995123, 442, 1860, 2096, 89, 0, 7.41%, 0, 0, 17, 148.17
1570995138, 442, 1862, 2096, 88, 0, 7.41%, 0, 0, 17, 100.21
1570995154, 442, 1903, 2096, 86, 0, 7.41%, 0, 0, 17, 3209.75
1570995164, 442, 1928, 2097, 83, 0, 7.41%, 0, 0, 17, 1179.41
1570995169, 442, 1933, 2097, 82, 0, 7.41%, 0, 0, 17, 522.05
1570995174, 442, 1949, 2097, 81, 0, 7.41%, 0, 0, 17, 308.40
1570995184, 442, 2097, 2098, 80, 1, 7.41%, 0, 0, 17, 409.28
1570995189, 443, 1755, 2102, 83, 0, 7.41%, 0, 0, 17, 63.97
1570995194, 443, 1755, 2110, 91, 0, 7.42%, 0, 0, 17, 64.14
1570995200, 443, 2045, 2112, 93, 4, 7.42%, 0, 0, 17, 151.33
1570995205, 443, 2103, 2112, 92, 4, 7.42%, 0, 0, 17, 182.38
1570995220, 443, 2107, 2114, 93, 4, 7.42%, 0, 0, 17, 129.19
1570995230, 443, 2109, 2114, 92, 3, 7.42%, 0, 0, 17, 101.26
1570995246, 443, 2110, 2114, 91, 2, 7.42%, 0, 0, 17, 83.87
1570995261, 443, 2110, 2116, 93, 2, 7.42%, 0, 0, 17, 82.75
1570995266, 443, 2112, 2117, 93, 2, 7.42%, 0, 0, 17, 201.68
1570995271, 443, 2114, 2117, 92, 1, 7.42%, 0, 0, 17, 210.76
1570995276, 444, 1372, 2120, 94, 0, 7.42%, 0, 0, 17, 465.29
1570995282, 445, 1929, 2126, 99, 1, 7.43%, 0, 0, 17, 569.20
1570995287, 446, 1579, 2129, 100, 0, 7.43%, 0, 0, 17, 598.84
1570995292, 446, 1927, 2132, 101, 0, 7.43%, 0, 0, 17, 172.19
1570995302, 446, 2044, 2133, 97, 0, 7.43%, 0, 0, 17, 233.81
1570995318, 446, 2051, 2133, 96, 0, 7.43%, 0, 0, 17, 203.39
1570995323, 446, 2058, 2133, 94, 0, 7.43%, 0, 0, 17, 1188.60
1570995328, 446, 2073, 2133, 93, 0, 7.43%, 0, 0, 17, 123.67
1570995333, 446, 2087, 2133, 90, 0, 7.43%, 0, 0, 17, 2983.71
1570995338, 446, 2096, 2133, 87, 0, 7.43%, 0, 0, 17, 406.04
1570995348, 446, 2099, 2133, 86, 0, 7.43%, 0, 0, 17, 254.65
1570995353, 446, 2101, 2133, 85, 0, 7.43%, 0, 0, 17, 113.74
1570995379, 446, 2102, 2133, 84, 0, 7.43%, 0, 0, 17, 65.16
1570995399, 446, 2104, 2133, 83, 0, 7.43%, 0, 0, 17, 108.73
1570995415, 446, 2105, 2133, 82, 0, 7.43%, 0, 0, 17, 129.80
1570995425, 446, 2111, 2133, 81, 0, 7.43%, 0, 0, 17, 82.16
1570995446, 446, 2133, 2134, 81, 1, 7.43%, 0, 0, 17, 144.08
1570995451, 447, 1954, 2136, 82, 1, 7.44%, 0, 0, 17, 3459.02
1570995456, 448, 1581, 2140, 84, 0, 7.44%, 0, 0, 17, 512.07
1570995461, 448, 2046, 2144, 88, 1, 7.44%, 0, 0, 17, 58.65
1570995466, 448, 2085, 2147, 91, 2, 7.44%, 0, 0, 17, 3120.00
1570995471, 448, 2145, 2147, 89, 1, 7.44%, 0, 0, 17, 64.73
1570995502, 449, 1215, 2147, 88, 0, 7.44%, 0, 0, 17, 681.76
1570995507, 449, 1864, 2150, 90, 0, 7.44%, 0, 0, 17, 797.47
1570995512, 449, 1995, 2152, 90, 0, 7.44%, 0, 0, 17, 94.60
1570995538, 449, 2018, 2152, 88, 0, 7.44%, 0, 0, 17, 310.67
1570995543, 449, 2025, 2152, 87, 0, 7.44%, 0, 0, 17, 276.99
1570995548, 449, 2043, 2152, 85, 0, 7.44%, 0, 0, 17, 328.45
1570995559, 449, 2055, 2152, 84, 0, 7.44%, 0, 0, 17, 2568.03
1570995564, 449, 2059, 2152, 83, 0, 7.44%, 0, 0, 17, 285.95
1570995569, 449, 2063, 2152, 82, 0, 7.44%, 0, 0, 17, 201.03
1570995574, 449, 2067, 2152, 81, 0, 7.44%, 0, 0, 17, 124.96
1570995584, 449, 2080, 2152, 79, 0, 7.44%, 0, 0, 17, 1099.90
1570995589, 449, 2081, 2152, 78, 0, 7.44%, 0, 0, 17, 96.29
1570995605, 449, 2100, 2152, 73, 0, 7.44%, 0, 0, 17, 488.02
1570995641, 449, 2106, 2152, 72, 0, 7.44%, 0, 0, 17, 65.15
1570995662, 450, 1650, 2155, 73, 1, 7.45%, 0, 0, 17, 528.11
1570995667, 451, 1002, 2159, 75, 0, 7.45%, 0, 0, 17, 424.57
1570995672, 451, 2047, 2163, 79, 1, 7.45%, 0, 0, 17, 65.13
1570995677, 452, 1599, 2164, 79, 0, 7.45%, 0, 0, 17, 805.46
1570995682, 452, 1899, 2166, 81, 0, 7.45%, 0, 0, 17, 76.48
1570995698, 452, 2167, 2168, 80, 1, 7.45%, 0, 0, 17, 521.20
1570995703, 453, 1578, 2171, 82, 0, 7.45%, 0, 0, 17, 551.79
1570995708, 453, 1876, 2173, 84, 0, 7.45%, 0, 0, 17, 364.75
1570995713, 453, 2001, 2173, 81, 0, 7.45%, 0, 0, 17, 195.53
1570995718, 453, 2033, 2173, 79, 0, 7.45%, 0, 0, 17, 328.85
1570995723, 453, 2066, 2175, 79, 0, 7.45%, 0, 0, 17, 293.33
1570995734, 453, 2168, 2177, 79, 1, 7.45%, 0, 0, 17, 1497.48
1570995739, 453, 2176, 2177, 78, 1, 7.45%, 0, 0, 17, 208.05
1570995744, 454, 1198, 2177, 77, 0, 7.45%, 0, 0, 17, 336.04
1570995749, 454, 2019, 2182, 81, 1, 7.45%, 0, 0, 17, 2440.76
1570995754, 455, 1046, 2183, 79, 0, 7.45%, 0, 0, 17, 313.53
1570995759, 455, 2184, 2186, 80, 1, 7.45%, 0, 0, 17, 2948.05
1570995765, 456, 1549, 2187, 80, 1, 7.45%, 0, 0, 17, 320.03
1570995770, 456, 2188, 2191, 83, 0, 7.45%, 0, 0, 17, 244.58
1570995780, 457, 1021, 2191, 82, 0, 7.45%, 0, 0, 17, 311.00
1570995785, 457, 2193, 2195, 85, 1, 7.46%, 0, 0, 17, 2977.15
1570995790, 457, 2194, 2195, 84, 1, 7.46%, 0, 0, 17, 277.67
1570995795, 458, 2067, 2199, 86, 2, 7.46%, 0, 0, 17, 3397.59
1570995800, 458, 2067, 2224, 111, 2, 7.47%, 0, 0, 17, 86.40
1570995806, 458, 2143, 2229, 116, 3, 7.47%, 0, 0, 17, 71.37
1570995842, 458, 2217, 2229, 113, 1, 7.47%, 0, 0, 17, 97.16
1570995857, 458, 2222, 2229, 112, 0, 7.47%, 0, 0, 17, 93.18
1570995867, 458, 2225, 2229, 111, 0, 7.47%, 0, 0, 17, 93.14
1570995883, 459, 376, 2229, 110, 0, 7.47%, 0, 0, 17, 82.02
1570995888, 459, 2226, 2238, 119, 1, 7.47%, 0, 0, 17, 102.85
1570995898, 459, 2229, 2238, 118, 1, 7.47%, 0, 0, 17, 1736.91
1570995903, 459, 2231, 2238, 116, 0, 7.47%, 0, 0, 17, 120.36
1570995918, 459, 2235, 2238, 115, 0, 7.47%, 0, 0, 17, 108.53
1570995934, 460, 1258, 2239, 115, 0, 7.47%, 0, 0, 17, 367.16
1570995939, 460, 1928, 2243, 119, 0, 7.47%, 0, 0, 17, 351.48
1570995944, 460, 2013, 2244, 117, 0, 7.47%, 0, 0, 17, 259.54
1570995949, 460, 2070, 2244, 116, 0, 7.47%, 0, 0, 17, 229.59
1570995954, 460, 2084, 2244, 114, 0, 7.47%, 0, 0, 17, 2890.64
1570995960, 460, 2245, 2246, 115, 1, 7.48%, 0, 0, 17, 224.08
1570995965, 460, 2246, 2247, 115, 1, 7.48%, 0, 0, 17, 218.90
1570995970, 461, 1397, 2247, 114, 0, 7.48%, 0, 0, 17, 481.36
1570995975, 461, 2187, 2249, 115, 2, 7.49%, 0, 0, 17, 387.41
1570995980, 461, 2248, 2249, 113, 1, 7.49%, 0, 0, 17, 172.73
1570995990, 461, 2249, 2252, 115, 1, 7.49%, 0, 0, 17, 961.37
1570995995, 462, 1648, 2253, 114, 0, 7.49%, 0, 0, 17, 705.22
1570996000, 462, 1936, 2254, 115, 0, 7.49%, 0, 0, 17, 58.38
1570996031, 462, 2204, 2255, 115, 1, 7.50%, 0, 0, 17, 99.61
1570996041, 463, 1109, 2255, 113, 0, 7.50%, 0, 0, 17, 689.08
1570996046, 463, 1740, 2257, 115, 0, 7.50%, 0, 0, 17, 72.59
1570996051, 463, 2119, 2260, 117, 2, 7.50%, 0, 0, 17, 1001.95
1570996056, 463, 2258, 2260, 116, 2, 7.50%, 0, 0, 17, 140.13
1570996067, 463, 2259, 2260, 115, 1, 7.50%, 0, 0, 17, 125.83
1570996072, 464, 1372, 2261, 115, 0, 7.50%, 0, 0, 17, 391.06
1570996077, 464, 1987, 2264, 118, 1, 7.50%, 0, 0, 17, 69.39
1570996082, 464, 2142, 2264, 118, 1, 7.50%, 0, 0, 17, 65.89
1570996102, 464, 2262, 2264, 116, 0, 7.50%, 0, 0, 17, 141.48
1570996112, 464, 2263, 2264, 115, 0, 7.50%, 0, 0, 17, 128.07
1570996138, 465, 2142, 2267, 117, 1, 7.50%, 0, 0, 17, 57.20
1570996143, 465, 2142, 2270, 120, 1, 7.50%, 0, 0, 17, 60.90
1570996148, 465, 2268, 2271, 120, 0, 7.50%, 0, 0, 17, 67.31
1570996185, 465, 2269, 2271, 119, 0, 7.50%, 0, 0, 17, 68.90
1570996205, 466, 1638, 2276, 123, 0, 7.50%, 0, 0, 17, 586.57
1570996210, 466, 1859, 2277, 124, 1, 7.50%, 0, 0, 17, 71.62
1570996215, 467, 1109, 2279, 124, 0, 7.50%, 0, 0, 17, 1363.25
1570996221, 467, 2113, 2280, 125, 1, 7.50%, 0, 0, 17, 111.63
1570996236, 467, 2211, 2280, 124, 1, 7.50%, 0, 0, 17, 102.64
1570996251, 467, 2214, 2280, 123, 1, 7.50%, 0, 0, 17, 94.87
1570996262, 467, 2279, 2280, 122, 1, 7.50%, 0, 0, 17, 915.00
1570996267, 468, 1915, 2282, 123, 0, 7.50%, 0, 0, 17, 355.96
1570996272, 468, 1994, 2283, 123, 0, 7.50%, 0, 0, 17, 179.08
1570996302, 468, 2034, 2283, 122, 0, 7.50%, 0, 0, 17, 156.16
1570996313, 468, 2035, 2283, 121, 0, 7.50%, 0, 0, 17, 193.54
1570996323, 468, 2094, 2283, 120, 0, 7.50%, 0, 0, 17, 158.55
1570996333, 468, 2118, 2283, 119, 0, 7.50%, 0, 0, 17, 3406.94
1570996338, 468, 2126, 2283, 117, 0, 7.50%, 0, 0, 17, 214.32
1570996349, 468, 2127, 2283, 116, 0, 7.50%, 0, 0, 17, 152.63
1570996359, 468, 2152, 2283, 113, 0, 7.50%, 0, 0, 17, 237.47
1570996369, 468, 2157, 2283, 112, 0, 7.50%, 0, 0, 17, 216.31
1570996374, 468, 2162, 2283, 111, 0, 7.50%, 0, 0, 17, 167.23
1570996390, 468, 2173, 2283, 109, 0, 7.50%, 0, 0, 17, 262.33
1570996395, 468, 2178, 2283, 108, 0, 7.50%, 0, 0, 17, 145.47
1570996420, 468, 2197, 2283, 106, 0, 7.50%, 0, 0, 17, 94.58
1570996436, 468, 2202, 2283, 105, 0, 7.50%, 0, 0, 17, 98.45
1570996446, 468, 2209, 2283, 104, 0, 7.50%, 0, 0, 17, 116.76
1570996456, 468, 2243, 2283, 103, 0, 7.50%, 0, 0, 17, 163.14
1570996461, 469, 824, 2284, 102, 0, 7.50%, 0, 0, 17, 1950.83
1570996466, 469, 2265, 2287, 105, 1, 7.50%, 0, 0, 17, 62.82
1570996492, 469, 2285, 2288, 104, 0, 7.50%, 0, 0, 17, 516.17
1570996497, 469, 2287, 2290, 105, 0, 7.50%, 0, 0, 17, 52.08
1570996518, 470, 1910, 2291, 105, 0, 7.50%, 0, 0, 17, 547.00
1570996523, 470, 2238, 2295, 107, 2, 7.50%, 0, 0, 17, 1705.00
1570996528, 470, 2294, 2295, 105, 1, 7.50%, 0, 0, 17, 774.81
1570996533, 471, 883, 2296, 105, 0, 7.50%, 0, 0, 17, 515.00
1570996538, 471, 1860, 2297, 106, 0, 7.50%, 0, 0, 17, 461.77
1570996543, 471, 2071, 2301, 107, 0, 7.51%, 0, 0, 17, 1436.67
1570996548, 471, 2297, 2304, 110, 3, 7.52%, 0, 0, 17, 266.95
1570996553, 471, 2298, 2304, 109, 2, 7.52%, 0, 0, 17, 276.24
1570996559, 471, 2302, 2304, 108, 1, 7.52%, 0, 0, 17, 262.50
1570996564, 472, 1185, 2304, 107, 0, 7.52%, 0, 0, 17, 427.91
1570996569, 472, 1958, 2309, 112, 0, 7.52%, 0, 0, 17, 137.50
1570996574, 472, 2218, 2318, 121, 2, 7.52%, 0, 0, 17, 130.78
1570996584, 472, 2316, 2318, 120, 2, 7.52%, 0, 0, 17, 151.40
1570996594, 472, 2317, 2318, 119, 1, 7.52%, 0, 0, 17, 155.96
1570996604, 473, 1068, 2318, 118, 0, 7.52%, 0, 0, 17, 312.10
1570996609, 473, 2205, 2320, 120, 1, 7.53%, 0, 0, 17, 249.16
1570996625, 473, 2266, 2320, 119, 1, 7.53%, 0, 0, 17, 69.62
1570996640, 474, 1559, 2321, 118, 0, 7.53%, 0, 0, 17, 1858.70
1570996645, 474, 2041, 2325, 122, 0, 7.53%, 0, 0, 17, 245.10
1570996650, 474, 2289, 2328, 125, 1, 7.53%, 0, 0, 17, 273.02
1570996655, 474, 2313, 2328, 124, 1, 7.53%, 0, 0, 17, 229.18
1570996661, 474, 2325, 2328, 123, 1, 7.53%, 0, 0, 17, 192.01
1570996671, 474, 2327, 2328, 122, 0, 7.53%, 0, 0, 17, 118.90
1570996686, 475, 1087, 2329, 122, 0, 7.53%, 0, 0, 17, 640.24
1570996691, 475, 1933, 2332, 125, 0, 7.53%, 0, 0, 17, 433.41
1570996696, 475, 1950, 2332, 125, 0, 7.53%, 0, 0, 17, 244.59
1570996706, 475, 2333, 2334, 126, 1, 7.53%, 0, 0, 17, 258.56
1570996711, 476, 1376, 2335, 126, 0, 7.53%, 0, 0, 17, 477.24
1570996716, 476, 1925, 2336, 127, 0, 7.53%, 0, 0, 17, 120.23
1570996722, 476, 2338, 2341, 131, 1, 7.53%, 0, 0, 17, 94.75
1570996747, 476, 2341, 2342, 131, 1, 7.53%, 0, 0, 17, 109.67
1570996757, 477, 1182, 2342, 130, 0, 7.53%, 0, 0, 17, 336.71
1570996762, 477, 2286, 2343, 131, 1, 7.53%, 0, 0, 17, 258.25
1570996772, 477, 2342, 2343, 130, 1, 7.53%, 0, 0, 17, 252.12
1570996777, 478, 2103, 2356, 142, 1, 7.57%, 0, 0, 17, 192.68
1570996782, 478, 2353, 2358, 143, 1, 7.57%, 0, 0, 17, 131.65
1570996803, 478, 2355, 2358, 142, 0, 7.57%, 0, 0, 17, 119.94
1570996813, 479, 1184, 2358, 141, 0, 7.57%, 0, 0, 17, 348.94
1570996818, 479, 1736, 2358, 141, 0, 7.57%, 0, 0, 17, 62.43
1570996823, 479, 2359, 2360, 143, 1, 7.57%, 0, 0, 17, 283.38
1570996828, 480, 1073, 2360, 142, 0, 7.57%, 0, 0, 17, 394.93
1570996833, 480, 1854, 2361, 143, 0, 7.57%, 0, 0, 17, 433.44
1570996838, 480, 2358, 2362, 143, 1, 7.57%, 0, 0, 17, 70.90
1570996864, 480, 2361, 2362, 142, 1, 7.57%, 0, 0, 17, 1665.00
1570996869, 481, 2203, 2364, 142, 1, 7.57%, 0, 0, 17, 309.24
1570996890, 481, 2251, 2364, 141, 1, 7.57%, 0, 0, 17, 100.79
1570996895, 481, 2363, 2364, 139, 1, 7.57%, 0, 0, 17, 234.80
1570996905, 482, 883, 2364, 138, 0, 7.57%, 0, 0, 17, 245.05
1570996910, 482, 1838, 2368, 142, 0, 7.57%, 0, 0, 17, 397.87
1570996915, 482, 2179, 2374, 147, 1, 7.57%, 0, 0, 17, 49.40
1570996956, 482, 2370, 2374, 145, 1, 7.57%, 0, 0, 17, 375.74
1570996972, 483, 883, 2374, 144, 0, 7.57%, 0, 0, 17, 290.03
1570996977, 483, 1811, 2375, 145, 0, 7.57%, 0, 0, 17, 375.94
1570996982, 483, 2234, 2378, 148, 1, 7.57%, 0, 0, 17, 120.01
1570996997, 483, 2375, 2378, 147, 1, 7.57%, 0, 0, 17, 155.56
1570997007, 483, 2378, 2379, 147, 1, 7.57%, 0, 0, 17, 219.48
1570997012, 484, 1457, 2380, 147, 0, 7.57%, 0, 0, 17, 449.49
1570997018, 484, 1847, 2383, 150, 0, 7.57%, 0, 0, 17, 81.01
1570997023, 484, 1996, 2384, 151, 0, 7.57%, 0, 0, 17, 111.69
1570997028, 484, 2069, 2384, 151, 0, 7.57%, 0, 0, 17, 219.70
1570997038, 484, 2108, 2384, 150, 0, 7.57%, 0, 0, 17, 59.59
1570997058, 484, 2116, 2384, 149, 0, 7.57%, 0, 0, 17, 73.60
1570997074, 484, 2125, 2384, 147, 0, 7.57%, 0, 0, 17, 338.22
1570997079, 484, 2146, 2384, 145, 0, 7.57%, 0, 0, 17, 58.00
1570997094, 484, 2208, 2384, 141, 0, 7.57%, 0, 0, 17, 103.24
1570997110, 484, 2213, 2384, 140, 0, 7.57%, 0, 0, 17, 97.43
1570997125, 484, 2216, 2384, 139, 0, 7.57%, 0, 0, 17, 109.01
1570997135, 484, 2223, 2384, 138, 0, 7.57%, 0, 0, 17, 115.46
1570997146, 484, 2232, 2384, 137, 0, 7.57%, 0, 0, 17, 111.08
1570997161, 484, 2237, 2384, 136, 0, 7.57%, 0, 0, 17, 110.82
1570997171, 484, 2276, 2384, 132, 0, 7.57%, 0, 0, 17, 240.71
1570997187, 484, 2288, 2384, 131, 0, 7.57%, 0, 0, 17, 238.78
1570997192, 484, 2291, 2384, 130, 0, 7.57%, 0, 0, 17, 280.59
1570997197, 484, 2307, 2386, 130, 0, 7.57%, 0, 0, 17, 270.19
1570997212, 484, 2308, 2386, 129, 0, 7.57%, 0, 0, 17, 194.67
1570997217, 484, 2312, 2386, 128, 0, 7.57%, 0, 0, 17, 211.78
1570997232, 484, 2332, 2386, 124, 0, 7.57%, 0, 0, 17, 351.58
1570997237, 485, 654, 2387, 122, 0, 7.57%, 0, 0, 17, 437.21
1570997243, 485, 2322, 2392, 126, 1, 7.57%, 0, 0, 17, 409.36
1570997253, 485, 2377, 2392, 125, 1, 7.57%, 0, 0, 17, 165.80
1570997263, 486, 2269, 2397, 128, 1, 7.57%, 0, 0, 17, 135.96
1570997268, 486, 2281, 2398, 129, 2, 7.57%, 0, 0, 17, 214.47
1570997273, 486, 2319, 2398, 128, 2, 7.57%, 0, 0, 17, 233.38
1570997278, 486, 2379, 2398, 127, 2, 7.57%, 0, 0, 17, 2523.66
1570997283, 486, 2395, 2398, 125, 1, 7.57%, 0, 0, 17, 71.25
1570997299, 486, 2397, 2398, 124, 0, 7.57%, 0, 0, 17, 79.59
1570997319, 487, 1733, 2398, 123, 0, 7.57%, 0, 0, 17, 461.12
1570997324, 487, 2257, 2401, 126, 1, 7.57%, 0, 0, 17, 77.39
1570997345, 487, 2398, 2401, 124, 1, 7.57%, 0, 0, 17, 487.36
1570997350, 488, 908, 2402, 124, 0, 7.57%, 0, 0, 17, 347.38
1570997355, 488, 2227, 2405, 127, 1, 7.57%, 0, 0, 17, 365.80
1570997375, 489, 1164, 2405, 123, 0, 7.57%, 0, 0, 17, 431.40
1570997380, 489, 1736, 2405, 123, 0, 7.57%, 0, 0, 17, 71.29
1570997385, 489, 2149, 2406, 124, 1, 7.58%, 0, 0, 17, 210.46
1570997391, 489, 2405, 2406, 122, 1, 7.58%, 0, 0, 17, 160.29
1570997406, 490, 768, 2406, 121, 0, 7.58%, 0, 0, 17, 542.33
1570997411, 490, 1738, 2406, 121, 0, 7.58%, 0, 0, 17, 476.94
1570997416, 490, 2130, 2408, 123, 0, 7.58%, 0, 0, 17, 89.21
1570997427, 490, 2151, 2408, 121, 0, 7.58%, 0, 0, 17, 269.60
1570997437, 490, 2192, 2408, 119, 0, 7.58%, 0, 0, 17, 140.77
1570997447, 490, 2198, 2408, 118, 0, 7.58%, 0, 0, 17, 98.48
1570997457, 490, 2199, 2408, 117, 0, 7.58%, 0, 0, 17, 98.41
1570997473, 490, 2207, 2409, 117, 0, 7.58%, 0, 0, 17, 97.51
1570997483, 490, 2253, 2409, 116, 0, 7.58%, 0, 0, 17, 297.58
1570997488, 490, 2300, 2410, 112, 0, 7.58%, 0, 0, 17, 225.51
1570997498, 490, 2410, 2411, 111, 1, 7.58%, 0, 0, 17, 304.14
1570997504, 491, 1736, 2412, 111, 0, 7.58%, 0, 0, 17, 495.29
1570997514, 491, 2072, 2413, 112, 0, 7.58%, 0, 0, 17, 130.00
1570997524, 491, 2115, 2413, 111, 0, 7.58%, 0, 0, 17, 124.61
1570997534, 491, 2117, 2413, 110, 0, 7.58%, 0, 0, 17, 175.06
1570997539, 491, 2165, 2413, 108, 0, 7.58%, 0, 0, 17, 258.22
1570997544, 491, 2206, 2413, 107, 0, 7.58%, 0, 0, 17, 199.99
1570997560, 491, 2236, 2413, 106, 0, 7.58%, 0, 0, 17, 115.08
1570997570, 491, 2357, 2415, 106, 1, 7.58%, 0, 0, 17, 177.51
1570997580, 491, 2414, 2415, 103, 1, 7.58%, 0, 0, 17, 241.68
1570997585, 492, 2416, 2419, 106, 1, 7.58%, 0, 0, 17, 502.33
1570997590, 493, 1578, 2422, 107, 0, 7.58%, 0, 0, 17, 563.27
1570997595, 493, 2422, 2423, 108, 1, 7.58%, 0, 0, 17, 367.48
1570997606, 494, 1685, 2423, 107, 0, 7.58%, 0, 0, 17, 493.50
1570997611, 494, 2044, 2425, 109, 0, 7.58%, 0, 0, 17, 86.41
1570997616, 494, 2141, 2425, 108, 0, 7.58%, 0, 0, 17, 57.11
1570997636, 494, 2174, 2425, 107, 0, 7.58%, 0, 0, 17, 349.26
1570997641, 494, 2175, 2425, 106, 0, 7.58%, 0, 0, 17, 263.62
1570997652, 494, 2201, 2425, 104, 0, 7.58%, 0, 0, 17, 348.02
1570997682, 494, 2210, 2425, 103, 0, 7.58%, 0, 0, 17, 68.90
1570997713, 494, 2228, 2425, 102, 0, 7.58%, 0, 0, 17, 87.44
1570997724, 494, 2233, 2425, 101, 0, 7.58%, 0, 0, 17, 104.12
1570997739, 494, 2270, 2425, 100, 0, 7.58%, 0, 0, 17, 73.85
1570997754, 494, 2426, 2427, 99, 1, 7.60%, 0, 0, 17, 507.77
1570997759, 495, 1079, 2427, 98, 0, 7.60%, 0, 0, 17, 528.52
1570997764, 495, 2145, 2429, 100, 1, 7.60%, 0, 0, 17, 50.04
1570997775, 496, 962, 2431, 101, 0, 7.60%, 0, 0, 17, 517.24
1570997780, 496, 2191, 2432, 102, 1, 7.61%, 0, 0, 17, 523.26
1570997785, 496, 2431, 2432, 100, 1, 7.61%, 0, 0, 17, 129.71
1570997795, 497, 2081, 2433, 100, 1, 7.61%, 0, 0, 17, 317.84
1570997800, 497, 2345, 2433, 100, 1, 7.61%, 0, 0, 17, 81.37
1570997820, 498, 1242, 2433, 98, 0, 7.61%, 0, 0, 17, 324.76
1570997826, 498, 1932, 2435, 100, 0, 7.61%, 0, 0, 17, 336.35
1570997831, 498, 2267, 2441, 106, 1, 7.61%, 0, 0, 17, 155.37
1570997846, 498, 2310, 2442, 106, 2, 7.62%, 0, 0, 17, 129.96
1570997856, 498, 2436, 2442, 105, 2, 7.62%, 0, 0, 17, 171.06
1570997862, 498, 2441, 2442, 104, 1, 7.62%, 0, 0, 17, 322.01
1570997867, 499, 2028, 2443, 104, 1, 7.62%, 0, 0, 17, 384.85
1570997872, 499, 2412, 2444, 105, 1, 7.62%, 0, 0, 17, 203.34
1570997888, 499, 2442, 2444, 104, 1, 7.62%, 0, 0, 17, 2108.80
1570997893, 499, 2443, 2444, 103, 0, 7.62%, 0, 0, 17, 96.22
1570997903, 500, 1111, 2444, 102, 0, 7.62%, 0, 0, 17, 559.09
1570997908, 500, 2224, 2445, 103, 1, 7.62%, 0, 0, 17, 103.91
1570997923, 500, 2269, 2445, 102, 1, 7.62%, 0, 0, 17, 83.25
1570997934, 500, 2417, 2446, 103, 1, 7.62%, 0, 0, 17, 315.22
1570997939, 501, 1641, 2448, 103, 0, 7.62%, 0, 0, 17, 522.59
1570997944, 501, 2220, 2450, 105, 1, 7.63%, 0, 0, 17, 227.41
1570997959, 501, 2380, 2450, 104, 1, 7.63%, 0, 0, 17, 128.42
1570997969, 501, 2448, 2451, 104, 1, 7.63%, 0, 0, 17, 174.65
1570997979, 501, 2451, 2452, 104, 1, 7.63%, 0, 0, 17, 180.31
1570997985, 502, 762, 2452, 103, 0, 7.63%, 0, 0, 17, 224.80
1570997990, 502, 1742, 2453, 104, 0, 7.63%, 0, 0, 17, 372.98
1570997995, 502, 1996, 2453, 104, 0, 7.63%, 0, 0, 17, 119.18
1570998000, 503, 1269, 2455, 105, 0, 7.63%, 0, 0, 17, 695.04
1570998005, 503, 2136, 2457, 107, 1, 7.63%, 0, 0, 17, 115.46
1570998010, 503, 2144, 2457, 106, 1, 7.63%, 0, 0, 17, 101.87
1570998020, 503, 2406, 2457, 105, 1, 7.63%, 0, 0, 17, 87.82
1570998046, 503, 2456, 2457, 104, 1, 7.63%, 0, 0, 17, 21.94
1570998071, 504, 968, 2457, 103, 0, 7.63%, 0, 0, 17, 323.93
1570998076, 504, 1847, 2459, 105, 0, 7.63%, 0, 0, 17, 80.47
1570998081, 504, 1869, 2460, 106, 0, 7.63%, 0, 0, 17, 92.78
1570998086, 504, 2219, 2463, 109, 1, 7.63%, 0, 0, 17, 125.64
1570998102, 504, 2336, 2463, 108, 1, 7.63%, 0, 0, 17, 121.32
1570998117, 504, 2440, 2463, 107, 1, 7.63%, 0, 0, 17, 191.11
1570998122, 504, 2460, 2463, 106, 1, 7.63%, 0, 0, 17, 170.73
1570998133, 505, 947, 2463, 105, 0, 7.63%, 0, 0, 17, 646.25
1570998138, 505, 2222, 2465, 107, 1, 7.63%, 0, 0, 17, 77.12
1570998143, 505, 2465, 2469, 110, 1, 7.64%, 0, 0, 17, 1695.01
1570998163, 505, 2468, 2469, 109, 0, 7.64%, 0, 0, 17, 69.29
1570998194, 506, 1833, 2470, 109, 0, 7.64%, 0, 0, 17, 642.79
1570998199, 506, 1987, 2471, 110, 0, 7.64%, 0, 0, 17, 65.77
1570998204, 506, 2146, 2472, 109, 0, 7.64%, 0, 0, 17, 52.76
1570998209, 506, 2200, 2473, 110, 0, 7.64%, 0, 0, 17, 81.41
1570998225, 506, 2212, 2473, 109, 0, 7.64%, 0, 0, 17, 100.20
1570998235, 506, 2215, 2473, 108, 0, 7.64%, 0, 0, 17, 114.41
1570998250, 506, 2221, 2473, 107, 0, 7.64%, 0, 0, 17, 120.32
1570998260, 506, 2315, 2474, 105, 0, 7.64%, 0, 0, 17, 184.24
1570998271, 506, 2339, 2474, 103, 0, 7.64%, 0, 0, 17, 59.09
1570998296, 506, 2348, 2474, 102, 0, 7.64%, 0, 0, 17, 87.25
1570998312, 506, 2352, 2474, 101, 0, 7.64%, 0, 0, 17, 119.91
1570998322, 506, 2360, 2475, 101, 0, 7.64%, 0, 0, 17, 1024.12
1570998327, 506, 2371, 2475, 100, 0, 7.64%, 0, 0, 17, 82.54
1570998342, 506, 2384, 2475, 99, 0, 7.64%, 0, 0, 17, 166.59
1570998348, 507, 2035, 2477, 98, 1, 7.64%, 0, 0, 17, 476.86
1570998353, 507, 2368, 2481, 102, 2, 7.64%, 0, 0, 17, 351.38
1570998358, 507, 2477, 2481, 100, 1, 7.64%, 0, 0, 17, 147.91
1570998373, 507, 2478, 2481, 99, 0, 7.64%, 0, 0, 17, 175.71
1570998383, 508, 1471, 2481, 98, 0, 7.64%, 0, 0, 17, 465.69
1570998388, 508, 1996, 2482, 99, 0, 7.64%, 0, 0, 17, 58.10
1570998394, 508, 2161, 2482, 99, 0, 7.64%, 0, 0, 17, 85.89
1570998404, 508, 2282, 2483, 99, 0, 7.64%, 0, 0, 17, 145.38
1570998414, 508, 2301, 2484, 99, 0, 7.64%, 0, 0, 17, 206.16
1570998419, 508, 2303, 2484, 98, 0, 7.64%, 0, 0, 17, 265.04
1570998424, 508, 2305, 2484, 97, 0, 7.64%, 0, 0, 17, 381.82
1570998429, 508, 2326, 2484, 96, 0, 7.64%, 0, 0, 17, 219.07
1570998445, 508, 2344, 2485, 96, 0, 7.64%, 0, 0, 17, 124.01
1570998460, 508, 2350, 2485, 95, 0, 7.64%, 0, 0, 17, 163.67
1570998465, 508, 2354, 2485, 94, 0, 7.64%, 0, 0, 17, 144.89
1570998475, 508, 2372, 2485, 93, 0, 7.64%, 0, 0, 17, 121.02
1570998496, 508, 2376, 2485, 92, 0, 7.64%, 0, 0, 17, 113.49
1570998506, 508, 2407, 2485, 88, 0, 7.64%, 0, 0, 17, 55.85
1570998537, 508, 2409, 2485, 87, 0, 7.64%, 0, 0, 17, 403.10
1570998542, 508, 2418, 2485, 86, 0, 7.64%, 0, 0, 17, 265.24
1570998547, 508, 2429, 2485, 84, 0, 7.64%, 0, 0, 17, 129.04
1570998557, 508, 2466, 2486, 83, 0, 7.64%, 0, 0, 17, 66.12
1570998573, 508, 2467, 2486, 82, 0, 7.64%, 0, 0, 17, 74.68
1570998604, 508, 2472, 2486, 80, 0, 7.64%, 0, 0, 17, 204.77
1570998640, 508, 2474, 2486, 79, 0, 7.64%, 0, 0, 17, 375.08
1570998645, 509, 868, 2486, 78, 0, 7.64%, 0, 0, 17, 407.64
1570998650, 509, 1845, 2486, 78, 0, 7.64%, 0, 0, 17, 388.01
1570998655, 509, 2014, 2488, 80, 0, 7.64%, 0, 0, 17, 193.12
1570998660, 509, 2324, 2493, 85, 2, 7.65%, 0, 0, 17, 119.46
1570998681, 509, 2488, 2494, 85, 2, 7.65%, 0, 0, 17, 166.95
1570998686, 509, 2490, 2494, 84, 1, 7.65%, 0, 0, 17, 315.25
1570998691, 509, 2491, 2494, 83, 0, 7.65%, 0, 0, 17, 308.95
1570998696, 510, 855, 2494, 82, 0, 7.65%, 0, 0, 17, 342.52
1570998701, 510, 2208, 2495, 83, 1, 7.65%, 0, 0, 17, 84.14
1570998707, 511, 1109, 2495, 82, 0, 7.65%, 0, 0, 17, 1180.14
1570998712, 511, 1958, 2495, 82, 0, 7.65%, 0, 0, 17, 573.50
1570998717, 511, 2496, 2497, 84, 1, 7.65%, 0, 0, 17, 221.30
1570998732, 512, 1559, 2498, 84, 0, 7.65%, 0, 0, 17, 433.37
1570998737, 513, 397, 2500, 85, 0, 7.65%, 0, 0, 17, 1654.51
1570998742, 513, 2267, 2502, 87, 1, 7.66%, 0, 0, 17, 87.30
1570998752, 514, 1109, 2502, 86, 0, 7.66%, 0, 0, 17, 545.71
1570998757, 514, 2141, 2503, 87, 1, 7.66%, 0, 0, 17, 46.14
1570998763, 514, 2190, 2503, 87, 1, 7.66%, 0, 0, 17, 159.41
1570998773, 515, 1095, 2504, 86, 0, 7.66%, 0, 0, 17, 345.66
1570998778, 515, 1860, 2506, 88, 0, 7.66%, 0, 0, 17, 72.38
1570998783, 515, 2111, 2507, 89, 0, 7.66%, 0, 0, 17, 129.36
1570998788, 515, 2244, 2507, 87, 0, 7.66%, 0, 0, 17, 152.65
1570998803, 515, 2311, 2507, 86, 0, 7.66%, 0, 0, 17, 90.65
1570998824, 515, 2340, 2507, 85, 0, 7.66%, 0, 0, 17, 73.29
1570998850, 515, 2347, 2507, 84, 0, 7.66%, 0, 0, 17, 97.63
1570998865, 515, 2351, 2507, 83, 0, 7.66%, 0, 0, 17, 122.13
1570998875, 515, 2373, 2507, 81, 0, 7.66%, 0, 0, 17, 81.13
1570998896, 515, 2381, 2507, 80, 0, 7.66%, 0, 0, 17, 67.67
1570998911, 515, 2438, 2507, 77, 0, 7.66%, 0, 0, 17, 244.93
1570998921, 515, 2439, 2507, 76, 0, 7.66%, 0, 0, 17, 163.93
1570998931, 515, 2450, 2507, 75, 0, 7.66%, 0, 0, 17, 142.98
1570998942, 515, 2458, 2507, 74, 0, 7.66%, 0, 0, 17, 114.74
1570998952, 515, 2470, 2507, 73, 0, 7.66%, 0, 0, 17, 87.76
1570998982, 515, 2471, 2507, 72, 0, 7.66%, 0, 0, 17, 71.90
1570998993, 515, 2483, 2507, 71, 0, 7.66%, 0, 0, 17, 149.64
1570999008, 515, 2486, 2508, 71, 0, 7.66%, 0, 0, 17, 430.54
1570999013, 516, 2397, 2512, 74, 1, 7.66%, 0, 0, 17, 64.02
1570999018, 516, 2511, 2514, 75, 0, 7.66%, 0, 0, 17, 123.69
1570999034, 517, 1809, 2516, 75, 1, 7.66%, 0, 0, 17, 740.64
1570999039, 517, 2299, 2516, 75, 1, 7.66%, 0, 0, 17, 417.29
1570999044, 517, 2309, 2516, 74, 1, 7.66%, 0, 0, 17, 226.25
1570999054, 518, 1737, 2517, 73, 0, 7.66%, 0, 0, 17, 872.04
1570999059, 518, 1925, 2518, 74, 0, 7.66%, 0, 0, 17, 90.86
1570999064, 518, 2109, 2521, 77, 0, 7.66%, 0, 0, 17, 115.74
1570999070, 518, 2158, 2521, 77, 0, 7.66%, 0, 0, 17, 189.81
1570999075, 518, 2182, 2522, 77, 0, 7.66%, 0, 0, 17, 3022.24
1570999080, 518, 2321, 2522, 76, 0, 7.66%, 0, 0, 17, 249.15
1570999090, 518, 2349, 2524, 77, 0, 7.66%, 0, 0, 17, 124.77
1570999110, 518, 2385, 2524, 76, 0, 7.66%, 0, 0, 17, 189.66
1570999116, 518, 2389, 2524, 75, 0, 7.66%, 0, 0, 17, 2645.21
1570999121, 518, 2396, 2524, 73, 0, 7.66%, 0, 0, 17, 141.39
1570999141, 518, 2399, 2524, 72, 0, 7.66%, 0, 0, 17, 62.64
1570999172, 518, 2408, 2524, 71, 0, 7.66%, 0, 0, 17, 61.82
1570999187, 518, 2459, 2524, 69, 0, 7.66%, 0, 0, 17, 75.10
1570999213, 518, 2489, 2524, 68, 0, 7.66%, 0, 0, 17, 91.38
1570999223, 518, 2515, 2524, 66, 0, 7.66%, 0, 0, 17, 1372.83
1570999228, 518, 2516, 2524, 65, 0, 7.66%, 0, 0, 17, 127.60
1570999238, 518, 2517, 2524, 64, 0, 7.66%, 0, 0, 17, 73.56
1570999258, 518, 2519, 2524, 63, 0, 7.66%, 0, 0, 17, 63.72
1570999284, 518, 2522, 2524, 62, 0, 7.66%, 0, 0, 17, 168.59
1570999289, 518, 2523, 2524, 61, 0, 7.66%, 0, 0, 17, 167.41
1570999294, 519, 942, 2524, 60, 0, 7.66%, 0, 0, 17, 228.79
1570999299, 519, 1848, 2524, 60, 0, 7.66%, 0, 0, 17, 407.33
1570999304, 519, 1859, 2524, 60, 0, 7.66%, 0, 0, 17, 76.28
1570999310, 519, 2211, 2525, 60, 0, 7.66%, 0, 0, 17, 473.40
1570999315, 519, 2215, 2527, 62, 0, 7.66%, 0, 0, 17, 77.12
1570999320, 519, 2282, 2531, 65, 0, 7.67%, 0, 0, 17, 137.35
1570999325, 519, 2529, 2532, 66, 1, 7.67%, 0, 0, 17, 177.56
1570999330, 520, 1021, 2532, 65, 0, 7.67%, 0, 0, 17, 329.69
1570999335, 520, 1740, 2534, 67, 0, 7.67%, 0, 0, 17, 71.26
1570999345, 520, 2201, 2534, 67, 0, 7.67%, 0, 0, 17, 95.85
1570999350, 520, 2337, 2536, 67, 0, 7.67%, 0, 0, 17, 286.74
1570999361, 520, 2362, 2536, 66, 0, 7.67%, 0, 0, 17, 146.63
1570999376, 520, 2382, 2536, 65, 0, 7.67%, 0, 0, 17, 115.12
1570999402, 520, 2425, 2536, 61, 0, 7.67%, 0, 0, 17, 1538.69
1570999412, 520, 2461, 2536, 58, 0, 7.67%, 0, 0, 17, 184.87
1570999422, 520, 2464, 2536, 57, 0, 7.67%, 0, 0, 17, 94.22
1570999442, 520, 2473, 2536, 56, 0, 7.67%, 0, 0, 17, 224.74
1570999447, 520, 2482, 2536, 55, 0, 7.67%, 0, 0, 17, 136.20
1570999458, 520, 2506, 2536, 54, 0, 7.67%, 0, 0, 17, 101.62
1570999478, 520, 2510, 2536, 53, 0, 7.67%, 0, 0, 17, 97.03
1570999504, 520, 2512, 2536, 52, 0, 7.67%, 0, 0, 17, 67.05
1570999519, 520, 2526, 2536, 51, 0, 7.67%, 0, 0, 17, 93.28
1570999530, 520, 2528, 2536, 50, 0, 7.67%, 0, 0, 17, 107.34
1570999545, 520, 2530, 2537, 50, 0, 7.67%, 0, 0, 17, 129.13
1570999555, 521, 1755, 2537, 49, 0, 7.67%, 0, 0, 17, 392.57
1570999560, 521, 2047, 2538, 50, 0, 7.67%, 0, 0, 17, 258.11
1570999565, 521, 2066, 2539, 51, 0, 7.67%, 0, 0, 17, 123.83
1570999571, 522, 1507, 2542, 53, 0, 7.67%, 0, 0, 17, 839.86
1570999576, 522, 2047, 2542, 53, 0, 7.67%, 0, 0, 17, 191.85
1570999581, 523, 1152, 2545, 55, 0, 7.67%, 0, 0, 17, 502.10
1570999586, 523, 1987, 2547, 57, 1, 7.73%, 0, 0, 17, 375.57
1570999591, 523, 2548, 2549, 58, 1, 7.74%, 0, 0, 17, 150.94
1570999602, 523, 2548, 2550, 59, 1, 7.74%, 0, 0, 17, 153.61
1570999607, 523, 2549, 2550, 58, 1, 7.74%, 0, 0, 17, 212.14
1570999612, 524, 1578, 2551, 58, 0, 7.74%, 0, 0, 17, 445.49
1570999617, 524, 1859, 2551, 58, 0, 7.74%, 0, 0, 17, 70.35
1570999622, 524, 1959, 2553, 60, 0, 7.74%, 0, 0, 17, 75.32
1570999627, 524, 2203, 2555, 62, 0, 7.74%, 0, 0, 17, 91.43
1570999632, 524, 2556, 2559, 66, 1, 7.74%, 0, 0, 17, 213.13
1570999637, 525, 1453, 2560, 66, 0, 7.74%, 0, 0, 17, 444.37
1570999643, 525, 2103, 2560, 66, 0, 7.74%, 0, 0, 17, 366.04
1570999648, 525, 2203, 2560, 66, 0, 7.74%, 0, 0, 17, 153.71
1570999653, 526, 1659, 2562, 67, 0, 7.74%, 0, 0, 17, 891.12
1570999658, 526, 2562, 2564, 69, 1, 7.74%, 0, 0, 17, 425.00
1570999663, 527, 864, 2565, 69, 0, 7.74%, 0, 0, 17, 860.47
1570999668, 527, 2066, 2566, 70, 1, 7.75%, 0, 0, 17, 91.85
1570999673, 527, 2485, 2566, 70, 1, 7.75%, 0, 0, 17, 119.00
1570999683, 528, 1487, 2569, 68, 0, 7.80%, 0, 0, 17, 854.13
1570999689, 528, 2047, 2569, 68, 0, 7.80%, 0, 0, 17, 179.67
1570999694, 528, 2499, 2570, 69, 1, 7.80%, 0, 0, 17, 141.51
1570999709, 528, 2518, 2570, 68, 1, 7.80%, 0, 0, 17, 116.26
1570999730, 528, 2564, 2570, 67, 1, 7.80%, 0, 0, 17, 75.64
1570999750, 528, 2569, 2570, 66, 1, 7.80%, 0, 0, 17, 173.37
1570999756, 529, 1384, 2571, 66, 0, 7.80%, 0, 0, 17, 437.40
1570999761, 529, 1893, 2573, 68, 0, 7.80%, 0, 0, 17, 58.05
1570999766, 529, 2046, 2573, 68, 0, 7.80%, 0, 0, 17, 95.05
1570999771, 529, 2573, 2575, 70, 1, 7.80%, 0, 0, 17, 169.18
1570999781, 530, 1810, 2575, 69, 0, 7.80%, 0, 0, 17, 467.06
1570999786, 530, 2116, 2575, 69, 0, 7.80%, 0, 0, 17, 276.33
1570999791, 530, 2228, 2576, 70, 0, 7.80%, 0, 0, 17, 76.49
1570999796, 530, 2453, 2577, 71, 1, 7.81%, 0, 0, 17, 88.71
1570999817, 530, 2576, 2577, 70, 1, 7.81%, 0, 0, 17, 79.39
1570999832, 531, 1012, 2577, 69, 0, 7.81%, 0, 0, 17, 630.59
1570999837, 532, 872, 2580, 70, 0, 7.81%, 0, 0, 17, 522.64
1570999843, 532, 1734, 2582, 72, 0, 7.81%, 0, 0, 17, 407.28
1570999848, 532, 1740, 2582, 72, 0, 7.81%, 0, 0, 17, 70.62
1570999853, 532, 2111, 2582, 72, 0, 7.81%, 0, 0, 17, 88.93
1570999858, 532, 2539, 2588, 78, 1, 7.81%, 0, 0, 17, 103.09
1570999873, 532, 2586, 2588, 77, 1, 7.81%, 0, 0, 17, 145.65
1570999878, 533, 604, 2589, 76, 0, 7.81%, 0, 0, 17, 391.64
1570999883, 533, 2539, 2591, 78, 1, 7.81%, 0, 0, 17, 118.63
1570999888, 533, 2590, 2591, 77, 0, 7.81%, 0, 0, 17, 262.26
1570999894, 534, 1610, 2592, 77, 0, 7.81%, 0, 0, 17, 457.24
1570999899, 534, 2517, 2593, 78, 1, 7.82%, 0, 0, 17, 55.31
1570999904, 535, 1040, 2594, 78, 0, 7.82%, 0, 0, 17, 535.15
1570999909, 535, 1840, 2594, 78, 0, 7.82%, 0, 0, 17, 74.58
1570999914, 535, 1859, 2594, 78, 0, 7.82%, 0, 0, 17, 68.73
1570999919, 535, 2202, 2594, 78, 0, 7.82%, 0, 0, 17, 267.41
1570999924, 535, 2594, 2595, 78, 1, 7.82%, 0, 0, 17, 104.38
1570999945, 536, 1209, 2595, 77, 0, 7.82%, 0, 0, 17, 662.57
1570999950, 536, 2599, 2601, 82, 0, 7.82%, 0, 0, 17, 2137.73
1570999966, 537, 2101, 2603, 83, 1, 7.82%, 0, 0, 17, 198.09
1570999971, 537, 2602, 2603, 82, 0, 7.82%, 0, 0, 17, 153.96
1570999981, 538, 2439, 2606, 84, 1, 7.83%, 0, 0, 17, 485.01
1570999986, 539, 1840, 2609, 86, 1, 7.83%, 0, 0, 17, 73.65
1570999991, 540, 1269, 2610, 86, 0, 7.83%, 0, 0, 17, 335.94
1570999996, 540, 2145, 2612, 88, 1, 7.83%, 0, 0, 17, 56.21
1571000002, 540, 2356, 2612, 88, 1, 7.83%, 0, 0, 17, 106.78
1571000017, 540, 2611, 2612, 86, 0, 7.83%, 0, 0, 17, 98.43
1571000032, 541, 1422, 2612, 85, 0, 7.83%, 0, 0, 17, 614.08
1571000037, 542, 156, 2613, 85, 0, 7.83%, 0, 0, 17, 129.97
1571000042, 542, 1840, 2613, 85, 0, 7.83%, 0, 0, 17, 55.02
1571000052, 542, 2194, 2613, 85, 0, 7.83%, 0, 0, 17, 110.84
1571000057, 542, 2215, 2614, 86, 0, 7.83%, 0, 0, 17, 95.37
1571000063, 542, 2341, 2614, 86, 0, 7.83%, 0, 0, 17, 103.34
1571000068, 542, 2346, 2616, 88, 0, 7.83%, 0, 0, 17, 114.62
1571000083, 542, 2400, 2616, 87, 0, 7.83%, 0, 0, 17, 166.47
1571000093, 542, 2616, 2617, 87, 1, 7.85%, 0, 0, 17, 251.96
1571000098, 543, 1034, 2617, 86, 0, 7.85%, 0, 0, 17, 383.92
1571000103, 543, 1845, 2617, 86, 0, 7.85%, 0, 0, 17, 329.52
1571000108, 543, 2111, 2617, 86, 0, 7.85%, 0, 0, 17, 57.92
1571000113, 543, 2538, 2621, 90, 1, 7.86%, 0, 0, 17, 94.14
1571000134, 543, 2620, 2621, 89, 1, 7.86%, 0, 0, 17, 99.75
1571000149, 544, 1853, 2622, 89, 1, 7.86%, 0, 0, 17, 108.55
1571000155, 544, 2621, 2622, 89, 1, 7.86%, 0, 0, 17, 1960.00
1571000160, 545, 1744, 2623, 89, 0, 7.86%, 0, 0, 17, 177.13
1571000165, 545, 2197, 2623, 89, 0, 7.86%, 0, 0, 17, 173.85
1571000170, 545, 2339, 2624, 89, 0, 7.86%, 0, 0, 17, 95.55
1571000175, 545, 2626, 2629, 94, 1, 7.86%, 0, 0, 17, 287.39
1571000180, 546, 1346, 2629, 93, 0, 7.86%, 0, 0, 17, 441.23
1571000186, 546, 2358, 2630, 94, 1, 7.86%, 0, 0, 17, 144.60
1571000196, 546, 2614, 2630, 93, 1, 7.86%, 0, 0, 17, 146.52
1571000211, 547, 1144, 2631, 92, 0, 7.86%, 0, 0, 17, 1025.91
1571000216, 547, 1948, 2631, 92, 0, 7.86%, 0, 0, 17, 527.61
1571000221, 547, 2325, 2631, 92, 0, 7.86%, 0, 0, 17, 120.02
1571000226, 548, 1346, 2632, 92, 0, 7.86%, 0, 0, 17, 382.54
1571000231, 548, 1964, 2633, 93, 0, 7.86%, 0, 0, 17, 285.40
1571000237, 548, 2201, 2633, 93, 0, 7.86%, 0, 0, 17, 163.23
1571000247, 548, 2369, 2634, 94, 0, 7.86%, 0, 0, 17, 111.75
1571000257, 548, 2437, 2634, 91, 0, 7.86%, 0, 0, 17, 266.61
1571000267, 548, 2480, 2634, 90, 0, 7.86%, 0, 0, 17, 129.43
1571000278, 548, 2487, 2634, 89, 0, 7.86%, 0, 0, 17, 164.13
1571000283, 548, 2495, 2634, 88, 0, 7.86%, 0, 0, 17, 134.60
1571000313, 548, 2501, 2634, 87, 0, 7.86%, 0, 0, 17, 61.74
1571000334, 548, 2503, 2634, 86, 0, 7.86%, 0, 0, 17, 53.53
1571000349, 548, 2521, 2634, 85, 0, 7.86%, 0, 0, 17, 63.03
1571000370, 548, 2529, 2634, 84, 0, 7.86%, 0, 0, 17, 77.46
1571000375, 548, 2532, 2634, 84, 0, 7.86%, 0, 0, 17, 65.15
1571000401, 548, 2544, 2634, 82, 0, 7.86%, 0, 0, 17, 133.29
1571000411, 548, 2547, 2634, 81, 0, 7.86%, 0, 0, 17, 82.50
1571000441, 548, 2552, 2634, 80, 0, 7.86%, 0, 0, 17, 63.14
1571000472, 548, 2557, 2634, 79, 0, 7.86%, 0, 0, 17, 64.00
1571000487, 548, 2558, 2634, 78, 0, 7.86%, 0, 0, 17, 70.14
1571000513, 548, 2563, 2634, 76, 0, 7.86%, 0, 0, 17, 356.42
1571000554, 548, 2572, 2634, 73, 0, 7.86%, 0, 0, 17, 61.49
1571000575, 548, 2575, 2634, 72, 0, 7.86%, 0, 0, 17, 51.43
1571000611, 548, 2597, 2634, 70, 0, 7.86%, 0, 0, 17, 119.33
1571000626, 548, 2598, 2634, 69, 0, 7.86%, 0, 0, 17, 100.37
1571000636, 548, 2607, 2634, 68, 0, 7.86%, 0, 0, 17, 115.72
1571000646, 548, 2613, 2634, 67, 0, 7.86%, 0, 0, 17, 104.59
1571000677, 548, 2618, 2634, 66, 0, 7.86%, 0, 0, 17, 205.53
1571000682, 548, 2624, 2634, 65, 0, 7.86%, 0, 0, 17, 236.87
1571000687, 548, 2633, 2634, 64, 0, 7.86%, 0, 0, 17, 168.32
1571000698, 549, 1525, 2635, 64, 0, 7.86%, 0, 0, 17, 397.35
1571000703, 549, 2144, 2636, 65, 1, 7.88%, 0, 0, 17, 77.51
1571000708, 550, 498, 2636, 64, 0, 7.88%, 0, 0, 17, 935.52
1571000713, 550, 1870, 2636, 64, 0, 7.88%, 0, 0, 17, 573.90
1571000718, 550, 1987, 2636, 64, 0, 7.88%, 0, 0, 17, 61.75
1571000723, 550, 2211, 2637, 65, 0, 7.88%, 0, 0, 17, 189.17
1571000728, 550, 2314, 2638, 65, 0, 7.88%, 0, 0, 17, 131.21
1571000749, 550, 2383, 2638, 64, 0, 7.88%, 0, 0, 17, 75.06
1571000764, 550, 2445, 2639, 64, 0, 7.88%, 0, 0, 17, 111.01
1571000769, 550, 2509, 2639, 63, 0, 7.88%, 0, 0, 17, 116.06
1571000795, 550, 2520, 2640, 63, 0, 7.88%, 0, 0, 18, 70.49
1571000810, 550, 2525, 2640, 62, 0, 7.88%, 0, 0, 18, 84.98
1571000825, 550, 2533, 2640, 61, 0, 7.88%, 0, 0, 18, 99.03
1571000836, 550, 2543, 2640, 60, 0, 7.88%, 0, 0, 18, 147.02
1571000841, 550, 2560, 2640, 58, 0, 7.88%, 0, 0, 18, 239.91
1571000851, 550, 2578, 2640, 57, 0, 7.88%, 0, 0, 18, 233.21
1571000861, 550, 2593, 2640, 56, 0, 7.88%, 0, 0, 18, 101.62
1571000892, 550, 2596, 2640, 55, 0, 7.88%, 0, 0, 18, 73.41
1571000908, 550, 2600, 2640, 54, 0, 7.88%, 0, 0, 18, 96.21
1571000918, 550, 2636, 2640, 52, 0, 7.88%, 0, 0, 18, 124.11
1571000934, 551, 1731, 2640, 51, 0, 7.88%, 0, 0, 18, 521.31
1571000939, 551, 2050, 2640, 51, 0, 7.88%, 0, 0, 18, 316.29
1571000944, 551, 2276, 2640, 51, 0, 7.88%, 0, 0, 18, 79.05
1571000949, 551, 2493, 2643, 54, 0, 7.88%, 0, 0, 18, 114.41
1571000959, 551, 2507, 2643, 53, 0, 7.88%, 0, 0, 18, 113.09
1571000994, 551, 2527, 2643, 52, 0, 7.88%, 0, 0, 18, 67.69
1571001005, 551, 2535, 2643, 51, 0, 7.88%, 0, 0, 18, 181.78
1571001010, 551, 2554, 2643, 50, 0, 7.88%, 0, 0, 18, 205.52
1571001020, 551, 2587, 2643, 48, 0, 7.88%, 0, 0, 18, 1318.02
1571001025, 551, 2615, 2643, 47, 0, 7.88%, 0, 0, 18, 138.17
1571001035, 551, 2627, 2643, 46, 0, 7.88%, 0, 0, 18, 261.62
1571001040, 551, 2638, 2643, 44, 0, 7.88%, 0, 0, 18, 277.47
1571001045, 551, 2639, 2643, 43, 0, 7.88%, 0, 0, 18, 176.92
1571001061, 552, 1683, 2644, 43, 0, 7.88%, 0, 0, 18, 577.30
1571001066, 552, 1949, 2645, 44, 0, 7.88%, 0, 0, 18, 84.43
1571001071, 552, 2646, 2649, 47, 1, 7.88%, 0, 0, 18, 310.83
1571001077, 554, 529, 2651, 46, 0, 7.88%, 0, 0, 18, 2027.42
1571001082, 554, 1984, 2652, 47, 0, 7.88%, 0, 0, 18, 863.24
1571001087, 554, 2449, 2653, 48, 0, 7.88%, 0, 0, 18, 411.27
1571001097, 554, 2524, 2657, 50, 0, 7.88%, 0, 0, 18, 57.05
1571001102, 554, 2524, 2658, 51, 0, 7.88%, 0, 0, 18, 56.29
1571001107, 554, 2553, 2659, 51, 0, 7.88%, 0, 0, 18, 55.23
1571001133, 555, 1481, 2660, 50, 0, 7.89%, 0, 0, 18, 695.71
1571001138, 555, 1740, 2660, 50, 0, 7.89%, 0, 0, 18, 78.11
1571001143, 555, 2103, 2660, 50, 0, 7.89%, 0, 0, 18, 118.76
1571001148, 555, 2660, 2663, 52, 1, 7.89%, 0, 0, 18, 84.92
1571001169, 555, 2663, 2664, 52, 1, 7.89%, 0, 0, 18, 112.70
1571001179, 556, 880, 2664, 51, 0, 7.89%, 0, 0, 18, 264.02
1571001184, 556, 1994, 2664, 51, 0, 7.89%, 0, 0, 18, 80.52
1571001189, 557, 1405, 2667, 52, 0, 7.90%, 0, 0, 18, 1730.92
1571001194, 557, 2096, 2668, 53, 0, 7.90%, 0, 0, 18, 194.34
1571001199, 557, 2201, 2668, 53, 0, 7.90%, 0, 0, 18, 104.25
1571001204, 557, 2325, 2668, 53, 0, 7.90%, 0, 0, 18, 80.79
1571001210, 557, 2670, 2671, 56, 1, 7.90%, 0, 0, 18, 140.49
1571001230, 558, 1731, 2671, 55, 0, 7.90%, 0, 0, 18, 451.76
1571001235, 558, 2217, 2672, 56, 0, 7.90%, 0, 0, 18, 259.75
1571001240, 558, 2462, 2675, 59, 0, 7.90%, 0, 0, 18, 163.46
1571001260, 558, 2470, 2677, 60, 0, 7.90%, 0, 0, 18, 53.61
1571001265, 558, 2492, 2677, 60, 0, 7.90%, 0, 0, 18, 51.62
1571001296, 558, 2534, 2677, 59, 0, 7.90%, 0, 0, 18, 795.00
1571001301, 558, 2628, 2677, 56, 0, 7.90%, 0, 0, 18, 95.10
1571001321, 558, 2637, 2677, 55, 0, 7.90%, 0, 0, 18, 224.35
1571001326, 558, 2640, 2677, 54, 0, 7.90%, 0, 0, 18, 204.28
1571001332, 558, 2647, 2677, 53, 0, 7.90%, 0, 0, 18, 172.60
1571001342, 558, 2662, 2677, 52, 0, 7.90%, 0, 0, 18, 139.70
1571001357, 558, 2668, 2677, 51, 0, 7.90%, 0, 0, 18, 120.52
1571001362, 559, 319, 2677, 50, 0, 7.90%, 0, 0, 18, 185.21
1571001367, 559, 1736, 2677, 50, 0, 7.90%, 0, 0, 18, 84.13
1571001372, 559, 2257, 2678, 51, 1, 7.90%, 0, 0, 18, 103.59
1571001378, 560, 1487, 2679, 51, 0, 7.90%, 0, 0, 18, 493.69
1571001383, 560, 2009, 2679, 51, 0, 7.90%, 0, 0, 18, 69.02
1571001388, 560, 2100, 2679, 51, 0, 7.90%, 0, 0, 18, 84.56
1571001393, 560, 2352, 2682, 54, 0, 7.90%, 0, 0, 18, 104.28
1571001398, 560, 2430, 2682, 53, 0, 7.90%, 0, 0, 18, 105.85
1571001429, 560, 2460, 2685, 55, 0, 7.90%, 0, 0, 18, 79.69
1571001434, 560, 2531, 2686, 56, 0, 7.90%, 0, 0, 18, 183.67
1571001439, 560, 2574, 2686, 55, 0, 7.90%, 0, 0, 18, 201.19
1571001449, 560, 2585, 2686, 54, 0, 7.90%, 0, 0, 18, 122.45
1571001465, 560, 2605, 2686, 53, 0, 7.90%, 0, 0, 18, 104.86
1571001475, 560, 2641, 2687, 53, 0, 7.90%, 0, 0, 18, 106.64
1571001485, 560, 2653, 2687, 51, 0, 7.90%, 0, 0, 18, 643.94
1571001490, 560, 2658, 2687, 50, 0, 7.90%, 0, 0, 18, 61.91
1571001500, 560, 2661, 2687, 49, 0, 7.90%, 0, 0, 18, 56.54
1571001526, 560, 2685, 2687, 46, 0, 7.90%, 0, 0, 18, 127.54
1571001536, 561, 633, 2687, 45, 0, 7.90%, 0, 0, 18, 190.80
1571001541, 561, 2669, 2689, 47, 1, 7.90%, 0, 0, 18, 380.40
1571001557, 561, 2676, 2689, 46, 1, 7.90%, 0, 0, 18, 77.10
1571001582, 562, 345, 2689, 44, 0, 7.90%, 0, 0, 18, 2950.55
1571001587, 562, 1740, 2690, 45, 0, 7.90%, 0, 0, 18, 69.48
1571001592, 562, 2690, 2692, 47, 1, 7.90%, 0, 0, 18, 879.83
1571001597, 563, 1736, 2693, 46, 0, 7.93%, 0, 0, 18, 624.11
1571001602, 563, 1752, 2693, 46, 0, 7.93%, 0, 0, 18, 91.12
1571001608, 563, 2210, 2693, 46, 0, 7.93%, 0, 0, 18, 111.67
1571001613, 563, 2276, 2693, 46, 0, 7.93%, 0, 0, 18, 76.70
1571001618, 563, 2325, 2693, 46, 0, 7.93%, 0, 0, 18, 87.09
1571001623, 563, 2673, 2695, 48, 1, 7.93%, 0, 0, 18, 94.85
1571001638, 563, 2694, 2695, 47, 1, 7.93%, 0, 0, 18, 89.17
1571001654, 564, 1444, 2696, 47, 0, 7.93%, 0, 0, 18, 599.17
1571001659, 564, 1910, 2696, 47, 0, 7.93%, 0, 0, 18, 165.32
1571001664, 564, 2153, 2696, 47, 0, 7.93%, 0, 0, 18, 150.00
1571001669, 564, 2696, 2697, 48, 1, 7.93%, 0, 0, 18, 173.16
1571001674, 565, 395, 2697, 47, 0, 7.93%, 0, 0, 18, 227.16
1571001679, 565, 1740, 2697, 47, 0, 7.93%, 0, 0, 18, 69.76
1571001690, 565, 2460, 2698, 48, 1, 7.93%, 0, 0, 18, 93.74
1571001695, 567, 200, 2702, 48, 0, 7.94%, 0, 0, 18, 457.25
1571001700, 567, 1810, 2704, 50, 0, 7.94%, 0, 0, 18, 497.89
1571001705, 567, 2684, 2708, 54, 2, 7.94%, 0, 0, 18, 207.44
1571001726, 567, 2707, 2708, 52, 1, 7.94%, 0, 0, 18, 286.22
1571001731, 568, 1559, 2708, 51, 0, 7.94%, 0, 0, 18, 399.28
1571001736, 568, 1740, 2708, 51, 0, 7.94%, 0, 0, 18, 71.95
1571001741, 568, 2112, 2708, 51, 0, 7.94%, 0, 0, 18, 148.49
1571001746, 568, 2429, 2709, 52, 0, 7.94%, 0, 0, 18, 164.34
1571001751, 568, 2555, 2709, 52, 0, 7.94%, 0, 0, 18, 137.72
1571001756, 568, 2583, 2709, 51, 0, 7.94%, 0, 0, 18, 181.49
1571001766, 568, 2642, 2709, 49, 0, 7.94%, 0, 0, 18, 244.68
1571001787, 568, 2648, 2710, 49, 0, 7.94%, 0, 0, 18, 117.30
1571001792, 568, 2650, 2710, 48, 0, 7.94%, 0, 0, 18, 230.83
1571001812, 568, 2654, 2710, 47, 0, 7.94%, 0, 0, 18, 229.71
1571001817, 568, 2675, 2710, 46, 0, 7.94%, 0, 0, 18, 107.64
1571001843, 568, 2687, 2710, 45, 0, 7.94%, 0, 0, 18, 1486.91
1571001848, 568, 2708, 2711, 44, 0, 7.94%, 0, 0, 18, 130.50
1571001859, 569, 2144, 2712, 44, 1, 7.94%, 0, 0, 18, 223.76
1571001864, 569, 2215, 2712, 44, 1, 7.94%, 0, 0, 18, 110.19
1571001869, 569, 2324, 2712, 44, 1, 7.94%, 0, 0, 18, 94.79
1571001874, 569, 2536, 2715, 47, 1, 7.94%, 0, 0, 18, 68.28
1571001909, 570, 1572, 2715, 45, 0, 7.94%, 0, 0, 18, 1120.66
1571001914, 570, 1859, 2716, 46, 0, 7.94%, 0, 0, 18, 135.13
1571001920, 570, 1929, 2716, 46, 0, 7.94%, 0, 0, 18, 108.86
1571001925, 570, 2269, 2716, 46, 0, 7.94%, 0, 0, 18, 107.99
1571001930, 570, 2412, 2717, 47, 0, 7.94%, 0, 0, 18, 112.79
1571001935, 570, 2594, 2721, 49, 0, 7.94%, 0, 0, 18, 124.53
1571001940, 570, 2619, 2721, 49, 0, 7.94%, 0, 0, 18, 221.84
1571001945, 570, 2628, 2724, 51, 0, 7.94%, 0, 0, 18, 130.74
1571001950, 570, 2644, 2725, 52, 0, 7.94%, 0, 0, 18, 133.08
1571001960, 570, 2652, 2725, 51, 0, 7.94%, 0, 0, 18, 288.55
1571001966, 570, 2657, 2725, 50, 0, 7.94%, 0, 0, 18, 57.70
1571001976, 570, 2657, 2728, 53, 0, 7.94%, 0, 0, 18, 50.22
1571001981, 571, 1022, 2728, 51, 0, 7.94%, 0, 0, 18, 425.97
1571001986, 571, 1849, 2728, 51, 0, 7.94%, 0, 0, 18, 62.54
1571001991, 571, 1925, 2729, 52, 0, 7.94%, 0, 0, 18, 73.53
1571001996, 571, 2348, 2731, 54, 0, 7.94%, 0, 0, 18, 153.03
1571002001, 571, 2730, 2733, 56, 1, 7.95%, 0, 0, 18, 103.30
1571002027, 571, 2731, 2733, 55, 1, 7.95%, 0, 0, 18, 591.45
1571002032, 571, 2732, 2733, 54, 0, 7.95%, 0, 0, 18, 348.42
1571002037, 572, 1652, 2735, 55, 0, 7.95%, 0, 0, 18, 481.35
1571002042, 572, 2188, 2736, 56, 0, 7.95%, 0, 0, 18, 149.79
1571002047, 572, 2719, 2738, 58, 1, 7.95%, 0, 0, 18, 103.23
1571002078, 572, 2736, 2738, 57, 1, 7.95%, 0, 0, 18, 180.00
1571002083, 572, 2737, 2738, 56, 0, 7.95%, 0, 0, 18, 280.75
1571002088, 573, 1775, 2739, 56, 0, 7.95%, 0, 0, 18, 457.03
1571002094, 573, 2041, 2739, 56, 0, 7.95%, 0, 0, 18, 247.83
1571002099, 573, 2356, 2743, 60, 0, 7.95%, 0, 0, 18, 139.22
1571002104, 573, 2537, 2743, 59, 0, 7.95%, 0, 0, 18, 2347.70
1571002109, 574, 1651, 2745, 59, 0, 7.95%, 0, 0, 18, 957.58
1571002114, 574, 2047, 2745, 59, 0, 7.95%, 0, 0, 18, 276.15
1571002119, 574, 2460, 2748, 61, 0, 7.95%, 0, 0, 18, 77.98
1571002124, 574, 2479, 2748, 61, 0, 7.95%, 0, 0, 18, 111.93
1571002140, 574, 2551, 2748, 60, 0, 7.95%, 0, 0, 18, 116.59
1571002165, 574, 2604, 2748, 59, 0, 7.95%, 0, 0, 18, 82.87
1571002176, 574, 2645, 2748, 57, 0, 7.95%, 0, 0, 18, 78.76
1571002191, 574, 2672, 2749, 57, 0, 7.95%, 0, 0, 18, 88.64
1571002206, 574, 2681, 2749, 56, 0, 7.95%, 0, 0, 18, 93.07
1571002227, 574, 2698, 2749, 53, 0, 7.95%, 0, 0, 18, 139.50
1571002262, 574, 2705, 2749, 51, 0, 7.95%, 0, 0, 18, 136.66
1571002273, 574, 2720, 2749, 50, 0, 7.95%, 0, 0, 18, 96.11
1571002288, 574, 2749, 2750, 50, 1, 7.95%, 0, 0, 18, 61.37
1571002303, 575, 1346, 2751, 49, 0, 7.95%, 0, 0, 18, 504.81
1571002308, 575, 2041, 2751, 49, 0, 7.95%, 0, 0, 18, 346.40
1571002314, 575, 2506, 2752, 50, 0, 7.95%, 0, 0, 18, 204.54
1571002319, 575, 2606, 2752, 49, 0, 7.95%, 0, 0, 18, 126.61
1571002334, 575, 2625, 2752, 48, 0, 7.95%, 0, 0, 18, 101.45
1571002359, 575, 2666, 2752, 47, 0, 7.95%, 0, 0, 18, 55.35
1571002385, 575, 2706, 2752, 46, 0, 7.95%, 0, 0, 18, 124.09
1571002390, 575, 2713, 2752, 45, 0, 7.95%, 0, 0, 18, 139.81
1571002431, 575, 2721, 2752, 43, 0, 7.95%, 0, 0, 18, 173.17
1571002441, 575, 2724, 2752, 42, 0, 7.95%, 0, 0, 18, 141.94
1571002456, 575, 2727, 2752, 41, 0, 7.95%, 0, 0, 18, 86.98
1571002467, 575, 2735, 2753, 41, 0, 7.95%, 0, 0, 18, 490.00
1571002472, 575, 2739, 2753, 40, 0, 7.95%, 0, 0, 18, 332.09
1571002477, 576, 2213, 2756, 41, 1, 7.96%, 0, 0, 18, 83.41
1571002482, 577, 1405, 2756, 40, 0, 7.96%, 0, 0, 18, 757.36
1571002487, 577, 2258, 2756, 40, 0, 7.96%, 0, 0, 18, 368.74
1571002492, 577, 2557, 2757, 41, 1, 7.96%, 0, 0, 18, 50.10
1571002498, 577, 2756, 2757, 41, 1, 7.96%, 0, 0, 18, 441.08
1571002503, 578, 907, 2759, 41, 0, 7.96%, 0, 0, 18, 461.08
1571002508, 578, 1925, 2759, 41, 0, 7.96%, 0, 0, 18, 460.93
1571002513, 578, 2110, 2760, 42, 0, 7.96%, 0, 0, 18, 230.51
1571002518, 578, 2529, 2760, 42, 0, 7.96%, 0, 0, 18, 160.76
1571002523, 578, 2667, 2768, 50, 0, 7.96%, 0, 0, 18, 136.48
1571002569, 578, 2682, 2768, 49, 0, 7.96%, 0, 0, 18, 110.38
1571002574, 578, 2683, 2768, 48, 0, 7.96%, 0, 0, 18, 163.98
1571002585, 578, 2768, 2769, 48, 1, 7.96%, 0, 0, 18, 285.77
1571002590, 579, 1702, 2769, 47, 0, 7.96%, 0, 0, 18, 502.48
1571002595, 579, 2203, 2770, 48, 0, 7.96%, 0, 0, 18, 167.56
1571002600, 579, 2770, 2772, 50, 1, 7.96%, 0, 0, 18, 230.99
1571002605, 579, 2772, 2773, 50, 0, 7.96%, 0, 0, 18, 230.16
1571002615, 580, 962, 2773, 49, 0, 7.96%, 0, 0, 18, 283.34
1571002620, 580, 1928, 2775, 51, 0, 7.96%, 0, 0, 18, 363.04
1571002625, 580, 2270, 2775, 51, 0, 7.96%, 0, 0, 18, 181.61
1571002630, 580, 2723, 2778, 54, 1, 7.96%, 0, 0, 18, 124.16
1571002651, 580, 2777, 2778, 53, 1, 7.96%, 0, 0, 18, 283.12
1571002656, 581, 1893, 2778, 52, 0, 7.96%, 0, 0, 18, 69.49
1571002661, 581, 1929, 2778, 52, 0, 7.96%, 0, 0, 18, 310.00
1571002666, 581, 2371, 2778, 52, 0, 7.96%, 0, 0, 18, 212.82
1571002671, 581, 2573, 2780, 54, 0, 7.96%, 0, 0, 18, 145.87
1571002676, 581, 2584, 2781, 55, 0, 7.96%, 0, 0, 18, 305.66
1571002682, 581, 2782, 2783, 55, 1, 7.96%, 0, 0, 18, 1115.73
1571002687, 582, 1471, 2784, 55, 0, 7.96%, 0, 0, 18, 706.62
1571002692, 582, 2408, 2786, 57, 1, 7.96%, 0, 0, 18, 64.11
1571002697, 582, 2778, 2786, 56, 1, 7.96%, 0, 0, 18, 366.67
1571002707, 582, 2784, 2786, 55, 1, 7.96%, 0, 0, 18, 1445.00
1571002712, 583, 1651, 2787, 55, 0, 7.96%, 0, 0, 18, 397.84
1571002717, 583, 2047, 2788, 56, 0, 7.96%, 0, 0, 18, 257.85
1571002723, 583, 2318, 2788, 56, 0, 7.96%, 0, 0, 18, 187.21
1571002728, 583, 2529, 2790, 58, 0, 7.96%, 0, 0, 18, 120.18
1571002733, 583, 2655, 2792, 60, 0, 7.96%, 0, 0, 18, 252.16
1571002738, 583, 2656, 2792, 59, 0, 7.96%, 0, 0, 18, 296.24
1571002743, 583, 2747, 2793, 58, 0, 7.96%, 0, 0, 18, 304.90
1571002748, 583, 2755, 2793, 57, 0, 7.96%, 0, 0, 18, 212.92
1571002764, 583, 2790, 2793, 53, 0, 7.96%, 0, 0, 18, 119.87
1571002789, 584, 1585, 2794, 53, 0, 7.96%, 0, 0, 18, 489.38
1571002795, 584, 1860, 2794, 53, 0, 7.96%, 0, 0, 18, 68.51
1571002800, 584, 2337, 2795, 54, 0, 7.96%, 0, 0, 18, 166.90
1571002805, 584, 2795, 2796, 55, 1, 7.96%, 0, 0, 18, 202.20
1571002810, 585, 812, 2796, 54, 0, 7.96%, 0, 0, 18, 292.33
1571002815, 585, 1861, 2796, 54, 0, 7.96%, 0, 0, 18, 84.79
1571002820, 585, 2483, 2797, 55, 1, 7.97%, 0, 0, 18, 117.35
1571002825, 585, 2767, 2797, 54, 1, 7.97%, 0, 0, 18, 125.81
1571002840, 585, 2797, 2799, 54, 1, 7.97%, 0, 0, 18, 90.74
1571002845, 586, 1801, 2799, 53, 0, 7.97%, 0, 0, 18, 560.49
1571002850, 586, 2144, 2799, 53, 0, 7.97%, 0, 0, 18, 256.72
1571002855, 586, 2276, 2799, 53, 0, 7.97%, 0, 0, 18, 123.31
1571002860, 586, 2529, 2799, 53, 0, 7.97%, 0, 0, 18, 146.62
1571002866, 587, 1372, 2800, 53, 0, 7.97%, 0, 0, 18, 931.69
1571002871, 587, 2101, 2800, 53, 0, 7.97%, 0, 0, 18, 86.98
1571002876, 587, 2395, 2804, 57, 0, 7.97%, 0, 0, 18, 99.13
1571002881, 587, 2528, 2805, 58, 0, 7.97%, 0, 0, 18, 116.30
1571002886, 587, 2591, 2805, 58, 0, 7.97%, 0, 0, 18, 104.72
1571002891, 587, 2679, 2805, 57, 0, 7.97%, 0, 0, 18, 75.76
1571002917, 587, 2729, 2805, 56, 0, 7.97%, 0, 0, 18, 80.89
1571002927, 587, 2741, 2805, 55, 0, 7.97%, 0, 0, 18, 86.92
1571002948, 587, 2744, 2805, 54, 0, 7.97%, 0, 0, 18, 80.92
1571002968, 587, 2748, 2805, 53, 0, 7.97%, 0, 0, 18, 78.79
1571002994, 587, 2751, 2805, 52, 0, 7.97%, 0, 0, 18, 72.68
1571003020, 587, 2760, 2805, 51, 0, 7.97%, 0, 0, 18, 89.08
1571003030, 587, 2762, 2805, 50, 0, 7.97%, 0, 0, 18, 135.36
1571003045, 587, 2766, 2805, 49, 0, 7.97%, 0, 0, 18, 196.44
1571003050, 587, 2769, 2805, 48, 0, 7.97%, 0, 0, 18, 219.52
1571003061, 587, 2792, 2805, 44, 0, 7.97%, 0, 0, 18, 168.41
1571003071, 587, 2794, 2805, 43, 0, 7.97%, 0, 0, 18, 169.32
1571003076, 587, 2801, 2805, 40, 0, 7.97%, 0, 0, 18, 1177.25
1571003081, 587, 2802, 2805, 39, 0, 7.97%, 0, 0, 18, 60.28
1571003112, 588, 1064, 2805, 38, 0, 7.97%, 0, 0, 18, 691.85
1571003117, 588, 1853, 2805, 38, 0, 7.97%, 0, 0, 18, 54.55
1571003122, 588, 2152, 2805, 38, 0, 7.97%, 0, 0, 18, 228.06
1571003127, 588, 2544, 2807, 40, 0, 7.97%, 0, 0, 18, 149.36
1571003132, 588, 2805, 2808, 41, 1, 7.97%, 0, 0, 18, 129.76
1571003143, 588, 2806, 2808, 40, 0, 7.97%, 0, 0, 18, 159.69
1571003153, 589, 1732, 2808, 39, 0, 7.97%, 0, 0, 18, 385.01
1571003158, 589, 2111, 2809, 40, 0, 7.97%, 0, 0, 18, 101.60
1571003163, 589, 2473, 2813, 44, 0, 7.97%, 0, 0, 18, 157.81
1571003168, 589, 2674, 2817, 48, 0, 7.97%, 0, 0, 18, 178.31
1571003179, 589, 2714, 2817, 45, 0, 7.97%, 0, 0, 18, 50.34
1571003209, 589, 2717, 2817, 44, 0, 7.97%, 0, 0, 18, 77.76
1571003224, 589, 2722, 2817, 43, 0, 7.97%, 0, 0, 18, 226.30
1571003229, 589, 2726, 2817, 42, 0, 7.97%, 0, 0, 18, 52.75
1571003240, 589, 2742, 2819, 42, 0, 7.97%, 0, 0, 18, 1592.56
1571003250, 589, 2765, 2819, 41, 0, 7.97%, 0, 0, 18, 95.23
1571003265, 589, 2781, 2820, 41, 0, 7.97%, 0, 0, 18, 101.04
1571003276, 589, 2812, 2820, 39, 0, 7.97%, 0, 0, 18, 305.02
1571003281, 589, 2819, 2820, 38, 0, 7.97%, 0, 0, 18, 307.04
1571003286, 590, 1372, 2820, 37, 0, 7.97%, 0, 0, 18, 458.48
1571003291, 591, 1185, 2824, 40, 0, 7.97%, 0, 0, 18, 1625.49
1571003296, 591, 1929, 2824, 40, 0, 7.97%, 0, 0, 18, 183.83
1571003301, 591, 2429, 2824, 40, 0, 7.97%, 0, 0, 18, 201.87
1571003306, 591, 2528, 2825, 41, 0, 7.97%, 0, 0, 18, 137.92
1571003311, 591, 2606, 2826, 42, 0, 7.97%, 0, 0, 18, 108.51
1571003316, 591, 2712, 2826, 42, 0, 7.97%, 0, 0, 18, 85.49
1571003332, 591, 2830, 2832, 45, 2, 7.98%, 0, 0, 18, 213.16
1571003337, 592, 1824, 2832, 43, 0, 7.98%, 0, 0, 18, 451.61
1571003342, 592, 2265, 2832, 43, 0, 7.98%, 0, 0, 18, 46.06
1571003347, 592, 2460, 2832, 43, 0, 7.98%, 0, 0, 18, 146.34
1571003352, 592, 2832, 2834, 45, 2, 7.98%, 0, 0, 18, 225.09
1571003357, 592, 2833, 2834, 44, 1, 7.98%, 0, 0, 18, 233.17
1571003367, 593, 1848, 2834, 43, 0, 7.98%, 0, 0, 18, 472.62
1571003372, 593, 2297, 2834, 43, 0, 7.98%, 0, 0, 18, 288.01
1571003378, 593, 2460, 2835, 44, 0, 7.98%, 0, 0, 18, 156.10
1571003383, 593, 2689, 2835, 44, 0, 7.98%, 0, 0, 18, 1820.01
1571003388, 593, 2728, 2835, 42, 0, 7.98%, 0, 0, 18, 49.94
1571003413, 593, 2740, 2835, 41, 0, 7.98%, 0, 0, 18, 66.81
1571003439, 593, 2761, 2835, 39, 0, 7.98%, 0, 0, 18, 235.30
1571003449, 593, 2764, 2835, 38, 0, 7.98%, 0, 0, 18, 128.24
1571003459, 593, 2775, 2835, 37, 0, 7.98%, 0, 0, 18, 84.50
1571003485, 593, 2788, 2835, 35, 0, 7.98%, 0, 0, 18, 55.56
1571003515, 593, 2789, 2835, 34, 0, 7.98%, 0, 0, 18, 54.63
1571003541, 593, 2791, 2835, 33, 0, 7.98%, 0, 0, 18, 87.20
1571003551, 593, 2809, 2835, 32, 0, 7.98%, 0, 0, 18, 96.74
1571003567, 594, 1330, 2835, 30, 0, 7.98%, 0, 0, 18, 366.57
1571003572, 594, 1840, 2836, 31, 1, 7.98%, 0, 0, 18, 61.52
1571003577, 594, 2553, 2836, 31, 1, 7.98%, 0, 0, 18, 68.01
1571003582, 595, 1305, 2836, 30, 0, 7.98%, 0, 0, 18, 473.81
1571003587, 595, 1929, 2837, 31, 0, 7.98%, 0, 0, 18, 347.23
1571003592, 595, 2382, 2837, 31, 0, 7.98%, 0, 0, 18, 48.15
1571003598, 595, 2527, 2837, 31, 0, 7.98%, 0, 0, 18, 102.41
1571003603, 595, 2716, 2837, 31, 0, 7.98%, 0, 0, 18, 52.05
1571003623, 595, 2724, 2838, 31, 0, 7.98%, 0, 0, 18, 68.57
1571003628, 595, 2803, 2838, 29, 0, 7.98%, 0, 0, 18, 75.93
1571003654, 595, 2818, 2838, 28, 0, 7.98%, 0, 0, 18, 247.38
1571003659, 595, 2821, 2839, 28, 0, 7.98%, 0, 0, 18, 176.19
1571003669, 595, 2828, 2847, 35, 0, 8.01%, 0, 0, 19, 218.82
1571003674, 596, 1406, 2847, 28, 0, 8.01%, 0, 0, 19, 483.61
1571003679, 596, 1929, 2847, 28, 0, 8.01%, 0, 0, 19, 157.64
1571003685, 596, 2324, 2847, 28, 0, 8.01%, 0, 0, 19, 136.76
1571003690, 596, 2623, 2847, 28, 0, 8.01%, 0, 0, 19, 97.16
1571003715, 596, 2626, 2847, 27, 0, 8.01%, 0, 0, 19, 67.79
1571003720, 596, 2771, 2852, 31, 0, 8.01%, 0, 0, 19, 56.10
1571003741, 596, 2795, 2852, 30, 0, 8.01%, 0, 0, 19, 63.77
1571003746, 596, 2852, 2853, 31, 1, 8.01%, 0, 0, 19, 196.05
1571003751, 597, 1586, 2853, 30, 0, 8.01%, 0, 0, 19, 449.82
1571003756, 597, 1915, 2853, 30, 0, 8.01%, 0, 0, 19, 279.41
1571003761, 597, 2203, 2854, 31, 0, 8.01%, 0, 0, 19, 156.51
1571003766, 597, 2709, 2855, 32, 1, 8.01%, 0, 0, 19, 142.49
1571003781, 597, 2854, 2855, 31, 1, 8.01%, 0, 0, 19, 193.08
1571003787, 597, 2854, 2856, 32, 1, 8.01%, 0, 0, 19, 274.20
1571003792, 598, 1669, 2856, 31, 0, 8.01%, 0, 0, 19, 499.90
1571003797, 598, 1740, 2856, 31, 0, 8.01%, 0, 0, 19, 73.98
1571003802, 598, 2126, 2856, 31, 0, 8.01%, 0, 0, 19, 101.85
1571003807, 598, 2460, 2856, 31, 0, 8.01%, 0, 0, 19, 115.86
1571003812, 598, 2696, 2857, 32, 0, 8.01%, 0, 0, 19, 122.35
1571003817, 598, 2847, 2858, 30, 0, 8.01%, 0, 0, 19, 319.63
1571003848, 598, 2850, 2858, 29, 0, 8.01%, 0, 0, 19, 167.40
1571003853, 598, 2857, 2858, 28, 0, 8.01%, 0, 0, 19, 154.87
1571003869, 599, 1164, 2858, 27, 0, 8.01%, 0, 0, 19, 487.54
1571003874, 599, 1980, 2859, 28, 0, 8.01%, 0, 0, 19, 395.74
1571003879, 599, 1986, 2859, 28, 0, 8.01%, 0, 0, 19, 58.53
1571003884, 599, 2594, 2860, 29, 0, 8.01%, 0, 0, 19, 242.53
1571003889, 599, 2698, 2861, 30, 0, 8.01%, 0, 0, 19, 117.18
1571003894, 600, 752, 2867, 34, 0, 8.01%, 0, 0, 20, 312.68
1571003900, 600, 1848, 2867, 34, 0, 8.01%, 0, 0, 20, 400.87
1571003905, 600, 2351, 2867, 34, 0, 8.01%, 0, 0, 20, 298.06
1571003910, 601, 1689, 2868, 34, 0, 8.01%, 0, 0, 20, 499.31
1571003915, 601, 2102, 2868, 34, 0, 8.01%, 0, 0, 20, 299.24
1571003920, 601, 2460, 2868, 34, 0, 8.01%, 0, 0, 20, 137.13
1571003925, 601, 2724, 2868, 34, 0, 8.01%, 0, 0, 20, 117.96
1571003930, 601, 2776, 2868, 34, 0, 8.01%, 0, 0, 20, 83.65
1571003951, 601, 2807, 2868, 32, 0, 8.01%, 0, 0, 20, 127.59
1571003961, 601, 2814, 2868, 31, 0, 8.01%, 0, 0, 20, 151.82
1571003971, 601, 2815, 2868, 30, 0, 8.01%, 0, 0, 20, 139.43
1571003986, 601, 2823, 2868, 29, 0, 8.01%, 0, 0, 20, 83.58
1571004022, 601, 2868, 2869, 29, 1, 8.01%, 0, 0, 20, 336.44
1571004027, 602, 1251, 2869, 28, 0, 8.01%, 0, 0, 20, 475.29
1571004032, 602, 1929, 2869, 28, 0, 8.01%, 0, 0, 20, 348.72
1571004037, 602, 2441, 2870, 29, 0, 8.01%, 0, 0, 20, 183.38
1571004042, 602, 2871, 2873, 32, 1, 8.02%, 0, 0, 20, 123.45
1571004057, 603, 1748, 2874, 32, 0, 8.02%, 0, 0, 20, 441.51
1571004062, 603, 2297, 2874, 32, 0, 8.02%, 0, 0, 20, 265.54
1571004067, 603, 2690, 2874, 32, 0, 8.02%, 0, 0, 20, 193.04
1571004072, 603, 2808, 2875, 33, 0, 8.02%, 0, 0, 20, 147.65
1571004088, 603, 2822, 2875, 30, 0, 8.02%, 0, 0, 20, 2246.26
1571004114, 603, 2837, 2876, 30, 0, 8.02%, 0, 0, 20, 67.81
1571004134, 603, 2838, 2876, 29, 0, 8.02%, 0, 0, 20, 366.23
1571004139, 604, 702, 2880, 30, 0, 8.02%, 0, 0, 21, 387.13
1571004144, 604, 2383, 2881, 31, 1, 8.02%, 0, 0, 21, 64.00
1571004149, 604, 2837, 2882, 32, 1, 8.02%, 0, 0, 21, 59.32
1571004154, 604, 2849, 2882, 32, 1, 8.02%, 0, 0, 21, 55.78
1571004170, 605, 1322, 2882, 30, 0, 8.02%, 0, 0, 21, 237.52
1571004175, 605, 1959, 2883, 31, 0, 8.02%, 0, 0, 21, 61.44
1571004180, 605, 2810, 2884, 32, 1, 8.02%, 0, 0, 21, 402.24
1571004201, 606, 781, 2884, 29, 0, 8.02%, 0, 0, 21, 1291.29
1571004206, 606, 1861, 2884, 29, 0, 8.02%, 0, 0, 21, 66.84
1571004211, 606, 2233, 2884, 29, 0, 8.02%, 0, 0, 21, 331.75
1571004216, 606, 2358, 2884, 29, 0, 8.02%, 0, 0, 21, 53.96
1571004221, 606, 2529, 2885, 30, 0, 8.02%, 0, 0, 21, 89.78
1571004226, 606, 2782, 2885, 30, 0, 8.02%, 0, 0, 21, 84.96
1571004231, 606, 2824, 2886, 31, 0, 8.02%, 0, 0, 21, 106.77
1571004252, 606, 2886, 2892, 35, 1, 8.02%, 0, 0, 22, 435.60
1571004257, 607, 1033, 2893, 33, 1, 8.03%, 0, 0, 22, 427.93
1571004262, 607, 2840, 2893, 33, 1, 8.03%, 0, 0, 22, 241.97
1571004267, 608, 2199, 2896, 34, 1, 8.03%, 0, 0, 22, 430.42
1571004272, 608, 2547, 2896, 34, 1, 8.03%, 0, 0, 22, 168.83
1571004277, 608, 2834, 2898, 36, 1, 8.03%, 0, 0, 22, 113.50
1571004293, 608, 2864, 2898, 35, 1, 8.03%, 0, 0, 22, 74.13
1571004308, 609, 1559, 2898, 33, 0, 8.03%, 0, 0, 22, 814.90
1571004314, 609, 1993, 2898, 33, 0, 8.03%, 0, 0, 22, 68.65
1571004319, 609, 2898, 2899, 34, 1, 8.04%, 0, 0, 22, 329.66
1571004329, 610, 1501, 2899, 33, 0, 8.04%, 0, 0, 22, 463.33
1571004334, 610, 2102, 2899, 33, 0, 8.04%, 0, 0, 22, 47.89
1571004339, 610, 2339, 2899, 33, 0, 8.04%, 0, 0, 22, 80.62
1571004344, 610, 2594, 2900, 34, 0, 8.04%, 0, 0, 22, 127.55
1571004349, 610, 2805, 2901, 35, 0, 8.04%, 0, 0, 22, 131.00
1571004354, 610, 2848, 2901, 35, 0, 8.04%, 0, 0, 22, 153.03
1571004364, 610, 2851, 2901, 34, 0, 8.04%, 0, 0, 22, 263.25
1571004369, 610, 2860, 2901, 33, 0, 8.04%, 0, 0, 22, 131.65
1571004395, 610, 2872, 2901, 31, 0, 8.04%, 0, 0, 22, 56.59
1571004425, 610, 2897, 2901, 29, 0, 8.04%, 0, 0, 22, 70.92
1571004456, 611, 1848, 2901, 28, 0, 8.04%, 0, 0, 22, 476.23
1571004461, 611, 2211, 2902, 29, 0, 8.04%, 0, 0, 22, 315.39
1571004467, 611, 2460, 2902, 29, 0, 8.04%, 0, 0, 22, 154.55
1571004472, 611, 2696, 2903, 30, 0, 8.04%, 0, 0, 22, 137.42
1571004477, 611, 2861, 2906, 33, 1, 8.04%, 0, 0, 22, 364.26
1571004482, 611, 2905, 2910, 35, 0, 8.06%, 0, 0, 22, 300.59
1571004487, 611, 2908, 2911, 34, 3, 8.06%, 0, 0, 22, 273.33
1571004492, 611, 2910, 2911, 32, 1, 8.06%, 0, 0, 22, 279.73
1571004497, 612, 1595, 2911, 31, 0, 8.06%, 0, 0, 22, 455.12
1571004502, 612, 2200, 2912, 32, 0, 8.06%, 0, 0, 22, 73.55
1571004507, 612, 2460, 2912, 32, 0, 8.06%, 0, 0, 22, 133.87
1571004513, 612, 2667, 2912, 32, 0, 8.06%, 0, 0, 22, 107.28
1571004518, 612, 2913, 2914, 34, 1, 8.06%, 0, 0, 22, 126.63
1571004528, 613, 574, 2914, 33, 0, 8.06%, 0, 0, 22, 201.06
1571004533, 613, 2429, 2917, 36, 1, 8.07%, 0, 0, 22, 258.09
1571004538, 613, 2917, 2918, 36, 1, 8.07%, 0, 0, 22, 1100.20
1571004543, 613, 2918, 2919, 36, 1, 8.07%, 0, 0, 22, 535.50
1571004548, 614, 1848, 2919, 35, 0, 8.07%, 0, 0, 22, 546.66
1571004553, 614, 2157, 2919, 35, 0, 8.07%, 0, 0, 22, 86.97
1571004558, 614, 2573, 2919, 35, 0, 8.07%, 0, 0, 22, 153.64
1571004563, 614, 2723, 2919, 35, 0, 8.07%, 0, 0, 22, 117.58
1571004573, 614, 2763, 2919, 35, 0, 8.07%, 0, 0, 22, 111.77
1571004579, 614, 2836, 2919, 34, 0, 8.07%, 0, 0, 22, 2275.84
1571004584, 614, 2855, 2919, 32, 0, 8.07%, 0, 0, 22, 167.04
1571004594, 614, 2875, 2921, 33, 0, 8.07%, 0, 0, 22, 164.98
1571004604, 614, 2899, 2923, 31, 0, 8.07%, 0, 0, 22, 307.67
1571004614, 614, 2900, 2923, 30, 0, 8.07%, 0, 0, 22, 117.28
1571004635, 614, 2903, 2923, 29, 0, 8.07%, 0, 0, 22, 225.90
1571004640, 614, 2916, 2923, 28, 0, 8.07%, 0, 0, 22, 153.98
1571004655, 615, 1732, 2923, 27, 0, 8.07%, 0, 0, 22, 515.74
1571004661, 615, 2311, 2923, 27, 0, 8.07%, 0, 0, 22, 203.49
1571004666, 615, 2460, 2923, 27, 0, 8.07%, 0, 0, 22, 136.51
1571004671, 615, 2924, 2928, 31, 3, 8.08%, 0, 0, 22, 789.24
1571004676, 615, 2930, 2932, 30, 1, 8.09%, 0, 0, 23, 793.83
1571004681, 616, 1911, 2932, 29, 0, 8.09%, 0, 0, 23, 591.38
1571004686, 616, 2220, 2933, 30, 0, 8.09%, 0, 0, 23, 84.37
1571004692, 616, 2460, 2934, 31, 0, 8.09%, 0, 0, 23, 97.07
1571004697, 616, 2933, 2934, 31, 1, 8.09%, 0, 0, 23, 102.42
1571004707, 617, 960, 2934, 30, 0, 8.09%, 0, 0, 23, 282.08
1571004712, 617, 1849, 2934, 30, 0, 8.09%, 0, 0, 23, 68.20
1571004717, 617, 2217, 2934, 30, 0, 8.09%, 0, 0, 23, 82.00
1571004722, 617, 2443, 2934, 30, 0, 8.09%, 0, 0, 23, 98.18
1571004727, 617, 2594, 2935, 31, 0, 8.09%, 0, 0, 23, 98.22
1571004732, 617, 2869, 2936, 32, 1, 8.09%, 0, 0, 23, 213.12
1571004737, 617, 2922, 2936, 31, 1, 8.09%, 0, 0, 23, 292.86
1571004742, 617, 2935, 2937, 31, 2, 8.09%, 0, 0, 23, 300.78
1571004747, 618, 1501, 2937, 29, 0, 8.09%, 0, 0, 23, 438.06
1571004753, 618, 2158, 2937, 29, 0, 8.09%, 0, 0, 23, 320.15
1571004758, 618, 2393, 2937, 29, 0, 8.09%, 0, 0, 23, 131.66
1571004763, 618, 2823, 2937, 29, 0, 8.09%, 0, 0, 23, 145.20
1571004768, 618, 2901, 2938, 30, 1, 8.09%, 0, 0, 23, 80.36
1571004789, 618, 2937, 2938, 29, 1, 8.09%, 0, 0, 23, 194.96
1571004794, 618, 2937, 2939, 30, 1, 8.09%, 0, 0, 23, 232.47
1571004799, 619, 1859, 2939, 29, 0, 8.09%, 0, 0, 23, 77.22
1571004809, 619, 2465, 2939, 29, 0, 8.09%, 0, 0, 23, 117.83
1571004814, 619, 2594, 2940, 30, 0, 8.09%, 0, 0, 23, 100.70
1571004819, 619, 2723, 2942, 32, 0, 8.09%, 0, 0, 23, 90.51
1571004825, 619, 2856, 2942, 32, 0, 8.09%, 0, 0, 23, 170.01
1571004830, 619, 2870, 2942, 31, 0, 8.09%, 0, 0, 23, 247.50
1571004835, 619, 2874, 2942, 30, 0, 8.09%, 0, 0, 23, 243.42
1571004840, 619, 2915, 2942, 29, 0, 8.09%, 0, 0, 23, 325.46
1571004845, 619, 2931, 2942, 28, 0, 8.09%, 0, 0, 23, 313.63
1571004850, 619, 2943, 2944, 28, 1, 8.11%, 0, 0, 24, 413.50
1571004855, 620, 1848, 2944, 27, 0, 8.11%, 0, 0, 24, 507.55
1571004860, 620, 2211, 2944, 27, 0, 8.11%, 0, 0, 24, 131.24
1571004865, 620, 2282, 2944, 27, 0, 8.11%, 0, 0, 24, 111.06
1571004870, 621, 840, 2946, 28, 0, 8.11%, 0, 0, 24, 1327.33
1571004876, 621, 1849, 2948, 30, 0, 8.11%, 0, 0, 24, 55.60
1571004881, 621, 2212, 2948, 30, 0, 8.11%, 0, 0, 24, 57.58
1571004886, 621, 2594, 2948, 30, 0, 8.11%, 0, 0, 24, 141.36
1571004891, 621, 2751, 2950, 32, 1, 8.11%, 0, 0, 24, 74.53
1571004896, 622, 1589, 2951, 32, 0, 8.11%, 0, 0, 24, 634.47
1571004901, 622, 1861, 2951, 32, 0, 8.11%, 0, 0, 24, 60.76
1571004911, 622, 2406, 2951, 32, 0, 8.11%, 0, 0, 24, 74.28
1571004917, 622, 2507, 2952, 33, 0, 8.11%, 0, 0, 24, 64.46
1571004922, 622, 2628, 2952, 33, 0, 8.11%, 0, 0, 24, 87.59
1571004927, 622, 2825, 2953, 34, 0, 8.11%, 0, 0, 24, 83.07
1571004942, 622, 2887, 2953, 33, 0, 8.11%, 0, 0, 24, 288.60
