# unix_time, cycles_done, cur_path, paths_total, pending_total, pending_favs, map_size, unique_crashes, unique_hangs, max_depth, execs_per_sec
1570642451, 0, 0, 1, 1, 1, 3.55%, 0, 0, 1, 727.27
1570642456, 0, 0, 88, 88, 1, 4.06%, 0, 0, 2, 878.65
1570642461, 0, 0, 186, 186, 1, 4.37%, 0, 0, 2, 781.41
1570642466, 0, 0, 248, 248, 1, 4.58%, 0, 0, 2, 781.71
1570642471, 0, 0, 267, 267, 1, 4.62%, 0, 0, 2, 761.00
1570642476, 0, 0, 270, 270, 1, 4.65%, 0, 0, 2, 742.55
1570642496, 0, 0, 271, 271, 1, 4.65%, 0, 0, 2, 705.26
1570642501, 0, 0, 280, 280, 1, 4.68%, 0, 0, 2, 701.28
1570642507, 0, 0, 321, 321, 1, 4.76%, 0, 0, 2, 701.45
1570642512, 0, 0, 347, 347, 1, 4.78%, 0, 0, 2, 693.56
1570642517, 0, 0, 348, 348, 1, 4.78%, 0, 0, 2, 699.97
1570642522, 0, 0, 355, 355, 1, 4.79%, 0, 0, 2, 702.58
1570642527, 0, 0, 521, 521, 1, 5.19%, 0, 0, 2, 752.99
1570642532, 0, 0, 635, 635, 1, 5.32%, 0, 0, 2, 645.90
1570642537, 0, 0, 707, 707, 1, 5.33%, 0, 0, 2, 615.35
1570642542, 0, 0, 788, 788, 1, 5.45%, 0, 0, 2, 743.47
1570642547, 0, 0, 800, 800, 1, 5.54%, 0, 0, 2, 702.20
1570642552, 0, 0, 810, 810, 1, 5.56%, 0, 0, 2, 716.55
1570642557, 0, 0, 821, 821, 1, 5.61%, 0, 0, 2, 680.78
1570642563, 0, 0, 826, 826, 1, 5.63%, 0, 0, 2, 653.00
1570642568, 0, 0, 827, 827, 1, 5.64%, 0, 0, 2, 640.65
1570642598, 0, 0, 828, 828, 1, 5.64%, 0, 0, 2, 641.16
1570642603, 0, 0, 830, 830, 1, 5.64%, 0, 0, 2, 643.89
1570642608, 0, 0, 831, 831, 1, 5.64%, 0, 0, 2, 632.04
1570642619, 0, 0, 836, 836, 1, 5.64%, 0, 0, 2, 617.48
1570642624, 0, 0, 877, 877, 1, 5.69%, 0, 0, 2, 684.52
1570642629, 0, 0, 894, 894, 1, 5.69%, 0, 0, 2, 626.71
1570642634, 0, 0, 919, 919, 1, 5.71%, 0, 0, 2, 716.31
1570642639, 0, 0, 921, 921, 1, 5.71%, 0, 0, 2, 656.96
1570642644, 0, 0, 922, 922, 1, 5.74%, 0, 0, 2, 680.16
1570642649, 0, 0, 923, 923, 1, 5.74%, 0, 0, 2, 657.71
1570642655, 0, 0, 928, 928, 1, 5.77%, 0, 0, 2, 647.44
1570642685, 0, 0, 930, 930, 1, 5.77%, 0, 0, 2, 644.30
1570642701, 0, 0, 931, 931, 1, 5.77%, 0, 0, 2, 642.43
1570642711, 0, 0, 938, 938, 1, 5.77%, 0, 0, 2, 652.48
1570642716, 0, 0, 949, 949, 1, 5.83%, 0, 0, 2, 681.83
1570642721, 0, 0, 957, 957, 1, 5.83%, 0, 0, 2, 585.65
1570642726, 0, 0, 969, 969, 1, 5.83%, 0, 0, 2, 670.93
1570642736, 0, 0, 973, 973, 1, 5.83%, 0, 0, 2, 634.28
1570642742, 0, 0, 978, 978, 1, 5.85%, 0, 0, 2, 657.47
1570642747, 0, 0, 987, 987, 1, 5.86%, 0, 0, 2, 652.57
1570642752, 0, 0, 1007, 1007, 1, 6.16%, 0, 0, 2, 793.63
1570642757, 0, 0, 1016, 1016, 1, 6.16%, 0, 0, 2, 701.66
1570642762, 0, 0, 1019, 1019, 1, 6.18%, 0, 0, 2, 652.08
1570642772, 0, 0, 1022, 1022, 1, 6.19%, 0, 0, 2, 643.34
1570642788, 0, 0, 1023, 1023, 1, 6.20%, 0, 0, 2, 643.70
1570642803, 0, 0, 1026, 1026, 1, 6.20%, 0, 0, 2, 674.79
1570642808, 0, 0, 1029, 1029, 1, 6.21%, 0, 0, 2, 650.01
1570642813, 0, 0, 1034, 1034, 1, 6.23%, 0, 0, 2, 673.80
1570642818, 0, 0, 1037, 1037, 1, 6.24%, 0, 0, 2, 648.93
1570642823, 0, 0, 1039, 1039, 1, 6.25%, 0, 0, 2, 642.16
1570642834, 0, 0, 1041, 1041, 1, 6.26%, 0, 0, 2, 632.14
1570642849, 0, 0, 1042, 1042, 1, 6.30%, 0, 0, 2, 638.52
1570642859, 0, 0, 1044, 1044, 1, 6.30%, 0, 0, 2, 640.99
1570642864, 0, 0, 1045, 1045, 1, 6.31%, 0, 0, 2, 638.44
1570642869, 0, 0, 1048, 1048, 1, 6.33%, 0, 0, 2, 638.83
1570642880, 0, 0, 1050, 1050, 1, 6.33%, 0, 0, 2, 638.87
1570642905, 0, 0, 1051, 1051, 1, 6.33%, 0, 0, 2, 642.37
1570642957, 0, 0, 1053, 1053, 1, 6.34%, 0, 0, 2, 643.38
1570642962, 0, 0, 1054, 1054, 1, 6.34%, 0, 0, 2, 642.60
1570642967, 0, 0, 1055, 1055, 1, 6.34%, 0, 0, 2, 643.31
1570642977, 0, 0, 1057, 1057, 1, 6.34%, 0, 0, 2, 642.72
1570642998, 0, 0, 1058, 1058, 1, 6.34%, 0, 0, 2, 641.62
1570643034, 0, 0, 1064, 1064, 1, 6.36%, 0, 0, 2, 105.62
1570643039, 0, 0, 1072, 1072, 1, 6.37%, 0, 0, 2, 997.20
1570643044, 0, 0, 1082, 1082, 1, 6.45%, 0, 0, 2, 1133.30
1570643049, 0, 0, 1095, 1095, 1, 6.45%, 0, 0, 2, 129.39
1570643054, 0, 0, 1100, 1100, 1, 6.46%, 0, 0, 2, 968.45
1570643059, 0, 0, 1106, 1106, 1, 6.47%, 0, 0, 2, 1699.35
1570643065, 0, 0, 1111, 1111, 1, 6.47%, 0, 0, 2, 146.34
1570643075, 0, 0, 1120, 1120, 1, 6.47%, 0, 0, 2, 69.38
1570643080, 0, 0, 1121, 1121, 1, 6.48%, 0, 0, 2, 1116.65
1570643085, 0, 0, 1124, 1124, 1, 6.48%, 0, 0, 2, 1381.02
1570643095, 0, 0, 1129, 1129, 1, 6.48%, 0, 0, 2, 938.28
1570643100, 0, 0, 1131, 1131, 1, 6.48%, 0, 0, 2, 69.05
1570643106, 0, 0, 1133, 1133, 1, 6.48%, 0, 0, 2, 1207.05
1570643111, 0, 0, 1134, 1134, 1, 6.48%, 0, 0, 2, 72.10
1570643116, 0, 0, 1168, 1168, 1, 6.50%, 0, 0, 2, 1008.43
1570643121, 0, 0, 1175, 1175, 1, 6.50%, 0, 0, 2, 911.70
1570643126, 0, 0, 1177, 1177, 1, 6.50%, 0, 0, 2, 752.11
1570643141, 0, 0, 1179, 1179, 1, 6.51%, 0, 0, 2, 638.13
1570643162, 0, 0, 1181, 1181, 1, 6.51%, 0, 0, 2, 657.81
1570643193, 0, 0, 1182, 1182, 1, 6.51%, 0, 0, 2, 641.04
1570643203, 0, 0, 1183, 1183, 1, 6.52%, 0, 0, 2, 642.75
1570643244, 0, 0, 1184, 1184, 1, 6.52%, 0, 0, 2, 641.80
1570643249, 0, 0, 1185, 1185, 1, 6.52%, 0, 0, 2, 642.16
1570643254, 0, 0, 1186, 1186, 1, 6.52%, 0, 0, 2, 643.44
1570643259, 0, 0, 1189, 1189, 1, 6.52%, 0, 0, 2, 644.51
1570643264, 0, 0, 1190, 1190, 1, 6.52%, 0, 0, 2, 643.00
1570643285, 0, 0, 1191, 1191, 1, 6.52%, 0, 0, 2, 642.14
1570643290, 0, 0, 1193, 1193, 1, 6.52%, 0, 0, 2, 638.35
1570643295, 0, 0, 1194, 1194, 1, 6.52%, 0, 0, 2, 636.25
1570643305, 0, 0, 1195, 1195, 1, 6.52%, 0, 0, 2, 642.87
1570643336, 0, 0, 1196, 1196, 1, 6.52%, 0, 0, 2, 645.39
1570643346, 0, 0, 1199, 1199, 1, 6.52%, 0, 0, 2, 116.78
1570643367, 0, 0, 1200, 1200, 1, 6.52%, 0, 0, 2, 207.69
1570643393, 0, 0, 1202, 1202, 1, 6.52%, 0, 0, 2, 59.34
1570643409, 0, 0, 1203, 1203, 1, 6.52%, 0, 0, 2, 49.50
1570643445, 0, 0, 1204, 1204, 1, 6.52%, 0, 0, 2, 853.81
1570643485, 0, 0, 1205, 1205, 1, 6.52%, 0, 0, 2, 644.43
1570643557, 0, 0, 1206, 1206, 1, 6.52%, 0, 0, 2, 635.31
1570643588, 0, 0, 1207, 1207, 1, 6.52%, 0, 0, 2, 649.75
1570643633, 0, 0, 1208, 1208, 1, 6.53%, 0, 0, 2, 49.59
1570643654, 0, 0, 1209, 1209, 1, 6.53%, 0, 0, 2, 713.96
1570643669, 0, 0, 1215, 1215, 1, 6.54%, 0, 0, 2, 611.78
1570643674, 0, 0, 1220, 1220, 1, 6.55%, 0, 0, 2, 670.87
1570643735, 0, 0, 1221, 1221, 1, 6.55%, 0, 0, 2, 645.93
1570643756, 0, 0, 1225, 1225, 1, 6.55%, 0, 0, 2, 681.99
1570643761, 0, 0, 1232, 1232, 1, 6.55%, 0, 0, 2, 957.90
1570643766, 0, 0, 1235, 1235, 1, 6.55%, 0, 0, 2, 680.11
1570643771, 0, 0, 1245, 1245, 1, 6.59%, 0, 0, 2, 864.49
1570643930, 0, 0, 1247, 1247, 1, 6.60%, 0, 0, 2, 783.17
1570643936, 0, 0, 1250, 1250, 1, 6.60%, 0, 0, 2, 706.15
1570643941, 0, 0, 1258, 1258, 1, 6.61%, 0, 0, 2, 787.96
1570643966, 0, 0, 1261, 1261, 1, 6.61%, 0, 0, 2, 855.98
1570643976, 0, 0, 1262, 1262, 1, 6.61%, 0, 0, 2, 652.31
1570643982, 0, 0, 1264, 1264, 1, 6.62%, 0, 0, 2, 748.62
1570644074, 0, 0, 1265, 1265, 1, 6.62%, 0, 0, 2, 689.60
1570644079, 0, 0, 1266, 1266, 1, 6.62%, 0, 0, 2, 849.04
1570644084, 0, 0, 1269, 1269, 1, 6.62%, 0, 0, 2, 684.07
1570644089, 0, 0, 1270, 1270, 1, 6.62%, 0, 0, 2, 598.62
1570644105, 0, 0, 1306, 1306, 1, 6.65%, 0, 0, 2, 1372.89
1570644110, 0, 0, 1337, 1337, 1, 6.67%, 0, 0, 2, 1729.39
1570644115, 0, 0, 1354, 1354, 1, 6.67%, 0, 0, 2, 1801.84
1570644120, 0, 0, 1363, 1363, 1, 6.67%, 0, 0, 2, 1834.80
1570644125, 0, 1, 1376, 1375, 344, 6.70%, 0, 0, 3, 2559.52
1570644130, 0, 1, 1378, 1377, 344, 6.71%, 0, 0, 3, 2775.22
1570644135, 0, 3, 1379, 1376, 349, 6.71%, 0, 0, 3, 2811.39
1570644140, 0, 6, 1379, 1374, 347, 6.71%, 0, 0, 3, 2841.07
1570644145, 0, 7, 1381, 1375, 346, 6.71%, 0, 0, 3, 2808.30
1570644150, 0, 8, 1382, 1375, 346, 6.71%, 0, 0, 3, 1435.82
1570644319, 0, 8, 1383, 1376, 346, 6.71%, 0, 0, 3, 666.44
1570644724, 0, 8, 1384, 1377, 346, 6.71%, 0, 0, 3, 68.13
1570645790, 0, 8, 1391, 1384, 346, 6.71%, 0, 0, 3, 1511.11
1570645795, 0, 8, 1408, 1401, 346, 6.76%, 0, 0, 3, 1820.41
1570645800, 0, 8, 1423, 1416, 346, 6.77%, 0, 0, 3, 1851.17
1570645805, 0, 9, 1436, 1428, 345, 6.78%, 0, 0, 3, 1828.58
1570645826, 0, 9, 1437, 1429, 345, 6.78%, 0, 0, 3, 653.60
1570645856, 0, 9, 1438, 1430, 345, 6.78%, 0, 0, 3, 646.70
1570645861, 0, 9, 1439, 1431, 345, 6.78%, 0, 0, 3, 639.50
1570645872, 0, 9, 1440, 1432, 345, 6.78%, 0, 0, 3, 646.77
1570645882, 0, 9, 1441, 1433, 345, 6.78%, 0, 0, 3, 663.00
1570645887, 0, 9, 1451, 1443, 345, 6.83%, 0, 0, 3, 657.67
1570645892, 0, 9, 1453, 1445, 345, 6.83%, 0, 0, 3, 601.37
1570645897, 0, 9, 1459, 1451, 345, 6.83%, 0, 0, 3, 679.12
1570645984, 0, 9, 1460, 1452, 345, 6.83%, 0, 0, 3, 704.11
1570646061, 0, 9, 1461, 1453, 345, 6.83%, 0, 0, 3, 682.93
1570646066, 0, 9, 1462, 1454, 345, 6.83%, 0, 0, 3, 673.92
1570646076, 0, 9, 1465, 1457, 345, 6.83%, 0, 0, 3, 669.68
1570646356, 0, 9, 1466, 1458, 345, 6.83%, 0, 0, 3, 647.88
1570646382, 0, 9, 1467, 1459, 345, 6.83%, 0, 0, 3, 950.24
1570646387, 0, 9, 1468, 1460, 345, 6.83%, 0, 0, 3, 1161.45
1570646392, 0, 9, 1469, 1461, 345, 6.83%, 0, 0, 3, 152.58
1570646418, 0, 9, 1470, 1462, 345, 6.83%, 0, 0, 3, 1500.00
1570646428, 0, 9, 1472, 1464, 345, 6.83%, 0, 0, 3, 1277.83
1570646459, 0, 9, 1477, 1469, 345, 6.83%, 0, 0, 3, 827.06
1570647108, 0, 9, 1478, 1470, 345, 6.83%, 0, 0, 3, 768.36
1570647271, 0, 9, 1479, 1471, 345, 6.83%, 0, 0, 3, 317.63
1570647414, 0, 9, 1480, 1472, 345, 6.83%, 0, 0, 3, 806.39
1570647424, 0, 9, 1481, 1473, 345, 6.83%, 0, 0, 3, 684.22
1570647445, 0, 9, 1484, 1476, 345, 6.84%, 0, 0, 3, 1090.83
1570647450, 0, 9, 1490, 1482, 345, 6.84%, 0, 0, 3, 1619.27
1570647455, 0, 9, 1504, 1496, 345, 6.85%, 0, 0, 3, 1795.50
1570647460, 0, 9, 1512, 1504, 345, 6.85%, 0, 0, 3, 1801.76
1570647465, 0, 11, 1519, 1510, 343, 6.86%, 0, 0, 3, 2130.08
1570647481, 0, 11, 1521, 1512, 343, 6.86%, 0, 0, 3, 2203.99
1570647486, 0, 11, 1536, 1527, 343, 6.86%, 0, 0, 3, 2237.66
1570647491, 0, 11, 1548, 1539, 343, 6.86%, 0, 0, 3, 2255.66
1570647542, 0, 11, 1549, 1540, 343, 6.86%, 0, 0, 3, 2275.41
1570647547, 0, 11, 1550, 1541, 343, 6.86%, 0, 0, 3, 2252.32
1570647552, 0, 11, 1552, 1543, 343, 6.86%, 0, 0, 3, 2248.73
1570647762, 0, 11, 1553, 1544, 343, 6.86%, 0, 0, 3, 2280.12
1570647798, 0, 11, 1554, 1545, 343, 6.86%, 0, 0, 3, 2273.92
1570647808, 0, 11, 1556, 1547, 343, 6.87%, 0, 0, 3, 2325.13
1570647813, 0, 13, 1560, 1550, 344, 6.88%, 0, 0, 3, 2115.05
1570647890, 0, 13, 1563, 1553, 344, 6.88%, 0, 0, 3, 670.66
1570647895, 0, 13, 1564, 1554, 344, 6.88%, 0, 0, 3, 657.03
1570647900, 0, 13, 1565, 1555, 344, 6.88%, 0, 0, 3, 614.54
1570648110, 0, 13, 1569, 1559, 344, 6.89%, 0, 0, 3, 879.60
1570649129, 0, 13, 1570, 1560, 344, 6.90%, 0, 0, 3, 691.16
1570649308, 0, 13, 1571, 1561, 344, 6.90%, 0, 0, 3, 703.93
1570649487, 0, 13, 1574, 1564, 344, 6.90%, 0, 0, 3, 747.26
1570649492, 0, 13, 1575, 1565, 344, 6.90%, 0, 0, 3, 665.30
1570649518, 0, 17, 1575, 1564, 348, 6.90%, 0, 0, 3, 1327.32
1570649523, 0, 17, 1580, 1569, 348, 6.94%, 0, 0, 3, 794.69
1570649574, 0, 17, 1582, 1571, 348, 6.94%, 0, 0, 3, 642.99
1570649595, 0, 17, 1584, 1573, 348, 6.94%, 0, 0, 3, 655.47
1570649600, 0, 17, 1586, 1575, 348, 6.94%, 0, 0, 3, 676.81
1570649605, 0, 17, 1587, 1576, 348, 6.94%, 0, 0, 3, 618.54
1570649610, 0, 17, 1589, 1578, 348, 6.94%, 0, 0, 3, 685.63
1570649702, 0, 17, 1590, 1579, 348, 6.95%, 0, 0, 3, 667.84
1570649815, 0, 17, 1591, 1580, 348, 6.95%, 0, 0, 3, 816.24
1570649820, 0, 17, 1593, 1582, 348, 6.95%, 0, 0, 3, 703.03
1570650772, 0, 17, 1597, 1586, 348, 6.96%, 0, 0, 3, 643.66
1570650778, 0, 17, 1599, 1588, 348, 6.97%, 0, 0, 3, 643.92
1570651166, 0, 17, 1600, 1589, 348, 6.97%, 0, 0, 3, 761.88
1570651213, 0, 17, 1609, 1598, 348, 6.98%, 0, 0, 3, 1520.02
1570651218, 0, 17, 1618, 1607, 348, 6.98%, 0, 0, 3, 1782.00
1570651223, 0, 17, 1631, 1620, 348, 6.99%, 0, 0, 3, 1806.13
1570651228, 0, 22, 1639, 1627, 363, 6.99%, 0, 0, 3, 2104.08
1570651233, 0, 23, 1640, 1627, 364, 6.99%, 0, 0, 3, 2767.05
1570651243, 0, 23, 1643, 1630, 364, 6.99%, 0, 0, 3, 2593.41
1570651254, 0, 23, 1644, 1631, 364, 7.01%, 0, 0, 3, 2587.35
1570651269, 0, 23, 1647, 1634, 364, 7.02%, 0, 0, 3, 2611.31
1570651345, 0, 23, 1648, 1635, 364, 7.02%, 0, 0, 3, 2614.72
1570651360, 0, 30, 1648, 1634, 368, 7.02%, 0, 0, 3, 2646.48
1570651427, 0, 30, 1649, 1635, 368, 7.02%, 0, 0, 3, 2619.04
1570651453, 0, 35, 1650, 1635, 367, 7.02%, 0, 0, 3, 2107.67
1570651530, 0, 35, 1654, 1639, 367, 7.02%, 0, 0, 3, 699.20
1570651540, 0, 35, 1655, 1640, 367, 7.03%, 0, 0, 3, 609.01
1570651749, 0, 35, 1656, 1641, 367, 7.03%, 0, 0, 3, 835.78
1570653162, 0, 35, 1657, 1642, 367, 7.03%, 0, 0, 3, 773.15
1570653167, 0, 53, 1657, 1641, 367, 7.03%, 0, 0, 3, 1066.18
1570653243, 0, 53, 1659, 1643, 367, 7.03%, 0, 0, 3, 703.61
1570654878, 0, 53, 1660, 1644, 367, 7.03%, 0, 0, 3, 817.27
1570654884, 0, 69, 1660, 1643, 367, 7.03%, 0, 0, 3, 945.99
1570654960, 0, 69, 1661, 1644, 367, 7.03%, 0, 0, 3, 719.23
1570655185, 0, 69, 1662, 1645, 367, 7.03%, 0, 0, 3, 674.08
1570655498, 0, 69, 1663, 1646, 367, 7.03%, 0, 0, 3, 1189.93
1570656394, 0, 69, 1664, 1647, 367, 7.03%, 0, 0, 3, 672.92
1570656599, 0, 96, 1665, 1647, 368, 7.03%, 0, 0, 3, 1031.99
1570656609, 0, 96, 1666, 1648, 368, 7.03%, 0, 0, 3, 680.46
1570656675, 0, 96, 1667, 1649, 368, 7.03%, 0, 0, 3, 710.59
1570657204, 0, 96, 1669, 1651, 368, 7.03%, 0, 0, 3, 1198.57
1570657214, 0, 96, 1670, 1652, 368, 7.03%, 0, 0, 3, 209.06
1570658310, 0, 101, 1671, 1652, 368, 7.03%, 0, 0, 3, 1253.96
1570658320, 0, 101, 1672, 1653, 368, 7.03%, 0, 0, 3, 684.73
1570658387, 0, 101, 1673, 1654, 368, 7.03%, 0, 0, 3, 662.95
1570658392, 0, 101, 1674, 1655, 368, 7.03%, 0, 0, 3, 658.88
1570658422, 0, 101, 1675, 1656, 368, 7.03%, 0, 0, 3, 640.11
1570658915, 0, 101, 1676, 1657, 368, 7.03%, 0, 0, 3, 68.57
1570660027, 0, 102, 1677, 1657, 368, 7.03%, 0, 0, 3, 1027.51
1570660033, 0, 102, 1678, 1658, 368, 7.03%, 0, 0, 3, 723.18
1570660104, 0, 102, 1679, 1659, 368, 7.03%, 0, 0, 3, 724.43
1570660109, 0, 102, 1680, 1660, 368, 7.03%, 0, 0, 3, 641.20
1570660662, 0, 102, 1681, 1661, 368, 7.03%, 0, 0, 3, 99.56
1570661743, 0, 103, 1681, 1660, 368, 7.03%, 0, 0, 3, 1126.18
1570661754, 0, 103, 1682, 1661, 368, 7.03%, 0, 0, 3, 694.25
1570661820, 0, 103, 1684, 1663, 368, 7.03%, 0, 0, 3, 692.58
1570661826, 0, 103, 1685, 1664, 368, 7.03%, 0, 0, 3, 641.28
1570661841, 0, 103, 1686, 1665, 368, 7.04%, 0, 0, 3, 648.26
1570662036, 0, 103, 1687, 1666, 368, 7.04%, 0, 0, 3, 651.43
1570663455, 0, 106, 1687, 1665, 369, 7.04%, 0, 0, 3, 1170.63
1570663537, 0, 106, 1688, 1666, 369, 7.04%, 0, 0, 3, 691.90
1570663654, 0, 106, 1689, 1667, 369, 7.04%, 0, 0, 3, 644.25
1570663720, 0, 106, 1690, 1668, 369, 7.04%, 0, 0, 3, 615.08
1570663905, 0, 106, 1691, 1669, 369, 7.04%, 0, 0, 3, 642.66
1570665169, 0, 106, 1696, 1674, 369, 7.05%, 0, 0, 3, 1563.16
1570665174, 0, 106, 1702, 1680, 369, 7.06%, 0, 0, 3, 1821.79
1570665179, 0, 106, 1708, 1686, 369, 7.06%, 0, 0, 3, 1874.65
1570665185, 0, 107, 1712, 1689, 366, 7.09%, 0, 0, 3, 1733.90
1570665297, 0, 107, 1713, 1690, 366, 7.09%, 0, 0, 3, 636.21
1570665373, 0, 107, 1714, 1691, 366, 7.09%, 0, 0, 3, 647.81
1570666900, 0, 112, 1714, 1690, 365, 7.09%, 0, 0, 3, 904.48
1570666976, 0, 112, 1716, 1692, 365, 7.09%, 0, 0, 3, 719.79
1570666981, 0, 112, 1717, 1693, 365, 7.09%, 0, 0, 3, 633.41
1570667069, 0, 112, 1718, 1694, 365, 7.09%, 0, 0, 3, 667.94
1570667304, 0, 112, 1719, 1695, 365, 7.09%, 0, 0, 3, 634.40
1570668610, 0, 113, 1719, 1694, 365, 7.09%, 0, 0, 3, 989.98
1570668810, 0, 113, 1720, 1695, 365, 7.09%, 0, 0, 3, 645.08
1570670321, 0, 115, 1720, 1694, 364, 7.09%, 0, 0, 3, 1290.34
1570670332, 0, 115, 1721, 1695, 364, 7.09%, 0, 0, 3, 700.48
1570670916, 0, 115, 1722, 1696, 364, 7.09%, 0, 0, 3, 990.26
1570672037, 0, 116, 1723, 1696, 363, 7.09%, 0, 0, 3, 1053.60
1570672113, 0, 116, 1724, 1697, 363, 7.09%, 0, 0, 3, 707.12
1570672216, 0, 116, 1725, 1698, 363, 7.09%, 0, 0, 3, 721.49
1570673753, 0, 118, 1725, 1697, 363, 7.09%, 0, 0, 3, 1267.70
1570673835, 0, 118, 1726, 1698, 363, 7.09%, 0, 0, 3, 675.05
1570674045, 0, 118, 1727, 1699, 363, 7.09%, 0, 0, 3, 655.71
1570675464, 0, 121, 1727, 1698, 363, 7.09%, 0, 0, 3, 1327.09
1570675551, 0, 121, 1728, 1699, 363, 7.09%, 0, 0, 3, 610.75
1570677185, 0, 122, 1728, 1698, 362, 7.09%, 0, 0, 3, 911.30
1570677287, 0, 122, 1729, 1699, 362, 7.09%, 0, 0, 3, 649.86
1570677497, 0, 122, 1730, 1700, 362, 7.09%, 0, 0, 3, 636.22
1570678900, 0, 123, 1730, 1699, 362, 7.09%, 0, 0, 3, 977.19
1570678905, 0, 123, 1731, 1700, 362, 7.09%, 0, 0, 3, 711.34
1570679304, 0, 123, 1732, 1701, 362, 7.09%, 0, 0, 3, 640.96
1570679602, 0, 123, 1733, 1702, 362, 7.09%, 0, 0, 3, 680.60
1570680621, 0, 123, 1739, 1708, 362, 7.10%, 0, 0, 3, 1639.67
1570680626, 0, 123, 1747, 1716, 362, 7.10%, 0, 0, 3, 1794.18
1570680631, 0, 123, 1751, 1720, 362, 7.10%, 0, 0, 3, 1878.87
1570680636, 0, 129, 1754, 1722, 363, 7.10%, 0, 0, 3, 1508.61
1570680718, 0, 129, 1756, 1724, 363, 7.10%, 0, 0, 3, 654.20
1570680896, 0, 129, 1757, 1725, 363, 7.10%, 0, 0, 3, 685.65
1570682351, 0, 129, 1758, 1726, 363, 7.10%, 0, 0, 3, 998.01
1570682356, 0, 145, 1758, 1725, 363, 7.10%, 0, 0, 3, 903.88
1570684078, 0, 148, 1758, 1724, 362, 7.10%, 0, 0, 3, 877.73
1570684083, 0, 148, 1759, 1725, 362, 7.10%, 0, 0, 3, 691.51
1570684154, 0, 148, 1760, 1726, 362, 7.10%, 0, 0, 3, 714.89
1570684339, 0, 148, 1761, 1727, 362, 7.10%, 0, 0, 3, 642.38
1570685794, 0, 152, 1761, 1726, 362, 7.10%, 0, 0, 3, 1163.16
1570685871, 0, 152, 1762, 1727, 362, 7.10%, 0, 0, 3, 663.66
1570687515, 0, 152, 1768, 1733, 362, 7.11%, 0, 0, 3, 1622.12
1570687520, 0, 152, 1773, 1738, 362, 7.11%, 0, 0, 3, 1842.62
1570687525, 0, 152, 1775, 1740, 362, 7.11%, 0, 0, 3, 1876.71
1570687531, 0, 161, 1777, 1741, 361, 7.11%, 0, 0, 3, 1541.32
1570687607, 0, 161, 1778, 1742, 361, 7.11%, 0, 0, 3, 706.21
1570687613, 0, 161, 1780, 1744, 361, 7.11%, 0, 0, 3, 632.26
1570687859, 0, 161, 1781, 1745, 361, 7.12%, 0, 0, 3, 640.22
1570689251, 0, 162, 1781, 1744, 362, 7.12%, 0, 0, 3, 1168.23
1570689261, 0, 162, 1782, 1745, 362, 7.12%, 0, 0, 3, 687.53
1570690977, 0, 163, 1783, 1745, 361, 7.12%, 0, 0, 3, 945.45
1570691053, 0, 163, 1784, 1746, 361, 7.12%, 0, 0, 3, 697.99
1570692692, 0, 164, 1784, 1745, 360, 7.12%, 0, 0, 3, 1070.97
1570692774, 0, 164, 1786, 1747, 360, 7.12%, 0, 0, 3, 696.44
1570694412, 0, 165, 1786, 1746, 360, 7.12%, 0, 0, 3, 905.05
1570694417, 0, 165, 1787, 1747, 360, 7.12%, 0, 0, 3, 699.22
1570695722, 0, 165, 1788, 1748, 360, 7.12%, 0, 0, 3, 807.01
1570696132, 0, 169, 1788, 1747, 359, 7.12%, 0, 0, 3, 922.27
1570696208, 0, 169, 1789, 1748, 359, 7.12%, 0, 0, 3, 729.79
1570696214, 0, 169, 1790, 1749, 359, 7.12%, 0, 0, 3, 612.77
1570697847, 0, 173, 1790, 1748, 359, 7.12%, 0, 0, 3, 987.13
1570697857, 0, 173, 1791, 1749, 359, 7.12%, 0, 0, 3, 685.06
1570697862, 0, 173, 1792, 1750, 359, 7.12%, 0, 0, 3, 647.68
1570698036, 0, 173, 1793, 1751, 359, 7.12%, 0, 0, 3, 684.77
1570699054, 0, 173, 1794, 1752, 359, 7.12%, 0, 0, 3, 704.91
1570699371, 0, 173, 1795, 1753, 359, 7.12%, 0, 0, 3, 641.75
1570699565, 0, 176, 1795, 1752, 358, 7.12%, 0, 0, 3, 864.73
1570699642, 0, 176, 1797, 1754, 358, 7.12%, 0, 0, 3, 724.27
1570700251, 0, 176, 1798, 1755, 358, 7.12%, 0, 0, 3, 642.35
1570700767, 0, 176, 1799, 1756, 358, 7.12%, 0, 0, 3, 616.07
1570701084, 0, 176, 1802, 1759, 358, 7.12%, 0, 0, 3, 642.11
1570701279, 0, 178, 1802, 1758, 359, 7.12%, 0, 0, 3, 873.24
1570701284, 0, 178, 1803, 1759, 359, 7.12%, 0, 0, 3, 679.16
1570702997, 0, 181, 1803, 1758, 358, 7.12%, 0, 0, 3, 1154.13
1570703079, 0, 181, 1804, 1759, 358, 7.12%, 0, 0, 3, 648.42
1570704718, 0, 184, 1804, 1758, 358, 7.12%, 0, 0, 3, 832.95
1570704723, 0, 184, 1805, 1759, 358, 7.12%, 0, 0, 3, 699.99
1570704795, 0, 184, 1806, 1760, 358, 7.12%, 0, 0, 3, 699.57
1570704907, 0, 184, 1807, 1761, 358, 7.12%, 0, 0, 3, 668.46
1570705056, 0, 184, 1808, 1762, 358, 7.12%, 0, 0, 3, 849.39
1570705604, 0, 184, 1809, 1763, 358, 7.12%, 0, 0, 3, 1202.86
1570706433, 0, 188, 1809, 1762, 357, 7.12%, 0, 0, 3, 884.91
1570706514, 0, 188, 1811, 1764, 357, 7.12%, 0, 0, 3, 622.64
1570707128, 0, 188, 1812, 1765, 357, 7.13%, 0, 0, 3, 684.83
1570708157, 0, 189, 1813, 1765, 357, 7.13%, 0, 0, 3, 1063.74
1570709875, 0, 194, 1815, 1766, 357, 7.13%, 0, 0, 3, 1876.95
1570709900, 0, 194, 1816, 1767, 357, 7.13%, 0, 0, 3, 2267.19
1570709961, 0, 194, 1817, 1768, 357, 7.13%, 0, 0, 3, 2272.24
1570710018, 0, 194, 1818, 1769, 357, 7.13%, 0, 0, 3, 2331.30
1570710212, 0, 195, 1818, 1768, 357, 7.13%, 0, 0, 3, 2339.71
1570710233, 0, 195, 1819, 1769, 357, 7.14%, 0, 0, 3, 2229.98
1570710550, 0, 196, 1819, 1768, 356, 7.14%, 0, 0, 3, 1546.37
1570710632, 0, 196, 1820, 1769, 356, 7.14%, 0, 0, 3, 637.25
1570712270, 0, 197, 1822, 1770, 356, 7.14%, 0, 0, 3, 1474.28
1570712275, 0, 197, 1823, 1771, 356, 7.14%, 0, 0, 3, 2107.71
1570712608, 0, 200, 1823, 1770, 356, 7.14%, 0, 0, 3, 2427.20
1570714334, 0, 202, 1824, 1770, 356, 7.14%, 0, 0, 3, 1376.92
1570714345, 0, 202, 1825, 1771, 356, 7.14%, 0, 0, 3, 702.36
1570714396, 0, 202, 1826, 1772, 356, 7.14%, 0, 0, 3, 631.87
1570714417, 0, 202, 1831, 1777, 356, 7.14%, 0, 0, 3, 654.96
1570714596, 0, 202, 1832, 1778, 356, 7.14%, 0, 0, 3, 723.53
1570714940, 0, 202, 1833, 1779, 356, 7.14%, 0, 0, 3, 176.73
1570714996, 0, 202, 1834, 1780, 356, 7.14%, 0, 0, 3, 966.50
1570715549, 0, 202, 1835, 1781, 356, 7.14%, 0, 0, 3, 657.96
1570715641, 0, 202, 1836, 1782, 356, 7.14%, 0, 0, 3, 777.57
1570716041, 0, 202, 1837, 1783, 356, 7.14%, 0, 0, 3, 695.27
1570716072, 0, 204, 1837, 1782, 356, 7.14%, 0, 0, 3, 1305.12
1570717556, 0, 204, 1838, 1783, 356, 7.14%, 0, 0, 3, 719.87
1570717797, 0, 206, 1838, 1782, 355, 7.14%, 0, 0, 3, 1107.72
1570719522, 0, 209, 1838, 1781, 354, 7.14%, 0, 0, 3, 1154.19
1570719604, 0, 209, 1839, 1782, 354, 7.14%, 0, 0, 3, 648.12
1570720822, 0, 209, 1840, 1783, 354, 7.14%, 0, 0, 3, 709.43
1570721247, 0, 212, 1840, 1782, 353, 7.14%, 0, 0, 3, 1193.92
1570721262, 0, 212, 1841, 1783, 353, 7.14%, 0, 0, 3, 654.46
1570721329, 0, 212, 1845, 1787, 353, 7.14%, 0, 0, 3, 664.37
1570721600, 0, 212, 1846, 1788, 353, 7.14%, 0, 0, 3, 692.53
1570722971, 0, 214, 1846, 1787, 353, 7.14%, 0, 0, 3, 934.11
1570722976, 0, 214, 1847, 1788, 353, 7.14%, 0, 0, 3, 701.48
1570722981, 0, 214, 1849, 1790, 353, 7.15%, 0, 0, 3, 667.54
1570723048, 0, 214, 1850, 1791, 353, 7.15%, 0, 0, 3, 717.80
1570723053, 0, 214, 1852, 1793, 353, 7.15%, 0, 0, 3, 628.88
1570723074, 0, 214, 1855, 1796, 353, 7.16%, 0, 0, 3, 650.19
1570723320, 0, 214, 1858, 1799, 353, 7.17%, 0, 0, 3, 656.61
1570723575, 0, 214, 1859, 1800, 353, 7.17%, 0, 0, 3, 108.74
1570724507, 0, 214, 1860, 1801, 353, 7.17%, 0, 0, 3, 688.58
1570724697, 0, 217, 1860, 1800, 361, 7.17%, 0, 0, 3, 840.33
1570724712, 0, 217, 1861, 1801, 361, 7.17%, 0, 0, 3, 647.11
1570726418, 0, 219, 1862, 1801, 361, 7.17%, 0, 0, 3, 1424.43
1570726531, 0, 219, 1863, 1802, 361, 7.17%, 0, 0, 3, 641.47
1570727032, 0, 219, 1864, 1803, 361, 7.17%, 0, 0, 3, 791.32
1570727729, 0, 219, 1865, 1804, 361, 7.17%, 0, 0, 3, 816.36
1570728144, 0, 224, 1866, 1804, 360, 7.17%, 0, 0, 3, 1659.99
1570728169, 0, 224, 1867, 1805, 360, 7.17%, 0, 0, 3, 2171.52
1570728507, 0, 226, 1867, 1804, 359, 7.17%, 0, 0, 3, 2339.36
