# unix_time, cycles_done, cur_path, paths_total, pending_total, pending_favs, map_size, unique_crashes, unique_hangs, max_depth, execs_per_sec
1570729228, 0, 0, 1, 1, 1, 3.55%, 0, 0, 1, 727.27
1570729233, 0, 0, 91, 91, 1, 4.06%, 0, 0, 2, 881.32
1570729238, 0, 0, 194, 194, 1, 4.43%, 0, 0, 2, 799.68
1570729243, 0, 0, 247, 247, 1, 4.58%, 0, 0, 2, 787.35
1570729248, 0, 0, 267, 267, 1, 4.62%, 0, 0, 2, 767.39
1570729253, 0, 0, 270, 270, 1, 4.65%, 0, 0, 2, 760.77
1570729274, 0, 0, 274, 274, 1, 4.67%, 0, 0, 2, 765.00
1570729279, 0, 0, 284, 284, 1, 4.68%, 0, 0, 2, 763.20
1570729284, 0, 0, 340, 340, 1, 4.77%, 0, 0, 2, 764.69
1570729289, 0, 0, 348, 348, 1, 4.78%, 0, 0, 2, 759.15
1570729294, 0, 0, 352, 352, 1, 4.78%, 0, 0, 2, 765.29
1570729299, 0, 0, 500, 500, 1, 5.15%, 0, 0, 2, 827.24
1570729304, 0, 0, 620, 620, 1, 5.31%, 0, 0, 2, 687.11
1570729310, 0, 0, 710, 710, 1, 5.33%, 0, 0, 2, 647.89
1570729315, 0, 0, 794, 794, 1, 5.54%, 0, 0, 2, 785.79
1570729320, 0, 0, 800, 800, 1, 5.54%, 0, 0, 2, 752.45
1570729325, 0, 0, 815, 815, 1, 5.59%, 0, 0, 2, 762.12
1570729330, 0, 0, 819, 819, 1, 5.61%, 0, 0, 2, 722.77
1570729335, 0, 0, 825, 825, 1, 5.64%, 0, 0, 2, 724.19
1570729361, 0, 0, 826, 826, 1, 5.64%, 0, 0, 2, 694.20
1570729366, 0, 0, 827, 827, 1, 5.64%, 0, 0, 2, 693.46
1570729371, 0, 0, 828, 828, 1, 5.64%, 0, 0, 2, 675.97
1570729376, 0, 0, 829, 829, 1, 5.64%, 0, 0, 2, 664.95
1570729386, 0, 0, 840, 840, 1, 5.66%, 0, 0, 2, 650.05
1570729391, 0, 0, 878, 878, 1, 5.69%, 0, 0, 2, 649.65
1570729396, 0, 0, 898, 898, 1, 5.69%, 0, 0, 2, 602.92
1570729401, 0, 0, 917, 917, 1, 5.71%, 0, 0, 2, 694.98
1570729406, 0, 0, 919, 919, 1, 5.71%, 0, 0, 2, 654.56
1570729412, 0, 0, 920, 920, 1, 5.74%, 0, 0, 2, 679.17
1570729417, 0, 0, 922, 922, 1, 5.75%, 0, 0, 2, 648.53
1570729422, 0, 0, 926, 926, 1, 5.77%, 0, 0, 2, 642.65
1570729453, 0, 0, 928, 928, 1, 5.77%, 0, 0, 2, 632.28
1570729468, 0, 0, 929, 929, 1, 5.77%, 0, 0, 2, 629.68
1570729478, 0, 0, 936, 936, 1, 5.77%, 0, 0, 2, 656.39
1570729484, 0, 0, 948, 948, 1, 5.83%, 0, 0, 2, 650.68
1570729489, 0, 0, 957, 957, 1, 5.83%, 0, 0, 2, 570.26
1570729494, 0, 0, 967, 967, 1, 5.83%, 0, 0, 2, 657.49
1570729504, 0, 0, 974, 974, 1, 5.84%, 0, 0, 2, 630.14
1570729509, 0, 0, 978, 978, 1, 5.85%, 0, 0, 2, 640.79
1570729514, 0, 0, 986, 986, 1, 5.86%, 0, 0, 2, 645.80
1570729520, 0, 0, 1014, 1014, 1, 6.16%, 0, 0, 2, 855.31
1570729525, 0, 0, 1017, 1017, 1, 6.18%, 0, 0, 2, 683.20
1570729530, 0, 0, 1019, 1019, 1, 6.18%, 0, 0, 2, 641.62
1570729535, 0, 0, 1022, 1022, 1, 6.19%, 0, 0, 2, 637.49
1570729556, 0, 0, 1023, 1023, 1, 6.20%, 0, 0, 2, 636.92
1570729571, 0, 0, 1026, 1026, 1, 6.20%, 0, 0, 2, 665.25
1570729576, 0, 0, 1029, 1029, 1, 6.21%, 0, 0, 2, 643.41
1570729581, 0, 0, 1034, 1034, 1, 6.23%, 0, 0, 2, 666.49
1570729586, 0, 0, 1037, 1037, 1, 6.24%, 0, 0, 2, 646.57
1570729591, 0, 0, 1039, 1039, 1, 6.25%, 0, 0, 2, 639.13
1570729597, 0, 0, 1040, 1040, 1, 6.26%, 0, 0, 2, 637.80
1570729602, 0, 0, 1041, 1041, 1, 6.26%, 0, 0, 2, 637.47
1570729617, 0, 0, 1042, 1042, 1, 6.30%, 0, 0, 2, 638.05
1570729627, 0, 0, 1044, 1044, 1, 6.30%, 0, 0, 2, 640.16
1570729633, 0, 0, 1046, 1046, 1, 6.32%, 0, 0, 2, 638.11
1570729638, 0, 0, 1048, 1048, 1, 6.33%, 0, 0, 2, 629.52
1570729648, 0, 0, 1050, 1050, 1, 6.33%, 0, 0, 2, 634.49
1570729674, 0, 0, 1051, 1051, 1, 6.33%, 0, 0, 2, 630.02
1570729720, 0, 0, 1052, 1052, 1, 6.33%, 0, 0, 2, 635.99
1570729725, 0, 0, 1053, 1053, 1, 6.34%, 0, 0, 2, 635.26
1570729731, 0, 0, 1054, 1054, 1, 6.34%, 0, 0, 2, 637.80
1570729736, 0, 0, 1055, 1055, 1, 6.34%, 0, 0, 2, 636.44
1570729746, 0, 0, 1057, 1057, 1, 6.34%, 0, 0, 2, 636.62
1570729767, 0, 0, 1058, 1058, 1, 6.34%, 0, 0, 2, 632.96
1570729803, 0, 0, 1066, 1066, 1, 6.36%, 0, 0, 2, 1281.09
1570729808, 0, 0, 1073, 1073, 1, 6.37%, 0, 0, 2, 956.53
1570729813, 0, 0, 1085, 1085, 1, 6.45%, 0, 0, 2, 1209.08
1570729818, 0, 0, 1097, 1097, 1, 6.45%, 0, 0, 2, 144.14
1570729823, 0, 0, 1101, 1101, 1, 6.46%, 0, 0, 2, 200.00
1570729828, 0, 0, 1108, 1108, 1, 6.47%, 0, 0, 2, 1669.82
1570729833, 0, 0, 1113, 1113, 1, 6.47%, 0, 0, 2, 1041.62
1570729844, 0, 0, 1122, 1122, 1, 6.47%, 0, 0, 2, 133.71
1570729849, 0, 0, 1123, 1123, 1, 6.48%, 0, 0, 2, 1239.66
1570729854, 0, 0, 1126, 1126, 1, 6.48%, 0, 0, 2, 118.28
1570729864, 0, 0, 1131, 1131, 1, 6.48%, 0, 0, 2, 1336.13
1570729869, 0, 0, 1132, 1132, 1, 6.48%, 0, 0, 2, 695.62
1570729874, 0, 0, 1135, 1135, 1, 6.48%, 0, 0, 2, 1176.46
1570729885, 0, 0, 1169, 1169, 1, 6.50%, 0, 0, 2, 1018.43
1570729890, 0, 0, 1177, 1177, 1, 6.50%, 0, 0, 2, 866.01
1570729895, 0, 0, 1179, 1179, 1, 6.50%, 0, 0, 2, 770.82
1570729910, 0, 0, 1181, 1181, 1, 6.51%, 0, 0, 2, 634.84
1570729931, 0, 0, 1183, 1183, 1, 6.51%, 0, 0, 2, 663.33
1570729962, 0, 0, 1184, 1184, 1, 6.51%, 0, 0, 2, 636.19
1570729972, 0, 0, 1185, 1185, 1, 6.52%, 0, 0, 2, 638.08
1570730013, 0, 0, 1186, 1186, 1, 6.52%, 0, 0, 2, 636.43
1570730019, 0, 0, 1187, 1187, 1, 6.52%, 0, 0, 2, 634.11
1570730029, 0, 0, 1191, 1191, 1, 6.52%, 0, 0, 2, 630.12
1570730034, 0, 0, 1192, 1192, 1, 6.52%, 0, 0, 2, 633.64
1570730060, 0, 0, 1195, 1195, 1, 6.52%, 0, 0, 2, 631.82
1570730065, 0, 0, 1196, 1196, 1, 6.52%, 0, 0, 2, 632.06
1570730075, 0, 0, 1197, 1197, 1, 6.52%, 0, 0, 2, 630.79
1570730106, 0, 0, 1198, 1198, 1, 6.52%, 0, 0, 2, 632.53
1570730116, 0, 0, 1199, 1199, 1, 6.52%, 0, 0, 2, 691.54
1570730122, 0, 0, 1201, 1201, 1, 6.52%, 0, 0, 2, 1465.17
1570730142, 0, 0, 1202, 1202, 1, 6.52%, 0, 0, 2, 1352.98
1570730162, 0, 0, 1203, 1203, 1, 6.52%, 0, 0, 2, 90.13
1570730183, 0, 0, 1204, 1204, 1, 6.52%, 0, 0, 2, 924.68
1570730214, 0, 0, 1205, 1205, 1, 6.52%, 0, 0, 2, 957.17
1570730260, 0, 0, 1206, 1206, 1, 6.52%, 0, 0, 2, 630.46
1570730332, 0, 0, 1207, 1207, 1, 6.52%, 0, 0, 2, 639.57
1570730357, 0, 0, 1208, 1208, 1, 6.52%, 0, 0, 2, 642.97
1570730409, 0, 0, 1209, 1209, 1, 6.53%, 0, 0, 2, 1230.58
1570730429, 0, 0, 1210, 1210, 1, 6.53%, 0, 0, 2, 697.27
1570730444, 0, 0, 1216, 1216, 1, 6.54%, 0, 0, 2, 599.08
1570730449, 0, 0, 1221, 1221, 1, 6.55%, 0, 0, 2, 658.48
1570730511, 0, 0, 1222, 1222, 1, 6.55%, 0, 0, 2, 635.01
1570730532, 0, 0, 1227, 1227, 1, 6.55%, 0, 0, 2, 730.06
1570730537, 0, 0, 1232, 1232, 1, 6.55%, 0, 0, 2, 698.82
1570730542, 0, 0, 1237, 1237, 1, 6.56%, 0, 0, 2, 618.17
1570730547, 0, 0, 1246, 1246, 1, 6.59%, 0, 0, 2, 836.87
1570730706, 0, 0, 1249, 1249, 1, 6.60%, 0, 0, 2, 669.70
1570730711, 0, 0, 1252, 1252, 1, 6.60%, 0, 0, 2, 805.65
1570730716, 0, 0, 1259, 1259, 1, 6.61%, 0, 0, 2, 533.57
1570730742, 0, 0, 1262, 1262, 1, 6.61%, 0, 0, 2, 948.25
1570730757, 0, 0, 1265, 1265, 1, 6.62%, 0, 0, 2, 635.69
1570730849, 0, 0, 1266, 1266, 1, 6.62%, 0, 0, 2, 630.60
1570730854, 0, 0, 1267, 1267, 1, 6.62%, 0, 0, 2, 808.17
1570730860, 0, 0, 1268, 1268, 1, 6.62%, 0, 0, 2, 778.73
1570730865, 0, 0, 1271, 1271, 1, 6.62%, 0, 0, 2, 643.54
1570730880, 0, 0, 1278, 1278, 1, 6.63%, 0, 0, 2, 749.08
1570730885, 0, 0, 1322, 1322, 1, 6.70%, 0, 0, 2, 1556.23
1570730890, 0, 0, 1343, 1343, 1, 6.71%, 0, 0, 2, 1683.35
1570730896, 0, 0, 1362, 1362, 1, 6.74%, 0, 0, 2, 1803.96
1570730901, 0, 9, 1373, 1367, 315, 6.74%, 0, 0, 2, 2027.65
1570730906, 0, 31, 1376, 1364, 310, 6.74%, 0, 0, 3, 2553.05
1570730932, 0, 31, 1378, 1366, 310, 6.74%, 0, 0, 3, 2380.62
1570731044, 0, 42, 1378, 1365, 310, 6.74%, 0, 0, 3, 2457.30
1570731049, 0, 101, 1378, 1362, 308, 6.74%, 0, 0, 3, 1608.58
1570731054, 0, 101, 1379, 1363, 308, 6.74%, 0, 0, 3, 858.79
1570731127, 0, 101, 1383, 1367, 308, 6.74%, 0, 0, 3, 719.51
1570731132, 0, 101, 1384, 1368, 308, 6.74%, 0, 0, 3, 624.82
1570731317, 0, 101, 1385, 1369, 308, 6.74%, 0, 0, 3, 595.17
1570731646, 0, 101, 1386, 1370, 308, 6.74%, 0, 0, 3, 1025.75
1570731661, 0, 101, 1388, 1372, 308, 6.74%, 0, 0, 3, 767.70
1570731671, 0, 101, 1389, 1373, 308, 6.74%, 0, 0, 3, 1257.13
1570731676, 0, 101, 1390, 1374, 308, 6.74%, 0, 0, 3, 152.45
1570731697, 0, 101, 1391, 1375, 308, 6.74%, 0, 0, 3, 500.67
1570732365, 0, 101, 1392, 1376, 308, 6.74%, 0, 0, 3, 778.15
1570732714, 0, 101, 1396, 1380, 308, 6.74%, 0, 0, 3, 1113.59
1570732719, 0, 101, 1410, 1394, 308, 6.75%, 0, 0, 3, 1605.52
1570732724, 0, 101, 1422, 1406, 308, 6.76%, 0, 0, 3, 1724.17
1570732729, 0, 101, 1434, 1418, 308, 6.76%, 0, 0, 3, 1716.97
1570732734, 0, 102, 1437, 1420, 307, 6.76%, 0, 0, 3, 1420.48
1570732744, 0, 102, 1438, 1421, 307, 6.76%, 0, 0, 3, 700.06
1570732811, 0, 102, 1439, 1422, 307, 6.76%, 0, 0, 3, 663.71
1570732816, 0, 102, 1440, 1423, 307, 6.76%, 0, 0, 3, 655.29
1570732832, 0, 102, 1441, 1424, 307, 6.77%, 0, 0, 3, 634.80
1570732909, 0, 102, 1442, 1425, 307, 6.77%, 0, 0, 3, 653.74
1570733032, 0, 102, 1443, 1426, 307, 6.77%, 0, 0, 3, 662.63
1570733047, 0, 102, 1444, 1427, 307, 6.77%, 0, 0, 3, 637.21
1570734402, 0, 102, 1449, 1432, 307, 6.77%, 0, 0, 3, 1356.69
1570734407, 0, 102, 1457, 1440, 307, 6.77%, 0, 0, 3, 1727.85
1570734412, 0, 102, 1463, 1446, 307, 6.77%, 0, 0, 3, 1786.33
1570734417, 0, 102, 1472, 1455, 307, 6.77%, 0, 0, 3, 1825.04
1570734422, 0, 114, 1472, 1454, 305, 6.77%, 0, 0, 3, 1023.13
1570734499, 0, 114, 1474, 1456, 305, 6.77%, 0, 0, 3, 712.16
1570735022, 0, 114, 1476, 1458, 305, 6.77%, 0, 0, 3, 1178.04
1570736085, 0, 114, 1479, 1461, 305, 6.77%, 0, 0, 3, 1240.41
1570736090, 0, 114, 1494, 1476, 305, 6.77%, 0, 0, 3, 1682.04
1570736095, 0, 114, 1502, 1484, 305, 6.77%, 0, 0, 3, 1749.30
1570736100, 0, 114, 1508, 1490, 305, 6.78%, 0, 0, 3, 1781.43
1570736105, 0, 117, 1509, 1490, 306, 6.78%, 0, 0, 3, 1220.66
1570736182, 0, 117, 1510, 1491, 306, 6.78%, 0, 0, 3, 693.26
1570736212, 0, 117, 1511, 1492, 306, 6.78%, 0, 0, 3, 631.72
1570736398, 0, 117, 1512, 1493, 306, 6.78%, 0, 0, 3, 644.18
1570737774, 0, 121, 1512, 1492, 306, 6.78%, 0, 0, 3, 830.67
1570737851, 0, 121, 1513, 1493, 306, 6.78%, 0, 0, 3, 712.32
1570737856, 0, 121, 1514, 1494, 306, 6.78%, 0, 0, 3, 612.73
1570737876, 0, 121, 1515, 1495, 306, 6.78%, 0, 0, 3, 643.24
1570737979, 0, 121, 1516, 1496, 306, 6.78%, 0, 0, 3, 632.96
1570738092, 0, 121, 1517, 1497, 306, 6.78%, 0, 0, 3, 630.63
1570739443, 0, 148, 1517, 1495, 306, 6.78%, 0, 0, 3, 1324.66
1570739526, 0, 148, 1518, 1496, 306, 6.78%, 0, 0, 3, 697.96
1570739541, 0, 148, 1519, 1497, 306, 6.78%, 0, 0, 3, 641.14
1570741112, 0, 163, 1520, 1495, 304, 6.78%, 0, 0, 3, 1720.06
1570741117, 0, 175, 1520, 1493, 302, 6.78%, 0, 0, 3, 1220.10
1570741122, 0, 175, 1522, 1495, 302, 6.78%, 0, 0, 3, 757.35
1570741127, 0, 175, 1523, 1496, 302, 6.78%, 0, 0, 3, 680.55
1570741194, 0, 175, 1525, 1498, 302, 6.78%, 0, 0, 3, 687.17
1570741205, 0, 175, 1526, 1499, 302, 6.78%, 0, 0, 3, 618.58
1570741380, 0, 175, 1527, 1500, 302, 6.78%, 0, 0, 3, 689.13
1570741401, 0, 175, 1528, 1501, 302, 6.78%, 0, 0, 3, 600.59
1570741457, 0, 175, 1529, 1502, 302, 6.78%, 0, 0, 3, 631.43
1570741709, 0, 175, 1530, 1503, 302, 6.78%, 0, 0, 3, 91.56
1570741822, 0, 175, 1531, 1504, 302, 6.79%, 0, 0, 3, 908.70
1570742346, 0, 175, 1532, 1505, 302, 6.79%, 0, 0, 3, 688.30
1570742659, 0, 175, 1536, 1509, 302, 6.79%, 0, 0, 3, 634.23
1570742787, 0, 175, 1543, 1516, 302, 6.79%, 0, 0, 3, 1604.60
1570742792, 0, 175, 1548, 1521, 302, 6.80%, 0, 0, 3, 1729.32
1570742797, 0, 175, 1555, 1528, 302, 6.80%, 0, 0, 3, 1737.79
1570742803, 0, 183, 1560, 1530, 300, 6.80%, 0, 0, 3, 2209.36
1570742813, 0, 183, 1561, 1531, 300, 6.80%, 0, 0, 3, 754.18
1570742885, 0, 183, 1562, 1532, 300, 6.80%, 0, 0, 3, 689.27
1570742998, 0, 183, 1563, 1533, 300, 6.80%, 0, 0, 3, 659.79
1570743152, 0, 183, 1564, 1534, 300, 6.80%, 0, 0, 3, 840.60
1570743710, 0, 183, 1566, 1536, 300, 6.80%, 0, 0, 3, 1312.54
1570744473, 0, 191, 1566, 1534, 298, 6.80%, 0, 0, 3, 1563.82
1570744555, 0, 191, 1567, 1535, 298, 6.80%, 0, 0, 3, 690.86
1570745127, 0, 191, 1568, 1536, 298, 6.80%, 0, 0, 3, 89.92
1570745182, 0, 191, 1569, 1537, 298, 6.80%, 0, 0, 3, 682.23
1570746144, 0, 191, 1570, 1538, 298, 6.80%, 0, 0, 3, 1051.67
1570746149, 0, 213, 1570, 1533, 294, 6.80%, 0, 0, 3, 1586.86
1570746154, 0, 213, 1571, 1534, 294, 6.80%, 0, 0, 3, 843.64
1570746159, 0, 213, 1572, 1535, 294, 6.81%, 0, 0, 3, 703.95
1570746164, 0, 213, 1573, 1536, 294, 6.81%, 0, 0, 3, 646.77
1570746226, 0, 213, 1574, 1537, 294, 6.81%, 0, 0, 3, 649.40
1570746232, 0, 213, 1578, 1541, 294, 6.81%, 0, 0, 3, 643.62
1570746252, 0, 213, 1581, 1544, 294, 6.82%, 0, 0, 3, 656.65
1570746319, 0, 213, 1582, 1545, 294, 6.82%, 0, 0, 3, 708.12
1570746509, 0, 213, 1585, 1548, 294, 6.83%, 0, 0, 3, 688.15
1570746767, 0, 213, 1586, 1549, 294, 6.83%, 0, 0, 3, 1295.88
1570746772, 0, 213, 1587, 1550, 294, 6.83%, 0, 0, 3, 85.44
1570747701, 0, 213, 1588, 1551, 294, 6.83%, 0, 0, 3, 659.21
1570747824, 0, 235, 1588, 1548, 300, 6.83%, 0, 0, 3, 1276.09
1570747901, 0, 235, 1589, 1549, 300, 6.83%, 0, 0, 3, 645.97
1570747937, 0, 235, 1590, 1550, 300, 6.83%, 0, 0, 3, 632.27
1570747994, 0, 235, 1591, 1551, 300, 6.83%, 0, 0, 3, 712.53
1570748014, 0, 235, 1592, 1552, 300, 6.83%, 0, 0, 3, 639.88
1570748025, 0, 235, 1593, 1553, 300, 6.83%, 0, 0, 3, 636.37
1570748281, 0, 235, 1594, 1554, 300, 6.83%, 0, 0, 3, 630.22
1570748449, 0, 235, 1595, 1555, 300, 6.83%, 0, 0, 3, 1232.06
1570748480, 0, 235, 1596, 1556, 300, 6.83%, 0, 0, 3, 63.53
1570749146, 0, 235, 1597, 1557, 300, 6.83%, 0, 0, 3, 856.01
1570749494, 0, 236, 1597, 1556, 300, 6.83%, 0, 0, 3, 995.16
1570749509, 0, 236, 1598, 1557, 300, 6.83%, 0, 0, 3, 631.49
1570749774, 0, 236, 1599, 1558, 300, 6.84%, 0, 0, 3, 633.11
1570751168, 0, 236, 1601, 1560, 300, 6.84%, 0, 0, 3, 710.76
1570751173, 0, 245, 1601, 1559, 302, 6.84%, 0, 0, 3, 993.38
1570751193, 0, 245, 1602, 1560, 302, 6.84%, 0, 0, 3, 625.94
1570751249, 0, 245, 1603, 1561, 302, 6.84%, 0, 0, 3, 629.66
1570751552, 0, 245, 1604, 1562, 302, 6.84%, 0, 0, 3, 633.68
1570751767, 0, 245, 1606, 1564, 302, 6.84%, 0, 0, 3, 68.75
1570751777, 0, 245, 1607, 1565, 302, 6.84%, 0, 0, 3, 1229.51
1570751823, 0, 245, 1608, 1566, 302, 6.84%, 0, 0, 3, 1398.01
1570752392, 0, 245, 1609, 1567, 302, 6.86%, 0, 0, 3, 644.98
1570752849, 0, 254, 1609, 1566, 303, 6.86%, 0, 0, 3, 1010.43
1570752854, 0, 259, 1609, 1565, 302, 6.86%, 0, 0, 3, 925.86
1570752875, 0, 259, 1610, 1566, 302, 6.86%, 0, 0, 3, 635.77
1570754528, 0, 266, 1611, 1564, 300, 6.86%, 0, 0, 3, 1484.49
1570754538, 0, 266, 1612, 1565, 300, 6.86%, 0, 0, 3, 685.42
1570754605, 0, 266, 1613, 1566, 300, 6.86%, 0, 0, 3, 625.81
1570754630, 0, 266, 1614, 1567, 300, 6.86%, 0, 0, 3, 664.25
1570754641, 0, 266, 1617, 1570, 300, 6.87%, 0, 0, 3, 630.65
1570754795, 0, 266, 1618, 1571, 300, 6.87%, 0, 0, 3, 808.50
1570754949, 0, 266, 1619, 1572, 300, 6.87%, 0, 0, 3, 633.17
1570755184, 0, 266, 1620, 1573, 300, 6.87%, 0, 0, 3, 165.20
1570755281, 0, 266, 1621, 1574, 300, 6.87%, 0, 0, 3, 633.38
1570756204, 0, 285, 1622, 1572, 300, 6.87%, 0, 0, 3, 1711.66
1570756265, 0, 285, 1624, 1574, 300, 6.87%, 0, 0, 3, 628.76
1570756270, 0, 285, 1625, 1575, 300, 6.87%, 0, 0, 3, 630.17
1570756286, 0, 285, 1627, 1577, 300, 6.87%, 0, 0, 3, 706.76
1570756291, 0, 285, 1628, 1578, 300, 6.87%, 0, 0, 3, 619.63
1570756451, 0, 285, 1629, 1579, 300, 6.87%, 0, 0, 3, 630.77
1570756482, 0, 285, 1630, 1580, 300, 6.87%, 0, 0, 3, 657.35
1570756830, 0, 285, 1631, 1581, 300, 6.87%, 0, 0, 3, 112.20
1570756876, 0, 285, 1632, 1582, 300, 6.87%, 0, 0, 3, 809.00
1570757050, 0, 285, 1633, 1583, 300, 6.87%, 0, 0, 3, 632.99
1570757430, 0, 285, 1634, 1584, 300, 6.87%, 0, 0, 3, 630.90
1570757532, 0, 285, 1635, 1585, 300, 6.87%, 0, 0, 3, 631.40
1570757885, 0, 305, 1637, 1586, 301, 6.87%, 0, 0, 3, 1170.30
1570757946, 0, 305, 1639, 1588, 301, 6.87%, 0, 0, 3, 627.78
1570757971, 0, 305, 1640, 1589, 301, 6.87%, 0, 0, 3, 606.90
1570757976, 0, 305, 1641, 1590, 301, 6.87%, 0, 0, 3, 664.61
1570758162, 0, 305, 1642, 1591, 301, 6.87%, 0, 0, 3, 654.44
1570759564, 0, 315, 1642, 1590, 300, 6.87%, 0, 0, 3, 858.43
1570759620, 0, 315, 1644, 1592, 300, 6.87%, 0, 0, 3, 634.00
1570759625, 0, 315, 1645, 1593, 300, 6.87%, 0, 0, 3, 633.12
1570759641, 0, 315, 1646, 1594, 300, 6.87%, 0, 0, 3, 714.69
1570759651, 0, 315, 1647, 1595, 300, 6.87%, 0, 0, 3, 627.84
1570759825, 0, 315, 1648, 1596, 300, 6.87%, 0, 0, 3, 713.77
1570760072, 0, 315, 1649, 1597, 300, 6.87%, 0, 0, 3, 631.63
1570760170, 0, 315, 1650, 1598, 300, 6.87%, 0, 0, 3, 1476.96
1570760181, 0, 315, 1651, 1599, 300, 6.87%, 0, 0, 3, 1072.71
1570760201, 0, 315, 1652, 1600, 300, 6.87%, 0, 0, 3, 885.00
1570760232, 0, 315, 1653, 1601, 300, 6.87%, 0, 0, 3, 867.35
1570761234, 0, 315, 1654, 1602, 300, 6.87%, 0, 0, 3, 1027.70
1570761240, 0, 319, 1654, 1601, 302, 6.87%, 0, 0, 3, 863.31
1570761286, 0, 319, 1656, 1603, 302, 6.87%, 0, 0, 3, 634.45
1570761296, 0, 319, 1657, 1604, 302, 6.87%, 0, 0, 3, 626.58
1570761389, 0, 319, 1658, 1605, 302, 6.87%, 0, 0, 3, 627.43
1570761419, 0, 319, 1659, 1606, 302, 6.87%, 0, 0, 3, 668.74
1570761506, 0, 319, 1660, 1607, 302, 6.87%, 0, 0, 3, 592.88
1570761511, 0, 319, 1661, 1608, 302, 6.87%, 0, 0, 3, 636.78
1570761842, 0, 319, 1662, 1609, 302, 6.87%, 0, 0, 3, 1300.07
1570761857, 0, 319, 1663, 1610, 302, 6.87%, 0, 0, 3, 1248.79
1570762920, 0, 336, 1664, 1610, 301, 6.87%, 0, 0, 3, 932.63
1570763002, 0, 336, 1666, 1612, 301, 6.87%, 0, 0, 3, 625.97
1570763187, 0, 336, 1667, 1613, 301, 6.87%, 0, 0, 3, 623.76
1570763589, 0, 336, 1668, 1614, 301, 6.87%, 0, 0, 3, 900.48
1570764599, 0, 336, 1673, 1619, 301, 6.87%, 0, 0, 3, 1582.50
1570764604, 0, 336, 1679, 1625, 301, 6.89%, 0, 0, 3, 1725.89
1570764609, 0, 336, 1685, 1631, 301, 6.89%, 0, 0, 3, 1740.69
1570764614, 0, 395, 1688, 1632, 297, 6.89%, 0, 0, 3, 2133.31
1570764696, 0, 395, 1692, 1636, 297, 6.89%, 0, 0, 3, 694.66
1570764707, 0, 395, 1694, 1638, 297, 6.89%, 0, 0, 3, 682.84
1570764788, 0, 395, 1696, 1640, 297, 6.89%, 0, 0, 3, 707.56
1570765217, 0, 395, 1697, 1641, 297, 6.89%, 0, 0, 3, 1190.17
1570766301, 0, 429, 1697, 1638, 295, 6.89%, 0, 0, 3, 1668.76
1570766306, 0, 453, 1698, 1636, 293, 6.93%, 0, 0, 3, 1415.02
1570766357, 0, 453, 1699, 1637, 293, 6.93%, 0, 0, 3, 652.34
1570766383, 0, 453, 1704, 1642, 293, 6.93%, 0, 0, 3, 658.99
1570766388, 0, 453, 1708, 1646, 293, 6.93%, 0, 0, 3, 617.11
1570766393, 0, 453, 1713, 1651, 293, 6.93%, 0, 0, 3, 687.88
1570766469, 0, 453, 1714, 1652, 293, 6.93%, 0, 0, 3, 677.14
1570766474, 0, 453, 1717, 1655, 293, 6.94%, 0, 0, 3, 649.97
1570766485, 0, 453, 1719, 1657, 293, 6.94%, 0, 0, 3, 692.27
1570766572, 0, 453, 1720, 1658, 293, 6.94%, 0, 0, 3, 666.80
1570766592, 0, 453, 1721, 1659, 293, 6.94%, 0, 0, 3, 653.74
1570766598, 0, 453, 1722, 1660, 293, 6.94%, 0, 0, 3, 783.85
1570766889, 0, 453, 1723, 1661, 293, 6.94%, 0, 0, 3, 1222.28
1570766920, 0, 453, 1724, 1662, 293, 6.94%, 0, 0, 3, 157.61
1570766951, 0, 453, 1728, 1666, 293, 6.94%, 0, 0, 3, 956.58
1570766956, 0, 453, 1729, 1667, 293, 6.94%, 0, 0, 3, 960.19
1570767192, 0, 453, 1730, 1668, 293, 6.94%, 0, 0, 3, 1525.83
1570767762, 0, 453, 1731, 1669, 293, 6.94%, 0, 0, 3, 53.50
1570767777, 0, 453, 1732, 1670, 293, 6.94%, 0, 0, 3, 904.53
1570767910, 0, 453, 1733, 1671, 293, 6.94%, 0, 0, 3, 646.07
1570767935, 0, 459, 1734, 1671, 300, 6.94%, 0, 0, 3, 1047.59
1570767940, 0, 459, 1738, 1675, 300, 6.94%, 0, 0, 3, 703.31
1570768016, 0, 459, 1739, 1676, 300, 6.94%, 0, 0, 3, 671.45
1570768027, 0, 459, 1740, 1677, 300, 6.95%, 0, 0, 3, 650.27
1570768037, 0, 459, 1745, 1682, 300, 6.95%, 0, 0, 3, 660.82
1570768128, 0, 459, 1748, 1685, 300, 6.95%, 0, 0, 3, 628.87
1570768204, 0, 459, 1749, 1686, 300, 6.95%, 0, 0, 3, 677.74
1570768215, 0, 459, 1750, 1687, 300, 6.95%, 0, 0, 3, 650.66
1570768230, 0, 459, 1751, 1688, 300, 6.95%, 0, 0, 3, 619.20
1570768235, 0, 459, 1752, 1689, 300, 6.95%, 0, 0, 3, 635.55
1570768255, 0, 459, 1754, 1691, 300, 6.95%, 0, 0, 3, 620.39
1570768260, 0, 459, 1756, 1693, 300, 6.95%, 0, 0, 3, 616.16
1570768540, 0, 459, 1758, 1695, 300, 6.95%, 0, 0, 3, 903.65
1570768555, 0, 459, 1759, 1696, 300, 6.95%, 0, 0, 3, 75.50
1570768631, 0, 459, 1761, 1698, 300, 6.95%, 0, 0, 3, 618.41
1570769167, 0, 459, 1762, 1699, 300, 6.95%, 0, 0, 3, 652.81
1570769274, 0, 459, 1763, 1700, 300, 6.95%, 0, 0, 3, 818.52
1570769614, 0, 459, 1764, 1701, 300, 6.95%, 0, 0, 3, 139.30
1570769640, 0, 471, 1764, 1698, 299, 6.95%, 0, 0, 3, 1671.76
1570769645, 0, 474, 1764, 1697, 298, 6.95%, 0, 0, 3, 1075.28
1570769650, 0, 474, 1765, 1698, 298, 6.95%, 0, 0, 3, 719.93
1570769721, 0, 474, 1766, 1699, 298, 6.95%, 0, 0, 3, 655.05
1570769726, 0, 474, 1767, 1700, 298, 6.95%, 0, 0, 3, 653.84
1570769737, 0, 474, 1769, 1702, 298, 6.95%, 0, 0, 3, 661.62
1570769980, 0, 474, 1773, 1706, 298, 6.95%, 0, 0, 3, 621.42
1570770250, 0, 474, 1774, 1707, 298, 6.95%, 0, 0, 3, 1061.44
1570770982, 0, 474, 1775, 1708, 298, 6.95%, 0, 0, 3, 736.37
1570770997, 0, 474, 1776, 1709, 298, 6.95%, 0, 0, 3, 775.33
1570771210, 0, 474, 1778, 1711, 298, 6.95%, 0, 0, 3, 623.82
1570771363, 0, 481, 1778, 1709, 299, 6.95%, 0, 0, 3, 1523.68
1570771444, 0, 481, 1780, 1711, 299, 6.95%, 0, 0, 3, 636.94
1570771449, 0, 481, 1782, 1713, 299, 6.95%, 0, 0, 3, 640.71
1570771454, 0, 481, 1783, 1714, 299, 6.95%, 0, 0, 3, 585.35
1570771459, 0, 481, 1784, 1715, 299, 6.95%, 0, 0, 3, 659.38
1570771971, 0, 481, 1785, 1716, 299, 6.95%, 0, 0, 3, 1024.10
1570772613, 0, 481, 1786, 1717, 299, 6.95%, 0, 0, 3, 637.63
1570773060, 0, 481, 1787, 1718, 299, 6.95%, 0, 0, 3, 832.61
1570773065, 0, 481, 1788, 1719, 299, 6.95%, 0, 0, 3, 813.88
1570773085, 0, 481, 1789, 1720, 299, 6.95%, 0, 0, 3, 555.37
1570773096, 0, 501, 1789, 1717, 302, 6.95%, 0, 0, 3, 1632.25
1570773101, 0, 538, 1789, 1709, 295, 6.95%, 0, 0, 3, 2699.51
1570773106, 0, 542, 1789, 1708, 294, 6.95%, 0, 0, 3, 1302.70
1570773116, 0, 542, 1790, 1709, 294, 6.95%, 0, 0, 3, 682.50
1570773183, 0, 542, 1791, 1710, 294, 6.95%, 0, 0, 3, 703.14
1570773188, 0, 542, 1792, 1711, 294, 6.95%, 0, 0, 3, 606.82
1570773208, 0, 542, 1794, 1713, 294, 6.95%, 0, 0, 3, 648.05
1570773295, 0, 542, 1796, 1715, 294, 6.95%, 0, 0, 3, 669.38
1570773368, 0, 542, 1797, 1716, 294, 6.95%, 0, 0, 3, 617.89
1570773454, 0, 542, 1801, 1720, 294, 6.95%, 0, 0, 3, 720.58
1570773460, 0, 542, 1804, 1723, 294, 6.95%, 0, 0, 3, 655.91
1570773696, 0, 542, 1805, 1724, 294, 6.95%, 0, 0, 3, 1094.76
1570774624, 0, 542, 1806, 1725, 294, 6.95%, 0, 0, 3, 707.77
1570774742, 0, 542, 1807, 1726, 294, 6.95%, 0, 0, 3, 814.50
1570774748, 0, 542, 1808, 1727, 294, 6.95%, 0, 0, 3, 921.63
1570774768, 0, 542, 1812, 1731, 294, 6.95%, 0, 0, 3, 1196.88
1570774773, 0, 542, 1813, 1732, 294, 6.95%, 0, 0, 3, 1671.49
1570774783, 0, 542, 1816, 1735, 294, 6.95%, 0, 0, 3, 1786.61
1570774788, 0, 564, 1816, 1732, 293, 6.95%, 0, 0, 3, 1613.81
1570774798, 0, 564, 1818, 1734, 293, 6.95%, 0, 0, 3, 674.20
1570774845, 0, 564, 1820, 1736, 293, 6.96%, 0, 0, 3, 606.64
1570774876, 0, 564, 1825, 1741, 293, 6.96%, 0, 0, 3, 594.81
1570774896, 0, 564, 1826, 1742, 293, 6.96%, 0, 0, 3, 628.82
1570774906, 0, 564, 1827, 1743, 293, 6.96%, 0, 0, 3, 609.27
1570774968, 0, 564, 1828, 1744, 293, 6.96%, 0, 0, 3, 666.34
1570775158, 0, 564, 1829, 1745, 293, 6.96%, 0, 0, 3, 611.87
1570775482, 0, 564, 1830, 1746, 293, 6.96%, 0, 0, 3, 809.56
1570776352, 0, 564, 1831, 1747, 293, 6.96%, 0, 0, 3, 138.78
1570776558, 0, 567, 1832, 1746, 293, 6.96%, 0, 0, 3, 1127.18
1570776568, 0, 567, 1835, 1749, 293, 6.96%, 0, 0, 3, 672.43
1570776639, 0, 567, 1836, 1750, 293, 6.96%, 0, 0, 3, 680.98
1570776918, 0, 567, 1837, 1751, 293, 6.97%, 0, 0, 3, 630.07
1570778286, 0, 611, 1837, 1750, 297, 6.97%, 0, 0, 3, 1016.62
1570778945, 0, 611, 1838, 1751, 297, 6.97%, 0, 0, 3, 1287.63
1570779539, 0, 611, 1839, 1752, 297, 6.97%, 0, 0, 3, 663.71
1570779997, 0, 657, 1839, 1751, 297, 6.97%, 0, 0, 3, 846.75
1570780087, 0, 657, 1841, 1753, 297, 6.97%, 0, 0, 3, 665.09
1570780153, 0, 657, 1842, 1754, 297, 6.97%, 0, 0, 3, 631.11
1570781699, 0, 690, 1842, 1753, 297, 6.97%, 0, 0, 3, 1057.01
1570781705, 0, 710, 1843, 1753, 296, 6.97%, 0, 0, 3, 942.66
1570781792, 0, 710, 1845, 1755, 296, 6.97%, 0, 0, 3, 639.03
1570781967, 0, 710, 1847, 1757, 296, 6.97%, 0, 0, 3, 684.01
1570782295, 0, 710, 1848, 1758, 296, 6.97%, 0, 0, 3, 1132.62
1570782305, 0, 710, 1849, 1759, 296, 6.97%, 0, 0, 3, 1472.81
1570783215, 0, 710, 1850, 1760, 296, 6.97%, 0, 0, 3, 784.36
1570783400, 0, 723, 1851, 1760, 299, 6.97%, 0, 0, 3, 998.29
1570783575, 0, 723, 1852, 1761, 299, 6.97%, 0, 0, 3, 634.22
1570783673, 0, 723, 1853, 1762, 299, 6.97%, 0, 0, 3, 661.84
1570785098, 0, 724, 1853, 1761, 300, 6.97%, 0, 0, 3, 990.97
1570785174, 0, 724, 1855, 1763, 300, 6.98%, 0, 0, 3, 633.53
1570785190, 0, 724, 1856, 1764, 300, 6.98%, 0, 0, 3, 680.07
1570785271, 0, 724, 1857, 1765, 300, 6.98%, 0, 0, 3, 712.57
1570785387, 0, 724, 1858, 1766, 300, 6.98%, 0, 0, 3, 628.74
1570785403, 0, 724, 1859, 1767, 300, 6.98%, 0, 0, 3, 821.11
1570785690, 0, 724, 1860, 1768, 300, 6.98%, 0, 0, 3, 59.73
1570786832, 0, 724, 1861, 1769, 300, 6.98%, 0, 0, 3, 928.97
1570786837, 0, 741, 1862, 1769, 300, 6.98%, 0, 0, 3, 891.05
1570786888, 0, 741, 1863, 1770, 300, 6.98%, 0, 0, 3, 623.95
1570786898, 0, 741, 1864, 1771, 300, 6.98%, 0, 0, 3, 621.67
1570787513, 0, 741, 1865, 1772, 300, 6.98%, 0, 0, 3, 761.73
1570788535, 0, 741, 1866, 1773, 300, 6.98%, 0, 0, 3, 853.44
1570788560, 0, 741, 1868, 1775, 300, 6.98%, 0, 0, 3, 1154.30
1570788565, 0, 753, 1868, 1771, 296, 6.98%, 0, 0, 3, 1554.55
1570788658, 0, 753, 1871, 1774, 296, 6.98%, 0, 0, 3, 618.29
1570789235, 0, 753, 1873, 1776, 296, 6.98%, 0, 0, 3, 852.14
1570790252, 0, 753, 1875, 1778, 296, 6.98%, 0, 0, 3, 805.82
1570790257, 0, 766, 1875, 1776, 296, 6.98%, 0, 0, 3, 1121.37
1570790328, 0, 766, 1876, 1777, 296, 6.99%, 0, 0, 3, 626.93
1570790338, 0, 766, 1879, 1780, 296, 6.99%, 0, 0, 3, 659.82
1570790348, 0, 766, 1880, 1781, 296, 6.99%, 0, 0, 3, 683.69
1570790409, 0, 766, 1881, 1782, 296, 6.99%, 0, 0, 3, 629.90
1570790419, 0, 766, 1882, 1783, 296, 6.99%, 0, 0, 3, 630.56
1570790517, 0, 766, 1883, 1784, 296, 6.99%, 0, 0, 3, 635.82
1570790532, 0, 766, 1884, 1785, 296, 6.99%, 0, 0, 3, 654.18
1570790858, 0, 766, 1885, 1786, 296, 6.99%, 0, 0, 3, 1520.75
1570790874, 0, 766, 1886, 1787, 296, 6.99%, 0, 0, 3, 142.86
1570791986, 0, 795, 1887, 1783, 291, 6.99%, 0, 0, 3, 1238.27
1570792062, 0, 795, 1888, 1784, 291, 6.99%, 0, 0, 3, 641.25
1570792072, 0, 795, 1889, 1785, 291, 6.99%, 0, 0, 3, 605.69
1570792077, 0, 795, 1890, 1786, 291, 7.00%, 0, 0, 3, 672.68
1570792169, 0, 795, 1891, 1787, 291, 7.00%, 0, 0, 3, 671.84
1570792285, 0, 795, 1892, 1788, 291, 7.00%, 0, 0, 3, 761.63
1570793513, 0, 795, 1893, 1789, 291, 7.00%, 0, 0, 3, 914.93
1570793707, 0, 796, 1893, 1788, 291, 7.00%, 0, 0, 3, 1236.97
1570793788, 0, 796, 1894, 1789, 291, 7.00%, 0, 0, 3, 703.21
1570793793, 0, 796, 1895, 1790, 291, 7.00%, 0, 0, 3, 610.24
1570793895, 0, 796, 1896, 1791, 291, 7.00%, 0, 0, 3, 658.13
1570794022, 0, 796, 1898, 1793, 291, 7.00%, 0, 0, 3, 635.56
1570795246, 0, 796, 1899, 1794, 291, 7.00%, 0, 0, 3, 744.61
1570795302, 0, 796, 1900, 1795, 291, 7.00%, 0, 0, 3, 631.56
1570795435, 0, 798, 1900, 1794, 290, 7.00%, 0, 0, 3, 1328.37
1570795517, 0, 798, 1901, 1795, 290, 7.00%, 0, 0, 3, 714.42
1570797176, 0, 800, 1901, 1794, 290, 7.00%, 0, 0, 3, 1346.78
1570797883, 0, 800, 1902, 1795, 290, 7.00%, 0, 0, 3, 627.18
1570798926, 0, 806, 1902, 1793, 289, 7.00%, 0, 0, 3, 992.55
1570799002, 0, 806, 1903, 1794, 289, 7.00%, 0, 0, 3, 652.35
1570799119, 0, 806, 1904, 1795, 289, 7.00%, 0, 0, 3, 654.75
1570799270, 0, 806, 1905, 1796, 289, 7.01%, 0, 0, 3, 629.64
1570800669, 0, 808, 1905, 1794, 289, 7.01%, 0, 0, 3, 1036.25
1570800689, 0, 808, 1906, 1795, 289, 7.01%, 0, 0, 3, 633.09
1570800745, 0, 808, 1907, 1796, 289, 7.01%, 0, 0, 3, 640.13
1570802412, 0, 810, 1907, 1795, 289, 7.01%, 0, 0, 3, 1087.76
1570804151, 0, 810, 1909, 1797, 289, 7.01%, 0, 0, 3, 1108.35
1570804156, 0, 810, 1913, 1801, 289, 7.01%, 0, 0, 3, 1685.26
1570804161, 0, 810, 1917, 1805, 289, 7.01%, 0, 0, 3, 1755.33
1570804171, 0, 811, 1918, 1805, 288, 7.01%, 0, 0, 3, 1272.38
1570804257, 0, 811, 1919, 1806, 288, 7.01%, 0, 0, 3, 605.39
1570805918, 0, 815, 1919, 1804, 287, 7.01%, 0, 0, 3, 1627.52
1570805923, 0, 817, 1919, 1803, 286, 7.01%, 0, 0, 3, 1012.95
1570805999, 0, 817, 1920, 1804, 286, 7.01%, 0, 0, 3, 641.42
1570806232, 0, 817, 1921, 1805, 286, 7.01%, 0, 0, 3, 647.47
1570807499, 0, 817, 1922, 1806, 286, 7.01%, 0, 0, 3, 636.88
1570807666, 0, 818, 1923, 1806, 287, 7.01%, 0, 0, 3, 1322.66
1570807747, 0, 818, 1924, 1807, 287, 7.01%, 0, 0, 3, 686.67
1570809412, 0, 824, 1924, 1806, 287, 7.01%, 0, 0, 3, 1305.75
1570809438, 0, 824, 1925, 1807, 287, 7.03%, 0, 0, 3, 632.47
1570809493, 0, 824, 1926, 1808, 287, 7.03%, 0, 0, 3, 706.93
1570809498, 0, 824, 1928, 1810, 287, 7.03%, 0, 0, 3, 613.16
1570809696, 0, 824, 1929, 1811, 287, 7.03%, 0, 0, 3, 629.10
1570809844, 0, 824, 1930, 1812, 287, 7.03%, 0, 0, 3, 624.66
1570811020, 0, 824, 1932, 1814, 287, 7.08%, 0, 0, 3, 624.58
1570811156, 0, 847, 1932, 1812, 288, 7.08%, 0, 0, 3, 1601.01
1570811161, 0, 872, 1932, 1808, 284, 7.08%, 0, 0, 3, 1443.02
1570812902, 0, 922, 1932, 1804, 280, 7.08%, 0, 0, 3, 1073.19
1570814645, 0, 924, 1932, 1803, 279, 7.08%, 0, 0, 3, 1440.13
1570814726, 0, 924, 1933, 1804, 279, 7.08%, 0, 0, 3, 688.34
1570814762, 0, 924, 1934, 1805, 279, 7.09%, 0, 0, 3, 629.78
1570814853, 0, 924, 1935, 1806, 279, 7.10%, 0, 0, 3, 628.64
