# unix_time, cycles_done, cur_path, paths_total, pending_total, pending_favs, map_size, unique_crashes, unique_hangs, max_depth, execs_per_sec
1570729367, 0, 0, 1, 1, 1, 3.55%, 0, 0, 1, 615.38
1570729372, 0, 0, 58, 58, 1, 4.02%, 0, 0, 2, 783.06
1570729377, 0, 0, 165, 165, 1, 4.33%, 0, 0, 2, 685.09
1570729382, 0, 0, 232, 232, 1, 4.55%, 0, 0, 2, 693.56
1570729387, 0, 0, 256, 256, 1, 4.59%, 0, 0, 2, 649.73
1570729393, 0, 0, 270, 270, 1, 4.65%, 0, 0, 2, 632.17
1570729424, 0, 0, 280, 280, 1, 4.68%, 0, 0, 2, 632.60
1570729429, 0, 0, 291, 291, 1, 4.70%, 0, 0, 2, 628.50
1570729434, 0, 0, 338, 338, 1, 4.77%, 0, 0, 2, 631.67
1570729439, 0, 0, 348, 348, 1, 4.78%, 0, 0, 2, 631.25
1570729449, 0, 0, 385, 385, 1, 4.94%, 0, 0, 2, 629.88
1570729454, 0, 0, 539, 539, 1, 5.22%, 0, 0, 2, 709.55
1570729460, 0, 0, 639, 639, 1, 5.32%, 0, 0, 2, 743.63
1570729465, 0, 0, 705, 705, 1, 5.33%, 0, 0, 2, 609.14
1570729470, 0, 0, 775, 775, 1, 5.45%, 0, 0, 2, 644.89
1570729475, 0, 0, 798, 798, 1, 5.54%, 0, 0, 2, 651.09
1570729480, 0, 0, 808, 808, 1, 5.56%, 0, 0, 2, 666.72
1570729485, 0, 0, 819, 819, 1, 5.61%, 0, 0, 2, 646.09
1570729491, 0, 0, 822, 822, 1, 5.63%, 0, 0, 2, 634.44
1570729496, 0, 0, 825, 825, 1, 5.64%, 0, 0, 2, 632.04
1570729527, 0, 0, 826, 826, 1, 5.64%, 0, 0, 2, 630.89
1570729532, 0, 0, 828, 828, 1, 5.64%, 0, 0, 2, 631.10
1570729537, 0, 0, 829, 829, 1, 5.64%, 0, 0, 2, 631.44
1570729553, 0, 0, 864, 864, 1, 5.69%, 0, 0, 2, 684.84
1570729558, 0, 0, 889, 889, 1, 5.69%, 0, 0, 2, 612.78
1570729563, 0, 0, 901, 901, 1, 5.69%, 0, 0, 2, 594.61
1570729568, 0, 0, 918, 918, 1, 5.71%, 0, 0, 2, 652.19
1570729573, 0, 0, 921, 921, 1, 5.74%, 0, 0, 2, 631.45
1570729578, 0, 0, 922, 922, 1, 5.74%, 0, 0, 2, 646.62
1570729584, 0, 0, 925, 925, 1, 5.75%, 0, 0, 2, 631.61
1570729589, 0, 0, 927, 927, 1, 5.77%, 0, 0, 2, 628.52
1570729619, 0, 0, 929, 929, 1, 5.77%, 0, 0, 2, 625.09
1570729629, 0, 0, 930, 930, 1, 5.77%, 0, 0, 2, 624.84
1570729644, 0, 0, 938, 938, 1, 5.77%, 0, 0, 2, 631.71
1570729649, 0, 0, 950, 950, 1, 5.83%, 0, 0, 2, 655.86
1570729654, 0, 0, 956, 956, 1, 5.83%, 0, 0, 2, 568.03
1570729659, 0, 0, 966, 966, 1, 5.83%, 0, 0, 2, 648.98
1570729669, 0, 0, 970, 970, 1, 5.83%, 0, 0, 2, 616.59
1570729674, 0, 0, 974, 974, 1, 5.85%, 0, 0, 2, 632.21
1570729679, 0, 0, 985, 985, 1, 5.86%, 0, 0, 2, 637.05
1570729684, 0, 0, 1003, 1003, 1, 6.16%, 0, 0, 2, 793.06
1570729690, 0, 0, 1015, 1015, 1, 6.16%, 0, 0, 2, 687.30
1570729695, 0, 0, 1017, 1017, 1, 6.18%, 0, 0, 2, 638.77
1570729700, 0, 0, 1018, 1018, 1, 6.18%, 0, 0, 2, 628.81
1570729705, 0, 0, 1021, 1021, 1, 6.19%, 0, 0, 2, 627.68
1570729720, 0, 0, 1022, 1022, 1, 6.20%, 0, 0, 2, 627.52
1570729735, 0, 0, 1023, 1023, 1, 6.20%, 0, 0, 2, 682.87
1570729740, 0, 0, 1028, 1028, 1, 6.21%, 0, 0, 2, 637.31
1570729745, 0, 0, 1030, 1030, 1, 6.21%, 0, 0, 2, 690.45
1570729750, 0, 0, 1033, 1033, 1, 6.23%, 0, 0, 2, 634.37
1570729755, 0, 0, 1037, 1037, 1, 6.25%, 0, 0, 2, 630.04
1570729761, 0, 0, 1038, 1038, 1, 6.25%, 0, 0, 2, 623.30
1570729766, 0, 0, 1039, 1039, 1, 6.26%, 0, 0, 2, 624.91
1570729771, 0, 0, 1040, 1040, 1, 6.26%, 0, 0, 2, 627.26
1570729786, 0, 0, 1041, 1041, 1, 6.30%, 0, 0, 2, 628.40
1570729796, 0, 0, 1043, 1043, 1, 6.30%, 0, 0, 2, 628.12
1570729801, 0, 0, 1045, 1045, 1, 6.32%, 0, 0, 2, 629.82
1570729806, 0, 0, 1047, 1047, 1, 6.33%, 0, 0, 2, 629.78
1570729816, 0, 0, 1049, 1049, 1, 6.33%, 0, 0, 2, 630.42
1570729842, 0, 0, 1050, 1050, 1, 6.33%, 0, 0, 2, 630.93
1570729892, 0, 0, 1052, 1052, 1, 6.34%, 0, 0, 2, 630.15
1570729897, 0, 0, 1053, 1053, 1, 6.34%, 0, 0, 2, 628.30
1570729902, 0, 0, 1054, 1054, 1, 6.34%, 0, 0, 2, 628.30
1570729912, 0, 0, 1056, 1056, 1, 6.34%, 0, 0, 2, 627.06
1570729937, 0, 0, 1057, 1057, 1, 6.34%, 0, 0, 2, 629.14
1570729973, 0, 0, 1066, 1066, 1, 6.36%, 0, 0, 2, 572.89
1570729978, 0, 0, 1073, 1073, 1, 6.37%, 0, 0, 2, 804.42
1570729983, 0, 0, 1084, 1084, 1, 6.45%, 0, 0, 2, 1114.79
1570729988, 0, 0, 1095, 1095, 1, 6.45%, 0, 0, 2, 870.84
1570729993, 0, 0, 1097, 1097, 1, 6.46%, 0, 0, 2, 1078.04
1570729998, 0, 0, 1108, 1108, 1, 6.47%, 0, 0, 2, 68.27
1570730003, 0, 0, 1111, 1111, 1, 6.47%, 0, 0, 2, 430.31
1570730008, 0, 0, 1114, 1114, 1, 6.47%, 0, 0, 2, 700.00
1570730014, 0, 0, 1122, 1122, 1, 6.47%, 0, 0, 2, 1181.93
1570730019, 0, 0, 1125, 1125, 1, 6.48%, 0, 0, 2, 1146.93
1570730024, 0, 0, 1128, 1128, 1, 6.48%, 0, 0, 2, 1002.75
1570730034, 0, 0, 1133, 1133, 1, 6.48%, 0, 0, 2, 1013.92
1570730044, 0, 0, 1137, 1137, 1, 6.48%, 0, 0, 2, 68.40
1570730055, 0, 0, 1142, 1142, 1, 6.49%, 0, 0, 2, 554.37
1570730060, 0, 0, 1174, 1174, 1, 6.50%, 0, 0, 2, 765.55
1570730065, 0, 0, 1181, 1181, 1, 6.50%, 0, 0, 2, 832.07
1570730080, 0, 0, 1182, 1182, 1, 6.51%, 0, 0, 2, 624.45
1570730085, 0, 0, 1183, 1183, 1, 6.51%, 0, 0, 2, 621.95
1570730100, 0, 0, 1184, 1184, 1, 6.51%, 0, 0, 2, 680.86
1570730105, 0, 0, 1185, 1185, 1, 6.51%, 0, 0, 2, 633.61
1570730131, 0, 0, 1186, 1186, 1, 6.51%, 0, 0, 2, 627.15
1570730146, 0, 0, 1187, 1187, 1, 6.52%, 0, 0, 2, 627.38
1570730191, 0, 0, 1189, 1189, 1, 6.52%, 0, 0, 2, 627.35
1570730202, 0, 0, 1192, 1192, 1, 6.52%, 0, 0, 2, 628.82
1570730207, 0, 0, 1194, 1194, 1, 6.52%, 0, 0, 2, 628.91
1570730232, 0, 0, 1196, 1196, 1, 6.52%, 0, 0, 2, 629.77
1570730237, 0, 0, 1198, 1198, 1, 6.52%, 0, 0, 2, 626.97
1570730247, 0, 0, 1199, 1199, 1, 6.52%, 0, 0, 2, 628.04
1570730282, 0, 0, 1200, 1200, 1, 6.52%, 0, 0, 2, 632.78
1570730293, 0, 0, 1203, 1203, 1, 6.52%, 0, 0, 2, 48.94
1570730313, 0, 0, 1205, 1205, 1, 6.52%, 0, 0, 2, 1355.10
1570730339, 0, 0, 1206, 1206, 1, 6.52%, 0, 0, 2, 866.07
1570730360, 0, 0, 1207, 1207, 1, 6.52%, 0, 0, 2, 40.91
1570730370, 0, 0, 1208, 1208, 1, 6.52%, 0, 0, 2, 1544.52
1570730391, 0, 0, 1209, 1209, 1, 6.52%, 0, 0, 2, 890.83
1570730436, 0, 0, 1210, 1210, 1, 6.52%, 0, 0, 2, 625.45
1570730507, 0, 0, 1211, 1211, 1, 6.52%, 0, 0, 2, 627.06
1570730537, 0, 0, 1212, 1212, 1, 6.52%, 0, 0, 2, 629.51
1570730584, 0, 0, 1213, 1213, 1, 6.53%, 0, 0, 2, 101.80
1570730604, 0, 0, 1214, 1214, 1, 6.53%, 0, 0, 2, 845.29
1570730625, 0, 0, 1223, 1223, 1, 6.54%, 0, 0, 2, 662.61
1570730630, 0, 0, 1225, 1225, 1, 6.55%, 0, 0, 2, 639.26
1570730690, 0, 0, 1226, 1226, 1, 6.55%, 0, 0, 2, 613.84
1570730711, 0, 0, 1228, 1228, 1, 6.55%, 0, 0, 2, 609.66
1570730716, 0, 0, 1236, 1236, 1, 6.55%, 0, 0, 2, 734.13
1570730721, 0, 0, 1240, 1240, 1, 6.55%, 0, 0, 2, 640.94
1570730726, 0, 0, 1241, 1241, 1, 6.56%, 0, 0, 2, 597.72
1570730731, 0, 0, 1250, 1250, 1, 6.59%, 0, 0, 2, 755.92
1570730888, 0, 0, 1252, 1252, 1, 6.60%, 0, 0, 2, 603.54
1570730893, 0, 0, 1255, 1255, 1, 6.60%, 0, 0, 2, 828.93
1570730899, 0, 0, 1256, 1256, 1, 6.60%, 0, 0, 2, 708.21
1570730904, 0, 0, 1264, 1264, 1, 6.61%, 0, 0, 2, 735.73
1570730924, 0, 0, 1267, 1267, 1, 6.61%, 0, 0, 2, 732.85
1570730939, 0, 0, 1268, 1268, 1, 6.61%, 0, 0, 2, 633.43
1570730944, 0, 0, 1270, 1270, 1, 6.62%, 0, 0, 2, 710.97
1570731036, 0, 0, 1271, 1271, 1, 6.62%, 0, 0, 2, 700.79
1570731041, 0, 0, 1272, 1272, 1, 6.62%, 0, 0, 2, 788.48
1570731046, 0, 0, 1274, 1274, 1, 6.62%, 0, 0, 2, 700.37
1570731051, 0, 0, 1276, 1276, 1, 6.62%, 0, 0, 2, 622.21
1570731066, 0, 0, 1283, 1283, 1, 6.63%, 0, 0, 2, 780.46
1570731071, 0, 0, 1325, 1325, 1, 6.71%, 0, 0, 2, 1467.73
1570731076, 0, 0, 1351, 1351, 1, 6.71%, 0, 0, 2, 1681.02
1570731081, 0, 0, 1370, 1370, 1, 6.71%, 0, 0, 2, 1686.41
1570731086, 0, 8, 1382, 1377, 310, 6.72%, 0, 0, 2, 1927.69
1570731092, 0, 31, 1384, 1373, 305, 6.72%, 0, 0, 3, 2398.42
1570731117, 0, 31, 1386, 1375, 305, 6.72%, 0, 0, 3, 2304.88
1570731236, 0, 102, 1387, 1373, 304, 6.72%, 0, 0, 3, 2599.01
1570731246, 0, 102, 1388, 1374, 304, 6.72%, 0, 0, 3, 758.42
1570731317, 0, 102, 1390, 1376, 304, 6.72%, 0, 0, 3, 679.97
1570731322, 0, 102, 1393, 1379, 304, 6.72%, 0, 0, 3, 635.35
1570731509, 0, 102, 1394, 1380, 304, 6.72%, 0, 0, 3, 611.20
1570731842, 0, 102, 1395, 1381, 304, 6.72%, 0, 0, 3, 914.09
1570731857, 0, 102, 1397, 1383, 304, 6.72%, 0, 0, 3, 1365.00
1570731868, 0, 102, 1398, 1384, 304, 6.72%, 0, 0, 3, 1330.78
1570731873, 0, 102, 1399, 1385, 304, 6.72%, 0, 0, 3, 68.97
1570731893, 0, 102, 1400, 1386, 304, 6.72%, 0, 0, 3, 1326.73
1570732564, 0, 102, 1401, 1387, 304, 6.72%, 0, 0, 3, 630.36
1570732924, 0, 103, 1401, 1386, 304, 6.72%, 0, 0, 3, 855.09
1570732929, 0, 103, 1402, 1387, 304, 6.72%, 0, 0, 3, 671.62
1570733000, 0, 103, 1403, 1388, 304, 6.72%, 0, 0, 3, 651.61
1570733005, 0, 103, 1405, 1390, 304, 6.72%, 0, 0, 3, 656.44
1570733021, 0, 103, 1406, 1391, 304, 6.73%, 0, 0, 3, 625.95
1570733223, 0, 103, 1407, 1392, 304, 6.73%, 0, 0, 3, 634.11
1570733243, 0, 103, 1408, 1393, 304, 6.74%, 0, 0, 3, 626.33
1570734614, 0, 103, 1419, 1404, 304, 6.74%, 0, 0, 3, 1554.60
1570734619, 0, 103, 1430, 1415, 304, 6.76%, 0, 0, 3, 1667.17
1570734624, 0, 103, 1440, 1425, 304, 6.76%, 0, 0, 3, 1729.65
1570734629, 0, 116, 1449, 1433, 304, 6.76%, 0, 0, 3, 1782.00
1570734710, 0, 116, 1451, 1435, 304, 6.76%, 0, 0, 3, 697.31
1570734811, 0, 116, 1452, 1436, 304, 6.76%, 0, 0, 3, 609.20
1570734943, 0, 116, 1453, 1437, 304, 6.76%, 0, 0, 3, 645.23
1570735227, 0, 116, 1454, 1438, 304, 6.76%, 0, 0, 3, 1061.83
1570736318, 0, 116, 1462, 1446, 304, 6.77%, 0, 0, 3, 1440.54
1570736324, 0, 116, 1468, 1452, 304, 6.77%, 0, 0, 3, 1719.36
1570736329, 0, 116, 1477, 1461, 304, 6.78%, 0, 0, 3, 1777.38
1570736334, 0, 123, 1483, 1466, 302, 6.79%, 0, 0, 3, 1899.36
1570736339, 0, 123, 1484, 1467, 302, 6.79%, 0, 0, 3, 918.06
1570736420, 0, 123, 1485, 1468, 302, 6.79%, 0, 0, 3, 620.48
1570736754, 0, 123, 1486, 1469, 302, 6.79%, 0, 0, 3, 616.02
1570737058, 0, 123, 1487, 1470, 302, 6.79%, 0, 0, 3, 646.16
1570738027, 0, 123, 1491, 1474, 302, 6.79%, 0, 0, 3, 1514.72
1570738032, 0, 123, 1496, 1479, 302, 6.80%, 0, 0, 3, 1697.41
1570738038, 0, 123, 1499, 1482, 302, 6.80%, 0, 0, 3, 1746.94
1570738043, 0, 161, 1510, 1491, 305, 6.81%, 0, 0, 3, 2016.03
1570738048, 0, 176, 1510, 1486, 300, 6.81%, 0, 0, 3, 1939.66
1570738058, 0, 176, 1512, 1488, 300, 6.81%, 0, 0, 3, 701.43
1570738129, 0, 176, 1514, 1490, 300, 6.81%, 0, 0, 3, 686.91
1570738139, 0, 176, 1515, 1491, 300, 6.81%, 0, 0, 3, 664.26
1570738241, 0, 176, 1516, 1492, 300, 6.81%, 0, 0, 3, 629.36
1570738317, 0, 176, 1517, 1493, 300, 6.81%, 0, 0, 3, 634.94
1570738337, 0, 176, 1518, 1494, 300, 6.81%, 0, 0, 3, 615.52
1570738393, 0, 176, 1519, 1495, 300, 6.81%, 0, 0, 3, 629.91
1570738645, 0, 176, 1520, 1496, 300, 6.81%, 0, 0, 3, 970.25
1570738757, 0, 176, 1521, 1497, 300, 6.82%, 0, 0, 3, 625.71
1570739290, 0, 176, 1523, 1499, 300, 6.82%, 0, 0, 3, 622.59
1570739609, 0, 176, 1527, 1503, 300, 6.82%, 0, 0, 3, 626.33
1570739735, 0, 184, 1527, 1501, 299, 6.82%, 0, 0, 3, 1314.17
1570739745, 0, 184, 1529, 1503, 299, 6.82%, 0, 0, 3, 678.41
1570739816, 0, 184, 1530, 1504, 299, 6.82%, 0, 0, 3, 642.79
1570739832, 0, 184, 1531, 1505, 299, 6.82%, 0, 0, 3, 665.12
1570739933, 0, 184, 1532, 1506, 299, 6.82%, 0, 0, 3, 652.04
1570740339, 0, 184, 1533, 1507, 299, 6.82%, 0, 0, 3, 129.66
1570740344, 0, 184, 1534, 1508, 299, 6.82%, 0, 0, 3, 953.23
1570740654, 0, 184, 1536, 1510, 299, 6.82%, 0, 0, 3, 1113.59
1570741431, 0, 184, 1543, 1517, 299, 6.82%, 0, 0, 3, 1563.61
1570741436, 0, 184, 1550, 1524, 299, 6.82%, 0, 0, 3, 1755.34
1570741441, 0, 184, 1555, 1529, 299, 6.82%, 0, 0, 3, 1788.74
1570741447, 0, 192, 1559, 1529, 297, 6.82%, 0, 0, 3, 2309.20
1570742108, 0, 192, 1560, 1530, 297, 6.82%, 0, 0, 3, 740.00
1570742164, 0, 192, 1561, 1531, 297, 6.83%, 0, 0, 3, 665.25
1570743136, 0, 214, 1561, 1527, 294, 6.83%, 0, 0, 3, 1882.48
1570743146, 0, 214, 1562, 1528, 294, 6.83%, 0, 0, 3, 644.26
1570743151, 0, 214, 1564, 1530, 294, 6.83%, 0, 0, 3, 635.54
1570743217, 0, 214, 1565, 1531, 294, 6.83%, 0, 0, 3, 667.95
1570743222, 0, 214, 1569, 1535, 294, 6.83%, 0, 0, 3, 630.82
1570743242, 0, 214, 1572, 1538, 294, 6.84%, 0, 0, 3, 643.99
1570743308, 0, 214, 1573, 1539, 294, 6.84%, 0, 0, 3, 649.50
1570743501, 0, 214, 1575, 1541, 294, 6.85%, 0, 0, 3, 666.77
1570743758, 0, 214, 1576, 1542, 294, 6.85%, 0, 0, 3, 1126.76
1570743769, 0, 214, 1577, 1543, 294, 6.85%, 0, 0, 3, 1231.29
1570744703, 0, 214, 1578, 1544, 294, 6.85%, 0, 0, 3, 671.76
1570744825, 0, 214, 1585, 1551, 294, 6.86%, 0, 0, 3, 1477.03
1570744830, 0, 214, 1593, 1559, 294, 6.87%, 0, 0, 3, 1697.49
1570744835, 0, 214, 1598, 1564, 294, 6.88%, 0, 0, 3, 1736.75
1570744840, 0, 226, 1604, 1568, 304, 6.88%, 0, 0, 3, 1986.87
1570744845, 0, 233, 1604, 1566, 302, 6.88%, 0, 0, 3, 1313.29
1570744926, 0, 233, 1605, 1567, 302, 6.88%, 0, 0, 3, 659.67
1570745214, 0, 233, 1606, 1568, 302, 6.89%, 0, 0, 3, 634.73
1570746513, 0, 233, 1607, 1569, 302, 6.89%, 0, 0, 3, 611.72
1570746534, 0, 237, 1607, 1568, 303, 6.89%, 0, 0, 3, 984.44
1570746549, 0, 237, 1608, 1569, 303, 6.89%, 0, 0, 3, 622.48
1570746818, 0, 237, 1609, 1570, 303, 6.89%, 0, 0, 3, 629.19
1570747194, 0, 237, 1610, 1571, 303, 6.89%, 0, 0, 3, 596.03
1570747875, 0, 237, 1611, 1572, 303, 6.89%, 0, 0, 3, 640.76
1570748230, 0, 237, 1618, 1579, 303, 6.90%, 0, 0, 3, 1116.09
1570748235, 0, 237, 1623, 1584, 303, 6.90%, 0, 0, 3, 1680.62
1570748240, 0, 237, 1628, 1589, 303, 6.91%, 0, 0, 3, 1719.66
1570748245, 0, 237, 1635, 1596, 303, 6.91%, 0, 0, 3, 1698.57
1570748251, 0, 246, 1639, 1599, 306, 6.91%, 0, 0, 3, 1302.05
1570748271, 0, 246, 1640, 1600, 306, 6.91%, 0, 0, 3, 623.84
1570748332, 0, 246, 1641, 1601, 306, 6.91%, 0, 0, 3, 681.77
1570748636, 0, 246, 1642, 1602, 306, 6.91%, 0, 0, 3, 620.11
1570748849, 0, 246, 1643, 1603, 306, 6.91%, 0, 0, 3, 960.75
1570748854, 0, 246, 1644, 1604, 306, 6.91%, 0, 0, 3, 965.30
1570748864, 0, 246, 1645, 1605, 306, 6.91%, 0, 0, 3, 945.42
1570748905, 0, 246, 1646, 1606, 306, 6.91%, 0, 0, 3, 830.00
1570749479, 0, 246, 1647, 1607, 306, 6.93%, 0, 0, 3, 662.46
1570749947, 0, 246, 1652, 1612, 306, 6.93%, 0, 0, 3, 1290.15
1570749952, 0, 246, 1659, 1619, 306, 6.93%, 0, 0, 3, 1617.57
1570749957, 0, 246, 1665, 1625, 306, 6.93%, 0, 0, 3, 1688.17
1570749962, 0, 246, 1670, 1630, 306, 6.93%, 0, 0, 3, 1702.78
1570749967, 0, 266, 1673, 1629, 300, 6.93%, 0, 0, 3, 1906.49
1570749977, 0, 266, 1674, 1630, 300, 6.93%, 0, 0, 3, 710.80
1570750048, 0, 266, 1675, 1631, 300, 6.93%, 0, 0, 3, 696.43
1570750068, 0, 266, 1676, 1632, 300, 6.93%, 0, 0, 3, 629.15
1570750084, 0, 266, 1679, 1635, 300, 6.94%, 0, 0, 3, 625.11
1570750241, 0, 266, 1680, 1636, 300, 6.94%, 0, 0, 3, 583.55
1570750393, 0, 266, 1681, 1637, 300, 6.94%, 0, 0, 3, 619.91
1570750591, 0, 266, 1682, 1638, 300, 6.94%, 0, 0, 3, 1205.00
1570750632, 0, 266, 1683, 1639, 300, 6.94%, 0, 0, 3, 569.00
1570750728, 0, 266, 1684, 1640, 300, 6.94%, 0, 0, 3, 623.59
1570751664, 0, 267, 1684, 1639, 302, 6.94%, 0, 0, 3, 956.89
1570751669, 0, 285, 1684, 1637, 300, 6.94%, 0, 0, 3, 1112.39
1570751725, 0, 285, 1685, 1638, 300, 6.94%, 0, 0, 3, 619.28
1570751730, 0, 285, 1686, 1639, 300, 6.94%, 0, 0, 3, 620.88
1570751745, 0, 285, 1688, 1641, 300, 6.94%, 0, 0, 3, 603.71
1570751750, 0, 285, 1689, 1642, 300, 6.94%, 0, 0, 3, 658.81
1570751912, 0, 285, 1690, 1643, 300, 6.94%, 0, 0, 3, 614.46
1570751948, 0, 285, 1691, 1644, 300, 6.94%, 0, 0, 3, 649.33
1570752521, 0, 285, 1692, 1645, 300, 6.94%, 0, 0, 3, 621.80
1570753009, 0, 285, 1693, 1646, 300, 6.94%, 0, 0, 3, 649.64
1570753365, 0, 285, 1695, 1648, 300, 6.94%, 0, 0, 3, 1051.79
1570753370, 0, 285, 1699, 1652, 300, 6.94%, 0, 0, 3, 1619.17
1570753375, 0, 285, 1703, 1656, 300, 6.94%, 0, 0, 3, 1738.42
1570753380, 0, 285, 1706, 1659, 300, 6.94%, 0, 0, 3, 1743.15
1570753385, 0, 395, 1708, 1658, 299, 6.94%, 0, 0, 3, 1942.49
1570753466, 0, 395, 1712, 1662, 299, 6.94%, 0, 0, 3, 665.82
1570753477, 0, 395, 1714, 1664, 299, 6.94%, 0, 0, 3, 587.10
1570753558, 0, 395, 1716, 1666, 299, 6.94%, 0, 0, 3, 633.68
1570753999, 0, 395, 1717, 1667, 299, 6.94%, 0, 0, 3, 144.67
1570754309, 0, 395, 1718, 1668, 299, 6.94%, 0, 0, 3, 415.00
1570755098, 0, 395, 1722, 1672, 299, 6.95%, 0, 0, 3, 1315.07
1570755103, 0, 395, 1724, 1674, 299, 6.95%, 0, 0, 3, 1655.70
1570755108, 0, 395, 1727, 1677, 299, 6.95%, 0, 0, 3, 1731.06
1570755113, 0, 395, 1732, 1682, 299, 6.95%, 0, 0, 3, 1770.80
1570755118, 0, 459, 1733, 1679, 300, 6.95%, 0, 0, 3, 1510.73
1570755124, 0, 459, 1734, 1680, 300, 6.95%, 0, 0, 3, 804.27
1570755201, 0, 459, 1736, 1682, 300, 6.95%, 0, 0, 3, 684.43
1570755211, 0, 459, 1737, 1683, 300, 6.95%, 0, 0, 3, 631.58
1570755221, 0, 459, 1739, 1685, 300, 6.95%, 0, 0, 3, 630.04
1570755308, 0, 459, 1740, 1686, 300, 6.95%, 0, 0, 3, 653.15
1570755314, 0, 459, 1742, 1688, 300, 6.95%, 0, 0, 3, 621.23
1570755391, 0, 459, 1743, 1689, 300, 6.95%, 0, 0, 3, 687.79
1570755406, 0, 459, 1744, 1690, 300, 6.95%, 0, 0, 3, 623.62
1570755416, 0, 459, 1745, 1691, 300, 6.95%, 0, 0, 3, 611.67
1570755421, 0, 459, 1746, 1692, 300, 6.95%, 0, 0, 3, 623.00
1570755442, 0, 459, 1749, 1695, 300, 6.95%, 0, 0, 3, 611.66
1570755447, 0, 459, 1751, 1697, 300, 6.95%, 0, 0, 3, 610.00
1570755729, 0, 459, 1754, 1700, 300, 6.95%, 0, 0, 3, 1101.69
1570755745, 0, 459, 1755, 1701, 300, 6.95%, 0, 0, 3, 1304.92
1570755821, 0, 459, 1758, 1704, 300, 6.95%, 0, 0, 3, 612.51
1570756370, 0, 459, 1759, 1705, 300, 6.95%, 0, 0, 3, 596.97
1570756478, 0, 459, 1760, 1706, 300, 6.95%, 0, 0, 3, 804.61
1570756801, 0, 459, 1761, 1707, 300, 6.95%, 0, 0, 3, 703.98
1570756837, 0, 459, 1765, 1711, 300, 6.95%, 0, 0, 3, 1519.09
1570756842, 0, 459, 1770, 1716, 300, 6.95%, 0, 0, 3, 1705.87
1570756847, 0, 459, 1774, 1720, 300, 6.95%, 0, 0, 3, 1745.32
1570756852, 0, 468, 1776, 1721, 305, 6.95%, 0, 0, 3, 1926.94
1570756857, 0, 470, 1776, 1719, 303, 6.95%, 0, 0, 3, 1163.87
1570756939, 0, 470, 1779, 1722, 303, 6.95%, 0, 0, 3, 665.72
1570756950, 0, 470, 1780, 1723, 303, 6.95%, 0, 0, 3, 647.17
1570757129, 0, 470, 1781, 1724, 303, 6.95%, 0, 0, 3, 704.68
1570757484, 0, 470, 1782, 1725, 303, 6.95%, 0, 0, 3, 927.98
1570757494, 0, 470, 1783, 1726, 303, 6.95%, 0, 0, 3, 114.13
1570757525, 0, 470, 1784, 1727, 303, 6.95%, 0, 0, 3, 807.74
1570758136, 0, 470, 1785, 1728, 303, 6.95%, 0, 0, 3, 573.72
1570758613, 0, 471, 1786, 1728, 303, 6.95%, 0, 0, 3, 1194.41
1570758618, 0, 474, 1786, 1726, 301, 6.95%, 0, 0, 3, 1090.17
1570758623, 0, 474, 1787, 1727, 301, 6.95%, 0, 0, 3, 713.52
1570758700, 0, 474, 1789, 1729, 301, 6.95%, 0, 0, 3, 656.33
1570758710, 0, 474, 1791, 1731, 301, 6.95%, 0, 0, 3, 665.89
1570758956, 0, 474, 1795, 1735, 301, 6.95%, 0, 0, 3, 613.26
1570759228, 0, 474, 1796, 1736, 301, 6.95%, 0, 0, 3, 868.03
1570759880, 0, 474, 1797, 1737, 301, 6.95%, 0, 0, 3, 691.61
1570759972, 0, 474, 1798, 1738, 301, 6.95%, 0, 0, 3, 751.52
1570759987, 0, 474, 1799, 1739, 301, 6.95%, 0, 0, 3, 741.57
1570760202, 0, 474, 1800, 1740, 301, 6.95%, 0, 0, 3, 616.16
1570760346, 0, 512, 1800, 1736, 300, 6.95%, 0, 0, 3, 1930.05
1570760351, 0, 567, 1800, 1728, 292, 6.95%, 0, 0, 3, 2697.67
1570760356, 0, 568, 1800, 1727, 291, 6.95%, 0, 0, 3, 1214.21
1570760366, 0, 568, 1803, 1730, 291, 6.96%, 0, 0, 3, 658.02
1570760423, 0, 568, 1805, 1732, 291, 6.96%, 0, 0, 3, 614.37
1570760438, 0, 568, 1807, 1734, 291, 6.96%, 0, 0, 3, 631.28
1570760719, 0, 568, 1809, 1736, 291, 6.97%, 0, 0, 3, 627.90
1570761042, 0, 568, 1811, 1738, 291, 6.97%, 0, 0, 3, 902.60
1570761901, 0, 568, 1812, 1739, 291, 6.97%, 0, 0, 3, 620.00
1570762080, 0, 585, 1813, 1739, 297, 6.97%, 0, 0, 3, 1248.17
1570762085, 0, 590, 1814, 1739, 297, 6.97%, 0, 0, 3, 856.92
1570762095, 0, 590, 1816, 1741, 297, 6.97%, 0, 0, 3, 610.68
1570762100, 0, 590, 1818, 1743, 297, 6.97%, 0, 0, 3, 583.97
1570762171, 0, 590, 1819, 1744, 297, 6.97%, 0, 0, 3, 646.52
1570762176, 0, 590, 1823, 1748, 297, 6.97%, 0, 0, 3, 578.93
1570762181, 0, 590, 1824, 1749, 297, 6.97%, 0, 0, 3, 583.61
1570762196, 0, 590, 1828, 1753, 297, 6.97%, 0, 0, 3, 600.13
1570762201, 0, 590, 1830, 1755, 297, 6.97%, 0, 0, 3, 584.95
1570762299, 0, 590, 1832, 1757, 297, 6.97%, 0, 0, 3, 584.81
1570762370, 0, 590, 1833, 1758, 297, 6.97%, 0, 0, 3, 647.31
1570762375, 0, 590, 1834, 1759, 297, 6.97%, 0, 0, 3, 582.48
1570762476, 0, 590, 1838, 1763, 297, 6.97%, 0, 0, 3, 612.00
1570762481, 0, 590, 1842, 1767, 297, 6.97%, 0, 0, 3, 592.66
1570762486, 0, 590, 1845, 1770, 297, 6.97%, 0, 0, 3, 578.35
1570762492, 0, 590, 1848, 1773, 297, 6.97%, 0, 0, 3, 569.70
1570762497, 0, 590, 1849, 1774, 297, 6.97%, 0, 0, 3, 575.94
1570762502, 0, 590, 1850, 1775, 297, 6.97%, 0, 0, 3, 576.62
1570763922, 0, 678, 1850, 1772, 300, 6.97%, 0, 0, 3, 1168.64
1570764003, 0, 678, 1853, 1775, 300, 6.97%, 0, 0, 3, 663.07
1570765455, 0, 678, 1854, 1776, 300, 6.97%, 0, 0, 3, 1701.26
1570765627, 0, 689, 1854, 1774, 301, 6.97%, 0, 0, 3, 1019.22
1570765683, 0, 689, 1855, 1775, 301, 6.97%, 0, 0, 3, 574.99
1570765693, 0, 689, 1856, 1776, 301, 6.97%, 0, 0, 3, 575.33
1570765884, 0, 689, 1859, 1779, 301, 6.97%, 0, 0, 3, 568.15
1570766127, 0, 689, 1860, 1780, 301, 6.97%, 0, 0, 3, 572.23
1570766304, 0, 689, 1861, 1781, 301, 6.97%, 0, 0, 3, 1131.74
1570767369, 0, 689, 1862, 1782, 301, 6.97%, 0, 0, 3, 574.14
1570767475, 0, 724, 1862, 1779, 300, 6.97%, 0, 0, 3, 1788.90
1570767556, 0, 724, 1863, 1780, 300, 6.97%, 0, 0, 3, 696.04
1570767571, 0, 724, 1864, 1781, 300, 6.97%, 0, 0, 3, 654.24
1570767652, 0, 724, 1865, 1782, 300, 6.97%, 0, 0, 3, 682.23
1570767754, 0, 724, 1866, 1783, 300, 6.97%, 0, 0, 3, 657.46
1570769177, 0, 725, 1866, 1782, 300, 6.97%, 0, 0, 3, 841.39
1570769254, 0, 725, 1868, 1784, 300, 6.98%, 0, 0, 3, 634.13
1570769269, 0, 725, 1869, 1785, 300, 6.98%, 0, 0, 3, 691.65
1570769351, 0, 725, 1870, 1786, 300, 6.98%, 0, 0, 3, 709.06
1570769468, 0, 725, 1871, 1787, 300, 6.98%, 0, 0, 3, 625.55
1570769483, 0, 725, 1872, 1788, 300, 6.98%, 0, 0, 3, 814.70
1570769774, 0, 725, 1873, 1789, 300, 6.98%, 0, 0, 3, 1490.00
1570770901, 0, 725, 1874, 1790, 300, 6.98%, 0, 0, 3, 945.10
1570770907, 0, 788, 1874, 1783, 295, 6.98%, 0, 0, 3, 2110.51
1570770912, 0, 795, 1876, 1784, 294, 6.98%, 0, 0, 3, 1187.49
1570770988, 0, 795, 1877, 1785, 294, 6.98%, 0, 0, 3, 638.73
1570770998, 0, 795, 1878, 1786, 294, 6.98%, 0, 0, 3, 597.21
1570771003, 0, 795, 1879, 1787, 294, 6.99%, 0, 0, 3, 668.64
1570771100, 0, 795, 1880, 1788, 294, 6.99%, 0, 0, 3, 641.70
1570772641, 0, 798, 1880, 1787, 294, 6.99%, 0, 0, 3, 815.34
1570772722, 0, 798, 1881, 1788, 294, 6.99%, 0, 0, 3, 623.69
1570774379, 0, 800, 1881, 1787, 293, 6.99%, 0, 0, 3, 1170.29
1570775091, 0, 800, 1882, 1788, 293, 6.99%, 0, 0, 3, 624.13
1570776119, 0, 800, 1883, 1789, 293, 6.99%, 0, 0, 3, 884.11
1570776124, 0, 800, 1887, 1793, 293, 6.99%, 0, 0, 3, 1519.49
1570776129, 0, 800, 1888, 1794, 293, 6.99%, 0, 0, 3, 1685.69
1570776134, 0, 800, 1892, 1798, 293, 6.99%, 0, 0, 3, 1716.08
1570776139, 0, 806, 1892, 1795, 295, 6.99%, 0, 0, 3, 2194.95
1570776337, 0, 806, 1893, 1796, 295, 6.99%, 0, 0, 3, 654.39
1570776490, 0, 806, 1894, 1797, 295, 7.00%, 0, 0, 3, 613.81
1570777890, 0, 808, 1894, 1795, 295, 7.00%, 0, 0, 3, 1383.89
1570777910, 0, 808, 1895, 1796, 295, 7.00%, 0, 0, 3, 628.08
1570777971, 0, 808, 1896, 1797, 295, 7.00%, 0, 0, 3, 699.60
1570779635, 0, 811, 1896, 1796, 295, 7.00%, 0, 0, 3, 908.52
1570779721, 0, 811, 1898, 1798, 295, 7.00%, 0, 0, 3, 590.62
1570781355, 0, 811, 1899, 1799, 295, 7.00%, 0, 0, 3, 304.05
1570781380, 0, 811, 1900, 1800, 295, 7.00%, 0, 0, 3, 1112.14
1570781385, 0, 818, 1900, 1799, 294, 7.00%, 0, 0, 3, 857.84
1570783128, 0, 818, 1901, 1800, 294, 7.00%, 0, 0, 3, 853.03
1570783133, 0, 823, 1901, 1799, 292, 7.00%, 0, 0, 3, 916.58
1570783564, 0, 823, 1903, 1801, 292, 7.02%, 0, 0, 3, 620.88
1570783900, 0, 823, 1904, 1802, 292, 7.02%, 0, 0, 3, 621.28
1570784877, 0, 824, 1904, 1801, 294, 7.02%, 0, 0, 3, 1123.89
1570784897, 0, 824, 1905, 1802, 294, 7.04%, 0, 0, 3, 623.10
1570784958, 0, 824, 1906, 1803, 294, 7.04%, 0, 0, 3, 696.03
1570784964, 0, 824, 1907, 1804, 294, 7.04%, 0, 0, 3, 614.75
1570785162, 0, 824, 1908, 1805, 294, 7.04%, 0, 0, 3, 626.79
1570785314, 0, 824, 1909, 1806, 294, 7.04%, 0, 0, 3, 622.18
1570786502, 0, 824, 1911, 1808, 294, 7.09%, 0, 0, 3, 621.22
1570786624, 0, 824, 1914, 1811, 294, 7.10%, 0, 0, 3, 1016.93
1570786629, 0, 824, 1919, 1816, 294, 7.10%, 0, 0, 3, 1635.56
1570786635, 0, 824, 1921, 1818, 294, 7.10%, 0, 0, 3, 1700.56
1570786640, 0, 824, 1924, 1821, 294, 7.10%, 0, 0, 3, 1752.67
1570786645, 0, 839, 1926, 1822, 301, 7.10%, 0, 0, 3, 1393.80
1570786726, 0, 839, 1932, 1828, 301, 7.11%, 0, 0, 3, 687.22
1570787328, 0, 839, 1933, 1829, 301, 7.11%, 0, 0, 3, 860.35
1570788363, 0, 839, 1934, 1830, 301, 7.11%, 0, 0, 3, 767.69
1570788399, 0, 839, 1935, 1831, 301, 7.11%, 0, 0, 3, 793.44
1570788404, 0, 858, 1936, 1829, 303, 7.11%, 0, 0, 3, 1824.64
1570788409, 0, 872, 1936, 1827, 301, 7.11%, 0, 0, 3, 1221.70
1570788495, 0, 872, 1937, 1828, 301, 7.11%, 0, 0, 3, 588.39
1570789090, 0, 872, 1938, 1829, 301, 7.11%, 0, 0, 3, 879.41
1570789900, 0, 872, 1939, 1830, 301, 7.11%, 0, 0, 3, 630.37
1570790154, 0, 883, 1939, 1829, 301, 7.11%, 0, 0, 3, 1042.23
1570790180, 0, 883, 1941, 1831, 301, 7.11%, 0, 0, 3, 572.91
1570790382, 0, 883, 1942, 1832, 301, 7.11%, 0, 0, 3, 569.37
1570790458, 0, 883, 1943, 1833, 301, 7.11%, 0, 0, 3, 613.78
1570790615, 0, 883, 1947, 1837, 301, 7.11%, 0, 0, 3, 575.15
1570790625, 0, 883, 1948, 1838, 301, 7.11%, 0, 0, 3, 577.06
1570790630, 0, 883, 1950, 1840, 301, 7.11%, 0, 0, 3, 575.64
1570790981, 0, 883, 1951, 1841, 301, 7.11%, 0, 0, 3, 573.39
1570790986, 0, 883, 1952, 1842, 301, 7.11%, 0, 0, 3, 571.15
1570792039, 0, 918, 1952, 1839, 301, 7.11%, 0, 0, 3, 1373.59
1570792120, 0, 918, 1953, 1840, 301, 7.11%, 0, 0, 3, 698.92
1570793793, 0, 919, 1953, 1839, 301, 7.11%, 0, 0, 3, 1201.62
1570793874, 0, 919, 1954, 1840, 301, 7.11%, 0, 0, 3, 673.75
1570793880, 0, 919, 1955, 1841, 301, 7.11%, 0, 0, 3, 618.59
1570795552, 0, 923, 1955, 1839, 300, 7.11%, 0, 0, 3, 1601.01
1570795654, 0, 923, 1956, 1840, 300, 7.11%, 0, 0, 3, 612.62
1570797311, 0, 925, 1956, 1839, 300, 7.11%, 0, 0, 3, 839.61
1570797422, 0, 925, 1957, 1840, 300, 7.12%, 0, 0, 3, 623.56
1570797489, 0, 925, 1958, 1841, 300, 7.12%, 0, 0, 3, 615.45
1570799067, 0, 927, 1958, 1840, 300, 7.12%, 0, 0, 3, 1148.44
1570799378, 0, 927, 1959, 1841, 300, 7.12%, 0, 0, 3, 719.23
1570800835, 0, 928, 1959, 1840, 300, 7.12%, 0, 0, 3, 1064.17
1570802588, 0, 928, 1960, 1841, 300, 7.13%, 0, 0, 3, 978.23
1570802593, 0, 958, 1960, 1839, 298, 7.13%, 0, 0, 3, 1031.56
1570802603, 0, 958, 1961, 1840, 298, 7.13%, 0, 0, 3, 659.38
1570802674, 0, 958, 1964, 1843, 298, 7.13%, 0, 0, 3, 654.03
1570802679, 0, 958, 1966, 1845, 298, 7.13%, 0, 0, 3, 599.62
1570802684, 0, 958, 1969, 1848, 298, 7.13%, 0, 0, 3, 677.87
1570802775, 0, 958, 1970, 1849, 298, 7.13%, 0, 0, 3, 675.52
1570802861, 0, 958, 1971, 1850, 298, 7.13%, 0, 0, 3, 610.17
1570802872, 0, 958, 1972, 1851, 298, 7.13%, 0, 0, 3, 641.11
1570803429, 0, 958, 1973, 1852, 298, 7.13%, 0, 0, 3, 618.17
1570803929, 0, 958, 1974, 1853, 298, 7.13%, 0, 0, 3, 763.34
1570804324, 0, 973, 1975, 1852, 298, 7.13%, 0, 0, 3, 1580.91
1570804380, 0, 973, 1978, 1855, 298, 7.15%, 0, 0, 3, 610.80
1570804406, 0, 973, 1979, 1856, 298, 7.15%, 0, 0, 3, 647.32
1570804804, 0, 973, 1980, 1857, 298, 7.15%, 0, 0, 3, 619.34
1570806088, 0, 983, 1980, 1855, 299, 7.15%, 0, 0, 3, 1301.31
1570807851, 0, 997, 1981, 1851, 295, 7.15%, 0, 0, 3, 1873.30
1570808161, 0, 997, 1982, 1852, 295, 7.16%, 0, 0, 3, 723.50
1570809205, 0, 997, 1983, 1853, 295, 7.16%, 0, 0, 3, 802.14
1570809607, 0, 998, 1983, 1852, 297, 7.16%, 0, 0, 3, 1255.86
1570809612, 0, 1015, 1983, 1850, 295, 7.16%, 0, 0, 3, 1025.56
1570809693, 0, 1015, 1986, 1853, 295, 7.16%, 0, 0, 3, 653.11
1570810208, 0, 1015, 1987, 1854, 295, 7.17%, 0, 0, 3, 66.82
1570810841, 0, 1015, 1989, 1856, 295, 7.18%, 0, 0, 3, 857.31
1570810867, 0, 1015, 1991, 1858, 295, 7.18%, 0, 0, 3, 655.47
1570811172, 0, 1015, 1992, 1859, 295, 7.19%, 0, 0, 3, 682.94
1570811371, 0, 1017, 1992, 1858, 297, 7.19%, 0, 0, 3, 1168.01
1570811452, 0, 1017, 1994, 1860, 297, 7.19%, 0, 0, 3, 701.09
1570811473, 0, 1017, 1995, 1861, 297, 7.19%, 0, 0, 3, 623.06
1570811676, 0, 1017, 1996, 1862, 297, 7.19%, 0, 0, 3, 757.66
1570813130, 0, 1018, 1996, 1861, 297, 7.19%, 0, 0, 3, 1045.31
1570813135, 0, 1018, 1997, 1862, 297, 7.20%, 0, 0, 3, 706.44
1570813211, 0, 1018, 1998, 1863, 297, 7.20%, 0, 0, 3, 695.96
1570813323, 0, 1018, 1999, 1864, 297, 7.20%, 0, 0, 3, 630.13
1570813454, 0, 1018, 2000, 1865, 297, 7.20%, 0, 0, 3, 620.80
1570814887, 0, 1019, 2000, 1864, 298, 7.20%, 0, 0, 3, 871.23
