# unix_time, cycles_done, cur_path, paths_total, pending_total, pending_favs, map_size, unique_crashes, unique_hangs, max_depth, execs_per_sec
1570729346, 0, 0, 1, 1, 1, 3.55%, 0, 0, 1, 666.67
1570729351, 0, 0, 69, 69, 1, 4.02%, 0, 0, 2, 819.40
1570729356, 0, 0, 180, 180, 1, 4.35%, 0, 0, 2, 720.80
1570729361, 0, 0, 240, 240, 1, 4.56%, 0, 0, 2, 724.67
1570729366, 0, 0, 258, 258, 1, 4.59%, 0, 0, 2, 702.11
1570729371, 0, 0, 270, 270, 1, 4.65%, 0, 0, 2, 679.27
1570729397, 0, 0, 274, 274, 1, 4.67%, 0, 0, 2, 645.95
1570729402, 0, 0, 280, 280, 1, 4.68%, 0, 0, 2, 641.55
1570729407, 0, 0, 318, 318, 1, 4.76%, 0, 0, 2, 637.82
1570729412, 0, 0, 347, 347, 1, 4.78%, 0, 0, 2, 642.16
1570729417, 0, 0, 348, 348, 1, 4.78%, 0, 0, 2, 643.33
1570729422, 0, 0, 352, 352, 1, 4.78%, 0, 0, 2, 643.44
1570729427, 0, 0, 445, 445, 1, 5.01%, 0, 0, 2, 626.67
1570729432, 0, 0, 591, 591, 1, 5.28%, 0, 0, 2, 633.96
1570729437, 0, 0, 670, 670, 1, 5.33%, 0, 0, 2, 590.96
1570729442, 0, 0, 724, 724, 1, 5.33%, 0, 0, 2, 211.39
1570729448, 0, 0, 799, 799, 1, 5.54%, 0, 0, 2, 600.11
1570729453, 0, 0, 804, 804, 1, 5.54%, 0, 0, 2, 628.19
1570729458, 0, 0, 817, 817, 1, 5.59%, 0, 0, 2, 655.39
1570729463, 0, 0, 822, 822, 1, 5.61%, 0, 0, 2, 641.48
1570729468, 0, 0, 828, 828, 1, 5.64%, 0, 0, 2, 628.78
1570729499, 0, 0, 829, 829, 1, 5.64%, 0, 0, 2, 635.91
1570729504, 0, 0, 830, 830, 1, 5.64%, 0, 0, 2, 633.82
1570729509, 0, 0, 831, 831, 1, 5.64%, 0, 0, 2, 635.73
1570729514, 0, 0, 832, 832, 1, 5.64%, 0, 0, 2, 635.64
1570729525, 0, 0, 844, 844, 1, 5.66%, 0, 0, 2, 644.75
1570729530, 0, 0, 886, 886, 1, 5.69%, 0, 0, 2, 636.75
1570729535, 0, 0, 902, 902, 1, 5.69%, 0, 0, 2, 599.45
1570729540, 0, 0, 920, 920, 1, 5.71%, 0, 0, 2, 684.31
1570729545, 0, 0, 922, 922, 1, 5.71%, 0, 0, 2, 646.85
1570729550, 0, 0, 923, 923, 1, 5.74%, 0, 0, 2, 674.03
1570729556, 0, 0, 925, 925, 1, 5.75%, 0, 0, 2, 643.26
1570729561, 0, 0, 929, 929, 1, 5.77%, 0, 0, 2, 638.60
1570729592, 0, 0, 931, 931, 1, 5.77%, 0, 0, 2, 636.74
1570729607, 0, 0, 932, 932, 1, 5.77%, 0, 0, 2, 638.53
1570729617, 0, 0, 941, 941, 1, 5.77%, 0, 0, 2, 703.45
1570729623, 0, 0, 952, 952, 1, 5.83%, 0, 0, 2, 646.95
1570729628, 0, 0, 959, 959, 1, 5.83%, 0, 0, 2, 595.25
1570729633, 0, 0, 969, 969, 1, 5.83%, 0, 0, 2, 649.17
1570729643, 0, 0, 976, 976, 1, 5.84%, 0, 0, 2, 638.10
1570729648, 0, 0, 981, 981, 1, 5.85%, 0, 0, 2, 623.70
1570729653, 0, 0, 988, 988, 1, 5.86%, 0, 0, 2, 644.02
1570729658, 0, 0, 1016, 1016, 1, 6.16%, 0, 0, 2, 824.62
1570729663, 0, 0, 1019, 1019, 1, 6.18%, 0, 0, 2, 674.40
1570729669, 0, 0, 1021, 1021, 1, 6.18%, 0, 0, 2, 647.98
1570729674, 0, 0, 1024, 1024, 1, 6.19%, 0, 0, 2, 631.56
1570729694, 0, 0, 1025, 1025, 1, 6.20%, 0, 0, 2, 634.52
1570729710, 0, 0, 1029, 1029, 1, 6.21%, 0, 0, 2, 656.20
1570729715, 0, 0, 1031, 1031, 1, 6.21%, 0, 0, 2, 639.82
1570729720, 0, 0, 1036, 1036, 1, 6.23%, 0, 0, 2, 660.71
1570729725, 0, 0, 1040, 1040, 1, 6.25%, 0, 0, 2, 640.00
1570729730, 0, 0, 1041, 1041, 1, 6.25%, 0, 0, 2, 639.79
1570729735, 0, 0, 1042, 1042, 1, 6.26%, 0, 0, 2, 636.13
1570729741, 0, 0, 1043, 1043, 1, 6.26%, 0, 0, 2, 639.11
1570729756, 0, 0, 1044, 1044, 1, 6.30%, 0, 0, 2, 635.75
1570729766, 0, 0, 1046, 1046, 1, 6.30%, 0, 0, 2, 633.60
1570729771, 0, 0, 1048, 1048, 1, 6.32%, 0, 0, 2, 635.01
1570729776, 0, 0, 1050, 1050, 1, 6.33%, 0, 0, 2, 636.80
1570729787, 0, 0, 1052, 1052, 1, 6.33%, 0, 0, 2, 637.84
1570729813, 0, 0, 1053, 1053, 1, 6.33%, 0, 0, 2, 638.81
1570729859, 0, 0, 1054, 1054, 1, 6.33%, 0, 0, 2, 633.52
1570729864, 0, 0, 1055, 1055, 1, 6.34%, 0, 0, 2, 620.63
1570729869, 0, 0, 1056, 1056, 1, 6.34%, 0, 0, 2, 631.64
1570729874, 0, 0, 1057, 1057, 1, 6.34%, 0, 0, 2, 631.04
1570729885, 0, 0, 1059, 1059, 1, 6.34%, 0, 0, 2, 630.55
1570729905, 0, 0, 1060, 1060, 1, 6.34%, 0, 0, 2, 633.65
1570729941, 0, 0, 1067, 1067, 1, 6.36%, 0, 0, 2, 1426.45
1570729946, 0, 0, 1074, 1074, 1, 6.37%, 0, 0, 2, 1003.45
1570729951, 0, 0, 1085, 1085, 1, 6.45%, 0, 0, 2, 700.59
1570729956, 0, 0, 1097, 1097, 1, 6.45%, 0, 0, 2, 126.99
1570729962, 0, 0, 1101, 1101, 1, 6.46%, 0, 0, 2, 127.93
1570729967, 0, 0, 1108, 1108, 1, 6.47%, 0, 0, 2, 1272.43
1570729972, 0, 0, 1111, 1111, 1, 6.47%, 0, 0, 2, 130.80
1570729977, 0, 0, 1112, 1112, 1, 6.47%, 0, 0, 2, 1162.43
1570729983, 0, 0, 1121, 1121, 1, 6.47%, 0, 0, 2, 1472.64
1570729988, 0, 0, 1122, 1122, 1, 6.48%, 0, 0, 2, 710.68
1570729993, 0, 0, 1125, 1125, 1, 6.48%, 0, 0, 2, 1367.65
1570730004, 0, 0, 1130, 1130, 1, 6.48%, 0, 0, 2, 1017.64
1570730009, 0, 0, 1132, 1132, 1, 6.48%, 0, 0, 2, 108.79
1570730014, 0, 0, 1134, 1134, 1, 6.48%, 0, 0, 2, 1124.84
1570730019, 0, 0, 1135, 1135, 1, 6.48%, 0, 0, 2, 157.75
1570730024, 0, 0, 1169, 1169, 1, 6.50%, 0, 0, 2, 938.07
1570730029, 0, 0, 1176, 1176, 1, 6.50%, 0, 0, 2, 872.29
1570730034, 0, 0, 1178, 1178, 1, 6.50%, 0, 0, 2, 732.93
1570730050, 0, 0, 1180, 1180, 1, 6.51%, 0, 0, 2, 634.12
1570730070, 0, 0, 1182, 1182, 1, 6.51%, 0, 0, 2, 649.68
1570730101, 0, 0, 1183, 1183, 1, 6.51%, 0, 0, 2, 634.74
1570730111, 0, 0, 1184, 1184, 1, 6.52%, 0, 0, 2, 635.05
1570730152, 0, 0, 1185, 1185, 1, 6.52%, 0, 0, 2, 640.39
1570730158, 0, 0, 1186, 1186, 1, 6.52%, 0, 0, 2, 638.01
1570730163, 0, 0, 1187, 1187, 1, 6.52%, 0, 0, 2, 639.95
1570730168, 0, 0, 1190, 1190, 1, 6.52%, 0, 0, 2, 638.74
1570730173, 0, 0, 1191, 1191, 1, 6.52%, 0, 0, 2, 638.82
1570730199, 0, 0, 1194, 1194, 1, 6.52%, 0, 0, 2, 626.73
1570730204, 0, 0, 1195, 1195, 1, 6.52%, 0, 0, 2, 632.35
1570730214, 0, 0, 1196, 1196, 1, 6.52%, 0, 0, 2, 635.98
1570730245, 0, 0, 1197, 1197, 1, 6.52%, 0, 0, 2, 634.19
1570730255, 0, 0, 1200, 1200, 1, 6.52%, 0, 0, 2, 54.88
1570730276, 0, 0, 1201, 1201, 1, 6.52%, 0, 0, 2, 1187.93
1570730301, 0, 0, 1202, 1202, 1, 6.52%, 0, 0, 2, 1764.70
1570730322, 0, 0, 1203, 1203, 1, 6.52%, 0, 0, 2, 1398.53
1570730327, 0, 0, 1204, 1204, 1, 6.52%, 0, 0, 2, 59.73
1570730353, 0, 0, 1205, 1205, 1, 6.52%, 0, 0, 2, 906.10
1570730399, 0, 0, 1206, 1206, 1, 6.52%, 0, 0, 2, 625.33
1570730466, 0, 0, 1207, 1207, 1, 6.52%, 0, 0, 2, 632.39
1570730497, 0, 0, 1208, 1208, 1, 6.52%, 0, 0, 2, 639.51
1570730543, 0, 0, 1209, 1209, 1, 6.53%, 0, 0, 2, 1795.00
1570730564, 0, 0, 1210, 1210, 1, 6.53%, 0, 0, 2, 797.00
1570730579, 0, 0, 1215, 1215, 1, 6.54%, 0, 0, 2, 658.80
1570730584, 0, 0, 1221, 1221, 1, 6.55%, 0, 0, 2, 707.23
1570730651, 0, 0, 1222, 1222, 1, 6.55%, 0, 0, 2, 632.15
1570730672, 0, 0, 1231, 1231, 1, 6.55%, 0, 0, 2, 757.23
1570730677, 0, 0, 1236, 1236, 1, 6.55%, 0, 0, 2, 844.75
1570730682, 0, 0, 1238, 1238, 1, 6.56%, 0, 0, 2, 762.20
1570730687, 0, 0, 1247, 1247, 1, 6.59%, 0, 0, 2, 824.17
1570730847, 0, 0, 1251, 1251, 1, 6.60%, 0, 0, 2, 595.17
1570730852, 0, 0, 1254, 1254, 1, 6.60%, 0, 0, 2, 884.91
1570730857, 0, 0, 1261, 1261, 1, 6.61%, 0, 0, 2, 760.00
1570730862, 0, 0, 1262, 1262, 1, 6.61%, 0, 0, 2, 660.14
1570730877, 0, 0, 1265, 1265, 1, 6.61%, 0, 0, 2, 695.66
1570730892, 0, 0, 1266, 1266, 1, 6.61%, 0, 0, 2, 642.66
1570730897, 0, 0, 1268, 1268, 1, 6.62%, 0, 0, 2, 732.57
1570730990, 0, 0, 1269, 1269, 1, 6.62%, 0, 0, 2, 714.72
1570730995, 0, 0, 1270, 1270, 1, 6.62%, 0, 0, 2, 813.65
1570731000, 0, 0, 1275, 1275, 1, 6.62%, 0, 0, 2, 654.89
1570731020, 0, 0, 1312, 1312, 1, 6.68%, 0, 0, 2, 1281.02
1570731026, 0, 0, 1337, 1337, 1, 6.72%, 0, 0, 2, 1685.17
1570731031, 0, 0, 1355, 1355, 1, 6.72%, 0, 0, 2, 1750.53
1570731036, 0, 0, 1369, 1369, 1, 6.72%, 0, 0, 2, 1758.66
1570731041, 0, 34, 1375, 1364, 309, 6.75%, 0, 0, 2, 2584.70
1570731046, 0, 34, 1378, 1367, 309, 6.75%, 0, 0, 3, 1144.00
1570731062, 0, 34, 1379, 1368, 309, 6.75%, 0, 0, 3, 588.83
1570731098, 0, 34, 1380, 1369, 309, 6.75%, 0, 0, 3, 577.26
1570731108, 0, 34, 1381, 1370, 309, 6.75%, 0, 0, 3, 577.18
1570731113, 0, 34, 1382, 1371, 309, 6.75%, 0, 0, 3, 578.48
1570731119, 0, 34, 1383, 1372, 309, 6.75%, 0, 0, 3, 578.21
1570731129, 0, 34, 1390, 1379, 309, 6.75%, 0, 0, 3, 731.61
1570731134, 0, 34, 1391, 1380, 309, 6.75%, 0, 0, 3, 609.20
1570731139, 0, 34, 1393, 1382, 309, 6.75%, 0, 0, 3, 557.09
1570731144, 0, 34, 1407, 1396, 309, 6.75%, 0, 0, 3, 615.90
1570731230, 0, 34, 1410, 1399, 309, 6.75%, 0, 0, 3, 653.03
1570731235, 0, 34, 1411, 1400, 309, 6.75%, 0, 0, 3, 596.19
1570731240, 0, 34, 1412, 1401, 309, 6.75%, 0, 0, 3, 578.25
1570731245, 0, 34, 1415, 1404, 309, 6.75%, 0, 0, 3, 615.37
1570731331, 0, 34, 1418, 1407, 309, 6.75%, 0, 0, 3, 638.54
1570731336, 0, 34, 1420, 1409, 309, 6.75%, 0, 0, 3, 581.96
1570731347, 0, 34, 1423, 1412, 309, 6.75%, 0, 0, 3, 589.16
1570731357, 0, 34, 1424, 1413, 309, 6.75%, 0, 0, 3, 560.10
1570731684, 0, 34, 1426, 1415, 309, 6.76%, 0, 0, 3, 575.17
1570731689, 0, 34, 1427, 1416, 309, 6.76%, 0, 0, 3, 575.04
1570731704, 0, 34, 1428, 1417, 309, 6.76%, 0, 0, 3, 575.12
1570731710, 0, 34, 1432, 1421, 309, 6.76%, 0, 0, 3, 970.00
1570731715, 0, 34, 1434, 1423, 309, 6.76%, 0, 0, 3, 877.67
1570731720, 0, 34, 1436, 1425, 309, 6.76%, 0, 0, 3, 1149.45
1570731725, 0, 34, 1438, 1427, 309, 6.76%, 0, 0, 3, 105.00
1570731735, 0, 34, 1439, 1428, 309, 6.76%, 0, 0, 3, 1099.50
1570731740, 0, 34, 1440, 1429, 309, 6.76%, 0, 0, 3, 764.82
1570731745, 0, 34, 1442, 1431, 309, 6.76%, 0, 0, 3, 1462.69
1570731791, 0, 34, 1443, 1432, 309, 6.76%, 0, 0, 3, 1177.63
1570731796, 0, 34, 1455, 1444, 309, 6.76%, 0, 0, 3, 912.55
1570731852, 0, 34, 1456, 1445, 309, 6.77%, 0, 0, 3, 579.84
1570732064, 0, 34, 1457, 1446, 309, 6.77%, 0, 0, 3, 1415.97
1570732151, 0, 34, 1458, 1447, 309, 6.77%, 0, 0, 3, 49.30
1570732380, 0, 34, 1459, 1448, 309, 6.77%, 0, 0, 3, 809.67
1570732405, 0, 34, 1460, 1449, 309, 6.77%, 0, 0, 3, 545.15
1570732526, 0, 34, 1462, 1451, 309, 6.77%, 0, 0, 3, 653.35
1570732532, 0, 34, 1463, 1452, 309, 6.77%, 0, 0, 3, 681.97
1570732739, 0, 34, 1464, 1453, 309, 6.77%, 0, 0, 3, 671.12
1570732906, 0, 34, 1465, 1454, 309, 6.77%, 0, 0, 3, 778.43
1570732931, 0, 69, 1465, 1452, 318, 6.77%, 0, 0, 3, 1244.65
1570733014, 0, 69, 1466, 1453, 318, 6.77%, 0, 0, 3, 659.82
1570733240, 0, 69, 1467, 1454, 318, 6.77%, 0, 0, 3, 651.45
1570733554, 0, 69, 1468, 1455, 318, 6.77%, 0, 0, 3, 779.48
1570734466, 0, 69, 1469, 1456, 318, 6.77%, 0, 0, 3, 700.90
1570734604, 0, 69, 1471, 1458, 318, 6.77%, 0, 0, 3, 889.73
1570734609, 0, 69, 1487, 1474, 318, 6.78%, 0, 0, 3, 1589.55
1570734614, 0, 69, 1501, 1488, 318, 6.78%, 0, 0, 3, 1797.10
1570734619, 0, 69, 1506, 1493, 318, 6.78%, 0, 0, 3, 1867.66
1570734624, 0, 102, 1514, 1500, 315, 6.80%, 0, 0, 3, 1531.25
1570734706, 0, 102, 1518, 1504, 315, 6.80%, 0, 0, 3, 668.34
1570734716, 0, 102, 1519, 1505, 315, 6.80%, 0, 0, 3, 678.15
1570735225, 0, 102, 1520, 1506, 315, 6.80%, 0, 0, 3, 961.95
1570735271, 0, 102, 1521, 1507, 315, 6.80%, 0, 0, 3, 90.68
1570736302, 0, 103, 1522, 1507, 314, 6.80%, 0, 0, 3, 1287.48
1570736312, 0, 103, 1523, 1508, 314, 6.80%, 0, 0, 3, 690.08
1570736379, 0, 103, 1524, 1509, 314, 6.80%, 0, 0, 3, 634.17
1570736384, 0, 103, 1526, 1511, 314, 6.80%, 0, 0, 3, 823.33
1570736399, 0, 103, 1527, 1512, 314, 6.81%, 0, 0, 3, 640.96
1570736599, 0, 103, 1528, 1513, 314, 6.81%, 0, 0, 3, 630.31
1570737979, 0, 115, 1528, 1512, 315, 6.81%, 0, 0, 3, 835.48
1570739654, 0, 116, 1528, 1511, 314, 6.81%, 0, 0, 3, 1113.68
1570739737, 0, 116, 1529, 1512, 314, 6.81%, 0, 0, 3, 655.89
1570739834, 0, 116, 1530, 1513, 314, 6.81%, 0, 0, 3, 605.01
1570739972, 0, 116, 1531, 1514, 314, 6.81%, 0, 0, 3, 633.51
1570741314, 0, 116, 1532, 1515, 314, 6.81%, 0, 0, 3, 591.69
1570741329, 0, 116, 1533, 1516, 314, 6.81%, 0, 0, 3, 837.06
1570741334, 0, 116, 1543, 1526, 314, 6.83%, 0, 0, 3, 1532.76
1570741339, 0, 116, 1545, 1528, 314, 6.83%, 0, 0, 3, 1722.74
1570741344, 0, 116, 1550, 1533, 314, 6.84%, 0, 0, 3, 1751.82
1570741350, 0, 122, 1558, 1540, 321, 6.84%, 0, 0, 3, 1583.75
1570741355, 0, 122, 1559, 1541, 321, 6.84%, 0, 0, 3, 843.74
1570741432, 0, 122, 1562, 1544, 321, 6.84%, 0, 0, 3, 649.18
1570741452, 0, 122, 1563, 1545, 321, 6.84%, 0, 0, 3, 667.64
1570741524, 0, 122, 1564, 1546, 321, 6.84%, 0, 0, 3, 663.45
1570741668, 0, 122, 1565, 1547, 321, 6.84%, 0, 0, 3, 632.34
1570742849, 0, 122, 1566, 1548, 321, 6.84%, 0, 0, 3, 131.52
1570743023, 0, 149, 1566, 1546, 316, 6.84%, 0, 0, 3, 1607.61
1570743105, 0, 149, 1567, 1547, 316, 6.84%, 0, 0, 3, 699.53
1570743120, 0, 149, 1568, 1548, 316, 6.84%, 0, 0, 3, 647.48
1570744701, 0, 149, 1575, 1555, 316, 6.84%, 0, 0, 3, 1485.79
1570744706, 0, 149, 1585, 1565, 316, 6.86%, 0, 0, 3, 1674.46
1570744711, 0, 149, 1593, 1573, 316, 6.86%, 0, 0, 3, 1785.13
1570744716, 0, 162, 1597, 1575, 313, 6.86%, 0, 0, 3, 2182.97
1570744721, 0, 176, 1597, 1570, 308, 6.86%, 0, 0, 3, 1856.42
1570744732, 0, 176, 1600, 1573, 308, 6.86%, 0, 0, 3, 721.21
1570744799, 0, 176, 1602, 1575, 308, 6.86%, 0, 0, 3, 648.59
1570744912, 0, 176, 1603, 1576, 308, 6.87%, 0, 0, 3, 635.01
1570744985, 0, 176, 1604, 1577, 308, 6.87%, 0, 0, 3, 735.57
1570745005, 0, 176, 1605, 1578, 308, 6.87%, 0, 0, 3, 647.98
1570745062, 0, 176, 1607, 1580, 308, 6.87%, 0, 0, 3, 629.17
1570745313, 0, 176, 1608, 1581, 308, 6.87%, 0, 0, 3, 79.80
1570745421, 0, 176, 1609, 1582, 308, 6.88%, 0, 0, 3, 628.59
1570745949, 0, 176, 1610, 1583, 308, 6.88%, 0, 0, 3, 697.95
1570746262, 0, 176, 1613, 1586, 308, 6.88%, 0, 0, 3, 637.82
1570746395, 0, 176, 1620, 1593, 308, 6.89%, 0, 0, 3, 1400.05
1570746400, 0, 176, 1622, 1595, 308, 6.89%, 0, 0, 3, 1756.96
1570746405, 0, 176, 1628, 1601, 308, 6.89%, 0, 0, 3, 1779.40
1570746410, 0, 176, 1641, 1614, 308, 6.90%, 0, 0, 3, 1648.07
1570746415, 0, 184, 1641, 1612, 312, 6.90%, 0, 0, 3, 1147.63
1570746425, 0, 184, 1642, 1613, 312, 6.90%, 0, 0, 3, 669.81
1570746496, 0, 184, 1643, 1614, 312, 6.90%, 0, 0, 3, 629.01
1570746507, 0, 184, 1644, 1615, 312, 6.90%, 0, 0, 3, 659.11
1570746608, 0, 184, 1645, 1616, 312, 6.90%, 0, 0, 3, 650.60
1570747008, 0, 184, 1646, 1617, 312, 6.90%, 0, 0, 3, 68.35
1570747319, 0, 184, 1648, 1619, 312, 6.90%, 0, 0, 3, 1472.10
1570748091, 0, 184, 1650, 1621, 312, 6.90%, 0, 0, 3, 1134.87
1570748096, 0, 184, 1655, 1626, 312, 6.90%, 0, 0, 3, 1649.27
1570748101, 0, 184, 1663, 1634, 312, 6.90%, 0, 0, 3, 1767.26
1570748106, 0, 184, 1668, 1639, 312, 6.90%, 0, 0, 3, 1779.70
1570748111, 0, 192, 1672, 1640, 313, 6.90%, 0, 0, 3, 1875.17
1570748764, 0, 192, 1673, 1641, 313, 6.90%, 0, 0, 3, 100.99
1570748821, 0, 192, 1674, 1642, 313, 6.91%, 0, 0, 3, 671.06
1570749792, 0, 236, 1674, 1637, 309, 6.91%, 0, 0, 3, 1670.12
1570749873, 0, 236, 1675, 1638, 309, 6.91%, 0, 0, 3, 689.25
1570749904, 0, 236, 1676, 1639, 309, 6.91%, 0, 0, 3, 627.76
1570749980, 0, 236, 1677, 1640, 309, 6.91%, 0, 0, 3, 639.30
1570749996, 0, 236, 1678, 1641, 309, 6.91%, 0, 0, 3, 629.53
1570750251, 0, 236, 1679, 1642, 309, 6.91%, 0, 0, 3, 622.03
1570750418, 0, 236, 1680, 1643, 309, 6.91%, 0, 0, 3, 165.09
1570751123, 0, 236, 1681, 1644, 309, 6.91%, 0, 0, 3, 628.76
1570751474, 0, 236, 1685, 1648, 309, 6.91%, 0, 0, 3, 1403.15
1570751480, 0, 236, 1688, 1651, 309, 6.91%, 0, 0, 3, 1747.95
1570751485, 0, 236, 1694, 1657, 309, 6.91%, 0, 0, 3, 1806.81
1570751490, 0, 237, 1696, 1658, 312, 6.91%, 0, 0, 3, 1810.89
1570751505, 0, 237, 1697, 1659, 312, 6.91%, 0, 0, 3, 663.79
1570753175, 0, 237, 1699, 1661, 312, 6.92%, 0, 0, 3, 1093.05
1570753181, 0, 246, 1700, 1661, 313, 6.92%, 0, 0, 3, 856.58
1570753191, 0, 246, 1701, 1662, 313, 6.92%, 0, 0, 3, 654.80
1570753196, 0, 246, 1703, 1664, 313, 6.92%, 0, 0, 3, 636.80
1570753257, 0, 246, 1705, 1666, 313, 6.92%, 0, 0, 3, 696.15
1570753262, 0, 246, 1706, 1667, 313, 6.92%, 0, 0, 3, 621.64
1570753288, 0, 246, 1708, 1669, 313, 6.92%, 0, 0, 3, 636.28
1570753375, 0, 246, 1709, 1670, 313, 6.92%, 0, 0, 3, 646.65
1570753558, 0, 246, 1712, 1673, 313, 6.93%, 0, 0, 3, 628.72
1570753773, 0, 246, 1713, 1674, 313, 6.93%, 0, 0, 3, 1436.62
1570753784, 0, 246, 1714, 1675, 313, 6.93%, 0, 0, 3, 1224.08
1570753830, 0, 246, 1715, 1676, 313, 6.93%, 0, 0, 3, 1327.43
1570754394, 0, 246, 1716, 1677, 313, 6.95%, 0, 0, 3, 682.57
1570754867, 0, 259, 1718, 1677, 317, 6.95%, 0, 0, 3, 1406.84
1570754888, 0, 259, 1719, 1678, 317, 6.95%, 0, 0, 3, 632.90
1570756556, 0, 266, 1719, 1675, 315, 6.95%, 0, 0, 3, 1335.95
1570756633, 0, 266, 1720, 1676, 315, 6.95%, 0, 0, 3, 625.51
1570756658, 0, 266, 1721, 1677, 315, 6.95%, 0, 0, 3, 655.71
1570756669, 0, 266, 1724, 1680, 315, 6.96%, 0, 0, 3, 630.77
1570756822, 0, 266, 1725, 1681, 315, 6.96%, 0, 0, 3, 667.97
1570756980, 0, 266, 1726, 1682, 315, 6.96%, 0, 0, 3, 632.65
1570757308, 0, 266, 1727, 1683, 315, 6.96%, 0, 0, 3, 632.65
1570758243, 0, 305, 1727, 1680, 315, 6.96%, 0, 0, 3, 1202.31
1570758304, 0, 305, 1728, 1681, 315, 6.96%, 0, 0, 3, 625.28
1570758329, 0, 305, 1729, 1682, 315, 6.96%, 0, 0, 3, 595.08
1570758334, 0, 305, 1730, 1683, 315, 6.96%, 0, 0, 3, 673.91
1570759904, 0, 305, 1731, 1684, 315, 6.96%, 0, 0, 3, 689.91
1570759925, 0, 305, 1732, 1685, 315, 6.96%, 0, 0, 3, 1021.05
1570759930, 0, 319, 1732, 1684, 315, 6.96%, 0, 0, 3, 877.48
1570759940, 0, 319, 1733, 1685, 315, 6.96%, 0, 0, 3, 652.71
1570759976, 0, 319, 1735, 1687, 315, 6.96%, 0, 0, 3, 630.12
1570759986, 0, 319, 1736, 1688, 315, 6.96%, 0, 0, 3, 628.20
1570760083, 0, 319, 1737, 1689, 315, 6.96%, 0, 0, 3, 627.68
1570760108, 0, 319, 1738, 1690, 315, 6.96%, 0, 0, 3, 614.57
1570760114, 0, 319, 1739, 1691, 315, 6.96%, 0, 0, 3, 664.19
1570760196, 0, 319, 1740, 1692, 315, 6.96%, 0, 0, 3, 616.77
1570760201, 0, 319, 1741, 1693, 315, 6.96%, 0, 0, 3, 573.11
1570760221, 0, 319, 1742, 1694, 315, 6.96%, 0, 0, 3, 646.75
1570760548, 0, 319, 1743, 1695, 315, 6.96%, 0, 0, 3, 1030.29
1570761611, 0, 336, 1743, 1694, 316, 6.96%, 0, 0, 3, 1256.38
1570761672, 0, 336, 1744, 1695, 316, 6.96%, 0, 0, 3, 624.54
1570761697, 0, 336, 1747, 1698, 316, 6.96%, 0, 0, 3, 626.61
1570762282, 0, 336, 1748, 1699, 316, 6.96%, 0, 0, 3, 902.24
1570763301, 0, 342, 1748, 1698, 316, 6.96%, 0, 0, 3, 1039.64
1570763306, 0, 395, 1748, 1696, 314, 6.96%, 0, 0, 3, 1081.46
1570763383, 0, 395, 1752, 1700, 314, 6.96%, 0, 0, 3, 680.90
1570763393, 0, 395, 1754, 1702, 314, 6.96%, 0, 0, 3, 599.00
1570763475, 0, 395, 1756, 1704, 314, 6.97%, 0, 0, 3, 637.62
1570763908, 0, 395, 1757, 1705, 314, 6.97%, 0, 0, 3, 956.42
1570764998, 0, 418, 1757, 1703, 312, 6.97%, 0, 0, 3, 1338.95
1570765080, 0, 418, 1759, 1705, 312, 6.97%, 0, 0, 3, 677.15
1570765085, 0, 418, 1760, 1706, 312, 6.97%, 0, 0, 3, 611.48
1570765101, 0, 418, 1762, 1708, 312, 6.97%, 0, 0, 3, 614.44
1570765193, 0, 418, 1763, 1709, 312, 6.97%, 0, 0, 3, 625.52
1570765275, 0, 418, 1764, 1710, 312, 6.97%, 0, 0, 3, 594.16
1570765280, 0, 418, 1765, 1711, 312, 6.97%, 0, 0, 3, 605.44
1570765301, 0, 418, 1766, 1712, 312, 6.97%, 0, 0, 3, 632.58
1570765327, 0, 418, 1768, 1714, 312, 6.97%, 0, 0, 3, 611.24
1570765706, 0, 418, 1772, 1718, 312, 6.97%, 0, 0, 3, 617.95
1570765717, 0, 418, 1773, 1719, 312, 6.97%, 0, 0, 3, 607.86
1570765974, 0, 418, 1774, 1720, 312, 6.97%, 0, 0, 3, 831.64
1570766005, 0, 418, 1775, 1721, 312, 6.97%, 0, 0, 3, 1521.49
1570766698, 0, 418, 1776, 1722, 312, 6.97%, 0, 0, 3, 697.28
1570766734, 0, 418, 1780, 1726, 312, 7.01%, 0, 0, 3, 1515.40
1570766739, 0, 418, 1783, 1729, 312, 7.01%, 0, 0, 3, 1726.34
1570766744, 0, 418, 1788, 1734, 312, 7.02%, 0, 0, 3, 1768.25
1570766749, 0, 453, 1793, 1737, 318, 7.02%, 0, 0, 3, 2153.31
1570766754, 0, 453, 1794, 1738, 318, 7.02%, 0, 0, 3, 1021.10
1570766826, 0, 453, 1795, 1739, 318, 7.02%, 0, 0, 3, 668.19
1570766831, 0, 453, 1802, 1746, 318, 7.03%, 0, 0, 3, 639.06
1570766836, 0, 453, 1804, 1748, 318, 7.03%, 0, 0, 3, 611.73
1570766841, 0, 453, 1808, 1752, 318, 7.03%, 0, 0, 3, 682.10
1570766919, 0, 453, 1812, 1756, 318, 7.03%, 0, 0, 3, 695.48
1570766929, 0, 453, 1814, 1758, 318, 7.03%, 0, 0, 3, 719.95
1570767042, 0, 453, 1815, 1759, 318, 7.03%, 0, 0, 3, 671.18
1570767334, 0, 453, 1816, 1760, 318, 7.04%, 0, 0, 3, 119.33
1570767395, 0, 453, 1819, 1763, 318, 7.04%, 0, 0, 3, 1063.49
1570767400, 0, 453, 1820, 1764, 318, 7.04%, 0, 0, 3, 891.27
1570767641, 0, 453, 1821, 1765, 318, 7.04%, 0, 0, 3, 90.57
1570768389, 0, 459, 1821, 1764, 325, 7.04%, 0, 0, 3, 931.92
1570768394, 0, 459, 1824, 1767, 325, 7.04%, 0, 0, 3, 686.02
1570768480, 0, 459, 1825, 1768, 325, 7.04%, 0, 0, 3, 670.28
1570768572, 0, 459, 1826, 1769, 325, 7.04%, 0, 0, 3, 626.09
1570768582, 0, 459, 1827, 1770, 325, 7.04%, 0, 0, 3, 624.74
1570768709, 0, 459, 1829, 1772, 325, 7.04%, 0, 0, 3, 621.53
1570768994, 0, 459, 1831, 1774, 325, 7.04%, 0, 0, 3, 1025.80
1570769009, 0, 459, 1832, 1775, 325, 7.04%, 0, 0, 3, 174.10
1570769625, 0, 459, 1833, 1776, 325, 7.04%, 0, 0, 3, 590.10
1570769732, 0, 459, 1834, 1777, 325, 7.04%, 0, 0, 3, 777.92
1570770103, 0, 468, 1835, 1777, 320, 7.04%, 0, 0, 3, 1174.61
1570770108, 0, 474, 1835, 1774, 317, 7.04%, 0, 0, 3, 1298.74
1570770113, 0, 474, 1836, 1775, 317, 7.04%, 0, 0, 3, 756.68
1570770189, 0, 474, 1838, 1777, 317, 7.04%, 0, 0, 3, 665.32
1570770199, 0, 474, 1840, 1779, 317, 7.04%, 0, 0, 3, 670.67
1570770443, 0, 474, 1844, 1783, 317, 7.04%, 0, 0, 3, 621.47
1570770712, 0, 474, 1845, 1784, 317, 7.04%, 0, 0, 3, 1207.74
1570771353, 0, 474, 1846, 1785, 317, 7.04%, 0, 0, 3, 646.69
1570771450, 0, 474, 1847, 1786, 317, 7.04%, 0, 0, 3, 734.47
1570771460, 0, 474, 1848, 1787, 317, 7.04%, 0, 0, 3, 732.67
1570771673, 0, 474, 1850, 1789, 317, 7.04%, 0, 0, 3, 625.91
1570771836, 0, 482, 1850, 1787, 318, 7.04%, 0, 0, 3, 1504.15
1570771841, 0, 537, 1850, 1778, 309, 7.04%, 0, 0, 3, 2746.22
1570771846, 0, 567, 1850, 1773, 305, 7.04%, 0, 0, 3, 2135.74
1570771856, 0, 567, 1853, 1776, 305, 7.04%, 0, 0, 3, 724.66
1570771912, 0, 567, 1855, 1778, 305, 7.05%, 0, 0, 3, 626.24
1570771932, 0, 567, 1856, 1779, 305, 7.05%, 0, 0, 3, 610.53
1570771953, 0, 567, 1857, 1780, 305, 7.05%, 0, 0, 3, 636.87
1570772207, 0, 567, 1859, 1782, 305, 7.05%, 0, 0, 3, 633.15
1570772526, 0, 567, 1861, 1784, 305, 7.05%, 0, 0, 3, 903.94
1570773572, 0, 592, 1861, 1781, 309, 7.05%, 0, 0, 3, 1694.11
1570773577, 0, 599, 1861, 1780, 308, 7.05%, 0, 0, 3, 1064.37
1570773658, 0, 599, 1866, 1785, 308, 7.05%, 0, 0, 3, 640.80
1570773845, 0, 599, 1867, 1786, 308, 7.05%, 0, 0, 3, 615.73
1570774189, 0, 599, 1868, 1787, 308, 7.05%, 0, 0, 3, 1674.35
1570774810, 0, 599, 1869, 1788, 308, 7.05%, 0, 0, 3, 711.07
1570774901, 0, 599, 1870, 1789, 308, 7.05%, 0, 0, 3, 731.24
1570775286, 0, 712, 1870, 1786, 303, 7.05%, 0, 0, 3, 1583.21
1570775291, 0, 712, 1871, 1787, 303, 7.05%, 0, 0, 3, 846.65
1570775379, 0, 712, 1873, 1789, 303, 7.05%, 0, 0, 3, 678.66
1570775554, 0, 712, 1874, 1790, 303, 7.06%, 0, 0, 3, 612.44
1570775878, 0, 712, 1875, 1791, 303, 7.06%, 0, 0, 3, 1126.83
1570775889, 0, 712, 1876, 1792, 303, 7.06%, 0, 0, 3, 1454.02
1570776796, 0, 712, 1877, 1793, 303, 7.06%, 0, 0, 3, 1337.36
1570776982, 0, 727, 1878, 1793, 305, 7.06%, 0, 0, 3, 1420.44
1570777063, 0, 727, 1880, 1795, 305, 7.06%, 0, 0, 3, 694.13
1570777078, 0, 727, 1881, 1796, 305, 7.06%, 0, 0, 3, 649.61
1570777159, 0, 727, 1882, 1797, 305, 7.06%, 0, 0, 3, 658.34
1570777275, 0, 727, 1883, 1798, 305, 7.07%, 0, 0, 3, 623.89
1570777285, 0, 727, 1884, 1799, 305, 7.07%, 0, 0, 3, 766.31
1570777573, 0, 727, 1885, 1800, 305, 7.07%, 0, 0, 3, 664.55
1570778715, 0, 755, 1886, 1799, 306, 7.07%, 0, 0, 3, 1575.58
1570778812, 0, 755, 1887, 1800, 306, 7.07%, 0, 0, 3, 651.52
1570779243, 0, 755, 1888, 1801, 306, 7.07%, 0, 0, 3, 605.44
1570779330, 0, 755, 1889, 1802, 306, 7.07%, 0, 0, 3, 103.45
1570779376, 0, 755, 1893, 1806, 306, 7.07%, 0, 0, 3, 945.56
1570780136, 0, 755, 1894, 1807, 306, 7.07%, 0, 0, 3, 774.70
1570780331, 0, 755, 1895, 1808, 306, 7.07%, 0, 0, 3, 142.59
1570780361, 0, 769, 1895, 1807, 305, 7.07%, 0, 0, 3, 876.42
1570780427, 0, 769, 1896, 1808, 305, 7.07%, 0, 0, 3, 625.16
1570780443, 0, 769, 1899, 1811, 305, 7.07%, 0, 0, 3, 630.86
1570780448, 0, 769, 1900, 1812, 305, 7.07%, 0, 0, 3, 581.10
1570780514, 0, 769, 1901, 1813, 305, 7.07%, 0, 0, 3, 623.27
1570780519, 0, 769, 1902, 1814, 305, 7.07%, 0, 0, 3, 626.44
1570780616, 0, 769, 1903, 1815, 305, 7.07%, 0, 0, 3, 631.74
1570780637, 0, 769, 1904, 1816, 305, 7.07%, 0, 0, 3, 652.22
1570780662, 0, 769, 1905, 1817, 305, 7.07%, 0, 0, 3, 843.99
1570780976, 0, 769, 1906, 1818, 305, 7.07%, 0, 0, 3, 993.83
1570782063, 0, 769, 1907, 1819, 305, 7.07%, 0, 0, 3, 812.64
1570782094, 0, 792, 1908, 1815, 303, 7.08%, 0, 0, 3, 1280.28
1570782170, 0, 792, 1910, 1817, 303, 7.08%, 0, 0, 3, 641.07
1570782175, 0, 792, 1912, 1819, 303, 7.08%, 0, 0, 3, 664.87
1570782180, 0, 792, 1913, 1820, 303, 7.08%, 0, 0, 3, 593.63
1570782185, 0, 792, 1914, 1821, 303, 7.08%, 0, 0, 3, 678.18
1570782359, 0, 792, 1915, 1822, 303, 7.08%, 0, 0, 3, 683.61
1570782395, 0, 792, 1916, 1823, 303, 7.08%, 0, 0, 3, 741.18
1570783813, 0, 801, 1917, 1823, 303, 7.08%, 0, 0, 3, 1009.26
1570785551, 0, 803, 1917, 1822, 302, 7.08%, 0, 0, 3, 917.97
1570786254, 0, 803, 1918, 1823, 302, 7.09%, 0, 0, 3, 628.91
1570787297, 0, 809, 1918, 1821, 301, 7.09%, 0, 0, 3, 1614.92
1570787377, 0, 809, 1919, 1822, 301, 7.09%, 0, 0, 3, 696.68
1570787495, 0, 809, 1920, 1823, 301, 7.09%, 0, 0, 3, 655.70
1570787642, 0, 809, 1921, 1824, 301, 7.09%, 0, 0, 3, 628.81
1570789042, 0, 811, 1921, 1822, 302, 7.09%, 0, 0, 3, 973.88
1570789062, 0, 811, 1922, 1823, 302, 7.09%, 0, 0, 3, 630.72
1570789118, 0, 811, 1923, 1824, 302, 7.09%, 0, 0, 3, 699.88
1570790776, 0, 814, 1924, 1824, 303, 7.09%, 0, 0, 3, 1251.21
1570790862, 0, 814, 1926, 1826, 303, 7.09%, 0, 0, 3, 632.82
1570790954, 0, 814, 1927, 1827, 303, 7.09%, 0, 0, 3, 673.99
1570792521, 0, 820, 1927, 1824, 301, 7.09%, 0, 0, 3, 1799.64
1570792602, 0, 820, 1928, 1825, 301, 7.09%, 0, 0, 3, 706.01
1570794259, 0, 820, 1929, 1826, 301, 7.09%, 0, 0, 3, 1038.48
1570794264, 0, 820, 1933, 1830, 301, 7.09%, 0, 0, 3, 1597.90
1570794269, 0, 820, 1936, 1833, 301, 7.09%, 0, 0, 3, 1779.40
1570794274, 0, 820, 1937, 1834, 301, 7.09%, 0, 0, 3, 1794.63
1570794279, 0, 821, 1940, 1836, 300, 7.09%, 0, 0, 3, 1468.47
1570794356, 0, 821, 1941, 1837, 300, 7.09%, 0, 0, 3, 636.88
1570796020, 0, 822, 1941, 1836, 300, 7.09%, 0, 0, 3, 828.46
1570796030, 0, 822, 1942, 1837, 300, 7.09%, 0, 0, 3, 651.94
1570796208, 0, 822, 1943, 1838, 300, 7.09%, 0, 0, 3, 634.66
1570796314, 0, 822, 1944, 1839, 300, 7.09%, 0, 0, 3, 639.43
1570796650, 0, 822, 1945, 1840, 300, 7.09%, 0, 0, 3, 128.89
1570797765, 0, 826, 1945, 1839, 300, 7.09%, 0, 0, 3, 927.80
1570798189, 0, 826, 1947, 1841, 300, 7.12%, 0, 0, 3, 626.03
1570798523, 0, 826, 1948, 1842, 300, 7.12%, 0, 0, 3, 624.75
1570799513, 0, 827, 1948, 1841, 302, 7.12%, 0, 0, 3, 882.35
1570799533, 0, 827, 1949, 1842, 302, 7.14%, 0, 0, 3, 625.73
1570799588, 0, 827, 1950, 1843, 302, 7.14%, 0, 0, 3, 636.23
1570799593, 0, 827, 1951, 1844, 302, 7.14%, 0, 0, 3, 657.16
1570799791, 0, 827, 1952, 1845, 302, 7.14%, 0, 0, 3, 639.91
1570799943, 0, 827, 1954, 1847, 302, 7.14%, 0, 0, 3, 624.90
1570801118, 0, 827, 1956, 1849, 302, 7.19%, 0, 0, 3, 620.07
1570801254, 0, 858, 1956, 1847, 303, 7.19%, 0, 0, 3, 1410.81
1570801259, 0, 875, 1956, 1845, 301, 7.19%, 0, 0, 3, 1155.37
1570801270, 0, 875, 1957, 1846, 301, 7.19%, 0, 0, 3, 671.08
1570801340, 0, 875, 1959, 1848, 301, 7.19%, 0, 0, 3, 662.26
1570803007, 0, 920, 1959, 1843, 297, 7.19%, 0, 0, 3, 1657.28
1570804756, 0, 920, 1961, 1845, 297, 7.19%, 0, 0, 3, 1133.69
1570804761, 0, 920, 1967, 1851, 297, 7.20%, 0, 0, 3, 1651.94
1570804767, 0, 920, 1971, 1855, 297, 7.20%, 0, 0, 3, 1732.34
1570804772, 0, 920, 1972, 1856, 297, 7.20%, 0, 0, 3, 1805.49
1570804777, 0, 925, 1972, 1854, 300, 7.20%, 0, 0, 3, 1502.77
1570806527, 0, 927, 1972, 1853, 299, 7.20%, 0, 0, 3, 863.29
1570806602, 0, 927, 1973, 1854, 299, 7.20%, 0, 0, 3, 657.91
1570806638, 0, 927, 1974, 1855, 299, 7.21%, 0, 0, 3, 625.67
1570806729, 0, 927, 1975, 1856, 299, 7.21%, 0, 0, 3, 630.92
1570808276, 0, 929, 1975, 1855, 300, 7.21%, 0, 0, 3, 1323.31
1570808357, 0, 929, 1976, 1856, 300, 7.21%, 0, 0, 3, 704.84
1570808580, 0, 929, 1977, 1857, 300, 7.21%, 0, 0, 3, 795.17
1570810019, 0, 930, 1977, 1856, 300, 7.21%, 0, 0, 3, 1299.68
1570811762, 0, 976, 1977, 1852, 296, 7.21%, 0, 0, 3, 1357.21
1570811772, 0, 976, 1978, 1853, 296, 7.21%, 0, 0, 3, 687.05
1570811777, 0, 976, 1979, 1854, 296, 7.21%, 0, 0, 3, 640.39
1570811782, 0, 976, 1980, 1855, 296, 7.21%, 0, 0, 3, 632.87
1570811812, 0, 976, 1984, 1859, 296, 7.24%, 0, 0, 3, 629.67
1570811843, 0, 976, 1985, 1860, 296, 7.24%, 0, 0, 3, 688.52
1570811909, 0, 976, 1986, 1861, 296, 7.24%, 0, 0, 3, 629.65
1570811944, 0, 976, 1987, 1862, 296, 7.24%, 0, 0, 3, 703.48
1570812229, 0, 976, 1988, 1863, 296, 7.25%, 0, 0, 3, 628.09
1570813506, 0, 983, 1988, 1861, 300, 7.25%, 0, 0, 3, 1571.60
1570813522, 0, 983, 1989, 1862, 300, 7.25%, 0, 0, 3, 650.01
1570815254, 0, 983, 1992, 1865, 300, 7.25%, 0, 0, 3, 1356.24
1570815259, 0, 986, 1992, 1863, 298, 7.25%, 0, 0, 3, 1479.19
1570815340, 0, 986, 1993, 1864, 298, 7.25%, 0, 0, 3, 696.21
