# unix_time, cycles_done, cur_path, paths_total, pending_total, pending_favs, map_size, unique_crashes, unique_hangs, max_depth, execs_per_sec
1570729193, 0, 0, 1, 1, 1, 3.55%, 0, 0, 1, 666.67
1570729198, 0, 0, 94, 94, 1, 4.07%, 0, 0, 2, 852.04
1570729203, 0, 0, 195, 195, 1, 4.43%, 0, 0, 2, 789.21
1570729208, 0, 0, 248, 248, 1, 4.58%, 0, 0, 2, 768.31
1570729213, 0, 0, 267, 267, 1, 4.62%, 0, 0, 2, 749.80
1570729218, 0, 0, 270, 270, 1, 4.65%, 0, 0, 2, 738.37
1570729239, 0, 0, 274, 274, 1, 4.67%, 0, 0, 2, 730.02
1570729244, 0, 0, 280, 280, 1, 4.68%, 0, 0, 2, 732.60
1570729249, 0, 0, 333, 333, 1, 4.77%, 0, 0, 2, 732.00
1570729254, 0, 0, 348, 348, 1, 4.78%, 0, 0, 2, 729.32
1570729264, 0, 0, 416, 416, 1, 4.99%, 0, 0, 2, 937.91
1570729270, 0, 0, 579, 579, 1, 5.28%, 0, 0, 2, 804.80
1570729275, 0, 0, 672, 672, 1, 5.33%, 0, 0, 2, 659.29
1570729280, 0, 0, 731, 731, 1, 5.34%, 0, 0, 2, 807.40
1570729285, 0, 0, 795, 795, 1, 5.54%, 0, 0, 2, 796.23
1570729290, 0, 0, 807, 807, 1, 5.56%, 0, 0, 2, 766.18
1570729295, 0, 0, 818, 818, 1, 5.61%, 0, 0, 2, 752.36
1570729301, 0, 0, 824, 824, 1, 5.64%, 0, 0, 2, 738.48
1570729331, 0, 0, 825, 825, 1, 5.64%, 0, 0, 2, 687.08
1570729336, 0, 0, 827, 827, 1, 5.64%, 0, 0, 2, 693.12
1570729341, 0, 0, 828, 828, 1, 5.64%, 0, 0, 2, 689.21
1570729352, 0, 0, 835, 835, 1, 5.64%, 0, 0, 2, 671.91
1570729357, 0, 0, 875, 875, 1, 5.69%, 0, 0, 2, 692.12
1570729362, 0, 0, 894, 894, 1, 5.69%, 0, 0, 2, 642.01
1570729367, 0, 0, 914, 914, 1, 5.71%, 0, 0, 2, 729.70
1570729372, 0, 0, 916, 916, 1, 5.71%, 0, 0, 2, 658.86
1570729377, 0, 0, 917, 917, 1, 5.74%, 0, 0, 2, 673.81
1570729382, 0, 0, 919, 919, 1, 5.75%, 0, 0, 2, 640.86
1570729387, 0, 0, 923, 923, 1, 5.77%, 0, 0, 2, 623.13
1570729418, 0, 0, 924, 924, 1, 5.77%, 0, 0, 2, 611.48
1570729423, 0, 0, 925, 925, 1, 5.77%, 0, 0, 2, 612.17
1570729434, 0, 0, 926, 926, 1, 5.77%, 0, 0, 2, 605.41
1570729449, 0, 0, 941, 941, 1, 5.77%, 0, 0, 2, 682.07
1570729454, 0, 0, 951, 951, 1, 5.83%, 0, 0, 2, 603.69
1570729459, 0, 0, 956, 956, 1, 5.83%, 0, 0, 2, 545.62
1570729464, 0, 0, 965, 965, 1, 5.83%, 0, 0, 2, 626.95
1570729474, 0, 0, 972, 972, 1, 5.84%, 0, 0, 2, 619.20
1570729479, 0, 0, 978, 978, 1, 5.85%, 0, 0, 2, 612.09
1570729485, 0, 0, 983, 983, 1, 5.86%, 0, 0, 2, 625.21
1570729490, 0, 0, 1010, 1010, 1, 6.16%, 0, 0, 2, 828.02
1570729495, 0, 0, 1013, 1013, 1, 6.18%, 0, 0, 2, 650.71
1570729500, 0, 0, 1015, 1015, 1, 6.18%, 0, 0, 2, 619.93
1570729510, 0, 0, 1018, 1018, 1, 6.19%, 0, 0, 2, 611.14
1570729525, 0, 0, 1019, 1019, 1, 6.20%, 0, 0, 2, 612.80
1570729541, 0, 0, 1020, 1020, 1, 6.20%, 0, 0, 2, 660.76
1570729546, 0, 0, 1025, 1025, 1, 6.21%, 0, 0, 2, 621.28
1570729551, 0, 0, 1029, 1029, 1, 6.22%, 0, 0, 2, 673.20
1570729556, 0, 0, 1030, 1030, 1, 6.23%, 0, 0, 2, 620.94
1570729561, 0, 0, 1034, 1034, 1, 6.25%, 0, 0, 2, 614.14
1570729566, 0, 0, 1035, 1035, 1, 6.25%, 0, 0, 2, 613.51
1570729571, 0, 0, 1036, 1036, 1, 6.26%, 0, 0, 2, 611.47
1570729577, 0, 0, 1037, 1037, 1, 6.26%, 0, 0, 2, 612.84
1570729592, 0, 0, 1038, 1038, 1, 6.30%, 0, 0, 2, 612.67
1570729602, 0, 0, 1040, 1040, 1, 6.30%, 0, 0, 2, 613.34
1570729607, 0, 0, 1042, 1042, 1, 6.32%, 0, 0, 2, 614.20
1570729613, 0, 0, 1044, 1044, 1, 6.33%, 0, 0, 2, 615.11
1570729623, 0, 0, 1046, 1046, 1, 6.33%, 0, 0, 2, 607.91
1570729649, 0, 0, 1047, 1047, 1, 6.33%, 0, 0, 2, 609.97
1570729700, 0, 0, 1049, 1049, 1, 6.34%, 0, 0, 2, 611.07
1570729710, 0, 0, 1050, 1050, 1, 6.34%, 0, 0, 2, 610.95
1570729716, 0, 0, 1051, 1051, 1, 6.34%, 0, 0, 2, 612.97
1570729721, 0, 0, 1053, 1053, 1, 6.34%, 0, 0, 2, 610.75
1570729747, 0, 0, 1054, 1054, 1, 6.34%, 0, 0, 2, 611.80
1570729782, 0, 0, 1065, 1065, 1, 6.36%, 0, 0, 2, 106.67
1570729788, 0, 0, 1070, 1070, 1, 6.37%, 0, 0, 2, 965.95
1570729793, 0, 0, 1079, 1079, 1, 6.45%, 0, 0, 2, 1317.18
1570729798, 0, 0, 1091, 1091, 1, 6.45%, 0, 0, 2, 951.18
1570729803, 0, 0, 1096, 1096, 1, 6.45%, 0, 0, 2, 1159.83
1570729808, 0, 0, 1102, 1102, 1, 6.46%, 0, 0, 2, 1340.06
1570729813, 0, 0, 1111, 1111, 1, 6.47%, 0, 0, 2, 197.43
1570729818, 0, 0, 1114, 1114, 1, 6.47%, 0, 0, 2, 1124.05
1570729823, 0, 0, 1121, 1121, 1, 6.47%, 0, 0, 2, 1111.46
1570729829, 0, 0, 1125, 1125, 1, 6.48%, 0, 0, 2, 1108.99
1570729834, 0, 0, 1128, 1128, 1, 6.48%, 0, 0, 2, 1364.96
1570729839, 0, 0, 1129, 1129, 1, 6.48%, 0, 0, 2, 1049.99
1570729849, 0, 0, 1134, 1134, 1, 6.48%, 0, 0, 2, 909.67
1570729854, 0, 0, 1136, 1136, 1, 6.48%, 0, 0, 2, 550.41
1570729859, 0, 0, 1138, 1138, 1, 6.48%, 0, 0, 2, 1023.14
1570729864, 0, 0, 1139, 1139, 1, 6.48%, 0, 0, 2, 1065.00
1570729869, 0, 0, 1173, 1173, 1, 6.50%, 0, 0, 2, 852.13
1570729875, 0, 0, 1180, 1180, 1, 6.50%, 0, 0, 2, 850.83
1570729880, 0, 0, 1182, 1182, 1, 6.50%, 0, 0, 2, 711.94
1570729895, 0, 0, 1184, 1184, 1, 6.51%, 0, 0, 2, 609.65
1570729915, 0, 0, 1186, 1186, 1, 6.51%, 0, 0, 2, 637.18
1570729946, 0, 0, 1187, 1187, 1, 6.51%, 0, 0, 2, 612.51
1570729956, 0, 0, 1188, 1188, 1, 6.52%, 0, 0, 2, 610.67
1570730003, 0, 0, 1190, 1190, 1, 6.52%, 0, 0, 2, 617.89
1570730013, 0, 0, 1191, 1191, 1, 6.52%, 0, 0, 2, 615.05
1570730018, 0, 0, 1194, 1194, 1, 6.52%, 0, 0, 2, 617.70
1570730023, 0, 0, 1195, 1195, 1, 6.52%, 0, 0, 2, 614.51
1570730049, 0, 0, 1198, 1198, 1, 6.52%, 0, 0, 2, 609.22
1570730054, 0, 0, 1199, 1199, 1, 6.52%, 0, 0, 2, 610.11
1570730064, 0, 0, 1200, 1200, 1, 6.52%, 0, 0, 2, 608.07
1570730095, 0, 0, 1201, 1201, 1, 6.52%, 0, 0, 2, 605.66
1570730111, 0, 0, 1204, 1204, 1, 6.52%, 0, 0, 2, 56.64
1570730131, 0, 0, 1205, 1205, 1, 6.52%, 0, 0, 2, 1212.36
1570730157, 0, 0, 1206, 1206, 1, 6.52%, 0, 0, 2, 1527.38
1570730172, 0, 0, 1207, 1207, 1, 6.52%, 0, 0, 2, 736.40
1570730178, 0, 0, 1208, 1208, 1, 6.52%, 0, 0, 2, 137.04
1570730209, 0, 0, 1209, 1209, 1, 6.52%, 0, 0, 2, 874.77
1570730255, 0, 0, 1210, 1210, 1, 6.52%, 0, 0, 2, 612.04
1570730327, 0, 0, 1211, 1211, 1, 6.52%, 0, 0, 2, 613.09
1570730358, 0, 0, 1212, 1212, 1, 6.52%, 0, 0, 2, 617.37
1570730409, 0, 0, 1213, 1213, 1, 6.53%, 0, 0, 2, 1653.83
1570730429, 0, 0, 1214, 1214, 1, 6.53%, 0, 0, 2, 691.86
1570730445, 0, 0, 1220, 1220, 1, 6.54%, 0, 0, 2, 612.79
1570730450, 0, 0, 1225, 1225, 1, 6.55%, 0, 0, 2, 654.56
1570730517, 0, 0, 1226, 1226, 1, 6.55%, 0, 0, 2, 610.06
1570730537, 0, 0, 1234, 1234, 1, 6.55%, 0, 0, 2, 733.04
1570730542, 0, 0, 1240, 1240, 1, 6.55%, 0, 0, 2, 670.09
1570730547, 0, 0, 1241, 1241, 1, 6.56%, 0, 0, 2, 652.84
1570730552, 0, 0, 1250, 1250, 1, 6.59%, 0, 0, 2, 821.73
1570730716, 0, 0, 1252, 1252, 1, 6.60%, 0, 0, 2, 713.88
1570730721, 0, 0, 1255, 1255, 1, 6.60%, 0, 0, 2, 1111.29
1570730726, 0, 0, 1256, 1256, 1, 6.60%, 0, 0, 2, 749.60
1570730732, 0, 0, 1264, 1264, 1, 6.61%, 0, 0, 2, 695.00
1570730752, 0, 0, 1267, 1267, 1, 6.61%, 0, 0, 2, 790.31
1570730767, 0, 0, 1268, 1268, 1, 6.61%, 0, 0, 2, 614.86
1570730772, 0, 0, 1270, 1270, 1, 6.62%, 0, 0, 2, 697.25
1570730865, 0, 0, 1271, 1271, 1, 6.62%, 0, 0, 2, 596.78
1570730870, 0, 0, 1272, 1272, 1, 6.62%, 0, 0, 2, 807.75
1570730880, 0, 0, 1276, 1276, 1, 6.62%, 0, 0, 2, 644.63
1570730895, 0, 0, 1282, 1282, 1, 6.63%, 0, 0, 2, 602.61
1570730901, 0, 0, 1313, 1313, 1, 6.66%, 0, 0, 2, 1333.36
1570730906, 0, 0, 1337, 1337, 1, 6.67%, 0, 0, 2, 1681.16
1570730911, 0, 0, 1356, 1356, 1, 6.71%, 0, 0, 2, 1727.29
1570730916, 0, 0, 1366, 1366, 1, 6.73%, 0, 0, 2, 1783.10
1570730921, 0, 1, 1379, 1378, 340, 6.86%, 0, 0, 3, 2489.61
1570730926, 0, 1, 1382, 1381, 340, 6.90%, 0, 0, 3, 2703.35
1570730931, 0, 3, 1385, 1382, 349, 6.91%, 0, 0, 3, 2773.49
1570730936, 0, 6, 1385, 1380, 347, 6.91%, 0, 0, 3, 2768.01
1570730941, 0, 8, 1386, 1380, 346, 6.91%, 0, 0, 3, 2036.24
1570731121, 0, 8, 1387, 1381, 346, 6.91%, 0, 0, 3, 636.09
1570731248, 0, 8, 1388, 1382, 346, 6.91%, 0, 0, 3, 737.81
1570731948, 0, 8, 1389, 1383, 346, 6.91%, 0, 0, 3, 1905.00
1570732662, 0, 8, 1392, 1386, 346, 6.91%, 0, 0, 3, 1335.09
1570732667, 0, 8, 1405, 1399, 346, 6.91%, 0, 0, 3, 1671.94
1570732672, 0, 8, 1420, 1414, 346, 6.92%, 0, 0, 3, 1779.58
1570732677, 0, 8, 1430, 1424, 346, 6.93%, 0, 0, 3, 1792.08
1570732683, 0, 9, 1432, 1425, 346, 6.93%, 0, 0, 3, 1072.85
1570732728, 0, 9, 1433, 1426, 346, 6.93%, 0, 0, 3, 618.86
1570732749, 0, 9, 1434, 1427, 346, 6.93%, 0, 0, 3, 619.12
1570732764, 0, 9, 1442, 1435, 346, 6.98%, 0, 0, 3, 647.73
1570732769, 0, 9, 1446, 1439, 346, 6.98%, 0, 0, 3, 590.68
1570732774, 0, 9, 1452, 1445, 346, 6.98%, 0, 0, 3, 665.41
1570732866, 0, 9, 1453, 1446, 346, 6.98%, 0, 0, 3, 633.22
1570732948, 0, 9, 1454, 1447, 346, 6.98%, 0, 0, 3, 645.76
1570732953, 0, 9, 1455, 1448, 346, 6.98%, 0, 0, 3, 636.60
1570732963, 0, 9, 1458, 1451, 346, 6.99%, 0, 0, 3, 645.35
1570732973, 0, 9, 1459, 1452, 346, 6.99%, 0, 0, 3, 611.27
1570733259, 0, 9, 1460, 1453, 346, 6.99%, 0, 0, 3, 616.56
1570733285, 0, 9, 1461, 1454, 346, 6.99%, 0, 0, 3, 909.12
1570733290, 0, 9, 1462, 1455, 346, 6.99%, 0, 0, 3, 1149.63
1570733295, 0, 9, 1463, 1456, 346, 6.99%, 0, 0, 3, 162.96
1570733321, 0, 9, 1464, 1457, 346, 6.99%, 0, 0, 3, 756.35
1570733331, 0, 9, 1466, 1459, 346, 6.99%, 0, 0, 3, 978.81
1570733367, 0, 9, 1472, 1465, 346, 6.99%, 0, 0, 3, 880.01
1570733418, 0, 9, 1474, 1467, 346, 6.99%, 0, 0, 3, 621.34
1570734041, 0, 9, 1475, 1468, 346, 6.99%, 0, 0, 3, 797.38
1570734204, 0, 9, 1476, 1469, 346, 6.99%, 0, 0, 3, 858.08
1570734214, 0, 9, 1477, 1470, 346, 6.99%, 0, 0, 3, 835.39
1570734362, 0, 9, 1478, 1471, 346, 6.99%, 0, 0, 3, 692.67
1570734378, 0, 9, 1479, 1472, 346, 6.99%, 0, 0, 3, 603.39
1570734398, 0, 11, 1483, 1475, 350, 6.99%, 0, 0, 3, 1477.39
1570734419, 0, 11, 1485, 1477, 350, 6.99%, 0, 0, 3, 2153.67
1570734424, 0, 11, 1508, 1500, 350, 6.99%, 0, 0, 3, 2171.55
1570734429, 0, 11, 1510, 1502, 350, 6.99%, 0, 0, 3, 2173.77
1570734480, 0, 11, 1511, 1503, 350, 6.99%, 0, 0, 3, 2180.20
1570734485, 0, 11, 1513, 1505, 350, 6.99%, 0, 0, 3, 2218.44
1570734526, 0, 11, 1514, 1506, 350, 6.99%, 0, 0, 3, 2157.27
1570734705, 0, 11, 1516, 1508, 350, 6.99%, 0, 0, 3, 2168.90
1570734745, 0, 11, 1517, 1509, 350, 6.99%, 0, 0, 3, 2253.13
1570734756, 0, 11, 1524, 1516, 350, 7.01%, 0, 0, 3, 2423.84
1570734761, 0, 13, 1528, 1519, 354, 7.01%, 0, 0, 3, 2534.51
1570734766, 0, 13, 1529, 1520, 354, 7.01%, 0, 0, 3, 1151.53
1570734843, 0, 13, 1532, 1523, 354, 7.01%, 0, 0, 3, 646.19
1570734848, 0, 13, 1533, 1524, 354, 7.01%, 0, 0, 3, 638.66
1570734853, 0, 13, 1534, 1525, 354, 7.01%, 0, 0, 3, 588.93
1570735074, 0, 13, 1538, 1529, 354, 7.02%, 0, 0, 3, 765.67
1570736138, 0, 13, 1539, 1530, 354, 7.02%, 0, 0, 3, 699.67
1570736328, 0, 13, 1540, 1531, 354, 7.02%, 0, 0, 3, 776.29
1570736513, 0, 13, 1541, 1532, 354, 7.02%, 0, 0, 3, 749.47
1570736518, 0, 13, 1543, 1534, 354, 7.02%, 0, 0, 3, 635.23
1570736524, 0, 13, 1544, 1535, 354, 7.02%, 0, 0, 3, 616.68
1570736549, 0, 13, 1549, 1540, 354, 7.02%, 0, 0, 3, 1284.95
1570736554, 0, 13, 1555, 1546, 354, 7.04%, 0, 0, 3, 1713.35
1570736559, 0, 13, 1563, 1554, 354, 7.04%, 0, 0, 3, 1734.32
1570736564, 0, 13, 1568, 1559, 354, 7.04%, 0, 0, 3, 1771.10
1570736570, 0, 17, 1576, 1566, 358, 7.08%, 0, 0, 3, 1146.78
1570736626, 0, 17, 1578, 1568, 358, 7.08%, 0, 0, 3, 609.02
1570736652, 0, 17, 1582, 1572, 358, 7.08%, 0, 0, 3, 667.47
1570736657, 0, 17, 1583, 1573, 358, 7.08%, 0, 0, 3, 587.83
1570736662, 0, 17, 1585, 1575, 358, 7.09%, 0, 0, 3, 676.27
1570736760, 0, 17, 1586, 1576, 358, 7.09%, 0, 0, 3, 642.29
1570736878, 0, 17, 1587, 1577, 358, 7.09%, 0, 0, 3, 726.09
1570736883, 0, 17, 1589, 1579, 358, 7.09%, 0, 0, 3, 686.45
1570737881, 0, 17, 1595, 1585, 358, 7.11%, 0, 0, 3, 612.99
1570738337, 0, 17, 1601, 1591, 358, 7.11%, 0, 0, 3, 1432.65
1570738342, 0, 17, 1605, 1595, 358, 7.11%, 0, 0, 3, 1761.75
1570738348, 0, 17, 1615, 1605, 358, 7.12%, 0, 0, 3, 1721.31
1570738353, 0, 23, 1620, 1609, 373, 7.12%, 0, 0, 3, 1786.34
1570738388, 0, 23, 1623, 1612, 373, 7.12%, 0, 0, 3, 2546.39
1570738486, 0, 23, 1631, 1620, 373, 7.13%, 0, 0, 3, 2641.24
1570738491, 0, 23, 1640, 1629, 373, 7.13%, 0, 0, 3, 2640.71
1570738496, 0, 30, 1641, 1629, 371, 7.13%, 0, 0, 3, 2602.61
1570738568, 0, 30, 1643, 1631, 371, 7.13%, 0, 0, 3, 2596.93
1570738589, 0, 31, 1644, 1631, 370, 7.13%, 0, 0, 3, 2507.94
1570738614, 0, 31, 1645, 1632, 370, 7.13%, 0, 0, 3, 2440.27
1570738727, 0, 34, 1645, 1631, 369, 7.13%, 0, 0, 3, 2543.43
1570738752, 0, 34, 1646, 1632, 369, 7.13%, 0, 0, 3, 551.78
1570738789, 0, 34, 1647, 1633, 369, 7.13%, 0, 0, 3, 551.50
1570738799, 0, 34, 1648, 1634, 369, 7.13%, 0, 0, 3, 548.69
1570738804, 0, 34, 1649, 1635, 369, 7.13%, 0, 0, 3, 553.62
1570738814, 0, 34, 1650, 1636, 369, 7.13%, 0, 0, 3, 549.12
1570738819, 0, 34, 1656, 1642, 369, 7.13%, 0, 0, 3, 604.00
1570738830, 0, 34, 1658, 1644, 369, 7.13%, 0, 0, 3, 533.46
1570738835, 0, 34, 1667, 1653, 369, 7.13%, 0, 0, 3, 590.87
1570738922, 0, 34, 1668, 1654, 369, 7.13%, 0, 0, 3, 569.41
1570738927, 0, 34, 1670, 1656, 369, 7.13%, 0, 0, 3, 624.15
1570738937, 0, 34, 1672, 1658, 369, 7.13%, 0, 0, 3, 633.18
1570739025, 0, 34, 1673, 1659, 369, 7.13%, 0, 0, 3, 547.98
1570739030, 0, 34, 1674, 1660, 369, 7.13%, 0, 0, 3, 618.17
1570739035, 0, 34, 1675, 1661, 369, 7.13%, 0, 0, 3, 550.00
1570739395, 0, 34, 1677, 1663, 369, 7.14%, 0, 0, 3, 553.91
1570739400, 0, 34, 1678, 1664, 369, 7.14%, 0, 0, 3, 554.01
1570739426, 0, 34, 1682, 1668, 369, 7.14%, 0, 0, 3, 1099.00
1570739431, 0, 34, 1683, 1669, 369, 7.14%, 0, 0, 3, 56.83
1570739436, 0, 34, 1685, 1671, 369, 7.14%, 0, 0, 3, 816.86
1570739441, 0, 34, 1686, 1672, 369, 7.14%, 0, 0, 3, 571.58
1570739456, 0, 34, 1688, 1674, 369, 7.14%, 0, 0, 3, 1356.60
1570739461, 0, 34, 1689, 1675, 369, 7.14%, 0, 0, 3, 1110.45
1570739507, 0, 34, 1691, 1677, 369, 7.14%, 0, 0, 3, 1009.11
1570739512, 0, 34, 1695, 1681, 369, 7.14%, 0, 0, 3, 796.19
1570739789, 0, 34, 1696, 1682, 369, 7.14%, 0, 0, 3, 1049.80
1570740118, 0, 34, 1697, 1683, 369, 7.14%, 0, 0, 3, 869.11
1570740272, 0, 34, 1700, 1686, 369, 7.14%, 0, 0, 3, 841.34
1570740734, 0, 34, 1702, 1688, 369, 7.14%, 0, 0, 3, 627.33
1570740770, 0, 34, 1707, 1693, 369, 7.14%, 0, 0, 3, 1377.10
1570740775, 0, 34, 1714, 1700, 369, 7.15%, 0, 0, 3, 1648.03
1570740780, 0, 34, 1716, 1702, 369, 7.15%, 0, 0, 3, 1690.51
1570740785, 0, 34, 1721, 1707, 369, 7.15%, 0, 0, 3, 1725.48
1570740790, 0, 35, 1722, 1707, 375, 7.15%, 0, 0, 3, 1018.19
1570740868, 0, 35, 1725, 1710, 375, 7.15%, 0, 0, 3, 628.90
1570740873, 0, 35, 1726, 1711, 375, 7.15%, 0, 0, 3, 647.24
1570740883, 0, 35, 1727, 1712, 375, 7.16%, 0, 0, 3, 663.05
1570741099, 0, 35, 1728, 1713, 375, 7.16%, 0, 0, 3, 780.20
1570742589, 0, 53, 1728, 1712, 375, 7.16%, 0, 0, 3, 1085.70
1570742769, 0, 53, 1729, 1713, 375, 7.16%, 0, 0, 3, 657.38
1570744387, 0, 53, 1730, 1714, 375, 7.16%, 0, 0, 3, 743.44
1570744392, 0, 57, 1730, 1713, 374, 7.16%, 0, 0, 3, 961.36
1570744475, 0, 57, 1731, 1714, 374, 7.16%, 0, 0, 3, 688.07
1570746190, 0, 78, 1731, 1713, 374, 7.16%, 0, 0, 3, 1092.89
1570746272, 0, 78, 1732, 1714, 374, 7.16%, 0, 0, 3, 695.14
1570746498, 0, 78, 1733, 1715, 374, 7.16%, 0, 0, 3, 738.09
1570747994, 0, 101, 1733, 1714, 375, 7.16%, 0, 0, 3, 1105.45
1570748004, 0, 101, 1734, 1715, 375, 7.16%, 0, 0, 3, 659.48
1570748076, 0, 101, 1736, 1717, 375, 7.16%, 0, 0, 3, 680.06
1570749801, 0, 102, 1736, 1716, 375, 7.16%, 0, 0, 3, 922.88
1570749806, 0, 102, 1737, 1717, 375, 7.16%, 0, 0, 3, 672.46
1570749883, 0, 102, 1738, 1718, 375, 7.16%, 0, 0, 3, 667.27
1570749888, 0, 102, 1739, 1719, 375, 7.16%, 0, 0, 3, 590.89
1570750470, 0, 102, 1740, 1720, 375, 7.16%, 0, 0, 3, 1163.35
1570751605, 0, 103, 1740, 1719, 375, 7.16%, 0, 0, 3, 1124.70
1570751615, 0, 103, 1741, 1720, 375, 7.16%, 0, 0, 3, 655.24
1570751687, 0, 103, 1743, 1722, 375, 7.16%, 0, 0, 3, 663.68
1570751708, 0, 103, 1744, 1723, 375, 7.17%, 0, 0, 3, 613.79
1570753408, 0, 107, 1744, 1722, 376, 7.17%, 0, 0, 3, 976.21
1570753608, 0, 107, 1745, 1723, 376, 7.17%, 0, 0, 3, 632.06
1570755211, 0, 112, 1745, 1722, 375, 7.17%, 0, 0, 3, 1120.67
1570755293, 0, 112, 1746, 1723, 375, 7.17%, 0, 0, 3, 677.56
1570755299, 0, 112, 1747, 1724, 375, 7.17%, 0, 0, 3, 618.35
1570755391, 0, 112, 1748, 1725, 375, 7.17%, 0, 0, 3, 673.15
1570755638, 0, 112, 1749, 1726, 375, 7.17%, 0, 0, 3, 610.74
1570757016, 0, 113, 1750, 1726, 375, 7.17%, 0, 0, 3, 929.90
1570757222, 0, 113, 1751, 1727, 375, 7.17%, 0, 0, 3, 611.39
1570758819, 0, 114, 1751, 1726, 374, 7.17%, 0, 0, 3, 832.23
1570758907, 0, 114, 1752, 1727, 374, 7.17%, 0, 0, 3, 582.47
1570758927, 0, 114, 1753, 1728, 374, 7.17%, 0, 0, 3, 617.13
1570759142, 0, 114, 1754, 1729, 374, 7.17%, 0, 0, 3, 609.60
1570760623, 0, 114, 1755, 1730, 374, 7.17%, 0, 0, 3, 1068.07
1570760628, 0, 115, 1755, 1729, 373, 7.17%, 0, 0, 3, 843.22
1570760638, 0, 115, 1756, 1730, 373, 7.17%, 0, 0, 3, 638.51
1570762431, 0, 116, 1756, 1729, 372, 7.17%, 0, 0, 3, 1128.45
1570762513, 0, 116, 1758, 1731, 372, 7.17%, 0, 0, 3, 677.48
1570762616, 0, 116, 1759, 1732, 372, 7.17%, 0, 0, 3, 604.80
1570762749, 0, 116, 1760, 1733, 372, 7.17%, 0, 0, 3, 635.71
1570762760, 0, 116, 1761, 1734, 372, 7.17%, 0, 0, 3, 610.61
1570764231, 0, 118, 1762, 1734, 372, 7.17%, 0, 0, 3, 1370.77
1570764539, 0, 118, 1763, 1735, 372, 7.17%, 0, 0, 3, 615.06
1570766034, 0, 118, 1767, 1739, 372, 7.19%, 0, 0, 3, 1135.14
1570766039, 0, 118, 1769, 1741, 372, 7.19%, 0, 0, 3, 1674.20
1570766044, 0, 118, 1775, 1747, 372, 7.19%, 0, 0, 3, 1719.30
1570766049, 0, 118, 1780, 1752, 372, 7.19%, 0, 0, 3, 1703.89
1570766055, 0, 145, 1783, 1754, 371, 7.19%, 0, 0, 3, 1320.02
1570766060, 0, 145, 1784, 1755, 371, 7.19%, 0, 0, 3, 769.75
1570766070, 0, 145, 1785, 1756, 371, 7.19%, 0, 0, 3, 613.36
1570767858, 0, 148, 1785, 1755, 370, 7.19%, 0, 0, 3, 1296.12
1570767869, 0, 148, 1786, 1756, 370, 7.19%, 0, 0, 3, 677.65
1570767941, 0, 148, 1787, 1757, 370, 7.19%, 0, 0, 3, 671.41
1570768136, 0, 148, 1788, 1758, 370, 7.19%, 0, 0, 3, 593.94
1570768285, 0, 148, 1789, 1759, 370, 7.19%, 0, 0, 3, 610.20
1570769662, 0, 149, 1789, 1758, 370, 7.19%, 0, 0, 3, 988.98
1570769744, 0, 149, 1790, 1759, 370, 7.19%, 0, 0, 3, 682.73
1570769759, 0, 149, 1791, 1760, 370, 7.19%, 0, 0, 3, 626.90
1570771465, 0, 152, 1791, 1759, 369, 7.19%, 0, 0, 3, 1121.83
1570771547, 0, 152, 1792, 1760, 369, 7.19%, 0, 0, 3, 623.78
1570773266, 0, 161, 1793, 1760, 368, 7.19%, 0, 0, 3, 1320.83
1570773349, 0, 161, 1794, 1761, 368, 7.19%, 0, 0, 3, 687.16
1570773354, 0, 161, 1796, 1763, 368, 7.19%, 0, 0, 3, 609.25
1570773611, 0, 161, 1797, 1764, 368, 7.20%, 0, 0, 3, 611.65
1570775069, 0, 162, 1797, 1763, 368, 7.20%, 0, 0, 3, 1272.48
1570775080, 0, 162, 1798, 1764, 368, 7.20%, 0, 0, 3, 675.22
1570776872, 0, 163, 1798, 1763, 367, 7.20%, 0, 0, 3, 1193.95
1570776954, 0, 163, 1799, 1764, 367, 7.20%, 0, 0, 3, 687.24
1570778670, 0, 164, 1800, 1764, 366, 7.20%, 0, 0, 3, 1410.18
1570778752, 0, 164, 1801, 1765, 366, 7.20%, 0, 0, 3, 669.50
1570778757, 0, 164, 1802, 1766, 366, 7.20%, 0, 0, 3, 624.03
1570780475, 0, 165, 1802, 1765, 365, 7.20%, 0, 0, 3, 830.84
1570780480, 0, 165, 1803, 1766, 365, 7.20%, 0, 0, 3, 655.25
1570780747, 0, 165, 1804, 1767, 365, 7.20%, 0, 0, 3, 653.60
1570781845, 0, 165, 1805, 1768, 365, 7.20%, 0, 0, 3, 806.82
1570782277, 0, 173, 1805, 1767, 364, 7.20%, 0, 0, 3, 809.25
1570782282, 0, 173, 1806, 1768, 364, 7.20%, 0, 0, 3, 650.00
1570782292, 0, 173, 1807, 1769, 364, 7.20%, 0, 0, 3, 611.47
1570783537, 0, 173, 1808, 1770, 364, 7.20%, 0, 0, 3, 641.70
1570784076, 0, 176, 1808, 1769, 363, 7.20%, 0, 0, 3, 929.16
1570784158, 0, 176, 1810, 1771, 363, 7.20%, 0, 0, 3, 659.98
1570784369, 0, 176, 1811, 1772, 363, 7.20%, 0, 0, 3, 600.54
1570784425, 0, 176, 1813, 1774, 363, 7.20%, 0, 0, 3, 613.95
1570784800, 0, 176, 1814, 1775, 363, 7.21%, 0, 0, 3, 722.37
1570785339, 0, 176, 1815, 1776, 363, 7.21%, 0, 0, 3, 641.96
1570785673, 0, 176, 1818, 1779, 363, 7.21%, 0, 0, 3, 609.91
1570785873, 0, 178, 1818, 1778, 365, 7.21%, 0, 0, 3, 1235.40
1570785884, 0, 178, 1819, 1779, 365, 7.21%, 0, 0, 3, 672.71
1570787690, 0, 178, 1825, 1785, 365, 7.21%, 0, 0, 3, 1580.50
1570787695, 0, 178, 1829, 1789, 365, 7.21%, 0, 0, 3, 1754.97
1570787705, 0, 181, 1831, 1790, 364, 7.21%, 0, 0, 3, 1702.03
1570789510, 0, 183, 1831, 1789, 363, 7.21%, 0, 0, 3, 1245.47
1570789592, 0, 183, 1833, 1791, 363, 7.21%, 0, 0, 3, 686.57
1570789597, 0, 183, 1834, 1792, 363, 7.21%, 0, 0, 3, 606.44
1570789710, 0, 183, 1835, 1793, 363, 7.21%, 0, 0, 3, 644.82
1570790116, 0, 183, 1836, 1794, 363, 7.21%, 0, 0, 3, 75.00
1570791321, 0, 184, 1836, 1793, 362, 7.21%, 0, 0, 3, 1248.49
1570791331, 0, 184, 1837, 1794, 362, 7.21%, 0, 0, 3, 676.71
1570791521, 0, 184, 1838, 1795, 362, 7.21%, 0, 0, 3, 657.24
1570791681, 0, 184, 1839, 1796, 362, 7.21%, 0, 0, 3, 831.27
1570792257, 0, 184, 1840, 1797, 362, 7.21%, 0, 0, 3, 1636.02
1570793135, 0, 187, 1840, 1796, 361, 7.21%, 0, 0, 3, 1090.20
1570793145, 0, 187, 1841, 1797, 361, 7.21%, 0, 0, 3, 657.36
1570793232, 0, 187, 1843, 1799, 361, 7.22%, 0, 0, 3, 687.72
1570794947, 0, 188, 1843, 1798, 359, 7.22%, 0, 0, 3, 912.84
1570794958, 0, 188, 1845, 1800, 359, 7.22%, 0, 0, 3, 639.85
1570795035, 0, 188, 1847, 1802, 359, 7.22%, 0, 0, 3, 600.14
1570795040, 0, 188, 1848, 1803, 359, 7.22%, 0, 0, 3, 671.07
1570795676, 0, 188, 1849, 1804, 359, 7.22%, 0, 0, 3, 652.48
1570796755, 0, 189, 1849, 1803, 359, 7.22%, 0, 0, 3, 1043.86
1570798569, 0, 191, 1849, 1802, 358, 7.22%, 0, 0, 3, 1881.60
1570798651, 0, 191, 1850, 1803, 358, 7.22%, 0, 0, 3, 2196.31
1570798712, 0, 191, 1851, 1804, 358, 7.22%, 0, 0, 3, 2221.61
1570798825, 0, 191, 1852, 1805, 358, 7.22%, 0, 0, 3, 2233.34
1570798911, 0, 192, 1852, 1804, 357, 7.22%, 0, 0, 3, 2199.47
1570800728, 0, 193, 1852, 1803, 356, 7.22%, 0, 0, 3, 1668.67
1570800991, 0, 193, 1853, 1804, 356, 7.22%, 0, 0, 3, 2190.07
1570801078, 0, 194, 1853, 1803, 355, 7.22%, 0, 0, 3, 2336.87
1570801426, 0, 195, 1853, 1802, 354, 7.22%, 0, 0, 3, 2320.67
1570801774, 0, 196, 1853, 1801, 353, 7.22%, 0, 0, 3, 1977.69
1570801862, 0, 196, 1854, 1802, 353, 7.23%, 0, 0, 3, 617.25
1570803594, 0, 202, 1855, 1802, 353, 7.23%, 0, 0, 3, 903.58
1570803599, 0, 202, 1856, 1803, 353, 7.23%, 0, 0, 3, 671.70
1570803656, 0, 202, 1857, 1804, 353, 7.23%, 0, 0, 3, 604.95
1570803676, 0, 202, 1862, 1809, 353, 7.23%, 0, 0, 3, 658.36
1570803871, 0, 202, 1863, 1810, 353, 7.23%, 0, 0, 3, 617.00
1570804230, 0, 202, 1864, 1811, 353, 7.23%, 0, 0, 3, 1240.61
1570804286, 0, 202, 1865, 1812, 353, 7.23%, 0, 0, 3, 1041.98
1570804866, 0, 202, 1866, 1813, 353, 7.23%, 0, 0, 3, 614.59
1570804963, 0, 202, 1867, 1814, 353, 7.23%, 0, 0, 3, 702.32
1570805388, 0, 202, 1868, 1815, 353, 7.23%, 0, 0, 3, 595.24
1570805424, 0, 206, 1869, 1815, 353, 7.23%, 0, 0, 3, 907.65
1570807243, 0, 209, 1869, 1814, 352, 7.23%, 0, 0, 3, 943.62
1570807325, 0, 209, 1870, 1815, 352, 7.23%, 0, 0, 3, 662.97
1570808605, 0, 209, 1871, 1816, 352, 7.23%, 0, 0, 3, 718.06
1570808799, 0, 209, 1872, 1817, 352, 7.23%, 0, 0, 3, 796.02
1570809060, 0, 209, 1878, 1823, 352, 7.23%, 0, 0, 3, 1421.90
1570809065, 0, 209, 1880, 1825, 352, 7.23%, 0, 0, 3, 1745.33
1570809071, 0, 209, 1883, 1828, 352, 7.23%, 0, 0, 3, 1794.92
1570809076, 0, 212, 1886, 1830, 350, 7.23%, 0, 0, 3, 1890.71
1570809091, 0, 212, 1887, 1831, 350, 7.23%, 0, 0, 3, 642.33
1570809163, 0, 212, 1890, 1834, 350, 7.23%, 0, 0, 3, 631.33
1570809445, 0, 212, 1891, 1835, 350, 7.23%, 0, 0, 3, 621.58
1570810897, 0, 214, 1892, 1835, 350, 7.23%, 0, 0, 3, 807.53
1570810908, 0, 214, 1894, 1837, 350, 7.23%, 0, 0, 3, 637.12
1570810974, 0, 214, 1895, 1838, 350, 7.23%, 0, 0, 3, 650.57
1570810979, 0, 214, 1897, 1840, 350, 7.23%, 0, 0, 3, 624.90
1570811000, 0, 214, 1900, 1843, 350, 7.25%, 0, 0, 3, 641.17
1570811261, 0, 214, 1902, 1845, 350, 7.25%, 0, 0, 3, 621.97
1570811528, 0, 214, 1903, 1846, 350, 7.25%, 0, 0, 3, 1186.06
1570812502, 0, 214, 1904, 1847, 350, 7.26%, 0, 0, 3, 679.38
1570812708, 0, 216, 1904, 1846, 358, 7.26%, 0, 0, 3, 837.97
1570814520, 0, 217, 1904, 1845, 358, 7.26%, 0, 0, 3, 821.06
