# unix_time, cycles_done, cur_path, paths_total, pending_total, pending_favs, map_size, unique_crashes, unique_hangs, max_depth, execs_per_sec
1570729307, 0, 0, 1, 1, 1, 3.55%, 0, 0, 1, 727.27
1570729312, 0, 0, 87, 87, 1, 4.06%, 0, 0, 2, 873.22
1570729317, 0, 0, 186, 186, 1, 4.37%, 0, 0, 2, 776.62
1570729322, 0, 0, 246, 246, 1, 4.57%, 0, 0, 2, 758.95
1570729327, 0, 0, 264, 264, 1, 4.60%, 0, 0, 2, 730.10
1570729332, 0, 0, 270, 270, 1, 4.65%, 0, 0, 2, 716.13
1570729358, 0, 0, 280, 280, 1, 4.68%, 0, 0, 2, 684.64
1570729363, 0, 0, 311, 311, 1, 4.74%, 0, 0, 2, 686.07
1570729368, 0, 0, 342, 342, 1, 4.78%, 0, 0, 2, 675.24
1570729373, 0, 0, 348, 348, 1, 4.78%, 0, 0, 2, 649.47
1570729378, 0, 0, 350, 350, 1, 4.78%, 0, 0, 2, 656.19
1570729383, 0, 0, 429, 429, 1, 4.99%, 0, 0, 2, 824.76
1570729388, 0, 0, 559, 559, 1, 5.22%, 0, 0, 2, 642.69
1570729393, 0, 0, 642, 642, 1, 5.32%, 0, 0, 2, 562.07
1570729398, 0, 0, 711, 711, 1, 5.33%, 0, 0, 2, 628.02
1570729404, 0, 0, 791, 791, 1, 5.54%, 0, 0, 2, 749.01
1570729409, 0, 0, 799, 799, 1, 5.54%, 0, 0, 2, 665.76
1570729414, 0, 0, 809, 809, 1, 5.56%, 0, 0, 2, 676.92
1570729419, 0, 0, 820, 820, 1, 5.61%, 0, 0, 2, 646.86
1570729424, 0, 0, 824, 824, 1, 5.63%, 0, 0, 2, 636.92
1570729429, 0, 0, 826, 826, 1, 5.64%, 0, 0, 2, 632.38
1570729460, 0, 0, 827, 827, 1, 5.64%, 0, 0, 2, 629.18
1570729465, 0, 0, 829, 829, 1, 5.64%, 0, 0, 2, 632.90
1570729470, 0, 0, 830, 830, 1, 5.64%, 0, 0, 2, 629.97
1570729486, 0, 0, 870, 870, 1, 5.69%, 0, 0, 2, 687.17
1570729491, 0, 0, 891, 891, 1, 5.69%, 0, 0, 2, 608.11
1570729496, 0, 0, 911, 911, 1, 5.70%, 0, 0, 2, 656.61
1570729501, 0, 0, 918, 918, 1, 5.71%, 0, 0, 2, 655.32
1570729506, 0, 0, 920, 920, 1, 5.74%, 0, 0, 2, 681.88
1570729511, 0, 0, 921, 921, 1, 5.74%, 0, 0, 2, 648.60
1570729517, 0, 0, 924, 924, 1, 5.75%, 0, 0, 2, 637.17
1570729522, 0, 0, 926, 926, 1, 5.77%, 0, 0, 2, 634.16
1570729548, 0, 0, 927, 927, 1, 5.77%, 0, 0, 2, 626.90
1570729553, 0, 0, 928, 928, 1, 5.77%, 0, 0, 2, 625.82
1570729563, 0, 0, 929, 929, 1, 5.77%, 0, 0, 2, 628.45
1570729573, 0, 0, 930, 930, 1, 5.77%, 0, 0, 2, 630.77
1570729578, 0, 0, 944, 944, 1, 5.78%, 0, 0, 2, 705.48
1570729584, 0, 0, 951, 951, 1, 5.83%, 0, 0, 2, 595.05
1570729589, 0, 0, 961, 961, 1, 5.83%, 0, 0, 2, 633.89
1570729594, 0, 0, 964, 964, 1, 5.83%, 0, 0, 2, 639.65
1570729599, 0, 0, 965, 965, 1, 5.83%, 0, 0, 2, 632.31
1570729604, 0, 0, 972, 972, 1, 5.85%, 0, 0, 2, 638.43
1570729609, 0, 0, 980, 980, 1, 5.86%, 0, 0, 2, 649.82
1570729614, 0, 0, 992, 992, 1, 5.87%, 0, 0, 2, 734.90
1570729619, 0, 0, 1009, 1009, 1, 6.16%, 0, 0, 2, 741.53
1570729624, 0, 0, 1013, 1013, 1, 6.18%, 0, 0, 2, 655.11
1570729630, 0, 0, 1014, 1014, 1, 6.18%, 0, 0, 2, 635.26
1570729635, 0, 0, 1017, 1017, 1, 6.19%, 0, 0, 2, 630.96
1570729650, 0, 0, 1018, 1018, 1, 6.20%, 0, 0, 2, 632.22
1570729666, 0, 0, 1019, 1019, 1, 6.20%, 0, 0, 2, 700.65
1570729671, 0, 0, 1024, 1024, 1, 6.21%, 0, 0, 2, 646.39
1570729676, 0, 0, 1026, 1026, 1, 6.21%, 0, 0, 2, 700.96
1570729681, 0, 0, 1029, 1029, 1, 6.23%, 0, 0, 2, 646.10
1570729687, 0, 0, 1033, 1033, 1, 6.25%, 0, 0, 2, 634.57
1570729692, 0, 0, 1034, 1034, 1, 6.25%, 0, 0, 2, 631.93
1570729697, 0, 0, 1035, 1035, 1, 6.26%, 0, 0, 2, 632.73
1570729702, 0, 0, 1036, 1036, 1, 6.26%, 0, 0, 2, 632.54
1570729717, 0, 0, 1037, 1037, 1, 6.30%, 0, 0, 2, 633.08
1570729727, 0, 0, 1039, 1039, 1, 6.30%, 0, 0, 2, 625.11
1570729733, 0, 0, 1041, 1041, 1, 6.32%, 0, 0, 2, 632.24
1570729738, 0, 0, 1043, 1043, 1, 6.33%, 0, 0, 2, 632.43
1570729748, 0, 0, 1045, 1045, 1, 6.33%, 0, 0, 2, 614.82
1570729774, 0, 0, 1046, 1046, 1, 6.33%, 0, 0, 2, 628.21
1570729820, 0, 0, 1047, 1047, 1, 6.33%, 0, 0, 2, 633.91
1570729825, 0, 0, 1048, 1048, 1, 6.34%, 0, 0, 2, 630.40
1570729831, 0, 0, 1049, 1049, 1, 6.34%, 0, 0, 2, 632.44
1570729836, 0, 0, 1050, 1050, 1, 6.34%, 0, 0, 2, 632.77
1570729841, 0, 0, 1052, 1052, 1, 6.34%, 0, 0, 2, 633.68
1570729867, 0, 0, 1053, 1053, 1, 6.34%, 0, 0, 2, 624.01
1570729903, 0, 0, 1064, 1064, 1, 6.36%, 0, 0, 2, 1540.00
1570729908, 0, 0, 1070, 1070, 1, 6.37%, 0, 0, 2, 998.07
1570729913, 0, 0, 1080, 1080, 1, 6.45%, 0, 0, 2, 892.32
1570729918, 0, 0, 1092, 1092, 1, 6.45%, 0, 0, 2, 835.39
1570729923, 0, 0, 1095, 1095, 1, 6.46%, 0, 0, 2, 1080.86
1570729928, 0, 0, 1107, 1107, 1, 6.47%, 0, 0, 2, 181.39
1570729933, 0, 0, 1110, 1110, 1, 6.47%, 0, 0, 2, 1023.17
1570729938, 0, 0, 1111, 1111, 1, 6.47%, 0, 0, 2, 1507.39
1570729944, 0, 0, 1119, 1119, 1, 6.47%, 0, 0, 2, 969.09
1570729949, 0, 0, 1122, 1122, 1, 6.48%, 0, 0, 2, 1391.44
1570729954, 0, 0, 1127, 1127, 1, 6.48%, 0, 0, 2, 197.94
1570729964, 0, 0, 1132, 1132, 1, 6.48%, 0, 0, 2, 71.07
1570729975, 0, 0, 1136, 1136, 1, 6.48%, 0, 0, 2, 1393.03
1570729985, 0, 0, 1169, 1169, 1, 6.50%, 0, 0, 2, 730.24
1570729990, 0, 0, 1178, 1178, 1, 6.50%, 0, 0, 2, 884.36
1570729995, 0, 0, 1180, 1180, 1, 6.50%, 0, 0, 2, 800.13
1570730010, 0, 0, 1181, 1181, 1, 6.51%, 0, 0, 2, 630.77
1570730016, 0, 0, 1182, 1182, 1, 6.51%, 0, 0, 2, 633.50
1570730031, 0, 0, 1184, 1184, 1, 6.51%, 0, 0, 2, 660.90
1570730061, 0, 0, 1185, 1185, 1, 6.51%, 0, 0, 2, 631.49
1570730072, 0, 0, 1186, 1186, 1, 6.52%, 0, 0, 2, 630.96
1570730117, 0, 0, 1188, 1188, 1, 6.52%, 0, 0, 2, 630.34
1570730127, 0, 0, 1190, 1190, 1, 6.52%, 0, 0, 2, 635.76
1570730132, 0, 0, 1193, 1193, 1, 6.52%, 0, 0, 2, 636.73
1570730158, 0, 0, 1194, 1194, 1, 6.52%, 0, 0, 2, 632.52
1570730163, 0, 0, 1197, 1197, 1, 6.52%, 0, 0, 2, 634.11
1570730179, 0, 0, 1198, 1198, 1, 6.52%, 0, 0, 2, 613.46
1570730209, 0, 0, 1199, 1199, 1, 6.52%, 0, 0, 2, 620.38
1570730219, 0, 0, 1200, 1200, 1, 6.52%, 0, 0, 2, 677.18
1570730224, 0, 0, 1202, 1202, 1, 6.52%, 0, 0, 2, 1474.35
1570730244, 0, 0, 1203, 1203, 1, 6.52%, 0, 0, 2, 1337.87
1570730265, 0, 0, 1204, 1204, 1, 6.52%, 0, 0, 2, 68.66
1570730286, 0, 0, 1205, 1205, 1, 6.52%, 0, 0, 2, 1548.10
1570730317, 0, 0, 1206, 1206, 1, 6.52%, 0, 0, 2, 951.40
1570730363, 0, 0, 1207, 1207, 1, 6.52%, 0, 0, 2, 635.04
1570730435, 0, 0, 1208, 1208, 1, 6.52%, 0, 0, 2, 630.61
1570730465, 0, 0, 1209, 1209, 1, 6.52%, 0, 0, 2, 640.71
1570730511, 0, 0, 1210, 1210, 1, 6.53%, 0, 0, 2, 819.40
1570730531, 0, 0, 1211, 1211, 1, 6.53%, 0, 0, 2, 696.03
1570730547, 0, 0, 1216, 1216, 1, 6.54%, 0, 0, 2, 642.89
1570730552, 0, 0, 1222, 1222, 1, 6.55%, 0, 0, 2, 681.19
1570730618, 0, 0, 1223, 1223, 1, 6.55%, 0, 0, 2, 627.72
1570730638, 0, 0, 1230, 1230, 1, 6.55%, 0, 0, 2, 723.34
1570730643, 0, 0, 1236, 1236, 1, 6.55%, 0, 0, 2, 676.99
1570730648, 0, 0, 1237, 1237, 1, 6.56%, 0, 0, 2, 616.15
1570730653, 0, 0, 1246, 1246, 1, 6.59%, 0, 0, 2, 865.56
1570730816, 0, 0, 1248, 1248, 1, 6.60%, 0, 0, 2, 620.00
1570730821, 0, 0, 1251, 1251, 1, 6.60%, 0, 0, 2, 750.38
1570730826, 0, 0, 1261, 1261, 1, 6.61%, 0, 0, 2, 62.50
1570730831, 0, 0, 1262, 1262, 1, 6.61%, 0, 0, 2, 898.85
1570730852, 0, 0, 1265, 1265, 1, 6.61%, 0, 0, 2, 800.97
1570730862, 0, 0, 1266, 1266, 1, 6.61%, 0, 0, 2, 633.97
1570730867, 0, 0, 1268, 1268, 1, 6.62%, 0, 0, 2, 740.25
1570730959, 0, 0, 1269, 1269, 1, 6.62%, 0, 0, 2, 703.15
1570730965, 0, 0, 1270, 1270, 1, 6.62%, 0, 0, 2, 866.16
1570730970, 0, 0, 1272, 1272, 1, 6.62%, 0, 0, 2, 724.36
1570730975, 0, 0, 1274, 1274, 1, 6.62%, 0, 0, 2, 621.07
1570730990, 0, 0, 1286, 1286, 1, 6.63%, 0, 0, 2, 849.57
1570730995, 0, 0, 1321, 1321, 1, 6.67%, 0, 0, 2, 1562.20
1570731000, 0, 0, 1342, 1342, 1, 6.73%, 0, 0, 2, 1692.30
1570731005, 0, 0, 1361, 1361, 1, 6.73%, 0, 0, 2, 1703.97
1570731010, 0, 13, 1372, 1366, 302, 6.74%, 0, 0, 2, 2097.36
1570731015, 0, 31, 1374, 1365, 299, 6.74%, 0, 0, 3, 2391.76
1570731041, 0, 31, 1376, 1367, 299, 6.74%, 0, 0, 3, 2332.47
1570731155, 0, 69, 1376, 1365, 299, 6.74%, 0, 0, 3, 2526.74
1570731469, 0, 69, 1377, 1366, 299, 6.74%, 0, 0, 3, 640.26
1570731783, 0, 69, 1378, 1367, 299, 6.74%, 0, 0, 3, 1020.61
1570732701, 0, 69, 1379, 1368, 299, 6.74%, 0, 0, 3, 661.80
1570732833, 0, 69, 1380, 1369, 299, 6.74%, 0, 0, 3, 709.60
1570732838, 0, 102, 1380, 1367, 299, 6.74%, 0, 0, 3, 1186.08
1570732848, 0, 102, 1381, 1368, 299, 6.74%, 0, 0, 3, 683.87
1570732920, 0, 102, 1385, 1372, 299, 6.74%, 0, 0, 3, 681.31
1570732925, 0, 102, 1387, 1374, 299, 6.74%, 0, 0, 3, 701.81
1570733015, 0, 102, 1388, 1375, 299, 6.74%, 0, 0, 3, 634.93
1570733111, 0, 102, 1389, 1376, 299, 6.74%, 0, 0, 3, 570.08
1570733444, 0, 102, 1390, 1377, 299, 6.74%, 0, 0, 3, 1314.85
1570733459, 0, 102, 1392, 1379, 299, 6.74%, 0, 0, 3, 704.16
1570733470, 0, 102, 1393, 1380, 299, 6.74%, 0, 0, 3, 1233.35
1570733490, 0, 102, 1394, 1381, 299, 6.74%, 0, 0, 3, 1009.89
1570734161, 0, 102, 1395, 1382, 299, 6.74%, 0, 0, 3, 733.28
1570734516, 0, 102, 1410, 1397, 299, 6.74%, 0, 0, 3, 1510.00
1570734521, 0, 102, 1423, 1410, 299, 6.74%, 0, 0, 3, 1730.82
1570734526, 0, 102, 1432, 1419, 299, 6.74%, 0, 0, 3, 1741.52
1570734532, 0, 103, 1438, 1424, 300, 6.75%, 0, 0, 3, 1932.98
1570734542, 0, 103, 1439, 1425, 300, 6.75%, 0, 0, 3, 726.90
1570734612, 0, 103, 1442, 1428, 300, 6.75%, 0, 0, 3, 705.90
1570734633, 0, 103, 1443, 1429, 300, 6.76%, 0, 0, 3, 622.31
1570734830, 0, 103, 1444, 1430, 300, 6.76%, 0, 0, 3, 639.91
1570734851, 0, 103, 1445, 1431, 300, 6.76%, 0, 0, 3, 630.84
1570735857, 0, 103, 1446, 1432, 300, 6.76%, 0, 0, 3, 676.03
1570736212, 0, 103, 1456, 1442, 300, 6.77%, 0, 0, 3, 1337.78
1570736217, 0, 103, 1461, 1447, 300, 6.77%, 0, 0, 3, 1635.78
1570736222, 0, 103, 1470, 1456, 300, 6.77%, 0, 0, 3, 1733.04
1570736227, 0, 103, 1481, 1467, 300, 6.77%, 0, 0, 3, 1715.86
1570736232, 0, 109, 1483, 1468, 305, 6.77%, 0, 0, 3, 1114.15
1570736237, 0, 109, 1484, 1469, 305, 6.77%, 0, 0, 3, 730.21
1570736313, 0, 109, 1487, 1472, 305, 6.77%, 0, 0, 3, 666.82
1570736505, 0, 109, 1488, 1473, 305, 6.77%, 0, 0, 3, 827.53
1570736854, 0, 109, 1489, 1474, 305, 6.77%, 0, 0, 3, 73.53
1570737910, 0, 116, 1491, 1475, 304, 6.77%, 0, 0, 3, 1366.48
1570737991, 0, 116, 1492, 1476, 304, 6.77%, 0, 0, 3, 685.45
1570738229, 0, 116, 1493, 1477, 304, 6.77%, 0, 0, 3, 629.72
1570738506, 0, 116, 1494, 1478, 304, 6.77%, 0, 0, 3, 155.44
1570739591, 0, 116, 1499, 1483, 304, 6.79%, 0, 0, 3, 1499.88
1570739597, 0, 116, 1509, 1493, 304, 6.80%, 0, 0, 3, 1687.94
1570739602, 0, 116, 1519, 1503, 304, 6.80%, 0, 0, 3, 1741.42
1570739607, 0, 118, 1524, 1507, 313, 6.80%, 0, 0, 3, 1887.48
1570739688, 0, 118, 1525, 1508, 313, 6.80%, 0, 0, 3, 700.37
1570739723, 0, 118, 1526, 1509, 313, 6.80%, 0, 0, 3, 627.03
1570739905, 0, 118, 1527, 1510, 313, 6.80%, 0, 0, 3, 641.79
1570741287, 0, 118, 1532, 1515, 313, 6.80%, 0, 0, 3, 985.42
1570741292, 0, 118, 1540, 1523, 313, 6.82%, 0, 0, 3, 1615.41
1570741297, 0, 118, 1544, 1527, 313, 6.82%, 0, 0, 3, 1745.58
1570741302, 0, 118, 1548, 1531, 313, 6.82%, 0, 0, 3, 1752.20
1570741308, 0, 149, 1551, 1532, 314, 6.83%, 0, 0, 3, 1647.99
1570741389, 0, 149, 1552, 1533, 314, 6.83%, 0, 0, 3, 686.05
1570741404, 0, 149, 1553, 1534, 314, 6.83%, 0, 0, 3, 641.85
1570742986, 0, 162, 1553, 1532, 313, 6.83%, 0, 0, 3, 1451.42
1570742991, 0, 175, 1553, 1527, 308, 6.83%, 0, 0, 3, 1725.54
1570743072, 0, 175, 1554, 1528, 308, 6.83%, 0, 0, 3, 688.02
1570744549, 0, 175, 1555, 1529, 308, 6.83%, 0, 0, 3, 707.94
1570744676, 0, 176, 1556, 1529, 308, 6.83%, 0, 0, 3, 1177.14
1570744686, 0, 176, 1558, 1531, 308, 6.83%, 0, 0, 3, 675.15
1570744757, 0, 176, 1561, 1534, 308, 6.83%, 0, 0, 3, 701.68
1570744767, 0, 176, 1562, 1535, 308, 6.83%, 0, 0, 3, 649.30
1570744944, 0, 176, 1563, 1536, 308, 6.83%, 0, 0, 3, 650.95
1570745016, 0, 176, 1565, 1538, 308, 6.83%, 0, 0, 3, 625.15
1570745272, 0, 176, 1566, 1539, 308, 6.83%, 0, 0, 3, 772.40
1570745384, 0, 176, 1567, 1540, 308, 6.84%, 0, 0, 3, 630.32
1570745914, 0, 176, 1568, 1541, 308, 6.84%, 0, 0, 3, 597.70
1570746234, 0, 176, 1571, 1544, 308, 6.84%, 0, 0, 3, 711.43
1570746360, 0, 176, 1577, 1550, 308, 6.85%, 0, 0, 3, 1446.69
1570746365, 0, 176, 1583, 1556, 308, 6.85%, 0, 0, 3, 1674.26
1570746370, 0, 176, 1589, 1562, 308, 6.86%, 0, 0, 3, 1735.27
1570746375, 0, 178, 1593, 1565, 305, 6.86%, 0, 0, 3, 1927.46
1570746381, 0, 184, 1593, 1563, 303, 6.86%, 0, 0, 3, 1223.22
1570746386, 0, 184, 1594, 1564, 303, 6.86%, 0, 0, 3, 751.40
1570746391, 0, 184, 1595, 1565, 303, 6.86%, 0, 0, 3, 669.92
1570746472, 0, 184, 1596, 1566, 303, 6.86%, 0, 0, 3, 665.65
1570746643, 0, 184, 1597, 1567, 303, 6.86%, 0, 0, 3, 718.30
1570746987, 0, 184, 1598, 1568, 303, 6.86%, 0, 0, 3, 87.54
1570747290, 0, 184, 1599, 1569, 303, 6.86%, 0, 0, 3, 2034.39
1570748067, 0, 192, 1599, 1566, 301, 6.86%, 0, 0, 3, 1487.47
1570748780, 0, 192, 1600, 1567, 301, 6.87%, 0, 0, 3, 663.75
1570749749, 0, 195, 1601, 1566, 300, 6.87%, 0, 0, 3, 1622.93
1570749754, 0, 214, 1601, 1563, 297, 6.87%, 0, 0, 3, 1330.37
1570749759, 0, 214, 1602, 1564, 297, 6.87%, 0, 0, 3, 775.98
1570749764, 0, 214, 1604, 1566, 297, 6.87%, 0, 0, 3, 667.01
1570749769, 0, 214, 1605, 1567, 297, 6.87%, 0, 0, 3, 635.27
1570749835, 0, 214, 1608, 1570, 297, 6.87%, 0, 0, 3, 665.79
1570749840, 0, 214, 1610, 1572, 297, 6.87%, 0, 0, 3, 605.02
1570749855, 0, 214, 1613, 1575, 297, 6.88%, 0, 0, 3, 648.33
1570749926, 0, 214, 1614, 1576, 297, 6.88%, 0, 0, 3, 714.18
1570750113, 0, 214, 1617, 1579, 297, 6.89%, 0, 0, 3, 638.94
1570750376, 0, 214, 1618, 1580, 297, 6.89%, 0, 0, 3, 67.38
1570751315, 0, 214, 1619, 1581, 297, 6.90%, 0, 0, 3, 659.68
1570751436, 0, 229, 1619, 1578, 303, 6.90%, 0, 0, 3, 1799.93
1570751441, 0, 236, 1619, 1577, 302, 6.90%, 0, 0, 3, 1032.05
1570751523, 0, 236, 1621, 1579, 302, 6.90%, 0, 0, 3, 625.51
1570751553, 0, 236, 1622, 1580, 302, 6.90%, 0, 0, 3, 618.79
1570751614, 0, 236, 1623, 1581, 302, 6.90%, 0, 0, 3, 689.40
1570751629, 0, 236, 1624, 1582, 302, 6.90%, 0, 0, 3, 636.52
1570752069, 0, 236, 1625, 1583, 302, 6.90%, 0, 0, 3, 163.44
1570752099, 0, 236, 1626, 1584, 302, 6.90%, 0, 0, 3, 504.19
1570752774, 0, 236, 1627, 1585, 302, 6.90%, 0, 0, 3, 756.22
1570753124, 0, 237, 1628, 1585, 303, 6.90%, 0, 0, 3, 1261.64
1570753139, 0, 237, 1629, 1586, 303, 6.90%, 0, 0, 3, 633.44
1570754817, 0, 237, 1637, 1594, 303, 6.90%, 0, 0, 3, 1632.79
1570754822, 0, 237, 1641, 1598, 303, 6.90%, 0, 0, 3, 1742.71
1570754827, 0, 237, 1644, 1601, 303, 6.90%, 0, 0, 3, 1799.09
1570754832, 0, 246, 1646, 1602, 304, 6.90%, 0, 0, 3, 1477.77
1570754853, 0, 246, 1647, 1603, 304, 6.90%, 0, 0, 3, 628.91
1570754913, 0, 246, 1648, 1604, 304, 6.90%, 0, 0, 3, 699.89
1570755217, 0, 246, 1649, 1605, 304, 6.90%, 0, 0, 3, 625.35
1570755434, 0, 246, 1650, 1606, 304, 6.90%, 0, 0, 3, 1127.91
1570755485, 0, 246, 1651, 1607, 304, 6.90%, 0, 0, 3, 87.18
1570756058, 0, 246, 1652, 1608, 304, 6.92%, 0, 0, 3, 694.34
1570756524, 0, 246, 1657, 1613, 304, 6.92%, 0, 0, 3, 1261.18
1570756529, 0, 246, 1666, 1622, 304, 6.93%, 0, 0, 3, 1669.42
1570756534, 0, 246, 1667, 1623, 304, 6.93%, 0, 0, 3, 1691.54
1570756539, 0, 246, 1670, 1626, 304, 6.93%, 0, 0, 3, 1747.25
1570756544, 0, 259, 1670, 1624, 308, 6.93%, 0, 0, 3, 1375.00
1570756565, 0, 259, 1671, 1625, 308, 6.93%, 0, 0, 3, 627.31
1570758231, 0, 266, 1671, 1622, 306, 6.93%, 0, 0, 3, 1810.08
1570758241, 0, 266, 1672, 1623, 306, 6.93%, 0, 0, 3, 717.77
1570758312, 0, 266, 1673, 1624, 306, 6.93%, 0, 0, 3, 696.88
1570758347, 0, 266, 1675, 1626, 306, 6.93%, 0, 0, 3, 628.55
1570758499, 0, 266, 1676, 1627, 306, 6.93%, 0, 0, 3, 733.65
1570758656, 0, 266, 1677, 1628, 306, 6.94%, 0, 0, 3, 627.97
1570758990, 0, 266, 1678, 1629, 306, 6.94%, 0, 0, 3, 617.74
1570759928, 0, 285, 1678, 1626, 306, 6.94%, 0, 0, 3, 1424.40
1570759989, 0, 285, 1680, 1628, 306, 6.94%, 0, 0, 3, 620.97
1570759994, 0, 285, 1681, 1629, 306, 6.94%, 0, 0, 3, 619.11
1570760009, 0, 285, 1683, 1631, 306, 6.94%, 0, 0, 3, 697.39
1570760014, 0, 285, 1684, 1632, 306, 6.94%, 0, 0, 3, 612.05
1570760176, 0, 285, 1685, 1633, 306, 6.94%, 0, 0, 3, 625.22
1570760484, 0, 285, 1686, 1634, 306, 6.94%, 0, 0, 3, 627.24
1570760560, 0, 285, 1687, 1635, 306, 6.94%, 0, 0, 3, 1273.02
1570760778, 0, 285, 1688, 1636, 306, 6.94%, 0, 0, 3, 625.91
1570761266, 0, 285, 1689, 1637, 306, 6.94%, 0, 0, 3, 650.26
1570761622, 0, 285, 1691, 1639, 306, 6.94%, 0, 0, 3, 1221.91
1570761627, 0, 315, 1691, 1638, 307, 6.94%, 0, 0, 3, 907.67
1570761682, 0, 315, 1692, 1639, 307, 6.94%, 0, 0, 3, 623.44
1570761687, 0, 315, 1694, 1641, 307, 6.94%, 0, 0, 3, 628.37
1570761895, 0, 315, 1695, 1642, 307, 6.94%, 0, 0, 3, 609.41
1570762142, 0, 315, 1696, 1643, 307, 6.94%, 0, 0, 3, 629.67
1570762248, 0, 315, 1697, 1644, 307, 6.94%, 0, 0, 3, 131.05
1570762269, 0, 315, 1698, 1645, 307, 6.94%, 0, 0, 3, 618.41
1570762300, 0, 315, 1700, 1647, 307, 6.94%, 0, 0, 3, 940.13
1570763309, 0, 315, 1702, 1649, 307, 6.94%, 0, 0, 3, 1227.86
1570763314, 0, 315, 1707, 1654, 307, 6.94%, 0, 0, 3, 1685.19
1570763319, 0, 315, 1711, 1658, 307, 6.94%, 0, 0, 3, 1779.46
1570763324, 0, 315, 1716, 1663, 307, 6.94%, 0, 0, 3, 1755.52
1570763329, 0, 317, 1717, 1663, 308, 6.95%, 0, 0, 3, 1142.24
1570763415, 0, 317, 1718, 1664, 308, 6.95%, 0, 0, 3, 605.96
1570763597, 0, 317, 1719, 1665, 308, 6.95%, 0, 0, 3, 603.83
1570763602, 0, 317, 1720, 1666, 308, 6.95%, 0, 0, 3, 590.21
1570763859, 0, 317, 1721, 1667, 308, 6.95%, 0, 0, 3, 621.45
1570765021, 0, 397, 1721, 1665, 307, 6.95%, 0, 0, 3, 1058.23
1570765102, 0, 397, 1725, 1669, 307, 6.95%, 0, 0, 3, 677.43
1570765107, 0, 397, 1726, 1670, 307, 6.95%, 0, 0, 3, 607.24
1570765112, 0, 397, 1727, 1671, 307, 6.95%, 0, 0, 3, 691.06
1570765193, 0, 397, 1729, 1673, 307, 6.95%, 0, 0, 3, 681.14
1570765628, 0, 397, 1730, 1674, 307, 6.95%, 0, 0, 3, 926.63
1570766714, 0, 412, 1730, 1673, 308, 6.95%, 0, 0, 3, 1246.88
1570766719, 0, 412, 1734, 1677, 308, 6.95%, 0, 0, 3, 723.76
1570766725, 0, 412, 1743, 1686, 308, 6.95%, 0, 0, 3, 626.60
1570766802, 0, 412, 1750, 1693, 308, 6.95%, 0, 0, 3, 645.83
1570766807, 0, 412, 1752, 1695, 308, 6.95%, 0, 0, 3, 581.18
1570766817, 0, 412, 1753, 1696, 308, 6.95%, 0, 0, 3, 608.25
1570766822, 0, 412, 1757, 1700, 308, 6.95%, 0, 0, 3, 587.03
1570766828, 0, 412, 1758, 1701, 308, 6.95%, 0, 0, 3, 611.62
1570766921, 0, 412, 1760, 1703, 308, 6.95%, 0, 0, 3, 592.07
1570766926, 0, 412, 1761, 1704, 308, 6.95%, 0, 0, 3, 606.46
1570767003, 0, 412, 1762, 1705, 308, 6.95%, 0, 0, 3, 674.96
1570767013, 0, 412, 1763, 1706, 308, 6.95%, 0, 0, 3, 618.40
1570767019, 0, 412, 1764, 1707, 308, 6.95%, 0, 0, 3, 587.52
1570767029, 0, 412, 1765, 1708, 308, 6.95%, 0, 0, 3, 584.91
1570767034, 0, 412, 1766, 1709, 308, 6.95%, 0, 0, 3, 599.46
1570767054, 0, 412, 1767, 1710, 308, 6.95%, 0, 0, 3, 589.55
1570767059, 0, 412, 1769, 1712, 308, 6.95%, 0, 0, 3, 582.87
1570767075, 0, 412, 1773, 1716, 308, 6.95%, 0, 0, 3, 581.49
1570767080, 0, 412, 1775, 1718, 308, 6.95%, 0, 0, 3, 580.35
1570767364, 0, 412, 1776, 1719, 308, 6.95%, 0, 0, 3, 1153.74
1570767461, 0, 412, 1777, 1720, 308, 6.95%, 0, 0, 3, 585.43
1570768027, 0, 412, 1778, 1721, 308, 6.95%, 0, 0, 3, 666.93
1570768381, 0, 412, 1780, 1723, 308, 6.95%, 0, 0, 3, 587.27
1570768386, 0, 412, 1781, 1724, 308, 6.95%, 0, 0, 3, 580.26
1570768495, 0, 412, 1782, 1725, 308, 6.95%, 0, 0, 3, 662.74
1570768531, 0, 455, 1783, 1724, 314, 7.00%, 0, 0, 3, 1200.80
1570768582, 0, 455, 1784, 1725, 314, 7.00%, 0, 0, 3, 644.61
1570768607, 0, 455, 1785, 1726, 314, 7.00%, 0, 0, 3, 664.29
1570768612, 0, 455, 1792, 1733, 314, 7.00%, 0, 0, 3, 632.34
1570768617, 0, 455, 1794, 1735, 314, 7.00%, 0, 0, 3, 605.48
1570768622, 0, 455, 1798, 1739, 314, 7.00%, 0, 0, 3, 678.45
1570768699, 0, 455, 1800, 1741, 314, 7.00%, 0, 0, 3, 674.42
1570768704, 0, 455, 1802, 1743, 314, 7.00%, 0, 0, 3, 639.16
1570768714, 0, 455, 1803, 1744, 314, 7.01%, 0, 0, 3, 670.44
1570768826, 0, 455, 1804, 1745, 314, 7.01%, 0, 0, 3, 773.88
1570769121, 0, 455, 1805, 1746, 314, 7.01%, 0, 0, 3, 98.88
1570769183, 0, 455, 1810, 1751, 314, 7.01%, 0, 0, 3, 905.63
1570769188, 0, 455, 1811, 1752, 314, 7.01%, 0, 0, 3, 929.48
1570769428, 0, 455, 1812, 1753, 314, 7.01%, 0, 0, 3, 1613.39
1570769724, 0, 455, 1813, 1754, 314, 7.01%, 0, 0, 3, 715.21
1570770148, 0, 455, 1814, 1755, 314, 7.01%, 0, 0, 3, 665.83
1570770173, 0, 461, 1815, 1755, 326, 7.01%, 0, 0, 3, 992.38
1570770178, 0, 461, 1816, 1756, 326, 7.01%, 0, 0, 3, 685.23
1570770255, 0, 461, 1817, 1757, 326, 7.01%, 0, 0, 3, 684.60
1570770265, 0, 461, 1818, 1758, 326, 7.02%, 0, 0, 3, 641.82
1570770362, 0, 461, 1819, 1759, 326, 7.02%, 0, 0, 3, 650.20
1570770782, 0, 461, 1822, 1762, 326, 7.02%, 0, 0, 3, 982.72
1570770797, 0, 461, 1823, 1763, 326, 7.02%, 0, 0, 3, 226.46
1570771416, 0, 461, 1824, 1764, 326, 7.02%, 0, 0, 3, 654.11
1570771518, 0, 461, 1825, 1765, 326, 7.02%, 0, 0, 3, 632.88
1570771865, 0, 461, 1826, 1766, 326, 7.02%, 0, 0, 3, 654.14
1570771891, 0, 472, 1827, 1764, 322, 7.02%, 0, 0, 3, 1412.63
1570771984, 0, 472, 1828, 1765, 322, 7.02%, 0, 0, 3, 574.84
1570772514, 0, 472, 1829, 1766, 322, 7.02%, 0, 0, 3, 1048.70
1570773163, 0, 472, 1830, 1767, 322, 7.02%, 0, 0, 3, 578.83
1570773651, 0, 476, 1830, 1764, 320, 7.02%, 0, 0, 3, 1744.72
1570773737, 0, 476, 1831, 1765, 320, 7.02%, 0, 0, 3, 627.00
1570773748, 0, 476, 1833, 1767, 320, 7.02%, 0, 0, 3, 646.56
1570773993, 0, 476, 1834, 1768, 320, 7.02%, 0, 0, 3, 614.49
1570774263, 0, 476, 1835, 1769, 320, 7.02%, 0, 0, 3, 1114.93
1570774907, 0, 476, 1836, 1770, 320, 7.02%, 0, 0, 3, 606.20
1570775000, 0, 476, 1837, 1771, 320, 7.02%, 0, 0, 3, 712.87
1570775388, 0, 476, 1842, 1776, 320, 7.02%, 0, 0, 3, 1513.70
1570775393, 0, 476, 1844, 1778, 320, 7.02%, 0, 0, 3, 1704.09
1570775398, 0, 476, 1849, 1783, 320, 7.03%, 0, 0, 3, 1720.05
1570775404, 0, 483, 1852, 1784, 318, 7.19%, 0, 0, 3, 2052.10
1570775485, 0, 483, 1853, 1785, 318, 7.19%, 0, 0, 3, 635.23
1570775490, 0, 483, 1856, 1788, 318, 7.19%, 0, 0, 3, 640.43
1570775501, 0, 483, 1857, 1789, 318, 7.19%, 0, 0, 3, 657.37
1570776016, 0, 483, 1858, 1790, 318, 7.19%, 0, 0, 3, 1257.96
1570776660, 0, 483, 1859, 1791, 318, 7.19%, 0, 0, 3, 627.76
1570777109, 0, 483, 1860, 1792, 318, 7.19%, 0, 0, 3, 716.26
1570777114, 0, 483, 1861, 1793, 318, 7.19%, 0, 0, 3, 1515.00
1570777134, 0, 483, 1862, 1794, 318, 7.19%, 0, 0, 3, 619.40
1570777144, 0, 484, 1862, 1793, 321, 7.19%, 0, 0, 3, 975.12
1570777150, 0, 538, 1862, 1785, 313, 7.19%, 0, 0, 3, 2566.35
1570777155, 0, 569, 1862, 1780, 308, 7.19%, 0, 0, 3, 2067.84
1570777165, 0, 569, 1864, 1782, 308, 7.19%, 0, 0, 3, 710.48
1570777170, 0, 569, 1865, 1783, 308, 7.19%, 0, 0, 3, 639.49
1570777221, 0, 569, 1867, 1785, 308, 7.19%, 0, 0, 3, 615.79
1570777241, 0, 569, 1868, 1786, 308, 7.20%, 0, 0, 3, 604.40
1570777262, 0, 569, 1869, 1787, 308, 7.20%, 0, 0, 3, 633.98
1570777517, 0, 569, 1870, 1788, 308, 7.20%, 0, 0, 3, 637.60
1570777522, 0, 569, 1871, 1789, 308, 7.20%, 0, 0, 3, 646.73
1570777839, 0, 569, 1873, 1791, 308, 7.20%, 0, 0, 3, 978.75
1570778900, 0, 613, 1874, 1790, 312, 7.20%, 0, 0, 3, 1184.65
1570780625, 0, 627, 1874, 1789, 311, 7.20%, 0, 0, 3, 978.30
1570780635, 0, 627, 1875, 1790, 311, 7.20%, 0, 0, 3, 663.68
1570780705, 0, 627, 1876, 1791, 311, 7.20%, 0, 0, 3, 698.94
1570780710, 0, 627, 1877, 1792, 311, 7.20%, 0, 0, 3, 617.40
1570780731, 0, 627, 1880, 1795, 311, 7.20%, 0, 0, 3, 637.89
1570780988, 0, 627, 1886, 1801, 311, 7.20%, 0, 0, 3, 683.16
1570781215, 0, 627, 1887, 1802, 311, 7.20%, 0, 0, 3, 1186.87
1570781333, 0, 627, 1888, 1803, 311, 7.20%, 0, 0, 3, 664.25
1570781353, 0, 627, 1889, 1804, 311, 7.20%, 0, 0, 3, 630.60
1570781561, 0, 627, 1890, 1805, 311, 7.20%, 0, 0, 3, 107.06
1570781872, 0, 627, 1891, 1806, 311, 7.20%, 0, 0, 3, 643.29
1570782313, 0, 712, 1892, 1804, 316, 7.20%, 0, 0, 3, 1380.17
1570782404, 0, 712, 1893, 1805, 316, 7.20%, 0, 0, 3, 698.60
1570782582, 0, 712, 1894, 1806, 316, 7.21%, 0, 0, 3, 629.34
1570782912, 0, 712, 1895, 1807, 316, 7.21%, 0, 0, 3, 980.14
1570782922, 0, 712, 1896, 1808, 316, 7.21%, 0, 0, 3, 1095.87
1570783836, 0, 712, 1897, 1809, 316, 7.21%, 0, 0, 3, 760.28
1570784028, 0, 725, 1897, 1808, 319, 7.21%, 0, 0, 3, 867.21
1570784201, 0, 725, 1898, 1809, 319, 7.21%, 0, 0, 3, 644.18
1570784299, 0, 725, 1899, 1810, 319, 7.21%, 0, 0, 3, 644.62
1570785729, 0, 726, 1899, 1809, 318, 7.21%, 0, 0, 3, 1245.43
1570785811, 0, 726, 1901, 1811, 318, 7.22%, 0, 0, 3, 693.85
1570785821, 0, 726, 1902, 1812, 318, 7.22%, 0, 0, 3, 615.17
1570785907, 0, 726, 1903, 1813, 318, 7.22%, 0, 0, 3, 645.50
1570786024, 0, 726, 1904, 1814, 318, 7.22%, 0, 0, 3, 623.43
1570786034, 0, 726, 1905, 1815, 318, 7.22%, 0, 0, 3, 756.06
1570786324, 0, 726, 1906, 1816, 318, 7.22%, 0, 0, 3, 647.44
1570787470, 0, 726, 1907, 1817, 318, 7.22%, 0, 0, 3, 928.31
1570787475, 0, 742, 1908, 1817, 318, 7.22%, 0, 0, 3, 924.13
1570787485, 0, 742, 1909, 1818, 318, 7.22%, 0, 0, 3, 632.65
1570787536, 0, 742, 1912, 1821, 318, 7.22%, 0, 0, 3, 612.98
1570788154, 0, 742, 1914, 1823, 318, 7.22%, 0, 0, 3, 797.73
1570789103, 0, 742, 1915, 1824, 318, 7.22%, 0, 0, 3, 616.28
1570789185, 0, 742, 1916, 1825, 318, 7.22%, 0, 0, 3, 885.70
1570789210, 0, 774, 1917, 1824, 317, 7.22%, 0, 0, 3, 1398.54
1570789215, 0, 790, 1919, 1822, 313, 7.22%, 0, 0, 3, 1240.46
1570789291, 0, 790, 1922, 1825, 313, 7.23%, 0, 0, 3, 621.33
1570789296, 0, 790, 1924, 1827, 313, 7.23%, 0, 0, 3, 662.19
1570789302, 0, 790, 1925, 1828, 313, 7.23%, 0, 0, 3, 582.54
1570789307, 0, 790, 1926, 1829, 313, 7.23%, 0, 0, 3, 670.90
1570789519, 0, 790, 1928, 1831, 313, 7.23%, 0, 0, 3, 816.47
1570790933, 0, 790, 1930, 1833, 313, 7.23%, 0, 0, 3, 1341.80
1570790938, 0, 799, 1930, 1832, 316, 7.23%, 0, 0, 3, 915.15
1570792686, 0, 801, 1930, 1831, 315, 7.23%, 0, 0, 3, 845.35
1570793394, 0, 801, 1931, 1832, 315, 7.24%, 0, 0, 3, 777.32
1570794428, 0, 807, 1931, 1829, 314, 7.24%, 0, 0, 3, 1480.61
1570794509, 0, 807, 1932, 1830, 314, 7.24%, 0, 0, 3, 701.52
1570794626, 0, 807, 1933, 1831, 314, 7.24%, 0, 0, 3, 651.78
1570794773, 0, 807, 1934, 1832, 314, 7.24%, 0, 0, 3, 627.42
1570796182, 0, 809, 1936, 1832, 315, 7.24%, 0, 0, 3, 1657.62
1570797928, 0, 812, 1936, 1831, 314, 7.24%, 0, 0, 3, 1059.98
1570798014, 0, 812, 1937, 1832, 314, 7.24%, 0, 0, 3, 608.49
1570799651, 0, 812, 1938, 1833, 314, 7.24%, 0, 0, 3, 1063.83
1570799682, 0, 818, 1938, 1831, 312, 7.24%, 0, 0, 3, 1221.30
1570801433, 0, 819, 1938, 1830, 311, 7.24%, 0, 0, 3, 880.75
1570801509, 0, 819, 1939, 1831, 311, 7.24%, 0, 0, 3, 634.34
1570801737, 0, 819, 1940, 1832, 311, 7.24%, 0, 0, 3, 817.66
1570802109, 0, 819, 1941, 1833, 311, 7.24%, 0, 0, 3, 1032.45
1570803186, 0, 824, 1941, 1831, 310, 7.24%, 0, 0, 3, 1297.15
1570803617, 0, 824, 1943, 1833, 310, 7.26%, 0, 0, 3, 625.94
1570804937, 0, 825, 1943, 1832, 311, 7.26%, 0, 0, 3, 943.60
1570804958, 0, 825, 1944, 1833, 311, 7.28%, 0, 0, 3, 621.40
1570805018, 0, 825, 1946, 1835, 311, 7.28%, 0, 0, 3, 668.97
1570805221, 0, 825, 1947, 1836, 311, 7.28%, 0, 0, 3, 612.58
1570805368, 0, 825, 1948, 1837, 311, 7.29%, 0, 0, 3, 625.36
1570806556, 0, 825, 1949, 1838, 311, 7.33%, 0, 0, 3, 621.98
1570806693, 0, 872, 1949, 1833, 307, 7.33%, 0, 0, 3, 1886.12
1570806780, 0, 872, 1950, 1834, 307, 7.33%, 0, 0, 3, 616.63
1570808445, 0, 907, 1950, 1831, 306, 7.33%, 0, 0, 3, 1491.69
1570808511, 0, 907, 1951, 1832, 306, 7.33%, 0, 0, 3, 624.90
1570808607, 0, 907, 1952, 1833, 306, 7.33%, 0, 0, 3, 624.65
1570808724, 0, 907, 1953, 1834, 306, 7.33%, 0, 0, 3, 741.98
1570809129, 0, 907, 1954, 1835, 306, 7.33%, 0, 0, 3, 924.55
1570810174, 0, 907, 1955, 1836, 306, 7.33%, 0, 0, 3, 538.68
1570810205, 0, 917, 1955, 1833, 302, 7.33%, 0, 0, 3, 969.34
1570810286, 0, 917, 1956, 1834, 302, 7.33%, 0, 0, 3, 654.05
1570811949, 0, 922, 1956, 1832, 301, 7.33%, 0, 0, 3, 1496.00
1570813698, 0, 924, 1956, 1831, 300, 7.33%, 0, 0, 3, 1016.67
1570813779, 0, 924, 1957, 1832, 300, 7.33%, 0, 0, 3, 696.42
1570813814, 0, 924, 1958, 1833, 300, 7.34%, 0, 0, 3, 621.78
1570813875, 0, 924, 1959, 1834, 300, 7.34%, 0, 0, 3, 644.28
1570813906, 0, 924, 1960, 1835, 300, 7.35%, 0, 0, 3, 622.91
1570815444, 0, 924, 1961, 1836, 300, 7.35%, 0, 0, 3, 1066.31
1570815449, 0, 926, 1963, 1837, 303, 7.35%, 0, 0, 3, 1585.29
1570815530, 0, 926, 1964, 1838, 303, 7.35%, 0, 0, 3, 678.62
