# unix_time, cycles_done, cur_path, paths_total, pending_total, pending_favs, map_size, unique_crashes, unique_hangs, max_depth, execs_per_sec
1573376079, 0, 0, 1, 1, 1, 3.55%, 0, 0, 1, 727.27
1573376084, 0, 0, 88, 88, 1, 4.06%, 0, 0, 2, 875.20
1573376089, 0, 0, 186, 186, 1, 4.37%, 0, 0, 2, 782.23
1573376094, 0, 0, 247, 247, 1, 4.58%, 0, 0, 2, 785.24
1573376099, 0, 0, 267, 267, 1, 4.62%, 0, 0, 2, 770.11
1573376104, 0, 0, 270, 270, 1, 4.65%, 0, 0, 2, 766.39
1573376125, 0, 0, 274, 274, 1, 4.67%, 0, 0, 2, 763.51
1573376130, 0, 0, 284, 284, 1, 4.68%, 0, 0, 2, 764.20
1573376135, 0, 0, 340, 340, 1, 4.77%, 0, 0, 2, 763.21
1573376140, 0, 0, 348, 348, 1, 4.78%, 0, 0, 2, 758.00
1573376145, 0, 0, 352, 352, 1, 4.78%, 0, 0, 2, 764.35
1573376150, 0, 0, 499, 499, 1, 5.15%, 0, 0, 2, 932.74
1573376156, 0, 0, 618, 618, 1, 5.31%, 0, 0, 2, 138.08
1573376161, 0, 0, 706, 706, 1, 5.33%, 0, 0, 2, 785.76
1573376166, 0, 0, 796, 796, 1, 5.54%, 0, 0, 2, 828.94
1573376171, 0, 0, 802, 802, 1, 5.54%, 0, 0, 2, 779.25
1573376176, 0, 0, 817, 817, 1, 5.59%, 0, 0, 2, 799.77
1573376181, 0, 0, 822, 822, 1, 5.61%, 0, 0, 2, 768.87
1573376186, 0, 0, 827, 827, 1, 5.64%, 0, 0, 2, 766.54
1573376212, 0, 0, 828, 828, 1, 5.64%, 0, 0, 2, 754.77
1573376217, 0, 0, 830, 830, 1, 5.64%, 0, 0, 2, 752.89
1573376222, 0, 0, 831, 831, 1, 5.64%, 0, 0, 2, 752.24
1573376232, 0, 0, 852, 852, 1, 5.66%, 0, 0, 2, 816.50
1573376237, 0, 0, 882, 882, 1, 5.69%, 0, 0, 2, 757.91
1573376243, 0, 0, 906, 906, 1, 5.69%, 0, 0, 2, 716.09
1573376248, 0, 0, 919, 919, 1, 5.71%, 0, 0, 2, 775.66
1573376253, 0, 0, 921, 921, 1, 5.74%, 0, 0, 2, 792.86
1573376258, 0, 0, 923, 923, 1, 5.75%, 0, 0, 2, 764.98
1573376263, 0, 0, 927, 927, 1, 5.77%, 0, 0, 2, 751.83
1573376288, 0, 0, 929, 929, 1, 5.77%, 0, 0, 2, 753.35
1573376299, 0, 0, 930, 930, 1, 5.77%, 0, 0, 2, 751.49
1573376309, 0, 0, 937, 937, 1, 5.77%, 0, 0, 2, 724.56
1573376314, 0, 0, 948, 948, 1, 5.83%, 0, 0, 2, 779.13
1573376319, 0, 0, 958, 958, 1, 5.83%, 0, 0, 2, 677.80
1573376324, 0, 0, 968, 968, 1, 5.83%, 0, 0, 2, 762.52
1573376334, 0, 0, 976, 976, 1, 5.85%, 0, 0, 2, 752.28
1573376340, 0, 0, 985, 985, 1, 5.86%, 0, 0, 2, 750.34
1573376345, 0, 0, 1003, 1003, 1, 6.16%, 0, 0, 2, 920.53
1573376350, 0, 0, 1015, 1015, 1, 6.16%, 0, 0, 2, 816.24
1573376355, 0, 0, 1018, 1018, 1, 6.18%, 0, 0, 2, 766.56
1573376360, 0, 0, 1021, 1021, 1, 6.19%, 0, 0, 2, 756.26
1573376375, 0, 0, 1022, 1022, 1, 6.20%, 0, 0, 2, 762.05
1573376391, 0, 0, 1028, 1028, 1, 6.21%, 0, 0, 2, 788.93
1573376396, 0, 0, 1033, 1033, 1, 6.23%, 0, 0, 2, 833.12
1573376401, 0, 0, 1035, 1035, 1, 6.23%, 0, 0, 2, 787.92
1573376406, 0, 0, 1038, 1038, 1, 6.25%, 0, 0, 2, 777.39
1573376411, 0, 0, 1039, 1039, 1, 6.26%, 0, 0, 2, 775.21
1573376416, 0, 0, 1040, 1040, 1, 6.26%, 0, 0, 2, 774.26
1573376426, 0, 0, 1041, 1041, 1, 6.30%, 0, 0, 2, 776.56
1573376436, 0, 0, 1043, 1043, 1, 6.30%, 0, 0, 2, 775.85
1573376441, 0, 0, 1045, 1045, 1, 6.32%, 0, 0, 2, 772.59
1573376447, 0, 0, 1047, 1047, 1, 6.33%, 0, 0, 2, 774.89
1573376452, 0, 0, 1049, 1049, 1, 6.33%, 0, 0, 2, 774.52
1573376472, 0, 0, 1050, 1050, 1, 6.33%, 0, 0, 2, 774.83
1573376513, 0, 0, 1052, 1052, 1, 6.34%, 0, 0, 2, 770.38
1573376518, 0, 0, 1053, 1053, 1, 6.34%, 0, 0, 2, 773.27
1573376523, 0, 0, 1054, 1054, 1, 6.34%, 0, 0, 2, 775.03
1573376534, 0, 0, 1056, 1056, 1, 6.34%, 0, 0, 2, 763.87
1573376549, 0, 0, 1057, 1057, 1, 6.34%, 0, 0, 2, 759.12
1573376580, 0, 0, 1063, 1063, 1, 6.36%, 0, 0, 2, 673.47
1573376585, 0, 0, 1071, 1071, 1, 6.37%, 0, 0, 2, 904.46
1573376590, 0, 0, 1088, 1088, 1, 6.45%, 0, 0, 2, 1333.54
1573376595, 0, 0, 1094, 1094, 1, 6.45%, 0, 0, 2, 775.78
1573376600, 0, 0, 1105, 1105, 1, 6.47%, 0, 0, 2, 667.60
1573376606, 0, 0, 1108, 1108, 1, 6.47%, 0, 0, 2, 1276.72
1573376611, 0, 0, 1110, 1110, 1, 6.47%, 0, 0, 2, 1058.17
1573376616, 0, 0, 1119, 1119, 1, 6.47%, 0, 0, 2, 640.02
1573376621, 0, 0, 1124, 1124, 1, 6.48%, 0, 0, 2, 134.66
1573376631, 0, 0, 1125, 1125, 1, 6.48%, 0, 0, 2, 809.33
1573376636, 0, 0, 1129, 1129, 1, 6.48%, 0, 0, 2, 1402.91
1573376641, 0, 0, 1133, 1133, 1, 6.48%, 0, 0, 2, 1416.91
1573376646, 0, 0, 1134, 1134, 1, 6.48%, 0, 0, 2, 69.91
1573376652, 0, 0, 1169, 1169, 1, 6.50%, 0, 0, 2, 1090.98
1573376657, 0, 0, 1177, 1177, 1, 6.50%, 0, 0, 2, 1129.51
1573376672, 0, 0, 1179, 1179, 1, 6.51%, 0, 0, 2, 764.96
1573376687, 0, 0, 1180, 1180, 1, 6.51%, 0, 0, 2, 824.60
1573376692, 0, 0, 1181, 1181, 1, 6.51%, 0, 0, 2, 875.14
1573376713, 0, 0, 1182, 1182, 1, 6.51%, 0, 0, 2, 763.24
1573376723, 0, 0, 1183, 1183, 1, 6.52%, 0, 0, 2, 762.82
1573376760, 0, 0, 1185, 1185, 1, 6.52%, 0, 0, 2, 764.90
1573376770, 0, 0, 1189, 1189, 1, 6.52%, 0, 0, 2, 765.58
1573376775, 0, 0, 1190, 1190, 1, 6.52%, 0, 0, 2, 763.93
1573376796, 0, 0, 1193, 1193, 1, 6.52%, 0, 0, 2, 761.46
1573376801, 0, 0, 1194, 1194, 1, 6.52%, 0, 0, 2, 755.70
1573376806, 0, 0, 1195, 1195, 1, 6.52%, 0, 0, 2, 760.47
1573376832, 0, 0, 1196, 1196, 1, 6.52%, 0, 0, 2, 762.96
1573376842, 0, 0, 1197, 1197, 1, 6.52%, 0, 0, 2, 828.75
1573376848, 0, 0, 1199, 1199, 1, 6.52%, 0, 0, 2, 1276.20
1573376863, 0, 0, 1200, 1200, 1, 6.52%, 0, 0, 2, 49.54
1573376883, 0, 0, 1201, 1201, 1, 6.52%, 0, 0, 2, 2069.65
1573376899, 0, 0, 1202, 1202, 1, 6.52%, 0, 0, 2, 81.92
1573376930, 0, 0, 1203, 1203, 1, 6.52%, 0, 0, 2, 1213.12
1573376965, 0, 0, 1204, 1204, 1, 6.52%, 0, 0, 2, 765.35
1573377022, 0, 0, 1205, 1205, 1, 6.52%, 0, 0, 2, 761.73
1573377048, 0, 0, 1206, 1206, 1, 6.52%, 0, 0, 2, 766.57
1573377091, 0, 0, 1207, 1207, 1, 6.53%, 0, 0, 2, 125.32
1573377106, 0, 0, 1208, 1208, 1, 6.53%, 0, 0, 2, 1019.70
1573377122, 0, 0, 1214, 1214, 1, 6.54%, 0, 0, 2, 713.75
1573377127, 0, 0, 1219, 1219, 1, 6.55%, 0, 0, 2, 784.86
1573377178, 0, 0, 1220, 1220, 1, 6.55%, 0, 0, 2, 762.23
1573377194, 0, 0, 1223, 1223, 1, 6.55%, 0, 0, 2, 797.32
1573377199, 0, 0, 1233, 1233, 1, 6.55%, 0, 0, 2, 812.69
1573377204, 0, 0, 1235, 1235, 1, 6.56%, 0, 0, 2, 740.10
1573377209, 0, 0, 1244, 1244, 1, 6.59%, 0, 0, 2, 936.47
1573377343, 0, 0, 1251, 1251, 1, 6.60%, 0, 0, 2, 1069.00
1573377348, 0, 0, 1260, 1260, 1, 6.61%, 0, 0, 2, 839.79
1573377353, 0, 0, 1261, 1261, 1, 6.61%, 0, 0, 2, 851.49
1573377368, 0, 0, 1262, 1262, 1, 6.61%, 0, 0, 2, 843.96
1573377373, 0, 0, 1264, 1264, 1, 6.61%, 0, 0, 2, 907.21
1573377384, 0, 0, 1267, 1267, 1, 6.62%, 0, 0, 2, 768.97
1573377461, 0, 0, 1268, 1268, 1, 6.62%, 0, 0, 2, 1059.43
1573377466, 0, 0, 1269, 1269, 1, 6.62%, 0, 0, 2, 1018.60
1573377471, 0, 0, 1273, 1273, 1, 6.62%, 0, 0, 2, 778.72
1573377487, 0, 0, 1283, 1283, 1, 6.64%, 0, 0, 2, 918.88
1573377492, 0, 0, 1324, 1324, 1, 6.66%, 0, 0, 2, 1899.20
1573377497, 0, 0, 1350, 1350, 1, 6.67%, 0, 0, 2, 2019.89
1573377502, 0, 2, 1370, 1369, 333, 6.70%, 0, 0, 2, 2264.51
1573377507, 0, 2, 1383, 1382, 333, 6.74%, 0, 0, 3, 3127.47
1573377512, 0, 3, 1383, 1381, 341, 6.74%, 0, 0, 3, 3276.02
1573377517, 0, 6, 1384, 1380, 340, 6.76%, 0, 0, 3, 3295.01
1573377523, 0, 8, 1387, 1382, 339, 6.77%, 0, 0, 3, 3278.67
1573377667, 0, 8, 1388, 1383, 339, 6.77%, 0, 0, 3, 813.77
1573378013, 0, 8, 1389, 1384, 339, 6.77%, 0, 0, 3, 1123.09
1573378918, 0, 8, 1403, 1398, 339, 6.78%, 0, 0, 3, 1832.54
1573378923, 0, 8, 1418, 1413, 339, 6.78%, 0, 0, 3, 2138.99
1573378929, 0, 11, 1422, 1416, 336, 6.79%, 0, 0, 3, 2511.46
1573378939, 0, 11, 1424, 1418, 336, 6.79%, 0, 0, 3, 2578.00
1573378944, 0, 11, 1440, 1434, 336, 6.79%, 0, 0, 3, 2606.17
1573378949, 0, 11, 1452, 1446, 336, 6.79%, 0, 0, 3, 2616.27
1573378995, 0, 11, 1453, 1447, 336, 6.79%, 0, 0, 3, 2611.02
1573379001, 0, 11, 1456, 1450, 336, 6.79%, 0, 0, 3, 2613.62
1573379032, 0, 11, 1457, 1451, 336, 6.79%, 0, 0, 3, 2611.17
1573379052, 0, 11, 1459, 1453, 336, 6.79%, 0, 0, 3, 2700.76
1573379179, 0, 11, 1461, 1455, 336, 6.79%, 0, 0, 3, 2635.41
1573379210, 0, 11, 1462, 1456, 336, 6.79%, 0, 0, 3, 2662.07
1573379220, 0, 13, 1466, 1459, 336, 6.80%, 0, 0, 3, 2908.38
1573379225, 0, 13, 1468, 1461, 336, 6.80%, 0, 0, 3, 1270.20
1573379288, 0, 13, 1472, 1465, 336, 6.80%, 0, 0, 3, 838.15
1573379293, 0, 13, 1473, 1466, 336, 6.80%, 0, 0, 3, 724.40
1573379473, 0, 13, 1477, 1470, 336, 6.81%, 0, 0, 3, 915.13
1573380334, 0, 13, 1478, 1471, 336, 6.81%, 0, 0, 3, 899.54
1573380637, 0, 13, 1479, 1472, 336, 6.81%, 0, 0, 3, 1001.32
1573380642, 0, 13, 1483, 1476, 336, 6.81%, 0, 0, 3, 748.18
1573380668, 0, 13, 1493, 1486, 336, 6.82%, 0, 0, 3, 1779.47
1573380673, 0, 13, 1505, 1498, 336, 6.82%, 0, 0, 3, 2088.10
1573380678, 0, 13, 1514, 1507, 336, 6.82%, 0, 0, 3, 2191.06
1573380683, 0, 17, 1522, 1514, 340, 6.86%, 0, 0, 3, 1344.74
1573380730, 0, 17, 1524, 1516, 340, 6.86%, 0, 0, 3, 761.36
1573380745, 0, 17, 1527, 1519, 340, 6.86%, 0, 0, 3, 793.29
1573380750, 0, 17, 1528, 1520, 340, 6.86%, 0, 0, 3, 762.14
1573380756, 0, 17, 1529, 1521, 340, 6.86%, 0, 0, 3, 743.90
1573380761, 0, 17, 1531, 1523, 340, 6.86%, 0, 0, 3, 778.37
1573380833, 0, 17, 1532, 1524, 340, 6.87%, 0, 0, 3, 833.89
1573380931, 0, 17, 1533, 1525, 340, 6.87%, 0, 0, 3, 933.15
1573380936, 0, 17, 1535, 1527, 340, 6.87%, 0, 0, 3, 818.00
1573381746, 0, 17, 1541, 1533, 340, 6.89%, 0, 0, 3, 759.89
1573382116, 0, 17, 1552, 1544, 340, 6.95%, 0, 0, 3, 1885.19
1573382122, 0, 17, 1564, 1556, 340, 6.95%, 0, 0, 3, 2162.33
1573382127, 0, 23, 1571, 1562, 354, 6.95%, 0, 0, 3, 2610.87
1573382132, 0, 23, 1573, 1564, 354, 6.95%, 0, 0, 3, 2945.36
1573382137, 0, 23, 1576, 1567, 354, 6.95%, 0, 0, 3, 3019.39
1573382142, 0, 23, 1577, 1568, 354, 6.97%, 0, 0, 3, 3044.14
1573382152, 0, 23, 1578, 1569, 354, 6.97%, 0, 0, 3, 3021.71
1573382157, 0, 23, 1580, 1571, 354, 6.97%, 0, 0, 3, 3049.23
1573382234, 0, 23, 1583, 1574, 354, 6.97%, 0, 0, 3, 3102.06
1573382239, 0, 23, 1597, 1588, 354, 6.97%, 0, 0, 3, 3183.53
1573382244, 0, 69, 1604, 1594, 353, 6.98%, 0, 0, 3, 1986.79
1573382311, 0, 69, 1605, 1595, 353, 6.98%, 0, 0, 3, 773.68
1573382502, 0, 69, 1606, 1596, 353, 6.98%, 0, 0, 3, 778.71
1573382759, 0, 69, 1607, 1597, 353, 6.98%, 0, 0, 3, 1105.00
1573383519, 0, 69, 1608, 1598, 353, 6.98%, 0, 0, 3, 821.46
1573383684, 0, 75, 1609, 1598, 354, 6.98%, 0, 0, 3, 1330.64
1573383689, 0, 75, 1610, 1599, 354, 6.98%, 0, 0, 3, 920.17
1573383694, 0, 75, 1611, 1600, 354, 6.98%, 0, 0, 3, 829.38
1573383705, 0, 75, 1612, 1601, 354, 6.98%, 0, 0, 3, 764.88
1573383751, 0, 75, 1613, 1602, 354, 6.98%, 0, 0, 3, 821.57
1573384206, 0, 75, 1614, 1603, 354, 6.98%, 0, 0, 3, 632.64
1573384782, 0, 75, 1615, 1604, 354, 6.98%, 0, 0, 3, 749.26
1573385131, 0, 78, 1615, 1603, 354, 6.98%, 0, 0, 3, 1408.35
1573385199, 0, 78, 1616, 1604, 354, 6.98%, 0, 0, 3, 828.64
1573385385, 0, 78, 1617, 1605, 354, 6.99%, 0, 0, 3, 892.25
1573386580, 0, 101, 1617, 1604, 355, 6.99%, 0, 0, 3, 979.07
1573386585, 0, 101, 1618, 1605, 355, 6.99%, 0, 0, 3, 847.59
1573386642, 0, 101, 1619, 1606, 355, 6.99%, 0, 0, 3, 834.14
1573386647, 0, 101, 1620, 1607, 355, 6.99%, 0, 0, 3, 733.08
1573386668, 0, 101, 1621, 1608, 355, 6.99%, 0, 0, 3, 766.57
1573386803, 0, 101, 1622, 1609, 355, 6.99%, 0, 0, 3, 727.35
1573387066, 0, 101, 1623, 1610, 355, 6.99%, 0, 0, 3, 879.17
1573387077, 0, 101, 1624, 1611, 355, 6.99%, 0, 0, 3, 69.83
1573387087, 0, 101, 1626, 1613, 355, 6.99%, 0, 0, 3, 67.46
1573387988, 0, 101, 1627, 1614, 355, 6.99%, 0, 0, 3, 897.14
1573388029, 0, 103, 1627, 1613, 354, 6.99%, 0, 0, 3, 940.12
1573388034, 0, 103, 1628, 1614, 354, 6.99%, 0, 0, 3, 827.60
1573388091, 0, 103, 1631, 1617, 354, 6.99%, 0, 0, 3, 818.85
1573388107, 0, 103, 1632, 1618, 354, 6.99%, 0, 0, 3, 771.68
1573388272, 0, 103, 1633, 1619, 354, 6.99%, 0, 0, 3, 769.50
1573388287, 0, 103, 1634, 1620, 354, 7.00%, 0, 0, 3, 767.94
1573389472, 0, 106, 1636, 1621, 355, 7.00%, 0, 0, 3, 1458.49
1573389539, 0, 106, 1637, 1622, 355, 7.00%, 0, 0, 3, 825.89
1573389544, 0, 106, 1639, 1624, 355, 7.00%, 0, 0, 3, 729.32
1573389642, 0, 106, 1640, 1625, 355, 7.00%, 0, 0, 3, 767.73
1573389694, 0, 106, 1641, 1626, 355, 7.00%, 0, 0, 3, 754.91
1573389848, 0, 106, 1642, 1627, 355, 7.00%, 0, 0, 3, 761.73
1573390008, 0, 106, 1643, 1628, 355, 7.00%, 0, 0, 3, 237.32
1573390913, 0, 106, 1647, 1632, 355, 7.00%, 0, 0, 3, 1126.09
1573390918, 0, 106, 1653, 1638, 355, 7.00%, 0, 0, 3, 1940.64
1573390923, 0, 106, 1657, 1642, 355, 7.00%, 0, 0, 3, 2164.41
1573390928, 0, 109, 1657, 1641, 355, 7.00%, 0, 0, 3, 1351.20
1573390995, 0, 109, 1658, 1642, 355, 7.00%, 0, 0, 3, 765.18
1573391156, 0, 109, 1659, 1643, 355, 7.00%, 0, 0, 3, 785.28
1573391419, 0, 109, 1660, 1644, 355, 7.00%, 0, 0, 3, 1215.04
1573391440, 0, 109, 1661, 1645, 355, 7.00%, 0, 0, 3, 145.63
1573392371, 0, 115, 1662, 1645, 355, 7.00%, 0, 0, 3, 1441.26
1573392867, 0, 115, 1663, 1646, 355, 7.00%, 0, 0, 3, 1148.29
1573393813, 0, 118, 1663, 1645, 354, 7.00%, 0, 0, 3, 958.53
1573393875, 0, 118, 1664, 1646, 354, 7.00%, 0, 0, 3, 796.38
1573394056, 0, 118, 1665, 1647, 354, 7.00%, 0, 0, 3, 764.02
1573395236, 0, 122, 1665, 1646, 354, 7.00%, 0, 0, 3, 1072.31
1573395302, 0, 122, 1666, 1647, 354, 7.00%, 0, 0, 3, 780.08
1573395322, 0, 122, 1667, 1648, 354, 7.00%, 0, 0, 3, 787.47
1573395495, 0, 122, 1668, 1649, 354, 7.00%, 0, 0, 3, 782.71
1573396652, 0, 148, 1668, 1648, 355, 7.00%, 0, 0, 3, 1413.93
1573396663, 0, 148, 1669, 1649, 355, 7.01%, 0, 0, 3, 841.88
1573396718, 0, 148, 1670, 1650, 355, 7.01%, 0, 0, 3, 850.01
1573396871, 0, 148, 1671, 1651, 355, 7.01%, 0, 0, 3, 760.81
1573396987, 0, 148, 1672, 1652, 355, 7.01%, 0, 0, 3, 783.89
1573397134, 0, 148, 1673, 1653, 355, 7.01%, 0, 0, 3, 152.67
1573398069, 0, 152, 1673, 1652, 356, 7.01%, 0, 0, 3, 1211.91
1573398135, 0, 152, 1674, 1653, 356, 7.01%, 0, 0, 3, 802.18
1573399485, 0, 161, 1674, 1652, 355, 7.01%, 0, 0, 3, 1391.70
1573399551, 0, 161, 1676, 1654, 355, 7.01%, 0, 0, 3, 836.91
1573399556, 0, 161, 1679, 1657, 355, 7.01%, 0, 0, 3, 745.23
1573399759, 0, 161, 1680, 1658, 355, 7.01%, 0, 0, 3, 781.43
1573399931, 0, 161, 1681, 1659, 355, 7.01%, 0, 0, 3, 781.14
1573400576, 0, 161, 1682, 1660, 355, 7.01%, 0, 0, 3, 908.09
1573400900, 0, 162, 1682, 1659, 355, 7.01%, 0, 0, 3, 1343.30
1573400911, 0, 162, 1683, 1660, 355, 7.01%, 0, 0, 3, 832.95
1573402317, 0, 163, 1683, 1659, 355, 7.01%, 0, 0, 3, 1076.66
1573402378, 0, 163, 1684, 1660, 355, 7.01%, 0, 0, 3, 791.12
1573402383, 0, 163, 1685, 1661, 355, 7.01%, 0, 0, 3, 795.47
1573403729, 0, 164, 1685, 1660, 354, 7.01%, 0, 0, 3, 1177.87
1573403794, 0, 164, 1687, 1662, 354, 7.01%, 0, 0, 3, 806.58
1573405140, 0, 165, 1687, 1661, 354, 7.01%, 0, 0, 3, 1274.25
1573405150, 0, 165, 1688, 1662, 354, 7.01%, 0, 0, 3, 826.28
1573405358, 0, 165, 1689, 1663, 354, 7.01%, 0, 0, 3, 723.90
1573406232, 0, 165, 1690, 1664, 354, 7.01%, 0, 0, 3, 862.70
1573406557, 0, 173, 1690, 1663, 353, 7.01%, 0, 0, 3, 1244.96
1573406567, 0, 173, 1691, 1664, 353, 7.01%, 0, 0, 3, 815.76
1573406572, 0, 173, 1692, 1665, 353, 7.01%, 0, 0, 3, 780.10
1573406716, 0, 173, 1693, 1666, 353, 7.01%, 0, 0, 3, 811.02
1573407577, 0, 173, 1694, 1667, 353, 7.01%, 0, 0, 3, 784.22
1573407848, 0, 173, 1695, 1668, 353, 7.01%, 0, 0, 3, 898.88
1573408001, 0, 178, 1695, 1667, 353, 7.01%, 0, 0, 3, 967.53
1573408006, 0, 178, 1696, 1668, 353, 7.01%, 0, 0, 3, 844.07
1573409441, 0, 181, 1696, 1667, 352, 7.01%, 0, 0, 3, 1221.28
1573409451, 0, 181, 1697, 1668, 352, 7.01%, 0, 0, 3, 812.11
1573409980, 0, 181, 1698, 1669, 352, 7.01%, 0, 0, 3, 1091.43
1573410886, 0, 184, 1698, 1668, 352, 7.01%, 0, 0, 3, 945.34
1573410891, 0, 184, 1699, 1669, 352, 7.01%, 0, 0, 3, 831.39
1573410952, 0, 184, 1700, 1670, 352, 7.01%, 0, 0, 3, 761.67
1573410958, 0, 184, 1701, 1671, 352, 7.01%, 0, 0, 3, 796.78
1573411044, 0, 184, 1702, 1672, 352, 7.01%, 0, 0, 3, 792.35
1573411372, 0, 184, 1703, 1673, 352, 7.01%, 0, 0, 3, 182.29
1573411629, 0, 184, 1704, 1674, 352, 7.01%, 0, 0, 3, 49.55
1573412325, 0, 189, 1704, 1673, 351, 7.01%, 0, 0, 3, 1362.03
1573413770, 0, 192, 1704, 1672, 350, 7.01%, 0, 0, 3, 1386.67
1573414353, 0, 192, 1705, 1673, 350, 7.02%, 0, 0, 3, 893.16
1573415213, 0, 193, 1705, 1672, 349, 7.02%, 0, 0, 3, 2247.70
1573415233, 0, 193, 1706, 1673, 349, 7.02%, 0, 0, 3, 2627.77
1573415285, 0, 193, 1707, 1674, 349, 7.02%, 0, 0, 3, 2647.20
1573415336, 0, 193, 1708, 1675, 349, 7.02%, 0, 0, 3, 2679.24
1573415428, 0, 193, 1709, 1676, 349, 7.02%, 0, 0, 3, 2631.29
1573415500, 0, 194, 1709, 1675, 349, 7.02%, 0, 0, 3, 2678.57
1573415782, 0, 195, 1710, 1675, 347, 7.02%, 0, 0, 3, 2772.98
1573415802, 0, 195, 1711, 1676, 347, 7.02%, 0, 0, 3, 2640.36
1573416068, 0, 196, 1711, 1675, 346, 7.02%, 0, 0, 3, 1894.92
1573416135, 0, 196, 1712, 1676, 346, 7.03%, 0, 0, 3, 810.10
1573417508, 0, 196, 1713, 1677, 346, 7.03%, 0, 0, 3, 884.82
1573417513, 0, 197, 1714, 1677, 345, 7.03%, 0, 0, 3, 2013.89
1573417518, 0, 197, 1715, 1678, 345, 7.03%, 0, 0, 3, 2499.23
1573417799, 0, 202, 1715, 1677, 344, 7.03%, 0, 0, 3, 1618.00
1573417805, 0, 202, 1716, 1678, 344, 7.03%, 0, 0, 3, 975.86
1573417866, 0, 202, 1723, 1685, 344, 7.03%, 0, 0, 3, 756.85
1573418021, 0, 202, 1724, 1686, 344, 7.03%, 0, 0, 3, 733.00
1573418036, 0, 202, 1725, 1687, 344, 7.03%, 0, 0, 3, 754.89
1573418299, 0, 202, 1726, 1688, 344, 7.03%, 0, 0, 3, 1399.66
1573418309, 0, 202, 1727, 1689, 344, 7.03%, 0, 0, 3, 1454.23
1573418355, 0, 202, 1728, 1690, 344, 7.03%, 0, 0, 3, 1098.24
1573418828, 0, 202, 1729, 1691, 344, 7.03%, 0, 0, 3, 819.07
1573418906, 0, 202, 1730, 1692, 344, 7.03%, 0, 0, 3, 786.01
1573418916, 0, 202, 1732, 1694, 344, 7.03%, 0, 0, 3, 880.81
1573419229, 0, 202, 1733, 1695, 344, 7.03%, 0, 0, 3, 799.01
1573419255, 0, 209, 1733, 1694, 345, 7.03%, 0, 0, 3, 1385.68
1573419326, 0, 209, 1734, 1695, 345, 7.03%, 0, 0, 3, 727.96
1573420351, 0, 209, 1735, 1696, 345, 7.03%, 0, 0, 3, 886.81
1573420509, 0, 209, 1736, 1697, 345, 7.03%, 0, 0, 3, 807.51
1573420703, 0, 212, 1736, 1696, 344, 7.03%, 0, 0, 3, 1076.50
1573420713, 0, 212, 1738, 1698, 344, 7.03%, 0, 0, 3, 792.47
1573420769, 0, 212, 1743, 1703, 344, 7.03%, 0, 0, 3, 775.83
1573420841, 0, 212, 1744, 1704, 344, 7.03%, 0, 0, 3, 810.39
1573420994, 0, 212, 1745, 1705, 344, 7.03%, 0, 0, 3, 800.34
1573421194, 0, 212, 1746, 1706, 344, 7.03%, 0, 0, 3, 1485.65
1573422151, 0, 217, 1746, 1705, 344, 7.03%, 0, 0, 3, 1124.24
1573422166, 0, 217, 1747, 1706, 344, 7.03%, 0, 0, 3, 770.73
1573423596, 0, 219, 1747, 1705, 343, 7.03%, 0, 0, 3, 1237.34
1573423606, 0, 219, 1748, 1706, 343, 7.03%, 0, 0, 3, 802.55
1573423688, 0, 219, 1749, 1707, 343, 7.03%, 0, 0, 3, 764.30
1573424114, 0, 219, 1750, 1708, 343, 7.03%, 0, 0, 3, 170.45
1573425042, 0, 219, 1751, 1709, 343, 7.03%, 0, 0, 3, 1086.54
1573425048, 0, 224, 1751, 1708, 342, 7.03%, 0, 0, 3, 2369.19
1573425068, 0, 224, 1752, 1709, 342, 7.03%, 0, 0, 3, 2622.92
1573425350, 0, 229, 1752, 1708, 343, 7.03%, 0, 0, 3, 2759.21
1573425365, 0, 229, 1753, 1709, 343, 7.03%, 0, 0, 3, 801.92
1573426798, 0, 237, 1753, 1708, 343, 7.03%, 0, 0, 3, 1328.25
1573426813, 0, 237, 1754, 1709, 343, 7.03%, 0, 0, 3, 773.16
1573426870, 0, 237, 1755, 1710, 343, 7.03%, 0, 0, 3, 739.41
1573427029, 0, 237, 1756, 1711, 343, 7.03%, 0, 0, 3, 778.66
1573427902, 0, 237, 1757, 1712, 343, 7.03%, 0, 0, 3, 888.78
1573428250, 0, 237, 1758, 1713, 343, 7.04%, 0, 0, 3, 927.11
1573428255, 0, 240, 1760, 1714, 345, 7.04%, 0, 0, 3, 1248.41
1573428496, 0, 240, 1761, 1715, 345, 7.04%, 0, 0, 3, 758.56
1573428563, 0, 240, 1762, 1716, 345, 7.04%, 0, 0, 3, 763.89
1573429705, 0, 244, 1762, 1715, 345, 7.04%, 0, 0, 3, 1208.61
1573429715, 0, 244, 1763, 1716, 345, 7.04%, 0, 0, 3, 805.97
1573429721, 0, 244, 1764, 1717, 345, 7.05%, 0, 0, 3, 772.96
1573429726, 0, 244, 1765, 1718, 345, 7.05%, 0, 0, 3, 769.73
1573429772, 0, 244, 1766, 1719, 345, 7.05%, 0, 0, 3, 802.62
1573429777, 0, 244, 1767, 1720, 345, 7.05%, 0, 0, 3, 700.95
1573429849, 0, 244, 1768, 1721, 345, 7.05%, 0, 0, 3, 806.13
1573429869, 0, 244, 1769, 1722, 345, 7.07%, 0, 0, 3, 773.56
1573430018, 0, 244, 1772, 1725, 345, 7.09%, 0, 0, 3, 759.35
1573431014, 0, 244, 1773, 1726, 345, 7.09%, 0, 0, 3, 770.79
1573431157, 0, 246, 1773, 1725, 349, 7.09%, 0, 0, 3, 1466.99
1573431162, 0, 246, 1774, 1726, 349, 7.09%, 0, 0, 3, 923.76
1573431168, 0, 246, 1775, 1727, 349, 7.09%, 0, 0, 3, 829.47
1573431173, 0, 246, 1777, 1729, 349, 7.09%, 0, 0, 3, 780.60
1573431224, 0, 246, 1778, 1730, 349, 7.09%, 0, 0, 3, 825.73
1573431250, 0, 246, 1779, 1731, 349, 7.10%, 0, 0, 3, 776.02
1573431321, 0, 246, 1780, 1732, 349, 7.10%, 0, 0, 3, 791.64
1573431475, 0, 246, 1781, 1733, 349, 7.10%, 0, 0, 3, 768.75
1573431659, 0, 246, 1782, 1734, 349, 7.10%, 0, 0, 3, 102.10
1573432612, 0, 255, 1783, 1734, 350, 7.10%, 0, 0, 3, 1025.49
1573432628, 0, 255, 1784, 1735, 350, 7.10%, 0, 0, 3, 762.43
1573433156, 0, 255, 1785, 1736, 350, 7.10%, 0, 0, 3, 77.97
1573434064, 0, 257, 1785, 1735, 351, 7.10%, 0, 0, 3, 1131.65
1573434079, 0, 257, 1786, 1736, 351, 7.10%, 0, 0, 3, 768.29
1573435515, 0, 259, 1787, 1736, 350, 7.10%, 0, 0, 3, 1125.34
1573435530, 0, 259, 1788, 1737, 350, 7.10%, 0, 0, 3, 773.70
1573436964, 0, 260, 1788, 1736, 349, 7.10%, 0, 0, 3, 1364.96
1573437030, 0, 260, 1789, 1737, 349, 7.10%, 0, 0, 3, 822.04
1573438418, 0, 265, 1790, 1737, 349, 7.10%, 0, 0, 3, 1011.29
1573438480, 0, 265, 1791, 1738, 349, 7.10%, 0, 0, 3, 791.47
1573438638, 0, 265, 1792, 1739, 349, 7.10%, 0, 0, 3, 727.04
1573438761, 0, 265, 1793, 1740, 349, 7.11%, 0, 0, 3, 767.20
1573438955, 0, 265, 1794, 1741, 349, 7.11%, 0, 0, 3, 1239.05
1573439866, 0, 265, 1796, 1743, 349, 7.11%, 0, 0, 3, 1214.61
1573439871, 0, 266, 1796, 1742, 350, 7.11%, 0, 0, 3, 1000.43
1573439933, 0, 266, 1797, 1743, 350, 7.11%, 0, 0, 3, 835.36
1573439953, 0, 266, 1798, 1744, 350, 7.11%, 0, 0, 3, 799.70
1573439963, 0, 266, 1800, 1746, 350, 7.11%, 0, 0, 3, 766.89
1573440491, 0, 266, 1801, 1747, 350, 7.12%, 0, 0, 3, 765.99
1573441321, 0, 267, 1801, 1746, 350, 7.12%, 0, 0, 3, 978.96
1573441382, 0, 267, 1802, 1747, 350, 7.12%, 0, 0, 3, 784.01
1573441443, 0, 267, 1803, 1748, 350, 7.12%, 0, 0, 3, 763.25
1573441490, 0, 267, 1804, 1749, 350, 7.12%, 0, 0, 3, 761.96
1573442771, 0, 268, 1805, 1749, 351, 7.12%, 0, 0, 3, 1185.42
1573442781, 0, 268, 1806, 1750, 351, 7.12%, 0, 0, 3, 832.23
1573442791, 0, 268, 1807, 1751, 351, 7.12%, 0, 0, 3, 766.72
1573444226, 0, 315, 1808, 1751, 351, 7.12%, 0, 0, 3, 1246.65
1573444277, 0, 315, 1812, 1755, 351, 7.12%, 0, 0, 3, 765.74
1573444303, 0, 315, 1813, 1756, 351, 7.12%, 0, 0, 3, 790.14
1573444446, 0, 315, 1814, 1757, 351, 7.12%, 0, 0, 3, 775.53
1573444451, 0, 315, 1815, 1758, 351, 7.12%, 0, 0, 3, 737.41
1573444651, 0, 315, 1816, 1759, 351, 7.12%, 0, 0, 3, 766.70
1573444738, 0, 315, 1817, 1760, 351, 7.12%, 0, 0, 3, 119.49
1573444758, 0, 315, 1818, 1761, 351, 7.12%, 0, 0, 3, 1478.29
1573444784, 0, 315, 1819, 1762, 351, 7.12%, 0, 0, 3, 1156.84
1573445679, 0, 318, 1820, 1762, 351, 7.12%, 0, 0, 3, 1002.86
1573445746, 0, 318, 1821, 1763, 351, 7.12%, 0, 0, 3, 759.29
1573445828, 0, 318, 1822, 1764, 351, 7.12%, 0, 0, 3, 841.56
1573446110, 0, 318, 1823, 1765, 351, 7.12%, 0, 0, 3, 767.82
1573446192, 0, 318, 1824, 1766, 351, 7.12%, 0, 0, 3, 74.73
1573447100, 0, 318, 1825, 1767, 351, 7.12%, 0, 0, 3, 912.08
1573447130, 0, 395, 1827, 1768, 352, 7.12%, 0, 0, 3, 1245.13
1573447197, 0, 395, 1830, 1771, 352, 7.12%, 0, 0, 3, 796.93
1573447202, 0, 395, 1832, 1773, 352, 7.12%, 0, 0, 3, 717.79
1573447274, 0, 395, 1833, 1774, 352, 7.12%, 0, 0, 3, 797.51
1573447627, 0, 395, 1834, 1775, 352, 7.12%, 0, 0, 3, 202.35
1573448585, 0, 395, 1837, 1778, 352, 7.13%, 0, 0, 3, 1284.12
1573448590, 0, 395, 1841, 1782, 352, 7.13%, 0, 0, 3, 2024.59
1573448595, 0, 401, 1846, 1786, 352, 7.13%, 0, 0, 3, 2831.12
1573448651, 0, 401, 1848, 1788, 352, 7.13%, 0, 0, 3, 3071.14
1573448712, 0, 402, 1848, 1787, 351, 7.13%, 0, 0, 3, 2925.55
1573448738, 0, 402, 1849, 1788, 351, 7.13%, 0, 0, 3, 775.21
1573448778, 0, 402, 1855, 1794, 351, 7.13%, 0, 0, 3, 841.11
1573448783, 0, 402, 1856, 1795, 351, 7.13%, 0, 0, 3, 739.63
1573448788, 0, 402, 1857, 1796, 351, 7.13%, 0, 0, 3, 813.08
1573450150, 0, 405, 1857, 1795, 352, 7.13%, 0, 0, 3, 1120.20
1573450216, 0, 405, 1859, 1797, 352, 7.13%, 0, 0, 3, 800.45
1573450627, 0, 405, 1860, 1798, 352, 7.13%, 0, 0, 3, 1235.77
1573450637, 0, 405, 1861, 1799, 352, 7.13%, 0, 0, 3, 1479.26
1573451573, 0, 405, 1869, 1807, 352, 7.13%, 0, 0, 3, 1903.99
1573451578, 0, 411, 1871, 1808, 352, 7.13%, 0, 0, 3, 2521.26
1573451696, 0, 420, 1871, 1807, 351, 7.13%, 0, 0, 3, 2709.07
1573451761, 0, 420, 1875, 1811, 351, 7.13%, 0, 0, 3, 834.19
1573451766, 0, 420, 1876, 1812, 351, 7.13%, 0, 0, 3, 724.73
1573453124, 0, 450, 1879, 1814, 351, 7.18%, 0, 0, 3, 1286.14
1573453175, 0, 450, 1880, 1815, 351, 7.18%, 0, 0, 3, 766.74
1573453190, 0, 450, 1889, 1824, 351, 7.18%, 0, 0, 3, 742.70
1573453195, 0, 450, 1891, 1826, 351, 7.18%, 0, 0, 3, 701.15
1573453200, 0, 450, 1895, 1830, 351, 7.18%, 0, 0, 3, 813.96
1573453267, 0, 450, 1899, 1834, 351, 7.19%, 0, 0, 3, 767.43
1573453272, 0, 450, 1900, 1835, 351, 7.19%, 0, 0, 3, 742.41
1573453277, 0, 450, 1901, 1836, 351, 7.19%, 0, 0, 3, 813.28
1573453354, 0, 450, 1902, 1837, 351, 7.19%, 0, 0, 3, 781.94
1573453625, 0, 450, 1904, 1839, 351, 7.21%, 0, 0, 3, 1217.29
1573453687, 0, 450, 1908, 1843, 351, 7.21%, 0, 0, 3, 1069.27
1573453908, 0, 450, 1909, 1844, 351, 7.21%, 0, 0, 3, 1672.69
1573454636, 0, 450, 1910, 1845, 351, 7.21%, 0, 0, 3, 740.28
1573454641, 0, 450, 1911, 1846, 351, 7.21%, 0, 0, 3, 763.35
1573454676, 0, 453, 1912, 1846, 357, 7.21%, 0, 0, 3, 933.65
1573454717, 0, 453, 1913, 1847, 357, 7.21%, 0, 0, 3, 734.85
1573454743, 0, 453, 1916, 1850, 357, 7.21%, 0, 0, 3, 746.32
1573454748, 0, 453, 1917, 1851, 357, 7.21%, 0, 0, 3, 692.68
1573454825, 0, 453, 1918, 1852, 357, 7.21%, 0, 0, 3, 739.71
1573454836, 0, 453, 1919, 1853, 357, 7.21%, 0, 0, 3, 759.05
1573454933, 0, 453, 1920, 1854, 357, 7.21%, 0, 0, 3, 842.23
1573455458, 0, 453, 1921, 1855, 357, 7.21%, 0, 0, 3, 1674.37
1573455982, 0, 453, 1922, 1856, 357, 7.21%, 0, 0, 3, 925.69
1573456202, 0, 459, 1922, 1855, 358, 7.21%, 0, 0, 3, 1097.58
1573456207, 0, 459, 1924, 1857, 358, 7.21%, 0, 0, 3, 789.05
1573456284, 0, 459, 1926, 1859, 358, 7.21%, 0, 0, 3, 757.36
1573456289, 0, 459, 1927, 1860, 358, 7.21%, 0, 0, 3, 713.47
1573456365, 0, 459, 1928, 1861, 358, 7.21%, 0, 0, 3, 777.27
1573456371, 0, 459, 1931, 1864, 358, 7.21%, 0, 0, 3, 716.73
1573456463, 0, 459, 1932, 1865, 358, 7.21%, 0, 0, 3, 700.27
1573456483, 0, 459, 1934, 1867, 358, 7.21%, 0, 0, 3, 708.30
1573456733, 0, 459, 1935, 1868, 358, 7.21%, 0, 0, 3, 1310.26
1573457301, 0, 459, 1936, 1869, 358, 7.21%, 0, 0, 3, 753.36
1573457392, 0, 459, 1937, 1870, 358, 7.21%, 0, 0, 3, 973.78
1573457770, 0, 459, 1938, 1871, 358, 7.21%, 0, 0, 3, 817.13
1573457806, 0, 467, 1938, 1870, 359, 7.21%, 0, 0, 3, 1175.60
1573457876, 0, 467, 1940, 1872, 359, 7.21%, 0, 0, 3, 748.70
1573457953, 0, 467, 1941, 1873, 359, 7.21%, 0, 0, 3, 819.33
1573458320, 0, 467, 1944, 1876, 359, 7.21%, 0, 0, 3, 1409.39
1573458643, 0, 467, 1945, 1877, 359, 7.21%, 0, 0, 3, 1652.75
1573459103, 0, 467, 1946, 1878, 359, 7.21%, 0, 0, 3, 1175.81
1573459365, 0, 468, 1947, 1878, 358, 7.21%, 0, 0, 3, 2089.89
1573459483, 0, 468, 1948, 1879, 358, 7.21%, 0, 0, 3, 2527.00
1573459677, 0, 469, 1948, 1878, 357, 7.21%, 0, 0, 3, 2630.14
1573459795, 0, 469, 1949, 1879, 357, 7.21%, 0, 0, 3, 2476.32
1573459913, 0, 469, 1950, 1880, 357, 7.21%, 0, 0, 3, 2495.65
1573459995, 0, 471, 1950, 1879, 355, 7.21%, 0, 0, 3, 1783.43
1573460066, 0, 471, 1951, 1880, 355, 7.22%, 0, 0, 3, 718.85
1573460071, 0, 471, 1952, 1881, 355, 7.22%, 0, 0, 3, 751.79
1573460143, 0, 471, 1953, 1882, 355, 7.22%, 0, 0, 3, 758.51
1573460499, 0, 471, 1954, 1883, 355, 7.22%, 0, 0, 3, 1109.63
1573461506, 0, 478, 1955, 1883, 356, 7.22%, 0, 0, 3, 2117.05
1573461819, 0, 481, 1955, 1882, 356, 7.22%, 0, 0, 3, 1498.72
1573461891, 0, 481, 1958, 1885, 356, 7.22%, 0, 0, 3, 723.53
1573461901, 0, 481, 1959, 1886, 356, 7.22%, 0, 0, 3, 725.11
1573462086, 0, 481, 1960, 1887, 356, 7.22%, 0, 0, 3, 835.85
